20000.0
20000.0
20000.0
20000.0
20000.0
20000.0
20000.0
20000.0
20000.0
20000.0
20000.0
20000.0
20000.0
20000.0
20000.0
20000.0
20000.0
20000.0
20000.0
20000.0
20000.0
20000.0
19999.892578125
20000.0
20000.0
19999.953125
20000.0
20000.0
20000.0
20000.0
20000.0
20000.0
20000.0
20000.0
20000.0
20000.0
20000.0
20000.0
19943.056640625
19227.599609375
18513.18359375
17864.658203125
17133.310546875
16491.314453125
15945.7548828125
15398.4541015625
14924.2294921875
14493.1396484375
14116.4921875
13805.1064453125
13512.4638671875
13247.830078125
12992.58984375
12755.0087890625
12563.2138671875
12367.73046875
12185.6240234375
11998.7568359375
11822.0625
11643.5634765625
11469.7255859375
11306.580078125
11144.3193359375
10997.4970703125
10853.0732421875
10712.921875
10590.8076171875
10463.029296875
10346.36328125
10232.1845703125
10126.0458984375
10019.458984375
9917.5400390625
9822.1943359375
9726.619140625
9636.154296875
9544.2333984375
9453.474609375
9372.798828125
9282.21484375
9192.7724609375
9099.830078125
9010.2158203125
8921.349609375
8838.6083984375
8763.884765625
8690.9326171875
8617.2890625
8524.515625
8379.7939453125
8250.765625
8116.54248046875
7993.23486328125
7872.1298828125
7760.49365234375
7650.1337890625
7542.93017578125
7440.984375
7336.95703125
7238.60498046875
7141.36328125
7046.01171875
6959.94287109375
6868.1591796875
6781.939453125
6694.53955078125
6611.05712890625
6525.4716796875
6441.0732421875
6360.3779296875
6277.6640625
6198.373046875
6118.052734375
6039.9189453125
5971.22900390625
5896.4169921875
5824.52587890625
5750.4560546875
5679.0556640625
5605.86669921875
5533.49267578125
5464.39501953125
5395.02490234375
5329.04150390625
5261.5654296875
