25400.0
25399.978515625
24890.4765625
25254.265625
24418.552734375
23561.5625
23438.8125
23511.072265625
23695.640625
24225.888671875
24742.017578125
24950.90625
25028.669921875
25068.427734375
25095.751953125
25115.37109375
25143.412109375
25168.8984375
25492.1875
27026.505859375
32743.1875
42144.78125
50772.890625
55622.18359375
59937.0234375
64697.44140625
69319.796875
73919.5
77823.0390625
81058.625
84759.03125
88449.53125
92385.1171875
96018.8359375
99249.2421875
101842.84375
102885.8515625
103500.2578125
104477.234375
105235.5
105805.0625
106241.1640625
106670.46875
106910.125
107052.046875
107044.59375
107102.9453125
107207.0
107334.328125
107419.7421875
107443.3828125
107572.5859375
107808.875
108017.234375
108173.3828125
108245.78125
108241.25
108168.9296875
108051.953125
107925.75
107768.71875
107496.2265625
107275.5390625
107252.078125
107371.3828125
107421.0
107423.71875
107358.5078125
107230.7265625
107073.640625
106897.4296875
106725.53125
106547.5859375
106343.7578125
106180.75
106127.484375
106154.53125
106202.4609375
106242.4921875
106257.7109375
106367.46875
106420.40625
106377.921875
106285.5859375
106210.3125
106182.8984375
106046.2734375
105904.1875
105764.078125
105649.453125
105525.2734375
105401.640625
105269.0859375
105136.25
105107.5234375
105071.546875
104971.2578125
104811.203125
104676.390625
104604.359375
104557.2578125
104520.0703125
104503.7265625
104514.1796875
104571.2265625
104659.6875
104765.7265625
104897.3125
105122.6875
105364.328125
105615.9921875
105886.2578125
106167.546875
106436.5546875
106732.640625
107005.8125
107274.5546875
107542.0234375
107836.6796875
108133.46875
108407.0
108605.0625
108777.15625
108969.8984375
