25400.0
25263.552734375
25248.671875
25517.423828125
24663.111328125
23582.775390625
22972.650390625
22945.4453125
24107.201171875
24603.580078125
24715.392578125
24740.265625
24771.390625
24807.48828125
24844.203125
24880.05859375
24913.73828125
24944.392578125
24970.322265625
24993.546875
25008.810546875
25021.669921875
25061.720703125
25326.955078125
26436.892578125
30007.654296875
36932.36328125
44717.00390625
51395.3359375
55626.15234375
58722.171875
61847.09765625
65158.90234375
68927.2265625
72365.3671875
75853.2421875
78014.1796875
79332.640625
80604.53125
81825.4296875
83149.65625
84474.4609375
85708.953125
86933.609375
88059.765625
89178.6953125
90200.8828125
91080.609375
91812.2421875
92559.109375
93294.2734375
94204.2421875
95123.421875
95913.2734375
96535.0
97159.2890625
97735.0
98235.484375
98633.515625
98986.125
99255.4921875
99477.671875
99726.796875
100002.125
100345.5234375
100691.4140625
100974.7109375
101241.9375
101466.203125
101671.2109375
101879.9609375
102169.5625
102549.640625
102900.765625
103212.234375
103453.7734375
103676.3515625
103881.609375
104042.953125
104197.671875
104326.7109375
104429.0
104494.703125
104577.7734375
104789.0078125
104894.796875
104991.6875
105080.4140625
105183.0390625
105233.0
105233.0234375
105196.234375
105141.6328125
105075.71875
105003.75
104923.2265625
104829.2890625
104731.875
104621.2421875
104499.28125
104371.9765625
104284.2421875
104203.890625
104085.484375
103951.0546875
103898.6875
103915.7265625
103978.078125
104048.3046875
104111.8671875
104170.671875
104221.3359375
104265.1328125
104298.9375
104322.71875
104340.671875
104349.9296875
104347.75
104337.390625
104319.6953125
104307.3046875
104295.9453125
104276.5390625
104246.0390625
104207.890625
