25400.0
25400.0
25400.0
25400.0
25400.0
25400.0
25400.0
25400.0
25400.0
25400.0
25400.0
25400.0
25400.0
25400.0
25400.0
25400.0
25400.0
25400.0
25400.0
25400.0
25400.0
29213.818359375
44934.19921875
60920.27734375
75783.4921875
88534.9453125
98965.53125
108411.8515625
116942.34375
123347.140625
128924.15625
133576.890625
137143.109375
139886.53125
142306.28125
144147.796875
145489.171875
146665.65625
147565.59375
148286.296875
148975.09375
151859.484375
154008.6875
153485.671875
153614.5
157438.546875
162703.34375
168460.1875
164583.453125
162357.03125
161538.78125
160705.578125
159345.1875
157989.140625
156257.34375
154441.109375
152448.96875
150464.203125
148356.65625
146231.78125
144249.34375
142238.796875
140397.640625
138595.90625
136893.5625
135413.71875
133776.109375
132286.609375
130835.109375
129503.1484375
128220.2265625
126996.8125
125828.6015625
124672.6796875
123594.25
122518.6328125
121482.4609375
120578.25
119616.9453125
118726.4375
117856.9375
117053.84375
116262.8828125
115505.7109375
114805.7890625
114117.6171875
113483.7578125
112868.7421875
112279.84375
111774.265625
111245.1953125
110762.6875
110292.890625
109861.765625
109443.8359375
109052.546875
108697.6796875
108352.359375
108036.4765625
107728.1875
107439.5078125
107196.15625
106943.9375
106742.5234375
106549.8203125
106377.4296875
106211.46875
106056.9453125
105930.734375
105821.34375
105722.5234375
105628.390625
105541.4296875
105470.421875
105400.421875
105339.2734375
105289.25
105252.6953125
105227.453125
105213.2734375
105185.328125
105152.421875
105125.828125
105100.0859375
