25400.0
25400.0
25126.365234375
24630.76171875
24753.111328125
24726.583984375
24720.0390625
24722.39453125
24727.41015625
24732.78515625
24738.1328125
24743.259765625
24749.51171875
24753.849609375
24758.412109375
25759.14453125
36125.9609375
50378.13671875
68848.8203125
85492.1640625
100657.53125
114419.1328125
124695.328125
131067.875
134027.640625
131181.28125
128480.375
125838.5234375
123514.1015625
121473.390625
119292.4765625
117347.03125
115497.4296875
113891.46875
112397.5234375
111050.3359375
109786.2265625
108550.4140625
107469.7265625
106461.0234375
105570.71875
104834.0625
104076.2109375
103366.3046875
102736.7265625
102272.0859375
101957.625
101787.9375
101657.625
101576.3828125
101426.9375
101301.4609375
101273.2578125
101215.359375
101118.359375
101020.40625
100936.4765625
100926.6796875
100963.0625
101010.03125
101063.046875
101097.53125
101102.703125
101091.2890625
101087.265625
101104.78125
101174.84375
101305.3515625
101484.6484375
101694.1484375
101944.578125
102179.1171875
102395.96875
102620.5703125
102851.671875
103103.984375
103359.3671875
103578.3671875
103804.0078125
104007.6875
104213.2734375
104437.84375
104704.625
104991.0
105276.734375
105595.6796875
105961.5703125
106326.8671875
106670.875
106958.1171875
107250.5703125
107599.7109375
107956.3828125
108272.625
108544.3828125
108789.5390625
108995.203125
109184.53125
109343.8046875
109482.8203125
109588.625
109654.9375
109700.046875
109705.171875
109661.625
109563.9609375
109469.75
109383.2734375
109293.46875
109294.34375
109341.203125
109369.296875
109371.9921875
109351.0859375
109306.8671875
109247.5234375
109167.6328125
109076.0546875
108967.7734375
108843.2109375
108703.359375
108552.0078125
108427.59375
108302.828125
