25400.0
25400.0
25400.0
25400.0
25400.0
25400.0
25400.0
25400.0
25400.0
25400.0
25400.0
25400.0
25400.0
25400.0
25400.0
25400.0
25400.0
25400.0
25400.0
25400.0
25400.0
25400.0
25400.0
25400.0
25400.0
25400.0
38568.0859375
60533.39453125
79067.4296875
91173.3203125
103893.6953125
113592.71875
120443.4140625
125015.78125
127919.46875
129758.078125
132087.359375
134626.984375
136729.796875
139238.6875
141253.796875
138947.5625
136561.25
134369.109375
132184.15625
130152.015625
128151.0234375
126295.109375
124642.96875
123005.78125
121497.2421875
120070.2890625
118770.0546875
117694.3828125
116720.875
115616.546875
114484.40625
113454.65625
112465.078125
111542.46875
110706.375
109910.0390625
109221.9296875
108516.6328125
107837.84375
107279.796875
106697.21875
106199.15625
105848.234375
105526.0
105181.1328125
104901.3671875
104731.1484375
104806.0703125
104925.9609375
104964.875
105002.8046875
105087.8671875
105180.21875
105221.59375
105212.359375
105200.8671875
105206.5625
105285.96875
105408.765625
105557.2421875
105696.390625
105827.7265625
105948.1171875
106061.390625
106189.84375
106328.1796875
106490.6796875
106682.3828125
106914.4921875
107173.296875
107440.0546875
107730.890625
108030.859375
108354.2109375
108685.7890625
108988.640625
109325.1875
109649.6328125
109981.53125
110356.3125
110777.40625
111160.2734375
111494.2265625
111818.8515625
112123.828125
112436.6328125
112755.1484375
113046.4921875
113365.6484375
113663.75
113955.0859375
114220.171875
114481.6484375
114728.109375
114953.09375
115207.25
115443.3671875
115668.1328125
