25400.0
25400.0
25400.0
25400.0
25400.0
25400.0
25400.0
25400.0
25400.0
25400.0
25400.0
25400.0
25400.0
25400.0
25400.0
25400.0
25400.0
25400.0
25400.0
25400.0
25400.0
25400.0
25400.0
25400.0
25400.0
25400.0
25400.0
25645.216796875
40578.71875
55150.66015625
68691.0078125
78758.4296875
87223.71875
95116.1796875
102115.1171875
108276.7421875
113121.828125
117233.4453125
120768.0703125
123830.4609375
126323.6875
128251.640625
129997.1796875
131511.453125
133034.265625
134380.125
135596.46875
136624.484375
137411.640625
138188.796875
138900.640625
139281.546875
139331.9375
139206.90625
139220.265625
141809.421875
142664.78125
143036.796875
142758.15625
142322.5
146479.421875
146173.8125
142473.15625
139585.8125
137171.734375
135307.78125
133565.75
132085.6875
130755.609375
129677.8203125
128725.4375
127897.2421875
127148.5625
126475.203125
125874.078125
125278.46875
124660.1171875
124085.0234375
123475.03125
122922.234375
122382.5
121945.15625
121467.0234375
120968.671875
120471.609375
119942.296875
119441.359375
118935.4296875
118438.21875
117994.625
117531.78125
117124.5390625
116717.7578125
116335.53125
115957.390625
115606.8828125
115287.7734375
114972.9609375
114687.2109375
114413.703125
114158.3515625
113945.03125
113727.359375
113535.5234375
113355.515625
113223.796875
113139.9296875
113149.515625
113181.046875
113225.5703125
113251.796875
113265.1015625
113255.2421875
113184.921875
113036.265625
112869.421875
112698.40625
112535.90625
112411.6484375
112637.09375
112912.5546875
113134.7890625
113291.1796875
113401.5390625
