25400.0
24770.068359375
23617.32421875
22924.4140625
22885.48046875
23619.341796875
24547.220703125
25204.9296875
25204.9296875
25204.9296875
25204.9296875
25204.9296875
25204.9296875
25204.9296875
25204.9296875
25204.9296875
25204.9296875
25204.9296875
25204.9296875
25883.654296875
38109.48046875
50196.359375
56389.13671875
62287.0859375
66780.578125
70552.84375
73629.1875
76485.6171875
79046.734375
80983.90625
82824.1328125
84565.1640625
86352.2421875
88072.359375
89742.2421875
91320.4140625
92748.921875
94102.71875
95306.640625
96442.234375
97539.953125
98490.484375
99402.953125
100144.4765625
100821.5078125
101367.46875
101844.203125
102600.5859375
103503.109375
104342.15625
105047.3671875
105766.765625
106457.4609375
107091.578125
107735.4375
108247.234375
108669.6484375
109001.03125
109276.5
109473.90625
109664.5
109834.53125
109958.8984375
110044.6328125
110092.0625
110095.546875
110003.34375
109864.265625
109703.7890625
109540.859375
109369.28125
109193.328125
109018.0703125
108827.2109375
108637.40625
108429.0625
108221.421875
108041.9765625
107847.8046875
107689.6796875
107538.4609375
107380.1015625
107204.4296875
107025.640625
106854.1328125
106681.859375
106518.671875
106354.3359375
106191.2109375
106049.1171875
105899.515625
105762.8046875
105631.078125
105513.03125
105396.03125
105284.0703125
105179.484375
105074.6484375
104978.671875
104885.359375
104796.7734375
104719.3046875
104656.21875
104612.9921875
104572.859375
104531.046875
104482.53125
104428.640625
104372.46875
104309.4765625
104244.2265625
104171.78125
104095.78125
104065.34375
104102.625
104126.34375
104139.46875
104143.921875
104142.171875
104134.65625
104122.75
104106.3984375
104087.53125
104064.640625
