25400.0
25400.0
25399.974609375
24731.197265625
24663.322265625
24610.591796875
24529.546875
24497.3203125
24493.025390625
24494.6015625
24497.560546875
24500.98046875
24504.3671875
24507.5390625
24510.658203125
24513.568359375
24516.658203125
24520.48046875
24523.41796875
24527.80859375
24532.388671875
24537.580078125
24543.328125
24559.603515625
25483.275390625
34152.53515625
46726.859375
57271.87890625
66057.09375
73479.7734375
78966.921875
83890.3125
88204.6875
92370.5234375
96187.15625
99632.5234375
102664.8203125
105250.59375
107605.9296875
109836.984375
112247.5625
114596.921875
116625.0703125
118707.078125
118133.25
117420.7421875
116818.5390625
116213.0234375
115608.90625
115040.5625
114457.9140625
113949.5390625
113510.1484375
113041.6484375
112606.1484375
112114.5859375
111671.0390625
111240.7109375
110833.0703125
110445.578125
110146.578125
109864.8828125
109588.46875
109344.5
109109.265625
108882.4453125
108682.6796875
108445.7265625
108202.890625
107844.4453125
107464.984375
106952.765625
106399.953125
105965.9921875
105588.1328125
105266.109375
105017.1640625
104785.8359375
104715.1875
104702.6328125
104846.2734375
104951.8125
104952.9140625
104914.7734375
104886.8046875
104859.46875
104942.2890625
105016.7890625
105091.3203125
105127.1875
105185.703125
105335.71875
105450.8359375
105509.0390625
105516.359375
105479.390625
105476.4296875
105511.75
105539.75
105543.90625
105526.4296875
105499.5234375
105468.703125
105455.7421875
105469.578125
105537.6328125
105637.421875
105746.46875
105847.765625
105929.4765625
105988.6640625
106022.8984375
106040.296875
106055.578125
106075.1953125
106112.4453125
106166.125
106234.796875
106309.9453125
106393.2109375
106480.8125
106578.21875
106694.6796875
106815.40625
106945.5
