25400.0
25400.0
25197.771484375
24655.70703125
24751.5078125
24780.3671875
24784.98046875
24787.099609375
24789.443359375
24794.232421875
24799.154296875
24803.587890625
24808.97265625
24812.71875
24813.900390625
26407.28515625
41717.3203125
62637.03515625
84069.3046875
100879.2578125
115127.0078125
124440.6875
131146.25
134565.4375
132986.4375
129426.4921875
126233.0625
123159.0078125
120359.515625
117733.4453125
115449.28125
113526.46875
111674.8984375
110083.609375
108573.3359375
107155.2890625
106002.1953125
105528.5859375
104808.0078125
104102.9375
103531.609375
103241.171875
103014.4453125
103063.40625
103072.2734375
103125.421875
103087.1875
102904.4765625
102761.2890625
102720.4140625
102702.78125
102662.2734375
102625.28125
102686.5390625
102770.453125
102927.609375
103116.0859375
103307.1875
103512.2265625
103737.7265625
103976.78125
104326.2890625
104704.765625
105085.5703125
105418.8359375
105706.6953125
105904.390625
106037.890625
106164.9609375
106261.6171875
106321.5
106346.296875
106338.46875
106312.09375
106258.390625
106163.9921875
106058.5390625
105958.2578125
105859.2421875
105758.2890625
105655.1796875
105557.9609375
105456.2578125
105353.953125
105244.8984375
105130.09375
105013.46875
104887.7265625
104762.28125
104644.2578125
104526.1171875
104418.375
104298.421875
104181.0546875
104062.5078125
103949.8515625
103845.546875
103749.28125
103658.4765625
103572.8359375
103510.90625
103460.1640625
103414.984375
103390.6015625
103377.453125
103364.734375
103365.8515625
103377.9921875
103405.203125
103461.515625
103586.7421875
103737.1875
103890.6953125
103976.1953125
104028.2734375
104014.1484375
103958.953125
103889.0859375
103840.1015625
104158.296875
104476.4140625
104712.5625
104870.5
104966.1171875
105006.09375
105042.25
