25400.0
25400.0
25400.0
25400.0
25400.0
25400.0
25400.0
25400.0
25400.0
25400.0
25400.0
25400.0
25400.0
25400.0
25400.0
25400.0
32387.623046875
48188.65625
61567.4609375
84353.6953125
101199.078125
117031.984375
122620.484375
123295.5625
122653.015625
121406.25
119811.0625
117969.796875
115900.3125
113901.8046875
112081.0625
110550.1171875
109491.171875
108401.359375
107436.328125
106555.9375
105826.578125
105118.5546875
104428.4453125
103828.109375
103275.4921875
102771.4453125
102502.5859375
102342.3359375
102198.21875
102033.0859375
101712.9453125
101374.6640625
101041.1328125
100737.328125
100470.3203125
100246.3671875
100043.640625
99867.0078125
99742.46875
99559.578125
99404.8671875
99318.59375
99270.3125
99238.984375
99243.3359375
99342.8671875
99511.109375
99735.9140625
100039.4296875
100239.5
100395.21875
100548.25
100703.8984375
100925.0625
101162.96875
101432.109375
101699.7578125
101983.15625
102368.9140625
102763.7421875
103130.7421875
103479.15625
103863.109375
104291.609375
104686.953125
105090.4140625
105437.2421875
105736.5625
106015.234375
106300.5703125
106556.734375
106721.1796875
106808.421875
106863.2421875
106882.5546875
106900.1640625
106934.578125
106987.4609375
107031.921875
107066.734375
107348.3046875
107596.796875
107787.109375
107940.2109375
108065.6484375
108150.5078125
108196.0625
108218.5703125
108227.0
108208.8984375
108205.0625
108238.265625
108351.015625
108417.09375
108439.7734375
108428.515625
108435.28125
108436.84375
108424.3359375
108403.6328125
108382.8359375
108358.3671875
108332.8046875
108295.1171875
108243.359375
108170.4921875
108082.9453125
107987.84375
107881.8984375
107774.25
107659.03125
