25400.0
25400.0
25400.0
25105.80078125
24775.70703125
24691.806640625
24755.162109375
24780.83203125
24786.169921875
24788.228515625
24790.142578125
24792.212890625
24794.2265625
24796.240234375
24798.12890625
24799.91015625
24801.61328125
24803.517578125
24806.142578125
24807.78515625
24808.767578125
24808.025390625
24810.486328125
25979.2890625
36443.4453125
51056.546875
66034.7109375
81675.7265625
93967.7578125
103708.4140625
113802.34375
124412.921875
128705.78125
129794.2109375
129965.6171875
129496.2265625
128674.03125
127498.0625
126222.296875
124809.9765625
123343.640625
121988.9140625
120600.2421875
119326.1640625
118054.2109375
116855.625
115737.75
114696.7890625
113741.765625
112817.8203125
111983.6328125
111177.7265625
110407.9140625
109749.2109375
109119.7109375
108549.375
107979.9921875
107466.2265625
106963.7421875
106490.765625
106063.46875
105709.5625
105298.34375
104873.484375
104485.9375
104205.34375
104044.328125
103873.5078125
103697.8828125
103519.4609375
103365.375
103217.5390625
103070.609375
102896.9140625
102729.53125
102559.3828125
102403.9375
102246.6953125
102086.5078125
102036.5390625
102005.5078125
101958.9375
101895.8359375
101817.3984375
101723.375
101620.3828125
101537.515625
101524.703125
101566.5
101610.2109375
101610.2109375
101595.2265625
101548.7265625
101473.203125
101438.3671875
101497.7421875
101597.625
101698.359375
101773.140625
101825.4140625
101852.8203125
101859.1953125
101848.96875
101829.125
101809.9609375
101803.4140625
101807.1015625
101825.28125
101853.734375
101890.6171875
101932.59375
101980.390625
102024.390625
102055.5859375
102078.4296875
102091.96875
102099.5546875
102101.859375
102101.859375
102104.78125
102113.2265625
102127.40625
102150.4765625
102185.828125
