25400.0
25400.0
24585.908203125
24704.1875
24119.34765625
23741.388671875
23717.552734375
23772.255859375
23896.748046875
24152.39453125
24822.6640625
25029.138671875
25179.34375
27699.470703125
35286.125
48394.26171875
66488.9140625
83774.6875
99567.546875
105960.015625
109737.7109375
111995.796875
113218.7890625
113649.765625
113505.2890625
113025.3046875
112377.796875
111675.5234375
110895.0078125
110154.2578125
109310.46875
108528.15625
107817.671875
107105.9765625
106399.390625
105763.546875
105161.46875
104631.6328125
104374.484375
104016.9609375
103624.09375
103285.9296875
102961.3359375
102697.296875
102421.671875
102171.125
101975.140625
101762.90625
101545.546875
101312.6328125
101003.015625
100694.40625
100410.71875
100176.625
99944.09375
99854.203125
99908.1796875
99864.09375
99681.9375
99451.765625
99205.0390625
99009.6875
98872.609375
98728.890625
98566.265625
98411.6171875
98239.84375
98095.2109375
98020.8203125
98049.3125
98097.5859375
98117.2265625
98098.9375
98047.7265625
97977.8046875
97923.171875
97857.9609375
97818.28125
97782.1328125
97761.6640625
97742.9375
97733.8828125
97729.2421875
97736.8984375
97764.0625
97808.5546875
97869.1328125
97970.5390625
98108.078125
98238.5234375
98378.1796875
98507.8359375
98664.8046875
98879.734375
99137.0703125
99406.640625
99667.203125
99927.5390625
100168.0625
100403.078125
100669.1484375
100895.5
101129.90625
101341.2578125
101544.9609375
101728.546875
101906.0546875
102072.515625
102223.8828125
102374.625
102509.9609375
102563.7578125
102645.9296875
102737.2109375
102850.140625
102980.1015625
103117.484375
103242.234375
103364.7734375
103481.453125
103589.140625
103718.0546875
103864.4453125
104000.2734375
