25400.0
25400.0
25400.0
25400.0
25400.0
25400.0
25400.0
25400.0
25400.0
25400.0
25400.0
25400.0
25400.0
25400.0
25400.0
25400.0
25400.0
25400.0
25400.0
25400.0
30124.23828125
50474.15234375
68480.390625
84663.6796875
96888.2421875
107818.5234375
117042.390625
124616.4375
130755.3203125
135258.15625
138485.0625
141397.96875
143598.75
145427.84375
146786.71875
147806.109375
145757.375
140982.5
136638.484375
132907.203125
129310.109375
126078.4375
124250.5625
122126.2421875
120043.71875
118501.6875
117212.1875
116063.359375
115086.71875
114282.6875
113730.1875
113561.96875
113469.2578125
113440.015625
113448.5390625
113399.2734375
113394.9765625
113409.703125
113401.21875
113321.265625
113182.03125
113035.2578125
112854.0390625
112671.0078125
112481.1484375
112281.484375
112055.1328125
111809.84375
111579.859375
111343.6875
111122.890625
110917.28125
110739.71875
110592.7734375
110465.109375
110404.4609375
110424.125
110474.4453125
110527.265625
110586.0078125
110643.6328125
110730.8515625
110831.1640625
110942.609375
111055.0625
111159.4140625
111304.1640625
111446.421875
111570.2109375
111537.1796875
111555.640625
111608.8984375
111674.28125
111741.09375
111798.6953125
111850.40625
111891.109375
111915.4765625
111957.09375
111985.0859375
112033.171875
112068.5078125
112092.6953125
112109.0859375
112112.4453125
112123.7421875
112120.7265625
112100.21875
112064.171875
112017.328125
111959.734375
111895.8203125
111861.3828125
111828.9296875
111781.0234375
111714.875
111639.4765625
111546.65625
111454.7734375
111387.421875
111370.7890625
111355.34375
111440.3984375
111545.578125
111614.6796875
