25400.0
25400.0
25400.0
25400.0
25385.123046875
25378.2421875
25368.203125
25362.19140625
25358.392578125
25356.115234375
25354.673828125
25353.791015625
25353.26171875
25352.92578125
25352.724609375
25352.599609375
25352.5234375
25352.48046875
25352.455078125
25352.44921875
25352.44921875
25352.14453125
25351.755859375
25351.001953125
27322.658203125
46404.578125
64698.24609375
80475.3359375
92941.8671875
102508.875
112037.6171875
120371.4296875
127916.59375
134186.5
139491.578125
144029.796875
144356.9375
142371.0625
140368.640625
138282.46875
136193.71875
134315.515625
132292.171875
130437.7890625
128630.3359375
126977.8671875
125388.421875
123900.203125
122563.953125
121264.609375
120088.984375
118730.0703125
117451.7578125
116367.8203125
115261.640625
114276.609375
113327.3671875
112369.953125
111450.25
110655.125
109954.578125
109732.1484375
109511.1015625
109063.984375
108656.0859375
108470.3984375
108164.3203125
107805.765625
107589.2265625
107365.875
107075.78125
106751.8125
106471.71875
106252.375
106128.4921875
106138.6171875
106144.015625
106114.1015625
106042.4140625
105957.7578125
105928.09375
105948.6640625
106004.3359375
106077.5078125
106151.6796875
106216.421875
106263.859375
106303.65625
106341.5546875
106377.1953125
106426.4140625
106487.328125
106549.6640625
106603.0
106650.4609375
106692.484375
106729.5859375
106767.15625
106808.5078125
106855.75
106865.5703125
106872.8359375
106885.9375
106900.0
106913.7890625
106925.2421875
106934.453125
106940.1484375
106941.7421875
106946.875
106938.515625
106917.4609375
106882.6328125
106836.015625
106775.3984375
106710.078125
106636.625
106560.390625
106475.859375
106383.296875
106279.734375
106176.53125
106083.4921875
105993.7421875
