25400.0
25400.0
25400.0
25143.072265625
25023.376953125
25023.376953125
25023.376953125
25023.376953125
25023.376953125
25023.376953125
25023.376953125
25023.376953125
25023.376953125
25023.376953125
25023.376953125
25023.376953125
25023.376953125
25038.46875
25051.443359375
25054.587890625
25055.572265625
25056.09375
25056.3515625
25056.162109375
25054.546875
28340.66796875
41094.58203125
52155.46875
60756.03125
67460.8125
72512.515625
77404.984375
81723.1640625
85497.46875
90241.125
95605.859375
100993.3515625
106911.015625
113906.1015625
116953.7890625
118538.6953125
120137.8984375
121280.5546875
122265.5703125
122986.3359375
123387.875
123435.34375
123305.8203125
123078.6796875
122702.59375
122193.03125
121638.3046875
121067.609375
120592.015625
120644.3984375
120580.4296875
120386.046875
120113.828125
119808.9140625
119431.2890625
119047.2734375
118684.0859375
118327.3125
118007.4765625
117684.90625
117416.1953125
117170.4296875
116885.8359375
116600.234375
116292.1796875
115958.375
115591.140625
115269.5859375
115009.4765625
114556.796875
114099.765625
113623.46875
113152.9140625
112780.0546875
112379.8828125
111921.7734375
111443.0078125
110996.6875
110582.2890625
110337.515625
110291.1484375
110263.921875
110124.859375
109865.6640625
109580.7734375
109376.71875
109216.4921875
109122.4375
109138.1953125
109171.03125
109194.2578125
109198.859375
109182.5234375
109157.875
109157.1015625
109186.8046875
109241.3984375
109305.65625
109388.765625
109476.09375
109568.5234375
109656.390625
109744.5390625
109838.0234375
109943.2265625
110143.71875
110473.3046875
110830.0703125
111192.5703125
111460.59375
111752.703125
112041.0546875
112216.234375
112387.4296875
112576.7578125
112781.875
112980.7109375
113191.9609375
113384.3984375
113560.421875
