25400.0
25400.0
25400.0
25400.0
25400.0
25400.0
25400.0
25400.0
25400.0
25400.0
25400.0
25400.0
25400.0
25400.0
25400.0
25400.0
25400.0
25400.0
25400.0
25400.0
25400.0
33926.41015625
53575.03125
69256.4921875
79456.7890625
85113.6953125
88967.7421875
93012.390625
96699.1640625
100105.0
103452.890625
106119.328125
108510.5078125
110616.8984375
112541.34375
114374.09375
115997.28125
117676.4921875
119515.25
121301.859375
122945.328125
124332.5625
125866.8984375
127327.6953125
128895.9140625
130558.9296875
132666.9375
137553.984375
140139.234375
142595.796875
140460.5625
137504.484375
135336.84375
133318.375
131670.078125
130190.0390625
128846.0
128063.421875
127490.796875
127836.2578125
128466.078125
129003.703125
129498.203125
130056.28125
130663.828125
131090.5625
131398.03125
131654.765625
131847.203125
131954.609375
131972.34375
131875.75
131628.90625
131275.609375
130919.4296875
130476.34375
129943.4609375
129377.0390625
128635.3359375
127846.265625
127095.5234375
126383.890625
125675.1484375
125003.8828125
124379.2734375
123743.3046875
123126.5
122487.4609375
121848.078125
121261.375
120588.6015625
119933.3515625
119266.0859375
118634.0546875
117994.3203125
117366.2109375
116769.15625
116164.953125
115592.40625
115013.2578125
114452.9453125
113967.203125
113436.59375
112957.6796875
112479.40625
112043.671875
111675.671875
111340.1640625
111043.046875
110853.1875
110681.9453125
110513.5703125
110294.84375
110090.1484375
109899.1796875
109734.8828125
109574.1484375
109422.0
109266.34375
109111.6484375
108959.7421875
108805.4921875
108642.1640625
108486.3515625
