25400.0
25400.0
25400.0
25400.0
25400.0
25400.0
25400.0
25400.0
25400.0
25400.0
25400.0
25400.0
25400.0
25400.0
25400.0
25400.0
25400.0
25400.0
25400.0
25400.0
25400.0
25400.0
25400.0
25400.0
25400.0
25400.0
25400.0
25400.0
25400.0
25400.0
25400.0
38957.01171875
53906.859375
63979.6171875
72947.703125
79389.8203125
85099.359375
89764.53125
93650.6015625
97244.5078125
100196.9140625
102751.71875
105158.796875
107337.421875
109528.4765625
111348.9375
113013.40625
114501.6796875
115648.03125
116511.109375
117329.5
118469.8046875
119534.1640625
120438.34375
121510.4375
122402.7734375
123259.1171875
124020.8125
124771.4765625
125497.1015625
126241.359375
127003.7109375
127702.4609375
128198.4375
128510.9296875
128936.859375
129396.40625
130951.7109375
132898.1875
134869.8125
138732.453125
143864.453125
147680.34375
152014.265625
156708.96875
164863.6875
173733.09375
185348.171875
187876.8125
185830.765625
185044.40625
185021.625
184673.265625
184390.203125
184268.90625
184011.1875
183808.046875
182925.0625
181720.25
179678.890625
177381.0
175228.21875
172698.328125
169983.96875
167000.765625
164044.96875
160985.078125
158128.328125
155384.9375
152538.53125
149878.265625
147252.140625
144725.578125
142546.5
140269.21875
138175.5625
136112.0625
134205.328125
132325.890625
130529.9453125
128866.8125
127251.3359375
125780.1640625
124347.5390625
122988.3671875
121816.6171875
120587.171875
119467.8828125
118401.5859375
117432.3515625
116491.25
115607.2109375
114825.59375
114086.5390625
113440.6953125
112846.0078125
