25400.0
25400.0
25400.0
25398.40625
25396.67578125
25394.958984375
25393.98828125
25392.919921875
25392.068359375
25391.5078125
25391.14453125
25390.92578125
25390.80078125
25390.724609375
25390.68359375
25390.658203125
25390.64453125
25390.638671875
25390.634765625
25390.6328125
25390.6328125
25390.6328125
25390.6328125
25390.6328125
25390.34375
25390.03125
25389.765625
35736.05078125
47083.90234375
54719.609375
62608.6484375
71190.0
79971.2890625
89942.3359375
100241.1875
110839.0234375
120555.1484375
129612.796875
138563.34375
148508.65625
157351.515625
163862.5
161430.328125
158966.484375
156218.484375
153439.46875
150567.765625
147749.5
145103.140625
143196.625
141473.65625
139654.390625
137953.359375
136628.4375
134870.203125
133027.859375
131274.375
129773.203125
128243.9921875
126431.03125
125144.3828125
124421.78125
123897.2890625
123033.5859375
122335.5625
121886.390625
121587.5546875
121495.8359375
121379.984375
121306.6328125
121290.0703125
121363.90625
121438.171875
121508.0859375
121634.4296875
121781.7734375
121829.015625
121886.859375
122031.0546875
122177.265625
122299.65625
122374.296875
122401.03125
122390.640625
122308.2890625
122264.0859375
122172.6484375
122025.78125
121922.6015625
121947.203125
122019.03125
121981.6640625
121850.390625
121680.71875
121453.203125
121178.8125
120864.609375
120501.6875
120134.171875
119744.8125
119354.25
119000.4921875
118605.09375
118217.7578125
117810.203125
117405.0546875
116976.2578125
116539.6484375
116156.0
115793.6640625
115433.5859375
115046.6328125
114647.3828125
114280.5546875
113871.3984375
113475.3671875
113067.953125
112676.9375
112278.0078125
111883.6953125
111505.96875
111121.0234375
110755.921875
110386.2578125
