25400.0
25400.0
25400.0
25400.0
25400.0
25400.0
25400.0
25400.0
25400.0
25400.0
25400.0
25400.0
25400.0
25400.0
25400.0
25400.0
25400.0
25400.0
25400.0
25400.0
25400.0
25400.0
25400.0
25400.0
25400.0
25400.0
25400.0
31021.404296875
49053.0859375
63543.73046875
74499.2890625
83434.4140625
91514.4609375
98897.8359375
104701.6484375
109473.6484375
113614.65625
116993.8359375
119847.84375
122051.8125
124204.96875
126166.4140625
127756.5234375
129251.96875
130580.0
131818.640625
132646.140625
133058.203125
133212.703125
133446.640625
133812.90625
134279.5625
134796.265625
135236.078125
135559.96875
136999.921875
138528.40625
138897.09375
138872.390625
138041.9375
141091.328125
142630.75
145160.5625
148153.265625
148183.46875
144942.390625
142799.125
140887.203125
139350.984375
138009.546875
136839.359375
135665.640625
134512.765625
133379.40625
132230.265625
131134.953125
130026.8046875
128932.84375
128016.84375
127130.6796875
126309.1015625
125588.125
124979.25
124385.9375
123840.2734375
123354.21875
122912.546875
122533.3203125
122199.296875
122030.0234375
121960.453125
121912.25
121831.2890625
121705.2734375
121428.265625
121060.8359375
120733.234375
120481.1796875
120690.1796875
120910.140625
121030.4765625
121062.3671875
121037.6875
120969.3203125
120855.1640625
120687.1875
120486.078125
120232.53125
119936.140625
119617.703125
119283.5703125
119015.9609375
118744.734375
118522.5859375
118341.1953125
118151.1015625
118009.9140625
117842.5
117643.3203125
117401.015625
117085.5703125
116798.453125
116529.6015625
116283.90625
116036.3984375
