25400.0
25400.0
25400.0
25075.6171875
25037.1796875
25037.1796875
25037.1796875
25037.1796875
25037.1796875
25037.1796875
25037.1796875
25041.548828125
25069.681640625
25075.466796875
25077.1953125
25078.25
25079.224609375
25080.095703125
25080.859375
25081.615234375
25082.287109375
25082.935546875
25083.419921875
25083.724609375
25083.033203125
25082.765625
29012.296875
38897.31640625
47607.1171875
54372.12109375
60370.57421875
67515.2265625
74071.0234375
80455.5625
87673.5390625
96190.46875
104156.140625
111710.078125
119030.921875
126189.5390625
134110.0
142007.03125
148530.28125
155207.140625
154823.828125
152963.421875
150984.4375
148894.75
146652.421875
144325.0625
141866.9375
139584.609375
137916.921875
136253.265625
134802.65625
133267.984375
131767.15625
130238.2265625
128834.7734375
127394.90625
125919.1953125
124849.640625
123886.890625
123242.546875
122634.4609375
121963.1015625
121426.8671875
120810.6484375
120376.4375
120152.578125
119948.625
119720.7890625
119577.4375
119534.6796875
119496.2109375
119463.3671875
119413.2109375
119245.84375
119151.703125
119098.1484375
119085.203125
119088.953125
119106.1484375
119144.5
119166.1796875
119170.8671875
119161.65625
119114.0703125
119080.3828125
119054.328125
119017.7734375
118969.2421875
118985.90625
118992.8828125
119065.671875
119129.5
119214.1875
119385.2109375
119668.25
119893.0
120071.828125
120196.734375
120269.9140625
120401.2578125
120517.0
120546.1015625
120472.046875
120311.2890625
120096.078125
119855.4609375
119496.3046875
119134.84375
118760.3828125
118386.3046875
118049.296875
117662.234375
117228.765625
116771.9765625
116330.1484375
115838.1484375
115334.890625
114853.7578125
114360.5625
113885.875
113397.3515625
