25400.0
25400.0
25400.0
25051.08203125
24819.900390625
24819.900390625
24819.900390625
24819.900390625
24819.900390625
24819.900390625
24819.900390625
24819.900390625
24826.794921875
24844.578125
24848.876953125
24851.9140625
24853.240234375
24853.265625
24852.1875
24854.181640625
30726.173828125
45563.5078125
61079.30078125
70318.1796875
77117.265625
83373.1015625
88193.328125
92010.6484375
95040.859375
97304.1796875
99414.5859375
101051.9609375
102533.140625
103897.25
104954.59375
105731.390625
106259.4609375
106625.8359375
106860.3984375
106994.8515625
107036.265625
107010.109375
106932.3125
106807.796875
106728.9296875
106788.0625
106781.3515625
106736.4609375
106705.765625
106681.78125
106628.09375
106546.78125
106446.0703125
106352.359375
106239.8046875
106118.8125
105985.3515625
105848.1796875
105701.953125
105523.4609375
105302.28125
105023.109375
104736.671875
104445.9453125
104164.1484375
103907.390625
103632.0625
103377.75
103130.96875
102904.9296875
102682.6328125
102487.1796875
102349.640625
102229.0546875
102121.3671875
102015.6875
101921.015625
101887.40625
101929.515625
101974.8515625
101995.8125
101989.2109375
101957.546875
101909.78125
101853.8828125
101786.015625
101714.5390625
101638.5546875
101597.328125
101554.359375
101475.3828125
101388.7421875
101308.703125
101231.625
101160.90625
101088.8125
101020.25
100955.3671875
100889.6328125
100827.75
100764.4921875
100701.8828125
100646.0390625
100584.9375
100526.8515625
100462.1796875
100398.3046875
100332.2109375
100269.84375
100226.8671875
100193.6875
100158.2578125
100118.65625
100076.4375
100036.7265625
99991.921875
99945.953125
99895.9140625
99847.1171875
99796.4140625
99746.75
99700.1015625
99654.328125
99611.75
99567.4609375
