25400.0
25400.0
25378.89453125
24732.1171875
24526.607421875
24418.39453125
24369.013671875
24359.921875
24360.44140625
24363.861328125
24367.8515625
24371.798828125
24376.564453125
24383.6953125
24392.09375
24402.380859375
24416.24609375
24438.048828125
24475.966796875
24522.947265625
24607.3125
25179.298828125
27176.72265625
32620.69921875
40756.8984375
50418.50390625
58442.8046875
67413.734375
75250.21875
83703.515625
92496.7734375
100210.796875
107983.0546875
112844.2734375
115468.296875
117526.9296875
119306.3359375
120135.8671875
120532.6015625
120618.7265625
120555.6484375
120420.9375
120356.1796875
120257.53125
120260.8828125
120048.453125
119946.9140625
120630.2109375
120783.953125
120396.84375
119764.5703125
118930.84375
118039.7734375
117075.140625
116104.9765625
115258.2109375
114352.1015625
113557.8515625
112826.953125
112216.8125
111739.9375
111315.8671875
110964.15625
110665.1875
110424.7890625
110200.4140625
109994.0078125
109830.515625
109661.890625
109520.2421875
109210.7109375
108953.3515625
108736.3984375
108536.015625
108375.0078125
108397.734375
108452.9921875
108496.1796875
108425.625
108274.1328125
108070.421875
107975.78125
107905.953125
107786.3203125
107632.921875
107452.0625
107272.453125
107025.9609375
106755.6640625
106457.921875
106217.546875
106063.3046875
105925.5625
105786.5546875
105621.265625
105502.96875
105399.8828125
105334.6875
105282.875
105219.7890625
105149.6484375
105403.796875
105651.046875
105817.84375
105944.609375
106112.25
106366.0625
106611.390625
106822.0234375
106993.9140625
107128.1015625
107238.390625
107325.25
107400.9296875
107468.375
107525.71875
107588.296875
107670.046875
107770.296875
107860.0
107942.6796875
108017.5078125
108079.2890625
108141.5859375
108199.328125
108249.125
