25400.0
25400.0
25400.0
25400.0
25400.0
25400.0
25400.0
25400.0
25400.0
25400.0
25400.0
25400.0
25400.0
25400.0
25400.0
25400.0
25400.0
25400.0
25400.0
25400.0
25400.0
25400.0
25400.0
25400.0
25400.0
35432.2890625
54051.34765625
70396.5859375
84053.71875
95069.7421875
104027.6484375
113386.6484375
120986.828125
127014.578125
131703.78125
135475.828125
138283.1875
140323.46875
142118.890625
143623.6875
144764.609375
145726.609375
145867.015625
142095.515625
138713.828125
135499.921875
132650.21875
130035.59375
127250.765625
124824.0859375
122636.28125
120717.3984375
118907.828125
117291.6171875
115843.8203125
114343.59375
113208.75
112447.578125
111624.9140625
110688.0078125
109872.8984375
109153.09375
108490.53125
107933.21875
107453.609375
107042.09375
106673.765625
106285.3671875
105946.2890625
105651.40625
105404.890625
105237.7734375
105131.3125
105180.734375
105232.6171875
105299.2265625
105382.28125
105479.9140625
105571.71875
105676.6796875
105780.140625
105889.40625
105997.0234375
106109.4765625
106222.1328125
106330.421875
106437.2421875
106574.015625
106687.2421875
106787.09375
106870.125
106953.9375
107031.4140625
107107.1796875
107174.9609375
107238.296875
107300.078125
107355.40625
107431.5859375
107504.625
107567.4453125
107623.4140625
107673.5546875
107730.5703125
107784.90625
107839.34375
107888.578125
107934.0859375
107975.421875
108013.71875
108053.890625
108107.0078125
108168.0546875
108239.5078125
108297.703125
108343.3671875
108359.28125
108366.9375
108326.7109375
108279.25
108193.8984375
108100.59375
108000.2265625
107968.8828125
108025.0078125
