25400.0
25400.0
25400.0
25400.0
25400.0
25400.0
25400.0
25400.0
25400.0
25400.0
25400.0
25400.0
25400.0
25400.0
25400.0
25400.0
25400.0
25400.0
25400.0
25400.0
25400.0
25400.0
25400.0
32541.732421875
52270.1015625
68634.03125
81421.84375
91744.046875
100967.03125
108496.5390625
113879.0546875
118639.7109375
122456.6484375
125682.75
128264.4140625
129897.5703125
131152.59375
132293.828125
133750.71875
135155.015625
136329.5625
137398.234375
138207.015625
138880.34375
139394.265625
139937.984375
142918.921875
144092.671875
144118.140625
143973.890625
144121.453125
140013.40625
136936.25
134627.234375
132948.84375
131502.703125
130409.1015625
129520.1796875
128911.390625
128468.5703125
128267.2890625
128671.515625
129242.609375
129629.6875
130110.578125
130512.828125
130832.84375
131149.203125
131592.75
131899.46875
132034.09375
132100.0625
132244.21875
132356.046875
132426.1875
132761.09375
132978.015625
133065.4375
133031.234375
132742.421875
132295.125
131785.9375
131234.65625
130600.3515625
129872.2734375
129151.3359375
128443.3671875
128000.453125
127520.1171875
126969.59375
126413.328125
125703.4296875
124957.703125
124220.4765625
123525.0234375
122812.9453125
122099.203125
121407.171875
120682.7734375
119959.0625
119224.296875
118537.2734375
117968.71875
117351.421875
116821.4765625
116287.859375
115777.796875
115253.6328125
114736.3984375
114243.796875
113741.171875
113264.4453125
112790.625
112326.6328125
111929.4140625
111511.125
111122.5078125
110735.8671875
110374.0546875
110012.6796875
109661.8671875
109332.640625
109002.25
108692.3515625
108382.390625
