25400.0
25400.0
25400.0
25400.0
25400.0
25400.0
25400.0
25400.0
25400.0
25400.0
25400.0
25400.0
25400.0
25400.0
25400.0
25400.0
25400.0
25400.0
25400.0
25400.0
25400.0
25400.0
43214.60546875
54768.04296875
60976.38671875
66660.6328125
70781.296875
75720.859375
80577.8828125
86010.34375
90742.96875
94839.1171875
99251.7578125
103492.5078125
107354.5859375
110872.6015625
114342.1875
118026.21875
121435.828125
124740.625
127718.09375
131006.78125
134168.9375
136837.1875
139546.703125
141940.375
144297.296875
146977.671875
153412.84375
156646.765625
152567.859375
147995.765625
145019.09375
141986.375
139708.65625
138027.546875
137375.5625
137128.4375
136985.671875
136758.84375
136501.703125
136343.1875
136110.6875
135944.59375
135801.328125
135627.765625
135456.6875
135513.484375
135457.734375
135368.546875
135574.46875
135570.765625
135330.484375
134947.96875
134491.71875
133911.375
133232.28125
132450.234375
131651.3125
130996.7109375
130210.328125
129424.0546875
128613.9453125
127823.640625
126995.71875
126162.59375
125366.0546875
124558.375
123788.2421875
123005.2265625
122172.640625
121467.015625
120721.90625
120040.6484375
119350.3046875
118685.0078125
117993.2421875
117294.8984375
116591.453125
115871.3984375
115220.46875
114626.7265625
114063.9140625
113567.4375
113047.7734375
112595.03125
112134.7265625
111701.0390625
111269.1484375
110850.8359375
110458.6484375
110068.7109375
109702.1640625
109339.6796875
108992.4921875
108692.3125
108375.6484375
108081.234375
107788.546875
107514.4140625
107240.375
106975.203125
106721.7109375
106466.46875
106225.6796875
105982.8203125
