25400.0
25400.0
24553.302734375
24583.6328125
24046.978515625
23332.001953125
22921.955078125
22741.03515625
22736.181640625
22772.853515625
22855.07421875
23062.74609375
23540.337890625
24369.150390625
24732.705078125
24842.58203125
24872.361328125
24882.212890625
24888.744140625
24893.220703125
24894.322265625
25309.181640625
26904.189453125
31101.42578125
39040.58984375
48615.8359375
61045.35546875
72280.984375
78586.34375
84005.8828125
88225.203125
92360.015625
95629.1875
98456.3125
100708.5546875
102613.046875
104109.4453125
105307.3671875
106284.6953125
106968.3671875
107437.09375
107732.0
107897.515625
107992.03125
108006.7421875
107950.3828125
107843.9609375
107695.5078125
107557.484375
107421.71875
107226.28125
107008.125
106769.6796875
106515.46875
106279.453125
106021.4609375
105771.3515625
105513.8046875
105403.1953125
105337.59375
105268.8828125
105197.6328125
105119.1171875
105021.1328125
104902.0546875
104773.15625
104651.4765625
104503.1875
104347.671875
104201.609375
104062.421875
103920.46875
103793.234375
103672.28125
103545.3125
103427.015625
103315.28125
103189.484375
103060.5
102929.890625
102814.546875
102704.078125
102602.6328125
102497.4296875
102378.9921875
102274.59375
102177.84375
102091.265625
102007.4296875
101923.8515625
101842.5
101757.28125
101667.3984375
101574.96875
101487.5859375
101400.78125
101316.9140625
101238.0390625
101154.0234375
101067.8828125
100974.2421875
100880.8828125
100795.1640625
100699.8671875
100589.53125
100474.421875
100368.7890625
100262.7578125
100161.7421875
100069.78125
99976.6640625
99890.7421875
99805.015625
99723.5234375
99651.9765625
99575.078125
99503.078125
99429.9296875
99360.484375
99283.0859375
99200.546875
99123.796875
99050.4609375
98982.9609375
98918.2734375
