25400.0
25400.0
25400.0
25400.0
25400.0
25400.0
25400.0
25400.0
25400.0
25400.0
25400.0
25400.0
25400.0
25400.0
25400.0
25400.0
25400.0
33177.80078125
58518.0390625
80933.75
99362.125
111854.65625
119398.140625
123799.5
128254.78125
132467.90625
136042.09375
138737.609375
140709.640625
142082.046875
143135.890625
144698.15625
144976.546875
138926.46875
134034.078125
129810.640625
126441.84375
123836.15625
121961.6484375
120198.921875
118923.3359375
118049.8359375
117318.0859375
117065.671875
117443.4765625
117756.078125
118137.7578125
118658.21875
119290.9453125
119996.71875
120692.0078125
121552.7109375
122317.0859375
122900.546875
123575.3125
124224.6875
124745.734375
125161.2890625
125449.265625
125596.21875
125680.3671875
125691.609375
125621.6015625
125474.4609375
125263.796875
125006.484375
124645.203125
124303.1328125
123945.3046875
123551.6328125
123120.8671875
122709.6328125
122370.2890625
122082.5546875
121769.6015625
121398.03125
120979.84375
120573.2734375
120095.0625
119608.671875
119087.09375
118542.1875
117965.484375
117393.609375
116849.4765625
116295.890625
115761.6875
115203.75
114656.203125
114166.328125
113639.359375
113147.9296875
112661.0390625
112237.109375
111824.1328125
111419.296875
111036.6171875
110656.984375
110289.28125
109918.4375
109565.0859375
109260.2890625
108939.4296875
108643.1953125
108348.8515625
108068.890625
107791.078125
107524.2578125
107291.65625
107075.0546875
106873.0703125
106669.4140625
106468.3515625
106286.75
106086.7890625
105891.03125
105688.8828125
105497.53125
105302.6640625
105115.8515625
104943.296875
104774.0703125
104618.0625
104463.9765625
