25400.0
25400.0
25400.0
25247.5703125
24708.00390625
24660.958984375
24655.25390625
24653.38671875
24656.107421875
24660.26171875
24664.568359375
24668.853515625
24673.025390625
24677.951171875
24681.40625
24684.365234375
24687.1796875
24689.921875
24692.326171875
24695.017578125
24697.673828125
24702.646484375
24708.49609375
24715.30859375
24722.904296875
24731.1875
24744.189453125
24791.763671875
27578.12890625
33287.97265625
40367.5625
47912.95703125
54656.44921875
59711.484375
63579.91015625
68285.03125
74868.78125
83917.3515625
91360.359375
99243.875
109528.0703125
120831.46875
131730.578125
143712.734375
155303.578125
161291.109375
161045.78125
159669.203125
157721.109375
155942.6875
153446.75
150443.0625
148005.109375
145909.984375
144309.078125
142018.875
139636.28125
137332.328125
135368.453125
133442.375
131665.296875
130233.7890625
129022.28125
127515.5546875
126142.984375
124936.5703125
123775.4140625
122384.40625
121174.34375
120212.796875
119343.1328125
118523.90625
117739.1484375
116943.0859375
116223.0859375
115709.6484375
115300.7421875
114950.0234375
114670.1640625
114433.7265625
114271.9765625
114158.4921875
114103.7890625
114087.703125
114092.5
114096.9765625
114088.734375
114065.6796875
114061.1171875
114060.9140625
114067.6015625
114070.9765625
114063.75
114045.9609375
114020.4375
113986.09375
113943.3671875
113893.109375
113812.875
113686.1015625
113614.90625
113617.53125
113722.15625
113791.7265625
113827.4453125
113863.2890625
113894.9296875
113923.625
113938.796875
113953.0703125
113964.71875
113974.1875
113960.5859375
113915.46875
113846.2421875
113748.390625
113638.3203125
113509.0703125
113372.5546875
113220.890625
113060.8359375
112898.53125
112724.5390625
112548.1953125
112361.140625
