25400.0
25400.0
25400.0
25400.0
25400.0
25400.0
25400.0
25400.0
25400.0
25400.0
25400.0
25400.0
25400.0
25400.0
25400.0
25400.0
25400.0
29109.9453125
49630.15625
67493.6484375
82506.015625
94426.3671875
104617.5
112391.765625
118256.109375
122834.7265625
126455.75
129382.46875
132023.515625
133998.046875
135806.796875
137227.046875
137835.015625
138550.21875
142047.796875
141966.078125
136098.625
131578.046875
128270.34375
124977.140625
122301.75
120383.1875
118506.015625
117079.71875
115868.453125
114944.0703125
114213.53125
113612.8359375
113151.046875
112767.984375
112468.0625
112231.65625
112271.0078125
112549.3125
113040.890625
113633.359375
114218.78125
114747.5546875
115312.6484375
115878.3203125
116408.9609375
117034.3359375
117765.671875
118459.296875
119048.921875
119457.2109375
119741.0546875
120035.28125
120437.375
120904.421875
121341.7734375
121691.890625
121904.375
121842.328125
121650.1875
121400.890625
121118.265625
120812.4296875
120364.4375
119829.15625
119189.546875
118550.890625
117935.1484375
117342.59375
116855.2734375
116359.09375
115830.8203125
115250.234375
114652.7890625
114110.4765625
113523.0859375
112963.53125
112390.203125
111842.2578125
111284.09375
110756.875
110250.8359375
109748.4296875
109284.203125
108830.75
108441.703125
108102.2109375
107800.3359375
107529.9609375
107254.6953125
106993.6484375
106733.4453125
106485.84375
106258.75
106037.5625
105834.9765625
105637.4375
105451.0234375
105291.5546875
105132.8125
105001.8359375
104892.1171875
104818.7734375
104765.3359375
104730.15625
104708.4140625
104657.6875
104615.34375
104585.0703125
