25400.0
25400.0
25400.0
24737.939453125
24486.6875
24391.76953125
24380.236328125
24380.61328125
24383.1875
24386.1640625
24389.33984375
24392.431640625
24395.46875
24399.576171875
24404.46484375
24477.310546875
34089.9765625
49226.609375
67655.9921875
85893.4375
101065.375
114028.046875
123966.9296875
125724.6328125
126270.7265625
125888.0078125
124836.9140625
123424.234375
121838.5390625
120379.484375
118851.421875
117445.3046875
116058.765625
114792.1328125
113525.671875
112331.265625
111204.6640625
110116.6796875
109187.046875
108306.515625
107492.890625
106906.484375
106546.0859375
105967.0078125
105535.1171875
105148.9375
104765.1328125
104397.0546875
104224.5390625
104102.8203125
103950.84375
103714.1171875
103401.1640625
103104.375
103028.21875
102913.828125
102749.890625
102684.4140625
102591.6171875
102425.3125
102224.40625
102038.140625
101884.25
101734.90625
101589.3046875
101524.25
101522.015625
101556.7734375
101594.2890625
101696.40625
101756.1015625
101777.546875
101773.984375
101739.40625
101687.3046875
101646.765625
101636.1484375
101639.375
101647.46875
101650.65625
101645.3671875
101630.4921875
101609.9140625
101590.78125
101576.1328125
101547.7421875
101539.2265625
101553.4140625
101589.5703125
101636.046875
101696.453125
101758.7265625
101824.015625
101887.4296875
101951.046875
102014.8203125
102077.5859375
102137.9375
102164.21875
102182.6328125
102206.65625
102228.90625
102234.6171875
102245.8203125
102252.1796875
102254.921875
102257.2109375
102262.2578125
102271.21875
102285.2109375
102302.9296875
102325.1484375
102349.4765625
102371.0859375
102392.1796875
102406.609375
102413.09375
102408.1796875
102399.84375
102373.421875
102337.8984375
102302.46875
102288.171875
102289.21875
