25400.0
25400.0
25400.0
25400.0
25400.0
25400.0
25400.0
25400.0
25400.0
25400.0
25400.0
25400.0
25400.0
25400.0
25400.0
25400.0
25400.0
25400.0
25400.0
25400.0
25400.0
25400.0
25400.0
25400.0
25400.0
29264.826171875
45408.15625
54175.375
59167.921875
64150.82421875
69539.8671875
74492.609375
79278.15625
83229.765625
86949.7421875
91141.859375
95341.921875
99489.0625
103602.1015625
108113.078125
112502.6796875
117068.1796875
121573.2890625
125960.9140625
130628.5703125
134917.046875
139274.3125
143423.6875
147835.625
152162.921875
156067.765625
159870.953125
163532.84375
167532.3125
174736.515625
179302.84375
183702.875
186120.65625
181890.1875
179714.234375
178385.5625
177486.625
176836.171875
176673.25
176149.21875
174903.4375
172945.359375
170803.921875
168297.0625
165932.59375
163461.46875
160879.03125
158281.671875
155784.8125
153334.546875
150760.90625
148243.625
145677.796875
143176.796875
140937.71875
138553.15625
136350.75
134191.265625
132276.921875
130450.21875
128685.125
127085.0703125
125533.1015625
124101.9296875
122705.3359375
121386.734375
120253.578125
119070.3203125
117986.609375
116930.6015625
115957.4765625
115006.859375
114109.9765625
113288.3671875
112486.2890625
111759.40625
111110.34375
110495.640625
109962.6875
109401.1875
108882.96875
108375.1640625
107909.265625
107450.609375
107016.6015625
106620.9296875
106237.609375
105890.015625
105554.4140625
105241.0078125
104975.4296875
104702.359375
104455.40625
104218.015625
104003.890625
103776.765625
103564.609375
103379.0546875
103210.484375
103066.9765625
102937.1953125
