25400.0
25400.0
24948.283203125
24723.2734375
24460.169921875
24262.82421875
24211.740234375
24203.59765625
24211.728515625
24222.81640625
24234.3515625
24254.6171875
24283.490234375
24319.939453125
24803.80859375
32017.8359375
46114.984375
63925.22265625
81856.3984375
97969.78125
111546.609375
122994.4453125
129913.375
128618.203125
126770.859375
124806.171875
122765.34375
120800.59375
118826.1953125
116814.8828125
115031.15625
113252.203125
111669.59375
110196.96875
108942.328125
107772.84375
106734.609375
105793.1953125
104886.1484375
104104.8828125
103351.78125
102674.8125
102122.53125
101611.109375
101429.8125
101301.0546875
101045.265625
100817.9375
100751.125
100664.7265625
100479.375
100246.71875
100018.890625
99843.890625
99759.4296875
99730.3359375
99685.1171875
99625.9375
99551.6328125
99460.9453125
99382.671875
99309.5859375
99234.21875
99150.875
99086.953125
99056.453125
99051.9453125
99059.125
99076.5234375
99100.0390625
99120.6796875
99137.21875
99149.046875
99166.9140625
99205.453125
99264.8046875
99345.625
99422.578125
99508.03125
99618.8515625
99742.1015625
99885.2734375
100037.609375
100210.5625
100404.671875
100614.6484375
100855.2578125
101134.5703125
101421.453125
101701.875
101948.6875
102212.734375
102469.9453125
102743.4140625
103021.2265625
103342.0859375
103668.71875
103978.1015625
104267.8671875
104571.203125
104821.0859375
104993.09375
105099.0703125
105183.0859375
105227.1875
105254.09375
105311.3359375
105494.7890625
105839.5546875
106091.1015625
106272.609375
106393.4609375
106481.46875
106537.2890625
106564.21875
106572.15625
106560.53125
106529.8984375
106484.1796875
106419.390625
106340.2734375
106255.3359375
106163.2578125
106073.7578125
106004.03125
