20000.0
20000.0
20000.0
20000.0
20000.0
19999.998046875
20000.0
20000.0
20000.0
20000.0
20000.0
20000.0
20000.0
20000.0
20000.0
20000.0
20000.0
20000.0
20000.0
20000.0
20000.0
20000.0
20000.0
20000.0
20000.0
20000.0
20000.0
20000.0
20000.0
19999.599609375
19999.970703125
20000.0
20000.0
19999.9765625
20000.0
20000.0
19999.998046875
19448.142578125
18719.845703125
18096.115234375
17524.85546875
17010.701171875
16566.986328125
16118.2958984375
15739.1044921875
15375.3759765625
15046.166015625
14726.86328125
14426.427734375
14151.21875
13881.6201171875
13632.8876953125
13387.2685546875
13146.12109375
12934.8994140625
12711.28515625
12504.2685546875
12305.5498046875
12136.5185546875
11913.5439453125
11704.79296875
11530.2978515625
11363.26953125
11210.5791015625
11060.3017578125
10915.0986328125
10787.88671875
10648.8076171875
10539.232421875
10432.9580078125
10330.869140625
10225.501953125
10120.7900390625
10020.6533203125
9894.564453125
9732.9189453125
9557.2060546875
9396.4306640625
9271.9189453125
9154.39453125
9055.77734375
8962.9091796875
8870.685546875
8771.3330078125
8672.87890625
8578.935546875
8476.302734375
8370.2646484375
8260.10546875
8154.865234375
8061.20556640625
7956.6416015625
7845.71728515625
7734.22998046875
7634.06787109375
7537.49853515625
7444.41357421875
7355.2822265625
7265.20263671875
7181.03271484375
7097.96435546875
7018.83544921875
6950.9013671875
6878.505859375
6809.2177734375
6737.2607421875
6668.05322265625
6597.44580078125
6527.91357421875
6461.6064453125
6393.9326171875
6329.34619140625
6262.64111328125
6195.79296875
6135.6025390625
6069.7822265625
6008.5615234375
5951.29931640625
5897.93359375
5842.42041015625
5785.962890625
5730.54150390625
5672.48876953125
5615.96484375
5557.71826171875
