25400.0
25400.0
24694.435546875
23269.642578125
22584.072265625
22050.96484375
22453.048828125
23062.6015625
23721.078125
23921.5234375
23932.072265625
23947.818359375
23967.625
23995.232421875
24031.8359375
24758.896484375
29450.017578125
38075.34375
45944.10546875
52889.3828125
61209.30078125
67980.625
73915.359375
79036.21875
83274.6953125
87017.828125
89927.3984375
92623.8984375
94812.8828125
96447.9296875
98009.1015625
99270.828125
100257.546875
101166.6171875
102543.9453125
103722.3984375
104676.125
105487.671875
106125.53125
106637.5390625
107059.4296875
107369.1875
107639.359375
107839.2578125
107988.1015625
108082.1171875
108141.5234375
108152.6171875
108120.15625
108047.9609375
107951.9765625
107845.1171875
107724.8828125
107600.2421875
107449.1796875
107290.8828125
107116.1875
106978.7890625
106832.546875
106665.984375
106492.6875
106307.9921875
106128.4296875
105957.7890625
105790.3125
105638.453125
105493.0703125
105350.359375
105196.4140625
105046.4453125
104892.921875
104740.8828125
104597.9921875
104455.0859375
104321.921875
104200.109375
104091.015625
104001.4453125
103905.53125
103814.4296875
103721.4765625
103631.03125
103537.5703125
103447.96875
103363.625
103279.53125
103199.65625
103117.5859375
103038.609375
102970.609375
102895.546875
102823.7890625
102751.3046875
102680.671875
102607.9453125
102507.8828125
102405.9375
102302.2109375
102208.296875
102115.46875
102034.734375
101979.5078125
101914.21875
101847.4296875
101776.390625
101708.671875
101640.5859375
101568.2578125
101499.4921875
101431.5625
101366.453125
101293.3671875
101225.3515625
101166.984375
101107.1953125
101051.0390625
100994.46875
100941.921875
100889.359375
100838.875
100791.9375
100744.6796875
100696.796875
100645.59375
