25400.0
25400.0
25400.0
25400.0
25400.0
25400.0
25400.0
25400.0
25400.0
25400.0
25400.0
25400.0
25400.0
25400.0
25400.0
25400.0
25400.0
25400.0
25400.0
25400.0
25400.0
25400.0
25400.0
25400.0
25400.0
25400.0
25400.0
25400.0
25400.0
25400.0
25400.0
25400.0
25400.0
27768.92578125
42791.8828125
57151.44921875
68575.9375
78479.6953125
85853.46875
92675.71875
99003.5
103958.875
108556.890625
112293.203125
115583.65625
118536.59375
121421.3203125
124080.53125
126205.6640625
128077.0078125
129711.5078125
131262.65625
132656.96875
133808.75
134989.46875
136091.328125
137129.546875
138125.796875
139061.515625
139881.546875
140559.828125
141216.84375
141817.359375
142338.28125
142754.234375
143176.8125
143696.65625
144216.078125
144665.6875
145098.90625
147113.09375
148870.625
149250.734375
148424.125
146925.765625
150315.875
152923.34375
155586.671875
158195.171875
160327.6875
162249.640625
164457.15625
167173.34375
169885.578125
172474.828125
170969.5
168321.265625
166002.046875
164033.953125
162539.640625
160928.03125
159466.96875
158082.78125
156851.5
155679.234375
154577.46875
153677.1875
152819.328125
152012.109375
151204.46875
150456.09375
149836.515625
149171.9375
148544.671875
147940.90625
147493.390625
147003.734375
146523.0625
146053.21875
145441.78125
144801.703125
144140.296875
143487.375
142997.859375
142546.578125
142071.71875
141561.15625
141043.328125
140481.953125
139769.859375
139033.640625
138234.765625
137441.125
136600.203125
