25400.0
25400.0
24790.49609375
25444.763671875
25224.45703125
24650.96484375
23753.0625
23260.306640625
23115.89453125
23112.75
23267.169921875
23679.15625
24521.66015625
24868.576171875
24973.3515625
25008.6875
25031.298828125
25050.984375
25072.12890625
25091.966796875
25107.70703125
25119.845703125
25147.03125
25164.931640625
25226.962890625
25729.775390625
27904.171875
33711.5078125
42255.125
49908.75
54467.234375
58072.16796875
61743.984375
65878.21875
69547.0
73095.2890625
76243.9140625
79187.15625
82412.7109375
85305.109375
88296.6015625
91687.6875
94974.796875
98102.578125
100734.8203125
102237.6171875
102513.734375
103090.1484375
103677.6484375
104551.9140625
105373.1953125
105947.46875
106429.609375
106762.25
107010.9375
107205.515625
107335.5859375
107447.0546875
107506.8515625
107513.328125
107523.53125
107552.4453125
107617.5390625
107815.7109375
108145.71875
108468.8515625
108783.4453125
109044.328125
109244.734375
109400.34375
109471.8671875
109455.5234375
109404.1015625
109256.2578125
109053.796875
108839.921875
108564.1640625
108395.8984375
108463.0546875
108461.0390625
108442.515625
108401.8515625
108317.0078125
108227.8515625
108140.4765625
108017.5703125
107865.609375
107702.3515625
107530.265625
107359.8046875
107188.5390625
107021.9609375
106872.890625
106699.9140625
106524.3984375
106341.46875
106283.0859375
106313.5859375
106377.1796875
106435.828125
106479.875
106537.421875
106672.9609375
106853.5390625
106929.3125
106904.0859375
106840.734375
106753.25
106654.4609375
106563.8125
106464.46875
106326.9609375
106265.25
106080.1640625
105885.3671875
105778.6640625
105704.2890625
105594.96875
105468.296875
105348.7578125
105236.515625
105124.828125
105043.0390625
105034.984375
105110.5859375
105229.375
105399.96875
