25400.0
25400.0
25400.0
25400.0
25400.0
25400.0
25400.0
25400.0
25400.0
25400.0
25400.0
25400.0
25400.0
25400.0
25400.0
25400.0
25400.0
25400.0
25400.0
25400.0
25400.0
25400.0
25400.0
25400.0
29203.5390625
46837.98828125
62197.21484375
76021.765625
87657.5234375
96847.203125
105733.171875
113492.78125
120072.3671875
125302.4921875
129826.171875
133700.46875
135073.78125
133767.671875
132299.0625
130699.3046875
129149.71875
127780.046875
126295.8125
124920.7421875
123519.4140625
122197.7265625
120878.921875
119625.5078125
118446.6328125
117291.1640625
116274.1875
115328.0
114450.484375
113711.6796875
112942.890625
112247.984375
111553.8046875
110913.3046875
110249.7109375
109608.71875
109029.34375
108475.8671875
107829.8828125
107179.15625
106539.015625
105979.265625
105384.0078125
104885.0859375
104442.5234375
104084.390625
103683.3125
103278.546875
102917.7578125
102569.8671875
102209.359375
101863.8984375
101690.21875
101508.4609375
101364.9453125
101240.4609375
101063.265625
100882.0390625
100701.625
100569.2734375
100502.4140625
100472.25
100447.4921875
100487.265625
100562.375
100605.734375
100639.71875
100723.2734375
100856.9921875
101275.328125
101768.7890625
102166.4296875
102572.671875
103023.7890625
103483.7734375
104048.078125
104625.3125
105129.140625
105659.3046875
106150.9375
106633.578125
107073.09375
107495.6875
107883.421875
108249.265625
108591.296875
108894.75
109185.765625
109466.171875
109711.390625
109983.6171875
110248.9765625
110512.6171875
110759.171875
111026.5234375
111287.7890625
111523.8046875
111789.0703125
112037.25
112271.484375
