25400.0
25400.0
25400.0
25400.0
25400.0
25400.0
25400.0
25400.0
25400.0
25400.0
25400.0
25400.0
25400.0
25400.0
25400.0
25400.0
25400.0
25400.0
25400.0
25400.0
25400.0
25400.0
25400.0
25400.0
34093.0
55490.56640625
73016.2890625
87389.4921875
98531.3203125
107584.046875
116660.5078125
124233.8828125
130989.4375
136867.625
141548.8125
145116.21875
147855.15625
150076.40625
151676.546875
148247.984375
144914.265625
142096.25
139162.03125
136539.46875
134027.421875
131769.828125
129284.796875
127003.6953125
124999.2578125
123106.34375
121299.3125
119532.859375
117883.6875
116945.6171875
115824.9296875
114728.015625
113917.078125
113047.2578125
112355.2421875
111762.9296875
111293.2734375
110793.875
110468.0
110273.15625
110127.734375
110028.546875
109921.9453125
109832.8984375
109789.8515625
109820.2890625
109954.7265625
110065.265625
110150.2421875
110238.8671875
110339.765625
110456.46875
110565.09375
110654.171875
110745.6640625
110828.375
110898.578125
110968.1875
111051.3046875
111141.421875
111216.3359375
111270.46875
111312.8671875
111351.609375
111360.6953125
111328.4453125
111289.484375
111254.59375
111221.6328125
111188.53125
111149.2734375
111082.90625
111001.671875
110901.640625
110791.6875
110665.5703125
110527.8125
110389.65625
110224.1640625
110058.1953125
109880.859375
109693.8515625
109478.109375
109272.1953125
109097.96875
108931.28125
108772.2890625
108614.8671875
108467.421875
108338.5859375
108200.1171875
108071.546875
107943.9765625
107824.5
107706.0625
107591.015625
107483.84375
107377.828125
107279.046875
107178.53125
