25400.0
25400.0
25400.0
25400.0
25400.0
25400.0
25400.0
25400.0
25400.0
25400.0
25400.0
25400.0
25400.0
25400.0
25400.0
25400.0
25400.0
25400.0
25400.0
25400.0
25400.0
25400.0
26251.166015625
37159.609375
49900.13671875
70479.28125
86750.9453125
100275.828125
112977.890625
122252.6484375
128998.0625
133157.234375
135802.5625
137441.46875
138366.484375
139872.75
140711.328125
141354.453125
137547.5625
134278.96875
131197.046875
128509.4609375
126055.0625
123926.3359375
122190.8828125
120022.9453125
118016.3359375
116176.0
114590.578125
113153.2265625
111796.2265625
110506.3671875
109466.7578125
108550.25
107746.7265625
107102.40625
106563.03125
106057.875
105649.75
105272.9453125
104942.1484375
104653.796875
104492.015625
104557.5859375
104773.03125
104943.34375
105145.625
105391.8046875
105624.328125
105892.8515625
106151.4375
106410.4453125
106660.1328125
106934.453125
107251.1171875
107597.671875
108025.9140625
108442.65625
108888.4921875
109337.5859375
109740.09375
110188.0390625
110633.8203125
111090.1484375
111540.6015625
112013.890625
112493.1875
112996.6796875
113518.6875
113985.5703125
114416.9375
114795.6875
115146.5546875
115391.734375
115507.1328125
115515.5703125
115429.671875
115271.9453125
115085.03125
114917.375
114706.6484375
114494.2109375
114296.90625
114140.46875
114071.1171875
114265.53125
114460.75
114619.2265625
114727.3125
114796.265625
114829.984375
114836.4921875
114820.984375
114787.0703125
114734.2265625
114672.6015625
114613.9140625
114540.390625
114448.953125
114330.6015625
114194.546875
114031.453125
113841.28125
113642.3125
113417.578125
113216.7421875
113006.46875
