25400.0
25400.0
25400.0
25400.0
25400.0
25400.0
25400.0
25400.0
25400.0
25400.0
25400.0
25400.0
25400.0
25400.0
25400.0
25400.0
25400.0
25400.0
25400.0
25400.0
29853.833984375
50792.44921875
69968.421875
85677.015625
97967.203125
108364.4140625
117417.2265625
124128.1640625
129667.8046875
133848.875
136578.53125
138937.125
140755.90625
142262.8125
143438.015625
144402.734375
144771.71875
145449.5
147252.0625
141085.34375
136070.828125
131718.9375
129128.9375
126175.4375
123729.4296875
121864.9296875
120301.171875
119031.8046875
118022.7890625
117269.8359375
116696.625
116278.28125
115920.4375
115606.2578125
115463.828125
115556.03125
115614.4609375
115689.5703125
115733.0
115764.484375
115771.375
115744.265625
115666.2109375
115503.9140625
115297.9140625
115103.171875
114895.8984375
114597.828125
114276.34375
113939.359375
113612.5625
113270.8828125
112938.25
112627.2734375
112319.53125
112033.875
111752.5546875
111499.34375
111313.859375
111141.3359375
110985.9921875
110860.8671875
110720.71875
110534.1015625
110296.078125
110032.0390625
109748.3359375
109523.6328125
109430.734375
109730.53125
109959.2890625
110134.21875
110248.0078125
110318.7265625
110351.0703125
110355.7578125
110351.15625
110348.4609375
110343.7421875
110325.7890625
110274.65625
110218.703125
110191.171875
110148.6875
110099.1171875
110043.703125
109988.9296875
109929.09375
109865.234375
109801.4375
109737.0703125
109675.109375
109606.5546875
109531.546875
109452.859375
109360.8046875
109272.640625
109184.046875
109100.84375
109016.1875
108932.9609375
108851.328125
108762.328125
108676.2421875
108589.015625
