25400.0
25400.0
25400.0
25400.0
25400.0
25400.0
25400.0
25400.0
25400.0
25400.0
25400.0
25400.0
25400.0
25400.0
25400.0
25400.0
25400.0
25400.0
38976.17578125
59123.12890625
77947.9140625
92011.4921875
104818.6015625
115505.4296875
123862.140625
130624.375
136039.578125
140134.84375
138526.6875
135837.59375
132981.53125
130384.8046875
127821.3046875
125527.453125
123348.828125
121398.5234375
119723.40625
118179.3984375
116766.6953125
115403.171875
114085.828125
112801.2265625
111418.84375
110174.0546875
108982.734375
107881.390625
106782.4296875
105730.4375
104950.875
104466.7578125
104133.859375
103818.8046875
103483.4765625
103192.1484375
102956.65625
102776.1953125
102649.6875
102557.171875
102472.109375
102457.4296875
102603.2734375
102870.671875
103274.0859375
103788.0390625
104359.03125
104911.3359375
105666.0859375
106565.203125
107472.515625
108262.5625
108996.0390625
109674.5390625
110272.8125
110848.1328125
111351.515625
111830.7109375
112298.3046875
112708.9765625
113162.625
113564.1796875
113937.9453125
114264.875
114596.2578125
114965.3125
115272.9296875
115541.46875
115777.71875
115987.5859375
116156.3125
116273.8671875
116367.046875
116431.2109375
116505.3515625
116781.2578125
117323.5234375
117801.4296875
118182.015625
118458.625
118566.234375
118638.8828125
118590.6640625
118534.6640625
118475.390625
118412.9765625
118325.84375
118174.8828125
117929.5625
117607.734375
117246.984375
116844.8125
116440.0859375
116010.109375
115575.625
115180.3046875
114850.40625
114686.6640625
114520.5078125
114337.7265625
114125.7578125
113895.578125
113656.78125
113388.921875
113126.5
112856.25
