25400.0
25400.0
25400.0
25400.0
25400.0
25400.0
25400.0
25400.0
25400.0
25400.0
25400.0
25400.0
25400.0
25400.0
25400.0
25400.0
25400.0
25400.0
25400.0
25400.0
25400.001953125
25400.0
25400.0
25400.0
28067.529296875
48921.69921875
69643.40625
86492.1328125
99941.171875
108582.96875
114963.75
119116.390625
121523.84375
124234.953125
127260.0859375
130744.5
133875.203125
133392.25
131682.9375
129946.5078125
128225.515625
126685.53125
125076.359375
123572.6875
122010.0078125
120541.8984375
119141.75
117863.890625
116752.921875
115711.3359375
114793.3359375
113920.015625
113115.1015625
112519.7109375
111665.265625
110827.84375
110014.640625
109277.4609375
108564.734375
107891.859375
107288.9921875
106749.75
106327.1484375
105973.296875
105604.2265625
105266.2265625
104893.65625
104542.6171875
104290.53125
104251.609375
104336.53125
104384.765625
104342.4375
104208.6328125
104041.6953125
103862.984375
103803.546875
103810.96875
103960.296875
104107.3203125
104256.6171875
104414.3671875
104572.0234375
104676.4453125
104713.453125
104698.671875
104660.7421875
104635.0078125
104641.2734375
104669.5703125
104753.796875
104882.328125
105074.2578125
105270.1875
105454.0234375
105610.140625
105745.3515625
105901.5625
106074.1875
106259.140625
106454.53125
106640.703125
106856.3359375
107069.984375
107291.3046875
107500.2734375
107710.3984375
107917.5546875
108117.78125
108327.5234375
108532.734375
108752.7890625
108980.53125
109191.796875
109430.8984375
109649.0546875
109841.3203125
110059.5234375
110315.7109375
110605.8984375
110898.65625
111187.4453125
111450.484375
111705.75
