25400.0
25400.0
25399.94921875
25006.7890625
24813.90625
24813.90625
24813.90625
24845.1953125
24891.2734375
24900.6484375
24904.0234375
24906.5859375
24908.921875
24911.041015625
24913.11328125
24916.189453125
24918.466796875
24920.10546875
24921.486328125
24922.837890625
24924.09765625
24925.310546875
24926.43359375
24927.46484375
24928.259765625
24928.841796875
24929.572265625
24944.0
29798.705078125
41150.9453125
49725.53125
58069.65625
66981.828125
74599.1953125
80539.8359375
85604.1328125
90012.8515625
94315.9140625
98507.46875
102374.765625
106324.7421875
109882.265625
112858.4765625
115957.578125
118691.75
121305.6796875
123815.8203125
126363.4921875
128729.765625
130779.4765625
131063.484375
129880.21875
128706.609375
127551.0703125
126504.5625
125365.78125
124344.1953125
123278.1015625
122340.4296875
121495.421875
120662.625
119848.75
119018.3359375
118203.4453125
117395.6328125
116654.0
116028.5390625
115347.4765625
114776.7265625
114152.984375
113538.953125
112926.78125
112326.6484375
111760.5703125
111294.8359375
111153.8046875
111040.828125
110763.890625
110492.8984375
110087.375
109728.828125
109408.796875
109131.3359375
108868.71875
108825.765625
108712.4296875
108445.5703125
108116.40625
107724.0390625
107341.2734375
107022.0
106692.03125
106386.0078125
106080.5390625
105788.6953125
105519.2109375
105284.7890625
105112.3828125
104937.984375
104766.8046875
104586.390625
104405.1328125
104245.1328125
104080.0234375
103939.5546875
103825.296875
103747.03125
103698.046875
103681.453125
103695.7578125
103725.59375
103766.4375
103823.8984375
103913.5703125
104023.046875
104174.640625
104343.8828125
104569.109375
104803.3203125
105041.03125
105283.2421875
105524.921875
105776.359375
106007.78125
106194.5078125
