25400.0
25400.0
25394.07421875
24911.771484375
24698.1484375
24714.875
24838.037109375
24904.349609375
24922.408203125
24930.142578125
24935.453125
24940.3203125
24944.896484375
24949.111328125
24953.1640625
24958.369140625
24962.96484375
24966.2578125
24968.84765625
24971.353515625
24973.466796875
24975.638671875
24976.603515625
24977.404296875
26915.75
34285.12890625
44712.64453125
53014.4921875
61043.58203125
69420.3671875
77044.453125
83974.9296875
89391.0390625
94164.3515625
98213.1328125
101867.96875
105036.34375
107979.6171875
111047.796875
113988.4375
116882.6953125
119577.0
121872.3671875
124241.1953125
126380.6640625
128661.5
130944.296875
133309.65625
132052.578125
130510.5625
129037.46875
127706.7578125
126299.6796875
124915.7890625
123710.6875
122428.25
121137.5703125
119910.1328125
118835.734375
117904.046875
117068.6640625
116322.6484375
115588.015625
114831.484375
114023.0546875
113212.453125
112650.6640625
112193.546875
111881.6875
111655.125
111624.8515625
111418.7734375
111132.265625
110895.8828125
110750.1015625
110841.1484375
110958.8125
111069.8515625
111157.875
111244.25
111295.0234375
111319.796875
111326.015625
111355.0546875
111425.9921875
111512.734375
111601.2578125
111715.3203125
111869.8671875
112046.8046875
112220.1796875
112437.75
112654.3203125
112871.546875
113068.796875
113282.1484375
113562.296875
113833.6953125
114115.796875
114507.46875
114861.7890625
115158.9296875
115390.359375
115614.84375
115808.515625
115983.0703125
116134.9375
116276.9140625
116399.953125
116500.3359375
116594.3046875
116686.9453125
116691.6875
116688.765625
116698.2265625
116717.8046875
116735.28125
116746.6484375
116747.421875
116728.6484375
116715.1171875
116687.890625
116593.6640625
116480.34375
116342.7421875
