25400.0
25400.0
25400.0
25400.0
25400.0
25400.0
25400.0
25400.0
25400.0
25400.0
25400.0
25400.0
25400.0
25400.0
25400.0
38265.91015625
58527.96875
79452.03125
96054.625
110545.1640625
122533.9609375
131803.8125
138428.84375
143425.078125
146880.90625
149272.546875
151175.6875
155991.3125
152845.375
144529.015625
139031.03125
134841.9375
132790.71875
132083.140625
132430.34375
132663.140625
132616.828125
132267.5625
131651.265625
130655.3203125
129508.3515625
128292.2734375
127156.1015625
125900.046875
124718.171875
123574.6171875
122537.3671875
121563.59375
120691.375
119902.3359375
119137.3984375
118445.7734375
117774.9375
117184.1953125
116682.7734375
116190.71875
115729.9609375
115278.6875
114862.65625
114469.296875
114084.8359375
113720.25
113363.0390625
113070.9609375
112735.53125
112372.484375
112070.640625
111764.109375
111489.984375
111201.25
110920.8828125
110697.765625
110499.578125
110300.296875
110104.765625
109915.890625
109716.8125
109458.796875
109212.8046875
108948.71875
108733.546875
108507.0625
108306.0546875
108122.171875
107920.5546875
107714.390625
107639.7421875
107655.59375
107599.40625
107472.59375
107326.7109375
107162.046875
106987.265625
106792.671875
106591.96875
106375.1328125
106155.390625
105941.2265625
105725.9921875
105520.4765625
105311.3828125
105107.671875
104927.125
104731.3203125
104546.3671875
104359.7265625
104180.8359375
104000.8359375
103825.0390625
103661.2578125
103501.6171875
103356.2578125
103214.1640625
103080.9375
102968.515625
102850.7421875
102743.1640625
102651.3984375
102585.3984375
102519.5703125
102461.4453125
102413.3359375
102372.328125
102338.421875
102309.6484375
