25400.0
25400.0
25400.0
25400.0
25400.0
25400.0
25400.0
25400.0
25400.0
25400.0
25400.0
25400.0
25400.0
25400.0
25400.0
25400.0
25400.0
25400.0
25400.0
25400.0
25400.0
25400.0
25400.0
25400.0
25400.0
25400.0
35997.80078125
52290.0078125
67561.7109375
80337.1875
91259.875
100394.828125
108952.9453125
116871.6953125
123649.609375
129182.28125
133441.984375
136929.8125
139728.1875
142040.671875
143751.109375
145077.375
146233.4375
147205.453125
148000.578125
148628.65625
149115.125
149482.90625
153049.015625
153842.265625
151883.328125
146762.609375
142417.9375
139428.796875
136695.71875
134103.421875
131732.640625
129842.75
128239.984375
126851.4453125
125769.109375
124898.6640625
124200.3671875
123578.2734375
123111.265625
122872.125
122901.5078125
122928.21875
123040.265625
123207.3515625
123401.6328125
123687.7109375
123880.546875
124018.6328125
124109.25
124149.171875
124163.5703125
124207.15625
124211.8828125
124188.1328125
124133.34375
124040.03125
123895.875
123709.953125
123490.4921875
123232.5703125
122929.046875
122605.0859375
122266.0625
121934.8359375
121529.71875
121122.1015625
120691.6015625
120270.21875
119832.9453125
119396.1796875
118975.1875
118542.6875
118128.5859375
117706.0
117287.7734375
116910.5234375
116498.0625
116104.0390625
115700.140625
115309.8515625
114911.375
114518.828125
114147.9921875
113776.5546875
113427.421875
113059.8359375
112681.6796875
112348.7109375
111996.7890625
111671.375
111350.59375
111053.1328125
110760.3515625
110503.546875
110380.921875
110246.4140625
110091.265625
109911.71875
