25400.0
25400.0
24054.759765625
22441.728515625
22016.724609375
21886.404296875
22097.869140625
22853.16015625
23600.4609375
24213.61328125
24214.08984375
24215.5234375
24217.14453125
24218.763671875
24221.275390625
24224.048828125
24227.734375
24232.13671875
24236.6328125
24247.73046875
24853.263671875
32527.802734375
44236.5859375
53813.12109375
62206.0390625
68868.890625
74674.09375
79193.578125
82450.0703125
84889.7578125
86284.8203125
87437.5
88422.953125
89655.5859375
90788.125
91715.5546875
92387.75
92921.609375
93354.4609375
93680.703125
93947.0703125
94175.5546875
94356.2890625
94535.46875
94699.78125
94860.2890625
95006.84375
95121.703125
95202.234375
95270.796875
95472.21875
95689.984375
95897.234375
96085.734375
96215.0546875
96327.9140625
96412.671875
96479.4765625
96525.25
96558.5234375
96582.265625
96596.4140625
96604.015625
96605.53125
96600.6328125
96596.140625
96602.390625
96811.953125
97015.40625
97207.7109375
97395.4609375
97611.2421875
97843.109375
98057.828125
98240.9921875
98613.609375
98979.1640625
99387.640625
99760.84375
100136.46875
100451.8984375
100741.390625
101024.984375
101315.4765625
101597.28125
101874.4140625
102152.2578125
102396.5
102600.8203125
102755.15625
102878.7109375
103004.5078125
103106.7578125
103207.34375
103432.90625
103786.0625
104076.625
104290.578125
104453.1875
104568.0
104653.7421875
104711.234375
104742.8671875
104756.96875
104755.4140625
104739.5859375
104734.6328125
104766.7578125
104830.3046875
104877.546875
104894.7734375
104884.7578125
104838.296875
104746.0546875
104672.828125
104600.6953125
104542.859375
104493.609375
104455.8984375
104424.3671875
104395.6171875
104364.65625
104331.2421875
104298.640625
104260.1328125
