25400.0
25400.0
25400.0
25400.0
25400.0
25400.0
25400.0
25400.0
25400.0
25400.0
25400.0
25400.0
25400.0
25400.0
25527.662109375
47427.15234375
70128.765625
87409.09375
102644.28125
114639.5234375
123306.0703125
129381.515625
133951.03125
137424.59375
139964.296875
140910.8125
140974.28125
141744.78125
144142.015625
137524.4375
131615.15625
127678.3125
124091.6171875
121392.5703125
119332.4765625
117854.609375
116860.40625
116180.3203125
115609.3359375
115140.3515625
115015.640625
115139.5390625
115293.0625
115476.671875
115659.2734375
115814.4375
115880.375
115955.890625
115982.3515625
115957.328125
116035.640625
116265.0859375
116562.59375
116777.3125
116929.453125
117178.4609375
117455.75
117754.046875
117978.9453125
117980.609375
117747.5078125
117326.2421875
116777.4921875
116249.46875
116206.8359375
116162.5
116014.40625
115879.265625
115679.1484375
115409.9765625
115062.6015625
114668.3671875
114254.1875
113812.1875
113385.203125
112965.03125
112523.671875
112113.796875
111655.9453125
111207.890625
110735.6328125
110289.0625
109845.6328125
109381.28125
108968.21875
108612.140625
108309.1640625
108010.265625
107778.9609375
107566.453125
107346.640625
107171.1484375
107044.2890625
106947.921875
106859.875
106776.6484375
106696.9296875
106612.9375
106527.71875
106438.046875
106328.359375
106219.2265625
106095.359375
105976.6015625
105859.890625
105755.5703125
105655.6328125
105563.734375
105483.1328125
105408.5078125
105341.8359375
105276.9921875
105213.796875
105156.34375
105085.0
105004.234375
104917.5625
104836.59375
104758.5625
104682.7421875
104610.7734375
104526.4140625
104446.8515625
104356.890625
