25400.0
25400.0
25400.0
25400.0
25400.0
25400.0
25400.0
25400.0
25400.0
25400.0
25400.0
25400.0
25400.0
25400.0
25400.0
25400.0
25400.0
25400.0
25400.0
26332.611328125
45593.11328125
63437.6953125
75234.1171875
84769.5703125
92153.6640625
98036.7734375
102403.46875
105942.5703125
109139.921875
112015.8984375
114255.25
116589.5234375
118518.6171875
120276.7421875
121987.078125
123567.1328125
125116.1796875
126446.953125
127532.8046875
128405.625
130413.890625
131519.421875
132826.265625
132978.328125
129980.953125
126934.2265625
124526.7109375
122467.515625
120686.9609375
119020.8828125
117522.671875
116353.1875
115312.4140625
114373.15625
113661.2890625
112985.90625
112408.09375
111951.21875
111650.2109375
111453.1953125
111377.84375
111558.6328125
112037.1640625
112488.484375
112990.0078125
113532.3984375
114027.1484375
114558.9765625
115057.25
115491.5859375
115858.296875
116212.0546875
116541.640625
116907.9296875
117190.8984375
117381.796875
117499.359375
117546.3203125
117537.6640625
117485.1171875
117403.59375
117320.0
117265.75
117267.6328125
117297.2109375
117304.5234375
117266.625
117216.3359375
117141.3515625
117036.0859375
116913.5
116749.0390625
116577.7265625
116401.125
116231.7578125
116056.6328125
115876.109375
115697.7421875
115511.2265625
115318.5703125
115115.09375
114908.203125
114713.1171875
114492.4375
114275.15625
114043.8828125
113809.578125
113557.3828125
113297.796875
113048.4140625
112788.5859375
112597.9921875
112437.09375
112263.9375
112102.0546875
111919.5859375
111751.6484375
111592.625
111445.1796875
111329.2265625
111267.2265625
111240.1484375
111293.09375
111311.921875
111310.8359375
