25400.0
25400.0
24985.591796875
24440.607421875
24278.744140625
24094.892578125
24056.28515625
24048.234375
24049.8828125
24053.455078125
24059.703125
24067.80078125
24078.55859375
24093.8359375
24121.419921875
24170.517578125
24322.09765625
26830.767578125
33303.0859375
46908.2578125
60602.546875
70321.1953125
75985.8984375
80247.796875
83470.0078125
85833.6328125
87829.890625
89277.3671875
90590.375
91761.7578125
92662.8125
93471.9296875
94102.0625
94682.4609375
95295.3984375
95888.859375
96441.90625
96943.2265625
97426.1171875
97831.734375
98078.5078125
98308.1953125
98519.1796875
98787.2109375
99058.03125
99326.453125
99597.65625
99885.6796875
100186.3359375
100449.0
100665.109375
100868.484375
101427.234375
101877.15625
102225.34375
102554.71875
102801.6875
103039.1796875
103285.7890625
103552.1875
103794.1796875
103973.9609375
104151.546875
104315.0546875
104467.53125
104666.171875
104816.203125
104959.1328125
105056.1015625
105121.5546875
105160.3359375
105184.2890625
105198.3984375
105209.03125
105221.5546875
105225.3984375
105226.9765625
105226.03125
105226.1875
105229.3828125
105229.5
105231.984375
105231.625
105232.7578125
105237.9453125
105242.3984375
105243.765625
105261.140625
105280.5703125
105275.7265625
105256.0859375
105221.0
105178.0625
105124.921875
105068.109375
104998.2421875
104921.3046875
104826.5078125
104723.2890625
104622.8984375
104522.484375
104426.1171875
104351.6171875
104278.421875
104208.7890625
104134.5234375
104058.09375
103974.3359375
103885.625
103778.4296875
103659.1484375
103560.5546875
103472.9296875
103395.7734375
103339.265625
103310.4453125
103283.234375
103263.6328125
103220.46875
103149.9140625
103066.4453125
102972.890625
102911.578125
102828.0234375
102733.1015625
