25400.0
25400.0
25400.0
25356.013671875
25356.01171875
25356.01171875
25356.01171875
25356.01171875
25356.01171875
25356.01171875
25356.01171875
25356.01171875
25356.01171875
25356.01171875
25356.01171875
25356.01171875
25356.01171875
25356.01171875
25356.01171875
25356.01171875
28866.841796875
49815.67578125
67862.09375
83682.4921875
94053.390625
100153.859375
104391.828125
108254.5
112214.0
115405.8671875
117895.78125
120739.765625
122946.3671875
124757.0
126419.4296875
127996.46875
129476.8046875
130654.0546875
131609.359375
133506.65625
136590.015625
137998.640625
139311.4375
136418.046875
133644.546875
130662.6953125
127937.65625
125442.7265625
123651.8203125
122223.0078125
120920.9921875
119898.421875
118920.078125
118116.71875
117517.4453125
117009.75
116675.78125
116584.2734375
116812.6328125
117225.0234375
117703.09375
118123.984375
118403.90625
118589.6875
118699.1484375
118740.3125
118850.15625
119010.1328125
119141.46875
119217.5546875
119146.9140625
118996.2734375
118819.25
118604.296875
118339.8125
118047.6953125
117707.921875
117317.84375
116926.75
116518.90625
116099.9921875
115691.9375
115320.6875
114962.3828125
114617.265625
114288.1875
113982.8984375
113691.7109375
113390.5546875
113091.734375
112826.609375
112542.6015625
112281.265625
112029.140625
111785.9453125
111539.578125
111317.296875
111158.703125
111004.6796875
110888.8125
110811.4140625
110726.796875
110645.890625
110550.265625
110424.1796875
110338.4140625
110303.75
110245.1953125
110164.59375
110025.8515625
109859.140625
109702.65625
109547.921875
109403.0859375
109260.2890625
109052.71875
108811.21875
108562.6015625
108336.34375
108113.375
107892.171875
107788.6015625
107684.171875
107533.4609375
107333.6640625
