25400.0
25400.0
24884.5
25689.671875
25515.78515625
23973.859375
23147.890625
23073.19921875
23957.166015625
24622.044921875
24897.03515625
24969.96484375
24980.455078125
24982.7734375
24986.916015625
24994.916015625
25007.435546875
25020.037109375
25033.69921875
25047.119140625
25059.7421875
25070.228515625
25078.494140625
25086.982421875
25099.6015625
25231.822265625
25727.873046875
27540.162109375
31858.158203125
38345.04296875
47091.734375
56554.87890625
65404.6875
69825.4453125
72690.5390625
74343.2109375
75882.203125
77579.0
79116.9609375
80466.0703125
81595.78125
82535.6953125
83467.015625
84193.5078125
84844.1640625
85390.9765625
86102.2734375
86799.5
87390.3828125
87912.2734375
88349.0703125
88750.2890625
89113.46875
89467.1171875
89951.2109375
90412.3515625
90865.25
91309.2421875
91757.671875
92187.171875
92579.2578125
92964.1328125
93322.8515625
93687.6640625
94022.734375
94308.7109375
94608.8515625
94896.8125
95183.1796875
95416.5859375
95588.640625
95725.1640625
95839.828125
95957.1953125
96067.65625
96260.671875
96456.296875
96637.9296875
96840.8203125
97209.59375
97533.3046875
97790.0
98009.078125
98196.3984375
98354.5546875
98500.96875
98656.3984375
98808.984375
98947.65625
99052.0234375
99147.140625
99227.578125
99315.7265625
99390.5625
99477.5
99553.9609375
99619.2578125
99713.046875
99827.59375
99949.921875
100059.15625
100165.765625
100288.8515625
100419.984375
100554.8046875
100811.828125
101104.1953125
101360.265625
101585.9921875
101820.515625
102061.25
102313.9375
102560.6328125
102773.6484375
102992.3359375
103182.8671875
103378.53125
103558.390625
103731.2578125
103888.3515625
103979.5703125
104054.09375
104143.4140625
104241.859375
