25400.0
25400.0
25400.0
25400.0
25400.0
25400.0
25400.0
25400.0
25400.0
25400.0
25400.0
25400.0
25400.0
25400.0
25400.0
25400.0
25400.0
25400.0
25400.0
25400.0
36321.24609375
55142.41015625
70205.40625
82485.1484375
92135.1796875
99401.765625
105858.3046875
111067.7890625
115193.8203125
118588.2265625
121364.78125
124007.953125
126185.5703125
128313.71875
130180.15625
131843.1875
133337.515625
134536.5
135343.734375
135865.5625
136476.40625
138639.1875
138319.5
137095.96875
138388.5
138742.671875
134137.984375
130589.84375
127724.5390625
125483.25
123782.8046875
122623.171875
121820.2265625
121262.5078125
121037.7421875
121082.625
121373.140625
122094.5546875
123510.109375
124497.640625
125131.1875
126082.3671875
127025.3203125
127534.96875
127801.421875
127965.21875
128002.890625
127970.3203125
127842.921875
127571.453125
127230.625
126869.390625
126500.0234375
126115.1953125
125683.5859375
125218.9453125
124719.890625
124258.65625
123823.359375
123313.203125
122791.1171875
122069.59375
121375.6328125
120629.640625
119944.265625
119345.3046875
118850.5078125
118531.125
118332.1328125
118099.8125
117876.4921875
117619.3828125
117354.7109375
117065.3359375
116759.171875
116435.75
116098.015625
115756.796875
115396.9375
115040.5234375
114667.6015625
114299.5
113969.3203125
113604.9375
113254.171875
112889.8359375
112561.578125
112241.8828125
111901.96875
111562.578125
111216.1875
110878.7734375
110557.8828125
110256.171875
109996.3203125
109720.96875
109463.234375
109204.234375
108959.859375
108714.578125
108475.4453125
108247.8671875
108015.1171875
107793.234375
107566.4765625
