25400.0
25400.0
25400.0
24781.771484375
24652.66015625
24545.31640625
24307.353515625
24136.458984375
24105.64453125
24101.408203125
24102.783203125
24105.84375
24109.482421875
24114.11328125
24120.97265625
24128.697265625
24137.6640625
24147.82421875
24158.9375
24173.724609375
24191.70703125
24216.669921875
24248.060546875
24292.830078125
24344.7109375
24405.1171875
24482.357421875
25356.158203125
27270.55859375
31188.19140625
37302.95703125
44994.1015625
53762.7890625
64317.6796875
74696.2109375
84052.2265625
92284.921875
99259.7890625
106261.6953125
112558.625
118459.0234375
123632.3671875
127474.484375
131035.6171875
132305.03125
131503.859375
130698.1171875
129822.1953125
128857.7734375
127854.2109375
126751.421875
125667.9453125
124574.34375
123508.0703125
122566.3828125
121550.7265625
120622.3359375
119695.96875
118775.5234375
117856.703125
116931.8125
116031.65625
115128.75
114248.453125
113391.7421875
112620.671875
111970.625
111311.15625
110762.125
110231.0703125
109729.2734375
109217.8984375
108714.25
108258.234375
107783.78125
107389.78125
106896.1015625
106323.875
105823.109375
105295.578125
104815.171875
104345.6328125
103915.359375
103601.1328125
103485.734375
103315.2578125
103109.8828125
102878.4296875
102650.6796875
102360.53125
102081.8515625
101781.0703125
101498.5390625
101223.7578125
101004.203125
100817.953125
100669.4453125
100523.875
100393.453125
100350.71875
100366.765625
100392.6953125
100391.421875
100344.84375
100264.7890625
100154.90625
100035.921875
99904.90625
99772.484375
99642.2265625
99514.484375
99412.296875
99341.921875
99304.828125
99299.9140625
99321.28125
99349.3359375
99360.5
99344.234375
99298.59375
99234.109375
99167.1015625
99106.171875
99054.4296875
99025.5546875
