25400.0
25400.0
25400.0
25400.0
25400.0
25400.0
25400.0
25400.0
25400.0
25400.0
25400.0
25400.0
25400.0
25400.0
25400.0
25400.0
25400.0
25400.0
25400.0
25400.0
25400.0
34990.24609375
54412.41796875
72017.7734375
85793.6640625
97108.7890625
106456.9453125
113688.921875
119032.1015625
123506.8671875
126531.171875
128565.828125
130012.6484375
131416.34375
133027.5625
134608.921875
134817.25
131591.796875
128639.9453125
126057.328125
123651.3515625
121462.6953125
119532.1171875
117462.9921875
115669.328125
114001.7109375
112511.6875
111093.484375
109804.21875
108570.5703125
107396.1484375
106457.5390625
105896.1640625
105398.1015625
104900.46875
104393.3984375
103945.71875
103612.65625
103349.0390625
103181.7578125
103108.59375
103108.640625
103090.796875
103103.5859375
103303.109375
103734.2890625
104162.7421875
104735.0859375
105346.6953125
106002.078125
106682.703125
107454.15625
108182.953125
108840.7578125
109512.078125
110131.0859375
110830.015625
111548.125
112198.390625
112899.0703125
113628.875
114276.1015625
114750.34375
115143.8046875
115421.78125
115601.7109375
115716.59375
115763.3046875
115768.515625
115715.15625
115867.7421875
115981.1796875
116008.953125
116003.203125
115972.890625
115918.3046875
115928.78125
115930.78125
115888.25
115795.734375
115653.15625
115474.2265625
115288.28125
115060.84375
114828.9921875
114585.7265625
114350.0703125
114096.4453125
113830.765625
113565.4140625
113287.8671875
113019.4921875
112742.7265625
112467.34375
112220.34375
111949.2734375
111687.2109375
111415.671875
111151.7109375
110921.3203125
110706.671875
110500.2109375
110344.03125
110192.328125
110029.546875
