25400.0
25400.0
25400.0
25400.0
25400.0
25400.0
25400.0
25400.0
25400.0
25400.0
25400.0
25400.0
25400.0
25400.0
25400.0
25400.0
25400.0
25400.0
25400.0
29315.662109375
45698.58203125
61672.85546875
77474.703125
90733.9140625
101808.078125
111761.6875
119766.8828125
126371.8125
131654.421875
135791.65625
139307.5625
141972.859375
144138.640625
145713.890625
147026.375
148186.46875
150220.90625
153936.875
153916.453125
150394.671875
144874.390625
141166.75
137609.984375
135102.421875
133101.125
131759.75
130751.9296875
130006.9453125
129529.75
129017.7890625
128409.3359375
127728.6640625
126985.8671875
126247.8828125
125440.7890625
124618.3828125
123722.703125
122857.6796875
121988.015625
121146.375
120364.453125
119593.3984375
118891.7109375
118207.0078125
117556.9921875
116994.21875
116404.0859375
115868.140625
115353.140625
114893.421875
114466.7265625
114073.0625
113719.0234375
113383.375
113084.9765625
112809.8046875
112595.015625
112427.34375
112276.9296875
112154.4296875
112047.4296875
111958.75
111881.2265625
111825.484375
111788.5390625
111789.1171875
111843.1640625
111952.875
112046.1484375
112086.9453125
112061.8203125
111968.1796875
111831.109375
111623.8515625
111383.1953125
111145.921875
111126.828125
111197.25
111244.265625
111256.765625
111256.125
111217.75
111141.7265625
111001.5078125
110802.9453125
110606.640625
110396.453125
110179.2109375
109963.5234375
109739.25
109522.0234375
109300.125
109083.71875
108893.046875
108691.8203125
108510.3515625
108327.8203125
108165.3671875
108009.921875
107870.015625
107750.2890625
107623.59375
107502.7734375
107384.109375
