25400.0
25400.0
25400.0
25400.0
25400.0
25400.0
25400.0
25400.0
25400.0
25400.0
25400.0
25400.0
25400.0
25400.0
25400.0
25400.0
25400.0
25400.0
25400.0
25400.0
25400.0
31261.048828125
50945.28125
69757.9609375
85914.359375
98813.328125
109903.6171875
119304.96875
127166.171875
133408.5
138112.5
142088.578125
145013.09375
147319.546875
148897.90625
150072.90625
150946.09375
151643.4375
155800.34375
157373.765625
155614.515625
156795.78125
151422.296875
147461.6875
145034.03125
143809.703125
144086.1875
144430.65625
144625.984375
144763.171875
144637.6875
144316.140625
143756.21875
142940.59375
141958.546875
140657.140625
139277.0625
137761.140625
136314.3125
134862.546875
133473.296875
132210.640625
130946.2421875
129759.890625
128579.6015625
127443.7109375
126457.2109375
125402.7578125
124415.734375
123432.5
122515.296875
121604.203125
120736.5234375
119936.0703125
119137.7578125
118390.8125
117620.40625
116890.1796875
116261.1484375
115593.8515625
114970.4453125
114347.6171875
113764.8125
113182.828125
112623.3125
112099.0390625
111574.46875
111081.828125
110572.8828125
110085.2890625
109660.9921875
109213.15625
108815.5
108423.7734375
108059.625
107697.8125
107350.7421875
107027.9296875
106708.09375
106413.046875
106122.6640625
105849.90625
105614.59375
105368.0390625
105138.65625
104909.4609375
104696.53125
104486.640625
104280.6171875
104080.0
103885.1015625
103704.46875
103524.8828125
103356.4765625
103213.1640625
103061.5625
102923.1484375
102791.296875
102671.53125
102556.4609375
102450.296875
102356.2890625
102266.9375
102184.2578125
102101.0625
