25400.0
25400.0
25400.0
25153.455078125
24856.673828125
24732.37109375
24732.37109375
24801.52734375
24813.748046875
24816.044921875
24817.498046875
24819.1484375
24820.939453125
24822.73828125
24824.568359375
24826.3125
24828.53125
24830.9765625
24832.484375
24833.873046875
24835.150390625
24836.361328125
24837.46484375
24838.50390625
24839.017578125
24839.072265625
24851.265625
27798.044921875
39235.80859375
51140.94140625
61543.91796875
73409.4765625
82662.7109375
91193.0625
99047.78125
106128.8359375
112258.109375
117237.0078125
121586.046875
125454.5390625
128687.453125
131521.28125
133799.5
135909.3125
137662.171875
139425.6875
140833.875
142061.3125
141698.375
139099.171875
136683.578125
134503.03125
132380.828125
130291.8203125
128527.1796875
126755.4296875
124869.1328125
123104.484375
121508.859375
119849.6953125
118279.6953125
117063.5
116185.25
115234.7265625
114126.0234375
112970.515625
111944.4609375
111080.265625
110504.8046875
109910.484375
109354.453125
108730.5703125
108124.8828125
107571.171875
107030.2421875
106513.9296875
106026.015625
105598.40625
105257.9921875
104929.515625
104661.4765625
104395.921875
104141.0390625
103894.8046875
103685.9765625
103489.4453125
103314.0078125
103191.1484375
103059.375
102941.6796875
102876.2421875
102867.2578125
102891.03125
102975.25
103109.0546875
103295.3125
103522.984375
103774.3125
104061.2734375
104356.703125
104680.3125
105039.3671875
105474.359375
105971.0625
106436.1953125
106892.53125
107310.90625
107743.4921875
108158.1328125
108536.3984375
108905.1875
109242.6015625
109598.75
109943.0703125
110235.734375
110542.5546875
110826.46875
111105.8671875
111338.953125
111487.1484375
111690.6796875
111904.0390625
112124.6796875
112331.421875
112538.765625
