25400.0
25400.0
25400.0
25234.521484375
24963.640625
24963.640625
24963.640625
24963.640625
24963.640625
24963.640625
24963.640625
24963.640625
24973.623046875
25002.748046875
25010.119140625
25012.720703125
25014.876953125
25016.763671875
25017.814453125
25018.361328125
25017.275390625
25016.07421875
25017.248046875
31280.875
47027.9453125
63613.0859375
80583.25
93878.109375
105360.1953125
114969.9765625
125522.2578125
131500.53125
132578.40625
132897.6875
132439.65625
131594.453125
130496.984375
129189.9921875
127825.84375
126273.90625
124635.3671875
123145.4296875
121514.1640625
120021.515625
118524.4921875
117144.1171875
115801.515625
114569.3125
113690.2578125
112807.1015625
111950.7109375
111086.7421875
110331.3671875
109669.4296875
108974.6953125
108377.453125
107893.0703125
107342.9375
106780.484375
106251.7890625
105864.53125
105658.453125
105468.46875
105248.3359375
105043.0859375
104887.3828125
104708.09375
104499.5390625
104282.0234375
104083.8828125
103859.7890625
103614.421875
103478.125
103374.6875
103277.921875
103163.6171875
103020.453125
102874.5
102780.1015625
102785.9296875
102800.5625
102767.6640625
102671.8515625
102545.1015625
102454.140625
102419.1875
102407.203125
102384.9765625
102337.5078125
102280.34375
102207.8125
102143.6953125
102094.75
102069.8203125
102069.9765625
102095.203125
102140.8203125
102197.46875
102258.2421875
102316.6015625
102362.9609375
102392.0390625
102411.5
102420.125
102419.09375
102410.1953125
102397.828125
102388.6328125
102389.8984375
102416.5390625
102472.6015625
102537.6171875
102604.1953125
102664.5390625
102731.5703125
102808.515625
102884.875
102953.8046875
103020.2578125
103083.8046875
103145.8203125
103213.5234375
103284.2265625
103363.1484375
