25400.0
25400.0
25400.0
25399.126953125
25397.6484375
25394.5546875
25392.17578125
25390.73046875
25389.859375
25389.3828125
25389.3828125
25388.837890625
25388.70703125
25684.416015625
34615.09765625
47980.1171875
72887.4609375
93297.6328125
108153.625
114843.3046875
119760.515625
125890.71875
124333.4296875
122508.7421875
120602.765625
118754.5234375
117000.0
115223.015625
113582.484375
112018.71875
110635.0078125
109587.7109375
108611.84375
107788.828125
107037.984375
106331.1640625
105531.8671875
104793.5546875
104136.7421875
103574.34375
103437.9375
103405.3515625
103333.609375
103223.1328125
103157.7265625
103159.46875
103265.0625
103280.7421875
103152.6640625
102981.421875
102997.09375
103161.265625
103430.0390625
103670.546875
103827.453125
103880.5390625
103914.71875
103944.96875
104012.6875
104152.765625
104380.0546875
104629.5
104844.2109375
105101.3359375
105381.1171875
105690.4765625
105981.9140625
106221.140625
106454.8828125
106653.03125
106829.125
106966.25
107020.828125
107033.765625
107034.90625
107030.03125
107054.28125
107274.4140625
107451.4375
107562.1171875
107663.734375
107796.28125
107969.359375
108132.9921875
108287.2578125
108431.65625
108554.78125
108660.40625
108737.296875
108789.5078125
108807.484375
108802.421875
108785.7578125
108764.6953125
108775.5390625
108803.265625
108832.7890625
108852.25
108926.28125
109038.9296875
109207.2734375
109338.828125
109440.6328125
109511.671875
109564.390625
109575.5
109562.71875
109541.5390625
109512.5859375
109483.0625
109449.1328125
109403.96875
109350.5234375
109295.421875
109276.34375
109228.21875
109145.109375
109046.9921875
108938.59375
108833.109375
108726.3046875
108623.2890625
108529.34375
108436.0859375
108350.6875
108270.7578125
