25400.0
25400.0
25400.0
25400.0
25400.0
25400.0
25400.0
25400.0
25400.0
25400.0
25400.0
25400.0
25400.0
25400.0
25400.0
25400.0
25400.0
25400.0
25400.0
25400.0
25400.0
25400.0
25400.0
25400.0
25400.0
25400.0
34229.88671875
51772.77734375
66322.03125
78140.5234375
88214.2421875
97070.8828125
105261.984375
112149.6015625
118249.515625
123319.9765625
127427.90625
131287.453125
134278.265625
136786.84375
138925.15625
140670.3125
142272.5625
143551.453125
144699.25
145879.671875
146947.015625
147798.9375
148484.71875
151295.109375
153519.65625
148764.71875
144282.375
140562.59375
137688.0625
134942.53125
132568.609375
130786.625
128918.390625
127315.59375
126116.3359375
125059.125
124167.8125
123401.1328125
122700.7109375
122137.5703125
121620.4375
121334.09375
120949.984375
120515.578125
120030.21875
119542.7890625
119079.9296875
118685.265625
118331.25
117969.6796875
117611.140625
117289.3828125
116942.1796875
116617.5859375
116296.7890625
116006.1640625
115732.4375
115484.5703125
115267.203125
115069.4609375
114899.1640625
114749.4375
114630.640625
114587.4453125
114580.2421875
114597.109375
114650.828125
114730.0859375
114868.3515625
115012.2109375
115147.140625
115277.6875
115394.9609375
115506.078125
115607.7265625
115691.0390625
115774.234375
115871.25
115961.9296875
116038.0859375
116108.65625
116043.03125
115995.90625
115974.9765625
115971.625
116029.3203125
116087.890625
116128.9921875
116161.53125
116183.4921875
116199.2265625
116204.9375
116201.7890625
116178.34375
116198.0625
116235.2265625
116264.1328125
116273.140625
