25400.0
25400.0
25400.0
25400.0
25400.0
25398.08203125
25396.28515625
25394.763671875
25393.513671875
25392.591796875
25391.8984375
25391.40234375
25391.064453125
25390.822265625
25390.662109375
25390.546875
25390.470703125
25390.423828125
25390.390625
25390.365234375
25390.3515625
25390.255859375
25390.10546875
25389.912109375
25389.703125
39372.5078125
58811.9140625
76109.2421875
88546.9296875
98610.296875
108549.7421875
117026.40625
124696.0703125
131178.359375
137115.609375
141835.328125
145522.78125
143990.328125
141923.28125
139832.546875
137715.71875
135794.5625
133721.328125
131809.515625
129914.2734375
128166.7578125
126496.0390625
124952.7734375
123573.03125
122272.7734375
121141.1015625
119907.6015625
118605.6015625
117466.296875
116307.8359375
115251.71875
114226.796875
113286.234375
112281.84375
111377.234375
110550.9296875
109835.8515625
109656.3359375
109406.015625
108997.4765625
108719.9296875
108522.046875
108168.359375
107885.390625
107788.7890625
107582.953125
107277.59375
106977.9140625
106737.390625
106650.3671875
106627.0
106611.171875
106581.0390625
106523.03125
106451.2109375
106385.734375
106346.71875
106334.171875
106346.59375
106393.453125
106447.5625
106493.8515625
106572.359375
106648.171875
106708.625
106767.9453125
106821.96875
106851.03125
106871.484375
106899.9140625
106932.7734375
106964.9453125
106994.4140625
107016.6796875
107033.40625
107044.2109375
107051.6015625
107049.4140625
107035.125
107013.59375
106989.046875
106957.125
106917.1796875
106869.9921875
106810.078125
106727.5390625
106639.1796875
106553.0390625
106477.3046875
106395.46875
106315.5625
106224.96875
106131.8671875
106032.3203125
105937.1875
105851.953125
105761.8125
105671.6015625
105575.7578125
