25400.0
25400.0
25398.5703125
24949.484375
24551.89453125
24709.70703125
24626.296875
24562.40625
24543.076171875
24538.455078125
24539.1328125
24541.740234375
24544.998046875
24548.23046875
24551.609375
24554.78515625
24557.89453125
24560.94140625
24563.951171875
24568.453125
24571.587890625
24574.37109375
24576.982421875
24579.64453125
24585.416015625
24592.724609375
24601.5234375
24611.20703125
24622.3125
24826.296875
25022.341796875
25188.650390625
25441.671875
26181.16015625
28054.345703125
32518.53515625
39801.33984375
47559.5546875
55829.796875
62965.29296875
67754.40625
71202.4140625
74166.9453125
77850.7578125
81126.5703125
84093.6796875
86733.796875
89143.15625
91302.3046875
92236.7890625
93172.5390625
94251.8671875
95399.4921875
96461.9609375
97350.2890625
98302.296875
99230.28125
100178.5625
101229.9765625
102404.4765625
103653.78125
104824.9921875
105885.8125
106791.0546875
107588.2890625
108283.203125
108881.703125
109468.84375
109940.46875
110380.25
110848.8046875
111295.578125
111674.9609375
111970.171875
112193.9765625
112317.359375
112400.265625
112448.671875
112464.0390625
112447.2421875
112399.6796875
112320.21875
112273.2109375
112619.5390625
112953.2734375
113220.5390625
113470.3984375
113712.4296875
113936.9453125
114117.578125
114248.9140625
114360.78125
114435.1875
114476.375
114487.0546875
114472.2578125
114438.53125
114385.53125
114313.8046875
114232.34375
114135.546875
114034.8984375
113936.46875
113823.671875
113714.4296875
113592.265625
113452.3515625
113322.40625
113203.90625
113092.8046875
112978.15625
112868.03125
112754.0546875
112638.90625
112532.4296875
112411.640625
112290.34375
112187.2890625
112128.390625
112087.8828125
112033.5390625
111921.828125
111832.0546875
111745.3125
111659.2734375
