25400.0
25400.0
25259.177734375
24509.134765625
24284.974609375
24089.677734375
24071.95703125
24071.8984375
24074.31640625
24077.099609375
24079.828125
24083.484375
24087.38671875
24091.97265625
24098.111328125
24105.84765625
24135.390625
26788.076171875
37892.75
47797.92578125
53242.8515625
58637.94921875
66439.546875
74512.2109375
81250.0546875
85012.203125
88316.3359375
91284.5625
94081.53125
96223.40625
98161.6640625
99864.8046875
101373.0
102572.421875
103598.4609375
104457.125
105297.6015625
105980.59375
106478.0859375
106764.109375
106901.3671875
106921.734375
106864.1484375
106758.7109375
106558.9296875
106288.28125
105960.1328125
105600.5703125
105235.8046875
104842.4375
104448.015625
104049.890625
103685.0390625
103426.6484375
103174.890625
103277.703125
103304.6953125
103166.3046875
102881.7734375
102716.8359375
103405.3046875
104035.4296875
104438.2109375
104696.828125
104848.2578125
104920.3125
104943.234375
104924.515625
104867.7109375
104760.28125
104585.7421875
104417.90625
104271.3671875
104130.078125
104053.0859375
104108.8046875
104139.265625
104138.0546875
104113.0078125
104073.75
104017.4765625
103949.390625
103858.9453125
103738.8515625
103618.21875
103497.421875
103388.4765625
103297.1015625
103202.7265625
103112.296875
103008.640625
102907.6171875
102802.234375
102701.5703125
102602.8515625
102514.6328125
102468.7890625
102442.6171875
102458.4921875
102449.2578125
102416.8984375
102355.4140625
102332.59375
102261.703125
102165.7265625
102080.1171875
102024.25
101994.453125
101957.0546875
101906.34375
101846.1171875
101792.40625
101754.8046875
101695.3984375
101629.765625
101573.2421875
101516.4921875
101462.1796875
101404.4296875
101348.1328125
101294.671875
101242.84375
101207.0546875
101221.25
