25400.0
25400.0
25400.0
25400.0
25400.0
25400.0
25400.0
25400.0
25400.0
25400.0
25400.0
25400.0
25400.0
25400.0
25400.0
25400.0
25400.0
25400.0
26284.083984375
45933.4296875
66320.84375
82943.0546875
96514.71875
108340.28125
118108.1953125
126498.8046875
133058.359375
137897.265625
137471.71875
135185.828125
132615.40625
130187.1484375
127787.6875
125617.7578125
123566.390625
121661.8125
119927.8828125
118171.5
116639.2890625
115228.0234375
113966.578125
112768.8671875
111409.46875
110271.578125
109157.625
108137.71875
107193.421875
106305.7265625
105498.5234375
104723.78125
104028.765625
103564.7578125
103337.0
103238.5625
102998.3359375
102684.6953125
102395.1875
102142.03125
101993.375
101827.65625
101730.2421875
101625.53125
101510.6640625
101426.6640625
101397.4453125
101390.265625
101416.2421875
101478.859375
101580.4921875
101680.171875
101814.9921875
101991.890625
102221.8828125
102518.2265625
102826.578125
103130.8046875
103503.3046875
103939.0234375
104490.6875
105047.5703125
105618.234375
106128.9609375
106635.28125
107108.2578125
107539.0625
107944.40625
108316.5859375
108698.015625
109087.109375
109414.46875
109739.515625
110015.59375
110267.7578125
110506.640625
110842.8125
111178.125
111464.3046875
111716.359375
111924.40625
112105.9765625
112256.0703125
112367.6640625
112465.40625
112537.796875
112591.8515625
112646.1875
112786.453125
112916.3515625
113010.515625
113074.65625
113107.390625
113122.328125
113138.6640625
113130.65625
113040.4140625
112974.1796875
112949.484375
112977.640625
112959.5546875
112978.6796875
113016.875
113043.09375
113035.1015625
112973.25
