25400.0
25400.0
25400.0
25400.0
25400.0
25400.0
25400.0
25400.0
25400.0
25400.0
25400.0
25400.0
25400.0
25400.0
25400.0
25400.0
25400.0
25400.0
25400.0
25400.0
25400.0
25400.0
25400.0
25400.0
35142.4140625
52544.12109375
65120.13671875
76230.546875
84998.3125
92116.5234375
97033.0546875
101726.3125
105763.578125
109255.078125
112260.4609375
115024.0625
115128.5546875
114696.7109375
114228.4921875
113679.0546875
113019.359375
112407.328125
111975.4375
111594.875
111277.4375
111045.7890625
110867.2890625
110749.4609375
110634.1640625
110516.5390625
110399.703125
110342.5703125
110297.0703125
110180.8828125
110087.171875
109958.9765625
109877.8359375
109829.59375
109778.9140625
109712.21875
109755.8203125
110181.8515625
110618.7421875
110949.1875
111213.7578125
111410.2734375
111539.40625
111631.2109375
111681.0234375
111720.5546875
111739.3203125
111782.2109375
111668.3203125
111562.234375
111452.6171875
111337.5
111191.7109375
111015.53125
110840.8984375
110627.1796875
110431.4453125
110187.9453125
109816.5546875
109370.375
108956.03125
108732.015625
108518.890625
108357.359375
108319.640625
108286.75
108221.46875
108221.8125
108210.8046875
108188.6640625
108154.5546875
108087.6875
108029.0390625
108000.625
107979.953125
107967.2109375
107957.0
107953.84375
107971.1328125
108026.3359375
108103.8515625
108194.5546875
108278.796875
108364.71875
108450.5078125
108530.4296875
108595.015625
108636.59375
108680.2578125
108727.359375
108772.5390625
108824.9453125
108879.0546875
108940.0234375
108985.8515625
109017.1953125
109049.4765625
109082.515625
109117.484375
109152.140625
109222.1484375
