262.944
313.736
346.44
349.624
372.431
415.738
423.72
430.998
434.338
450.504
492.52
499.803
511.892
525.657
564.004
605.162
630.777
652.441
666.374
681.187
690.492
694.429
702.873
717.99
735.222
757.943
766.109
771.025
771.699
779.44
779.557
781.738
783.808
787.891
793.096
795.47
803.469
819.549
823.8
826.891
862.394
868.608
890.78
892.837
895.937
898.326
899.064
899.964
961.057
965.395
972.2
988.485
991.385
1025.65
1046.13
1053.37
1070.88
1073.31
1073.76
1076.94
1082.74
1088.1
1091.6
1116.91
1162.96
1185.91
1188.54
1199.22
1207.15
1274.9
1279.97
1304.66
1305.03
1309.69
1310.68
1320.54
1333.52
1334.31
1355.75
1361.96
1388.56
1396.46
1446.08
1471.38
1489.73
1494.56
1505.3
1507.41
1507.41
1507.49
1507.49
1531.15
1531.78
1556.97
1576.06
1581.72
1589.51
1610.4
1611.04
1630.32
