20000.0
20000.0
20000.0
19999.998046875
20000.0
20000.0
20000.0
20000.0
20000.0
20000.0
20000.0
20000.0
20000.0
20000.0
20000.0
20000.0
19999.939453125
20000.0
19999.998046875
19999.8984375
19999.9296875
20000.0
20000.0
20000.0
20000.0
20000.0
19981.16015625
19182.7265625
18446.1875
17846.3203125
17236.40234375
16682.333984375
16151.4755859375
15698.6708984375
15160.4267578125
14725.96875
14378.673828125
14072.9384765625
13825.87890625
13572.2392578125
13241.998046875
12944.2724609375
12639.9931640625
12281.2490234375
11959.6923828125
11689.1044921875
11450.9345703125
11235.6884765625
11007.330078125
10783.7060546875
10584.2861328125
10381.1875
10187.4111328125
10024.0517578125
9851.62890625
9687.841796875
9525.5244140625
9370.3671875
9209.736328125
9052.775390625
8904.1416015625
8754.6787109375
8613.2568359375
8476.603515625
8347.3203125
8233.5185546875
8109.4453125
7993.3427734375
7879.1240234375
7774.8515625
7674.7490234375
7581.00927734375
7492.7900390625
7402.94287109375
7317.41943359375
7230.76123046875
7145.412109375
7068.90185546875
6984.24267578125
6902.05908203125
6816.93603515625
6733.72900390625
6646.4951171875
6558.07958984375
6472.02099609375
6382.70849609375
6296.599609375
6208.36962890625
6121.13525390625
6042.8662109375
5956.22314453125
5872.5986328125
5785.1796875
5701.0419921875
5616.21728515625
5534.05322265625
5457.66650390625
5382.79833984375
5313.43798828125
5243.92333984375
5176.2841796875
5116.65185546875
5051.7236328125
4990.01318359375
4926.61767578125
4865.48046875
4802.662109375
4740.6376953125
4681.3828125
4622.76806640625
4571.02685546875
4518.7158203125
4466.83349609375
4421.15087890625
4371.849609375
4324.78759765625
4276.953125
4234.9091796875
4191.98876953125
4149.38818359375
4109.044921875
4067.98388671875
4028.6396484375
3989.11181640625
