20000.0
20000.0
20000.0
20000.0
20000.0
20000.0
20000.0
20000.0
20000.0
20000.0
20000.0
20000.0
20000.0
20000.0
20000.0
20000.0
20000.0
20000.0
20000.0
20000.0
19999.994140625
19999.80859375
20000.0
20000.0
19999.31640625
20000.0
19999.99609375
20000.0
20000.0
19999.74609375
20000.0
20000.0
20000.0
19999.99609375
19999.998046875
20000.0
19417.302734375
18492.029296875
17746.25
17119.5078125
16533.640625
16033.005859375
15531.0126953125
15066.5908203125
14694.5712890625
14276.1396484375
13860.259765625
13461.431640625
13107.7841796875
12800.033203125
12489.9072265625
12202.8837890625
11946.0126953125
11724.5087890625
11541.9091796875
11351.390625
11171.0830078125
10990.328125
10826.5234375
10663.2998046875
10504.2890625
10354.462890625
10201.2021484375
10054.78125
9907.2548828125
9765.5439453125
9641.1865234375
9508.591796875
9384.5439453125
9255.974609375
9128.7275390625
9002.916015625
8891.0185546875
8780.7470703125
8663.0634765625
8547.529296875
8427.5009765625
8305.4755859375
8196.5419921875
8078.6357421875
7966.3720703125
7853.93798828125
7749.03173828125
7648.9287109375
7551.87451171875
7460.2216796875
7368.01318359375
7281.5556640625
7194.65673828125
7109.326171875
7033.83056640625
6952.29736328125
6875.455078125
6797.17578125
6722.646484375
6650.58935546875
6582.02783203125
6517.3349609375
6451.85693359375
6389.93603515625
6327.5
6266.4580078125
6212.9541015625
6155.5009765625
6100.919921875
6043.8134765625
5989.41162109375
5933.79248046875
5879.0322265625
5827.0537109375
5774.3056640625
5724.15380859375
5673.0703125
5623.009765625
5578.73583984375
5530.71630859375
5485.134765625
5439.04541015625
5395.10595703125
5350.57470703125
5306.0810546875
5263.11376953125
5219.51171875
5178.32666015625
5137.00927734375
