20000.0
20000.0
20000.0
20000.0
20000.0
20000.0
20000.0
20000.0
20000.0
20000.0
20000.0
20000.0
20000.0
20000.0
20000.0
20000.0
20000.0
20000.0
20000.0
20000.0
20000.0
20000.0
20000.0
20000.0
20000.0
20000.0
20000.0
20000.0
19999.966796875
20000.0
20000.0
20000.0
20000.0
20000.0
20000.0
19999.958984375
20000.015625
19999.99609375
20000.0
20000.0
20000.0
20000.0
20000.0
20000.0
20000.0
20000.0
20000.0
20000.0
20000.0
19762.419921875
19384.9296875
18942.865234375
18491.908203125
18083.001953125
17736.5859375
17371.2265625
17034.361328125
16709.162109375
16420.8359375
16155.33203125
15883.1826171875
15620.8427734375
15348.603515625
15091.8544921875
14838.5439453125
14578.0751953125
14342.015625
14085.2783203125
13831.84765625
13568.4599609375
13321.322265625
13078.7724609375
12848.93359375
12638.2529296875
12434.45703125
12242.9912109375
12051.349609375
11864.6953125
11699.4833984375
11524.298828125
11371.859375
11214.3671875
11058.3955078125
10896.8876953125
10747.6943359375
10623.119140625
10500.701171875
10387.5185546875
10275.9326171875
10169.400390625
10077.3212890625
9978.3212890625
9883.9443359375
9788.05078125
9699.845703125
9612.2646484375
9529.4169921875
9453.85546875
9379.810546875
9311.30859375
9243.171875
9170.58984375
9098.900390625
9014.6015625
8931.6318359375
8846.3251953125
8765.111328125
8683.0078125
8603.3623046875
8528.63671875
8454.1572265625
8380.2529296875
8299.126953125
8220.6494140625
8145.9765625
8068.43701171875
7998.62060546875
7928.916015625
7863.60302734375
7799.2578125
7731.625
7658.78662109375
7592.2685546875
7533.1357421875
7475.841796875
