20000.0
20000.0
20000.0
20000.0
20000.0
20000.0
20000.0
20000.0
20000.0
20000.0
20000.0
20000.0
20000.0
20000.0
20000.0
20000.0
20000.0
20000.0
20000.0
20000.0
20000.0
20000.0
20000.0
20000.0
20000.0
19999.869140625
19999.9453125
20000.0
19999.96875
20000.0
19999.998046875
20000.0
19999.994140625
20000.0
20000.0
20000.0
20000.00390625
20000.0
20000.0
20000.0
20000.0
19999.99609375
20000.0
20000.0
20000.0
20000.0
20000.0
20000.0
19692.943359375
18983.408203125
18450.0
17966.580078125
17511.654296875
17151.56640625
16761.341796875
16354.5400390625
15841.359375
15407.4873046875
15056.2490234375
14772.142578125
14493.7109375
14170.6416015625
13877.7919921875
13618.7470703125
13389.6083984375
13188.8466796875
12964.486328125
12758.4296875
12562.958984375
12393.4794921875
12235.2294921875
12093.115234375
11965.1982421875
11845.478515625
11735.7421875
11626.4931640625
11521.6552734375
11432.2568359375
11338.1279296875
11247.494140625
11153.6875
11063.18359375
10970.7119140625
10879.599609375
10794.8115234375
10710.818359375
10632.6494140625
10554.5048828125
10478.5673828125
10411.6953125
10339.349609375
10270.7841796875
10201.8935546875
10136.6044921875
10071.3798828125
10008.33203125
9950.8388671875
9892.91796875
9838.41796875
9782.7880859375
9728.35546875
9679.7216796875
9626.5693359375
9576.220703125
9525.84375
9478.4150390625
9430.654296875
9384.4765625
9343.1650390625
9300.322265625
9258.7255859375
9215.5732421875
9173.056640625
9134.873046875
9091.2607421875
9048.0966796875
9003.6494140625
8960.728515625
8916.8203125
8873.203125
8831.6298828125
8789.095703125
8748.2001953125
8705.869140625
