20000.0
20000.0
20000.0
20000.0
20000.0
20000.0
20000.0
20000.0
20000.0
20000.0
20000.0
20000.0
20000.0
20000.0
20000.0
20000.0
20000.0
20000.0
20000.0
20000.0
20000.0
20000.0
20000.0
20000.0
20000.0
19999.576171875
20000.0
20000.0
19999.998046875
20000.0
20000.0
20000.0
20000.0
20000.0
20000.0
20000.0
20000.0
20000.0
20000.0
20000.0
20000.0
20000.0
20000.0
19864.181640625
19168.484375
18523.2421875
17979.3671875
17513.638671875
16890.734375
16275.798828125
15815.8154296875
15354.6416015625
14927.93359375
14565.3447265625
14191.59765625
13877.2275390625
13588.154296875
13338.947265625
13107.36328125
12901.9912109375
12718.125
12547.4169921875
12387.6416015625
12237.5625
12098.603515625
11980.0947265625
11856.37109375
11742.947265625
11631.6318359375
11528.642578125
11426.9794921875
11329.9521484375
11239.095703125
11147.8369140625
11056.0947265625
10958.7509765625
10861.0859375
10773.2314453125
10676.890625
10584.0673828125
10489.40625
10395.7353515625
10295.712890625
10190.81640625
10085.7568359375
9973.365234375
9860.29296875
9730.5869140625
9597.240234375
9477.5576171875
9345.091796875
9216.91015625
9084.7763671875
8957.9453125
8828.4169921875
8700.427734375
8578.94921875
8455.6787109375
8338.2646484375
8218.7880859375
8099.68408203125
7994.02783203125
7883.6787109375
7791.55029296875
7693.55810546875
7588.7314453125
7479.07177734375
7371.99853515625
7270.75146484375
7167.9169921875
7070.6728515625
6971.6630859375
6873.5419921875
6785.86767578125
6689.720703125
6598.0458984375
6499.248046875
6404.0029296875
6307.228515625
6212.0029296875
6121.91845703125
6031.69091796875
5946.84130859375
5865.8134765625
