20000.0
20000.0
20000.0
20000.0
20000.0
20000.0
20000.0
20000.0
20000.0
20000.0
20000.0
20000.0
20000.0
20000.0
20000.0
20000.0
20000.0
20000.0
20000.0
20000.0
20000.0
20000.0
20000.0
20000.0
20000.0
20000.0
20000.0
20000.0
20000.0
19999.95703125
19999.998046875
20000.0
19999.96875
19999.876953125
19996.818359375
20000.0
19999.99609375
20000.0
20000.0
20000.0
20000.00390625
20000.001953125
19999.994140625
19999.99609375
19999.986328125
20000.0
20000.0
19823.779296875
19434.578125
19040.802734375
18675.90234375
18311.298828125
17965.4296875
17669.9296875
17361.72265625
17086.47265625
16815.333984375
16553.166015625
16296.5908203125
16026.55859375
15765.0048828125
15503.328125
15259.494140625
15016.109375
14779.662109375
14571.6328125
14352.671875
14150.60546875
13949.716796875
13763.625
13578.7607421875
13401.09765625
13222.7900390625
13035.23046875
12857.119140625
12678.8095703125
12506.8515625
12356.5419921875
12195.2841796875
12043.4248046875
11890.75
11746.3642578125
11601.017578125
11458.611328125
11324.1455078125
11187.142578125
11056.77734375
10922.798828125
10792.4033203125
10691.02734375
10585.7158203125
10488.1103515625
10390.509765625
10298.0244140625
10203.994140625
10111.2666015625
10021.228515625
9926.5673828125
9810.962890625
9698.5634765625
9596.1748046875
9508.0517578125
9410.5361328125
9313.111328125
9217.59765625
9130.0986328125
9044.4775390625
8961.5927734375
8879.6171875
8801.1962890625
8726.2626953125
8656.072265625
8590.0185546875
8531.5703125
8466.8828125
8404.912109375
8342.1689453125
8277.2841796875
8202.3955078125
8126.61279296875
8049.49853515625
7964.51611328125
7886.95166015625
7818.11865234375
