20000.0
20000.0
20000.0
19999.99609375
20000.0
20000.0
20000.0
20000.0
20000.0
20000.0
20000.0
20000.0
20000.0
20000.0
20000.0
20000.0
20000.0
20000.0
20000.0
20000.0
20000.0
19998.5703125
20000.0
19999.96875
20000.0
19558.1875
18758.818359375
18012.712890625
17355.822265625
16728.7421875
16161.97265625
15678.841796875
15165.53515625
14657.5234375
14158.4033203125
13710.1474609375
13267.2529296875
12857.15625
12494.580078125
12150.8203125
11842.3759765625
11556.1171875
11303.2529296875
11077.1865234375
10828.6513671875
10593.9189453125
10359.8349609375
10157.056640625
9977.12890625
9801.095703125
9629.9599609375
9458.4482421875
9299.01171875
9137.8935546875
8979.1669921875
8840.1279296875
8694.013671875
8560.90625
8429.716796875
8298.720703125
8169.88525390625
8045.10009765625
7926.27490234375
7808.03955078125
7698.365234375
7589.07275390625
7476.83984375
7360.40625
7248.80126953125
7148.22314453125
7050.13671875
6959.90966796875
6867.2138671875
6776.46826171875
6692.60888671875
6614.8671875
6544.05615234375
6473.2783203125
6404.4970703125
6333.310546875
6251.81787109375
6168.21826171875
6071.09912109375
5987.708984375
5914.1025390625
5851.388671875
5797.37841796875
5744.8486328125
5692.7958984375
5636.96337890625
5582.8359375
5533.4326171875
5478.81689453125
5428.19873046875
5378.2060546875
5330.83935546875
5283.5830078125
5237.84375
5194.42138671875
5152.9775390625
5114.1630859375
5072.65771484375
5030.20166015625
4990.62890625
4944.6337890625
4897.97119140625
4849.54296875
4804.96533203125
4763.138671875
4729.2119140625
4699.05908203125
4668.17626953125
4637.8583984375
4606.39990234375
4574.92626953125
4546.4658203125
4514.9326171875
4484.45166015625
4453.404296875
4424.26904296875
4394.9072265625
4366.38134765625
4339.8955078125
4313.6611328125
4289.2578125
4264.94873046875
