20000.0
20000.0
20000.0
20000.0
20000.0
20000.0
20000.0
20000.0
20000.0
20000.0
20000.0
20000.0
20000.0
20000.0
20000.0
20000.0
20000.0
20000.0
20000.0
20000.0
19999.99609375
19993.03515625
19999.283203125
20000.0
19999.99609375
19999.99609375
20000.0
20000.0
20000.0
19999.998046875
20000.0
20000.0
20000.0
20000.0
20000.0
20000.0
19211.181640625
18318.177734375
17605.84375
16982.8203125
16515.185546875
16026.0009765625
15403.6435546875
14904.5810546875
14411.6357421875
13960.4755859375
13534.96875
13143.919921875
12799.9755859375
12510.7734375
12272.06640625
12046.44140625
11833.4990234375
11649.7275390625
11450.0029296875
11263.8154296875
11073.0703125
10878.798828125
10685.2138671875
10499.9248046875
10326.87890625
10161.564453125
9998.044921875
9829.00390625
9663.2373046875
9517.89453125
9362.515625
9217.638671875
9073.751953125
8943.4814453125
8816.455078125
8693.6220703125
8577.3408203125
8462.1181640625
8357.146484375
8253.7734375
8153.7958984375
8066.212890625
7971.8681640625
7883.818359375
7795.50634765625
7712.21142578125
7628.30078125
7546.40869140625
7469.8603515625
7392.06103515625
7319.47265625
7246.56982421875
7175.2470703125
7111.244140625
7042.27783203125
6976.9970703125
6910.7646484375
6847.86962890625
6784.17578125
6721.72900390625
6662.1455078125
6601.474609375
6543.708984375
6484.87841796875
6427.3935546875
6376.33154296875
6320.49560546875
6267.220703125
6213.6865234375
6159.99072265625
6103.08984375
6046.31689453125
5992.072265625
5937.0654296875
5885.0751953125
5832.65478515625
5781.7060546875
5738.103515625
5692.2666015625
5649.37744140625
5606.23828125
5565.28369140625
5525.087890625
5482.6650390625
5440.53857421875
5397.15771484375
5355.984375
5308.0166015625
