20000.0
20000.0
20000.0
20000.0
20000.0
20000.0
20000.0
20000.0
20000.0
20000.0
20000.0
20000.0
20000.0
20000.0
20000.0
20000.0
20000.0
20000.0
20000.0
20000.0
20000.0
19994.77734375
20000.0
19999.953125
20000.0
20000.0
19999.986328125
20000.0
20000.0
20000.0
20000.009765625
20000.001953125
20000.0
20000.0
20000.0
19924.375
18870.1015625
17958.630859375
17245.15625
16578.732421875
16016.6669921875
15559.033203125
14973.6533203125
14387.7138671875
13873.90234375
13414.0400390625
12981.865234375
12607.173828125
12221.8056640625
11862.71484375
11554.630859375
11272.4013671875
11028.8408203125
10807.591796875
10596.7587890625
10411.4931640625
10213.2470703125
10029.490234375
9852.5322265625
9697.2783203125
9554.373046875
9417.8662109375
9285.5341796875
9152.6044921875
9030.5068359375
8904.1904296875
8783.435546875
8680.255859375
8572.03515625
8472.4814453125
8374.6953125
8282.5927734375
8192.568359375
8106.52001953125
8026.65966796875
7947.61328125
7873.9521484375
7800.93310546875
7730.77734375
7669.63818359375
7604.48828125
7543.7021484375
7482.77294921875
7425.59619140625
7368.16748046875
7311.96923828125
7258.9150390625
7205.97998046875
7156.28955078125
7106.51611328125
7058.228515625
7015.91455078125
6970.33154296875
6927.17919921875
6883.80615234375
6842.83544921875
6801.3271484375
6760.69287109375
6722.0947265625
6683.02734375
6645.8291015625
6607.84130859375
6569.439453125
6534.61083984375
6496.13037109375
6459.0830078125
6420.95361328125
6384.13330078125
6346.1884765625
6313.7822265625
6281.71875
6246.9794921875
6212.5703125
6176.64453125
6140.619140625
6108.07373046875
6072.20556640625
6037.59814453125
6001.85693359375
5967.24169921875
5931.6298828125
5896.146484375
5862.05224609375
5826.884765625
5793.01708984375
5758.13134765625
