20000.0
20000.0
20000.0
20000.0
20000.0
20000.0
20000.0
20000.0
20000.0
20000.0
20000.0
20000.0
20000.0
20000.0
20000.0
20000.0
20000.0
20000.0
20000.0
20000.0
20000.0
20000.001953125
20000.0
19999.87890625
20000.0
20000.0
19999.9453125
20000.0
19278.0703125
18479.533203125
17738.845703125
17116.96484375
16555.19921875
16059.96875
15591.0263671875
15159.486328125
14767.310546875
14382.8447265625
14036.9052734375
13711.4404296875
13403.5517578125
13137.7685546875
12859.8955078125
12604.2353515625
12349.7138671875
12113.2197265625
11880.453125
11660.6552734375
11458.896484375
11278.6572265625
11122.9677734375
10972.22265625
10817.8505859375
10680.9921875
10549.4091796875
10424.748046875
10300.5625
10174.1904296875
10052.1064453125
9939.595703125
9837.6201171875
9737.4931640625
9608.763671875
9494.5830078125
9394.5390625
9309.7509765625
9218.078125
9136.404296875
9051.6171875
8972.056640625
8893.38671875
8817.5546875
8747.001953125
8675.451171875
8608.544921875
8544.841796875
8485.6884765625
8433.4990234375
8376.9013671875
8323.2373046875
8269.234375
8219.005859375
8166.8759765625
8111.453125
8060.14453125
8006.6005859375
7948.53369140625
7888.09326171875
7834.06201171875
7792.046875
7751.37109375
7712.66748046875
7675.1611328125
7639.26513671875
7603.18408203125
7565.2724609375
7528.45947265625
7489.91796875
7449.89111328125
7408.7421875
7367.9404296875
7330.56640625
7289.921875
7250.11865234375
7208.578125
7169.103515625
7129.22265625
7089.34228515625
7049.97412109375
7005.09765625
6959.11376953125
6910.49609375
6861.666015625
6818.0810546875
6768.95849609375
6711.81103515625
6647.0712890625
6581.77197265625
6512.8388671875
6441.63720703125
6371.38134765625
6298.47265625
6228.23291015625
6154.83642578125
