20000.0
20000.0
20000.0
20000.0
20000.0
20000.0
20000.0
20000.0
20000.0
20000.0
20000.0
20000.0
20000.0
20000.0
20000.0
20000.0
20000.0
20000.0
20000.0
20000.0
20000.0
20000.0
20000.0
20000.0
20000.0
20000.0
20000.0
20000.0
20000.0
19999.83203125
20000.0
19999.978515625
19999.998046875
19999.912109375
20000.0
19999.984375
19999.7578125
20000.0
20000.0
20000.0
20000.0
20000.0
20000.0
20000.0
19778.1484375
19319.41015625
18914.673828125
18523.384765625
18169.83984375
17848.720703125
17507.986328125
17187.458984375
16870.3984375
16568.5234375
16308.048828125
16029.91796875
15769.1416015625
15510.1162109375
15268.140625
15027.4736328125
14798.849609375
14570.8935546875
14351.666015625
14149.6787109375
13943.5517578125
13723.53125
13517.732421875
13285.7451171875
13061.55078125
12834.7958984375
12622.923828125
12414.1826171875
12214.3642578125
12015.5703125
11799.45703125
11577.16796875
11364.052734375
11169.3232421875
11005.6923828125
10859.095703125
10724.9453125
10593.7373046875
10464.3720703125
10329.896484375
10193.7412109375
10035.4248046875
9894.4619140625
9767.2216796875
9633.99609375
9508.478515625
9397.9609375
9287.91796875
9185.1728515625
9080.0859375
8979.0419921875
8866.13671875
8747.4248046875
8630.1904296875
8513.2841796875
8407.560546875
8306.1513671875
8211.724609375
8131.9921875
8047.89306640625
7959.59912109375
7861.7646484375
7765.7294921875
7668.744140625
7573.49853515625
7481.56103515625
7389.0927734375
7303.82421875
7220.11279296875
7137.33447265625
7063.4970703125
6983.7275390625
6908.53369140625
6832.1875
6759.216796875
6683.0283203125
6607.2373046875
6535.6494140625
6463.4033203125
6394.849609375
6325.59423828125
