20000.0
20000.0
20000.0
20000.0
20000.0
20000.0
20000.0
20000.0
20000.0
20000.0
20000.0
20000.0
20000.0
20000.0
20000.0
20000.0
20000.0
20000.0
20000.0
20000.0
20000.0
20000.0
20000.0
20000.0
20000.0
20000.0
20000.0
20000.0
20000.0
20000.0
19999.99609375
19999.99609375
20000.0
20000.0
20000.0
20000.0
20000.0
20000.0
19951.7890625
19532.47265625
19127.5
18752.1328125
18439.9296875
18121.6796875
17836.6875
17579.861328125
17349.39453125
17121.41015625
16899.697265625
16688.732421875
16476.96875
16278.3310546875
16060.720703125
15771.9619140625
15456.82421875
15084.3544921875
14718.572265625
14317.517578125
13950.19921875
13596.0673828125
13256.1767578125
12913.3212890625
12569.1162109375
12256.548828125
11952.4189453125
11656.673828125
11399.51171875
11134.853515625
10895.3046875
10659.416015625
10461.646484375
10276.955078125
10100.40625
9929.642578125
9761.8291015625
9609.2919921875
9460.4912109375
9317.951171875
9194.6865234375
9069.7734375
8960.26953125
8856.4697265625
8762.6064453125
8667.9287109375
8577.1484375
8496.1953125
8419.3134765625
8350.2060546875
8282.0927734375
8206.7197265625
8140.7880859375
8077.623046875
8027.32861328125
7985.45849609375
7879.6318359375
7764.990234375
7658.6552734375
7564.84326171875
7476.330078125
7391.88525390625
7305.13525390625
7188.021484375
7080.71142578125
6976.4970703125
6882.466796875
6794.46484375
6714.3134765625
6633.7119140625
6556.3193359375
6484.2763671875
6413.62548828125
6348.83544921875
6285.17431640625
6213.53955078125
6147.87109375
6106.10205078125
6079.37158203125
6019.25732421875
5959.66015625
5902.47314453125
5844.79638671875
5789.58447265625
5739.19677734375
5690.10595703125
5644.59326171875
5598.5078125
