20000.0
20000.0
20000.0
20000.0
20000.0
20000.0
20000.0
20000.0
20000.0
20000.0
20000.0
20000.0
20000.0
20000.0
20000.0
20000.0
20000.0
20000.0
20000.0
20000.0
20000.0
20000.0
20000.0
20000.0
20000.0
19999.64453125
20000.0
19999.798828125
20000.0
20000.0
19999.99609375
20000.0
20000.0
19999.998046875
19999.998046875
20000.0
20000.0
20000.0
20000.0
19999.998046875
20000.0
20000.0
20000.0
20000.0
20000.0
20000.0
19878.771484375
19251.107421875
18683.177734375
18218.787109375
17705.966796875
17052.705078125
16533.8046875
16095.7490234375
15617.833984375
15179.900390625
14767.8662109375
14401.1611328125
14048.6796875
13719.955078125
13435.087890625
13188.7861328125
12980.541015625
12784.7021484375
12599.625
12446.45703125
12270.44921875
12102.318359375
11918.7236328125
11744.65625
11571.1513671875
11402.7431640625
11244.1142578125
11083.947265625
10930.1875
10773.0
10619.775390625
10484.96875
10340.056640625
10204.0341796875
10067.1708984375
9939.3212890625
9814.2890625
9697.6376953125
9589.109375
9479.25390625
9375.58984375
9273.3818359375
9176.8583984375
9093.8115234375
9006.015625
8924.0166015625
8842.02734375
8765.2373046875
8688.517578125
8614.40625
8545.0361328125
8475.84375
8410.9345703125
8345.599609375
8282.8916015625
8228.5947265625
8170.5615234375
8116.0703125
8061.5380859375
8010.32666015625
7958.9189453125
7909.24560546875
7863.50634765625
7817.6103515625
7774.08935546875
7730.0244140625
7689.29150390625
7654.1025390625
7616.220703125
7579.9541015625
7542.75439453125
7507.09033203125
7470.56298828125
7434.06787109375
7390.7509765625
7337.21142578125
7287.94970703125
7240.833984375
