20000.0
20000.0
20000.0
20000.0
20000.0
20000.0
20000.0
20000.0
20000.0
20000.0
20000.0
20000.0
20000.0
20000.0
20000.0
20000.0
20000.0
20000.0
20000.0
20000.0
20000.0
19999.8359375
20000.0
20000.0
20000.0
20000.0
20000.0
19999.998046875
20000.0
19409.23046875
18650.685546875
17887.86328125
17216.16015625
16587.4453125
16037.546875
15528.7060546875
15055.373046875
14620.4033203125
14161.978515625
13664.923828125
13253.69921875
12890.2568359375
12577.9150390625
12259.5703125
12009.1943359375
11793.48828125
11590.85546875
11356.5380859375
11104.9052734375
10908.814453125
10730.796875
10565.357421875
10397.8994140625
10223.2275390625
10081.9560546875
9947.810546875
9828.55078125
9709.9013671875
9597.2490234375
9485.35546875
9379.716796875
9282.97265625
9182.03125
9083.720703125
8984.78125
8891.5244140625
8813.2197265625
8733.9609375
8662.306640625
8591.8994140625
8525.7490234375
8458.7783203125
8393.076171875
8330.84765625
8268.412109375
8210.255859375
8153.037109375
8098.10107421875
8047.5732421875
7991.23681640625
7937.5771484375
7882.85888671875
7830.490234375
7776.44091796875
7722.60693359375
7670.94189453125
7618.01025390625
7560.5078125
7495.46142578125
7428.857421875
7366.80126953125
7295.05419921875
7223.1005859375
7146.6982421875
7070.275390625
6988.5771484375
6899.392578125
6809.216796875
6714.689453125
6622.9912109375
6528.724609375
6435.54248046875
6352.71630859375
6265.11376953125
6189.55224609375
6114.6923828125
6039.98583984375
5961.31591796875
5881.93212890625
5806.18017578125
5729.7373046875
5657.4921875
5581.14501953125
5505.81298828125
5439.61328125
5368.06201171875
5299.8642578125
5230.0380859375
5163.25927734375
5094.70703125
5024.60791015625
4952.32470703125
4875.0126953125
4801.08935546875
4727.49755859375
