20000.0
20000.0
20000.0
20000.0
20000.0
20000.0
20000.0
20000.0
20000.0
20000.0
20000.0
20000.0
20000.0
20000.0
20000.0
20000.0
20000.0
20000.0
20000.0
19999.978515625
20000.0
20000.0
19999.98828125
20000.0
19999.994140625
20000.001953125
20000.0
20000.0
20000.0
20000.0
19980.138671875
19174.185546875
18525.02734375
17929.52734375
17405.5
16923.9921875
16497.810546875
16119.216796875
15745.384765625
15402.2216796875
15068.7138671875
14765.4716796875
14516.41796875
14264.529296875
14028.107421875
13784.3193359375
13557.96484375
13297.8681640625
13053.73046875
12840.0400390625
12638.54296875
12447.1708984375
12263.7138671875
12090.552734375
11938.3603515625
11776.712890625
11628.669921875
11484.9638671875
11354.8359375
11228.8486328125
11110.560546875
11001.80859375
10898.46484375
10806.330078125
10717.75
10634.1826171875
10559.9580078125
10476.6181640625
10393.78125
10300.6806640625
10203.8408203125
10114.53125
10040.025390625
9971.7822265625
9869.7900390625
9754.8193359375
9637.46484375
9522.3291015625
9418.08984375
9302.568359375
9192.37890625
9081.798828125
8976.583984375
8871.4326171875
8763.49609375
8654.966796875
8525.4033203125
8402.8427734375
8290.1796875
8187.0048828125
8096.15576171875
7998.16259765625
7906.00341796875
7813.68798828125
7726.92724609375
7630.0830078125
7532.658203125
7440.4853515625
7346.42236328125
7252.62548828125
7154.2900390625
7063.11572265625
6986.08837890625
6906.4560546875
6833.4814453125
6760.40673828125
6689.55908203125
6614.7412109375
6538.8935546875
6465.40869140625
6390.28271484375
6319.92578125
6250.26025390625
6182.392578125
6121.51513671875
6054.48388671875
5990.7734375
5925.88330078125
5863.73095703125
5800.28564453125
5738.115234375
5679.22265625
5620.26171875
5564.83056640625
5508.85791015625
