20000.0
20000.0
20000.0
20000.0
20000.0
20000.0
20000.0
20000.0
19999.998046875
20000.0
20000.0
20000.0
20000.0
20000.0
20000.0
20000.0
20000.0
20000.0
20000.0
20000.0
20000.0
20000.0
20000.0
20000.0
19999.998046875
20000.0
20000.0
19999.998046875
20000.0
20000.0
19828.251953125
19382.55078125
19001.1015625
18633.59765625
18266.478515625
17919.66796875
17612.740234375
17334.015625
17039.474609375
16742.287109375
16452.283203125
16250.7138671875
16079.70703125
15846.03125
15570.69140625
15262.1689453125
14993.630859375
14737.138671875
14489.77734375
14242.4638671875
13988.63671875
13749.3798828125
13503.7626953125
13259.853515625
13046.8984375
12822.119140625
12611.1787109375
12403.841796875
12211.625
12005.6591796875
11799.1171875
11607.8935546875
11418.943359375
11242.7294921875
11066.6494140625
10897.5546875
10754.4658203125
10602.11328125
10460.8125
10322.12890625
10194.4609375
10068.71484375
9949.6591796875
9837.365234375
9723.8662109375
9617.380859375
9513.0634765625
9415.498046875
9344.53125
9267.3662109375
9185.7421875
9094.630859375
9004.5654296875
8910.7900390625
8818.3388671875
8731.232421875
8643.755859375
8561.044921875
8475.7626953125
8390.6044921875
8315.3916015625
8234.6904296875
8160.94677734375
8088.70458984375
8019.7041015625
7949.837890625
7880.087890625
7811.89794921875
7742.76416015625
7677.93603515625
7613.36474609375
7551.14697265625
7496.22900390625
7436.32421875
7379.091796875
7321.2138671875
7266.57177734375
7211.4404296875
7157.58740234375
7106.5625
7054.2705078125
7004.42724609375
6953.912109375
6904.646484375
6861.24072265625
6814.03662109375
6768.65966796875
6721.92138671875
6676.76416015625
6628.93212890625
6579.7978515625
6531.6923828125
6482.00634765625
6434.3251953125
6385.90576171875
