20000.0
20000.0
20000.0
19999.998046875
20000.0
20000.0
20000.0
20000.0
20000.0
20000.0
20000.0
20000.0
20000.0
20000.0
20000.0
20000.0
20000.0
20000.0
20000.0
20000.0
20000.0
20000.0078125
20000.0
20000.0
19999.8984375
20000.0
19999.9453125
20000.0
19999.99609375
19816.33203125
19113.75390625
18448.5703125
17911.68359375
17430.517578125
16969.072265625
16526.189453125
16100.560546875
15683.544921875
15285.685546875
14947.158203125
14605.576171875
14277.51171875
13996.3056640625
13687.115234375
13318.3427734375
13008.03515625
12744.40234375
12492.3544921875
12256.8095703125
12043.12109375
11835.87109375
11646.5654296875
11456.01953125
11272.5693359375
11123.4091796875
10978.5068359375
10852.689453125
10732.0302734375
10608.685546875
10479.8583984375
10339.2607421875
10200.337890625
10070.3359375
9960.4794921875
9859.984375
9762.6298828125
9667.630859375
9559.646484375
9459.8876953125
9363.1123046875
9274.3642578125
9184.6533203125
9094.775390625
9008.630859375
8921.7802734375
8839.5849609375
8757.1484375
8679.236328125
8613.447265625
8544.8681640625
8479.0947265625
8411.1142578125
8345.8955078125
8280.5498046875
8217.6279296875
8157.0791015625
8096.4951171875
8039.74365234375
7983.01318359375
7926.90771484375
7876.32373046875
7819.6875
7764.32958984375
7706.72900390625
7651.296875
7595.01708984375
7539.603515625
7486.02880859375
7429.908203125
7375.1220703125
7318.482421875
7262.0732421875
7211.41650390625
7155.740234375
7102.19677734375
7047.1650390625
6993.77734375
6938.751953125
6883.77685546875
6829.77783203125
6772.9169921875
6717.18408203125
6659.03515625
6600.99169921875
6547.7490234375
6487.68896484375
6430.61865234375
6373.0361328125
6318.35009765625
6262.9833984375
6209.15673828125
6158.63134765625
6107.8212890625
6061.1533203125
6015.76171875
