20000.0
20000.0
20000.0
20000.0
20000.0
20000.0
20000.0
20000.0
20000.0
20000.0
20000.0
20000.0
20000.0
20000.0
20000.0
20000.0
20000.0
20000.0
20000.0
20000.0
20000.0
20000.0
20000.0
20000.0
20000.0
19999.990234375
20000.0
20000.0
20000.0
20000.0
19999.984375
20000.0
19999.939453125
20000.01171875
20000.0
20000.0
20000.001953125
20000.0
20000.0
20000.0
20000.0
20000.0
20000.0
20000.0
20000.0
20000.0
20000.0
19537.087890625
19048.755859375
18599.970703125
18177.20703125
17793.275390625
17374.30859375
16862.455078125
16485.837890625
16114.998046875
15783.0595703125
15459.650390625
15161.0283203125
14866.33203125
14583.939453125
14316.9921875
14044.28515625
13792.552734375
13549.5576171875
13330.1533203125
13134.6953125
12893.943359375
12670.7685546875
12438.4384765625
12204.791015625
11982.3095703125
11791.0322265625
11629.03515625
11476.7548828125
11326.8974609375
11175.900390625
11039.70703125
10926.6845703125
10807.98828125
10695.2685546875
10578.5234375
10466.3828125
10353.6025390625
10245.849609375
10148.400390625
10051.9091796875
9959.2578125
9860.5244140625
9761.20703125
9672.267578125
9575.3671875
9476.6337890625
9354.5380859375
9241.318359375
9130.9287109375
9025.9462890625
8927.6943359375
8828.716796875
8734.6943359375
8638.1533203125
8541.1728515625
8454.4892578125
8360.7802734375
8273.24609375
8185.58837890625
8101.8837890625
8015.3427734375
7928.7841796875
7845.27978515625
7757.88427734375
7672.28076171875
7583.69677734375
7496.123046875
7419.23681640625
7336.06982421875
7256.8642578125
7175.994140625
7098.42236328125
7018.501953125
6936.51171875
6858.1982421875
6779.4130859375
6704.66552734375
6627.78857421875
