20000.0
20000.0
19999.998046875
20000.0
20000.0
20000.0
20000.0
20000.0
20000.0
20000.0
20000.0
20000.0
20000.0
20000.0
20000.0
20000.0
20000.0
19999.986328125
20000.0
20000.0
20000.0
20000.0
20000.0
20000.0
19999.970703125
20000.0
20000.0
20000.0
20000.0
19999.84765625
19999.986328125
19999.908203125
20000.0
19706.15625
19172.767578125
18677.591796875
18232.037109375
17831.951171875
17446.10546875
17094.0546875
16746.81640625
16425.154296875
16150.4697265625
15878.25
15639.2490234375
15410.544921875
15187.1591796875
14945.2666015625
14702.6123046875
14471.5517578125
14238.763671875
14020.623046875
13804.0322265625
13597.1962890625
13414.87109375
13212.9423828125
12985.41796875
12734.724609375
12495.1181640625
12252.052734375
12015.2138671875
11791.88671875
11572.072265625
11367.18359375
11151.9306640625
10928.8681640625
10733.6025390625
10526.306640625
10336.8544921875
10162.6103515625
10024.3310546875
9887.767578125
9755.40234375
9629.2802734375
9498.9541015625
9371.603515625
9241.328125
9114.8583984375
9005.0966796875
8889.623046875
8777.935546875
8666.8505859375
8563.40625
8462.8095703125
8362.5029296875
8264.794921875
8163.87109375
8064.88818359375
7964.4111328125
7866.375
7779.95556640625
7686.615234375
7598.30419921875
7509.0439453125
7424.2861328125
7338.1376953125
7254.01220703125
7171.20703125
7090.4970703125
7015.857421875
6933.01806640625
6842.5126953125
6770.27001953125
6697.31982421875
6629.50927734375
6551.76416015625
6471.7802734375
6390.04443359375
6313.25927734375
6244.7412109375
6179.30126953125
6109.28759765625
6037.0224609375
5969.14013671875
5911.8564453125
5852.8271484375
5797.32421875
5737.03515625
5676.1572265625
5612.61962890625
5550.8935546875
5493.99365234375
5438.2431640625
5386.7548828125
5333.345703125
