20000.0
20000.0
20000.0
20000.0
20000.0
20000.0
20000.0
20000.0
20000.0
20000.0
20000.0
20000.0
20000.0
20000.0
20000.0
20000.0
20000.0
20000.0
20000.0
20000.0
20000.0
20000.0
20000.0
20000.0
20000.0
20000.0
19999.978515625
19999.99609375
20000.0
20000.0
20000.0
20000.0
19999.998046875
20000.0
20000.0
20000.0
20000.0
19999.998046875
20000.0
20000.0
20000.0
20000.0
20000.0
20000.0
19462.904296875
18849.84375
18306.744140625
17543.15234375
16956.85546875
16461.537109375
15966.181640625
15512.9365234375
15085.0791015625
14695.244140625
14372.302734375
14053.9560546875
13779.31640625
13523.828125
13293.1279296875
13066.4501953125
12856.6884765625
12662.6611328125
12476.3837890625
12298.26171875
12123.48046875
11953.9130859375
11802.5625
11637.9970703125
11473.4521484375
11299.279296875
11126.4990234375
10949.0546875
10773.59765625
10606.865234375
10437.2744140625
10276.9794921875
10114.8056640625
9953.9658203125
9816.8818359375
9670.59765625
9526.921875
9366.4677734375
9208.0537109375
9049.6962890625
8897.9814453125
8757.5927734375
8616.56640625
8486.79296875
8358.6728515625
8231.267578125
8118.9990234375
8003.84912109375
7900.70751953125
7802.70263671875
7713.5107421875
7625.240234375
7538.78271484375
7452.3779296875
7325.64697265625
7195.400390625
7068.640625
6949.5771484375
6847.16552734375
6739.494140625
6639.66650390625
6540.65283203125
6448.7470703125
6357.654296875
6270.6396484375
6189.9130859375
6109.7744140625
6035.1650390625
5961.02099609375
5889.77978515625
5827.259765625
5760.14013671875
5696.14501953125
5631.84228515625
5571.46923828125
5510.99560546875
5452.7119140625
5398.16357421875
5344.740234375
5294.07958984375
5242.6083984375
