20000.0
20000.0
20000.0
20000.0
20000.0
20000.0
20000.0
20000.0
20000.0
20000.0
20000.0
20000.0
20000.0
20000.0
20000.0
20000.0
20000.0
20000.0
20000.0
20000.0
20000.0
20000.0
20000.0
20000.0
20000.0
19999.421875
19997.64453125
19999.845703125
20000.0
20000.0
20000.0
20000.0
20000.0
19622.099609375
18871.9140625
18186.2890625
17574.388671875
17023.79296875
16502.748046875
16040.2578125
15597.5869140625
15183.1962890625
14827.4853515625
14454.068359375
14122.2314453125
13804.3349609375
13504.048828125
13089.95703125
12771.638671875
12493.74609375
12225.49609375
11989.78125
11763.298828125
11556.408203125
11392.5849609375
11234.2763671875
11092.97265625
10954.505859375
10819.7177734375
10667.3701171875
10502.8017578125
10351.5146484375
10216.849609375
10090.3515625
9958.6982421875
9832.51953125
9725.2724609375
9613.3291015625
9507.7041015625
9401.26953125
9302.478515625
9206.6044921875
9117.076171875
9034.9931640625
8953.154296875
8875.7998046875
8795.1552734375
8718.78125
8653.693359375
8584.8369140625
8519.8857421875
8453.0048828125
8388.568359375
8322.72265625
8258.3291015625
8195.8955078125
8132.06787109375
8071.50537109375
8010.37890625
7950.58837890625
7896.83984375
7837.83984375
7781.8330078125
7725.30859375
7671.7099609375
7616.970703125
7562.33349609375
7509.66796875
7455.76025390625
7403.84228515625
7350.60888671875
7298.11669921875
7251.86279296875
7203.38427734375
7156.74755859375
7108.00439453125
7060.4921875
7011.03173828125
6961.5517578125
6913.7978515625
6865.18603515625
6819.00634765625
6771.95458984375
6725.55859375
6684.20361328125
6639.05517578125
6595.802734375
6551.41748046875
6508.82470703125
6464.97998046875
6422.1123046875
6381.3173828125
6339.80859375
6299.9892578125
6258.171875
