20000.0
20000.0
20000.0
19999.9921875
20000.0
20000.0
20000.0
20000.0
20000.0
20000.0
20000.0
20000.0
20000.0
20000.0
20000.0
20000.0
20000.0
20000.0
20000.0
20000.0
20000.0
20000.0
19999.783203125
19999.916015625
20000.0
20000.0
20000.0
19999.998046875
20000.0
20000.0
20000.0
20000.0
20000.0
20000.0
20000.0
19999.9921875
19999.998046875
19930.759765625
19209.51953125
18348.328125
17552.794921875
16773.16015625
16163.09765625
15588.3544921875
15068.9736328125
14587.857421875
14177.658203125
13809.2529296875
13485.71484375
13208.9423828125
12958.96875
12740.6611328125
12536.82421875
12351.7001953125
12197.390625
12038.6708984375
11893.9306640625
11752.21484375
11620.9765625
11493.072265625
11367.515625
11244.9033203125
11122.654296875
11009.646484375
10898.9521484375
10792.9248046875
10700.8125
10601.8603515625
10508.994140625
10415.7421875
10327.0185546875
10236.625
10148.8447265625
10064.720703125
9977.9033203125
9893.2275390625
9805.6455078125
9717.396484375
9637.037109375
9546.96875
9458.349609375
9364.3154296875
9272.357421875
9176.1328125
9078.1669921875
8981.478515625
8879.9814453125
8780.4462890625
8675.4658203125
8567.228515625
8465.671875
8347.6494140625
8232.2138671875
8115.09619140625
8011.09619140625
7909.9609375
7813.3896484375
7725.8369140625
7639.19677734375
7558.525390625
7475.59130859375
7392.8076171875
7274.34228515625
7143.06201171875
7025.5068359375
6913.67041015625
6813.18505859375
6716.36572265625
6624.42919921875
6538.30859375
6451.40625
6369.01708984375
6285.3291015625
6203.03076171875
6129.86474609375
6050.1865234375
5974.23974609375
5896.38232421875
5820.19091796875
5740.875
5660.2412109375
5582.1044921875
5501.72314453125
5423.57470703125
5341.6787109375
