20000.0
20000.0
20000.0
20000.0
20000.0
20000.0
20000.0
20000.0
20000.0
20000.0
20000.0
20000.0
20000.0
20000.0
20000.0
20000.0
20000.0
20000.0
20000.0
20000.0
20000.0
19999.95703125
19999.998046875
19999.96484375
20000.0
19999.9921875
20000.0
19999.998046875
20000.0
20000.0
20000.0
20000.0
20000.0
20000.0
19373.22265625
18717.359375
18110.685546875
17545.1484375
17009.67578125
16539.341796875
16095.8583984375
15679.0732421875
15330.0224609375
14891.1416015625
14522.291015625
14198.4853515625
13898.0126953125
13592.4697265625
13321.9580078125
13089.583984375
12855.115234375
12606.92578125
12340.5068359375
12121.38671875
11955.3984375
11791.353515625
11620.9658203125
11456.0615234375
11316.8857421875
11173.7412109375
11016.302734375
10877.240234375
10753.919921875
10644.3525390625
10528.9794921875
10406.9140625
10292.08984375
10157.9951171875
10029.013671875
9903.8876953125
9791.6513671875
9678.0263671875
9559.48046875
9443.3203125
9321.712890625
9200.0966796875
9076.8828125
8956.8603515625
8851.60546875
8739.4189453125
8637.4453125
8525.2685546875
8419.845703125
8317.8544921875
8217.9912109375
8122.1171875
8024.04296875
7930.1611328125
7833.88134765625
7739.63427734375
7659.75927734375
7568.125
7477.083984375
7381.7978515625
7288.5576171875
7192.15478515625
7095.87646484375
7003.28955078125
6907.27001953125
6815.68359375
6723.77734375
6633.34033203125
6552.5126953125
6465.40673828125
6383.52587890625
6299.99609375
6219.64208984375
6136.91748046875
6050.22509765625
5969.1162109375
5888.09814453125
5811.57666015625
5734.02099609375
5657.90185546875
5589.94580078125
5515.65625
5444.5380859375
5368.51171875
5288.482421875
5206.17724609375
5126.2626953125
5050.57958984375
4974.6259765625
4909.927734375
4846.732421875
