20000.0
20000.0
20000.0
20000.0
19779.646484375
19761.14453125
20000.0
20000.0
20000.0
20000.0
20000.0
20000.0
20000.0
20000.0
20000.0
20000.0
20000.0
20000.0
20000.0
20000.0
20000.0
20000.0
20000.0
20000.0
19999.99609375
20000.0
19999.984375
19999.994140625
19059.416015625
18303.099609375
17642.005859375
17139.8984375
16716.0390625
16348.87890625
16007.1728515625
15694.291015625
15416.7119140625
15153.8388671875
14919.478515625
14696.337890625
14495.1005859375
14311.4892578125
14106.509765625
13913.2490234375
13723.3896484375
13545.5126953125
13364.9091796875
13194.396484375
13036.333984375
12875.4033203125
12718.21484375
12553.9248046875
12390.3271484375
12244.294921875
12082.603515625
11917.44140625
11748.9365234375
11589.7138671875
11429.3984375
11271.31640625
11121.666015625
10969.7314453125
10821.392578125
10669.765625
10517.966796875
10379.080078125
10231.064453125
10083.2724609375
9933.2744140625
9794.853515625
9664.1044921875
9532.73828125
9406.720703125
9278.2958984375
9164.3466796875
9068.15625
8973.7705078125
8889.576171875
8796.50390625
8706.4951171875
8613.861328125
8524.908203125
8434.103515625
8344.470703125
8255.9111328125
8166.22314453125
8081.9404296875
7994.9091796875
7908.52490234375
7831.71728515625
7748.81884765625
7670.78759765625
7585.85107421875
7505.33349609375
7425.13916015625
7347.08203125
7273.4248046875
7199.71240234375
7130.3857421875
7060.6279296875
6992.232421875
6931.56591796875
6866.2919921875
6805.2353515625
6743.97412109375
6686.14599609375
6627.73046875
6570.57568359375
6516.40380859375
6461.52734375
6409.42138671875
6356.537109375
6305.083984375
6261.115234375
6213.033203125
6167.53271484375
6122.92431640625
6081.482421875
6040.81689453125
6001.73046875
5964.890625
5927.64990234375
5892.46435546875
5856.98876953125
