20000.0
20000.0
20000.0
19405.17578125
18712.802734375
18584.78125
19038.2890625
19652.87890625
20000.0
20000.0
20000.0
20000.0
20000.0
20000.0
20000.0
20000.0
20000.0
20000.0
19999.9765625
19999.9921875
20000.0
19152.92578125
18556.533203125
17927.541015625
17316.61328125
16619.072265625
16026.2216796875
15492.654296875
15013.1728515625
14604.697265625
14190.48828125
13825.9482421875
13477.7802734375
13163.5380859375
12860.5419921875
12577.826171875
12313.6416015625
12044.7578125
11798.5771484375
11560.322265625
11337.3056640625
11147.4931640625
10965.126953125
10789.8876953125
10612.169921875
10445.0205078125
10269.4482421875
10101.4755859375
9942.7978515625
9781.89453125
9629.916015625
9478.951171875
9335.2978515625
9210.0263671875
9072.57421875
8958.2451171875
8857.8232421875
8763.390625
8668.1044921875
8574.7080078125
8485.345703125
8395.6689453125
8311.818359375
8228.03515625
8146.384765625
8074.01611328125
7995.22509765625
7919.93994140625
7843.20166015625
7770.00732421875
7695.06494140625
7620.8125
7549.58740234375
7477.2919921875
7409.65185546875
7342.33154296875
7277.7724609375
7221.54296875
7162.01123046875
7105.57470703125
7046.83056640625
6992.38134765625
6938.63330078125
6886.9072265625
6838.341796875
6789.60498046875
6744.30029296875
6699.1611328125
6655.07421875
6616.0146484375
6573.87548828125
6534.04443359375
6494.49169921875
6457.99169921875
6420.5283203125
6382.7353515625
6345.75830078125
6305.94384765625
6267.29833984375
6228.24169921875
6190.64794921875
6157.50537109375
6122.5478515625
6090.77001953125
6060.24169921875
6032.82568359375
5984.89111328125
5929.21435546875
5874.77978515625
5821.13134765625
5772.39794921875
5725.1865234375
5680.951171875
5643.2451171875
5603.66845703125
5567.01806640625
5530.60546875
5496.515625
5462.4501953125
5429.67333984375
5400.49853515625
5371.46240234375
5343.8642578125
5315.6513671875
