20000.0
20000.0
20000.0
20000.0
20000.0
20000.0
20000.0
20000.0
20000.0
20000.0
20000.0
20000.0
20000.0
20000.0
20000.0
20000.0
20000.0
20000.0
20000.0
20000.0
20000.0
20000.0
20000.0
20000.0
20000.0
20000.0
19999.99609375
20000.0
20000.0
20000.0
20000.0
19999.998046875
20000.0
19999.96875
20000.0
20000.0
19999.990234375
20000.0
19999.984375
20000.0
20000.0
20000.0
20000.0
20000.0
19999.990234375
20000.0
20000.0
20000.0
20000.0
20000.0
20000.0
20000.0
20000.0
20000.0
20000.0
20000.0
20000.0
20000.0
20000.0
20000.0
19999.970703125
19999.9921875
20000.0
19999.54296875
19766.08984375
19032.7109375
18415.982421875
17773.341796875
17187.83203125
16652.86328125
16232.052734375
15861.361328125
15528.2666015625
15227.1728515625
14927.8408203125
14637.35546875
14337.2216796875
14049.7197265625
13800.888671875
13539.712890625
13302.4765625
13079.708984375
12872.95703125
12667.3330078125
12469.97265625
12297.02734375
12125.94921875
11965.4814453125
11805.4267578125
11652.130859375
11519.470703125
11378.185546875
11247.1201171875
11117.1923828125
10996.8125
10876.4248046875
10761.1513671875
10654.1669921875
10547.724609375
10448.3876953125
10349.544921875
10254.3515625
10171.142578125
10082.3388671875
9999.2958984375
9916.6259765625
9839.630859375
9762.9091796875
9688.9375
9619.818359375
9550.69140625
9486.36328125
9422.1904296875
9359.87109375
9305.001953125
9245.1884765625
9189.826171875
9134.9609375
9083.2041015625
9031.546875
8981.3759765625
8933.9306640625
8886.1474609375
8841.2373046875
8796.23828125
