20000.0
20000.0
20000.0
20000.0
20000.0
20000.0
20000.0
20000.0
20000.0
20000.0
20000.0
20000.0
20000.0
20000.0
20000.0
20000.0
20000.0
20000.0
20000.0
20000.0
20000.0
20000.0
19999.99609375
20000.0
20000.0
20000.0
20000.0
19999.927734375
20000.0
20000.0
19999.998046875
20000.0
20000.0
20000.0
20000.0
20000.0
20000.001953125
20000.0
20000.0
20000.001953125
20000.0
20000.0
20000.0
20000.0
20000.0
19510.9375
18865.548828125
18252.96875
17704.89453125
17175.87109375
16675.47265625
16071.400390625
15584.3974609375
15188.2451171875
14780.7919921875
14408.16015625
14043.3427734375
13714.521484375
13409.720703125
13129.453125
12884.37890625
12636.84375
12361.38671875
12074.0732421875
11811.9501953125
11598.630859375
11388.8330078125
11197.1484375
10997.2978515625
10800.1279296875
10598.6904296875
10404.0478515625
10222.90625
10043.494140625
9876.892578125
9714.451171875
9558.6318359375
9422.32421875
9277.671875
9142.2353515625
9005.291015625
8877.41015625
8750.703125
8627.373046875
8510.818359375
8393.693359375
8283.5888671875
8172.73291015625
8062.86083984375
7952.734375
7831.83447265625
7718.9296875
7605.1640625
7492.189453125
7377.20654296875
7265.017578125
7160.40234375
7055.74365234375
6956.8369140625
6856.77197265625
6761.58642578125
6679.42529296875
6589.38037109375
6503.31005859375
6415.05419921875
6330.419921875
6243.78125
6158.421875
6075.7978515625
5988.267578125
5904.65283203125
5820.48828125
5738.06005859375
5665.05615234375
5588.955078125
5523.55859375
5455.9833984375
5389.88623046875
5323.61669921875
5258.64501953125
5196.10986328125
5132.548828125
5072.55029296875
5012.25244140625
