20000.0
20000.0
20000.0
20000.0
20000.0
20000.0
20000.0
20000.0
20000.0
20000.0
20000.0
20000.0
20000.0
20000.0
20000.0
20000.0
20000.0
20000.0
20000.0
20000.0
20000.0
20000.0
20000.0
20000.0
19999.998046875
19999.994140625
19999.998046875
20000.0
20000.0
20000.0
20000.0
20000.0
19999.951171875
19999.95703125
20000.0
20000.0
19750.89453125
19030.283203125
18375.318359375
17777.083984375
17246.638671875
16783.6953125
16383.8203125
15986.3125
15638.017578125
15307.2060546875
15007.7880859375
14715.5458984375
14442.4365234375
14192.3701171875
13949.1630859375
13725.986328125
13507.28515625
13299.3173828125
13116.396484375
12921.0146484375
12740.1533203125
12560.4736328125
12397.775390625
12237.1572265625
12080.4541015625
11931.5634765625
11781.2900390625
11639.4404296875
11497.5546875
11361.68359375
11242.541015625
11114.240234375
10993.0849609375
10870.9345703125
10755.587890625
10639.40625
10526.888671875
10425.0380859375
10331.6494140625
10251.09375
10174.8076171875
10103.640625
10042.1357421875
9975.294921875
9908.0576171875
9838.1494140625
9771.330078125
9703.7451171875
9632.6826171875
9557.919921875
9483.0849609375
9415.5625
9350.8818359375
9290.1923828125
9237.72265625
9181.41015625
9127.6005859375
9072.9208984375
9021.5556640625
8970.5048828125
8920.3349609375
8873.40234375
8826.326171875
8781.931640625
8736.0966796875
8690.443359375
8649.5615234375
8605.1494140625
8563.0966796875
8520.404296875
8479.966796875
8439.03125
8399.634765625
8361.091796875
8323.2880859375
8287.68359375
8251.84375
8216.955078125
8186.142578125
8154.04150390625
8123.77978515625
8092.712890625
8062.7021484375
8021.48876953125
7982.39111328125
7946.337890625
7912.18798828125
7880.6796875
7849.05322265625
