20000.0
20000.0
20000.0
20000.0
20000.0
20000.0
20000.0
20000.0
20000.0
20000.0
20000.0
20000.0
20000.0
20000.0
20000.0
20000.0
20000.0
20000.0
20000.0
19999.212890625
20000.0
19999.935546875
20000.0
19999.99609375
19999.9921875
19999.99609375
20000.0
20000.0
20000.0
19835.4296875
19236.033203125
18627.083984375
18062.5390625
17472.171875
16945.16796875
16449.033203125
15996.2197265625
15589.283203125
15191.109375
14823.2998046875
14472.9521484375
14062.625
13741.1220703125
13438.892578125
13173.6455078125
12919.6181640625
12688.326171875
12457.443359375
12237.8935546875
12052.8193359375
11894.2802734375
11747.33203125
11585.408203125
11412.3779296875
11247.1171875
11051.0673828125
10885.2685546875
10749.4765625
10631.7783203125
10519.1123046875
10410.6171875
10305.240234375
10199.65234375
10103.513671875
10008.5107421875
9917.517578125
9836.5595703125
9744.361328125
9655.0859375
9566.4501953125
9482.111328125
9396.0556640625
9312.833984375
9235.4892578125
9157.435546875
9082.669921875
9005.05859375
8926.69140625
8854.40234375
8772.921875
8694.1416015625
8613.955078125
8539.0234375
8464.0
8389.6220703125
8319.638671875
8249.0224609375
8181.62939453125
8112.96630859375
8043.7216796875
7979.107421875
7905.61572265625
7833.11669921875
7757.0419921875
7679.431640625
7598.03662109375
7518.24755859375
7442.41552734375
7365.21533203125
7290.66943359375
7212.87890625
7134.1298828125
7062.77734375
6983.71728515625
6905.806640625
6820.50732421875
6737.06787109375
6652.86865234375
6571.81494140625
6496.1982421875
6420.2822265625
6348.40771484375
6276.025390625
6205.2998046875
6142.8046875
6077.818359375
6016.404296875
5955.2646484375
5898.7236328125
5841.3125
5785.23779296875
5732.064453125
5678.40869140625
5628.31884765625
5578.623046875
