20000.0
20000.0
20000.0
20000.0
20000.0
20000.0
20000.0
20000.0
20000.0
20000.0
20000.0
20000.0
20000.0
20000.0
20000.0
20000.0
20000.0
20000.0
19999.998046875
19999.71484375
20000.0
19679.96875
18358.578125
17263.623046875
16274.86328125
15487.61328125
14832.248046875
14304.1279296875
13841.74609375
13454.5791015625
13125.0673828125
12779.888671875
12470.197265625
12177.9560546875
11911.986328125
11656.640625
11445.615234375
11264.09375
11079.720703125
10906.9931640625
10723.2294921875
10543.134765625
10385.1982421875
10202.396484375
10009.5009765625
9825.2158203125
9672.861328125
9549.1357421875
9434.6875
9330.45703125
9226.318359375
9127.5078125
9027.5458984375
8930.4638671875
8845.3876953125
8754.3642578125
8669.435546875
8586.05078125
8509.0556640625
8432.453125
8358.1240234375
8288.07421875
8217.5380859375
8151.56005859375
8083.48486328125
8015.6826171875
7957.16552734375
7896.4404296875
7840.87548828125
7785.6318359375
7733.88623046875
7681.9072265625
7631.8203125
7584.24169921875
7535.8994140625
7488.32470703125
7434.8271484375
7380.11083984375
7332.724609375
7283.8330078125
7234.97314453125
7171.0126953125
7105.390625
7034.984375
6966.13818359375
6902.44677734375
6838.9931640625
6745.04541015625
6641.73779296875
6547.705078125
6466.56494140625
6373.76171875
6276.63427734375
6186.6201171875
6104.1494140625
6021.92626953125
5936.8310546875
5858.65869140625
5781.92919921875
5713.06201171875
5644.666015625
5578.2705078125
5516.7998046875
5452.35546875
5392.6650390625
5328.21533203125
5264.83447265625
5201.35791015625
5140.33203125
5084.07373046875
5028.19384765625
4976.35107421875
4925.35009765625
4873.1162109375
4814.7568359375
4752.19091796875
4697.1259765625
4645.578125
4599.69970703125
4555.19287109375
4512.9970703125
4472.32861328125
4430.51318359375
4389.7216796875
4347.62109375
