20000.0
20000.0
20000.0
19999.998046875
19999.998046875
20000.0
20000.0
20000.0
20000.0
20000.0
20000.0
20000.0
20000.0
20000.0
20000.0
20000.0
20000.0
20000.0
20000.0
19999.99609375
20000.0
20000.0
20000.0078125
20000.0
19999.98828125
20000.0
20000.0
20000.0
19973.2109375
19234.64453125
18629.455078125
18027.99609375
17482.4453125
16953.7109375
16467.70703125
15985.2001953125
15539.751953125
15153.931640625
14770.3017578125
14407.55078125
14035.8251953125
13671.271484375
13346.908203125
13008.4423828125
12699.9833984375
12401.1845703125
12139.544921875
11882.8291015625
11635.212890625
11402.1435546875
11180.064453125
10974.9033203125
10761.6533203125
10549.583984375
10374.7998046875
10191.5703125
10023.3876953125
9858.2353515625
9705.9296875
9554.876953125
9406.5693359375
9263.779296875
9111.5673828125
8964.0166015625
8824.6337890625
8695.1826171875
8585.365234375
8463.0078125
8321.9453125
8179.2685546875
8035.5322265625
7903.34716796875
7780.1806640625
7670.8095703125
7562.2958984375
7460.87255859375
7362.248046875
7261.17529296875
7170.89111328125
7074.23046875
6982.86572265625
6888.4150390625
6797.60400390625
6704.99560546875
6618.4990234375
6536.0966796875
6451.44580078125
6370.99169921875
6289.49462890625
6209.2001953125
6133.12158203125
6046.7265625
5968.5771484375
5892.97021484375
5822.0458984375
5749.86572265625
5678.375
5610.65185546875
5542.39697265625
5477.25439453125
5410.9990234375
5345.7998046875
5287.8798828125
5224.8095703125
5165.7958984375
5108.37548828125
5051.95654296875
4993.81787109375
4936.8779296875
4882.275390625
4825.9658203125
4772.2587890625
4717.921875
4665.23095703125
4619.39794921875
4571.02099609375
4525.87744140625
4481.861328125
4441.05029296875
4397.5908203125
4354.88232421875
4314.47998046875
4274.34912109375
4234.43896484375
4192.9326171875
