20000.0
20000.0
20000.0
20000.0
20000.0
20000.0
20000.0
20000.0
20000.0
20000.0
20000.0
20000.0
20000.0
20000.0
20000.0
20000.0
20000.0
20000.0
20000.0
19960.150390625
18302.234375
17012.27734375
16000.8720703125
15266.1962890625
14707.1005859375
14240.8544921875
13794.9345703125
13369.2841796875
13010.2314453125
12651.8408203125
12313.2607421875
12040.986328125
11769.8583984375
11529.4951171875
11301.4736328125
11094.2373046875
10892.5400390625
10704.9287109375
10536.361328125
10372.7978515625
10194.939453125
10014.455078125
9845.97265625
9702.8974609375
9554.4501953125
9417.6201171875
9286.9404296875
9186.01953125
9085.2958984375
8987.4716796875
8896.3359375
8796.2353515625
8696.435546875
8603.009765625
8516.14453125
8438.9228515625
8353.1953125
8258.0751953125
8147.07080078125
8033.03515625
7914.416015625
7794.63427734375
7689.53173828125
7586.4892578125
7476.0068359375
7354.16796875
7235.79296875
7133.79541015625
7024.39990234375
6916.7890625
6808.91015625
6708.56884765625
6606.2294921875
6508.79296875
6416.23876953125
6320.70263671875
6229.80126953125
6137.04736328125
6046.8974609375
5968.658203125
5888.41748046875
5816.8115234375
5749.31494140625
5675.947265625
5596.693359375
5518.18798828125
5444.3369140625
5368.70947265625
5300.490234375
5235.53076171875
5175.087890625
5123.5029296875
5068.34814453125
5014.9453125
4959.955078125
4891.0546875
4821.11865234375
4758.85791015625
4703.44482421875
4649.96728515625
4599.74267578125
4550.4365234375
4503.5107421875
4462.66455078125
4413.451171875
4364.57470703125
4314.9560546875
4268.748046875
4222.04150390625
4176.0517578125
4132.40234375
4088.48095703125
4049.378173828125
4011.135986328125
3974.56005859375
3942.24853515625
3906.7138671875
3872.918701171875
3838.406005859375
3804.715576171875
3770.297607421875
3736.18603515625
3703.2431640625
3669.178466796875
3636.339599609375
3602.649169921875
