20000.0
20000.0
20000.0
19999.998046875
20000.0
20000.0
20000.0
20000.0
20000.0
20000.0
20000.0
20000.0
20000.0
20000.0
20000.0
20000.0
20000.0
20000.0
20000.0
20000.0
19999.998046875
20000.0078125
20000.0
20000.009765625
20000.0
19999.90625
20000.0
19618.5
18558.873046875
17716.75
16957.4609375
16338.4296875
15807.763671875
15363.30859375
14964.908203125
14594.9755859375
14272.109375
13975.9267578125
13719.224609375
13487.5234375
13281.3408203125
13109.3447265625
12930.806640625
12763.7685546875
12580.7490234375
12406.572265625
12239.521484375
12069.8671875
11891.0791015625
11707.7041015625
11537.71875
11370.056640625
11209.421875
11076.85546875
10934.365234375
10795.228515625
10654.7900390625
10523.107421875
10402.41015625
10296.978515625
10199.296875
10101.51171875
10009.396484375
9916.375
9825.5361328125
9745.6904296875
9659.9560546875
9579.3447265625
9498.2841796875
9422.0595703125
9329.123046875
9233.5341796875
9153.166015625
9075.7529296875
9003.986328125
8931.900390625
8860.0810546875
8797.00390625
8729.3994140625
8665.720703125
8602.5966796875
8544.462890625
8486.6640625
8432.7978515625
8385.0791015625
8338.7041015625
8295.224609375
8251.125
8208.2822265625
8166.52392578125
8117.43359375
8070.54833984375
8024.185546875
7982.107421875
7939.416015625
7892.9326171875
7847.31982421875
7795.1865234375
7745.7109375
7698.71875
7655.654296875
7619.20458984375
7581.041015625
7546.18359375
7511.74658203125
7477.28369140625
7440.60546875
7403.078125
7366.06884765625
7327.908203125
7292.4345703125
7256.8642578125
7222.44921875
7192.3173828125
7159.92333984375
7129.564453125
7098.689453125
7069.28076171875
7039.69091796875
7010.18310546875
6981.236328125
6951.50537109375
6923.3583984375
6894.27294921875
