20000.0
20000.0
20000.0
20000.0
20000.0
20000.0
20000.0
20000.0
20000.0
20000.0
20000.0
20000.0
20000.0
20000.0
20000.0
20000.0
20000.0
20000.0
20000.0
20000.0
20000.0
19999.994140625
20000.0
20000.0
20000.0
19999.99609375
20000.0
19999.888671875
20000.0
20000.0
20000.0
20000.0
20000.0
20000.017578125
20000.0078125
19999.990234375
20000.0
20000.0
20000.0
20000.0
20000.0
20000.0
20000.0
20000.0
20000.0
20000.0
20000.0
20000.0
20000.0
19999.998046875
20000.0
20000.0
20000.0
19999.99609375
19480.68359375
18554.115234375
17729.576171875
17095.48046875
16554.806640625
16074.5810546875
15646.021484375
15231.0498046875
14860.671875
14511.2041015625
14180.572265625
13894.0322265625
13588.6103515625
13288.951171875
12993.2783203125
12722.4296875
12453.287109375
12199.67578125
11968.1640625
11739.46875
11527.0703125
11312.6572265625
11105.0771484375
10921.474609375
10721.966796875
10533.10546875
10342.0849609375
10158.4326171875
9990.826171875
9822.1513671875
9657.3466796875
9488.2099609375
9327.3857421875
9165.0107421875
9006.591796875
8866.033203125
8714.7265625
8572.412109375
8428.771484375
8292.6982421875
8155.54931640625
8023.11181640625
7901.73486328125
7777.11474609375
7660.01513671875
7543.44287109375
7429.91943359375
7330.67822265625
7224.048828125
7124.22509765625
7024.40625
6930.97705078125
6837.57861328125
6747.70361328125
6663.27001953125
6579.15478515625
6499.34228515625
6418.10205078125
6339.64990234375
6270.82275390625
6197.578125
6126.671875
6055.54296875
5989.06298828125
5922.57373046875
5858.0361328125
5797.38232421875
5736.712890625
5679.2158203125
5621.00537109375
