20000.0
20000.0
20000.0
19999.998046875
19999.998046875
20000.0
20000.0
20000.0
20000.0
20000.0
20000.0
20000.0
20000.0
20000.0
20000.0
20000.0
20000.0
20000.0
20000.0
20000.0
20000.0
20000.0
20000.0
20000.0
20000.0
20000.0
20000.0
20000.0
20000.0
20000.0
20000.0
20000.0
19999.984375
20000.0
20000.0
20000.0
20000.0
19999.98828125
20000.0
20000.0
20000.0
20000.0
20000.0
20000.0
20000.0
20000.0
20000.0
19999.998046875
20000.0
20000.0
19745.7421875
19075.00390625
18428.3984375
17856.322265625
17266.49609375
16736.359375
16210.7451171875
15728.4208984375
15264.3447265625
14827.83203125
14424.7021484375
14032.1396484375
13670.091796875
13318.9814453125
12990.375
12709.2041015625
12413.673828125
12139.482421875
11862.8916015625
11589.3828125
11354.4091796875
11152.849609375
10967.2822265625
10782.0419921875
10608.537109375
10436.32421875
10268.9189453125
10128.025390625
9975.5009765625
9830.08984375
9683.740234375
9545.41796875
9406.181640625
9272.9677734375
9147.7021484375
9019.6455078125
8897.99609375
8775.787109375
8657.16796875
8552.9541015625
8440.6328125
8334.6728515625
8227.3251953125
8124.3291015625
8019.87109375
7917.31494140625
7783.25634765625
7664.18798828125
7559.3896484375
7456.33447265625
7357.6435546875
7271.1826171875
7179.04296875
7089.474609375
7001.5419921875
6919.9208984375
6841.53173828125
6767.42919921875
6698.18212890625
6628.32470703125
6562.00537109375
6485.19580078125
6401.9970703125
6315.95458984375
6223.642578125
6143.2919921875
6069.90283203125
6006.30810546875
5944.91015625
5882.9638671875
5820.4814453125
5753.16796875
5686.25927734375
5615.45703125
