20000.0
20000.0
20000.0
20000.0
20000.0
20000.0
20000.0
20000.0
20000.0
20000.0
20000.0
20000.0
20000.0
20000.0
20000.0
20000.0
20000.0
20000.0
20000.0
20000.0
20000.0
20000.0
19999.998046875
19999.998046875
20000.0
20000.0
20000.0
20000.0
20000.0
20000.0
20000.0
20000.0
19146.0859375
18108.845703125
17143.12890625
16297.7255859375
15541.810546875
14818.50390625
14172.7880859375
13561.4091796875
13014.7744140625
12628.740234375
12222.662109375
11854.18359375
11415.1484375
11022.59765625
10671.8720703125
10353.3134765625
10070.341796875
9791.0361328125
9559.439453125
9344.6669921875
9060.8681640625
8798.701171875
8563.4326171875
8360.2802734375
8156.97509765625
7944.53662109375
7729.9755859375
7529.8564453125
7342.5205078125
7152.96044921875
6981.06787109375
6811.55615234375
6650.08154296875
6510.8740234375
6362.173828125
6223.5029296875
6089.6943359375
5967.4169921875
5831.75439453125
5698.5556640625
5575.474609375
5453.279296875
5339.1025390625
5224.99658203125
5114.09423828125
5020.8369140625
4925.82470703125
4834.9833984375
4746.76513671875
4665.6962890625
4587.16064453125
4511.8701171875
4440.4365234375
4366.4326171875
4294.95556640625
4218.0625
4142.4931640625
4075.90087890625
4003.48779296875
3934.333984375
3865.28515625
3801.396240234375
3738.86962890625
3678.88427734375
3623.097900390625
3568.197265625
3517.114990234375
3466.586669921875
3418.324462890625
3376.753173828125
3332.343017578125
3291.44921875
3251.207763671875
3213.883056640625
3176.786376953125
3141.43505859375
3111.195556640625
3082.91552734375
3056.771240234375
3030.540283203125
3005.547119140625
2983.744873046875
2960.25048828125
2938.0703125
2915.70068359375
2894.5068359375
2873.0546875
2851.9794921875
2831.774169921875
2809.482177734375
2788.08447265625
2766.580322265625
