20000.0
20000.0
20000.0
20000.0
20000.0
20000.0
20000.0
20000.0
20000.0
20000.0
20000.0
20000.0
20000.0
20000.0
20000.0
20000.0
20000.0
20000.0
20000.0
19999.998046875
20000.0
19999.998046875
19999.990234375
20000.0
20000.0
20000.0
20000.0
20000.0
20000.0
19999.998046875
20000.0
20000.0
20000.0
19999.998046875
20000.0
19930.22265625
18959.619140625
18000.896484375
17252.068359375
16561.09765625
15906.9775390625
15375.4296875
14834.2705078125
14369.7392578125
13973.671875
13647.7861328125
13341.40234375
13052.1669921875
12789.03125
12532.1181640625
12288.23828125
12024.28515625
11771.498046875
11555.1064453125
11328.236328125
11121.4609375
10910.5732421875
10708.7548828125
10508.2958984375
10314.12890625
10141.0400390625
9971.1396484375
9813.0498046875
9657.6513671875
9510.109375
9384.4482421875
9254.33203125
9136.515625
9022.0810546875
8914.8310546875
8808.0927734375
8703.94921875
8604.576171875
8502.8623046875
8405.7080078125
8303.814453125
8205.1171875
8118.5400390625
8024.8125
7934.58642578125
7843.802734375
7757.4833984375
7670.48291015625
7584.45068359375
7500.84619140625
7415.65283203125
7330.0224609375
7239.19287109375
7148.89990234375
7070.24755859375
6984.533203125
6899.63232421875
6811.50341796875
6728.20263671875
6645.35595703125
6568.16064453125
6493.77734375
6416.05810546875
6340.6259765625
6267.09716796875
6202.185546875
6149.96875
6093.98095703125
6040.53662109375
5985.69189453125
5925.529296875
5846.36474609375
5775.41552734375
5713.78857421875
5655.5537109375
5602.4833984375
5550.33740234375
5498.6337890625
5446.4482421875
5374.14208984375
5298.92138671875
5219.94140625
5143.6435546875
5065.97998046875
4990.060546875
4917.79443359375
4843.7568359375
4776.10302734375
4708.1640625
