20000.0
20000.0
20000.0
20000.0
20000.0
20000.0
20000.0
20000.0
20000.0
20000.0
20000.0
20000.0
20000.0
20000.0
20000.0
20000.0
20000.0
20000.0
20000.0
20000.0
20000.0
20000.0
20000.0078125
20000.013671875
20000.0
20000.0
20000.0
20000.0
20000.0
20000.0
20000.00390625
20000.0
20000.0
20000.0
20000.0
20000.0
20000.0
19999.990234375
20000.0
20000.0
20000.0
20000.0
20000.0
19604.7578125
18901.0625
18271.033203125
17661.841796875
16951.248046875
16405.259765625
15935.71484375
15460.9111328125
15038.3212890625
14632.412109375
14262.5439453125
13970.767578125
13688.99609375
13443.486328125
13209.173828125
12992.7451171875
12775.70703125
12576.552734375
12393.50390625
12209.7412109375
12032.8857421875
11851.3603515625
11674.7314453125
11517.958984375
11345.7666015625
11179.4658203125
11011.32421875
10852.5830078125
10688.9892578125
10519.3125
10354.341796875
10186.7119140625
10025.376953125
9856.3740234375
9686.0244140625
9534.4892578125
9369.525390625
9212.064453125
9048.2373046875
8886.1826171875
8714.8359375
8537.8896484375
8373.580078125
8214.3642578125
8072.6015625
7939.625
7820.8193359375
7723.2236328125
7617.03515625
7510.240234375
7372.79931640625
7213.61083984375
7054.02197265625
6903.15869140625
6765.2119140625
6630.32177734375
6506.3203125
6384.7177734375
6269.83984375
6171.1298828125
6067.541015625
5972.1494140625
5878.5400390625
5791.78759765625
5704.72705078125
5618.552734375
5538.3642578125
5459.57666015625
5387.37744140625
5316.609375
5248.97314453125
5190.49951171875
5128.19677734375
5070.06298828125
5011.26416015625
4960.1005859375
4907.447265625
4857.224609375
4808.7958984375
4758.92138671875
4711.71240234375
4665.2998046875
