20000.0
20000.0
20000.0
20000.0
20000.0
20000.0
20000.0
20000.0
20000.0
20000.0
20000.0
20000.0
20000.0
20000.0
20000.0
20000.0
20000.0
20000.0
20000.0
20000.0
20000.0
20000.0
20000.0
20000.0
20000.0
20000.0
20000.0
20000.0
20000.0
20000.0
20000.0
20000.015625
19999.986328125
20000.0
20000.0
19999.998046875
19999.994140625
20000.0
20000.0
20000.0
20000.0
20000.0
20000.0
20000.0
19722.751953125
19343.56640625
18974.4921875
18603.794921875
18252.59765625
17927.0078125
17585.876953125
17260.138671875
16935.943359375
16624.6640625
16350.19140625
16043.0634765625
15739.2490234375
15434.193359375
15154.5224609375
14883.716796875
14625.1357421875
14384.9443359375
14152.2451171875
13942.07421875
13729.2919921875
13519.142578125
13335.0244140625
13137.974609375
12952.3232421875
12764.6943359375
12586.9873046875
12406.75390625
12229.669921875
12062.0068359375
11892.5166015625
11730.2421875
11564.0400390625
11396.115234375
11248.25
11090.31640625
10938.3486328125
10784.033203125
10642.1708984375
10497.1982421875
10351.759765625
10214.1279296875
10099.5517578125
9993.76171875
9888.4287109375
9786.361328125
9696.6953125
9596.4248046875
9501.6064453125
9407.720703125
9319.7822265625
9231.693359375
9145.6142578125
9063.06640625
8978.6689453125
8898.51171875
8817.482421875
8738.427734375
8669.265625
8594.3466796875
8523.396484375
8451.5859375
8382.841796875
8312.6884765625
8243.3798828125
8176.98583984375
8109.037109375
8043.576171875
7975.83984375
7908.46923828125
7848.078125
7781.73388671875
7718.041015625
7652.60791015625
7589.6435546875
7524.93701171875
7460.91064453125
7400.13916015625
7338.7275390625
7280.93505859375
7223.037109375
