20000.0
20000.0
20000.0
20000.0
19999.998046875
20000.0
20000.0
20000.0
20000.0
20000.0
20000.0
20000.0
20000.0
20000.0
20000.0
20000.0
20000.0
20000.0
20000.0
20000.0
20000.0
20000.0
20000.0
20000.0
20000.0
20000.0
20000.0
20000.0
19999.998046875
20000.0
20000.0
20000.0
20000.0
19999.9765625
20000.0
20000.0
20000.0
20000.0
20000.0
19999.95703125
20000.0
20000.0
20000.0
19926.599609375
19062.9296875
18217.810546875
17455.9921875
16768.986328125
16137.322265625
15563.94921875
15014.810546875
14503.6044921875
14008.4326171875
13547.5576171875
13150.2529296875
12726.576171875
12343.0419921875
11974.640625
11637.0703125
11315.4970703125
11077.466796875
10846.91015625
10613.595703125
10394.8359375
10176.5048828125
9965.6875
9781.3681640625
9583.1982421875
9400.1689453125
9218.3076171875
9048.7412109375
8879.6474609375
8716.001953125
8562.7509765625
8408.9111328125
8264.1884765625
8117.2255859375
7973.60791015625
7846.666015625
7708.14208984375
7540.87109375
7397.83251953125
7269.7724609375
7143.30419921875
7020.74365234375
6905.95166015625
6794.7646484375
6693.3232421875
6592.48779296875
6492.99072265625
6400.64404296875
6283.912109375
6176.0478515625
6077.03173828125
5991.193359375
5909.19091796875
5817.6533203125
5726.9541015625
5636.966796875
5553.04296875
5470.18505859375
5387.40087890625
5315.294921875
5240.029296875
5170.73876953125
5100.32470703125
5031.6435546875
4960.326171875
4889.2421875
4821.65283203125
4753.30322265625
4688.89111328125
4624.4482421875
4561.724609375
4506.56884765625
4446.00830078125
4390.33251953125
4329.859375
4270.5224609375
4211.044921875
4153.0146484375
4097.8359375
4041.350341796875
3988.0068359375
3933.300537109375
