20000.0
19674.224609375
18622.75
17902.560546875
17702.41015625
17895.931640625
18240.314453125
18648.578125
19050.85546875
19452.5859375
19832.185546875
20000.0
20000.0
20000.0
20000.0
20000.0
20000.0
20000.0
20000.0
20000.0
20000.0
20000.0
20000.0
19999.994140625
19999.455078125
17199.830078125
15622.111328125
14650.5341796875
13981.078125
13318.16796875
12729.6982421875
12148.4970703125
11701.4580078125
11343.4130859375
11041.193359375
10787.150390625
10572.2412109375
10402.9345703125
10260.6962890625
10147.6904296875
10066.626953125
9996.837890625
9938.220703125
9826.2021484375
9697.3193359375
9566.8046875
9446.7353515625
9313.5517578125
9169.1708984375
9033.7802734375
8902.361328125
8778.5107421875
8672.33203125
8568.8310546875
8490.560546875
8414.7265625
8345.3759765625
8277.1884765625
8211.87890625
8148.6650390625
8084.7333984375
8025.26513671875
7966.5
7910.0546875
7860.576171875
7807.37744140625
7757.1689453125
7706.49462890625
7658.501953125
7609.9814453125
7562.4677734375
7517.42578125
7471.8134765625
7428.52197265625
7384.5859375
7341.255859375
7302.568359375
7260.9453125
7220.2314453125
7176.99658203125
7134.23779296875
7089.4990234375
7044.5947265625
7000.94873046875
6955.14599609375
6911.07958984375
6865.90576171875
6821.62646484375
6782.43994140625
6740.03564453125
6699.9765625
6659.6259765625
6621.52783203125
6582.9775390625
6545.2890625
6509.44189453125
6473.04296875
6438.40478515625
6403.22607421875
6368.6552734375
6337.62060546875
6304.96630859375
6273.18212890625
6237.8125
6202.20556640625
6164.42529296875
6126.10888671875
6089.2314453125
6051.5654296875
6015.43896484375
5978.50927734375
5941.9306640625
5909.18408203125
5873.33837890625
5839.13671875
5804.3466796875
5771.1826171875
5737.40283203125
5704.1142578125
5672.3681640625
5640.21044921875
5609.71728515625
5578.8212890625
