20000.0
20000.0
20000.0
20000.0
20000.0
20000.0
20000.0
20000.0
20000.0
20000.0
20000.0
20000.0
20000.0
20000.0
20000.0
20000.0
20000.0
20000.0
20000.0
20000.0
20000.0
20000.0
20000.0
20000.0
20000.0
20000.0
20000.0
20000.0
20000.0
20000.0
20000.0
20000.0
20000.0
20000.0
20000.0
20000.0
20000.0
20000.0
20000.0
20000.0
20000.0
20000.0
20000.0
19999.9921875
20000.0
20000.0
20000.0
19999.998046875
20000.0
20000.0
20000.0
20000.0
19999.958984375
20000.0
19999.998046875
20000.0
20000.0
20000.0
20000.0
19999.998046875
20000.0
20000.0
20000.0
19999.99609375
19904.478515625
19038.3515625
18260.63671875
17507.443359375
16805.47265625
16238.880859375
15668.814453125
15160.5302734375
14695.0263671875
14273.0
13893.51953125
13525.9697265625
13187.3095703125
12855.126953125
12577.8720703125
12326.8974609375
12096.9990234375
11882.736328125
11655.10546875
11434.6796875
11157.3408203125
10919.44140625
10660.654296875
10408.615234375
10212.9794921875
10031.4375
9849.8271484375
9656.2880859375
9476.404296875
9331.6845703125
9176.35546875
9016.041015625
8842.4560546875
8652.96875
8467.2822265625
8292.318359375
8129.5869140625
7973.05078125
7833.96923828125
7692.30712890625
7550.8056640625
7428.87841796875
7300.72998046875
7183.943359375
7069.1455078125
6961.70458984375
6854.33154296875
6751.19873046875
6655.32470703125
6559.89892578125
6470.34912109375
6378.90283203125
6288.3935546875
6207.31640625
6118.47607421875
6033.40283203125
5947.82470703125
5865.1865234375
5778.970703125
5694.220703125
5614.25439453125
5533.68115234375
5457.57177734375
5380.904296875
