20000.0
20000.0
20000.0
20000.0
20000.0
20000.0
20000.0
20000.0
20000.0
20000.0
20000.0
20000.0
20000.0
20000.0
20000.0
20000.0
20000.0
20000.0
20000.0
20000.0
20000.0
20000.0
20000.0
20000.0
20000.0
20000.0
19999.908203125
20000.001953125
19999.998046875
19999.994140625
20000.0
20000.0
20000.0
20000.0
20000.0
20000.0
20000.0
20000.0
20000.0
20000.0
20000.0
20000.0
20000.0
20000.0
20000.0
20000.0
20000.0
20000.0
20000.0
20000.0
20000.0
20000.0
20000.0
20000.0
19797.369140625
19142.052734375
18490.74609375
17775.3359375
17068.328125
16457.291015625
15921.810546875
15412.9990234375
14955.0185546875
14508.0419921875
14083.607421875
13740.2890625
13391.0263671875
12985.5810546875
12617.4267578125
12320.44140625
12021.35546875
11730.9990234375
11452.076171875
11175.1748046875
10921.2138671875
10673.87109375
10442.5634765625
10248.3115234375
10042.810546875
9849.6845703125
9655.265625
9465.326171875
9262.4833984375
9050.9912109375
8854.88671875
8662.84765625
8484.58203125
8308.5546875
8139.14306640625
7990.36767578125
7828.5029296875
7676.73681640625
7526.24853515625
7382.45361328125
7243.28271484375
7110.14501953125
6984.75439453125
6857.3818359375
6736.189453125
6613.60107421875
6495.89404296875
6384.5419921875
6251.20849609375
6124.18408203125
5996.34912109375
5876.763671875
5759.29541015625
5648.11962890625
5545.34814453125
5443.4033203125
5348.6279296875
5252.43798828125
5163.869140625
5089.12353515625
5010.14111328125
4936.62890625
4863.03955078125
4793.78759765625
4724.42724609375
4656.666015625
4592.2958984375
4527.427734375
4466.6689453125
4406.24072265625
