20000.0
20000.0
20000.0
20000.0
20000.0
20000.0
20000.0
20000.0
20000.0
20000.0
20000.0
20000.0
20000.0
20000.0
20000.0
20000.0
20000.0
20000.0
20000.0
20000.0
20000.0
20000.0
20000.0
20000.0
20000.0
19999.8515625
20000.0
19999.990234375
20000.0
20000.0
20000.0
20000.0
20000.0
20000.0
20000.0
20000.0
19999.998046875
20000.0
20000.0
20000.0
20000.0
20000.0
19999.998046875
20000.0
20000.0
20000.0
20000.0
20000.0
20000.0
20000.0
20000.0
20000.0
19999.994140625
20000.0
20000.0
19061.505859375
18225.658203125
17478.939453125
16845.7265625
16253.6640625
15716.84765625
15258.9931640625
14806.064453125
14370.771484375
13931.705078125
13504.228515625
13126.4306640625
12698.8056640625
12290.2490234375
11874.2041015625
11489.7060546875
11117.919921875
10773.76171875
10462.2744140625
10163.9853515625
9912.60546875
9668.216796875
9436.0166015625
9238.8037109375
9034.09765625
8849.4345703125
8670.0537109375
8494.369140625
8279.97265625
8063.95703125
7861.373046875
7668.45361328125
7494.935546875
7323.40771484375
7158.03515625
7016.412109375
6868.91162109375
6733.9677734375
6602.33056640625
6480.33251953125
6360.5576171875
6247.64990234375
6144.201171875
6043.47802734375
5951.7392578125
5862.03271484375
5777.34912109375
5704.68701171875
5628.61083984375
5558.33642578125
5488.87939453125
5424.419921875
5360.55224609375
5299.68310546875
5244.3623046875
5192.83935546875
5144.5166015625
5096.3203125
5049.74658203125
5008.8671875
4965.43896484375
4925.2265625
4885.18701171875
4847.7744140625
4810.23388671875
4773.79150390625
4739.5048828125
4704.97265625
4672.49755859375
4639.78857421875
