20000.0
20000.0
20000.0
20000.0
20000.0
20000.0
20000.0
20000.0
20000.0
20000.0
20000.0
20000.0
20000.0
20000.0
20000.0
20000.0
20000.0
20000.0
20000.0
20000.0
20000.0
20000.0
20000.0
20000.0
20000.0
20000.0
20000.0
19999.998046875
20000.001953125
19999.9296875
19999.7265625
20000.0
20000.0
20000.0
20000.0
20000.0
20000.0
20000.0
20000.0
19999.94921875
20000.0
20000.0
20000.0
20000.0
20000.0
19619.390625
19094.923828125
18578.544921875
18090.73828125
17646.39453125
17134.53515625
16575.416015625
16128.7119140625
15725.9638671875
15386.0615234375
15034.8876953125
14730.4892578125
14490.865234375
14277.5244140625
14063.6748046875
13791.4736328125
13509.7255859375
13255.6552734375
13042.318359375
12823.53125
12615.6083984375
12432.408203125
12235.490234375
12051.5048828125
11869.4775390625
11715.7294921875
11570.08203125
11432.3662109375
11304.7236328125
11182.1572265625
11073.16796875
10968.4150390625
10868.888671875
10781.71875
10687.568359375
10598.7158203125
10507.810546875
10419.8564453125
10329.2099609375
10239.58203125
10153.9619140625
10066.0634765625
9979.001953125
9888.2392578125
9799.970703125
9722.701171875
9639.462890625
9560.3896484375
9479.8388671875
9403.2412109375
9325.4248046875
9249.22265625
9176.951171875
9101.927734375
9029.6650390625
8956.66015625
8885.4453125
8822.083984375
8753.1845703125
8687.7255859375
8621.39453125
8558.431640625
8495.517578125
8433.65234375
8375.0859375
8316.12109375
8260.40234375
8204.3427734375
8150.09716796875
8103.78857421875
8053.92724609375
8006.4013671875
7958.2109375
7912.36474609375
7865.81201171875
7820.09521484375
7777.05615234375
7734.31884765625
7694.70458984375
7655.1025390625
