20000.0
20000.0
20000.0
20000.0
20000.0
20000.0
20000.0
20000.0
20000.0
20000.0
20000.0
20000.0
20000.0
20000.0
20000.0
20000.0
20000.0
20000.0
20000.0
20000.0
20000.0
20000.0
19999.978515625
20000.001953125
19999.98046875
20000.0
19999.962890625
20000.0
20000.0
19654.4140625
18768.431640625
18028.2578125
17343.111328125
16728.4921875
16151.1435546875
15601.517578125
15127.4833984375
14697.427734375
14313.7060546875
13952.6318359375
13626.740234375
13356.41796875
13081.84765625
12833.82421875
12593.322265625
12374.404296875
12165.4892578125
11964.5234375
11775.2646484375
11589.4453125
11416.283203125
11246.453125
11085.4091796875
10945.2646484375
10801.6982421875
10680.9755859375
10561.9111328125
10450.169921875
10342.1982421875
10238.015625
10141.4580078125
10045.9580078125
9956.8369140625
9867.71484375
9780.0556640625
9702.6435546875
9619.52734375
9541.587890625
9462.3125
9386.8955078125
9311.0966796875
9237.34765625
9168.0048828125
9098.513671875
9028.7568359375
8953.609375
8880.8837890625
8816.2685546875
8747.658203125
8683.345703125
8618.9765625
8558.6787109375
8496.890625
8440.0107421875
8389.958984375
8338.583984375
8289.33984375
8238.8056640625
8172.31103515625
8112.658203125
8056.056640625
8006.07666015625
7957.2177734375
7890.51953125
7814.3095703125
7748.00634765625
7694.83203125
7647.2998046875
7605.90087890625
7564.927734375
7524.1748046875
7487.47216796875
7446.923828125
7408.38134765625
7369.6513671875
7333.6640625
7297.94287109375
7263.611328125
7232.029296875
7200.81396484375
7170.2275390625
7135.48779296875
7100.5634765625
7070.01123046875
7033.4794921875
6995.193359375
6956.46240234375
6922.58056640625
6890.47509765625
6861.2470703125
6835.16552734375
6810.0146484375
6786.9501953125
6764.10498046875
