20000.0
20000.0
20000.0
20000.0
20000.0
20000.0
20000.0
20000.0
20000.0
20000.0
20000.0
20000.0
20000.0
20000.0
20000.0
20000.0
20000.0
20000.0
20000.0
20000.0
20000.0
20000.0
20000.0
20000.0
20000.0
20000.0
20000.0
20000.0
20000.0
20000.0
20000.0
20000.0
20000.0
20000.0
20000.0
19999.982421875
19999.99609375
20000.0078125
20000.0
19999.994140625
20000.0
20000.0
20000.0
20000.0
20000.0
19999.99609375
19684.75
19311.673828125
18979.482421875
18685.5859375
18399.8046875
18131.9765625
17868.390625
17621.412109375
17414.4765625
17205.0
17013.55078125
16816.79296875
16627.3046875
16425.66796875
16209.0283203125
15988.6044921875
15755.36328125
15524.2021484375
15284.5634765625
15047.8173828125
14776.0361328125
14474.9423828125
14196.9970703125
13921.8447265625
13665.0205078125
13410.134765625
13163.0830078125
12929.4208984375
12685.1162109375
12438.150390625
12186.4892578125
11951.625
11753.158203125
11546.8232421875
11356.375
11166.1259765625
10992.3515625
10831.330078125
10670.013671875
10514.6923828125
10357.2177734375
10234.5361328125
10110.423828125
9987.6015625
9877.8115234375
9754.130859375
9638.4306640625
9523.837890625
9417.5634765625
9313.3212890625
9213.2890625
9117.64453125
9019.27734375
8925.1298828125
8829.2568359375
8735.1962890625
8651.9189453125
8561.587890625
8474.49609375
8384.384765625
8298.6474609375
8212.197265625
8128.015625
8048.30419921875
7967.7041015625
7891.1162109375
7813.42919921875
7737.17626953125
7669.4755859375
7596.33740234375
7527.408203125
7453.15185546875
7380.986328125
7308.1875
7238.181640625
7171.25830078125
7102.50244140625
7036.6796875
6969.74755859375
