20000.0
20000.0
20000.0
20000.0
20000.0
20000.0
20000.0
20000.0
20000.0
20000.0
20000.0
20000.0
20000.0
20000.0
20000.0
20000.0
20000.0
20000.0
20000.0
20000.0
20000.0
20000.0
20000.0
20000.0
20000.0
20000.0
20000.0
20000.0
20000.0
20000.025390625
20000.0
20000.005859375
20000.0
20000.0
20000.0
20000.0
20000.0
19999.998046875
19692.509765625
18947.3203125
18297.875
17795.66796875
17312.49609375
16891.6640625
16496.73828125
16158.4990234375
15828.01953125
15521.755859375
15251.744140625
15001.8837890625
14780.962890625
14571.3896484375
14378.814453125
14211.1689453125
14037.2607421875
13879.328125
13724.08984375
13581.490234375
13437.7060546875
13275.6884765625
13105.76953125
12941.40625
12795.1640625
12655.5126953125
12519.654296875
12384.87890625
12239.658203125
12108.724609375
11971.7626953125
11830.890625
11639.86328125
11479.7373046875
11339.44921875
11202.9658203125
11073.4423828125
10950.9052734375
10833.6416015625
10734.416015625
10629.953125
10532.9951171875
10434.533203125
10340.82421875
10245.6357421875
10155.984375
10073.126953125
9990.595703125
9912.4208984375
9835.4228515625
9763.52734375
9699.8154296875
9623.11328125
9546.9228515625
9469.7890625
9399.0751953125
9330.1845703125
9264.517578125
9204.5751953125
9142.5234375
9079.65234375
9008.6416015625
8937.9755859375
8877.7744140625
8816.0888671875
8762.021484375
8709.84375
8660.048828125
8606.9208984375
8551.125
8496.8076171875
8441.3935546875
8389.9169921875
8339.1552734375
8290.93359375
8249.31640625
8205.1845703125
8162.90771484375
8119.2373046875
8076.32373046875
8031.24951171875
7985.763671875
7941.2900390625
7894.82177734375
7850.40478515625
7804.8056640625
