20000.0
20000.0
20000.0
20000.0
20000.0
20000.0
20000.0
20000.0
20000.0
20000.0
20000.0
20000.0
20000.0
20000.0
20000.0
20000.0
20000.0
20000.0
20000.0
20000.0
20000.0
20000.0
19999.994140625
20000.0
20000.0
20000.0
20000.0
19999.99609375
20000.0
20000.0
19607.318359375
18896.103515625
18195.904296875
17624.41015625
17089.759765625
16593.6015625
16104.5224609375
15663.0478515625
15274.8876953125
14903.6259765625
14554.244140625
14206.376953125
13875.3056640625
13562.7607421875
13197.5634765625
12908.1806640625
12641.974609375
12394.4931640625
12158.2578125
11934.98828125
11730.2412109375
11527.748046875
11291.90625
11067.6669921875
10878.1357421875
10734.314453125
10590.87890625
10463.9365234375
10344.287109375
10235.4541015625
10123.53125
9979.9912109375
9831.75
9690.08984375
9559.390625
9434.2744140625
9320.4443359375
9225.943359375
9129.060546875
9037.4150390625
8945.421875
8858.6865234375
8773.0673828125
8688.2041015625
8603.779296875
8513.751953125
8426.1962890625
8341.68359375
8261.38671875
8189.20703125
8110.4931640625
8035.32958984375
7958.837890625
7885.9560546875
7811.47216796875
7736.1728515625
7660.29150390625
7577.64111328125
7498.6015625
7418.71142578125
7341.3408203125
7274.4677734375
7203.09716796875
7135.63037109375
7067.06787109375
7001.86474609375
6936.96337890625
6874.2841796875
6815.33984375
6752.958984375
6691.07177734375
6626.61669921875
6562.4521484375
6504.955078125
6442.06640625
6379.49169921875
6314.63330078125
6253.294921875
6191.17431640625
6128.97607421875
6068.5302734375
6006.08349609375
5945.109375
5881.107421875
5815.55029296875
5755.8583984375
5690.0400390625
5627.25390625
5562.8017578125
5497.75048828125
5432.32080078125
5369.484375
5313.28466796875
5258.6796875
5207.06787109375
5154.974609375
