20000.0
20000.0
20000.0
20000.0
20000.0
20000.0
20000.0
20000.0
20000.0
20000.0
20000.0
20000.0
20000.0
20000.0
20000.0
20000.0
20000.0
20000.0
20000.0
20000.0
20000.0
20000.0
20000.0
20000.0
20000.0
20000.0
20000.0
19999.998046875
20000.0
20000.0
20000.0
20000.0
20000.0
20000.0
20000.0
20000.0
20000.0
20000.0
20000.0
20000.0
20000.0
20000.0
20000.0
20000.0
20000.0
20000.0
20000.0
20000.0
20000.0
20000.0
19615.724609375
18715.38671875
17798.81640625
17025.412109375
16167.3154296875
15424.8828125
14672.7119140625
14056.7236328125
13555.2451171875
13117.8037109375
12694.20703125
12285.05859375
11908.94140625
11528.314453125
11162.8623046875
10794.8662109375
10438.26171875
10129.0263671875
9811.1953125
9514.7490234375
9221.37890625
8955.251953125
8701.18359375
8470.8994140625
8250.5751953125
8033.529296875
7832.42431640625
7633.04248046875
7440.85693359375
7274.107421875
7098.0966796875
6935.37060546875
6775.9599609375
6631.54052734375
6493.341796875
6363.80419921875
6244.384765625
6126.68505859375
6018.25537109375
5911.46728515625
5808.4619140625
5719.52001953125
5626.9130859375
5542.0595703125
5458.25341796875
5375.923828125
5290.44091796875
5204.34033203125
5120.64501953125
5034.40234375
4957.8935546875
4879.2861328125
4804.087890625
4745.53369140625
4679.95361328125
4615.84228515625
4549.95947265625
4487.46923828125
4424.54345703125
4363.29541015625
4305.5234375
4247.71044921875
4193.93212890625
4138.24365234375
4083.05126953125
4033.212890625
3978.48681640625
3926.183837890625
3872.56787109375
3821.341064453125
3769.225830078125
3717.97265625
3669.28759765625
3620.403076171875
3575.174072265625
3529.3779296875
