20000.0
20000.0
20000.0
20000.0
20000.0
20000.0
20000.0
20000.0
20000.0
20000.0
20000.0
20000.0
20000.0
20000.0
20000.0
19999.958984375
19999.9375
19996.80078125
20000.0
19999.99609375
20000.0
20000.0
20000.0
19999.998046875
20000.0
20000.0
20000.0
20000.0
20000.0
20000.0
19999.994140625
20000.0
20000.0
19332.041015625
17964.98828125
16844.908203125
15956.212890625
15261.8662109375
14661.6240234375
14080.5859375
13532.498046875
13078.392578125
12618.9208984375
12212.8525390625
11832.5546875
11501.29296875
11189.0126953125
10901.2890625
10645.3662109375
10402.919921875
10184.484375
9973.705078125
9777.09375
9610.9755859375
9439.326171875
9283.9990234375
9131.04296875
8991.5693359375
8856.01171875
8726.5126953125
8609.41796875
8495.212890625
8388.47265625
8282.6650390625
8181.78173828125
8094.52978515625
8002.48681640625
7917.38330078125
7833.8291015625
7756.5576171875
7680.39453125
7607.63671875
7540.13720703125
7473.03125
7410.4443359375
7348.05078125
7288.09228515625
7235.6494140625
7178.83544921875
7125.35107421875
7071.47314453125
7020.0107421875
6964.96337890625
6910.58447265625
6859.103515625
6807.42041015625
6758.08056640625
6707.52880859375
6657.31787109375
6612.21533203125
6562.533203125
6514.39111328125
6464.0166015625
6414.68798828125
6362.90966796875
6311.078125
6261.6220703125
6212.04345703125
6164.0146484375
6113.94140625
6062.38623046875
6015.0126953125
5963.14306640625
5914.15966796875
5864.455078125
5816.9228515625
5768.39892578125
5720.515625
5674.86962890625
5628.79248046875
5584.98779296875
5540.423828125
5497.90576171875
5460.5048828125
5420.9384765625
5384.74951171875
5349.189453125
5316.34375
5283.767578125
5253.14453125
5224.72412109375
5197.44384765625
5171.5703125
5145.0693359375
