20000.0
20000.0
20000.0
20000.0
20000.0
20000.0
20000.0
20000.0
20000.0
20000.0
20000.0
20000.0
20000.0
20000.0
20000.0
20000.0
20000.0
20000.0
20000.0
20000.0
20000.0
20000.0
19999.720703125
20000.0
20000.0
20000.0
20000.0
20000.0
20000.0
20000.0
20000.0
20000.0
20000.0
20000.0
20000.0
20000.0
20000.0
19999.998046875
20000.0
19999.998046875
20000.0
19999.994140625
19958.087890625
19277.31640625
18712.861328125
18045.609375
17375.8046875
16815.8203125
16293.7939453125
15805.4931640625
15341.064453125
14933.935546875
14540.8388671875
14175.0400390625
13875.833984375
13574.55859375
13309.0712890625
13056.529296875
12824.57421875
12592.341796875
12370.1376953125
12156.078125
11934.177734375
11718.568359375
11491.4033203125
11258.908203125
11053.009765625
10830.400390625
10616.978515625
10398.240234375
10190.2548828125
9983.4892578125
9777.603515625
9575.7734375
9362.9814453125
9158.1181640625
8955.0595703125
8762.5654296875
8599.869140625
8429.3359375
8282.16796875
8138.125
7988.51171875
7835.3125
7689.4658203125
7555.88330078125
7426.86767578125
7308.408203125
7160.193359375
7000.1767578125
6862.0654296875
6719.66162109375
6590.892578125
6466.36083984375
6351.71533203125
6239.02001953125
6130.1552734375
6034.1630859375
5941.8076171875
5853.23779296875
5763.1201171875
5675.66259765625
5599.3427734375
5518.45751953125
5443.78759765625
5369.55712890625
5300.8798828125
5233.171875
5168.42333984375
5108.646484375
5050.0234375
4996.169921875
4943.06640625
4893.27587890625
4850.94580078125
4804.884765625
4761.5625
4717.544921875
4676.56689453125
4636.16357421875
4597.16455078125
4560.515625
4523.7451171875
4489.03369140625
4454.1044921875
