20000.0
20000.0
20000.0
20000.0
20000.0
20000.0
20000.0
20000.0
20000.0
20000.0
20000.0
20000.0
20000.0
20000.0
20000.0
20000.0
20000.0
20000.0
20000.0
20000.0
20000.0
20000.0
20000.0
20000.0
20000.0
20000.0
20000.0
20000.0
20000.0
20000.0
20000.0
20000.0
20000.0
19999.958984375
20000.0
20000.0
19999.998046875
19999.982421875
20000.0
19999.998046875
20000.0
20000.0
20000.0
20000.0
20000.0
20000.0
20000.0
20000.0
20000.0
20000.0
20000.0
20000.0
20000.0
20000.0
19999.99609375
20000.0
20000.0
19125.095703125
17992.5078125
17010.8984375
16190.099609375
15484.0927734375
14810.654296875
14050.12109375
13413.8173828125
12762.2578125
12146.1142578125
11570.3486328125
11084.744140625
10708.369140625
10327.5107421875
9987.2431640625
9682.4853515625
9401.5419921875
9133.267578125
8881.572265625
8642.4052734375
8403.361328125
8143.263671875
7862.19921875
7602.443359375
7384.25244140625
7157.419921875
6951.947265625
6753.04345703125
6572.9404296875
6399.5556640625
6237.2958984375
6089.8232421875
5946.89453125
5817.044921875
5690.86474609375
5571.10400390625
5468.50341796875
5362.50732421875
5269.58837890625
5177.16162109375
5092.95263671875
5010.2548828125
4930.63427734375
4855.96337890625
4781.85595703125
4712.7548828125
4643.8505859375
4577.1572265625
4518.8212890625
4456.22998046875
4397.49267578125
4338.8828125
4284.4267578125
4230.66455078125
4179.419921875
4131.8310546875
4084.7109375
4041.176025390625
3998.10986328125
3957.083984375
3921.6181640625
3884.053466796875
3849.152587890625
3815.1455078125
3784.54296875
3754.2568359375
3725.020751953125
3697.567138671875
3670.05517578125
3644.166748046875
3618.239501953125
