20000.0
20000.0
20000.0
20000.0
20000.0
20000.0
20000.0
20000.0
20000.0
20000.0
20000.0
20000.0
20000.0
20000.0
20000.0
20000.0
20000.0
20000.0
20000.0
20000.0
20000.0
19999.986328125
20000.0
20000.0
20000.0
19999.970703125
20000.0
20000.0
19999.994140625
20000.0
20000.0
20000.0
20000.0
20000.0
19393.7734375
18768.533203125
18214.1015625
17726.11328125
17264.705078125
16861.341796875
16489.1640625
16142.87109375
15840.3017578125
15520.3876953125
15224.857421875
14939.8681640625
14687.705078125
14449.890625
14229.5810546875
14020.427734375
13803.755859375
13601.095703125
13375.74609375
13151.0966796875
12962.951171875
12774.064453125
12602.419921875
12427.9560546875
12270.345703125
12116.8837890625
11966.541015625
11825.4111328125
11686.146484375
11558.2705078125
11433.658203125
11316.4345703125
11216.15625
11111.0751953125
11013.55078125
10919.80078125
10836.3046875
10755.234375
10679.2255859375
10608.4052734375
10535.2353515625
10463.66796875
10387.904296875
10305.70703125
10225.4208984375
10140.3876953125
10070.84375
10009.16796875
9948.02734375
9848.775390625
9743.228515625
9642.1640625
9538.814453125
9438.4619140625
9335.2275390625
9232.966796875
9142.2646484375
9043.892578125
8950.8955078125
8855.7841796875
8762.98046875
8664.4052734375
8566.5537109375
8448.748046875
8339.78515625
8244.947265625
8154.787109375
8064.8701171875
7986.20166015625
7901.35205078125
7821.6005859375
7741.7021484375
7660.83642578125
7573.36474609375
7488.0107421875
7405.41259765625
7322.24365234375
7237.60107421875
7150.943359375
7069.0029296875
6999.39501953125
6927.28466796875
6860.97900390625
6795.78564453125
6733.4326171875
6668.0322265625
6601.279296875
6535.7919921875
6467.9267578125
6402.8046875
6337.27685546875
