20000.0
20000.0
20000.0
20000.0
20000.0
20000.0
20000.0
20000.0
20000.0
20000.0
20000.0
20000.0
20000.0
20000.0
20000.0
20000.0
20000.0
20000.0
20000.0
20000.0
20000.0
20000.0
20000.0
20000.0
20000.0
20000.0
20000.0
20000.0
20000.0
20000.0
20000.0
20000.0
20000.0
20000.0
20000.0
20000.0
20000.0
20000.0
20000.0
20000.0
19999.9765625
20000.0
20000.0
20000.0
20000.0
20000.0
20000.0
20000.005859375
20000.0
20000.0
20000.0
20000.00390625
20000.0
20000.0
20000.0
20000.001953125
19999.994140625
20000.0
20000.0
20000.0
20000.0
20000.0
20000.0
20000.0
20000.0
20000.0
20000.0
20000.0
20000.0
20000.0
20000.0
20000.0
20000.0
20000.0
20000.0
20000.0
20000.0
19999.9453125
20000.0
19999.998046875
20000.0
20000.0
20000.0
20000.0
20000.0
20000.0
20000.0
20000.0
20000.0
20000.0
20000.0
20000.0
20000.0
19670.16015625
19208.05078125
18765.365234375
18330.880859375
17756.298828125
17209.873046875
16682.59375
16231.716796875
15837.2265625
15414.6943359375
15044.2626953125
14676.830078125
14341.951171875
14022.8623046875
13733.7919921875
13473.3818359375
13227.1591796875
13008.26171875
12801.8720703125
12609.373046875
12439.5126953125
12255.38671875
12083.486328125
11911.08984375
11747.4140625
11580.9150390625
11420.306640625
11263.3251953125
11098.564453125
10936.1455078125
10756.9189453125
