20000.0
20000.0
20000.0
20000.0
20000.0
20000.0
20000.0
20000.0
20000.0
20000.0
20000.0
20000.0
20000.0
20000.0
20000.0
20000.0
19999.994140625
20000.0
19999.814453125
19999.99609375
19999.998046875
19564.7890625
18492.138671875
17607.064453125
16879.337890625
16239.541015625
15701.8095703125
15190.33984375
14721.3857421875
14352.537109375
13990.771484375
13655.177734375
13323.96484375
12982.9072265625
12662.9111328125
12376.94140625
12116.6708984375
11872.7822265625
11648.7451171875
11434.1943359375
11237.7578125
11074.1005859375
10908.66015625
10759.2939453125
10621.6083984375
10500.9697265625
10385.7197265625
10273.3232421875
10164.1123046875
10046.0615234375
9942.669921875
9845.146484375
9738.6787109375
9602.107421875
9451.646484375
9305.072265625
9151.1162109375
9004.4072265625
8856.69921875
8720.515625
8562.5380859375
8386.3896484375
8236.6796875
8092.58154296875
7961.224609375
7845.58837890625
7711.79736328125
7578.224609375
7445.27490234375
7317.54150390625
7180.8251953125
7053.791015625
6941.6044921875
6834.57666015625
6733.158203125
6626.60791015625
6520.1611328125
6425.46435546875
6323.99853515625
6229.83349609375
6133.77197265625
6042.30712890625
5949.9609375
5859.4921875
5773.57861328125
5687.9306640625
5607.83349609375
5527.9775390625
5450.24755859375
5381.64599609375
5307.1875
5236.8271484375
5165.89892578125
5104.69482421875
5047.65185546875
4989.06201171875
4930.3662109375
4869.69482421875
4811.52783203125
4751.98681640625
4691.35302734375
4637.34326171875
4578.64013671875
4522.8916015625
4466.3447265625
4412.2490234375
4355.11865234375
4303.76953125
4254.51806640625
4205.19775390625
4158.0751953125
4109.44970703125
4060.98193359375
4017.83349609375
3970.322998046875
3924.1904296875
3876.36474609375
3830.2109375
3782.36572265625
3734.4912109375
3688.39892578125
3641.04150390625
3595.569580078125
3548.94580078125
