20000.0
20000.0
20000.0
20000.0
20000.0
20000.0
20000.0
20000.0
20000.0
20000.0
20000.0
20000.0
20000.0
20000.0
20000.0
20000.0
20000.0
20000.0
20000.0
20000.0
20000.0
20000.0
20000.0
20000.0
19991.8046875
19999.845703125
19999.998046875
20000.0
20000.0
19999.98828125
20000.0
20000.0
20000.0
19999.998046875
20000.0
20000.0
20000.0
20000.0
20000.0
20000.0
20000.0
20000.0
20000.0
20000.0
20000.0
20000.0
19999.99609375
20000.0
19866.595703125
19258.333984375
18494.02734375
17903.482421875
17358.107421875
16840.2890625
16401.8828125
15939.6240234375
15512.9033203125
15099.73828125
14686.0576171875
14244.4326171875
13805.7666015625
13408.2275390625
13061.8818359375
12766.599609375
12501.6435546875
12265.4189453125
12068.3681640625
11805.4267578125
11545.529296875
11295.0322265625
11069.921875
10850.640625
10640.763671875
10444.572265625
10245.833984375
10058.8251953125
9871.0771484375
9690.3818359375
9533.0986328125
9355.525390625
9181.2587890625
8992.728515625
8812.0576171875
8628.8349609375
8451.2080078125
8284.5478515625
8117.74462890625
7961.91162109375
7805.552734375
7653.6865234375
7521.69970703125
7380.56640625
7248.55419921875
7116.921875
6990.69873046875
6862.7724609375
6741.1337890625
6629.33447265625
6518.76953125
6415.13671875
6314.2314453125
6216.8916015625
6130.134765625
6033.38037109375
5939.119140625
5842.3740234375
5750.5732421875
5658.37744140625
5568.57470703125
5484.8564453125
5402.59814453125
5326.50341796875
5250.78955078125
5177.990234375
5114.09326171875
5046.888671875
4983.88525390625
4920.59619140625
4865.14501953125
4808.4619140625
4753.353515625
4701.66845703125
4649.49658203125
4599.662109375
4548.908203125
