20000.0
20000.0
20000.0
20000.0
19999.982421875
20000.0
20000.0
20000.0
20000.0
20000.0
20000.0
20000.0
20000.0
20000.0
20000.0
20000.0
20000.0
20000.0
20000.0
20000.0
20000.0
20000.0
20000.0
20000.0
20000.0
20000.0
20000.0
20000.0
20000.0
20000.0
20000.0
20000.0
20000.0
20000.0
20000.0
20000.0
19997.568359375
20000.0
20000.0
20000.0
20000.0
20000.0
20000.0
19999.99609375
20000.0
19999.998046875
20000.0
20000.0
20000.0
20000.0
20000.0
19999.998046875
19999.998046875
20000.0
20000.0
20000.0
20000.0
19999.986328125
20000.0
19999.99609375
19999.966796875
20000.0
20000.0
20000.0
20000.0
20000.0
20000.0
19999.998046875
19241.46875
18459.15625
17640.744140625
16867.517578125
16162.8525390625
15581.82421875
15074.6474609375
14575.962890625
14198.662109375
13878.4423828125
13590.3740234375
13329.740234375
13004.400390625
12669.373046875
12338.59375
12049.8037109375
11746.9580078125
11395.6650390625
11079.30859375
10796.0595703125
10550.74609375
10318.65625
10090.7470703125
9860.380859375
9648.8369140625
9462.1123046875
9260.8173828125
9071.591796875
8883.521484375
8710.8388671875
8541.4638671875
8379.0712890625
8226.544921875
8072.53857421875
7921.87744140625
7770.529296875
7625.109375
7498.10888671875
7360.94482421875
7229.537109375
7094.63525390625
6964.51318359375
6828.4248046875
6692.48779296875
6562.064453125
6428.7255859375
6300.29736328125
6171.7294921875
6047.87255859375
5939.7421875
5823.22900390625
5714.02197265625
5606.33154296875
5507.57763671875
5410.330078125
5317.55419921875
5231.3974609375
5144.3115234375
5061.29150390625
4982.88671875
