20000.0
20000.0
20000.0
20000.0
20000.0
20000.0
20000.0
20000.0
20000.0
20000.0
20000.0
20000.0
20000.0
20000.0
20000.0
20000.0
20000.0
20000.0
20000.0
20000.0
20000.0
20000.0
20000.0
20000.0
20000.0
20000.0
20000.0
20000.0
20000.0
20000.0
20000.0
20000.0
20000.0
20000.0
20000.0
20000.0
20000.0
20000.0
20000.0
20000.001953125
20000.0
20000.0
20000.0
20000.0
20000.0
20000.0
20000.0
20000.0
20000.0
19999.998046875
20000.0
20000.0
20000.0
19999.994140625
19999.97265625
20000.01171875
19999.998046875
19999.998046875
19999.986328125
20000.0
20000.0
19999.998046875
19999.998046875
19999.982421875
20000.0
19999.99609375
20000.0
19999.994140625
19999.998046875
20000.0
20000.0
20000.0
20000.0
19980.810546875
19233.771484375
18589.732421875
17974.38671875
17197.8046875
16624.783203125
16130.54296875
15721.4921875
15295.791015625
14852.8544921875
14418.390625
14033.5712890625
13612.83984375
13201.517578125
12814.0029296875
12438.078125
12094.875
11760.5771484375
11451.515625
11192.5
10937.369140625
10712.26171875
10495.6650390625
10296.708984375
10080.833984375
9861.7060546875
9652.4423828125
9439.9091796875
9238.419921875
9032.4853515625
8828.841796875
8646.884765625
8449.8427734375
8265.1689453125
8081.0712890625
7906.9326171875
7737.78271484375
7573.64501953125
7417.18212890625
7259.19580078125
7108.79931640625
6956.59912109375
6808.4814453125
6679.07568359375
6539.8330078125
6405.0302734375
6264.4228515625
6130.5341796875
5997.4814453125
5870.1474609375
5752.3466796875
5636.18115234375
5529.02783203125
5423.5439453125
