20000.0
20000.0
19999.998046875
20000.0
20000.0
20000.0
20000.0
20000.0
20000.0
20000.0
20000.0
20000.0
20000.0
20000.0
20000.0
20000.0
20000.0
20000.0
20000.0
20000.0
20000.0
20000.0
20000.0
20000.0
20000.0
20000.0
20000.0
19999.81640625
19999.904296875
19999.994140625
20000.0
20000.0
20000.0
20000.0
20000.0
20000.0
20000.001953125
20000.0
20000.0
20000.0
20000.0
20000.0
20000.0
20000.0
20000.0
20000.0
19999.998046875
19999.986328125
20000.0
20000.0
20000.0
20000.0
20000.0
20000.0
20000.0
20000.0
20000.0
20000.0
20000.0
20000.0
19774.462890625
19284.755859375
18791.40234375
18342.83984375
17906.494140625
17501.248046875
17154.9921875
16786.791015625
16442.853515625
16103.181640625
15790.3701171875
15483.4453125
15185.46875
14895.8623046875
14590.869140625
14242.3291015625
13913.7333984375
13633.083984375
13399.53125
13154.0439453125
12925.6572265625
12692.0615234375
12471.4638671875
12256.8486328125
12058.0595703125
11877.638671875
11690.6865234375
11525.103515625
11371.3359375
11231.4814453125
11117.384765625
10986.83203125
10840.4638671875
10686.720703125
10545.12109375
10409.462890625
10287.8994140625
10173.3076171875
10055.490234375
9944.1630859375
9830.2021484375
9718.0234375
9619.41796875
9508.01953125
9396.0966796875
9280.3876953125
9172.2666015625
9064.2724609375
8959.8671875
8862.484375
8765.6181640625
8672.9453125
8575.8251953125
8477.8818359375
8391.03125
8291.79296875
8194.009765625
8092.892578125
7996.60302734375
7900.0751953125
7808.064453125
7723.29296875
7637.7841796875
7556.6826171875
7474.2607421875
