20000.0
20000.0
20000.0
20000.0
20000.0
20000.0
20000.0
20000.0
20000.0
20000.0
20000.0
20000.0
20000.0
20000.0
20000.0
20000.0
20000.0
20000.0
20000.0
20000.0
20000.0
20000.0
20000.0
20000.0
20000.0
19999.921875
19999.99609375
19999.974609375
20000.0
20000.0
20000.0
20000.0
20000.0
20000.0
20000.0
20000.0
20000.0
20000.0
20000.0
20000.0
20000.0
20000.0
20000.0
19999.998046875
20000.0
20000.0
20000.0
20000.0
20000.0
20000.0
20000.0
20000.0
20000.0
20000.0
19130.5546875
18072.2265625
17059.796875
16058.490234375
15221.4111328125
14426.6953125
13743.4833984375
13119.103515625
12591.5126953125
12148.642578125
11706.078125
11299.39453125
10902.6533203125
10527.2060546875
10206.3056640625
9863.1806640625
9565.3388671875
9264.6416015625
8981.34765625
8708.2353515625
8461.603515625
8227.166015625
7992.0869140625
7770.615234375
7553.23388671875
7348.6044921875
7170.44384765625
6983.61669921875
6815.5263671875
6654.82177734375
6510.04052734375
6371.25
6241.86376953125
6124.14306640625
6007.63037109375
5899.25341796875
5791.1767578125
5687.56591796875
5596.03125
5497.77685546875
5404.80712890625
5313.53076171875
5229.4970703125
5147.16796875
5072.162109375
5001.7685546875
4931.98681640625
4868.43896484375
4804.3251953125
4740.0380859375
4682.93359375
4620.25048828125
4560.396484375
4499.470703125
4441.2041015625
4381.47802734375
4322.130859375
4265.72802734375
4208.0224609375
4152.7900390625
4096.6083984375
4041.5
3993.28466796875
3941.531982421875
3893.00244140625
3844.058349609375
3797.617431640625
3750.339599609375
3703.730224609375
3660.814208984375
3616.7001953125
3573.662109375
3529.170166015625
