20000.0
20000.0
20000.0
20000.0
20000.0
20000.0
20000.0
20000.0
20000.0
20000.0
20000.0
20000.0
20000.0
20000.0
20000.0
20000.0
20000.001953125
20000.0
20000.0
20000.0
20000.0
20000.0
20000.0
20000.0
20000.0
19988.865234375
19088.7421875
18296.435546875
17615.47265625
17084.255859375
16550.58984375
16069.6259765625
15448.865234375
14859.015625
14374.3896484375
13961.603515625
13600.0654296875
13246.470703125
12936.9404296875
12670.7958984375
12392.19140625
12155.3583984375
11889.3349609375
11646.365234375
11444.599609375
11267.2333984375
11087.1591796875
10923.92578125
10785.6513671875
10653.6591796875
10528.5546875
10398.0302734375
10267.802734375
10150.6201171875
10024.677734375
9902.3447265625
9780.2841796875
9661.1640625
9533.9150390625
9405.33984375
9283.4580078125
9160.3154296875
9043.3056640625
8922.900390625
8801.08984375
8685.8193359375
8551.9423828125
8419.2724609375
8281.828125
8150.12109375
8014.02783203125
7876.5654296875
7746.572265625
7614.2939453125
7487.63232421875
7357.9228515625
7230.0478515625
7115.7197265625
6987.53955078125
6863.125
6736.255859375
6611.7587890625
6484.24267578125
6365.81396484375
6257.26220703125
6148.47412109375
6046.19091796875
5942.841796875
5847.18115234375
5765.994140625
5682.14306640625
5605.701171875
5530.80322265625
5461.8818359375
5391.56787109375
5321.724609375
5255.52001953125
5169.6064453125
5073.70068359375
4980.80419921875
4892.15087890625
4815.955078125
4736.3515625
4663.9140625
4598.099609375
4536.44580078125
4476.7001953125
4420.09130859375
4367.60009765625
4315.8662109375
4267.90625
4220.0654296875
4173.77490234375
4132.76123046875
4087.773681640625
4044.95947265625
4002.05615234375
3961.735595703125
3921.44140625
3882.43505859375
3845.943115234375
3809.428466796875
3774.945068359375
3740.233154296875
