20000.0
20000.0
20000.0
20000.0
20000.0
19999.998046875
20000.0
20000.0
20000.0
20000.0
20000.0
20000.0
20000.0
20000.0
20000.0
20000.0
20000.0
20000.0
20000.0
20000.0
20000.0
20000.0
20000.0
20000.0
20000.0
20000.0
20000.0
20000.0
20000.0
20000.0
20000.0
20000.0
20000.0
20000.0
20000.0
20000.0
20000.0
20000.0
20000.0
20000.0
20000.0
20000.0
20000.0
20000.0
20000.0
20000.0
20000.0
20000.0
20000.0
20000.0
20000.0
20000.0
20000.0
20000.0
20000.0
20000.0
20000.0
20000.0
20000.0
20000.0
20000.0
19999.953125
19999.607421875
20000.0
20000.0
20000.021484375
20000.0
20000.01171875
20000.00390625
20000.0
20000.0
19999.998046875
20000.0
20000.0
20000.0
20000.0
20000.0
20000.0
20000.0
20000.0
20000.0
20000.0
20000.0
20000.0
20000.0
20000.0
20000.0
20000.0
20000.0
20000.0
20000.0
20000.0
20000.0
20000.0
20000.0
20000.0
20000.0
20000.0
20000.0
20000.0
20000.0
20000.0
20000.0
19999.998046875
19999.998046875
20000.0
20000.0
20000.0
20000.0
20000.0
20000.001953125
20000.0
20000.001953125
20000.001953125
20000.0
20000.001953125
20000.001953125
20000.0
20000.0
20000.0
20000.0
20000.0
20000.0
20000.0
19999.998046875
20000.0
