20000.0
20000.0
20000.0
20000.0
20000.0
20000.0
20000.0
20000.0
20000.0
20000.0
20000.0
20000.0
20000.0
20000.0
20000.0
20000.0
20000.0
20000.0
20000.0
20000.0
20000.0
20000.0
20000.0
20000.0
20000.0
20000.0
20000.0
20000.0
20000.0
20000.0
20000.0
20000.0
20000.0
19997.103515625
19999.1953125
20000.0
19999.87890625
20000.0
20000.0
19999.990234375
20000.0
19999.951171875
20000.0
20000.01171875
20000.00390625
20000.0
20000.0
20000.0
20000.0
20000.0
20000.0
20000.0
20000.0
20000.0
19999.998046875
19999.990234375
20000.0
20000.0
20000.0
20000.0
20000.0
19999.998046875
19999.986328125
20000.0
20000.0
20000.0
20000.0
19999.998046875
20000.0
19999.98828125
20000.0
20000.0
19431.96875
18815.931640625
18251.232421875
17721.736328125
17251.94140625
16873.205078125
16511.1171875
16198.4580078125
15901.4921875
15626.0595703125
15333.1044921875
15044.904296875
14773.546875
14502.7275390625
14250.431640625
13994.95703125
13754.294921875
13541.4423828125
13309.2587890625
13091.859375
12875.69140625
12672.2109375
12475.720703125
12287.7666015625
12110.92578125
11935.451171875
11774.427734375
11616.421875
11465.029296875
11333.353515625
11193.0625
11062.873046875
10933.5849609375
10813.06640625
10693.84375
10579.45703125
10473.9365234375
10367.6328125
10267.0478515625
10168.083984375
10073.080078125
9990.1533203125
9901.21484375
9817.662109375
9734.326171875
9656.208984375
9577.9521484375
9502.052734375
9430.291015625
9358.080078125
9289.353515625
9219.3408203125
