20000.0
20000.0
20000.0
20000.0
20000.0
20000.0
20000.0
20000.0
20000.0
20000.0
20000.0
20000.0
20000.0
20000.0
20000.0
20000.0
20000.0
20000.0
20000.0
20000.0
20000.0
20000.0
20000.0
20000.0
20000.0
20000.0
20000.0
20000.0
20000.0
19999.998046875
19999.958984375
20000.0
20000.0
19999.958984375
20000.0
20000.0
20000.0
20000.0
20000.0
19999.990234375
19999.99609375
20000.0
19999.9921875
20000.0
19999.99609375
19999.990234375
20000.0
20000.0
20000.0
19891.349609375
18508.08203125
17055.15234375
15705.2861328125
14483.951171875
13582.0234375
12734.6826171875
11977.8408203125
11209.5078125
10470.2265625
9771.2373046875
9145.859375
8594.7333984375
8094.13134765625
7676.77197265625
7285.40087890625
6931.73583984375
6672.51708984375
6421.7626953125
6198.49755859375
5988.046875
5801.373046875
5622.974609375
5464.49560546875
5327.232421875
5197.7099609375
5082.8642578125
4976.017578125
4878.38916015625
4794.27880859375
4705.1318359375
4626.0595703125
4551.72119140625
4485.791015625
4423.3720703125
4365.8857421875
4314.24462890625
4264.74072265625
4220.197265625
4177.40576171875
4137.5283203125
4103.76123046875
4068.904296875
4037.447998046875
4007.14306640625
3979.482666015625
3952.389892578125
3926.735595703125
3903.216064453125
3880.273681640625
3859.135009765625
3838.338134765625
3818.418701171875
3801.09423828125
3782.651611328125
3765.463134765625
3748.33349609375
3732.34375
3716.371337890625
3701.09130859375
3686.524658203125
3669.486083984375
3651.853759765625
3632.72119140625
3613.216552734375
3595.319580078125
3575.19873046875
3555.51513671875
3534.999755859375
3514.978271484375
3494.07373046875
3472.978515625
3452.388427734375
3427.908203125
3395.93310546875
3362.312255859375
