20000.0
20000.0
20000.0
20000.0
20000.0
20000.0
20000.0
20000.0
20000.0
20000.0
20000.0
20000.0
20000.0
20000.0
20000.0
20000.0
20000.0
20000.0
20000.0
20000.0
20000.0
19999.998046875
19999.998046875
20000.0
20000.0
20000.0
20000.0
20000.0
20000.0
20000.0
20000.0
20000.0
20000.0
20000.0
20000.0
20000.0
20000.0
20000.0
20000.0
20000.0
20000.0
20000.0
20000.0
20000.0
20000.0
20000.0
19427.21484375
18454.17578125
17570.119140625
16726.01953125
15758.3037109375
14965.8642578125
14286.8916015625
13708.6748046875
13122.142578125
12615.4736328125
12175.4365234375
11768.4873046875
11379.1826171875
11006.0302734375
10662.5458984375
10316.1396484375
9991.4033203125
9658.3759765625
9334.6396484375
9054.830078125
8744.4912109375
8452.953125
8164.1689453125
7892.22998046875
7626.31396484375
7378.8798828125
7150.84326171875
6924.71923828125
6713.8076171875
6505.69482421875
6314.1044921875
6150.1533203125
5976.2587890625
5814.53271484375
5655.30615234375
5517.81982421875
5382.67236328125
5256.58642578125
5140.185546875
5024.4453125
4917.16259765625
4814.16845703125
4725.08349609375
4649.35009765625
4569.935546875
4496.958984375
4424.97021484375
4357.8896484375
4292.49951171875
4230.466796875
4173.7314453125
4118.529296875
4067.94970703125
4014.677490234375
3963.010986328125
3918.931884765625
3873.51318359375
3831.9345703125
3791.54638671875
3754.642333984375
3718.53173828125
3684.2626953125
3652.585205078125
3621.5576171875
3592.847900390625
3564.825927734375
3539.459228515625
3517.816162109375
3494.881591796875
3473.4951171875
3452.122314453125
3432.15625
3412.1845703125
3392.951416015625
3374.91943359375
3356.90869140625
3340.038330078125
3322.90283203125
