25400.0
25400.0
25400.0
25400.0
25400.0
25400.0
25400.0
25400.0
25400.0
25400.0
25400.0
25400.0
25400.0
25400.0
25400.0
25400.0
25400.0
25400.0
25400.0
25400.0
25400.0
25400.0
25400.0
25400.0
25400.0
25400.0
25400.0
25400.0
29983.1796875
47187.27734375
59818.30078125
71997.421875
80854.4375
88549.9765625
94806.390625
100074.2578125
104675.6484375
108628.6484375
112198.03125
115197.8046875
117755.09375
119991.9296875
121899.1796875
123765.8984375
125383.4609375
126884.4375
128310.0859375
129602.765625
130723.5859375
131772.796875
132813.578125
133810.21875
134737.140625
135524.625
136051.9375
136647.453125
137196.046875
137702.09375
138066.53125
138384.578125
138836.3125
140955.359375
141027.28125
140833.90625
139185.890625
141272.234375
142568.3125
143749.46875
145409.296875
147310.359375
149487.28125
151756.8125
154259.125
157196.609375
161106.578125
162276.265625
159924.875
158167.09375
157217.921875
157069.0
156979.265625
156943.875
157280.25
157501.5625
157567.140625
157509.8125
157463.09375
157578.03125
157464.59375
156884.15625
155975.640625
154776.546875
153474.390625
151910.515625
150571.046875
149145.34375
147623.84375
146136.1875
144567.84375
142982.765625
141312.25
139634.875
138146.078125
136541.078125
135034.5
133518.09375
132104.140625
130695.4765625
129350.2890625
128101.140625
126865.1796875
125718.46875
124584.7109375
123499.296875
122554.8359375
121532.421875
120574.28125
119624.6015625
118809.9609375
118003.2109375
117224.3671875
116498.3984375
115779.4140625
115113.796875
114479.484375
