25400.0
25400.0
25400.0
25400.0
25400.0
25400.0
25400.0
25400.0
25400.0
25400.0
25400.0
25400.0
25400.0
25400.0
25400.0
25400.0
25400.0
25400.0
25400.0
25400.0
25400.0
25400.0
37330.67578125
57322.47265625
75746.7265625
89699.3828125
102266.9140625
112872.625
122003.1640625
129906.1640625
135632.046875
140617.640625
144459.46875
147492.1875
149708.109375
151323.15625
152489.578125
153331.0625
154057.3125
156920.21875
160228.21875
155343.703125
148777.828125
145434.15625
141725.265625
138881.796875
137104.5625
136816.203125
137851.390625
138599.0625
139159.453125
139913.953125
140618.265625
140916.296875
140648.640625
139818.375
138704.625
137718.296875
136742.921875
135677.734375
134579.75
133501.59375
132417.609375
131402.703125
130389.8515625
129409.53125
128550.5625
127629.6328125
126765.4375
125893.3046875
125064.7890625
124241.03125
123447.5703125
122720.4140625
122018.96875
121359.2890625
120688.8359375
120034.1953125
119462.3515625
118858.671875
118299.890625
117745.5
117231.1171875
116724.7265625
116244.28125
115800.859375
115363.2265625
114956.4375
114552.4375
114129.2734375
113721.84375
113313.9296875
112949.5234375
112594.9609375
112265.8671875
111937.6328125
111618.0
111329.6796875
111040.25
110766.4375
110491.6484375
110223.8359375
109990.921875
109743.4609375
109510.2421875
109263.2421875
109030.3828125
108797.578125
108571.875
108352.6640625
108127.6328125
107914.5078125
107702.8828125
107500.8671875
107326.078125
107141.4375
106969.5234375
106799.1953125
106640.8125
106483.0234375
106329.7734375
106192.4453125
106055.953125
105929.0625
105801.8671875
