25400.0
25400.0
25400.0
25400.0
25400.0
25400.0
25400.0
25400.0
25400.0
25400.0
25400.0
25400.0
25400.0
25400.0
25400.0
25400.0
25400.0
25400.0
25400.0
25400.0
25400.0
25400.0
25400.0
25400.0
25400.0
25400.0
25400.0
27265.716796875
43151.4296875
57565.05078125
70687.4765625
81472.6875
91083.921875
99237.6875
106688.3828125
113164.703125
118534.03125
123107.7734375
126870.328125
130143.578125
133142.109375
135607.828125
137843.46875
139757.5
141530.21875
143109.390625
143134.015625
140595.046875
138279.96875
135983.84375
133881.125
131820.171875
129928.3046875
128345.3671875
126728.5078125
125300.8828125
123932.609375
122662.7421875
121420.921875
120305.671875
119058.4296875
117789.3046875
116611.8671875
115436.8828125
114319.828125
113338.6640625
112262.640625
111257.890625
110225.34375
109406.03125
108707.0234375
108069.2578125
107498.53125
106931.640625
106387.5703125
105878.3984375
105415.1796875
105060.9921875
104692.1875
104348.1953125
104045.40625
103828.6875
103669.0390625
103584.375
103495.984375
103408.9375
103330.3828125
103258.0703125
103197.84375
103155.265625
103124.28125
103127.015625
103341.3515625
103652.4140625
104072.546875
104533.15625
104990.109375
105478.9375
105976.0078125
106605.8671875
107253.7109375
107811.9453125
108389.15625
108914.328125
109423.265625
109888.5078125
110356.2734375
110851.0390625
111322.484375
111791.1171875
112225.1484375
112647.6953125
113056.4921875
113418.4921875
113805.421875
114175.375
114543.875
114883.078125
115286.3203125
115659.6328125
115989.609375
116302.671875
116583.078125
116851.1875
