25400.0
25400.0
25145.697265625
24484.75390625
24375.623046875
24061.6328125
23939.396484375
23906.390625
23904.0625
23906.52734375
23912.220703125
23920.107421875
23930.611328125
23945.197265625
23968.8125
24010.17578125
24077.064453125
24309.333984375
24842.88671875
25077.369140625
25145.91796875
25164.541015625
25170.212890625
25252.298828125
25934.880859375
28517.115234375
35736.55859375
45106.21484375
53000.0390625
61607.828125
70190.1015625
77096.1796875
79623.4140625
81619.3203125
83373.875
85051.2890625
86607.7265625
87852.0390625
89022.890625
90137.21875
91235.2734375
92176.8203125
92986.4296875
93893.015625
94788.4453125
95657.09375
96537.734375
97440.0
98256.1953125
99082.328125
100002.6875
100837.1640625
101588.71875
102270.6484375
102822.4140625
103285.2890625
103744.46875
104218.21875
104627.96875
105049.03125
105448.375
105760.234375
106029.0
106242.53125
106418.3125
106554.9765625
106895.765625
107374.828125
107757.9296875
108107.2421875
108410.671875
108687.46875
108926.53125
109115.296875
109273.640625
109426.734375
109608.0625
109767.6875
109869.796875
109939.3359375
109976.140625
109987.203125
109968.2421875
109926.8125
109871.1640625
109809.7734375
109756.1484375
109763.5234375
109765.8046875
109741.65625
109700.640625
109634.4765625
109554.328125
109459.421875
109358.5234375
109249.2421875
109140.2578125
109037.9453125
108935.5625
108837.609375
108736.4453125
108635.09375
108542.2734375
108438.0390625
108337.9921875
108238.546875
108144.7109375
108050.8359375
107958.7109375
107841.6796875
107731.7109375
107634.78125
107536.8671875
107438.171875
107337.40625
107211.9765625
107090.3515625
106963.3359375
106841.0390625
106715.1953125
106590.546875
106472.1328125
106355.71875
106247.7421875
106139.609375
