25400.0
25400.0
25400.0
24888.203125
24708.21875
24724.35546875
24763.890625
24773.98828125
24775.498046875
24776.642578125
24778.298828125
24780.087890625
24781.974609375
24783.80859375
24785.556640625
24787.47265625
24789.84765625
24791.33984375
24792.630859375
24793.73828125
24794.865234375
24795.83203125
24796.46484375
24817.380859375
30852.48046875
44624.453125
57623.40625
71867.0625
83471.671875
94348.453125
103928.6015625
111296.65625
117726.75
122510.1796875
126292.4453125
129075.109375
131768.046875
134278.40625
136869.390625
135783.765625
133369.28125
130959.265625
128817.7578125
126976.7109375
124998.6953125
123171.1640625
121402.484375
119767.8046875
118196.5
116730.7734375
115464.09375
114090.5
112858.8515625
111756.6015625
110808.3046875
109996.546875
109056.8828125
108187.3671875
107488.21875
106967.921875
106503.078125
105941.171875
105380.84375
104801.6484375
104301.8828125
103850.8046875
103400.8515625
102996.8515625
102691.09375
102528.546875
102433.046875
102421.6484375
102352.0859375
102344.2265625
102430.671875
102583.28125
102805.8125
103083.625
103311.875
103442.4375
103534.9609375
103639.71875
103834.53125
104122.4375
104419.1328125
104748.3359375
105087.0859375
105398.71875
105681.3828125
105961.484375
106220.8515625
106420.5703125
106593.3203125
106795.875
106969.6953125
107089.828125
107201.2265625
107312.8359375
107424.2578125
107543.2109375
107661.9921875
107786.8046875
107912.671875
107990.4453125
108108.546875
108240.8515625
108394.890625
108552.359375
108717.046875
108879.3671875
109035.3515625
109196.2265625
109363.640625
109536.4296875
109696.8984375
109834.0703125
109976.8046875
110106.0234375
110234.7890625
110353.546875
110473.3125
110585.2421875
110695.03125
110829.1171875
110997.90625
111162.1640625
