25400.0
25400.0
24554.4765625
24315.814453125
23650.248046875
23185.5078125
23157.314453125
23241.873046875
23497.533203125
24190.953125
24744.103515625
24906.390625
24954.009765625
24980.900390625
24998.703125
25014.693359375
25057.736328125
25079.6953125
25160.08984375
25760.12109375
28180.638671875
34030.26953125
43849.49609375
54667.15234375
64545.55859375
72045.1328125
77968.4140625
83247.6484375
87448.640625
90683.34375
94415.4453125
97693.2890625
100527.6640625
103072.8046875
105424.4453125
106589.375
106208.3125
105877.0
105601.28125
105535.71875
105549.1484375
105564.2890625
105646.9140625
105736.1875
105842.9296875
105963.6484375
106201.09375
106408.8515625
106585.859375
106711.0625
106803.046875
107002.2734375
107156.546875
107269.0703125
107362.6171875
107444.640625
107647.8203125
107816.0390625
107928.5
107915.859375
107884.5
107850.390625
107804.578125
107790.9140625
107923.9765625
107993.1484375
108058.9921875
108101.4609375
108222.8984375
108324.671875
108472.1484375
108843.6953125
109134.8828125
109540.2578125
109800.453125
109910.546875
109952.265625
109901.125
109968.8984375
109866.0078125
109695.03125
109670.78125
109613.0390625
109438.59375
109194.390625
108880.5
108652.53125
108492.8203125
108371.75
108266.1953125
108141.3515625
108035.1484375
107962.125
107910.703125
107850.4296875
107768.2109375
107679.6328125
107581.953125
107489.75
107375.1796875
107263.2109375
107172.515625
107086.2734375
107010.7734375
106901.40625
106795.7109375
106718.921875
106664.21875
106603.359375
106525.40625
106430.1953125
106320.6171875
106207.671875
106106.1171875
105995.4765625
105894.5390625
105795.8984375
105701.65625
105603.3203125
105506.1484375
105414.9921875
105323.90625
105239.1328125
105154.078125
