25400.0
25400.0
25400.0
25400.0
25400.0
25400.0
25400.0
25400.0
25400.0
25400.0
25400.0
25400.0
25400.0
25400.0
25400.0
25400.0
25400.0
25400.0
25400.0
25570.072265625
43026.234375
61256.9140625
78941.796875
93821.7734375
105937.5
116207.1640625
124921.078125
132546.609375
138507.6875
142886.328125
146620.890625
149084.171875
150953.28125
151074.875
146484.453125
142396.15625
138639.828125
134920.078125
131775.921875
128864.6015625
125988.5390625
123419.5
121649.5703125
120446.8359375
118838.953125
117496.9765625
116432.1953125
115942.2890625
115735.7890625
115601.8359375
115434.859375
115274.7109375
115291.7890625
115437.6015625
115626.59375
115850.4921875
116093.640625
116301.734375
116519.6640625
116701.21875
116846.3671875
116909.0546875
116915.96875
116909.6328125
116875.859375
116779.765625
116626.4453125
116423.7734375
116168.90625
115886.4765625
115564.9609375
115217.65625
114862.2734375
114475.21875
114104.2421875
113737.1953125
113379.4375
113055.921875
112695.9375
112345.4609375
111991.109375
111656.21875
111319.5546875
110992.1953125
110684.375
110377.1171875
110090.734375
109806.4921875
109533.453125
109296.3828125
109047.1171875
108818.078125
108593.265625
108386.4375
108181.015625
107993.015625
107820.609375
107654.2734375
107502.453125
107355.0390625
107246.5546875
107179.484375
107115.1875
107052.5625
106987.6875
106926.0
106863.171875
106799.828125
106737.078125
106675.4453125
106617.0234375
106557.6875
106499.375
106410.3515625
106310.6953125
106233.0078125
106168.2265625
106116.4296875
106069.9375
106027.515625
105993.3203125
105981.015625
105966.4140625
105956.9609375
