25400.0
25400.0
25400.0
25400.0
25400.0
25400.0
25400.0
25400.0
25400.0
25400.0
25400.0
25400.0
25400.0
25400.0
25400.0
25400.0
25400.0
25400.0
25400.0
25400.0
25400.0
25400.0
25668.880859375
36059.41796875
49526.03125
69377.0390625
85361.9609375
98948.6640625
108861.4921875
115189.703125
119153.3203125
121794.125
124503.2734375
127011.984375
129473.875
131687.09375
133497.359375
134942.328125
136153.96875
137374.34375
138361.9375
139133.234375
136517.78125
132796.8125
129587.6796875
126508.6015625
123914.1953125
121547.75
119402.96875
117572.1640625
115931.859375
114580.8359375
113395.46875
112564.859375
111834.09375
111080.7421875
110447.3984375
109913.828125
109554.921875
109252.2109375
108988.125
108779.4609375
108721.3125
108962.1171875
109371.1328125
109765.5234375
110277.7421875
110823.453125
111338.125
111928.2421875
112526.1640625
113113.359375
113670.2734375
114292.3359375
114940.6875
115629.4140625
116366.3828125
117044.96875
117659.1953125
118212.3046875
118721.1796875
119095.2421875
119280.796875
119323.546875
119232.453125
119072.875
118933.4296875
118812.1015625
118634.75
118446.2421875
118275.3125
118133.609375
118230.0234375
118481.34375
118648.3359375
118739.5078125
118768.8828125
118745.671875
118657.015625
118543.796875
118403.3984375
118243.8984375
118053.484375
117830.3984375
117591.1171875
117318.1015625
117053.7890625
116776.53125
116499.203125
116203.796875
115902.078125
115603.2734375
115311.2109375
115029.2890625
114732.0625
114410.4921875
114124.109375
113814.4453125
113521.1015625
113220.84375
112960.0
112716.9453125
112475.6953125
112275.3515625
112095.6328125
111910.3046875
111701.3515625
