25400.0
25400.0
25400.0
25130.0625
25130.0625
25130.0625
25130.0625
25130.0625
25130.0625
25130.0625
25130.0625
25130.0625
25130.0625
25130.0625
25130.0625
25130.0625
36520.0546875
57333.4296875
77320.296875
94931.21875
110007.3984375
122940.515625
132569.25
133425.296875
132021.546875
130161.125
127980.75
125801.2734375
123694.4375
121676.7890625
119953.7890625
118238.53125
116819.1640625
115364.6171875
114092.96875
112690.90625
111591.1953125
110694.0
109779.3515625
108820.7265625
107817.2421875
107179.6640625
106934.03125
106713.015625
106468.8046875
105943.078125
105585.21875
105362.0703125
105060.90625
104853.1171875
104757.4765625
104698.328125
104618.359375
104509.609375
104411.734375
104362.5390625
104342.484375
104307.3203125
104278.5234375
104280.875
104305.8515625
104336.296875
104360.0859375
104366.921875
104363.5390625
104346.6796875
104317.2421875
104268.46875
104205.3203125
104125.6328125
104036.25
103932.578125
103814.2265625
103690.1171875
103566.640625
103480.953125
103388.9921875
103282.25
103174.171875
103043.375
102919.7890625
102820.2734375
102723.140625
102614.6953125
102504.921875
102429.1328125
102402.0859375
102417.265625
102458.671875
102527.0
102607.0078125
102724.4609375
102893.484375
103087.578125
103277.765625
103476.609375
103684.5234375
103891.9375
104103.140625
104298.609375
104485.2265625
104653.453125
104794.6796875
104941.28125
105075.453125
105207.203125
105332.4765625
105452.3203125
105562.7734375
105660.7421875
105758.1484375
105892.6953125
106017.8828125
106125.0
106209.71875
106290.796875
106312.65625
106350.2890625
106394.71875
106441.4609375
106485.328125
106525.1796875
106566.328125
106754.78125
106986.21875
