25400.0
25400.0
25400.0
25400.0
25400.0
25400.0
25400.0
25400.0
25400.0
25400.0
25400.0
25400.0
25400.0
25400.0
25400.0
25400.0
25400.0
25400.0
25400.0
25400.0
25400.0
25400.0
25400.0
25400.0
25400.0
25400.0
25760.69140625
41468.5
59538.16015625
75060.2265625
87759.9921875
98503.625
107164.4765625
110489.546875
113306.0546875
115553.71875
117457.7890625
118780.515625
119553.7421875
119967.4765625
120093.8203125
120050.296875
119846.3671875
119511.890625
118973.9609375
118390.84375
117711.78125
117029.09375
116380.609375
115725.1796875
115092.703125
114448.5
113820.53125
113268.2890625
112675.078125
112079.4921875
111445.140625
110832.0078125
110212.1953125
109609.7265625
109041.9375
108449.96875
107880.6171875
107307.8203125
106800.4765625
106475.1484375
106264.9375
106041.921875
105818.578125
105646.765625
105622.9453125
105724.71875
105812.6875
105851.3359375
105842.03125
105795.2890625
105721.2109375
105637.984375
105531.203125
105418.453125
105295.4765625
105172.3984375
105042.75
104911.40625
104786.078125
104658.703125
104536.140625
104411.6328125
104285.828125
104168.9609375
104032.421875
104006.6953125
103907.9921875
103717.703125
103503.9375
103295.5625
103107.3671875
102925.5078125
102757.984375
102596.5
102444.6796875
102312.7890625
102170.9921875
102037.578125
101899.203125
101766.5546875
101631.9921875
101503.265625
101399.578125
101315.2578125
101223.6875
101126.2890625
101024.2734375
100926.21875
100800.4453125
100681.5859375
100564.2265625
100458.484375
100356.5078125
100262.125
100173.2265625
100084.7421875
99999.2890625
99917.5859375
