25400.0
25400.0
25400.0
25083.646484375
24965.07421875
24965.07421875
24965.07421875
24965.07421875
24965.07421875
24991.759765625
25020.83984375
25027.08984375
25029.5546875
25031.294921875
25033.537109375
25035.7109375
25037.025390625
25038.015625
25038.869140625
25038.923828125
25038.236328125
25038.5234375
31871.15234375
50202.28515625
63432.8046875
73796.703125
81856.2890625
88076.4296875
94005.5
99295.3046875
103156.015625
106758.9375
109693.5
112396.9140625
114864.640625
117384.3828125
119767.71875
121899.453125
123962.6328125
125875.1796875
127682.3046875
129307.5078125
130619.4609375
132283.09375
132919.0
130443.890625
128085.140625
125883.09375
123915.609375
122208.7421875
120629.515625
119275.09375
117901.546875
116566.875
115763.0625
115171.5859375
114601.8671875
113833.453125
112984.9375
112232.921875
111581.015625
111125.5546875
110712.078125
110369.125
110085.625
110072.6953125
110226.8515625
110284.9296875
110331.3828125
110416.1171875
110591.453125
110785.5
110975.1796875
111154.8359375
111331.4609375
111434.046875
111550.03125
111672.7890625
111787.453125
111923.5
112063.890625
112219.359375
112380.3203125
112585.2265625
112793.46875
113198.734375
113594.6875
113894.7421875
114135.1875
114323.375
114408.4296875
114489.515625
114569.1875
114662.234375
114751.7421875
114835.8125
114988.6953125
115144.96875
115268.84375
115350.1953125
115397.984375
115416.96875
115408.25
115366.875
115296.8828125
115202.1640625
115096.421875
114976.0625
114848.8046875
114710.53125
114549.109375
114394.671875
114245.921875
114102.8046875
113973.46875
113833.078125
113697.96875
113555.859375
113410.953125
113246.9921875
113066.2109375
112876.15625
112666.65625
112457.5859375
112235.8046875
