25400.0
25400.0
25400.0
25400.0
25400.0
25400.0
25400.0
25400.0
25400.0
25400.0
25400.0
25400.0
25400.0
25400.0
25400.0
25400.0
25400.0
25400.0
25400.0
25400.0
25400.0
25400.0
25400.0
25400.0
25400.0
25400.0
25400.0
25400.0
25400.0
25400.0
25400.0
37163.51953125
57568.14453125
74380.8125
86290.140625
97011.859375
106574.3203125
114074.3828125
119548.7578125
123715.28125
126568.5859375
128646.6171875
130137.71875
130945.1484375
132732.078125
134660.828125
136346.96875
138098.515625
139819.703125
141242.65625
142340.390625
143292.75
143660.0625
141183.03125
138656.828125
136363.03125
134214.15625
132303.671875
130489.046875
128914.1953125
127153.2421875
125356.703125
123727.734375
122166.671875
120716.6640625
119493.53125
118326.375
117236.9765625
116143.828125
115134.0390625
114253.921875
113494.375
112799.421875
112044.2265625
111292.484375
110593.9453125
110053.953125
109590.8046875
109174.6484375
108883.6953125
108635.0859375
108390.2578125
108102.53125
107796.7578125
107600.234375
107511.0078125
107550.953125
107634.171875
107765.640625
107919.5234375
108105.9765625
108272.140625
108411.296875
108516.0546875
108602.5625
108688.3125
108786.390625
108909.8515625
109051.21875
109209.1328125
109369.1796875
109509.4375
109658.765625
109797.7890625
109960.6875
110150.109375
110398.84375
110651.6875
110891.0859375
111134.703125
111369.9296875
111613.828125
111862.109375
112088.53125
112341.0625
112579.8046875
112822.765625
113063.8984375
113318.1796875
113571.6015625
113811.15625
114040.875
114300.7421875
114568.53125
