25400.0
25400.0
25400.0
25400.0
25400.0
25400.0
25400.0
25400.0
25400.0
25400.0
25400.0
25400.0
25400.0
25400.0
25400.0
25400.0
25400.0
25400.0
25400.0
25400.0
25400.0
31013.076171875
50720.19140625
69361.984375
84914.25
99131.1953125
111248.7109375
121724.7265625
130461.8125
137260.328125
138801.84375
138283.921875
137310.59375
135956.15625
134255.71875
132413.875
130588.59375
128759.75
127051.3046875
125359.8828125
123766.390625
122407.5390625
120989.6171875
119685.1640625
118474.1171875
117440.984375
116412.0703125
115299.2109375
114484.3671875
113626.953125
112866.5546875
112166.1953125
111498.5703125
110788.375
110080.1484375
109314.6640625
108556.109375
108014.5546875
107495.0703125
107099.265625
106930.5546875
106685.9140625
106378.421875
106140.0859375
105966.34375
105799.71875
105583.21875
105406.25
105318.9453125
105302.1953125
105316.875
105324.5
105318.859375
105316.6171875
105335.0703125
105414.3359375
105520.84375
105624.1640625
105740.6640625
105848.4296875
105952.25
106046.0546875
106136.25
106230.9921875
106329.75
106437.6328125
106544.84375
106656.40625
106771.109375
106876.984375
106996.1875
107111.09375
107226.890625
107334.6875
107441.1796875
107541.390625
107631.859375
107706.046875
107803.3125
107908.5859375
107987.03125
108038.9140625
108081.4375
108111.9609375
108130.3828125
108137.8515625
108135.421875
108124.0703125
108105.8984375
108079.03125
108045.6953125
108021.6171875
107997.4375
107968.421875
107926.6796875
107884.71875
107838.3828125
107795.171875
107748.7265625
107699.6953125
107649.765625
107593.7578125
107534.4375
107467.96875
