25400.0
25400.0
25400.0
25399.853515625
25103.337890625
24983.392578125
24983.392578125
24983.392578125
24983.392578125
24993.71484375
25053.5078125
25065.099609375
25069.05078125
25071.58984375
25073.810546875
25077.408203125
25079.294921875
25080.724609375
25081.916015625
25081.15234375
25080.3984375
25103.50390625
37600.95703125
54820.1953125
72342.40625
87354.484375
100102.90625
111219.0078125
120793.6015625
128724.640625
135137.203125
139752.96875
143758.46875
146836.03125
148992.828125
150555.3125
151798.078125
153775.546875
148034.15625
143032.21875
138378.515625
134982.609375
131984.75
129232.140625
127078.296875
125757.8828125
123919.0
122534.7734375
121914.4375
121935.875
121829.640625
121869.6953125
122007.828125
122155.0234375
122401.015625
122493.0
122484.6875
122438.6796875
122385.7109375
122309.578125
122178.703125
121943.96875
121610.6015625
121236.125
120860.453125
120430.1796875
119954.8671875
119499.53125
118983.4765625
118465.5
117913.15625
117364.9921875
116789.53125
116210.7265625
115651.484375
115080.03125
114520.53125
113944.6015625
113379.4921875
112888.9453125
112363.4453125
111870.9765625
111368.640625
110895.890625
110419.4609375
109957.0078125
109517.328125
109065.8671875
108643.859375
108208.296875
107794.265625
107440.6484375
107066.1484375
106718.265625
106373.4375
106047.3671875
105727.078125
105419.4140625
105131.5859375
104845.1015625
104579.546875
104317.2265625
104066.390625
103847.09375
103613.6953125
103396.75
103180.4375
102978.4921875
102777.859375
102585.6640625
102407.5546875
102232.0390625
102068.6875
101906.8671875
101750.6171875
101614.7890625
101470.0625
101334.609375
101200.5234375
101075.453125
100953.59375
100836.984375
100729.7890625
100622.1328125
100522.515625
100423.859375
