25400.0
25400.0
25400.0
25400.0
25400.0
25400.0
25400.0
25400.0
25400.0
25400.0
25400.0
25400.0
25400.0
25400.0
25400.0
25400.0
25400.0
25400.0
25400.0
25400.0
25400.0
25400.0
25400.0
25400.0
25400.0
25400.0
25400.0
35227.1796875
53696.58203125
68330.3203125
78965.53125
88986.5859375
96631.359375
103219.7265625
108140.40625
112405.0546875
115756.765625
118041.3984375
119718.765625
121134.0390625
122465.171875
124239.1953125
125721.8203125
127273.6953125
128586.0078125
129765.890625
130712.5078125
131712.28125
132597.84375
133319.703125
133952.375
134476.0625
134937.859375
136740.125
134452.578125
131374.4375
128781.9453125
126357.53125
124207.734375
122241.4765625
120293.40625
118487.5703125
117009.4140625
116125.3828125
115174.4140625
114209.125
113381.6953125
112575.6953125
111929.5625
111486.2265625
111144.421875
110856.8125
110584.0390625
110364.609375
110208.703125
110102.0
110012.171875
109965.4921875
110010.1875
110275.5078125
110924.7890625
111760.234375
112499.15625
113224.4140625
113919.0234375
114568.375
115313.5703125
116055.0625
116828.53125
117560.0390625
118254.96875
119002.9140625
119618.6875
120123.109375
120476.8046875
120699.4296875
120795.578125
120860.625
120920.9140625
121035.0546875
121386.1328125
121592.0703125
121704.0859375
121761.4921875
121766.265625
121725.203125
121645.6640625
121523.7265625
121362.2890625
121172.578125
120961.2578125
120810.125
120659.0078125
120478.734375
120288.015625
120049.234375
119794.0859375
119524.078125
119266.0703125
118980.421875
118679.4296875
118382.34375
118071.2421875
117767.4765625
117452.3515625
