25400.0
25400.0
25400.0
25070.8828125
24915.76953125
24915.76953125
24915.76953125
24915.76953125
24966.435546875
25012.818359375
25024.79296875
25029.794921875
25033.109375
25035.912109375
25040.048828125
25043.349609375
25045.673828125
25047.662109375
25049.33203125
25051.064453125
25052.619140625
25054.107421875
25055.48828125
25056.759765625
25057.951171875
25058.748046875
25057.916015625
25061.240234375
28340.26953125
38727.59765625
48686.7109375
58283.3671875
65494.8671875
71149.4765625
75706.96875
79788.4609375
83554.984375
86773.8515625
90500.8515625
93926.3359375
96998.6015625
99798.7265625
102381.7578125
105066.5546875
108329.484375
112335.375
116608.9375
121135.5546875
125343.8515625
130056.6171875
135061.5
139794.640625
144542.984375
149603.953125
151204.5
149321.984375
147636.25
145892.109375
144191.890625
142286.109375
140462.59375
138667.765625
136836.875
135143.078125
133664.15625
132110.9375
130758.328125
129261.859375
128008.765625
127034.546875
125992.625
124807.3359375
123925.9921875
123264.53125
122728.6875
122191.3984375
121637.3203125
121106.2265625
120746.53125
120494.9453125
120361.1953125
120247.3828125
120171.3984375
120144.640625
120218.296875
120364.5703125
120540.6015625
120695.6015625
120744.6796875
120833.6796875
120938.671875
121172.3046875
121448.0546875
121711.609375
121955.03125
122199.7421875
122426.9140625
122631.9609375
122816.5
122962.3359375
123082.7734375
123174.921875
123233.515625
123413.765625
123584.328125
123699.15625
123779.375
123799.7578125
123757.546875
123726.6171875
123626.375
123546.546875
123400.4140625
123205.8125
122996.2265625
122720.0
122505.0390625
122221.8515625
121881.9296875
121442.9296875
120959.1796875
120481.0546875
119970.6015625
119478.5234375
119026.09375
