25400.0
25400.0
25400.0
25032.54296875
24656.75390625
24637.658203125
24675.068359375
24679.435546875
24680.45703125
24681.8046875
24683.564453125
24685.52734375
24687.39453125
24689.24609375
24690.951171875
24692.578125
24694.158203125
24695.869140625
24698.38671875
24699.779296875
24700.908203125
24701.984375
24702.396484375
24702.33984375
24706.14453125
26570.03515625
37328.9609375
51984.66015625
66665.234375
79359.1484375
90314.3984375
97711.7578125
102533.4765625
103907.9921875
104897.4453125
105842.765625
106619.9453125
107183.609375
107536.4296875
107711.7734375
107679.078125
107662.484375
107550.4609375
107343.1953125
107057.09375
106734.6171875
106366.984375
105981.8046875
105618.46875
105333.6015625
105100.78125
104874.9921875
104657.6171875
104455.9921875
104229.9375
104009.71875
103783.7109375
103571.578125
103374.359375
103196.7890625
102999.0
102801.5703125
102622.9765625
102448.8828125
102283.9375
102139.9453125
101988.3828125
101835.578125
101651.34375
101520.3203125
101398.125
101272.03125
101141.6875
101005.2578125
100935.828125
100878.1953125
100837.359375
100804.9453125
100779.2578125
100759.5
100792.1875
101010.34375
101210.8828125
101409.21875
101596.1796875
101781.4921875
101951.4921875
102132.625
102301.5078125
102440.3203125
102578.71875
102698.4765625
102808.453125
102919.5546875
103071.2890625
103219.21875
103354.8671875
103478.8984375
103601.71875
103726.2421875
103847.3203125
103950.953125
104058.0859375
104152.6484375
104237.3515625
104305.515625
104363.296875
104407.96875
104440.09375
104481.9375
104555.96875
104556.390625
104525.7578125
104487.1796875
104440.2421875
104394.765625
104349.296875
104332.2734375
104334.6796875
104345.2109375
104356.96875
104376.6953125
104372.0390625
104344.4609375
