25400.0
25400.0
25400.0
25400.0
25400.0
25400.0
25400.0
25400.0
25400.0
25400.0
25400.0
25400.0
25400.0
25400.0
25400.0
25400.0
25400.0
26771.064453125
43212.8671875
64028.9453125
82853.9609375
98406.1796875
112906.859375
124010.0390625
131420.1875
135830.703125
138911.703125
140388.171875
141167.640625
140106.546875
136205.765625
132405.140625
129032.03125
125733.640625
122684.578125
119923.1640625
117562.1015625
115539.796875
113635.1171875
112136.171875
110714.7734375
109732.890625
108832.2890625
108051.1640625
107316.9296875
106630.2890625
106162.1171875
106057.609375
106034.53125
106008.4765625
105986.0625
106054.390625
106225.5
106394.2734375
106542.5078125
106779.71875
107076.140625
107432.0
107796.0859375
108184.4140625
108578.96875
108962.609375
109348.125
109693.6640625
110025.0078125
110421.75
110729.5234375
111088.4765625
111456.7578125
111835.75
112191.7578125
112584.265625
112999.0078125
113432.109375
113885.109375
114270.0390625
114609.703125
114854.7578125
115018.9296875
115174.3515625
115281.3671875
115329.328125
115328.8671875
115293.2734375
115226.578125
115167.921875
115097.7109375
115005.78125
114917.7890625
114868.84375
114802.0390625
114698.3671875
114607.7421875
114496.0546875
114343.4140625
114154.96875
113943.84375
113723.7265625
113474.4609375
113186.1875
112890.4609375
112607.3203125
112410.796875
112218.0078125
112069.4296875
111949.640625
111807.8984375
111635.2265625
111441.5
111207.0234375
110917.546875
110659.7890625
110416.203125
110169.3359375
109944.125
109694.6875
109456.171875
109221.625
109024.0859375
108959.5546875
108903.28125
108832.0859375
108738.890625
108632.5625
108518.578125
