25400.0
25400.0
25400.0
25400.0
25400.0
25400.0
25400.0
25400.0
25400.0
25400.0
25400.0
25400.0
25400.0
25400.0
25400.0
25400.0
25400.0
25400.0
25400.0
25400.0
29762.734375
48834.88671875
66925.1796875
83767.7578125
98385.5078125
110351.5390625
120323.1328125
128531.984375
135697.234375
141233.109375
145121.546875
148576.703125
145486.828125
141960.921875
138742.671875
135655.640625
132782.0625
130276.328125
127999.6484375
126040.8671875
123868.5625
121810.0390625
120082.5390625
118289.640625
116608.4296875
114857.5390625
113336.71875
112486.1640625
112051.4921875
111588.8125
111017.1953125
110431.515625
110096.078125
109951.0546875
109754.5078125
109493.7890625
109313.109375
109271.9140625
109312.421875
109398.953125
109507.625
109607.8203125
109749.9609375
109906.671875
110063.625
110199.1328125
110322.4609375
110442.5703125
110542.6796875
110598.15625
110624.1640625
110664.171875
110698.5
110713.8828125
110689.578125
110626.40625
110524.921875
110392.6328125
110252.6015625
110078.828125
109896.8046875
109696.265625
109494.6875
109281.6484375
109052.453125
108826.96875
108600.4140625
108387.375
108172.2578125
107952.90625
107756.890625
107545.9609375
107348.6796875
107153.1953125
106972.1015625
106793.5234375
106623.265625
106468.9140625
106320.859375
106194.4140625
106078.9296875
105976.1875
105892.734375
105810.3515625
105739.046875
105673.515625
105619.109375
105573.34375
105533.5234375
105499.6640625
105470.25
105447.3046875
105435.546875
105430.6640625
105438.7578125
105459.2578125
105481.0546875
105501.828125
105520.125
105539.234375
105561.546875
105584.9140625
105622.9921875
105677.296875
105745.328125
