25400.0
25400.0
25400.0
25400.0
25400.0
25400.0
25400.0
25400.0
25400.0
25400.0
25400.0
25400.0
25400.0
25400.0
25400.0
25400.0
25400.0
25400.0
25400.0
25400.0
25400.0
25400.0
25400.0
25400.0
28825.880859375
43492.0625
58362.3984375
74348.234375
87104.15625
96914.2109375
106379.171875
115269.1328125
123101.7734375
128008.078125
128370.1875
128287.828125
127897.9921875
127189.3359375
126239.8828125
125147.46875
124085.0234375
123126.828125
122064.234375
121009.75
119801.8984375
118584.109375
117338.34375
116254.28125
115271.359375
114319.6640625
113533.0234375
112800.9140625
112062.9140625
111437.4921875
110796.6875
110214.4921875
109644.2265625
109111.6015625
108578.328125
108053.984375
107560.71875
107075.7890625
106634.3203125
106210.390625
105817.890625
105572.6796875
105422.5
105405.4453125
105149.59375
104861.1328125
104564.3125
104274.84375
104001.8046875
103730.90625
103482.515625
103241.0078125
103005.9140625
102800.6171875
102584.5234375
102379.578125
102181.9609375
101966.75
101755.421875
101572.953125
101386.703125
101186.4921875
100994.125
100800.6484375
100618.46875
100593.9765625
100538.5859375
100452.234375
100401.0234375
100389.9765625
100351.1875
100417.21875
100514.7109375
100571.6484375
100589.8828125
100588.53125
100573.7734375
100552.8984375
100531.3828125
100571.8515625
100739.15625
100978.6953125
101242.9453125
101504.4375
101813.078125
102172.4921875
102513.21875
102842.453125
103103.7421875
103324.0
103584.9765625
103863.609375
104170.7578125
104482.75
104797.8984375
105087.6875
105341.7890625
105579.6328125
105783.3359375
105959.484375
