25400.0
25400.0
25400.0
25400.0
25400.0
25399.818359375
25399.638671875
25399.48046875
25399.34765625
25399.244140625
25399.166015625
25399.107421875
25399.06640625
25399.03515625
25399.013671875
25399.0
25398.98828125
25398.982421875
25398.9765625
25398.97265625
25398.970703125
25398.96875
25398.96875
25398.966796875
25398.966796875
25398.95703125
25398.9375
25398.912109375
25398.87890625
31988.57421875
50861.1328125
66115.2109375
78157.8828125
87213.4140625
95880.7578125
103979.8515625
110539.1328125
116057.859375
120515.296875
124151.5078125
127108.1953125
129544.25
131956.84375
134024.0
135921.140625
137334.03125
138305.8125
138902.625
139242.296875
139298.15625
137441.671875
134818.671875
132499.734375
130557.234375
128616.578125
126952.3125
125343.171875
123872.9375
122491.21875
121085.46875
119639.609375
118235.015625
116950.15625
115696.421875
114553.1328125
113590.1328125
112608.5546875
111771.9609375
110930.1171875
110135.015625
109299.7578125
108505.90625
107873.046875
107266.640625
106705.2578125
106229.4609375
105850.953125
105491.96875
105046.453125
104610.90625
104206.765625
103880.34375
103572.6328125
103272.8203125
102981.328125
102693.8515625
102459.015625
102257.8046875
102077.5546875
101959.4453125
101855.2734375
101772.6796875
101695.609375
101625.5390625
101559.4609375
101568.6015625
101598.0234375
101743.9453125
101873.3046875
102018.4609375
102176.5625
102339.71875
102553.578125
102789.6640625
103057.5546875
103324.8984375
103621.1171875
103937.5546875
104273.90625
104650.09375
105023.6328125
105439.71875
105875.359375
106275.4453125
106739.9140625
107233.078125
107776.953125
108295.9765625
108819.6171875
109332.1875
109826.625
110360.8515625
110870.7421875
111385.53125
