25400.0
25400.0
25400.0
25144.38671875
25074.9765625
25074.9765625
25074.9765625
25074.9765625
25074.9765625
25074.9765625
25074.9765625
25074.9765625
25074.9765625
25077.05859375
25129.1875
25145.439453125
25149.41015625
25149.3828125
28386.73828125
40270.64453125
55844.921875
71832.09375
87083.8828125
99971.546875
110994.4609375
120706.78125
129009.2109375
135455.546875
137458.140625
135851.15625
133874.078125
131846.5625
129734.828125
127639.28125
125559.3828125
123618.9140625
121897.2734375
120249.109375
118776.0234375
117348.828125
115914.1328125
114750.5
113383.875
112130.9375
110926.7578125
109970.8359375
109051.2734375
108211.296875
107487.3515625
106803.2734375
106204.71875
105681.90625
105329.109375
105253.484375
105174.8359375
104948.9453125
104594.90625
104286.6875
103988.0859375
103699.34375
103424.015625
103242.5703125
103137.546875
103060.375
102967.96875
102864.6640625
102758.53125
102657.015625
102572.25
102522.421875
102515.375
102541.4609375
102584.2421875
102632.328125
102680.6328125
102740.8828125
102817.28125
102887.21875
102949.796875
103027.5390625
103123.75
103225.8671875
103317.234375
103379.328125
103424.046875
103464.0234375
103500.703125
103548.5390625
103627.8046875
103687.65625
103762.3515625
103844.8984375
103920.1796875
103983.59375
104045.6328125
104083.359375
104121.625
104167.8125
104269.71875
104412.9296875
104574.9609375
104729.0625
104901.0234375
105063.828125
105232.078125
105395.859375
105564.2109375
105731.703125
105926.46875
106124.296875
106304.4921875
106477.0703125
106635.2734375
106767.25
106905.65625
107033.4375
107159.4140625
107273.234375
107388.4296875
107490.9921875
107583.2734375
107674.0625
107754.8046875
107832.015625
