25400.0
25400.0
25400.0
25350.0546875
25211.806640625
25211.806640625
25211.806640625
25211.806640625
25211.806640625
25211.806640625
25211.806640625
25211.806640625
25211.806640625
25211.806640625
25211.806640625
25211.806640625
25211.806640625
25211.806640625
25211.806640625
25211.806640625
25211.806640625
25211.806640625
25211.806640625
25211.806640625
25211.806640625
30019.15625
44011.85546875
56904.85546875
69774.3046875
81059.1171875
90531.4765625
100067.9921875
107962.4765625
115023.9453125
120869.453125
126056.125
130325.2109375
133687.90625
136576.21875
138910.90625
141109.46875
142926.828125
144476.90625
145887.21875
146116.546875
142786.375
139936.5
137127.265625
134531.015625
131861.6875
129374.109375
127239.3046875
125167.78125
123059.9921875
121297.03125
119781.375
118547.3203125
117120.6875
116020.5625
114888.2265625
114021.9921875
113290.0234375
112512.9296875
111772.1796875
111107.6484375
110544.5625
110133.5859375
109784.5703125
109580.1171875
109347.390625
109115.953125
108892.6328125
108716.1796875
108545.78125
108358.796875
108159.7265625
107909.3984375
107673.078125
107465.8125
107243.1484375
107032.9921875
106834.515625
106688.8984375
106545.640625
106396.15625
106247.9609375
106098.0078125
105961.6015625
105833.859375
105721.296875
105632.7265625
105552.2578125
105491.1484375
105464.9609375
105464.453125
105482.125
105529.1015625
105602.0
105700.171875
105821.1484375
105981.7890625
106171.3828125
106359.34375
106580.7421875
106803.7265625
107038.75
107277.2734375
107532.546875
107780.6796875
108015.1484375
108252.5234375
108475.859375
108740.1953125
109012.359375
109241.203125
109474.4765625
109684.875
109889.2734375
110109.2890625
110361.484375
110597.765625
110810.875
111022.28125
111216.4609375
111406.078125
