25400.0
25400.0
25259.384765625
24648.109375
24805.427734375
24683.396484375
24606.19140625
24571.859375
24567.595703125
24570.595703125
24575.279296875
24580.56640625
24585.818359375
24590.787109375
24595.75
24600.63671875
24606.599609375
24611.296875
24617.447265625
24626.234375
24635.759765625
24646.517578125
24657.93359375
24670.82421875
24685.51171875
24707.87109375
24943.818359375
27976.982421875
34064.37890625
42601.02734375
51024.2578125
60026.8046875
69251.171875
76753.671875
82818.0859375
88101.3359375
92773.6953125
96939.6796875
100794.953125
103828.671875
106605.0625
109144.1796875
111217.421875
113278.6015625
115147.6796875
116978.109375
118609.9453125
120132.46875
121341.0703125
122430.375
123582.8671875
124668.7265625
125751.9609375
126694.6640625
127524.84375
128185.28125
128560.5546875
128591.4453125
128363.3515625
126634.2109375
124690.6484375
123213.3359375
122119.8359375
121400.53125
120726.2890625
119916.7890625
119229.390625
118670.421875
118194.765625
117569.6875
116906.6328125
116457.0078125
116012.3984375
115524.390625
115020.6796875
114608.140625
114190.8046875
113887.296875
113895.2578125
114048.3203125
114228.46875
114337.90625
114347.0859375
114308.9453125
114298.0078125
114371.75
114476.6796875
114600.5078125
114751.765625
114908.5
114959.046875
115003.3203125
115086.9140625
115348.0546875
115602.2265625
115847.4921875
116082.3515625
116304.015625
116665.484375
117011.8046875
117354.875
117686.0390625
117975.359375
118293.9765625
118588.5546875
118909.6171875
119201.5546875
119469.3203125
119704.984375
119895.9453125
120142.625
120377.953125
120533.2578125
120612.3359375
120630.8984375
120611.9296875
120588.609375
120584.734375
120525.7890625
120411.265625
120256.9921875
120077.25
119857.625
119580.5625
119285.8359375
