25400.0
25400.0
25400.0
24840.744140625
24597.15234375
24651.85546875
24606.677734375
24580.841796875
24571.96484375
24569.125
24570.220703125
24572.490234375
24575.236328125
24578.09765625
24580.76171875
24583.41015625
24585.8515625
24588.30078125
24590.697265625
24593.908203125
24596.185546875
24598.126953125
24600.0703125
24602.20703125
24605.4765625
24608.87109375
24615.517578125
24654.94921875
28706.025390625
39722.76953125
52361.66015625
63610.42578125
75228.7265625
83437.765625
88953.0390625
92890.84375
96443.421875
99715.6484375
102813.2421875
105803.015625
108434.8125
111002.4453125
113551.1171875
115578.578125
117495.8359375
119094.1796875
120535.0703125
120255.0703125
119053.8515625
118055.953125
117176.515625
116399.5546875
115643.640625
114850.359375
114081.5859375
113411.4609375
112708.2265625
112061.875
111399.34375
110796.1484375
110198.0
109604.6640625
109084.6953125
108609.9921875
108202.296875
107813.6484375
107444.6640625
107136.484375
106811.2265625
106517.5234375
106333.4296875
106171.3359375
106017.3984375
105864.3203125
105772.5234375
105614.6015625
105441.6484375
105256.3828125
105072.7890625
104916.203125
104753.8984375
104599.625
104449.046875
104322.4921875
104226.5703125
104184.8671875
104177.03125
104150.2578125
104148.6328125
104265.21875
104451.9375
104546.0859375
104617.75
104659.015625
104731.7265625
104868.4609375
105009.671875
105112.1640625
105201.515625
105242.40625
105365.3046875
105459.3203125
105474.3203125
105441.9375
105369.4375
105272.2734375
105291.828125
105325.71875
105342.7734375
105356.203125
105328.4375
105264.5390625
105183.484375
105093.5
105057.734375
105078.8125
105174.0234375
105289.8203125
105397.2265625
105508.8046875
105639.203125
105767.90625
105880.109375
105979.125
106063.765625
106149.2890625
