25400.0
25400.0
24582.921875
25367.81640625
25205.609375
24077.224609375
23558.76953125
23454.7265625
23477.408203125
23548.068359375
23669.9921875
23850.990234375
24476.794921875
24825.810546875
24958.140625
25006.296875
25028.150390625
25044.111328125
25060.978515625
25076.783203125
25091.802734375
25117.3828125
25140.642578125
25152.490234375
25163.65625
25217.021484375
25488.54296875
26401.40234375
29099.630859375
33928.01171875
41760.65625
49865.75390625
58590.109375
65720.8671875
70179.1015625
74174.15625
77684.5703125
80848.6953125
83920.625
86718.1171875
89116.125
91109.78125
93610.6015625
96044.34375
98352.234375
100275.0078125
102041.3984375
103718.5
105333.71875
106979.3203125
108624.0859375
110280.078125
111202.515625
110724.2109375
110294.75
109885.890625
109572.7109375
109311.5078125
109071.4921875
108939.734375
108950.5859375
108950.546875
108944.7890625
108913.125
108849.109375
108768.03125
108744.3359375
108726.984375
108695.453125
108641.5703125
108575.2421875
108506.375
108489.2109375
108488.453125
108468.28125
108405.1953125
108330.6796875
108277.7421875
108301.671875
108395.328125
108454.8203125
108476.3515625
108511.3125
108564.515625
108578.9921875
108562.71875
108517.6015625
108460.1953125
108449.1640625
108448.4375
108469.8046875
108618.7109375
108796.0234375
108941.2109375
109076.0234375
109193.46875
109324.859375
109549.78125
109825.59375
110016.9375
110129.796875
110291.4375
110342.0703125
110279.5859375
110307.1015625
110177.2578125
110048.9765625
109929.609375
109950.8125
110146.1953125
110326.78125
110446.703125
110491.984375
110496.0390625
110502.171875
110505.03125
110472.0234375
110443.21875
110428.765625
110430.2890625
110431.4921875
110422.6796875
110396.359375
110348.6015625
