25400.0
25400.0
25400.0
25241.28515625
25241.287109375
25241.28515625
25241.28515625
25241.28515625
25241.28515625
25241.28515625
25241.28515625
25241.28515625
25241.28515625
25241.28515625
25241.28515625
25241.28515625
25241.28515625
40684.36328125
61583.296875
82629.9765625
99749.5390625
113993.203125
125271.6015625
134714.34375
141898.765625
147342.1875
151083.078125
153245.140625
153822.21875
146646.953125
141207.625
135678.1875
132410.46875
128838.3515625
126467.21875
124285.75
122735.375
122642.546875
122545.828125
122589.421875
122606.03125
122734.8046875
122937.1875
123120.5
123289.5
123421.140625
123491.2578125
123563.921875
123531.046875
123378.015625
123154.09375
122887.6875
122530.3671875
122059.8359375
121508.96875
120790.0390625
120076.984375
119356.5078125
118659.5625
117909.234375
117160.515625
116440.25
115711.453125
115028.0234375
114338.296875
113667.2890625
113079.0078125
112448.9453125
111859.1875
111268.5078125
110715.8671875
110162.640625
109628.734375
109129.9921875
108633.2265625
108169.375
107710.2421875
107267.421875
106879.78125
106464.71875
106083.2734375
105707.8125
105362.03125
105015.8671875
104680.7421875
104370.515625
104066.3203125
103786.8515625
103511.578125
103250.8359375
103026.5546875
102789.3671875
102570.5390625
102355.0859375
102156.671875
101961.28125
101775.4140625
101604.9921875
101438.3125
101286.2578125
101136.7578125
100994.3359375
100871.390625
100741.9375
100622.21875
100504.5234375
100397.4453125
100293.8515625
100194.6640625
100102.3046875
100011.3515625
99927.4453125
99845.765625
99768.65625
99703.75
99637.109375
99576.3671875
99518.5859375
99463.953125
99412.5234375
99366.7578125
99330.1171875
99300.0625
99277.375
99249.9921875
