25400.0
25400.0
25400.0
25349.275390625
25107.54296875
25096.56640625
25096.564453125
25096.564453125
25096.564453125
25096.564453125
25096.564453125
25096.564453125
25096.564453125
25096.564453125
25096.564453125
25096.564453125
25109.365234375
25127.048828125
25130.373046875
25131.35546875
25132.0234375
25132.5234375
25132.822265625
25132.119140625
25131.08203125
25151.615234375
37504.125
52155.24609375
63444.5625
74091.390625
82579.7265625
89323.453125
94938.8515625
99173.921875
102517.125
105876.390625
109296.4765625
112260.90625
114699.6640625
116975.015625
119259.875
121460.78125
123295.8125
124687.8125
126112.546875
127809.453125
129384.4140625
130280.0390625
127999.921875
126427.84375
125180.2265625
124097.203125
123408.828125
122581.203125
121686.203125
120828.1328125
119703.7890625
118660.75
117602.09375
116532.359375
115490.0859375
114713.9453125
114083.078125
113465.890625
112925.671875
112414.0546875
112199.5546875
112098.4140625
112184.1328125
112343.359375
112670.3984375
112865.2421875
112917.6328125
112982.5390625
113188.0703125
113465.2734375
113698.203125
113939.96875
114210.1484375
114534.1328125
114915.9609375
115288.984375
115769.46875
116220.203125
116575.9375
116812.1953125
116925.453125
116930.359375
116860.3046875
116683.5
116512.390625
116379.8671875
116239.1796875
116359.625
116585.203125
116750.6171875
116859.3046875
116915.8359375
116926.5703125
116891.265625
116779.0390625
116643.3984375
116501.453125
116362.7265625
116201.0390625
116026.28125
115824.03125
115609.796875
115389.6015625
115173.328125
114952.5703125
114714.0859375
114466.7578125
114286.4765625
114131.359375
114084.171875
114010.53125
113929.3828125
113837.0234375
113736.6640625
113617.7421875
113478.5
113326.6484375
113146.53125
112960.3671875
112760.96875
