25400.0
25400.0
25397.40625
24736.775390625
24725.455078125
24536.337890625
24488.26953125
24479.7109375
24481.2890625
24485.658203125
24490.94140625
24496.330078125
24501.416015625
24506.541015625
24511.224609375
24517.154296875
24521.84375
24525.697265625
24529.400390625
24549.8359375
26156.091796875
35084.859375
48146.41015625
62002.55859375
76160.5390625
88774.3203125
99466.3671875
109774.6484375
118543.4921875
124871.78125
130270.390625
134374.9375
133831.796875
132196.578125
130524.140625
128795.4765625
127102.7578125
125369.4140625
123688.875
121933.015625
120228.75
118782.4609375
117294.109375
115902.328125
114563.3515625
113357.9453125
112209.0859375
111173.6640625
110269.4765625
109432.984375
108582.21875
107859.8203125
107211.4453125
106627.875
105997.046875
105411.6640625
104862.828125
104357.8203125
103856.609375
103379.3515625
102949.8515625
102516.484375
102114.96875
101867.5546875
101729.1328125
101646.046875
101486.75
101314.984375
101245.2890625
101234.0390625
101201.9296875
101125.875
101015.6796875
100865.96875
100724.1953125
100622.6796875
100515.9921875
100416.796875
100345.3515625
100329.0703125
100334.5390625
100357.78125
100377.7265625
100365.296875
100333.1015625
100294.296875
100254.8125
100208.6640625
100155.09375
100102.4375
100040.078125
99983.6953125
99939.4453125
99933.9296875
99967.1953125
100022.953125
100087.4921875
100157.9921875
100223.15625
100294.90625
100365.3125
100423.78125
100476.203125
100529.78125
100588.0703125
100666.375
100780.0546875
100927.546875
101097.8984375
101295.0546875
101474.9921875
101663.515625
101861.703125
102044.7265625
102248.875
102447.125
102652.1796875
102864.2734375
103079.46875
103278.90625
103458.4296875
103631.1875
103794.921875
103985.0390625
