25400.0
25400.0
25400.0
25043.9921875
24663.130859375
24742.96484375
24781.041015625
24786.97265625
24789.55859375
24792.109375
24794.91796875
24797.810546875
24800.560546875
24803.2578125
24806.20703125
24809.857421875
24812.28125
24814.10546875
24816.001953125
24817.708984375
24819.37890625
24820.953125
24821.060546875
24831.04296875
26264.279296875
35041.11328125
46066.2890625
57676.26953125
70007.7265625
79085.3671875
87696.921875
96172.9140625
103328.0703125
108930.484375
113735.328125
117857.59375
121215.84375
124249.375
126721.3359375
128684.2421875
130260.171875
131809.78125
131169.84375
129694.15625
128163.1015625
126624.8359375
125022.8203125
123461.1171875
122012.28125
120564.1328125
119297.390625
118050.75
116844.65625
115793.7734375
114671.4296875
113581.171875
112531.359375
111614.7578125
110796.2109375
110081.1328125
109360.9921875
108660.375
108009.2890625
107380.609375
106928.5234375
106551.6796875
105993.921875
105440.0078125
104887.4453125
104389.4765625
103977.015625
103911.2734375
103935.25
103998.640625
104030.734375
104036.515625
104110.921875
104338.1484375
104427.578125
104513.7265625
104562.171875
104669.9921875
104781.5625
104936.609375
105116.8515625
105302.3046875
105459.8828125
105590.7109375
105700.734375
105840.078125
106015.90625
106205.296875
106422.5859375
106646.0
106880.7109375
107112.7265625
107329.0859375
107541.609375
107735.8671875
107926.6640625
108143.9140625
108334.7734375
108542.875
108745.359375
108957.71875
109164.1640625
109382.890625
109621.84375
109858.2421875
110094.8671875
110316.7421875
110538.6796875
110756.5234375
110972.9453125
111220.9375
111451.921875
111685.953125
111914.9140625
112144.75
112365.7890625
112570.0625
112769.5234375
112952.90625
113132.1328125
