25400.0
25400.0
25400.0
25400.0
25400.0
25400.0
25400.0
25400.0
25400.0
25400.0
25400.0
25400.0
25400.0
25400.0
25400.0
25400.0
29027.173828125
49853.50390625
70040.4765625
87150.3515625
97665.84375
103358.2265625
107520.984375
111308.53125
114507.84375
117455.390625
119597.0
121667.8515625
123657.890625
125125.6171875
126476.328125
127641.5390625
128799.25
129965.21875
132388.234375
134785.125
135675.375
135441.953125
140332.65625
145706.734375
140890.671875
138124.59375
136107.921875
134823.09375
133934.625
133317.609375
132732.46875
132557.78125
132388.375
132049.96875
131758.296875
131394.859375
130951.8203125
130453.1875
129851.40625
129325.84375
128816.0546875
128232.453125
127555.484375
126838.875
126129.0859375
125347.4296875
124546.3515625
123739.9609375
122976.0078125
122285.3203125
121541.71875
120821.5546875
120075.984375
119359.140625
118582.3203125
117847.375
117191.8046875
116573.0859375
116016.796875
115484.921875
114985.46875
114562.0234375
114124.125
113725.5703125
113363.3828125
112996.65625
112605.6640625
112228.109375
111874.5546875
111520.5234375
111188.375
110851.90625
110574.2109375
110357.96875
110138.0390625
109927.234375
109702.578125
109489.0
109317.5078125
109215.9765625
109142.0
109136.2265625
109126.1171875
109113.265625
109097.2734375
109061.2109375
109009.4296875
108959.2734375
108903.640625
108839.6484375
108760.3125
108660.1875
108551.3984375
108410.8984375
108263.0
108103.5625
107946.5390625
107807.1328125
107660.7734375
107520.0625
107396.1328125
107278.984375
107158.8046875
107038.640625
106922.8125
106803.2421875
106681.75
106590.6328125
