25400.0
25400.0
25400.0
25400.0
25400.0
25400.0
25400.0
25400.0
25400.0
25400.0
25400.0
25400.0
25400.0
25400.0
25400.0
25400.0
25400.0
25400.0
25400.0
25400.0
25400.0
25400.0
36555.9140625
58713.30078125
78448.4140625
92024.96875
105084.4296875
116450.4375
125403.140625
131653.59375
135663.859375
138901.40625
140958.71875
142297.59375
141381.390625
137527.984375
134377.1875
131488.703125
128779.1328125
126493.4921875
124325.4765625
122353.9921875
120744.671875
119110.0546875
117657.578125
116272.2109375
114958.3046875
113539.875
112225.328125
111050.875
109938.125
109001.2109375
108092.375
107204.2890625
106430.359375
105702.2578125
105141.2734375
104678.2734375
104250.0
103876.6171875
103489.609375
103109.2109375
102889.625
102836.7109375
102815.9375
102810.4375
102830.1875
102914.6171875
103033.875
103202.890625
103389.1875
103619.2421875
103859.9296875
104105.9140625
104403.4609375
104723.0078125
105066.96875
105416.359375
105751.296875
106171.125
106602.625
107072.65625
107543.5703125
108044.484375
108561.8359375
109063.015625
109597.2109375
110128.890625
110616.3984375
111059.765625
111450.375
111886.6953125
112342.625
112855.0390625
113349.6796875
113813.1796875
114219.1328125
114560.265625
114887.4609375
115128.25
115376.53125
115571.21875
115679.1796875
115718.375
115692.15625
115610.7109375
115486.171875
115323.5703125
115135.78125
114967.46875
114789.5
114620.0
114452.8359375
114281.8984375
114118.90625
114126.703125
114185.359375
114211.2890625
114183.65625
114117.6875
114032.203125
113938.7890625
113830.1640625
113717.125
113592.8984375
