25400.0
25400.0
25400.0
25400.0
25400.0
25400.0
25400.0
25400.0
25400.0
25400.0
25400.0
25400.0
25400.0
25400.0
25400.0
25400.0
25400.0
25400.0
25400.0
25400.0
29063.44921875
48700.5390625
67755.140625
84018.296875
95753.9140625
106797.875
115893.1875
123672.6875
129621.515625
133796.546875
137453.375
140287.546875
142480.375
144101.421875
145402.359375
146523.75
147301.234375
147978.953125
152143.171875
152976.671875
151228.53125
155901.15625
160609.796875
155080.859375
151470.09375
149184.3125
147824.375
147459.78125
147274.28125
147018.328125
146570.625
146121.78125
145372.546875
144313.125
143120.03125
141654.296875
140186.21875
138592.8125
137062.515625
135519.71875
134018.359375
132615.15625
131208.984375
129884.890625
128586.609375
127316.4609375
126201.9765625
125008.640625
123893.296875
122780.2109375
121736.8125
120697.921875
119697.640625
118764.6328125
117840.8828125
116982.71875
116137.234375
115302.765625
114565.421875
113786.6796875
113066.6640625
112358.3359375
111703.25
111052.7890625
110431.2734375
109859.2578125
109300.640625
108784.125
108274.3046875
107789.96875
107371.0625
106929.4453125
106521.78125
106122.1484375
105755.2265625
105397.171875
105059.7265625
104749.921875
104446.6875
104169.15625
103895.4453125
103636.03125
103411.0078125
103176.609375
102962.1171875
102753.09375
102562.5546875
102378.703125
102204.7890625
102044.5703125
101897.25
101765.71875
101642.453125
101529.0625
101434.2890625
101338.1015625
101254.3515625
101177.5234375
101110.4453125
101050.2890625
100998.875
100956.6328125
100921.515625
100896.28125
100879.90625
