25400.0
25400.0
25400.0
25376.41015625
25149.18359375
25149.18359375
25149.18359375
25149.18359375
25149.18359375
25149.18359375
25149.18359375
25149.18359375
25149.18359375
25149.18359375
25149.18359375
25149.18359375
25149.18359375
25149.18359375
25149.18359375
25149.18359375
31452.763671875
45606.34375
56708.0546875
67769.390625
77267.4453125
86329.6640625
94965.8671875
102695.03125
108370.3203125
113296.7734375
119811.5390625
125041.53125
126545.7578125
125597.2265625
124478.25
123274.9765625
122052.8359375
120780.890625
119557.2421875
118263.203125
116954.734375
115788.0546875
114526.5234375
113417.015625
112385.0078125
111487.609375
110639.6484375
109926.7890625
109328.3828125
108718.8125
108219.671875
107711.265625
107124.3125
106615.2109375
106078.796875
105590.625
105123.28125
104759.796875
104417.0078125
104093.96875
103794.3828125
103563.4140625
103387.40625
103168.5625
103004.890625
103003.9609375
102988.2109375
102968.1484375
102964.59375
102918.265625
102826.3984375
102788.765625
102798.015625
102807.140625
102793.484375
102764.484375
102735.1015625
102771.5234375
102936.2890625
103118.34375
103297.9140625
103457.125
103628.3828125
103794.09375
103905.8125
103948.8203125
103961.546875
103936.4296875
103923.953125
103932.7734375
103938.0859375
103941.375
103950.4921875
103986.125
104061.984375
104160.6484375
104266.1171875
104373.984375
104470.6875
104558.5
104636.90625
104700.3671875
104763.3984375
104815.453125
104868.890625
104927.296875
104997.7109375
105076.3359375
105154.7890625
105232.9140625
105302.078125
105366.8984375
105425.921875
105476.7734375
105533.171875
105588.5078125
105649.625
105711.8828125
105779.7265625
105847.9921875
105914.0234375
105983.046875
106049.8828125
106120.9375
