25400.0
25400.0
25385.517578125
24751.95703125
24590.908203125
24647.1328125
24654.5078125
24654.462890625
24655.30859375
24657.16015625
24659.30859375
24661.552734375
24663.724609375
24665.677734375
24668.8984375
24670.6484375
24671.8359375
24673.33203125
24735.06640625
35483.765625
50278.80859375
66836.46875
82822.1484375
97185.0
106564.5625
110077.546875
112955.9921875
114784.375
115794.96875
116261.9140625
116336.1484375
116107.3359375
115638.984375
114993.7109375
114352.9140625
113665.7734375
112926.6484375
112203.328125
111452.3828125
110732.3359375
110008.2578125
109309.640625
108673.1484375
108018.8125
107400.7421875
106816.8515625
106393.9140625
106246.8125
106037.5078125
105823.9453125
105597.21875
105389.28125
105191.1015625
105002.3984375
104833.578125
104636.4609375
104428.7890625
104217.2421875
104000.125
103779.8984375
103543.5546875
103314.390625
103089.7109375
102875.4609375
102663.90625
102468.7265625
102337.1015625
102064.78125
101807.734375
101540.671875
101285.9609375
101049.4375
100826.890625
100626.46875
100399.703125
100153.5703125
100010.2578125
99833.25
99665.3828125
99557.7421875
99426.5859375
99274.8984375
99129.7265625
98982.921875
98873.3515625
98787.015625
98695.71875
98658.0546875
98572.1484375
98485.4296875
98415.8203125
98350.359375
98290.0703125
98209.3046875
98141.828125
98092.828125
98037.28125
97980.734375
97926.0234375
97875.4140625
97822.7265625
97781.625
97746.640625
97706.8515625
97669.3359375
97651.3515625
97670.4453125
97683.875
97691.3125
97696.9453125
97696.4140625
97699.5546875
97701.6640625
97702.3203125
97701.0234375
97700.4140625
97700.0625
97699.359375
97702.0703125
97717.734375
97739.9453125
97774.53125
97807.5390625
97840.71875
97886.9140625
