20000.0
20000.0
20000.0
20000.0
20000.0
20000.0
20000.0
20000.0
20000.0
20000.0
20000.0
20000.0
20000.0
20000.0
20000.0
20000.0
20000.0
20000.0
20000.0
20000.0
20000.0
20000.0
20000.0
20000.0
20000.0
20000.0
20000.0
20000.0
20000.033203125
20000.001953125
20000.0
20000.0
20000.0
20000.0
20000.0
20000.0
19794.466796875
18751.107421875
17923.787109375
17251.505859375
16657.412109375
16171.3798828125
15690.220703125
15223.0869140625
14734.140625
14269.6044921875
13877.4736328125
13499.10546875
13158.3095703125
12845.5966796875
12557.4580078125
12295.16015625
12063.7568359375
11850.91796875
11669.80859375
11483.5283203125
11313.974609375
11148.9765625
10995.5908203125
10842.2744140625
10694.0625
10554.33984375
10412.4853515625
10284.9111328125
10155.7763671875
10026.794921875
9910.46484375
9785.275390625
9667.314453125
9549.458984375
9439.0390625
9328.9091796875
9223.1240234375
9127.8154296875
9033.1279296875
8945.419921875
8858.4892578125
8771.576171875
8693.3115234375
8606.55078125
8523.759765625
8439.7939453125
8359.3701171875
8277.5791015625
8197.0859375
8120.85546875
8043.7275390625
7970.52099609375
7896.19970703125
7822.82568359375
7754.99609375
7673.79345703125
7593.15283203125
7510.19775390625
7432.06591796875
7352.34423828125
7274.263671875
7200.15966796875
7125.6298828125
7055.0576171875
6982.38671875
6907.9794921875
6840.72998046875
6767.1416015625
6697.2578125
6626.4521484375
6559.0224609375
6490.33740234375
6423.466796875
6370.46875
6313.4384765625
6256.66357421875
6197.28662109375
6137.13623046875
6082.55029296875
6022.71630859375
5965.4267578125
5906.8330078125
5851.0439453125
5793.4873046875
5736.578125
5682.55419921875
5628.24462890625
5576.44482421875
5524.064453125
