20000.0
20000.0
20000.0
20000.0
20000.0
20000.0
20000.0
20000.0
20000.0
20000.0
20000.0
20000.0
20000.0
20000.0
20000.0
20000.0
20000.0
20000.0
20000.0
20000.0
20000.0
20000.0
20000.0
19999.99609375
20000.0
20000.0
20000.0
19999.83984375
20000.0
19999.99609375
19999.99609375
20000.021484375
20000.0
20000.0
20000.0
20000.0
20000.0
20000.0
20000.0
20000.0
20000.0
20000.0
20000.0
20000.0
20000.0
19999.88671875
19804.810546875
18814.28515625
17918.484375
17052.490234375
16307.8642578125
15625.998046875
15094.5302734375
14699.5576171875
14300.248046875
13923.685546875
13543.873046875
13186.083984375
12847.568359375
12527.9921875
12230.8349609375
11935.916015625
11668.0947265625
11410.58984375
11176.6728515625
10981.2119140625
10773.8525390625
10578.4833984375
10385.783203125
10208.5341796875
10034.7451171875
9869.4208984375
9716.6748046875
9564.7919921875
9424.0419921875
9284.6962890625
9150.5927734375
9033.7314453125
8907.765625
8788.017578125
8669.6640625
8570.044921875
8466.5078125
8362.814453125
8263.8134765625
8163.99560546875
8069.78125
7975.02978515625
7882.90478515625
7801.79443359375
7714.34130859375
7631.74267578125
7548.21826171875
7469.03857421875
7388.83740234375
7311.38427734375
7238.279296875
7164.29248046875
7094.24462890625
7023.55078125
6954.67041015625
6893.71630859375
6827.7392578125
6764.5791015625
6702.6220703125
6644.98486328125
6586.572265625
6529.16259765625
6475.01513671875
6418.27734375
6364.68603515625
6311.4296875
6259.8369140625
6214.333984375
6165.1748046875
6118.849609375
6071.98779296875
6027.4873046875
5982.69970703125
5938.67431640625
5896.69677734375
5853.9462890625
5813.19482421875
5771.4443359375
