20000.0
20000.0
20000.0
20000.0
20000.0
20000.0
20000.0
19999.990234375
19999.998046875
20000.0
20000.0
20000.0
20000.0
20000.0
20000.0
20000.0
20000.0
20000.0
20000.0
20000.0
20000.0
20000.0
20000.0
20000.0
19999.9765625
19999.939453125
19999.95703125
20000.0
20000.0
20000.0
19999.99609375
20000.0
20000.0
19700.267578125
19320.630859375
18971.91796875
18622.99609375
18275.546875
17955.35546875
17675.669921875
17402.2265625
17146.80859375
16952.904296875
16756.603515625
16545.314453125
16308.111328125
16031.2841796875
15719.88671875
15442.763671875
15200.0712890625
14966.8330078125
14751.91796875
14526.9658203125
14304.3212890625
14091.6669921875
13852.541015625
13625.98046875
13401.337890625
13187.9169921875
12967.4580078125
12747.904296875
12549.5791015625
12356.2158203125
12180.166015625
12005.751953125
11831.2861328125
11675.65625
11500.28125
11327.6474609375
11150.5419921875
10984.13671875
10819.6259765625
10662.8662109375
10518.4501953125
10376.232421875
10245.8740234375
10120.7236328125
10003.4287109375
9902.9462890625
9796.083984375
9695.0546875
9596.1689453125
9515.349609375
9435.7373046875
9356.71875
9280.2236328125
9202.080078125
9127.853515625
9055.8759765625
8978.5068359375
8906.6044921875
8820.9306640625
8735.8515625
8647.498046875
8563.0224609375
8477.7724609375
8394.84765625
8316.955078125
8239.2529296875
8166.2919921875
8092.43896484375
8020.39697265625
7956.87841796875
7888.3388671875
7823.72705078125
7758.59375
7695.98583984375
7633.19091796875
7572.5849609375
7515.6552734375
7458.76123046875
7405.43212890625
7351.68798828125
7297.68896484375
7248.64697265625
7196.69775390625
7148.61962890625
7101.07080078125
7056.8984375
7012.83203125
6970.05078125
6929.50341796875
6887.892578125
6847.7236328125
6806.4111328125
