20000.0
20000.0
20000.0
20000.0
20000.0
20000.0
20000.0
20000.0
20000.0
20000.0
20000.0
20000.0
20000.0
20000.0
20000.0
20000.0
20000.0
20000.0
20000.0
20000.0
20000.0
20000.0
20000.0
20000.0
20000.0
20000.0
20000.0
20000.0
20000.0
19468.328125
18700.611328125
17982.16015625
17362.244140625
16767.263671875
16232.8857421875
15724.05078125
15155.8251953125
14650.6171875
14254.671875
13912.619140625
13596.21875
13329.5888671875
13080.6875
12804.9970703125
12553.5830078125
12300.779296875
12044.2470703125
11741.7158203125
11467.005859375
11250.1806640625
11044.60546875
10862.1533203125
10686.203125
10517.2548828125
10363.5859375
10197.068359375
10045.7783203125
9900.6572265625
9770.5634765625
9645.4169921875
9524.708984375
9411.642578125
9298.923828125
9194.87890625
9093.8291015625
8997.8564453125
8914.6669921875
8826.1201171875
8743.3701171875
8659.970703125
8579.8203125
8497.5830078125
8415.748046875
8336.8525390625
8255.984375
8178.75830078125
8099.52880859375
8021.00732421875
7950.86962890625
7874.26171875
7801.27392578125
7726.34814453125
7653.36328125
7580.0224609375
7508.98046875
7442.17236328125
7375.0712890625
7311.50341796875
7246.837890625
7184.0888671875
7127.04248046875
7063.8857421875
7004.0185546875
6943.63916015625
6886.30029296875
6827.783203125
6770.00732421875
6714.9423828125
6658.9951171875
6605.91015625
6552.25341796875
6499.83056640625
6453.4365234375
6403.14306640625
6355.6171875
6307.423828125
6261.59228515625
6215.06787109375
6169.95458984375
6128.23095703125
6085.91748046875
6044.94580078125
6003.59765625
5962.8486328125
5926.23828125
5885.9716796875
5847.53466796875
5808.927734375
5772.810546875
5733.4951171875
5693.16015625
5654.021484375
5614.23486328125
5576.6630859375
5538.70751953125
