20000.0
20000.0
20000.0
20000.0
20000.0
20000.0
20000.0
20000.0
20000.0
20000.0
20000.0
20000.0
20000.0
20000.0
20000.0
20000.0
20000.0
20000.0
20000.0
20000.0
19999.99609375
20000.0
20000.0
20000.0
20000.0
19999.87890625
19999.568359375
20000.0
19999.998046875
20000.0
20000.0
20000.0
20000.0
20000.0
20000.0
20000.0
20000.0
19546.896484375
18982.625
18448.5703125
17958.73046875
17550.53125
17121.62890625
16734.28125
16379.6337890625
16064.8681640625
15749.0595703125
15445.1123046875
15159.2021484375
14870.984375
14598.78125
14327.123046875
14067.1474609375
13752.0947265625
13472.14453125
13235.0986328125
13006.3212890625
12796.087890625
12590.3291015625
12394.3056640625
12213.2119140625
12029.79296875
11848.994140625
11659.8662109375
11482.876953125
11332.640625
11176.001953125
11032.7626953125
10901.9287109375
10777.283203125
10639.939453125
10507.8525390625
10392.056640625
10284.54296875
10188.306640625
10094.0849609375
9993.890625
9899.814453125
9785.42578125
9673.6240234375
9561.1611328125
9452.79296875
9341.5283203125
9235.1025390625
9139.466796875
9048.6748046875
8967.375
8887.60546875
8808.2109375
8735.91796875
8654.1875
8573.3271484375
8488.126953125
8405.4609375
8322.5751953125
8242.6015625
8168.02197265625
8093.2900390625
8021.17138671875
7947.63623046875
7874.81201171875
7809.56689453125
7737.77880859375
7668.8447265625
7598.07568359375
7530.7607421875
7462.9931640625
7396.3974609375
7333.0673828125
7268.05126953125
7205.26611328125
7140.4365234375
7075.4755859375
7016.55859375
6950.81396484375
6888.375
6827.701171875
6766.9033203125
6701.00927734375
6631.296875
6562.06982421875
6490.810546875
6422.5703125
6352.62353515625
