20000.0
20000.0
20000.0
20000.0
20000.0
20000.0
20000.0
20000.0
20000.0
20000.0
20000.0
20000.0
20000.0
20000.0
20000.0
20000.0
20000.0
20000.0
20000.0
20000.0
20000.0
20000.0
20000.0
20000.0
20000.0
19999.923828125
20000.0
19999.783203125
20000.0
19999.962890625
20000.0
20000.0
19242.150390625
18521.23828125
17896.57421875
17381.197265625
16970.1796875
16595.376953125
16271.2890625
15956.091796875
15651.2197265625
15397.15234375
15144.0322265625
14919.03515625
14708.7578125
14521.5947265625
14340.099609375
14164.6845703125
13994.341796875
13812.4404296875
13637.416015625
13460.3798828125
13289.37109375
13140.4794921875
12982.1982421875
12834.8935546875
12688.4404296875
12552.1494140625
12417.046875
12287.2294921875
12164.4873046875
12035.158203125
11910.1513671875
11782.505859375
11656.3466796875
11543.4033203125
11418.7783203125
11299.25
11177.6591796875
11062.3779296875
10945.814453125
10831.798828125
10723.91796875
10614.9677734375
10511.59375
10402.916015625
10294.1640625
10196.5078125
10091.6220703125
9992.6337890625
9891.3681640625
9794.4443359375
9695.7880859375
9606.7822265625
9528.03125
9451.904296875
9378.765625
9303.8076171875
9228.1103515625
9156.0283203125
9075.8447265625
9000.4931640625
8924.86328125
8853.177734375
8780.2021484375
8709.083984375
8641.7412109375
8573.2666015625
8507.9208984375
8441.3427734375
8375.828125
8316.8974609375
8251.4169921875
8187.9736328125
8122.6142578125
8059.97021484375
7995.9599609375
7933.1923828125
7873.75048828125
7812.25
7751.53759765625
7686.6708984375
7620.46337890625
7561.35205078125
7497.33203125
7436.685546875
7375.2880859375
7317.05859375
7258.18115234375
7200.50341796875
7145.7685546875
7090.31689453125
7036.8125
6979.4697265625
