20000.0
19171.14453125
17893.998046875
17203.048828125
16610.865234375
16421.578125
16740.791015625
17185.25
17669.25
18124.3359375
18567.689453125
18980.4765625
19353.462890625
19709.318359375
20000.0
20000.0
20000.0
20000.0
20000.0
20000.0
20000.0
20000.0
20000.0
20000.0
20000.0
19999.9921875
19685.203125
18024.677734375
16709.4296875
15903.7236328125
15221.9150390625
14623.5595703125
14030.7607421875
13553.4580078125
13148.4375
12823.1572265625
12560.8984375
12317.625
12103.8955078125
11921.05078125
11780.84765625
11676.2041015625
11569.037109375
11454.779296875
11334.7138671875
11217.994140625
11055.7626953125
10900.5283203125
10762.794921875
10636.0791015625
10522.4814453125
10416.4365234375
10318.173828125
10233.611328125
10143.1611328125
10058.1484375
9972.771484375
9892.5419921875
9812.3447265625
9732.234375
9656.390625
9581.978515625
9513.36328125
9445.73828125
9380.6630859375
9323.72265625
9262.58984375
9204.962890625
9146.859375
9091.828125
9036.0478515625
8980.421875
8924.9619140625
8866.65234375
8807.8583984375
8748.0439453125
8690.5458984375
8640.7607421875
8588.9794921875
8541.251953125
8493.8740234375
8449.64453125
8405.33203125
8355.0625
8302.3330078125
8254.076171875
8212.080078125
8169.697265625
8128.626953125
8092.53515625
8053.73095703125
8017.18310546875
7980.4482421875
7945.71142578125
7910.50244140625
7875.73974609375
7842.2509765625
7807.599609375
7773.8974609375
7739.06005859375
7704.529296875
7673.80517578125
7640.4091796875
7608.84423828125
7576.88720703125
7546.6953125
7515.75927734375
7484.9599609375
7455.10498046875
7423.5966796875
7392.66259765625
7360.40771484375
7327.931640625
7298.5439453125
7265.5029296875
7233.52392578125
7200.97900390625
7172.5673828125
7142.708984375
7112.57373046875
7083.70849609375
7046.4921875
7010.03955078125
6974.36376953125
