20000.0
20000.0
20000.0
20000.0
20000.0
20000.0
20000.0
20000.0
20000.0
20000.0
20000.0
20000.0
20000.0
20000.0
20000.0
20000.0
20000.0
20000.0
20000.0
20000.0
20000.0
20000.0
20000.0
20000.0
19999.998046875
20000.0
20000.0
20000.0
19999.75390625
19998.943359375
20000.0
20000.0
20000.0
20000.0
19999.998046875
19999.974609375
19999.99609375
19999.9921875
20000.0
20000.0078125
19999.998046875
20000.0
20000.0
20000.0
20000.0
20000.0
19637.841796875
19169.9765625
18715.376953125
18295.302734375
17880.966796875
17496.63671875
17186.134765625
16872.625
16586.484375
16282.853515625
15998.728515625
15720.5107421875
15441.1650390625
15159.1787109375
14882.091796875
14633.2822265625
14393.8466796875
14047.09765625
13799.060546875
13557.8955078125
13343.728515625
13135.8984375
12944.4951171875
12755.9619140625
12576.7314453125
12412.0029296875
12250.6376953125
12111.982421875
11975.1240234375
11845.7197265625
11734.62109375
11616.830078125
11489.7265625
11354.9033203125
11220.8037109375
11092.681640625
10974.837890625
10875.064453125
10784.716796875
10700.841796875
10618.2763671875
10535.1884765625
10457.87109375
10373.373046875
10294.1484375
10216.6728515625
10144.4306640625
10071.296875
9999.48046875
9930.80859375
9861.6689453125
9796.326171875
9730.189453125
9665.029296875
9606.751953125
9542.7265625
9481.7158203125
9419.5263671875
9360.796875
9302.396484375
9246.1728515625
9192.11328125
9135.447265625
9079.484375
9021.013671875
8961.830078125
8907.66796875
8846.3759765625
8785.6533203125
8721.576171875
8658.8759765625
8592.5068359375
8523.802734375
8454.6884765625
8380.8525390625
8308.4423828125
8233.658203125
