20000.0
20000.0
20000.0
20000.0
20000.0
20000.0
20000.0
20000.0
20000.0
20000.0
20000.0
20000.0
20000.0
20000.0
20000.0
20000.0
20000.0
20000.0
20000.0
20000.0
20000.0
20000.0
20000.0
20000.0
20000.0
20000.0
20000.0
20000.0
20000.0
20000.0
20000.0
20000.0
19999.998046875
19999.763671875
20000.005859375
20000.0
19999.998046875
20000.0
20000.0
20000.0
20000.0
20000.0
20000.0
20000.0
20000.0
20000.0
20000.0
20000.0
20000.0
20000.0
20000.0
20000.0
20000.0
20000.0
20000.0
20000.0
20000.0
20000.0
20000.0
20000.0
20000.0
20000.0
19586.158203125
18998.412109375
18537.982421875
18124.84765625
17776.126953125
17414.77734375
17086.25
16759.359375
16485.4140625
16232.869140625
15993.5029296875
15728.005859375
15403.904296875
15119.9619140625
14870.755859375
14636.7763671875
14436.59765625
14226.84765625
14018.953125
13806.953125
13608.1494140625
13413.7666015625
13237.2763671875
13080.08203125
12926.2177734375
12784.2880859375
12645.5166015625
12516.1884765625
12405.08984375
12287.939453125
12177.7041015625
12065.2841796875
11957.6376953125
11856.603515625
11756.375
11663.955078125
11570.9794921875
11481.2529296875
11387.2919921875
11291.96484375
11205.6767578125
11107.0732421875
11010.4306640625
10910.044921875
10812.5576171875
10710.5185546875
10607.6259765625
10508.0703125
10405.15234375
10306.4150390625
10205.2529296875
10105.779296875
10017.859375
9922.658203125
9831.119140625
9735.66015625
9641.41015625
9542.6728515625
9443.4873046875
9347.9375
9251.3212890625
9158.4755859375
9060.240234375
