20000.0
20000.0
20000.0
20000.0
20000.0
20000.0
20000.0
20000.0
20000.0
20000.0
20000.0
20000.0
20000.0
20000.0
20000.0
20000.0
20000.0
20000.0
20000.0
20000.0
20000.0
20000.0
20000.0
20000.0
20000.0
20000.0
20000.0
20000.0
20000.0
20000.0
20000.0
20000.0
20000.0
20000.0
20000.0
20000.0
20000.0
19997.6875
20000.0
20000.0
19999.99609375
20000.0
19999.998046875
20000.0
20000.0
20000.015625
20000.0
20000.00390625
20000.0
20000.0
20000.0
20000.0
20000.0
20000.0
20000.0
20000.0
20000.0
20000.0
20000.0
20000.0
20000.0
20000.0
19999.998046875
20000.0
20000.0
20000.0
20000.0
19999.6953125
20000.0
19999.998046875
20000.0
19741.95703125
19359.275390625
19055.94140625
18696.654296875
18073.5390625
17505.591796875
17105.150390625
16795.283203125
16460.330078125
16116.8193359375
15746.458984375
15406.4482421875
15091.5966796875
14805.2958984375
14539.4091796875
14288.91015625
14079.1689453125
13893.3583984375
13725.7646484375
13589.634765625
13455.671875
13330.474609375
13207.7900390625
13096.5478515625
12986.32421875
12877.9013671875
12772.7470703125
12666.126953125
12565.7666015625
12464.7822265625
12366.91796875
12279.4404296875
12180.865234375
12087.4462890625
11994.4345703125
11908.1298828125
11822.4912109375
11740.3583984375
11663.7919921875
11587.392578125
11515.822265625
11443.8876953125
11373.6826171875
11310.1572265625
11241.8544921875
11176.947265625
11111.3740234375
11049.1015625
10985.8359375
10923.2666015625
10863.3681640625
10802.298828125
10744.0830078125
10684.7421875
