20000.0
20000.0
20000.0
20000.0
20000.0
20000.0
20000.0
20000.0
20000.0
20000.0
20000.0
20000.0
20000.0
20000.0
20000.0
20000.0
20000.0
20000.0
20000.0
20000.0
20000.0
20000.0
20000.0
19999.943359375
19999.943359375
20000.0
19999.9765625
20000.0
19999.953125
20000.0
20000.0
20000.0
20000.0
20000.0
20000.0
20000.0
19909.271484375
19251.130859375
18568.115234375
17946.154296875
17335.916015625
16772.353515625
16302.8671875
15830.5810546875
15409.4521484375
15026.408203125
14675.517578125
14325.640625
13991.2763671875
13678.2265625
13364.3857421875
13071.0654296875
12778.673828125
12489.2138671875
12241.2109375
11983.2548828125
11711.052734375
11442.232421875
11220.6904296875
11020.142578125
10829.193359375
10652.181640625
10472.638671875
10306.7451171875
10148.142578125
9997.83203125
9858.5029296875
9710.712890625
9578.837890625
9449.9912109375
9330.8212890625
9204.9140625
9057.4267578125
8897.7509765625
8745.18359375
8616.9296875
8501.4853515625
8398.890625
8311.6142578125
8211.8896484375
8113.966796875
8018.3876953125
7925.86328125
7828.30029296875
7731.22607421875
7639.2685546875
7537.7236328125
7444.02978515625
7350.8623046875
7260.603515625
7182.5244140625
7098.64453125
7020.09423828125
6942.3984375
6870.712890625
6800.92431640625
6734.0830078125
6672.12060546875
6610.38232421875
6552.22607421875
6495.27587890625
6440.9375
6390.1064453125
6331.74755859375
6273.431640625
6212.17431640625
6153.9921875
6095.12255859375
6039.7880859375
5990.587890625
5942.83056640625
5899.13037109375
5853.75634765625
5808.17919921875
5766.787109375
5720.78662109375
5675.392578125
5627.43603515625
5581.64892578125
5535.73779296875
5491.4150390625
5450.05126953125
5408.857421875
5370.4326171875
5332.16748046875
