20000.0
20000.0
20000.0
20000.0
20000.0
20000.0
20000.0
20000.0
20000.0
20000.0
20000.0
20000.0
20000.0
20000.0
20000.0
20000.0
20000.0
20000.0
20000.0
20000.0
20000.0
20000.0
19998.447265625
20000.0
19999.365234375
20000.0
20000.0
20000.0
20000.0
20000.0
20000.0
20000.0
19999.953125
20000.0
19355.609375
18686.8828125
18075.509765625
17536.6640625
17028.4453125
16565.05859375
16133.7529296875
15755.6787109375
15434.466796875
15093.84765625
14653.322265625
14257.138671875
13922.9892578125
13604.6435546875
13307.189453125
13037.6162109375
12769.8203125
12533.7783203125
12307.9794921875
12101.658203125
11920.203125
11684.8115234375
11473.9921875
11268.3994140625
11078.8095703125
10894.912109375
10724.3232421875
10571.8994140625
10412.2998046875
10261.4833984375
10118.7861328125
9985.615234375
9870.0625
9742.111328125
9617.9501953125
9492.8916015625
9378.3046875
9266.490234375
9159.056640625
9057.98046875
8954.611328125
8854.5732421875
8750.2939453125
8645.2080078125
8550.6982421875
8445.0751953125
8342.041015625
8234.513671875
8129.80322265625
8021.64697265625
7910.83642578125
7801.61962890625
7692.4443359375
7589.67138671875
7484.31103515625
7378.826171875
7282.68017578125
7174.36962890625
7069.53369140625
6961.9619140625
6859.1884765625
6754.3466796875
6651.0126953125
6551.45263671875
6449.76953125
6353.66943359375
6256.53857421875
6166.798828125
6088.03515625
5997.17041015625
5907.8056640625
5812.9326171875
5721.71630859375
5633.36083984375
5549.98095703125
5472.8212890625
5396.0458984375
5324.005859375
5251.50634765625
5180.81396484375
5117.60546875
5046.71484375
4980.23095703125
4914.6708984375
4854.35595703125
4795.88623046875
4745.080078125
4698.384765625
4652.431640625
4609.6298828125
4566.02783203125
