20000.0
20000.0
20000.0
20000.0
20000.0
20000.0
20000.0
20000.0
20000.0
20000.0
20000.0
20000.0
20000.0
20000.0
20000.0
20000.0
20000.0
20000.0
20000.0
20000.0
20000.0
20000.0
20000.0
20000.0
20000.0
20000.0
19999.8515625
19999.98828125
19999.99609375
20000.0
19999.978515625
20000.0
20000.0
20000.0
20000.0
19999.998046875
19834.208984375
19191.73046875
18584.275390625
18039.380859375
17522.203125
16950.2109375
16453.458984375
16010.5283203125
15624.5478515625
15258.830078125
14936.3994140625
14633.1923828125
14355.10546875
14132.08984375
13920.55078125
13712.8310546875
13440.6689453125
13178.7646484375
12969.83203125
12757.212890625
12563.2275390625
12358.7509765625
12159.1611328125
11952.17578125
11744.453125
11541.7783203125
11340.7998046875
11150.0732421875
10978.3662109375
10820.666015625
10677.392578125
10511.451171875
10347.8466796875
10179.7548828125
10017.486328125
9850.8408203125
9690.2255859375
9540.3994140625
9389.001953125
9244.94140625
9096.056640625
8943.8984375
8804.5048828125
8649.5078125
8494.2119140625
8338.078125
8196.7080078125
8057.34326171875
7926.0
7804.73681640625
7683.96142578125
7570.4541015625
7454.087890625
7339.10302734375
7209.70556640625
7071.166015625
6946.1669921875
6822.474609375
6706.083984375
6589.02587890625
6464.0166015625
6343.765625
6225.099609375
6116.2080078125
6010.15966796875
5910.11279296875
5823.99853515625
5733.177734375
5648.775390625
5563.6767578125
5481.95263671875
5401.775390625
5325.09375
5254.00439453125
5183.53125
5117.728515625
5051.97900390625
4988.2783203125
4932.39013671875
4872.51953125
4816.63037109375
4761.26806640625
4709.8134765625
4661.615234375
4614.74853515625
4570.4248046875
4526.65625
4485.66162109375
4444.74365234375
