20000.0
20000.0
20000.0
20000.0
20000.0
20000.0
20000.0
20000.0
20000.0
20000.0
20000.0
20000.0
20000.0
20000.0
20000.0
20000.0
20000.0
20000.0
20000.0
20000.0
19999.994140625
20000.0
20000.0
20000.0
20000.0
20000.0
19999.998046875
20000.0
20000.0
20000.0
19999.998046875
20000.0
19999.9921875
20000.0
19597.767578125
18803.34765625
18064.5703125
17342.59765625
16516.609375
15901.234375
15322.40234375
14786.859375
14444.3857421875
14067.6923828125
13492.0322265625
13013.81640625
12633.4169921875
12294.083984375
11957.458984375
11649.5634765625
11366.1474609375
11121.55078125
10895.541015625
10686.728515625
10514.6787109375
10327.7021484375
10146.091796875
9961.998046875
9794.2021484375
9634.912109375
9490.431640625
9358.427734375
9217.94140625
9092.115234375
8973.169921875
8860.48046875
8760.5556640625
8654.20703125
8554.8505859375
8455.96484375
8364.0302734375
8272.4541015625
8184.56787109375
8102.669921875
8021.11376953125
7944.91357421875
7868.97119140625
7795.61279296875
7731.08056640625
7661.4296875
7595.76025390625
7529.4931640625
7467.0
7403.818359375
7341.93115234375
7282.24169921875
7222.44970703125
7164.81787109375
7105.4619140625
7046.97705078125
6995.05078125
6938.58740234375
6884.71435546875
6829.52880859375
6776.5341796875
6721.923828125
6667.12548828125
6613.77490234375
6558.4853515625
6504.7177734375
6448.7919921875
6392.751953125
6342.55615234375
6287.96630859375
6235.8173828125
6182.60400390625
6131.6552734375
6078.939453125
6026.7333984375
5977.18359375
5926.6416015625
5878.37890625
5829.5546875
5787.1826171875
5747.31591796875
5701.62451171875
5655.4501953125
5608.1416015625
5563.30712890625
5517.794921875
5472.99462890625
5429.95458984375
5385.9873046875
5343.69140625
5300.26806640625
