20000.0
20000.0
20000.0
20000.0
20000.0
20000.0
20000.0
20000.0
20000.0
20000.0
20000.0
20000.0
20000.0
20000.0
20000.0
20000.0
20000.0
20000.0
20000.0
20000.0
20000.0
20000.0
20000.0
20000.0
20000.0
20000.0
20000.0
19999.8515625
19999.888671875
20000.0
20000.0
20000.0
19999.99609375
20000.0
19999.998046875
20000.0
19999.98828125
20000.009765625
20000.0
20000.00390625
20000.0
20000.0
20000.0
20000.0
20000.0
20000.0
20000.0
20000.0
19793.24609375
19276.22265625
18777.6953125
18324.408203125
17884.39453125
17463.47265625
17103.513671875
16587.091796875
16208.0556640625
15852.5693359375
15545.060546875
15279.7001953125
15033.291015625
14764.05078125
14431.1640625
14165.3525390625
13939.318359375
13753.1025390625
13603.7060546875
13419.994140625
13210.232421875
13002.419921875
12817.0478515625
12651.162109375
12503.517578125
12371.095703125
12241.470703125
12127.859375
12017.302734375
11911.90234375
11820.470703125
11719.9140625
11616.623046875
11512.01171875
11416.6943359375
11327.0068359375
11247.224609375
11174.0732421875
11103.6005859375
11041.1044921875
10980.0830078125
10920.673828125
10864.5146484375
10796.0029296875
10727.4296875
10649.5380859375
10568.5234375
10478.771484375
10384.412109375
10289.26953125
10187.0302734375
10086.2421875
9980.310546875
9871.1240234375
9762.294921875
9638.240234375
9518.6044921875
9397.16796875
9281.6259765625
9162.6259765625
9045.1015625
8933.181640625
8819.3466796875
8711.140625
8602.9677734375
8496.052734375
8401.037109375
8297.5048828125
8198.8427734375
8098.44091796875
8005.71337890625
7922.74658203125
7835.43603515625
7748.220703125
7656.68603515625
7567.70947265625
7476.30908203125
