20000.0
20000.0
20000.0
19999.998046875
20000.0
20000.0
20000.0
20000.0
20000.0
20000.0
20000.0
20000.0
20000.0
20000.0
20000.0
20000.0
20000.0
20000.0
20000.0
20000.0
20000.0
20000.0
20000.0
20000.0
20000.0
20000.0
20000.0
20000.0
20000.0
20000.0
19999.998046875
19999.98828125
20000.0
20000.0
20000.0
20000.0
20000.0
20000.0
20000.0
20000.0
20000.0
20000.0
19999.96484375
19490.998046875
18828.640625
18252.59375
17629.193359375
16988.064453125
16416.55859375
15921.0625
15409.0263671875
14940.2783203125
14496.85546875
14066.142578125
13714.46875
13365.552734375
13078.5400390625
12814.32421875
12577.9892578125
12345.1806640625
12129.373046875
11934.9248046875
11743.98828125
11566.658203125
11388.4521484375
11215.1787109375
11071.2158203125
10916.7548828125
10770.267578125
10621.431640625
10484.2109375
10351.3603515625
10226.8701171875
10113.3662109375
10002.5078125
9900.7236328125
9800.8955078125
9705.9375
9624.17578125
9538.2119140625
9458.890625
9381.478515625
9308.783203125
9240.216796875
9173.978515625
9110.650390625
9046.4189453125
8985.6328125
8924.3056640625
8864.9169921875
8812.6728515625
8756.5087890625
8703.732421875
8650.8115234375
8600.97265625
8551.2841796875
8503.1123046875
8457.9326171875
8412.6689453125
8370.208984375
8327.525390625
8286.154296875
8249.8232421875
8210.0576171875
8172.458984375
8134.5751953125
8098.90869140625
8063.12060546875
8028.2392578125
7995.3193359375
7962.1611328125
7930.9267578125
7899.61328125
7868.98193359375
7841.857421875
7812.47216796875
7784.669921875
7756.55712890625
7729.91162109375
7702.79296875
7676.1767578125
7650.9111328125
7625.4189453125
7601.09033203125
7576.2353515625
