20000.0
20000.0
20000.0
20000.0
20000.0
20000.0
20000.0
20000.0
20000.0
20000.0
20000.0
20000.0
20000.0
20000.0
20000.0
20000.0
20000.0
20000.0
20000.0
19999.88671875
20000.0
19999.955078125
19999.978515625
20000.0
20000.0
20000.0
20000.0
19638.28125
18678.974609375
17819.078125
17097.41015625
16383.1064453125
15758.4814453125
15151.169921875
14434.6748046875
13867.3203125
13372.54296875
12936.634765625
12585.60546875
12305.7734375
11954.4345703125
11582.71484375
11320.71875
11071.423828125
10840.142578125
10601.3896484375
10379.3056640625
10170.7421875
9987.494140625
9821.6845703125
9658.9833984375
9510.421875
9367.7548828125
9238.544921875
9130.0029296875
9018.4423828125
8911.1279296875
8804.1669921875
8706.96875
8612.916015625
8524.919921875
8444.5419921875
8365.8056640625
8293.4638671875
8220.421875
8143.59228515625
8071.55517578125
7988.77783203125
7905.482421875
7816.83203125
7728.994140625
7636.19384765625
7541.08251953125
7445.16650390625
7341.1552734375
7236.4560546875
7120.12939453125
6999.60498046875
6888.375
6763.349609375
6641.74560546875
6516.79443359375
6397.095703125
6272.66748046875
6149.98583984375
6034.3720703125
5918.5654296875
5810.8173828125
5702.7626953125
5597.93896484375
5505.87451171875
5405.42822265625
5310.1953125
5214.4521484375
5133.40673828125
5054.75634765625
4974.45068359375
4895.83935546875
4815.2255859375
4739.1630859375
4663.35498046875
4594.45947265625
4533.51025390625
4468.22412109375
4406.5400390625
4344.77197265625
4286.45166015625
4227.5615234375
4169.80078125
4115.41162109375
4062.282958984375
4011.830078125
3960.4130859375
3909.650390625
3864.76318359375
3816.15673828125
3770.239990234375
3724.003662109375
3680.240966796875
3636.09033203125
3592.97802734375
3552.153076171875
3509.16845703125
3467.09326171875
3424.819580078125
