20000.0
20000.0
20000.0
20000.0
20000.0
20000.0
20000.0
20000.0
20000.0
20000.0
20000.0
20000.0
20000.0
20000.0
20000.0
20000.0
20000.0
20000.0
20000.0
20000.0
20000.0
20000.0
20000.0
20000.0
19999.845703125
19999.908203125
19999.947265625
20000.0
20000.0
20000.0
19999.99609375
20000.0
19999.904296875
20000.0
20000.0
20000.0
19420.328125
18842.244140625
18338.3984375
17847.451171875
17405.904296875
16983.44921875
16590.29296875
16257.359375
15912.8876953125
15598.943359375
15287.7724609375
14996.2958984375
14705.345703125
14357.7314453125
14037.5458984375
13755.626953125
13506.541015625
13265.4365234375
13037.845703125
12842.35546875
12638.0458984375
12451.0576171875
12260.5458984375
12090.9873046875
11922.845703125
11768.619140625
11625.83203125
11485.138671875
11330.369140625
11117.6533203125
10929.92578125
10788.0791015625
10655.2900390625
10542.083984375
10437.90234375
10345.490234375
10252.8017578125
10158.07421875
10065.5078125
9972.177734375
9886.2763671875
9803.02734375
9717.966796875
9635.6181640625
9540.9111328125
9450.91015625
9359.830078125
9271.513671875
9179.896484375
9090.19921875
9007.4140625
8926.90625
8857.572265625
8789.82421875
8721.2607421875
8659.4150390625
8586.9619140625
8515.5888671875
8443.419921875
8376.326171875
8309.869140625
8245.7939453125
8185.7607421875
8124.98876953125
8066.8193359375
8006.69677734375
7946.61767578125
7892.64794921875
7834.091796875
7778.88525390625
7723.0322265625
7669.89697265625
7615.47509765625
7561.36474609375
7509.2529296875
7455.60546875
7403.9521484375
7350.830078125
7298.0966796875
7250.77685546875
7198.275390625
7145.26611328125
7088.63916015625
7033.68212890625
6976.86669921875
6919.6494140625
6863.61962890625
6805.404296875
6748.82763671875
6690.13330078125
