20000.0
20000.0
20000.0
20000.0
20000.0
20000.0
20000.0
20000.0
20000.0
20000.0
20000.0
20000.0
20000.0
20000.0
20000.0
20000.0
20000.0
20000.0
20000.0
20000.0
20000.0
20000.0
20000.0
20000.0
20000.0
19996.267578125
20000.0
19999.390625
19999.94140625
20000.0
20000.0
20000.0
19999.998046875
20000.0
20000.0
20000.0
20000.0
20000.0
19999.998046875
20000.0
20000.0
20000.0
20000.0
20000.0
20000.0
20000.0
20000.0
20000.0
19999.998046875
20000.0
20000.0
20000.0
20000.0
19999.955078125
19999.89453125
19999.9921875
19999.947265625
20000.0
20000.0
20000.0
20000.0
19872.138671875
19190.640625
18489.689453125
17833.376953125
17271.36328125
16666.509765625
16094.8759765625
15519.4150390625
14979.017578125
14436.677734375
13918.0185546875
13434.6572265625
12956.89453125
12563.123046875
12155.83984375
11738.7021484375
11370.9111328125
10980.87109375
10618.24609375
10264.736328125
9929.5986328125
9569.36328125
9219.357421875
8902.013671875
8592.4228515625
8318.7607421875
8062.3974609375
7820.28369140625
7616.9677734375
7408.07275390625
7221.375
7044.28515625
6891.69970703125
6740.826171875
6599.037109375
6470.1171875
6340.55712890625
6206.611328125
6078.39794921875
5962.1220703125
5866.42626953125
5772.00048828125
5687.95947265625
5606.9560546875
5535.48388671875
5466.076171875
5400.51806640625
5340.87548828125
5282.91455078125
5229.80712890625
5177.85791015625
5128.697265625
5086.4345703125
5042.19140625
5001.640625
4962.26220703125
4926.14501953125
4890.62060546875
4856.6748046875
4825.25439453125
4794.2158203125
4764.833984375
4735.5185546875
