20000.0
20000.0
20000.0
20000.0
20000.0
20000.0
20000.0
20000.0
20000.0
20000.0
20000.0
20000.0
20000.0
20000.0
20000.0
20000.0
20000.0
20000.0
20000.0
20000.0
20000.0
20000.0
20000.0
19999.873046875
20000.0
20000.0
19999.9921875
20000.0
20000.0
20000.0
20000.0
19999.998046875
19999.998046875
19999.998046875
20000.0
20000.0
20000.0
20000.0
20000.0
19267.306640625
18557.20703125
17871.08984375
17256.296875
16786.998046875
16198.1669921875
15626.3720703125
15152.8408203125
14755.078125
14356.2958984375
13984.7890625
13676.6884765625
13383.3642578125
13118.3369140625
12880.23046875
12665.7451171875
12484.7451171875
12294.2890625
12115.587890625
11947.1650390625
11791.783203125
11637.48046875
11477.1708984375
11315.93359375
11141.390625
10965.783203125
10778.3837890625
10588.580078125
10416.4130859375
10208.84765625
9998.244140625
9785.2392578125
9584.8349609375
9383.361328125
9185.8486328125
9000.427734375
8820.3896484375
8656.4482421875
8471.8544921875
8287.4638671875
8121.64697265625
7941.81103515625
7773.7294921875
7605.05419921875
7446.49169921875
7287.31787109375
7132.5966796875
6985.63232421875
6826.09130859375
6676.3837890625
6527.54248046875
6380.08740234375
6249.48974609375
6109.267578125
5985.857421875
5864.77734375
5752.31103515625
5640.75634765625
5533.2587890625
5432.58642578125
5331.35107421875
5238.04345703125
5149.7080078125
5066.80712890625
4999.232421875
4926.9970703125
4860.3056640625
4795.89697265625
4737.00927734375
4679.3408203125
4624.47998046875
4573.36279296875
4521.96826171875
4473.44384765625
4424.24462890625
4376.9267578125
4335.78271484375
4291.90478515625
4250.3154296875
4200.9169921875
4154.62744140625
4112.001953125
4072.742919921875
4037.33056640625
4003.091552734375
3971.874755859375
3941.412841796875
