20000.0
20000.0
20000.0
20000.0
20000.0
20000.0
20000.0
20000.0
20000.0
20000.0
20000.0
20000.0
20000.0
20000.0
20000.0
20000.0
20000.0
20000.0
20000.0
20000.0
20000.0
20000.0
20000.0
20000.0
20000.0
20000.0
20000.0
20000.0
19394.876953125
18788.373046875
18179.025390625
17580.078125
16965.22265625
16418.6875
15908.25390625
15440.544921875
15024.923828125
14524.5908203125
14119.84375
13760.1884765625
13422.693359375
13149.5810546875
12880.736328125
12624.2958984375
12333.888671875
12082.119140625
11857.9404296875
11660.91015625
11493.5341796875
11330.65625
11139.8193359375
10958.7734375
10796.8251953125
10649.8369140625
10500.587890625
10372.9814453125
10251.6640625
10138.4453125
10023.7724609375
9915.0009765625
9816.650390625
9714.96875
9615.0166015625
9511.828125
9411.8916015625
9324.39453125
9231.9375
9145.8818359375
9059.7158203125
8979.9697265625
8900.5478515625
8821.0283203125
8743.208984375
8662.2763671875
8582.8984375
8502.166015625
8424.3232421875
8356.580078125
8281.806640625
8211.2890625
8141.62646484375
8072.98388671875
8001.732421875
7931.57958984375
7863.8662109375
7794.87646484375
7728.3955078125
7659.5595703125
7590.09375
7526.78125
7457.24755859375
7390.68115234375
7322.16796875
7253.51953125
7180.9599609375
7107.9033203125
7037.21533203125
6963.05810546875
6894.123046875
6822.60546875
6749.14892578125
6683.9306640625
6614.11181640625
6548.63720703125
6482.6220703125
6419.685546875
6354.9150390625
6290.30615234375
6228.13720703125
6166.0087890625
6109.59423828125
6052.4482421875
5995.90625
5945.41357421875
5890.63525390625
5838.6240234375
5785.90087890625
5735.8642578125
5685.09912109375
5635.60400390625
5589.11865234375
5541.8662109375
5497.5048828125
5452.6171875
