20000.0
20000.0
20000.0
20000.00390625
20000.0
20000.0
20000.0
20000.0
20000.0
20000.0
20000.0
20000.0
20000.0
20000.0
20000.0
20000.0
19999.998046875
20000.0
20000.0
20000.0
20000.0
20000.0
20000.0
19475.8203125
18421.453125
17542.345703125
16805.5390625
16218.8046875
15709.8740234375
15258.568359375
14875.111328125
14484.9990234375
14139.1953125
13807.28125
13522.90625
13273.1142578125
13035.646484375
12804.3544921875
12576.91796875
12348.2451171875
12124.767578125
11917.8974609375
11742.5859375
11560.5126953125
11394.181640625
11229.3916015625
11075.404296875
10923.044921875
10777.5322265625
10637.361328125
10503.3349609375
10380.92578125
10262.041015625
10149.9951171875
10053.810546875
9960.6181640625
9879.5361328125
9800.599609375
9726.3857421875
9651.0390625
9578.607421875
9510.2939453125
9442.2255859375
9379.546875
9317.98828125
9259.2138671875
9208.06640625
9152.92578125
9101.53515625
9049.23046875
8999.6142578125
8949.0478515625
8899.7685546875
8854.033203125
8808.572265625
8765.1259765625
8725.1484375
8687.2919921875
8646.8427734375
8601.0986328125
8558.5537109375
8515.525390625
8475.2900390625
8436.9580078125
8399.576171875
8358.3447265625
8313.7138671875
8262.328125
8207.0126953125
8154.34912109375
8112.6953125
8067.5986328125
8021.4794921875
7971.18701171875
7912.2001953125
7843.74267578125
7780.55029296875
7723.18359375
7666.68701171875
7607.97216796875
7545.44091796875
7486.0615234375
7433.68017578125
7375.14453125
7317.59228515625
7258.599609375
7201.669921875
7142.9951171875
7085.1640625
7030.91796875
6968.8701171875
6907.31640625
6844.44384765625
6783.7080078125
6730.4267578125
6673.6318359375
6620.77734375
6568.12744140625
6517.3974609375
6464.33984375
6410.607421875
6358.31005859375
6304.251953125
6251.37890625
6198.0009765625
