20000.0
20000.0
20000.0
20000.0
20000.0
20000.0
20000.0
20000.0
20000.0
20000.0
20000.0
20000.0
20000.0
20000.0
20000.0
20000.0
20000.0
20000.0
20000.0
20000.0
20000.0
20000.0
20000.0
19999.955078125
20000.0
20000.0
19999.96875
19999.998046875
20000.0
20000.0
19999.994140625
20000.0
20000.001953125
20000.0
20000.0
20000.0
20000.0
20000.0
20000.0
20000.0
20000.0
20000.0
19999.96875
20000.0
20000.0
20000.0
20000.0
19692.275390625
18736.486328125
17926.27734375
17281.56640625
16730.859375
16254.0986328125
15839.1455078125
15405.5595703125
15013.2392578125
14627.119140625
14275.943359375
13933.498046875
13609.9501953125
13313.107421875
13019.234375
12740.912109375
12460.0498046875
12188.6923828125
11950.369140625
11692.34375
11446.583984375
11198.208984375
10963.6962890625
10727.3447265625
10520.4697265625
10321.72265625
10116.12109375
9918.912109375
9719.5947265625
9524.3017578125
9352.19921875
9166.4921875
8991.8125
8813.9208984375
8647.0498046875
8477.431640625
8311.9814453125
8157.69580078125
8003.20654296875
7858.2421875
7712.1455078125
7570.8154296875
7447.50146484375
7309.40576171875
7176.66650390625
7044.3271484375
6921.01806640625
6798.2333984375
6679.1103515625
6567.99072265625
6457.8291015625
6354.7412109375
6252.00341796875
6153.09814453125
6066.56884765625
5975.04541015625
5890.6728515625
5809.6181640625
5738.12646484375
5668.0595703125
5600.3388671875
5539.81396484375
5480.49755859375
5426.20166015625
5372.5390625
5322.1708984375
5278.34765625
5231.5771484375
5188.13623046875
5145.05126953125
5106.57421875
5067.1982421875
5026.3720703125
4987.85986328125
4949.78271484375
4914.56494140625
4876.35693359375
