20000.0
20000.0
20000.0
19999.998046875
20000.0
20000.0
20000.0
20000.0
20000.0
20000.0
20000.0
20000.0
20000.0
20000.0
20000.0
20000.0
20000.0
20000.0
20000.0
20000.0
20000.0
20000.0
20000.0
20000.0
20000.0
20000.0
20000.0
20000.0
20000.0
20000.0
20000.0
20000.0
19999.9921875
20000.0
20000.0
19999.99609375
20000.0
20000.0
20000.0
20000.0
20000.0
20000.0
20000.0
20000.0
19999.998046875
19999.998046875
20000.0
20000.0
20000.0
20000.0
20000.0
19999.9921875
20000.0
20000.0
20000.0
20000.0
20000.0
20000.0
20000.0
19412.50390625
18364.525390625
17498.423828125
16770.046875
16154.8037109375
15613.634765625
15132.5517578125
14628.7890625
14247.7900390625
13881.4873046875
13495.6826171875
13131.650390625
12823.470703125
12532.6298828125
12253.044921875
11984.3798828125
11711.0146484375
11460.806640625
11213.5771484375
10979.51953125
10777.9765625
10565.8525390625
10369.953125
10172.9814453125
9974.0966796875
9766.4775390625
9562.296875
9364.0341796875
9155.2333984375
8935.076171875
8710.794921875
8506.18359375
8341.173828125
8182.99267578125
8038.32470703125
7898.4990234375
7768.791015625
7633.54345703125
7503.904296875
7356.8798828125
7150.1142578125
6961.29736328125
6784.6083984375
6624.69384765625
6492.57373046875
6356.28564453125
6233.67626953125
6115.3525390625
6007.47314453125
5901.92333984375
5801.1005859375
5706.978515625
5613.9208984375
5526.84716796875
5439.89111328125
5354.06591796875
5278.35888671875
5197.44189453125
5122.7841796875
5051.0712890625
4981.61474609375
4912.173828125
4845.53955078125
4783.1328125
4720.74609375
4662.30908203125
4603.9052734375
