20000.0
20000.0
20000.0
20000.0
20000.0
20000.0
20000.0
20000.0
20000.0
20000.0
20000.0
20000.0
20000.0
20000.0
20000.0
20000.0
20000.0
20000.0
20000.0
20000.0
20000.0
20000.0
20000.0
19999.27734375
19999.830078125
20000.0
19999.9609375
20000.0
20000.0
20000.0
20000.0
20000.0
20000.0
20000.0
20000.0
19999.9921875
20000.0
20000.0
20000.0
19999.998046875
19358.0625
18810.908203125
18070.400390625
17447.8125
16919.232421875
16461.775390625
16028.181640625
15628.50390625
15308.818359375
15000.130859375
14682.4716796875
14293.5126953125
13930.1279296875
13630.0595703125
13354.1513671875
13107.015625
12840.3388671875
12606.0068359375
12399.3203125
12202.3232421875
12013.099609375
11823.9345703125
11649.681640625
11487.5380859375
11338.279296875
11212.3369140625
11076.166015625
10941.7734375
10794.08984375
10657.1025390625
10520.30859375
10386.556640625
10256.8095703125
10122.865234375
9993.1806640625
9856.09765625
9718.9384765625
9594.095703125
9450.6025390625
9306.94921875
9155.478515625
9012.8525390625
8869.7021484375
8725.55859375
8586.8388671875
8445.5576171875
8313.080078125
8183.0341796875
8062.0
7959.58251953125
7839.45849609375
7732.47265625
7618.90283203125
7505.82373046875
7389.0849609375
7274.67236328125
7165.177734375
7056.70068359375
6955.0546875
6852.12255859375
6749.88720703125
6656.478515625
6555.61083984375
6460.93701171875
6365.62890625
6275.59814453125
6184.625
6096.080078125
6012.7197265625
5930.4814453125
5852.57763671875
5773.1220703125
5694.26171875
5623.83349609375
5546.9619140625
5474.13818359375
5400.69775390625
5331.7236328125
5262.310546875
5194.59130859375
5130.54248046875
5065.36669921875
5003.71923828125
4941.150390625
