20000.0
20000.0
20000.0
20000.0
20000.0
20000.0
20000.0
20000.0
20000.0
20000.0
20000.0
20000.0
20000.0
20000.0
20000.0
20000.0
20000.0
20000.0
20000.0
20000.0
20000.0
20000.0
20000.0
20000.0
20000.0
20000.0
20000.0
20000.0
20000.0
20000.0
20000.0
20000.0
20000.0
19999.96875
20000.0
20000.0
19999.998046875
20000.0
20000.0
20000.0
19999.99609375
19999.998046875
20000.0
20000.0
20000.0
20000.0
20000.0
20000.0
20000.0
20000.0
19999.994140625
19999.951171875
20000.0
20000.0
20000.0
20000.0
20000.0
20000.0
19999.998046875
20000.0
19999.998046875
19999.998046875
19999.998046875
19322.783203125
18416.45703125
17556.177734375
16705.505859375
16002.9365234375
15406.91796875
14849.0107421875
14372.720703125
13877.740234375
13386.8349609375
12921.98828125
12448.859375
12007.5341796875
11575.95703125
11159.728515625
10795.5009765625
10411.83984375
10084.1650390625
9787.10546875
9524.1533203125
9270.533203125
9032.2255859375
8821.765625
8618.5078125
8427.8564453125
8229.236328125
8038.802734375
7853.34423828125
7614.3916015625
7389.7978515625
7166.90625
6964.90283203125
6767.36083984375
6580.06982421875
6408.44677734375
6241.49169921875
6088.10498046875
5939.4716796875
5799.65087890625
5679.17919921875
5551.44482421875
5440.42333984375
5330.69921875
5229.51220703125
5128.14794921875
5029.97900390625
4937.9326171875
4845.89404296875
4759.98193359375
4674.7353515625
4593.3916015625
4522.91259765625
4448.20361328125
4379.08203125
4309.095703125
4243.95654296875
4179.69677734375
4118.26171875
4061.180908203125
4004.451416015625
3951.456298828125
3898.927001953125
