20000.0
20000.0
20000.0
19999.998046875
20000.0
20000.0
20000.0
20000.0
20000.0
20000.0
20000.0
20000.0
20000.0
20000.0
20000.0
20000.0
20000.0
20000.0
20000.0
20000.0
20000.0
20000.0
19999.998046875
20000.0
20000.0
20000.0
20000.0
20000.0
20000.0
20000.0
20000.0
20000.0
20000.0
20000.0
20000.0
20000.0
19999.99609375
19325.091796875
18218.095703125
17298.359375
16443.734375
15668.287109375
15005.3857421875
14289.044921875
13614.3837890625
13092.5478515625
12640.4248046875
12201.3984375
11803.810546875
11433.41796875
11046.4453125
10679.2783203125
10337.5302734375
10008.2724609375
9733.1474609375
9443.662109375
9161.0595703125
8886.4423828125
8645.83203125
8414.81640625
8197.5322265625
7999.85107421875
7801.03125
7628.22119140625
7454.36474609375
7283.11181640625
7130.8564453125
6965.298828125
6808.0185546875
6640.71337890625
6481.4873046875
6329.9580078125
6182.18115234375
6043.00732421875
5903.43408203125
5771.08642578125
5636.6552734375
5503.95947265625
5385.30322265625
5261.10693359375
5145.234375
5028.30322265625
4922.75732421875
4818.84619140625
4719.92578125
4628.8671875
4538.9716796875
4455.2734375
4373.09716796875
4296.826171875
4235.94970703125
4172.46630859375
4113.62646484375
4055.817138671875
4002.386962890625
3948.972412109375
3896.939453125
3847.64501953125
3798.613525390625
3749.272705078125
3699.723876953125
3652.9208984375
3612.98974609375
3571.428466796875
3533.277099609375
3495.901123046875
3461.539794921875
3427.6533203125
3395.271484375
3365.310791015625
3336.981201171875
3311.428955078125
3286.15771484375
3261.724609375
3240.269287109375
3217.39453125
3195.845458984375
3174.104248046875
3153.594482421875
3133.033203125
3113.077880859375
3094.3369140625
3075.58203125
3057.93603515625
3040.311767578125
