20000.0
20000.0
20000.0
20000.0
20000.0
20000.0
20000.0
20000.0
20000.0
20000.0
20000.0
20000.0
20000.0
20000.0
20000.0
20000.0
20000.0
20000.0
20000.0
20000.0
20000.0
20000.0
20000.0
20000.005859375
20000.00390625
19999.775390625
20000.0
20000.0
20000.0
20000.0
20000.0
20000.01171875
20000.0
20000.0
20000.0
19999.990234375
20000.0
20000.0
20000.0
20000.0
19999.99609375
20000.0
20000.0
20000.0
20000.0
20000.0
20000.0
19999.998046875
19590.7421875
18752.5546875
17873.93359375
17138.232421875
16527.341796875
16013.8974609375
15613.4765625
15220.1123046875
14874.794921875
14553.03125
14271.4404296875
14003.5908203125
13747.880859375
13497.2626953125
13246.81640625
13013.6015625
12780.3515625
12552.9951171875
12352.4873046875
12131.2548828125
11914.7900390625
11687.7197265625
11462.8544921875
11226.984375
10994.37890625
10773.3330078125
10548.5185546875
10333.3310546875
10115.4580078125
9929.47265625
9758.515625
9565.0087890625
9378.5556640625
9187.5556640625
9007.330078125
8827.2275390625
8649.2880859375
8476.111328125
8304.2724609375
8147.0224609375
7990.13134765625
7835.3486328125
7697.4638671875
7548.79248046875
7403.01953125
7248.1142578125
7102.40185546875
6957.36376953125
6816.4501953125
6687.2060546875
6562.84326171875
6445.14453125
6324.7490234375
6208.40771484375
6106.78515625
6000.2958984375
5905.33837890625
5815.298828125
5735.4443359375
5657.64697265625
5584.0322265625
5516.06982421875
5448.52197265625
5385.724609375
5307.0439453125
5229.9638671875
5165.0908203125
5102.93603515625
5045.7607421875
4990.07861328125
4939.89599609375
4891.87841796875
4846.93994140625
4807.50830078125
4769.69189453125
4734.24267578125
4698.16796875
