20000.0
20000.0
20000.0
20000.0
20000.0
20000.0
20000.0
20000.0
20000.0
20000.0
20000.0
20000.0
20000.0
20000.0
20000.0
20000.0
20000.0
20000.0
20000.0
20000.0
20000.0
20000.0
20000.0
20000.0
20000.001953125
19999.8984375
20000.0
19999.853515625
20000.0
20000.0
20000.0
20000.0
20000.0
19999.99609375
20000.0
20000.001953125
19593.126953125
19112.953125
18641.263671875
18204.439453125
17772.017578125
17355.22265625
16976.359375
16557.521484375
16158.365234375
15750.623046875
15360.2939453125
14961.71875
14575.546875
14216.6015625
13858.2861328125
13511.951171875
13160.080078125
12829.7060546875
12543.5869140625
12242.009765625
11950.8095703125
11654.2041015625
11377.70703125
11107.078125
10866.9716796875
10678.658203125
10489.0068359375
10314.2900390625
10141.5263671875
9975.0615234375
9829.3125
9673.138671875
9526.1337890625
9377.8720703125
9226.43359375
9045.4091796875
8885.603515625
8736.513671875
8586.033203125
8444.7041015625
8304.08203125
8169.52392578125
8052.53857421875
7928.14306640625
7811.09716796875
7697.84814453125
7602.9560546875
7514.890625
7429.62109375
7337.4560546875
7243.25
7151.63916015625
7049.29638671875
6947.953125
6860.94775390625
6757.6826171875
6661.60400390625
6566.1435546875
6478.60791015625
6393.9306640625
6313.4462890625
6237.00927734375
6161.2451171875
6090.70166015625
6021.16015625
5955.75
5898.205078125
5833.234375
5769.69482421875
5704.29638671875
5642.69091796875
5580.08935546875
5518.24951171875
5459.0146484375
5399.59619140625
5344.0146484375
5287.26611328125
5230.68408203125
5179.81103515625
5123.75634765625
5069.89111328125
5014.02490234375
4961.00048828125
4907.48193359375
4854.3095703125
4802.99169921875
4749.8798828125
4698.7080078125
4642.2822265625
