20000.0
20000.0
20000.0
20000.0
20000.0
20000.0
20000.0
20000.0
20000.0
20000.0
20000.0
20000.0
20000.0
20000.0
20000.0
20000.0
20000.0
20000.0
20000.0
19999.72265625
19999.9921875
19999.97265625
20000.0
20000.0
20000.0
20000.0
20000.0
20000.0
20000.0
20000.0
19999.99609375
20000.0
20000.0
20000.0
20000.0
20000.0
19999.998046875
20000.0
20000.0
20000.0
20000.0
19999.998046875
20000.0
20000.0
20000.0
20000.0
19906.876953125
18799.4921875
17823.56640625
16963.17578125
16265.265625
15653.34765625
15122.689453125
14664.6640625
14166.759765625
13665.474609375
13159.6865234375
12706.111328125
12239.4580078125
11812.2861328125
11429.03515625
11064.638671875
10731.232421875
10407.9345703125
10103.7099609375
9850.8515625
9578.4267578125
9325.615234375
9082.3203125
8865.404296875
8658.388671875
8463.076171875
8280.7470703125
8100.3447265625
7924.7607421875
7746.60400390625
7572.22412109375
7423.369140625
7254.16552734375
7098.220703125
6951.4921875
6819.02490234375
6691.35498046875
6572.68408203125
6465.744140625
6362.9716796875
6269.42333984375
6178.138671875
6091.63134765625
6017.3271484375
5939.896484375
5869.41015625
5800.77392578125
5737.99169921875
5676.5439453125
5618.212890625
5564.79931640625
5512.310546875
5463.77734375
5415.85400390625
5370.10595703125
5330.4091796875
5290.29443359375
5253.3388671875
5216.455078125
5181.9423828125
5147.52685546875
5114.2197265625
5082.93359375
5051.51953125
5021.96630859375
4992.24365234375
4963.01025390625
4936.87939453125
4908.9580078125
4882.9794921875
4855.9267578125
4829.828125
4802.97802734375
4776.25439453125
4750.55810546875
4724.31005859375
4699.44482421875
4673.509765625
