20000.0
20000.0
20000.0
19999.998046875
19999.998046875
20000.0
20000.0
20000.0
20000.0
20000.0
20000.0
20000.0
20000.0
20000.0
20000.0
20000.0
20000.0
20000.0
19999.998046875
20000.0
20000.0
19999.240234375
20000.0
20000.0
20000.0
20000.0
19394.7109375
18564.990234375
17855.041015625
17285.583984375
16713.443359375
16205.9453125
15748.9873046875
15340.837890625
14934.77734375
14556.6328125
14210.392578125
13871.76953125
13563.10546875
13262.123046875
12987.32421875
12763.3388671875
12537.134765625
12326.7236328125
12122.5791015625
11939.0400390625
11761.056640625
11585.732421875
11424.4677734375
11265.1611328125
11118.078125
10973.8681640625
10832.9609375
10704.90234375
10541.9765625
10418.8876953125
10310.2451171875
10213.4580078125
10118.6015625
10027.0029296875
9941.232421875
9856.4697265625
9775.8046875
9698.916015625
9629.4189453125
9575.3095703125
9514.625
9454.31640625
9389.8955078125
9327.9912109375
9266.8466796875
9197.6982421875
9116.60546875
9020.9052734375
8919.5869140625
8808.830078125
8702.6962890625
8611.662109375
8511.4912109375
8401.267578125
8286.1328125
8173.1220703125
8055.3154296875
7938.3330078125
7824.29150390625
7706.57470703125
7595.3603515625
7483.916015625
7376.87744140625
7283.8466796875
7183.6220703125
7081.8876953125
6972.62890625
6870.0712890625
6768.94091796875
6672.64990234375
6584.341796875
6497.06201171875
6415.86181640625
6334.87109375
6255.9208984375
6193.212890625
6123.33935546875
6053.67529296875
5980.23046875
5909.501953125
5837.91455078125
5767.95654296875
5701.95068359375
5635.18701171875
5570.0703125
5502.16064453125
5434.11181640625
5372.75634765625
5305.32666015625
5241.2705078125
5175.2216796875
5111.86181640625
5047.767578125
4985.33984375
4926.46875
4866.92236328125
4804.93701171875
4740.15771484375
