25400.0
25400.0
25400.0
25221.0859375
25158.302734375
25158.302734375
25158.302734375
25158.302734375
25158.302734375
25158.302734375
25158.302734375
25158.302734375
25158.302734375
25158.302734375
25158.302734375
25158.302734375
25158.302734375
25158.302734375
25158.302734375
25158.302734375
25158.302734375
25158.302734375
34006.72265625
50935.7578125
68170.3671875
83381.890625
95848.8359375
106745.4453125
116076.0234375
123906.71875
130554.3515625
135167.234375
138802.640625
141580.484375
138987.796875
136372.3125
133681.765625
130996.0390625
128546.890625
126256.5546875
124298.6484375
122454.15625
120692.6171875
119190.28125
117530.5625
115954.390625
114502.3046875
113219.703125
112002.578125
110784.203125
109656.953125
108621.8203125
107852.0078125
107306.5546875
106609.2265625
105904.515625
105269.8828125
104741.421875
104361.296875
104288.6015625
104263.015625
104094.2734375
103803.421875
103483.5859375
103214.40625
103057.3125
102966.2109375
102933.0703125
102929.40625
102948.2734375
103038.734375
103215.0390625
103460.1015625
103725.390625
104033.03125
104361.421875
104651.953125
104916.6640625
105085.0625
105237.8671875
105404.8046875
105544.953125
105660.4140625
105772.40625
105923.171875
106116.1328125
106336.0859375
106578.796875
106798.2109375
106974.546875
107091.140625
107164.4921875
107356.5234375
107557.8515625
107748.6875
107918.140625
108094.828125
108275.2890625
108450.3046875
108624.125
108792.6953125
109012.5625
109223.8828125
109395.796875
109572.0390625
109734.9296875
109895.3125
110041.0703125
110064.1875
110115.109375
110196.4609375
110304.4296875
110402.2734375
110491.5859375
110569.921875
110631.90625
110694.609375
110758.4609375
110809.2421875
110846.5390625
110874.09375
110893.4609375
110904.421875
110948.5703125
110971.5546875
110985.1640625
