25400.0
25397.15234375
24468.73828125
24092.408203125
23422.734375
22929.32421875
22530.244140625
22469.611328125
22484.490234375
22550.482421875
23042.5078125
24275.908203125
24747.9296875
24858.587890625
24893.98828125
24920.828125
24948.5078125
24974.4140625
24998.453125
25017.107421875
25059.162109375
25096.087890625
25368.2578125
26825.03125
31450.626953125
40252.28125
51088.23046875
59676.828125
65367.21875
69965.828125
74349.65625
78535.09375
81666.9453125
84689.7734375
87849.28125
90902.328125
92588.515625
93163.515625
93787.203125
94435.984375
95106.671875
95877.3203125
96654.4453125
97311.8984375
97805.390625
98304.703125
98857.0625
99537.4296875
100234.9765625
100902.3984375
101564.703125
102329.421875
103212.03125
103906.9609375
104549.109375
105067.3828125
105383.8828125
105632.953125
105793.2890625
105855.078125
105930.6015625
105971.328125
106135.2421875
106283.1953125
106379.7265625
106468.484375
106521.1171875
106523.3515625
106487.109375
106583.765625
106929.984375
107146.7265625
107276.6640625
107358.734375
107439.265625
107511.1796875
107542.2421875
107507.453125
107419.953125
107335.6484375
107242.421875
107135.171875
107079.359375
106980.1953125
106863.6875
106782.546875
106692.5234375
106579.8515625
106437.1875
106281.71875
106118.1640625
105936.2578125
105750.203125
105524.609375
105293.7421875
105121.15625
105095.078125
105143.9140625
105180.53125
105187.8046875
105197.28125
105296.6015625
105341.25
105291.2890625
105215.65625
105096.5859375
104973.578125
104857.6015625
104740.90625
104610.171875
104477.9453125
104350.1953125
104325.46875
104301.8515625
104190.765625
104083.546875
103937.4375
103747.7578125
103590.296875
103456.046875
103348.546875
103263.03125
103210.1640625
103196.421875
103220.8203125
103308.7734375
103442.0703125
