25400.0
25400.0
25400.0
25147.12109375
25147.12109375
25147.12109375
25147.12109375
25147.12109375
25147.12109375
25147.12109375
25147.12109375
25147.12109375
25147.12109375
25147.12109375
25840.408203125
45517.36328125
67975.1796875
86507.3984375
96645.3984375
104361.3046875
111200.3828125
111424.15625
111193.4609375
110683.2265625
109870.4921875
109122.5703125
108393.0390625
107583.171875
106847.65625
106229.46875
105569.7109375
104948.3359375
104379.859375
103926.8828125
103623.1015625
103377.265625
103193.828125
103000.75
102812.0703125
102652.21875
102623.0625
102622.6171875
102734.9921875
103274.2265625
103765.1328125
104183.125
104536.453125
104820.265625
105150.1796875
105315.7109375
105426.5859375
105535.7421875
105602.703125
105611.5078125
105654.359375
105688.6953125
105718.609375
105695.96875
105701.125
105727.1640625
105765.9296875
105803.9140625
106088.90625
106291.796875
106294.0859375
106181.7265625
106066.609375
106065.9375
106134.421875
106184.0078125
106219.2265625
106256.5859375
106287.6640625
106339.5078125
106417.5234375
106524.1640625
106643.96875
106756.078125
106882.3359375
107006.2890625
107136.5546875
107180.828125
107208.9765625
107231.9921875
107247.6875
107258.3359375
107265.59375
107268.109375
107252.8671875
107234.46875
107276.4296875
107309.7265625
107382.8359375
107566.9375
107730.9140625
107855.3203125
108013.703125
108238.7890625
108482.671875
108687.828125
108855.9609375
108979.8984375
109088.0390625
109170.65625
109187.0390625
109198.046875
109209.265625
109215.7734375
109213.984375
109204.1953125
109186.7109375
109148.8046875
109086.5
109007.15625
108894.2421875
108819.3359375
108792.1875
108766.9765625
108729.5390625
108675.53125
108603.5234375
108505.171875
108354.2734375
108212.0234375
