25400.0
25400.0
25400.0
25400.0
25400.0
25400.0
25400.0
25400.0
25400.0
25400.0
25400.0
25400.0
25400.0
25400.0
25400.0
25400.0
25400.0
25400.0
25400.0
25400.0
25400.0
25400.0
25400.0
25400.0
25400.0
29249.328125
47932.49609375
64856.9921875
79390.296875
90038.734375
98703.1171875
107120.671875
114336.6875
120752.53125
125817.9765625
129796.8671875
133002.171875
135525.6875
137486.140625
139126.84375
140554.09375
141757.109375
142697.046875
143644.734375
144385.9375
145030.8125
145560.765625
145879.015625
148850.171875
145314.21875
140703.828125
136869.265625
133223.90625
130739.984375
128583.171875
126320.390625
124426.0546875
122838.109375
121504.828125
120362.8203125
119412.8125
118726.828125
118118.296875
117617.5234375
117184.0703125
116803.515625
116494.28125
116186.140625
115964.4765625
115876.84375
115987.3984375
116031.078125
116067.6796875
116093.703125
116109.0
116108.09375
116072.8671875
115949.578125
115845.0546875
115732.1328125
115603.421875
115413.625
115191.65625
114937.640625
114669.3359375
114402.40625
114122.3046875
113850.46875
113595.65625
113343.2578125
113118.78125
112873.7890625
112645.71875
112419.6640625
112208.5859375
111991.375
111773.8046875
111572.4453125
111380.6640625
111225.296875
111110.2421875
111035.84375
111004.6875
110989.7734375
110978.4609375
110959.046875
110893.75
110771.375
110605.6875
110419.703125
110224.0859375
110071.28125
109944.4140625
110197.703125
110459.484375
110688.1875
110852.8828125
110975.046875
111056.65625
111110.8046875
111144.140625
111159.390625
111173.1796875
111177.0
111160.453125
