25400.0
25400.0
25400.0
25397.20703125
25395.412109375
25392.962890625
25389.98828125
25387.66796875
25385.966796875
25384.859375
25384.125
25383.666015625
25383.390625
25383.224609375
25382.947265625
25382.318359375
26235.87890625
43768.484375
64309.04296875
82113.2265625
97657.3359375
109882.8125
118804.984375
124475.5078125
127814.359375
130012.4375
131634.8125
132846.34375
133635.328125
134553.0
135421.75
138206.0625
140087.890625
140418.203125
135837.015625
131896.0625
128213.859375
125437.40625
123192.1015625
121244.0390625
119741.609375
118628.921875
117638.375
116905.4921875
116309.296875
115885.2890625
115624.1953125
115636.5390625
115974.015625
116234.7265625
116428.5625
116526.9296875
116579.984375
116664.34375
116602.6328125
116544.3046875
116353.609375
116066.484375
115693.953125
115263.6484375
114810.09375
114353.234375
113925.0859375
113471.9609375
113035.390625
112664.75
112251.078125
111842.1953125
111404.71875
110978.171875
110545.1171875
110126.3203125
109740.1796875
109362.515625
109018.0
108685.4609375
108383.65625
108135.53125
107889.1640625
107678.765625
107484.4453125
107318.0625
107168.046875
107035.703125
106920.6328125
106812.265625
106711.875
106613.9140625
106521.6484375
106440.375
106353.6171875
106279.015625
106217.9296875
106200.3125
106195.25
106200.2421875
106213.359375
106229.34375
106247.6171875
106289.6171875
106354.28125
106427.5703125
106521.53125
106630.1171875
106758.0
106892.0
107031.015625
107177.65625
107318.7734375
107445.75
107535.7734375
107648.0390625
107694.734375
107719.59375
107791.8359375
107885.640625
107992.4453125
108089.8515625
108177.109375
108248.9765625
108296.1796875
108326.21875
108364.25
108437.21875
