25400.0
25400.0
25400.0
25400.0
25400.0
25400.0
25400.0
25400.0
25400.0
25400.0
25400.0
25400.0
25400.0
25400.0
25400.0
25400.0
25400.0
25400.0
25400.0
40066.484375
60705.87109375
79025.6796875
93001.2421875
104909.71875
115439.8125
124448.25
131390.015625
136703.546875
140986.78125
144037.28125
143031.359375
139594.90625
136338.546875
133362.203125
130539.5625
127991.359375
125823.109375
123825.5078125
122054.859375
120339.046875
118586.03125
116862.7265625
115092.6875
113579.96875
112100.7890625
110809.75
109583.3046875
108728.4765625
107995.5
107376.1484375
106890.1796875
106496.28125
106262.890625
106061.2109375
105844.0390625
105694.2890625
105661.234375
105690.1640625
105813.1640625
106017.875
106194.78125
106305.859375
106366.6484375
106398.5
106415.109375
106421.4140625
106418.8671875
106399.5703125
106340.6640625
106277.9765625
106221.9453125
106244.515625
106306.8046875
106387.953125
106473.2578125
106569.2265625
106828.8046875
107136.1796875
107525.4609375
107966.375
108449.8203125
108921.578125
109462.3671875
110037.5625
110571.1796875
111090.5703125
111557.0703125
111998.25
112394.8671875
112722.515625
113040.7578125
113314.1875
113560.609375
113784.609375
113976.4453125
114136.1875
114263.5078125
114331.4375
114393.65625
114470.1875
114540.8046875
114595.28125
114638.375
114660.2890625
114662.7734375
114734.0234375
114897.9453125
115266.1484375
115614.6953125
115925.1171875
116172.953125
116378.8671875
116508.2421875
116495.0703125
116416.09375
116332.3203125
116248.1953125
116153.203125
116008.3203125
115756.671875
115435.3046875
115045.859375
114644.9453125
114226.859375
