25400.0
25400.0
25400.0
25400.0
25397.72265625
25397.72265625
25391.771484375
25389.5234375
25387.1875
25385.08203125
25383.5546875
25382.4765625
25381.7734375
25381.33984375
25381.06640625
25381.06640625
25380.658203125
25380.283203125
25379.822265625
34005.42578125
58731.3359375
82206.9296875
99739.578125
112709.28125
120436.75
124443.1953125
124666.6796875
123657.34375
122789.625
121656.203125
120468.1015625
119076.8046875
117697.9609375
116297.171875
115051.953125
113776.796875
112543.0078125
111454.1796875
110482.015625
109658.6953125
108882.46875
108157.2265625
107559.0390625
106957.21875
106423.3203125
105900.3125
105435.5234375
104883.3125
104409.21875
104024.5234375
103938.28125
103898.7890625
103801.5546875
103688.84375
103584.890625
103492.3359375
103416.65625
103287.6015625
103146.0
103011.3515625
102904.4296875
102788.0625
102852.015625
102949.2421875
102950.421875
102851.6171875
102719.75
102693.328125
102753.921875
102898.84375
102999.1171875
103085.078125
103197.3984375
103309.9765625
103366.7265625
103367.015625
103333.65625
103307.4375
103324.3515625
103390.25
103515.109375
103693.0078125
103923.3203125
104184.734375
104435.1640625
104656.0546875
104861.515625
105047.5703125
105243.25
105452.796875
105653.3671875
105880.15625
106095.640625
106319.421875
106540.953125
106762.4140625
106971.8828125
107188.625
107466.078125
107750.3359375
108041.6875
108322.4765625
108568.828125
108831.4453125
109070.7109375
109295.9609375
109484.640625
109647.234375
109774.0546875
109865.8046875
109993.9921875
110089.75
110153.5703125
110196.4609375
110219.6640625
110230.9765625
110258.0
110299.1640625
110335.875
110365.4296875
110385.8203125
110380.8203125
110351.9375
110359.921875
110369.984375
