25400.0
25400.0
25400.0
25400.0
25400.0
25400.0
25400.0
25400.0
25400.0
25400.0
25400.0
25400.0
25400.0
25400.0
25400.0
25400.0
25400.0
25400.0
25400.0
25400.0
25400.0
25400.0
25400.0
25400.0
25400.0
25400.0
25400.0
27439.6328125
46930.2109375
65505.51171875
81721.90625
93904.7734375
103725.109375
110263.1640625
114973.1484375
117991.1328125
119731.9921875
122463.078125
125268.75
128053.5234375
131045.5625
133354.375
133784.953125
132125.46875
130481.84375
128917.8671875
127331.2109375
125806.6640625
124423.7265625
122933.078125
121590.5703125
120286.640625
119062.1015625
118041.15625
117009.3046875
116082.9453125
115187.4609375
114368.0625
113569.171875
112817.4921875
112209.7890625
111500.1796875
110746.0234375
109994.984375
109307.28125
108755.6015625
108209.7578125
107723.953125
107244.4453125
106810.65625
106396.9296875
106018.96875
105681.65625
105319.9609375
104970.84375
104629.328125
104306.9375
104032.859375
103777.4921875
103626.5234375
103785.65625
103886.765625
103924.8515625
103885.109375
103796.9453125
103679.2265625
103607.90625
103576.828125
103672.8828125
103820.25
103957.6171875
104056.2578125
104162.78125
104298.3125
104410.7109375
104459.1171875
104451.125
104406.84375
104353.6171875
104299.015625
104280.4765625
104315.546875
104426.8359375
104592.4765625
104808.5703125
105042.4296875
105289.3515625
105532.703125
105758.3125
105973.9765625
106164.0703125
106372.3125
106599.8515625
106805.7265625
107037.75
107267.90625
107509.3046875
107741.125
107974.921875
108229.0390625
108449.4453125
108656.8046875
108853.15625
109061.4375
