25400.0
25400.0
25400.0
25137.0390625
24893.662109375
24893.662109375
24893.662109375
24893.662109375
24893.662109375
24893.662109375
24926.029296875
24934.552734375
24937.93359375
24940.642578125
24941.9140625
24942.85546875
24942.431640625
24940.474609375
28312.380859375
44681.29296875
62998.56640625
81112.6015625
94493.21875
99504.546875
101419.5546875
102790.96875
103884.75
104540.6328125
104868.3515625
104965.625
105012.7734375
104791.4609375
104428.3671875
104043.3984375
103738.4921875
103456.9453125
103193.5234375
102952.53125
102717.8984375
102462.0703125
102195.8515625
101956.421875
101691.515625
101433.8515625
101183.4140625
100955.03125
100812.6015625
100727.9921875
100675.515625
100660.0625
100640.4453125
100606.640625
100567.8046875
100521.7265625
100472.4375
100432.546875
100526.375
100914.953125
101283.6796875
101623.2421875
101932.9375
102236.0703125
102537.640625
102840.1015625
103120.25
103356.03125
103576.2109375
103767.9609375
103977.8203125
104211.5546875
104425.7890625
104614.6796875
104783.515625
104956.328125
105081.484375
105170.0390625
105241.9921875
105315.8359375
105387.90625
105433.5859375
105456.390625
105517.0859375
105578.8125
105625.828125
105660.2890625
105678.71875
105682.8203125
105669.90625
105637.8359375
105593.828125
105532.3671875
105517.578125
105426.328125
105299.7734375
105152.09375
104994.9375
104856.875
104758.4453125
104649.703125
104547.703125
104567.03125
104673.8515625
104728.875
104699.796875
104601.84375
104473.3359375
104332.0703125
104238.2265625
104189.09375
104176.390625
104188.515625
104208.9921875
104216.6328125
104230.71875
104241.5625
104245.9140625
104246.3046875
104244.328125
104239.90625
104226.828125
104177.25
104122.2421875
104080.8359375
104054.7890625
