25400.0
25400.0
25400.0
25312.447265625
24998.423828125
24998.423828125
24998.423828125
24998.423828125
24998.423828125
24998.423828125
25039.298828125
25055.646484375
25059.876953125
25061.78515625
25063.162109375
25064.33203125
25066.55078125
25068.02734375
25068.982421875
25069.701171875
25070.279296875
25070.212890625
25068.322265625
25067.6875
25068.978515625
25079.013671875
34298.8515625
49864.671875
65227.375
79643.421875
90625.484375
101267.8515625
110404.75
118458.5078125
125241.7421875
131379.8125
136920.4375
141489.234375
145121.59375
148018.15625
150355.984375
151992.046875
153041.109375
153853.46875
151135.34375
147562.65625
143978.5625
140546.984375
137436.78125
134706.625
132128.65625
129518.578125
127023.8828125
125785.7421875
124972.4921875
123656.1953125
122155.265625
120879.640625
119678.515625
118883.9453125
118359.234375
118075.5546875
117545.78125
117109.015625
116875.0546875
116806.7578125
116796.4296875
116797.15625
116798.8359375
116826.984375
116888.984375
116982.1328125
117081.265625
117263.3671875
117481.4609375
117690.84375
117913.0859375
118115.765625
118273.6015625
118425.4296875
118553.7109375
118656.2109375
118771.296875
118877.5
118949.6640625
118968.59375
118960.3828125
118955.0078125
118944.796875
118912.921875
118860.8203125
118715.3515625
118564.859375
118408.4453125
118248.5
118069.40625
117849.8203125
117600.4921875
117317.03125
117026.53125
116715.03125
116395.7734375
116103.03125
115775.2421875
115455.6171875
115123.890625
114806.6640625
114482.015625
114160.1875
113850.640625
113532.4765625
113227.9921875
112900.6796875
112575.53125
112289.9453125
111981.3125
111691.1640625
111396.1171875
111110.484375
110819.9453125
110535.3203125
110265.1796875
109991.5546875
109731.640625
109468.1640625
