25400.0
25400.0
25400.0
25274.20703125
25051.462890625
25051.462890625
25051.462890625
25051.462890625
25051.462890625
25051.462890625
25051.462890625
25051.462890625
25111.240234375
25130.912109375
25139.921875
25144.10546875
25146.302734375
25147.701171875
25148.751953125
25149.580078125
25149.119140625
25146.74609375
25580.521484375
34022.83984375
48098.19140625
62925.92578125
76699.28125
88790.4921875
99926.8359375
108099.5
114599.125
118836.3515625
121804.0
124018.4296875
126021.953125
128129.4765625
129971.453125
131578.171875
133081.796875
134460.171875
135632.1875
136248.625
133275.921875
130724.0546875
128220.1953125
126013.234375
123771.71875
121583.1484375
119668.3125
117905.8515625
116365.3203125
114948.8359375
113639.8515625
112491.984375
111323.734375
110272.703125
109554.75
108890.2421875
108259.8515625
107615.828125
107036.5546875
106434.6953125
105916.734375
105471.8671875
105150.6640625
104871.875
104508.65625
104132.6484375
103803.7109375
103522.921875
103283.1640625
103098.109375
102939.25
102789.8515625
102696.7890625
102666.5
102721.25
102753.734375
102801.0234375
102866.3359375
102951.796875
103058.640625
103190.9765625
103334.7265625
103487.2734375
103669.0078125
103864.5703125
104073.9296875
104274.75
104457.5078125
104658.6171875
104848.71875
105031.1796875
105191.8046875
105354.1015625
105529.84375
105725.71875
105948.9453125
106337.4453125
106776.453125
107172.640625
107498.25
107832.4765625
108123.8515625
108397.6953125
108640.3984375
108864.28125
109050.203125
109203.6328125
109354.078125
109544.4609375
109746.1015625
109932.71875
110082.4375
110252.125
110431.75
110621.1640625
110797.3125
110966.40625
111119.1953125
111249.453125
111370.4609375
111474.015625
111566.4296875
