25400.0
25400.0
25400.0
25400.0
25400.0
25400.0
25400.0
25400.0
25400.0
25400.0
25400.0
25400.0
25400.0
25400.0
25400.0
25400.0
25400.0
25400.0
25400.0
25400.0
25400.0
25400.0
25400.0
25400.0
39233.828125
59884.09375
78014.7265625
91220.15625
103836.1484375
114347.5859375
122539.2109375
127976.6484375
131912.015625
134496.71875
136358.59375
137453.1875
138017.78125
139167.53125
140061.328125
140999.546875
142017.546875
142801.140625
140422.34375
137368.03125
134407.03125
131441.140625
128685.78125
126201.5078125
124088.0546875
122077.9921875
120204.6484375
118635.484375
117187.671875
115961.953125
114612.0546875
113512.9609375
112622.0234375
111903.1875
111282.8828125
110655.6484375
110102.8828125
109594.859375
109154.0703125
108790.6328125
108547.21875
108449.359375
108541.078125
108716.6875
108799.6015625
108868.8984375
108969.234375
109114.3046875
109305.2578125
109550.4921875
109880.4921875
110217.2578125
110535.5546875
110811.90625
111109.8046875
111392.7109375
111678.9921875
111961.4296875
112294.4765625
112595.9375
112857.3359375
113099.828125
113315.90625
113524.6875
113720.734375
113895.8515625
114094.53125
114294.2265625
114544.4453125
114803.9375
115075.1953125
115314.7265625
115594.703125
115871.625
116112.5546875
116324.546875
116497.9140625
116625.921875
116731.6640625
116786.078125
116804.8671875
116792.359375
116720.796875
116636.7890625
116543.7109375
116420.796875
116270.0
116084.1640625
115865.2265625
115642.8828125
115375.671875
115102.671875
114811.25
114529.65625
114271.15625
114004.3515625
113739.7109375
113464.96875
113203.546875
112935.75
