25400.0
25400.0
25400.0
25400.0
25400.0
25400.0
25400.0
25400.0
25400.0
25400.0
25400.0
25400.0
25400.0
25400.0
25400.0
25400.0
25400.0
25400.0
25400.0
25400.0
25400.0
26152.162109375
43285.42578125
61550.5078125
78204.75
91650.5625
103355.046875
113619.9296875
122603.1484375
129415.453125
135632.078125
140580.21875
144643.28125
147737.3125
150024.578125
151669.734375
152815.828125
153735.71875
150133.71875
145835.734375
141605.875
138179.265625
134861.65625
131689.609375
128591.453125
126857.53125
125346.0625
123570.9296875
122286.3203125
120999.40625
120481.8671875
120617.4375
120774.140625
120843.7265625
121097.2890625
121431.8125
121769.84375
122111.0078125
122406.171875
122749.359375
123047.46875
123240.7734375
123259.546875
123127.625
122907.1171875
122660.3828125
122286.2890625
121852.875
121366.03125
120869.90625
120338.234375
119831.7578125
119366.5859375
118886.0078125
118420.484375
117943.6953125
117472.6796875
117051.8828125
116580.8046875
116132.4375
115677.7421875
115246.8125
114811.6953125
114388.2734375
113988.703125
113588.3046875
113213.3671875
112838.7734375
112475.2578125
112156.2890625
111813.9296875
111491.9140625
111172.671875
110882.0546875
110588.984375
110301.515625
110031.46875
109762.234375
109507.671875
109254.4140625
109011.390625
108800.3515625
108577.7734375
108372.4140625
108170.4140625
107987.1015625
107810.0703125
107646.8828125
107501.359375
107363.0859375
107239.109375
107120.2890625
107011.7734375
106929.578125
106845.0859375
106766.8515625
106628.921875
106515.2421875
106418.90625
106338.0390625
106267.765625
106202.5546875
106147.78125
106089.296875
