25400.0
25400.0
25400.0
25100.63671875
24826.81640625
24721.87109375
24721.87109375
24758.09765625
24805.052734375
24816.1015625
24819.78125
24822.220703125
24824.517578125
24826.673828125
24828.8828125
24830.884765625
24832.904296875
24835.541015625
24838.27734375
24840.166015625
24841.716796875
24843.07421875
24844.404296875
24845.58984375
24846.798828125
24847.79296875
24848.798828125
24849.47265625
24849.349609375
24857.189453125
26108.58203125
33821.06640625
43851.64453125
53825.23828125
63965.16796875
73792.5625
81836.046875
88733.59375
95375.890625
100720.125
105616.75
110013.5703125
113511.484375
116534.65625
119079.25
121520.765625
123706.296875
125630.5859375
127152.796875
128332.5078125
127203.3671875
125934.46875
124687.984375
123448.296875
122389.4453125
121349.296875
120375.34375
119365.75
118382.8359375
117364.421875
116366.84375
115441.265625
114528.84375
113679.484375
112827.6953125
112003.34375
111278.90625
110541.25
109895.1796875
109320.2265625
108831.9609375
108333.90625
107895.6484375
107631.328125
107428.703125
107265.5078125
107132.2421875
107004.40625
107028.578125
107225.265625
107387.390625
107484.3046875
107561.7265625
107505.2578125
107387.2578125
107244.65625
107148.71875
107261.34375
107387.3203125
107493.0390625
107597.4375
107772.890625
107917.46875
108012.9609375
108090.828125
108122.890625
108103.9296875
108041.34375
108106.859375
108261.3828125
108384.7421875
108434.0703125
108494.28125
108549.6875
108574.0
108570.5859375
108541.5234375
108501.5625
108511.0
108575.8125
108670.0703125
108746.8359375
108790.84375
108793.5546875
108775.671875
108745.15625
108715.859375
108699.296875
108702.0390625
108730.8046875
108781.546875
108854.15625
108957.0859375
109080.046875
109235.3046875
