25400.0
25400.0
25121.46484375
24554.98046875
24572.046875
24237.04296875
24049.33984375
23992.826171875
23986.56640625
23987.921875
23990.806640625
23995.26953125
24001.521484375
24008.703125
24017.435546875
24028.271484375
24042.8828125
24063.232421875
24090.333984375
24132.88671875
24190.029296875
24285.3828125
24532.111328125
24915.212890625
25082.662109375
25137.650390625
25151.771484375
25172.9296875
25515.13671875
26969.3671875
30175.267578125
37258.41015625
45712.0703125
53730.44921875
61462.45703125
69367.09375
75901.3828125
80930.1328125
85157.0703125
88780.9765625
92298.734375
95586.9765625
98285.90625
101140.4140625
103671.640625
106331.109375
108882.625
111474.6015625
113051.78125
112801.1328125
112590.03125
112416.6484375
112304.8046875
112175.421875
112006.0
111781.4453125
111479.8984375
111197.140625
110943.28125
110631.4375
110285.796875
109980.5390625
109719.59375
109581.5390625
109461.984375
109328.0234375
109191.28125
109061.78125
108933.3359375
108798.1328125
108659.953125
108504.9921875
108366.15625
108254.25
108157.59375
108094.9375
108035.15625
107954.1171875
107865.015625
107815.734375
107777.921875
107721.5
107640.8828125
107531.5078125
107398.453125
107323.0703125
107350.34375
107456.2578125
107484.828125
107479.2421875
107480.28125
107513.6015625
107563.3359375
107611.0390625
107639.4140625
107662.90625
107696.1484375
107782.609375
107884.1953125
107982.1875
108124.8671875
108196.8125
108282.953125
108400.0390625
108504.90625
108657.953125
108685.546875
108662.828125
108592.9453125
108493.859375
108347.53125
108142.2109375
107893.5546875
107626.6171875
107381.5625
107119.0234375
106918.53125
106749.6953125
106614.3984375
106682.6171875
106719.6484375
106681.7734375
106576.0078125
106389.609375
106201.46875
