25400.0
25400.0
25400.0
25400.0
25400.0
25400.0
25400.0
25400.0
25400.0
25400.0
25400.0
25400.0
25400.0
25400.0
25400.0
25400.0
25400.0
27898.283203125
48319.2109375
68692.8359375
87343.6171875
101595.96875
113757.4296875
125129.9296875
133684.328125
139969.65625
142005.6875
138990.6875
135905.015625
133151.03125
130293.796875
127716.921875
125267.6171875
123173.3671875
121125.5
119178.828125
117385.6953125
115384.28125
113626.25
112007.609375
110642.5625
109595.8828125
108551.7109375
107665.546875
106819.0859375
106153.65625
105686.5234375
105542.203125
105372.0703125
105096.859375
104900.09375
104621.046875
104282.984375
104031.6328125
103872.078125
103812.4765625
103804.1796875
103804.03125
103793.3046875
103795.890625
103877.953125
104055.1015625
104218.9609375
104341.0546875
104434.796875
104505.6484375
104583.0390625
104667.6171875
104771.7421875
104883.4375
105013.8203125
105180.21875
105340.296875
105499.3515625
105689.640625
105923.890625
106188.3125
106446.7734375
106748.5625
106998.546875
107263.1875
107527.2578125
107801.59375
108063.7578125
108326.1171875
108618.84375
108905.6171875
109188.9375
109445.0078125
109651.5859375
109823.578125
109988.296875
110141.828125
110271.9140625
110378.90625
110471.1796875
110558.890625
110638.4765625
110734.0
110836.2421875
110915.796875
110970.1484375
111010.6875
111030.28125
111032.1171875
111066.609375
111106.8828125
111130.2890625
111133.7265625
111117.90625
111088.09375
111047.4609375
111015.0078125
110986.703125
110976.296875
111062.0390625
111170.546875
111359.2734375
111503.4609375
111615.9140625
111702.421875
111770.40625
111799.0625
111795.984375
