25400.0
25400.0
25318.5703125
24643.982421875
24605.94140625
24383.953125
24330.03515625
24320.462890625
24319.890625
24321.513671875
24323.830078125
24326.3671875
24329.404296875
24334.052734375
24339.384765625
24345.712890625
24353.095703125
24362.693359375
24375.0
24390.171875
24411.673828125
24441.96875
24489.98046875
24897.169921875
25386.83984375
26881.83203125
30290.818359375
37423.453125
47044.8515625
56103.28125
64971.64453125
73167.8515625
78463.203125
81545.0390625
83841.1015625
85651.2421875
87201.2734375
88543.15625
89595.8984375
90460.1484375
91165.546875
91680.6328125
92120.890625
92463.9296875
92890.546875
93323.4609375
93721.6640625
94045.578125
94313.171875
94609.5234375
94894.2421875
95199.6953125
95512.828125
95799.6171875
96127.1484375
96446.1875
96789.3359375
97127.625
97562.125
97998.890625
98382.2890625
98763.78125
99130.3515625
99482.9765625
99808.8046875
100101.96875
100450.0
100802.3515625
101244.1171875
101629.34375
101973.625
102270.96875
102519.859375
102744.546875
102947.046875
103149.7734375
103341.0625
103501.3828125
103675.7265625
104080.3671875
104549.4296875
104960.6171875
105365.890625
105772.4140625
106145.75
106505.6171875
106812.3359375
107103.0703125
107472.7890625
107752.1640625
107966.8984375
108077.265625
108128.8203125
108128.4921875
108100.8359375
108069.9296875
108033.1953125
107982.7890625
107922.9375
107850.734375
107803.59375
107759.5
107700.671875
107629.2890625
107538.359375
107435.984375
107321.96875
107226.53125
107217.9375
107198.8203125
107162.0078125
107122.765625
107072.28125
107001.8671875
106960.5390625
106920.0234375
106845.296875
106768.1484375
106700.484375
106652.4921875
106620.5859375
106597.203125
106574.5546875
106556.140625
106537.5859375
