25400.0
25400.0
25400.0
25264.3515625
25125.298828125
25125.294921875
25125.294921875
25125.294921875
25125.294921875
25125.294921875
25125.294921875
25125.294921875
25125.294921875
25125.294921875
25125.294921875
25125.294921875
25125.294921875
25125.294921875
25125.294921875
25125.294921875
25125.294921875
36334.16796875
55071.23828125
73148.5234375
87395.9609375
100859.9453125
110791.1875
117670.4296875
121929.9140625
124491.5078125
127714.515625
130687.4375
129083.265625
127533.8671875
125775.890625
123958.9296875
122239.2421875
120573.8515625
119058.796875
117599.6171875
116230.625
115099.28125
113899.3046875
112825.109375
111814.84375
110923.2578125
110066.5234375
109241.796875
108495.3203125
107815.9296875
107141.671875
106533.078125
105975.3984375
105500.375
105001.6796875
104542.140625
104093.875
103690.5625
103305.875
102912.0859375
102538.4375
102221.8828125
102054.09375
102028.7578125
102026.2109375
102103.1953125
102157.671875
102234.734375
102276.84375
102372.6015625
102469.2109375
102648.921875
102811.4921875
102913.484375
102937.015625
102997.3203125
103126.984375
103252.4765625
103383.6015625
103492.890625
103593.984375
103694.6953125
103824.453125
104026.671875
104281.5390625
104583.7734375
104852.0
105078.796875
105248.75
105369.6953125
105525.9765625
105718.46875
105960.3671875
106236.1171875
106546.09375
106861.78125
107165.0
107457.59375
107732.3359375
108073.90625
108442.0546875
108785.53125
109130.6015625
109433.7890625
109725.4140625
109998.8125
110267.953125
110517.4140625
110738.859375
110947.3984375
111131.8046875
111304.03125
111479.71875
111630.3515625
111781.71875
111915.78125
112042.390625
112156.3046875
112220.53125
112300.9296875
112397.171875
112502.2265625
112598.46875
112686.671875
