25400.0
25400.0
25188.65234375
24500.703125
24421.091796875
23913.00390625
23710.89453125
23718.751953125
23694.796875
23687.498046875
23686.658203125
23692.48828125
23701.232421875
23714.0859375
23733.541015625
23764.912109375
23822.458984375
23916.34765625
24341.2109375
24821.947265625
25010.84765625
25080.171875
25124.001953125
25141.923828125
25143.650390625
25206.021484375
25825.83203125
28040.080078125
34295.359375
41262.44921875
48168.61328125
55701.78125
62754.9140625
67779.359375
70947.7421875
73673.546875
75953.046875
78115.8125
80110.1953125
82038.46875
84015.046875
85815.9921875
87486.59375
88954.546875
90119.1796875
91264.34375
92227.671875
93115.4140625
93980.0078125
94845.09375
95832.1875
96716.328125
97523.0859375
98262.7578125
98987.0625
99616.6953125
100085.1484375
100538.0234375
100973.2421875
101407.5390625
101800.53125
102172.078125
102614.0546875
102992.140625
103330.9921875
103592.4921875
103810.7265625
103997.0078125
104142.765625
104283.921875
104400.40625
104498.546875
104810.3359375
105256.15625
105648.3203125
105976.140625
106264.9140625
106502.328125
106706.765625
106879.75
107014.3671875
107140.4609375
107243.921875
107333.53125
107399.4609375
107456.8203125
107505.6875
107544.4453125
107573.6953125
107588.0625
107616.921875
107636.2578125
107639.8671875
107604.390625
107547.828125
107479.203125
107404.671875
107336.265625
107257.3046875
107170.328125
107073.5078125
106976.15625
106874.671875
106803.9609375
106767.359375
106717.015625
106664.140625
106605.0703125
106545.75
106491.796875
106442.125
106397.453125
106352.796875
106308.4765625
106261.8359375
106213.328125
106169.125
106121.40625
106084.25
106050.1796875
106016.4609375
105962.8984375
105895.828125
105830.1953125
105766.75
105711.5703125
105657.234375
