25400.0
25400.0
25400.0
25400.0
25400.0
25400.0
25400.0
25400.0
25400.0
25400.0
25400.0
25400.0
25400.0
25400.0
25400.0
25400.0
25400.0
25400.0
25400.0
25400.0
25400.0
25400.0
25400.0
25400.0
36001.10546875
52357.0390625
67592.9140625
82317.6171875
94169.53125
103414.046875
112490.734375
120279.78125
127642.4375
133342.359375
138067.09375
141747.546875
144452.484375
146649.796875
148496.296875
149888.90625
150806.390625
151346.28125
151841.5625
150118.0625
145765.734375
141895.53125
138380.546875
135227.65625
132279.734375
129240.265625
126957.1796875
125494.0234375
123706.5234375
122128.3359375
120554.7578125
119381.546875
118385.453125
117498.4140625
116690.234375
116073.609375
115744.3046875
115702.3359375
115687.71875
115718.46875
115773.71875
115859.5625
115998.9296875
116157.375
116310.984375
116501.734375
116736.7109375
116959.609375
117140.7421875
117296.140625
117432.578125
117534.203125
117599.2421875
117686.234375
117758.5625
117800.078125
117822.6640625
117826.0234375
117806.9375
117760.78125
117691.5234375
117590.203125
117417.65625
117224.765625
117025.9140625
116838.234375
116606.8359375
116353.453125
116052.453125
115740.65625
115405.1796875
115057.59375
114734.5078125
114402.5390625
114082.4140625
113753.9375
113428.75
113137.2421875
112820.8125
112519.0859375
112212.21875
111913.1328125
111612.734375
111321.96875
111048.9921875
110774.9375
110516.28125
110254.609375
110000.9609375
109768.6640625
109515.171875
109277.84375
109040.3671875
108818.4765625
108597.015625
108382.171875
108180.7578125
107979.359375
107790.578125
107602.78125
