25400.0
25400.0
25400.0
25400.0
25400.0
25400.0
25400.0
25400.0
25400.0
25400.0
25400.0
25400.0
25400.0
25400.0
25400.0
25400.0
25400.0
25400.0
25400.0
29798.349609375
53007.88671875
74601.890625
92039.4921875
105746.484375
117657.96875
127421.859375
135622.296875
142018.90625
146178.96875
142901.453125
140034.90625
136821.5625
133893.8125
131046.609375
128518.03125
126130.5078125
123993.015625
122171.640625
120452.578125
118916.90625
117165.1171875
115506.015625
114127.1328125
112744.1171875
111382.328125
110021.796875
108963.8515625
108370.1015625
108031.8203125
107711.3984375
107228.296875
106825.484375
106386.9609375
106044.1171875
105933.640625
105865.734375
105779.4375
105701.3984375
105664.984375
105719.6328125
105851.109375
105978.9453125
106125.421875
106282.734375
106444.8515625
106593.5390625
106718.1796875
106837.5546875
106944.2734375
107069.6328125
107223.140625
107364.7890625
107474.859375
107554.859375
107633.6484375
107700.6796875
107755.109375
107783.6796875
107763.6171875
107740.9140625
107717.859375
107694.171875
107668.9296875
107630.78125
107568.6640625
107491.46875
107399.03125
107306.4296875
107213.6015625
107121.9375
107047.765625
106970.953125
106900.1796875
106829.3046875
106756.15625
106676.3515625
106606.9296875
106549.265625
106495.609375
106449.2890625
106401.0703125
106356.0703125
106318.625
106282.359375
106259.921875
106245.484375
106235.375
106225.9375
106222.0234375
106236.28125
106282.765625
106349.2578125
106434.0390625
106546.2265625
106661.109375
106792.9375
106923.7265625
107061.84375
107178.265625
107354.0703125
107505.8515625
107614.6015625
107679.8984375
107693.15625
107652.53125
