25400.0
25400.0
25400.0
25400.0
25400.0
25400.0
25400.0
25400.0
25400.0
25400.0
25400.0
25400.0
25400.0
25400.0
25400.0
25400.0
25400.0
25400.0
25400.0
25400.0
41080.66796875
61565.60546875
80423.453125
94650.2578125
108120.7109375
119055.4296875
126590.859375
130661.28125
129826.4375
128688.9765625
126985.6171875
124999.390625
123204.609375
121531.71875
119841.09375
118457.578125
117148.8984375
115826.203125
114594.03125
113392.6171875
112276.2421875
111355.40625
110424.859375
109602.5
108839.1171875
108189.9453125
107554.6328125
106947.0703125
106380.0546875
105812.7265625
105293.53125
104798.53125
104319.96875
103900.3046875
103464.28125
103085.46875
102624.15625
102295.34375
102111.6875
101917.3984375
101747.546875
101668.7421875
101653.0390625
101660.1953125
101648.765625
101643.65625
101638.6015625
101589.546875
101466.4765625
101483.5234375
101596.7265625
101729.65625
101852.234375
102064.640625
102477.3125
102857.4609375
103157.7109375
103437.65625
103654.265625
103784.96875
103881.28125
103984.53125
104103.0
104315.421875
104536.78125
104768.4921875
105011.2421875
105263.28125
105508.5703125
105741.5546875
106038.6953125
106351.6875
106725.078125
107124.53125
107585.0234375
108019.515625
108411.5078125
108792.3359375
109140.8125
109485.9375
109840.25
110160.671875
110506.96875
110824.921875
111130.609375
111402.828125
111652.484375
111886.9609375
112064.2734375
112190.09375
112357.828125
112527.6953125
112674.1484375
112746.53125
112784.0703125
112791.0078125
112757.3515625
112691.3984375
112596.125
112478.9765625
112349.90625
112197.1328125
112066.203125
111947.265625
