25400.0
25400.0
25326.07421875
24649.63671875
24438.171875
24056.982421875
24291.84375
24267.546875
24262.8984375
24263.51953125
24265.73046875
24268.46875
24271.83984375
24276.96875
24283.193359375
24290.865234375
24299.951171875
24309.802734375
24324.748046875
24344.025390625
24370.17578125
24405.8359375
24838.72265625
25096.298828125
25196.205078125
25230.25390625
25240.36328125
25242.720703125
25244.609375
25416.775390625
26166.748046875
28230.890625
33363.0703125
40601.375
47712.6640625
53902.37890625
60039.02734375
67724.375
71794.9921875
74495.703125
76738.828125
78423.7421875
80028.2890625
81412.90625
82737.5078125
83985.1484375
85267.3046875
86427.3203125
87534.140625
88638.859375
89692.1328125
90837.171875
91970.9921875
92966.4765625
94093.9921875
95148.390625
96175.25
97086.5234375
97980.2890625
98850.71875
99750.40625
100601.34375
101372.390625
102170.8515625
102952.71875
103639.1015625
104316.2265625
104884.46875
105420.6875
105894.1796875
106325.15625
106706.4296875
107022.109375
107296.3359375
107524.6171875
107730.2265625
108016.453125
108532.0625
109034.8359375
109547.3046875
110079.828125
110506.359375
110858.0234375
111140.546875
111340.6796875
111496.4609375
111574.9375
111634.71875
111710.015625
111777.59375
111838.953125
111887.9140625
111945.7109375
111996.53125
112031.6328125
112040.796875
111981.625
111880.3671875
111773.9453125
111661.640625
111550.265625
111451.3828125
111343.5
111241.8671875
111138.140625
111035.7578125
110923.359375
110804.7890625
110676.6015625
110529.2734375
110379.5546875
110222.59375
110067.3671875
109927.65625
109774.4375
109629.1875
109490.671875
109370.1640625
109239.53125
109101.40625
108961.671875
108808.125
108659.203125
108508.859375
