25400.0
25400.0
25400.0
25002.642578125
24651.873046875
24724.287109375
24740.748046875
24740.884765625
24741.15625
24743.037109375
24746.064453125
24749.607421875
24753.185546875
24756.830078125
24760.22265625
24763.5625
24766.865234375
24771.44921875
24776.279296875
24780.79296875
24786.802734375
24810.251953125
28017.806640625
38096.26171875
48041.4921875
56377.82421875
65318.58984375
73867.7421875
81446.984375
88118.5546875
95057.625
100632.1328125
105123.515625
110027.9921875
115455.359375
120291.8359375
120034.3515625
119604.4765625
119000.625
118258.421875
117433.953125
116651.4921875
115777.4765625
114913.9453125
113992.4296875
113091.4453125
112176.3515625
111352.28125
110611.171875
109886.0859375
109296.78125
108793.828125
108335.4140625
107929.25
107479.5234375
107046.203125
106622.40625
106248.1015625
105886.5390625
105516.8984375
105175.875
104834.7890625
104513.8984375
104199.1171875
103893.8359375
103627.015625
103336.5078125
103092.4140625
102808.8046875
102540.046875
102287.1015625
102048.2109375
101826.9609375
101605.4375
101404.609375
101198.7109375
100976.2890625
100782.65625
100673.9296875
100678.0
100754.5703125
100772.59375
100770.2109375
100774.328125
100781.640625
100787.6640625
100805.421875
100846.5234375
100880.3515625
100894.0625
100891.2734375
100881.9453125
100869.0234375
100855.6171875
100859.9375
100892.0703125
100915.984375
100920.5
100911.390625
100896.2890625
100928.171875
101027.8671875
101164.8984375
101282.5390625
101369.0234375
101419.1875
101451.703125
101484.359375
101534.6796875
101599.8984375
101658.703125
101699.0078125
101714.3984375
101711.3359375
101691.1875
101661.3359375
101624.4765625
101590.3203125
101561.65625
101540.7421875
101525.2890625
101511.7265625
101503.328125
101501.859375
