25400.0
25400.0
24846.79296875
24812.38671875
24724.369140625
24343.1328125
24179.642578125
24119.287109375
24123.193359375
24147.06640625
24180.53515625
24228.80859375
24295.12109375
24384.404296875
24562.7109375
24962.22265625
25156.345703125
25221.681640625
25239.76953125
25246.23046875
25246.791015625
25336.8515625
25774.79296875
27115.724609375
29225.412109375
31927.7265625
35422.015625
40346.91015625
46788.67578125
53161.96484375
58005.27734375
64155.26953125
69338.7734375
74508.3203125
79683.0
85441.96875
91524.1015625
96919.453125
102318.8984375
107101.6875
111819.53125
115839.515625
116333.9609375
116811.078125
117021.2421875
116996.8125
116840.6328125
116586.9609375
116248.2734375
115883.6328125
115557.3125
115231.25
114954.2578125
114686.7890625
114439.9609375
114140.84375
113852.578125
113524.9375
113162.875
112773.546875
112376.03125
111971.125
111570.2734375
111197.421875
110839.4140625
110469.3671875
110195.2265625
110174.0625
110116.8359375
110013.578125
109878.109375
109742.0078125
109648.15625
109591.125
109550.84375
109526.671875
109481.4921875
109429.75
109381.6640625
109320.421875
109251.0234375
109176.7109375
109071.8046875
109085.6953125
108968.140625
108810.3046875
108668.890625
108681.4609375
108638.8984375
108557.78125
108507.71875
108515.3984375
108527.7578125
108499.078125
108426.1796875
108316.796875
108181.9140625
108067.5703125
107992.984375
107872.96875
107764.5
107630.53125
107502.78125
107330.5859375
107151.625
106978.8515625
106831.609375
106700.578125
106605.2578125
106554.6171875
106544.703125
106554.34375
106577.5
106608.0390625
106637.9609375
106652.28125
106668.515625
106676.546875
106674.78125
106666.3984375
106655.1171875
106643.3046875
106633.640625
106634.0546875
106648.9375
