25400.0
25400.0
25400.0
25332.11328125
25332.111328125
25332.111328125
25332.111328125
25332.111328125
25332.111328125
25332.111328125
25332.111328125
25332.111328125
25332.111328125
25332.111328125
25332.111328125
25332.111328125
25332.111328125
25332.111328125
25332.111328125
25332.111328125
25332.111328125
37761.125
56996.82421875
74740.6328125
88435.5
100059.9140625
109374.21875
116354.65625
121537.046875
125938.203125
128417.0390625
130078.9140625
131386.03125
132800.90625
134385.515625
135891.84375
137124.109375
138106.515625
140118.015625
143236.40625
144029.875
143075.453125
138152.25
134834.890625
131508.890625
128440.0546875
126231.03125
124385.234375
122664.125
121312.59375
120194.2890625
119345.8515625
118641.125
118059.3515625
117601.53125
117320.734375
117202.1015625
117186.15625
117179.7265625
117218.3046875
117283.421875
117323.015625
117364.9765625
117404.4921875
117408.5625
117363.7109375
117282.453125
117101.296875
116868.453125
116605.9453125
116314.640625
115970.5390625
115593.765625
115213.5078125
114822.84375
114453.1953125
114085.8359375
113759.7890625
113453.109375
113102.265625
112757.265625
112399.1484375
112041.5625
111684.375
111345.703125
111037.546875
110736.515625
110457.1484375
110191.609375
109937.1171875
109712.6796875
109471.84375
109245.8125
109022.140625
108815.21875
108609.5625
108419.078125
108246.4453125
108078.4453125
107922.578125
107779.6875
107658.15625
107554.2421875
107450.375
107358.4296875
107271.1953125
107193.6953125
107121.2109375
107054.984375
107012.875
106970.359375
106931.2265625
106896.984375
106886.15625
106880.8984375
106883.5859375
106923.7109375
106994.1953125
107067.40625
107137.765625
107202.7734375
107259.3203125
107333.7265625
107471.9296875
107590.4765625
