25400.0
25400.0
25400.0
25400.0
25400.0
25400.0
25400.0
25400.0
25400.0
25400.0
25400.0
25400.0
25400.0
25400.0
25400.0
25400.0
25400.0
25400.0
25400.0
25400.0
25400.0
25400.0
28726.765625
47679.296875
66381.2734375
82182.125
95377.7109375
105957.5703125
115930.625
124073.984375
130165.40625
135652.0625
139918.796875
143232.046875
145697.21875
147778.09375
149220.5
150270.28125
151082.15625
151704.109375
154720.390625
157237.078125
157246.234375
156264.421875
154368.734375
149691.03125
146993.265625
145074.734375
144549.609375
144941.703125
145292.21875
145432.8125
145454.875
145266.484375
144985.84375
144351.078125
143471.625
142336.75
141076.875
139636.5
138197.421875
136825.765625
135449.859375
134209.53125
132977.5625
131774.5625
130701.1875
129550.71875
128476.3359375
127404.078125
126399.2265625
125405.15625
124443.4296875
123541.4765625
122641.96875
121802.7890625
120965.734375
120156.015625
119463.2265625
118725.171875
118034.953125
117323.1875
116658.3671875
116006.609375
115381.8671875
114797.03125
114213.390625
113665.7421875
113118.1328125
112588.3125
112125.9140625
111630.3671875
111165.984375
110688.0234375
110240.2890625
109795.15625
109367.9140625
108970.5390625
108578.171875
108228.59375
107883.453125
107550.90625
107260.6875
106950.890625
106662.6796875
106375.484375
106104.921875
105835.4296875
105582.3046875
105348.5859375
105118.65625
104905.5625
104695.796875
104495.734375
104324.0546875
104137.1796875
103947.953125
103764.4765625
103595.859375
103428.015625
103269.328125
103124.4453125
102984.9375
102859.4921875
102740.1953125
