25400.0
25400.0
25104.2890625
24560.2421875
24594.96875
24338.30078125
24236.779296875
24198.7421875
24194.32421875
24196.529296875
24200.236328125
24206.826171875
24216.19921875
24227.787109375
24243.20703125
24264.134765625
24298.0625
24350.091796875
24722.19921875
25065.80859375
25191.6484375
25230.6171875
25241.556640625
25244.70703125
25322.8828125
25911.736328125
28164.125
33652.08984375
42499.578125
50747.8046875
57138.578125
65537.9375
73145.4921875
79561.375
84341.7890625
86155.015625
87766.4375
89319.9375
90902.6953125
92338.0703125
93748.4140625
95047.28125
96254.890625
97654.921875
99154.109375
100670.0703125
102038.9296875
103341.046875
104569.0625
105647.71875
106673.2734375
107537.140625
108306.734375
108912.3203125
109357.6328125
109852.921875
110366.015625
110740.3828125
110981.2109375
111074.40625
111106.875
111335.8125
111790.6015625
112214.5625
112590.5234375
112828.296875
112916.1328125
112938.5546875
112992.7109375
113038.015625
113065.0390625
113067.0625
113019.0625
112932.8828125
112813.9140625
112680.4140625
112541.453125
112428.3203125
112308.8046875
112143.96875
111955.3671875
111745.15625
111529.5859375
111309.875
111093.921875
110888.1171875
110677.828125
110478.1640625
110279.4453125
110096.7890625
109947.2265625
109792.3515625
109645.78125
109494.2734375
109346.15625
109192.296875
109037.4375
108887.0
108732.1640625
108587.71875
108442.25
108294.6953125
108150.140625
107995.9921875
107847.4296875
107695.1171875
107551.328125
107406.6796875
107265.3515625
107131.7109375
106996.96875
106869.53125
106740.78125
106614.390625
106504.0625
106386.6953125
106275.6875
106162.21875
106046.765625
105895.1875
105773.890625
105665.6953125
105553.6328125
105422.953125
105277.4296875
