20000.0
19200.5390625
18004.79296875
17188.92578125
16881.716796875
17234.94140625
17922.5703125
18603.08984375
19263.71875
19856.048828125
20000.0
20000.0
20000.0
19369.216796875
16870.341796875
14992.16796875
13582.18359375
12546.880859375
11594.978515625
10826.49609375
10159.6728515625
9639.587890625
9179.5
8794.0048828125
8475.4345703125
8260.69140625
8082.1728515625
7909.017578125
7742.4814453125
7601.18408203125
7456.25146484375
7324.80078125
7196.68798828125
7078.8916015625
6962.89501953125
6850.48388671875
6744.04833984375
6637.408203125
6537.5556640625
6438.166015625
6342.73974609375
6259.78662109375
6171.3720703125
6088.46337890625
6004.9814453125
5926.4541015625
5848.1318359375
5770.5498046875
5697.22314453125
5625.115234375
5558.21044921875
5491.4482421875
5427.06298828125
5370.2158203125
5307.52685546875
5247.7568359375
5188.09521484375
5132.3984375
5076.7802734375
5022.7900390625
4971.7734375
4919.96044921875
4870.74267578125
4821.0458984375
4772.68310546875
4730.0234375
4683.900390625
4640.0498046875
4595.5625
4553.37646484375
4510.8671875
4469.46142578125
4430.41845703125
4391.177734375
4354.15380859375
4316.923828125
4280.5869140625
4248.451171875
4214.6083984375
4183.27978515625
4151.42529296875
4121.01318359375
4090.26171875
4061.35888671875
4034.5751953125
4007.787109375
3982.52880859375
3956.418212890625
3930.31005859375
3907.304931640625
3882.557861328125
3859.068603515625
3835.169189453125
3812.333740234375
3789.13623046875
3766.376708984375
3745.2978515625
3725.49853515625
3706.629150390625
3687.87939453125
3669.4560546875
3653.06640625
3635.12841796875
3617.985107421875
3600.6962890625
3584.3466796875
3567.7626953125
3551.46435546875
3536.53662109375
3521.357666015625
3506.5830078125
3491.215576171875
3475.797119140625
3461.96533203125
3446.517578125
3431.635986328125
3416.3623046875
3401.796875
3387.011474609375
3372.6552734375
3359.109375
3345.43115234375
3332.458740234375
3319.364501953125
