20000.0
20000.0
20000.0
20000.0
20000.0
20000.0
20000.0
20000.0
20000.0
20000.0
20000.0
20000.0
20000.0
20000.0
20000.0
20000.0
20000.0
19999.998046875
20000.0
19999.83984375
20000.0
20000.0
19943.77734375
18716.4765625
17695.927734375
16838.3046875
16053.9404296875
15375.130859375
14770.92578125
14236.244140625
13803.6748046875
13370.921875
12985.5361328125
12629.5390625
12299.7763671875
11978.8408203125
11685.1484375
11424.2841796875
11168.603515625
10952.3515625
10755.5439453125
10569.775390625
10406.9912109375
10234.279296875
10074.5625
9916.6298828125
9769.8564453125
9581.5322265625
9420.474609375
9288.134765625
9157.9580078125
9045.2978515625
8933.732421875
8834.7763671875
8741.1865234375
8630.6357421875
8531.7734375
8437.6162109375
8349.3271484375
8242.2216796875
8137.7958984375
8052.02685546875
7967.3232421875
7885.09033203125
7802.90869140625
7727.74462890625
7665.60205078125
7603.1728515625
7547.0927734375
7491.16650390625
7434.7333984375
7375.33642578125
7317.4814453125
7263.48046875
7210.49072265625
7162.56103515625
7115.77685546875
7069.42431640625
7028.40380859375
6983.8681640625
6942.8662109375
6901.3564453125
6860.41650390625
6816.74365234375
6772.48876953125
6729.63623046875
6686.048828125
6644.8466796875
6604.02587890625
6565.73046875
6532.83544921875
6497.77099609375
6464.767578125
6431.49560546875
6400.060546875
6368.2490234375
6337.2958984375
6308.00146484375
6278.4609375
6250.955078125
6223.166015625
6196.015625
6172.662109375
6147.2041015625
6122.68603515625
6097.48583984375
6073.45263671875
6049.14013671875
6025.52587890625
6003.2099609375
5980.59521484375
5959.09765625
5936.9794921875
5914.5888671875
5894.09814453125
5871.3974609375
5849.47216796875
5826.685546875
5804.81884765625
5781.63916015625
5758.5947265625
5736.76123046875
5714.73681640625
5693.7978515625
5670.798828125
