20000.0
20000.0
20000.0
20000.0
20000.0
19999.998046875
20000.0
20000.0
20000.0
20000.0
20000.0
20000.0
20000.0
20000.0
20000.0
20000.0
20000.0
20000.0
20000.0
20000.0
20000.0
20000.0
20000.0
20000.0
20000.0
20000.0
20000.0
20000.0
20000.0
19999.640625
19999.9765625
20000.0
19999.7734375
19999.876953125
19434.62890625
18864.423828125
18434.0625
18051.697265625
17729.439453125
17438.177734375
17180.294921875
16951.87109375
16700.25
16465.677734375
16232.4375
16009.0400390625
15774.0146484375
15545.2939453125
15335.224609375
15130.2744140625
14941.7939453125
14754.0126953125
14574.287109375
14419.15234375
14254.9765625
14102.0185546875
13947.603515625
13801.33984375
13656.046875
13517.890625
13388.533203125
13258.3310546875
13133.1005859375
13004.7880859375
12880.076171875
12770.37890625
12652.2822265625
12541.2109375
12430.20703125
12325.44921875
12220.4228515625
12119.205078125
12023.875
11927.720703125
11837.1865234375
11758.4658203125
11686.2041015625
11628.1982421875
11563.763671875
11503.4541015625
11439.0615234375
11370.16796875
11294.7431640625
11220.2265625
11148.0615234375
11074.166015625
10990.89453125
10881.28125
10779.9345703125
10696.7734375
10612.7626953125
10532.99609375
10448.7890625
10367.6318359375
10285.9833984375
10208.4189453125
10136.8720703125
10067.0556640625
10003.12109375
9940.900390625
9882.060546875
9831.5
9778.0537109375
9728.2060546875
9680.859375
9638.630859375
9598.3408203125
9559.4306640625
9522.48828125
9484.4375
9446.943359375
9406.4580078125
9365.251953125
9327.6494140625
9285.8095703125
9245.390625
9203.9697265625
9164.4794921875
9124.30859375
9084.86328125
9047.390625
9009.4951171875
8973.6474609375
8937.4267578125
