20000.0
20000.0
20000.0
20000.0
20000.0
20000.0
20000.0
20000.0
20000.0
20000.0
19999.994140625
20000.0
20000.0
20000.0
20000.0
20000.0
20000.0
20000.0
20000.0
20000.0
20000.0
20000.0
20000.0
20000.0
20000.0
20000.0
20000.0
20000.0
20000.0
20000.0
20000.0
20000.0
20000.0
20000.0
20000.0
20000.0
20000.0
20000.0
19999.982421875
20000.0
20000.0
19999.998046875
20000.0
20000.0
20000.0
20000.0
20000.001953125
19678.830078125
19320.90234375
18978.513671875
18670.24609375
18368.537109375
18108.130859375
17857.810546875
17619.75
17391.072265625
17125.23046875
16870.146484375
16527.876953125
16219.0478515625
15928.57421875
15663.18359375
15425.564453125
15193.6123046875
14974.19921875
14752.623046875
14540.875
14355.1640625
14156.71484375
13971.9677734375
13784.080078125
13607.5537109375
13424.02734375
13223.7060546875
13024.7177734375
12827.373046875
12642.6748046875
12443.5634765625
12245.0888671875
12070.064453125
11882.1025390625
11706.2294921875
11530.8232421875
11367.9794921875
11206.216796875
11054.654296875
10914.9833984375
10777.4677734375
10649.80078125
10528.193359375
10422.5517578125
10330.9560546875
10231.173828125
10135.2685546875
10038.287109375
9946.9814453125
9856.2763671875
9769.15625
9686.01953125
9598.2490234375
9515.2978515625
9433.11328125
9354.166015625
9285.115234375
9210.7109375
9139.888671875
9068.0224609375
8999.306640625
8929.2763671875
8860.5400390625
8795.8818359375
8730.978515625
8669.787109375
8608.380859375
8549.6875
8494.619140625
8429.4443359375
8365.490234375
8298.2060546875
8232.83984375
8166.48193359375
8101.38818359375
8035.03271484375
7962.8642578125
7886.53173828125
7813.29150390625
