20000.0
20000.0
20000.0
19999.99609375
20000.0
20000.0
20000.0
20000.0
20000.0
20000.0
20000.0
20000.0
20000.0
20000.0
20000.0
20000.0
20000.0
20000.0
20000.0
20000.0
20000.0
20000.0
19999.796875
20000.0
20000.0
20000.0
20000.0
19999.990234375
20000.0
20000.0
20000.0
20000.0
19999.998046875
20000.0
20000.0
19953.591796875
19362.447265625
18844.044921875
18358.525390625
17884.802734375
17442.623046875
17069.150390625
16680.244140625
16331.125
15991.70703125
15688.11328125
15393.0224609375
15112.2998046875
14848.58984375
14573.359375
14313.880859375
13997.8134765625
13738.484375
13526.0556640625
13306.47265625
13102.978515625
12899.298828125
12709.353515625
12525.037109375
12353.2021484375
12205.03515625
12037.6123046875
11875.1083984375
11709.787109375
11537.5537109375
11378.05078125
11178.1845703125
10959.1962890625
10760.3330078125
10597.1328125
10444.58203125
10300.6484375
10151.3818359375
9995.2470703125
9844.541015625
9691.6337890625
9551.1689453125
9427.6416015625
9290.677734375
9152.1416015625
9007.65234375
8873.330078125
8743.693359375
8624.7353515625
8509.44140625
8385.677734375
8266.615234375
8145.09765625
8026.1796875
7928.70361328125
7829.92724609375
7735.1298828125
7639.39453125
7548.40478515625
7454.9072265625
7361.681640625
7269.69580078125
7175.7421875
7086.87353515625
6996.71875
6906.12158203125
6826.0859375
6739.1328125
6656.42138671875
6571.970703125
6491.205078125
6408.88525390625
6327.83349609375
6251.36669921875
6171.7265625
6094.798828125
6015.353515625
5937.439453125
5868.2705078125
5793.0791015625
5721.275390625
5648.0810546875
5578.04638671875
5506.66162109375
5436.1708984375
5368.8330078125
5300.759765625
5235.89697265625
5169.70654296875
