20000.0
20000.0
20000.0
20000.0
20000.0
20000.0
20000.0
20000.0
20000.0
20000.0
20000.0
20000.0
20000.0
20000.0
20000.0
20000.0
19999.9765625
20000.0
20000.0
19998.25
19999.845703125
20000.0
20000.0
19999.998046875
20000.0
20000.0
20000.0
19962.44921875
19212.9765625
18591.123046875
18065.537109375
17461.283203125
16936.0390625
16373.4990234375
15869.9013671875
15398.298828125
14967.6083984375
14583.3232421875
14232.384765625
13910.5009765625
13584.7919921875
13280.125
13022.849609375
12677.306640625
12386.0869140625
12123.78125
11890.62109375
11667.0517578125
11457.8798828125
11267.00390625
11072.7431640625
10898.2421875
10736.62890625
10601.6357421875
10492.5
10379.189453125
10261.904296875
10133.7158203125
10002.927734375
9878.048828125
9748.9287109375
9626.39453125
9508.044921875
9397.9072265625
9281.5771484375
9166.3017578125
9064.654296875
8954.2919921875
8851.435546875
8744.71875
8639.20703125
8528.2041015625
8418.1640625
8313.4853515625
8207.0888671875
8104.90087890625
8000.72509765625
7898.095703125
7806.79443359375
7705.64208984375
7607.03662109375
7504.96044921875
7407.134765625
7305.69384765625
7203.25927734375
7105.01318359375
7005.11279296875
6911.3720703125
6817.00390625
6723.21630859375
6635.02783203125
6532.22607421875
6427.53466796875
6314.21337890625
6205.59375
6096.2451171875
5990.20849609375
5892.4150390625
5791.60595703125
5696.4931640625
5601.56640625
5508.56689453125
5426.953125
5341.06298828125
5262.6806640625
5186.81640625
5118.04736328125
5051.166015625
4987.68115234375
4930.6025390625
4875.6240234375
4828.740234375
4779.57861328125
4729.84619140625
4683.951171875
4632.38818359375
4584.734375
4538.6103515625
4495.1162109375
4452.85498046875
4412.8115234375
4375.4873046875
4333.9765625
4280.98583984375
4225.810546875
