20000.0
20000.0
20000.0
20000.0
20000.0
20000.0
20000.0
20000.0
20000.0
20000.0
20000.0
20000.0
20000.0
20000.0
20000.0
20000.0
20000.0
20000.0
20000.0
20000.0
20000.0
19999.923828125
20000.0
20000.0
20000.0
20000.0
19999.9765625
20000.0
19999.966796875
19494.5703125
18684.328125
17990.99609375
17342.78515625
16781.908203125
16235.1318359375
15722.185546875
15261.4072265625
14820.466796875
14424.5791015625
14047.9677734375
13637.1513671875
13250.4404296875
12888.556640625
12572.1455078125
12274.765625
12010.5869140625
11784.912109375
11577.5859375
11406.4189453125
11202.3544921875
10991.8115234375
10807.2802734375
10644.4560546875
10517.6181640625
10386.5673828125
10238.8896484375
10071.361328125
9927.5576171875
9799.8583984375
9683.267578125
9574.2421875
9465.10546875
9364.8037109375
9271.91796875
9185.1826171875
9110.3994140625
9026.123046875
8942.7734375
8857.3203125
8778.8447265625
8702.34765625
8630.96484375
8566.328125
8503.23828125
8445.3408203125
8388.025390625
8332.4951171875
8283.45703125
8230.412109375
8180.32177734375
8130.31787109375
8084.68408203125
8038.84619140625
7994.14013671875
7951.990234375
7909.755859375
7868.70751953125
7826.45361328125
7784.35400390625
7746.77587890625
7705.63330078125
7666.50537109375
7626.49267578125
7588.09912109375
7548.31591796875
7509.0244140625
7471.3466796875
7432.66943359375
7389.970703125
7343.61962890625
7296.6396484375
7252.6640625
7201.94873046875
7151.39306640625
7097.6787109375
7044.45751953125
6987.9794921875
6929.822265625
6870.1484375
6802.80517578125
6735.53564453125
6665.25244140625
6594.69677734375
6530.88720703125
6460.1650390625
6393.189453125
6336.095703125
6277.91015625
6215.50634765625
6152.525390625
6091.6357421875
6028.7568359375
5968.63232421875
5907.32080078125
