20000.0
20000.0
20000.0
20000.0
20000.0
20000.0
20000.0
20000.0
20000.0
20000.0
20000.0
20000.0
20000.0
20000.0
20000.0
20000.0
20000.0
20000.0
20000.0
20000.0
20000.0
20000.0
20000.0
20000.0
20000.0
20000.0
20000.0
20000.0
20000.0
20000.0
20000.0
20000.0
20000.0
20000.0
20000.0
19802.1015625
19353.505859375
18923.787109375
18532.361328125
18131.716796875
17738.03125
17394.22265625
17014.716796875
16654.6796875
16292.0966796875
15948.6484375
15583.84375
15229.494140625
14896.32421875
14568.8642578125
14265.4033203125
13947.5810546875
13643.9833984375
13384.6796875
13111.55078125
12855.3896484375
12574.990234375
12309.8876953125
12046.7900390625
11806.3681640625
11582.44140625
11359.4482421875
11151.0146484375
10952.3095703125
10797.001953125
10664.9833984375
10524.29296875
10392.8291015625
10251.681640625
10118.330078125
9978.72265625
9808.5283203125
9648.537109375
9476.392578125
9319.3779296875
9173.1259765625
9037.041015625
8909.529296875
8753.298828125
8621.1376953125
8496.1923828125
8368.015625
8236.8505859375
8119.080078125
8017.2392578125
7923.29345703125
7830.52587890625
7731.65283203125
7632.3291015625
7544.0029296875
7449.05224609375
7356.79833984375
7261.92333984375
7170.296875
7076.97265625
6987.09814453125
6904.32177734375
6821.44677734375
6743.6982421875
6668.697265625
6597.03369140625
6534.32470703125
6466.48876953125
6401.91015625
6341.02587890625
6284.2294921875
6222.470703125
6159.60986328125
6100.63818359375
6042.03955078125
5987.80078125
5934.31591796875
5882.82861328125
5837.63037109375
5788.6796875
5742.25146484375
5694.97705078125
5650.212890625
5605.16796875
5560.82080078125
5518.5693359375
5475.53125
5434.7373046875
5393.5068359375
