20000.0
20000.0
20000.0
20000.0
20000.0
20000.0
20000.0
20000.0
20000.0
20000.0
20000.0
20000.0
20000.0
20000.0
20000.0
20000.0
20000.0
20000.0
20000.0
20000.0
20000.0
20000.0
20000.001953125
20000.001953125
20000.0
20000.0
20000.0
19999.501953125
20000.0
20000.0
20000.0
19801.212890625
19019.17578125
18344.068359375
17716.732421875
17149.607421875
16650.083984375
16176.845703125
15748.9609375
15335.01171875
14959.9287109375
14640.76953125
14302.046875
13990.4453125
13686.5712890625
13407.4287109375
13133.2744140625
12873.3017578125
12635.615234375
12403.3720703125
12196.498046875
11999.033203125
11735.7001953125
11547.86328125
11368.33203125
11212.646484375
11066.2470703125
10931.93359375
10803.2265625
10679.8486328125
10561.2119140625
10435.513671875
10317.25390625
10205.6845703125
10101.169921875
10013.0126953125
9923.1181640625
9822.96875
9713.5224609375
9607.5751953125
9502.8251953125
9410.1923828125
9329.4970703125
9252.267578125
9179.5693359375
9106.853515625
9036.5478515625
8974.4609375
8907.9033203125
8844.7587890625
8778.8330078125
8715.771484375
8652.984375
8592.8779296875
8535.154296875
8476.4560546875
8421.6484375
8367.3046875
8315.1787109375
8269.595703125
8219.857421875
8172.64501953125
8125.66650390625
8082.02392578125
8038.3740234375
7995.83984375
7955.3642578125
7913.56103515625
7872.9873046875
7830.9091796875
7789.27685546875
7752.18701171875
7711.625
7672.77734375
7632.1875
7592.11328125
7550.2900390625
7508.76416015625
7468.81640625
7427.9130859375
7388.43798828125
7347.654296875
7306.70166015625
7269.3916015625
7227.8779296875
7187.68603515625
7146.16064453125
7105.73388671875
7063.494140625
7020.4462890625
6978.1162109375
6934.20556640625
6892.67578125
6849.21044921875
