20000.0
20000.0
20000.0
20000.0
20000.0
20000.0
20000.0
20000.0
20000.0
20000.0
20000.0
20000.0
20000.0
20000.0
20000.0
20000.0
20000.0
20000.0
20000.0
20000.0
20000.0
20000.0
20000.0
20000.0
20000.0
20000.0
20000.0
20000.0
20000.0
19999.994140625
20000.0
20000.0
20000.0
19999.99609375
20000.0
19999.953125
20000.0
20000.0
19999.998046875
20000.0
19999.99609375
20000.0
20000.0
19756.0234375
19374.8203125
18997.484375
18664.818359375
18346.455078125
18052.02734375
17788.224609375
17535.181640625
17308.41796875
17083.638671875
16853.8984375
16646.46484375
16423.751953125
16218.265625
16017.2861328125
15832.65234375
15644.64453125
15460.0810546875
15285.6298828125
15106.1435546875
14931.9140625
14747.3193359375
14562.818359375
14397.8154296875
14217.1640625
14034.7177734375
13847.62890625
13671.33203125
13491.896484375
13314.6728515625
13147.2470703125
12978.654296875
12816.7705078125
12646.9921875
12477.2294921875
12326.9033203125
12162.583984375
12007.5625
11853.92578125
11707.4443359375
11554.84765625
11399.0205078125
11258.0966796875
11121.193359375
10988.7431640625
10853.044921875
10719.08984375
10599.640625
10470.8466796875
10348.689453125
10224.2919921875
10105.123046875
9983.3193359375
9871.099609375
9780.4775390625
9688.9267578125
9601.7353515625
9512.7236328125
9424.46484375
9343.6748046875
9255.4365234375
9171.5185546875
9086.5537109375
9006.0029296875
8924.5361328125
8843.4873046875
8765.599609375
8686.294921875
8610.869140625
8534.2265625
8452.9404296875
8378.7607421875
8299.203125
8225.2724609375
8151.69873046875
8082.79296875
8013.595703125
7946.18505859375
7882.4677734375
7818.1494140625
7757.17041015625
7695.3134765625
