20000.0
20000.0
20000.0
20000.0
20000.0
20000.0
20000.0
20000.0
20000.0
20000.0
20000.0
20000.0
20000.0
20000.0
20000.0
20000.0
20000.0
19999.99609375
20000.0
20000.005859375
19999.98046875
20000.0
19999.99609375
20000.0
20000.0
20000.0
20000.0
20000.0
20000.001953125
20000.0
20000.0
20000.0
20000.0
20000.0
20000.0
20000.0
20000.0
19485.607421875
18475.1484375
17527.884765625
16652.853515625
15904.2783203125
15351.2265625
14837.96875
14392.9052734375
13996.8427734375
13646.66796875
13303.9521484375
12968.0419921875
12653.98046875
12345.9541015625
12063.5859375
11791.9384765625
11539.7978515625
11320.484375
11094.025390625
10890.5068359375
10694.283203125
10517.517578125
10345.203125
10183.865234375
10037.4228515625
9895.5283203125
9766.5478515625
9642.1279296875
9525.26953125
9424.158203125
9317.7353515625
9219.1591796875
9119.2275390625
9025.623046875
8932.23828125
8842.1982421875
8758.2431640625
8674.4833984375
8595.3681640625
8516.115234375
8439.91015625
8373.373046875
8302.0732421875
8236.1025390625
8171.0166015625
8109.4794921875
8046.57373046875
7985.1103515625
7926.69921875
7868.77587890625
7814.0654296875
7760.61474609375
7706.142578125
7657.66845703125
7603.75439453125
7543.822265625
7454.0908203125
7369.20849609375
7285.0380859375
7202.03955078125
7122.55517578125
7042.6982421875
6968.0908203125
6893.58251953125
6821.91845703125
6759.3076171875
6692.7880859375
6630.56884765625
6568.529296875
6510.27294921875
6451.89306640625
6395.4443359375
6342.49853515625
6289.1201171875
6238.265625
6186.43408203125
6135.30322265625
6089.23876953125
6038.1396484375
5988.83154296875
5938.22265625
5889.68798828125
5839.23095703125
5787.25634765625
5735.54150390625
5680.1015625
5625.54248046875
5569.08154296875
