20000.0
20000.0
20000.0
20000.0
20000.0
20000.0
20000.0
20000.0
20000.0
20000.0
20000.0
20000.0
20000.0
20000.0
19999.732421875
20000.0
20000.0
19998.43359375
20000.0
19999.998046875
20000.0
20000.0
20000.0
20000.0
20000.0
20000.0
20000.0
20000.0
20000.0
20000.0
19999.99609375
20000.0
20000.0
20000.0
19882.69140625
18719.927734375
17720.673828125
16814.9453125
16042.4716796875
15334.4951171875
14711.8564453125
14205.90625
13702.9853515625
13264.30859375
12863.6484375
12509.0751953125
12160.6123046875
11836.9228515625
11544.9833984375
11265.4462890625
11013.638671875
10773.380859375
10550.2001953125
10363.5
10169.7373046875
9992.615234375
9816.7197265625
9649.9345703125
9484.7294921875
9325.78125
9176.0927734375
9021.0078125
8873.84765625
8728.001953125
8587.59375
8462.837890625
8327.4091796875
8200.0244140625
8072.115234375
7952.8798828125
7837.97705078125
7726.0048828125
7619.60302734375
7515.169921875
7417.90478515625
7294.8056640625
7175.18603515625
7076.25732421875
6966.12841796875
6844.90625
6708.09130859375
6571.23681640625
6429.43359375
6288.9423828125
6143.734375
5965.984375
5800.44482421875
5636.7705078125
5476.17529296875
5327.34765625
5172.2861328125
5031.96728515625
4895.57763671875
4768.9921875
4641.9814453125
4519.0
4404.36474609375
4290.6318359375
4183.43994140625
4076.014404296875
3973.815185546875
3885.3076171875
3791.146240234375
3703.097412109375
3615.1455078125
3533.0947265625
3451.92822265625
3373.609130859375
3300.302490234375
3228.419189453125
3162.207275390625
3096.617919921875
3033.558837890625
2978.44189453125
2919.440185546875
2864.196533203125
2808.907958984375
2757.01171875
2704.951171875
2654.3798828125
2606.8193359375
2559.431396484375
2516.921142578125
2473.945068359375
