20000.0
20000.0
20000.0
19999.998046875
20000.0
20000.0
20000.0
20000.0
20000.0
20000.0
20000.0
20000.0
20000.0
20000.0
20000.0
20000.0
20000.0
20000.0
20000.0
20000.0
20000.0
19999.998046875
20000.0
20000.0
20000.0
20000.0
20000.0
19999.974609375
20000.0
19999.912109375
19999.99609375
20000.0
20000.0
19999.97265625
20000.0
20000.0
19999.998046875
20000.0
20000.0
20000.0
20000.0
19516.34375
18786.865234375
18100.630859375
17509.44140625
17000.59375
16522.751953125
16101.462890625
15708.4599609375
15327.173828125
14957.923828125
14519.0966796875
14067.646484375
13632.029296875
13263.2763671875
12959.140625
12611.41015625
12247.046875
11905.998046875
11619.373046875
11347.5400390625
11101.5458984375
10889.8671875
10661.080078125
10440.5849609375
10222.7314453125
10017.1435546875
9842.19140625
9646.990234375
9463.6318359375
9281.4189453125
9109.662109375
8937.2890625
8785.5078125
8637.65234375
8479.0244140625
8325.5498046875
8167.46923828125
8008.4853515625
7867.86669921875
7713.8486328125
7562.74658203125
7408.2685546875
7262.744140625
7117.041015625
6975.5771484375
6837.18310546875
6694.1279296875
6549.880859375
6402.87451171875
6263.34326171875
6143.5712890625
6019.91162109375
5909.056640625
5797.6923828125
5692.890625
5590.52685546875
5497.38916015625
5418.681640625
5343.1767578125
5272.56591796875
5201.93505859375
5108.607421875
5026.82373046875
4945.5107421875
4876.6484375
4813.5107421875
4755.93212890625
4700.61083984375
4648.6748046875
4600.7158203125
4550.85546875
4502.53857421875
4453.41845703125
4406.16796875
4365.37109375
4322.7119140625
4283.583984375
4245.20751953125
4209.84375
4175.3154296875
4143.3916015625
4114.0263671875
4085.045654296875
4058.07275390625
4031.062255859375
