20000.0
20000.0
20000.0
20000.0
20000.0
20000.0
20000.0
20000.0
20000.0
20000.0
20000.0
20000.0
20000.0
20000.0
20000.0
20000.0
20000.0
20000.0
20000.0
20000.0
20000.0
20000.0
20000.0
20000.0
20000.0
20000.0
20000.0
20000.0
20000.0
20000.0
20000.0
20000.015625
20000.005859375
20000.0
20000.0
20000.0
20000.0
20000.0
20000.0
20000.0
20000.0
20000.0
20000.0
20000.0
19999.998046875
19999.978515625
20000.0
20000.0
19999.986328125
20000.0
20000.0
19999.99609375
19936.16796875
19516.69140625
19100.01171875
18724.90625
18343.0078125
17985.173828125
17627.96484375
17117.568359375
16724.552734375
16383.0849609375
16080.46484375
15787.0703125
15508.59765625
15269.04296875
15004.9287109375
14764.0927734375
14531.619140625
14320.599609375
14090.607421875
13847.8642578125
13625.8359375
13424.8291015625
13252.30078125
13079.1796875
12893.267578125
12730.85546875
12550.0537109375
12365.7763671875
12172.16796875
11991.265625
11819.0478515625
11665.2021484375
11537.0625
11411.7763671875
11295.2568359375
11176.875
11058.32421875
10952.328125
10836.5048828125
10726.6376953125
10617.380859375
10516.765625
10418.4228515625
10324.2041015625
10235.6650390625
10145.794921875
10059.3837890625
9970.48828125
9882.767578125
9805.4189453125
9722.671875
9645.755859375
9567.6103515625
9491.5009765625
9409.912109375
9328.15625
9250.0703125
9170.2216796875
9093.3857421875
9014.294921875
8935.443359375
8864.1796875
8785.1083984375
8709.47265625
8631.72265625
8556.56640625
8477.958984375
8398.41796875
8321.0
8242.1083984375
8164.29443359375
8083.982421875
