20000.0
20000.0
20000.0
20000.0
20000.0
20000.0
20000.0
20000.0
20000.0
20000.0
20000.0
20000.0
20000.0
20000.0
20000.0
20000.0
20000.0
20000.0
20000.0
20000.0
20000.0
20000.0
20000.0
20000.0
19999.505859375
20000.0
19999.998046875
20000.0
20000.0
19999.994140625
19999.994140625
20000.0
20000.0
20000.0
20000.0
20000.0
20000.0
19842.16796875
18899.4609375
18091.078125
17512.576171875
16797.720703125
16128.111328125
15638.4970703125
15064.447265625
14468.2236328125
13976.1376953125
13551.3291015625
13132.8701171875
12762.8857421875
12449.01171875
12157.609375
11891.39453125
11640.83984375
11403.6923828125
11205.8681640625
11006.1650390625
10826.2197265625
10649.9970703125
10485.6005859375
10321.96484375
10168.44140625
10033.1943359375
9899.181640625
9773.3408203125
9645.111328125
9522.56640625
9416.4921875
9303.0693359375
9198.2275390625
9094.9423828125
9000.125
8907.2197265625
8818.98046875
8737.6865234375
8657.5888671875
8584.7802734375
8514.322265625
8447.16015625
8386.7958984375
8321.2666015625
8260.9873046875
8200.56640625
8145.36181640625
8091.25390625
8039.615234375
7992.404296875
7946.8642578125
7904.64013671875
7865.205078125
7826.876953125
7792.77783203125
7755.7109375
7721.01171875
7686.5673828125
7655.103515625
7623.94580078125
7594.1416015625
7566.34130859375
7538.73828125
7513.16943359375
7487.830078125
7463.48779296875
7442.07470703125
7419.20849609375
7397.869140625
7376.49267578125
7356.45947265625
7336.48876953125
7317.2724609375
7299.36279296875
7281.59326171875
7264.89794921875
7248.25390625
7232.03662109375
7217.85986328125
7202.607421875
7188.1982421875
7173.81201171875
7160.24609375
7146.87353515625
7133.83251953125
7121.6484375
7109.2060546875
7097.53271484375
7085.765625
