20000.0
20000.0
20000.0
20000.0
20000.0
20000.0
20000.0
20000.0
20000.0
20000.0
20000.0
20000.0
20000.0
20000.0
20000.0
20000.0
20000.0
20000.0
20000.0
20000.0
20000.0
20000.0
20000.0
20000.0
19999.935546875
19999.990234375
20000.0
20000.0
19999.96875
19999.990234375
19999.982421875
20000.0
20000.0
20000.0
20000.0
20000.0
20000.0
20000.0
20000.0
20000.0
19842.0078125
19447.73828125
19097.970703125
18710.69140625
18325.033203125
17899.369140625
17482.51171875
17049.7578125
16629.09765625
16234.2939453125
15833.203125
15453.6484375
15075.755859375
14708.9033203125
14409.8623046875
14024.3095703125
13663.8994140625
13326.9423828125
13030.37109375
12746.7421875
12483.51171875
12233.07421875
11997.1240234375
11774.9638671875
11550.0244140625
11286.2216796875
11048.96875
10811.2177734375
10606.8291015625
10439.2802734375
10284.1865234375
10120.50390625
9959.3408203125
9809.51953125
9662.0244140625
9526.3525390625
9393.5126953125
9267.455078125
9158.8271484375
9043.2001953125
8934.724609375
8825.6337890625
8726.4130859375
8629.6337890625
8536.587890625
8449.80859375
8362.384765625
8279.173828125
8195.1708984375
8113.8583984375
8042.904296875
7966.52001953125
7894.994140625
7823.8486328125
7757.9560546875
7693.36279296875
7631.55126953125
7574.1328125
7517.0966796875
7462.62890625
7399.74462890625
7331.43896484375
7267.61572265625
7195.05517578125
7122.80419921875
7051.42578125
6981.9736328125
6906.04150390625
6835.07080078125
6770.67138671875
6707.69921875
6650.12255859375
6594.53173828125
6542.73876953125
6498.5087890625
6451.8349609375
6408.55322265625
6362.3681640625
6313.42333984375
6259.458984375
6203.73681640625
6150.4794921875
6132.5439453125
6120.62744140625
6112.68212890625
6107.37548828125
6103.8271484375
6101.45263671875
6099.86328125
6096.6279296875
6086.607421875
6057.58447265625
6034.3291015625
5976.4482421875
