20000.0
20000.0
20000.0
20000.0
20000.0
20000.0
20000.0
20000.0
20000.0
20000.0
20000.0
20000.0
20000.0
20000.0
20000.0
20000.0
20000.0
20000.0
20000.0
20000.0
20000.0
20000.0
19997.162109375
20000.0
19430.75
18240.634765625
17197.115234375
16374.216796875
15641.9580078125
15039.0654296875
14562.3828125
14088.814453125
13668.45703125
13264.634765625
12900.6279296875
12556.658203125
12239.1337890625
11954.6435546875
11682.9697265625
11436.2353515625
11194.830078125
10959.572265625
10758.6806640625
10551.2734375
10362.0732421875
10194.685546875
10053.4814453125
9913.01953125
9776.1044921875
9646.0244140625
9516.5625
9395.9052734375
9275.8349609375
9155.55078125
9051.5087890625
8940.955078125
8837.763671875
8735.36328125
8639.7080078125
8549.068359375
8460.224609375
8375.697265625
8290.73046875
8211.5927734375
8133.93701171875
8057.787109375
7989.9609375
7915.59423828125
7845.02197265625
7773.8349609375
7706.62255859375
7638.900390625
7573.72998046875
7512.841796875
7451.79248046875
7393.3583984375
7334.18017578125
7276.314453125
7225.3017578125
7170.36181640625
7118.72314453125
7067.01171875
7018.37255859375
6969.5322265625
6911.07470703125
6852.546875
6803.65771484375
6760.82177734375
6718.08203125
6676.021484375
6638.70166015625
6598.966796875
6563.5498046875
6530.41064453125
6499.69921875
6468.7197265625
6438.57421875
6410.26708984375
6382.08203125
6355.8642578125
6329.73291015625
6305.0556640625
6283.30322265625
6260.974609375
6234.197265625
6202.72607421875
6176.150390625
6149.45703125
6121.6904296875
6095.63623046875
6066.9697265625
6040.634765625
6015.90283203125
5993.416015625
5974.3115234375
5954.7353515625
5936.77783203125
5918.94189453125
5901.609375
5883.5234375
5866.14453125
5850.060546875
5834.2451171875
5819.65625
5804.75732421875
