20000.0
20000.0
20000.0
20000.0
19999.99609375
20000.0
20000.0
20000.0
20000.0
20000.0
20000.0
20000.0
20000.0
20000.0
20000.0
20000.0
20000.0
20000.0
20000.0
20000.0
20000.0
20000.0
19999.90234375
20000.0
19993.640625
19500.328125
18549.681640625
17788.029296875
16980.966796875
16310.4912109375
15679.408203125
15176.134765625
14741.3935546875
14388.205078125
14082.72265625
13804.33984375
13552.1826171875
13302.787109375
13072.708984375
12852.64453125
12654.119140625
12486.904296875
12313.8408203125
12155.6787109375
12001.0546875
11858.6494140625
11718.7138671875
11584.150390625
11453.31640625
11317.5244140625
11186.3818359375
11052.3232421875
10921.0927734375
10805.607421875
10681.3662109375
10565.3662109375
10447.74609375
10338.671875
10229.4921875
10123.9658203125
10023.7001953125
9917.228515625
9815.158203125
9712.078125
9610.6875
9520.740234375
9421.9013671875
9327.392578125
9231.5615234375
9156.560546875
9084.904296875
9016.3349609375
8950.8525390625
8883.48046875
8818.080078125
8749.650390625
8680.171875
8616.7724609375
8546.0126953125
8476.7275390625
8405.119140625
8336.1728515625
8265.201171875
8194.466796875
8126.443359375
8053.287109375
7981.79052734375
7907.2392578125
7834.91845703125
7771.703125
7703.462890625
7638.67529296875
7572.8193359375
7508.81201171875
7443.51513671875
7380.42138671875
7320.85595703125
7257.84228515625
7195.6025390625
7130.822265625
7066.71826171875
7009.736328125
6947.93115234375
6889.31884765625
6830.05078125
6773.8212890625
6716.98583984375
6661.26611328125
6608.35791015625
6554.646484375
6503.53955078125
6451.111328125
6398.6904296875
6351.53271484375
6299.85595703125
6250.44970703125
6200.0234375
6151.85693359375
6102.8408203125
6054.59619140625
6008.72314453125
5962.185546875
5921.833984375
5884.5185546875
