20000.0
20000.0
20000.0
20000.0
20000.0
20000.0
20000.0
20000.0
20000.0
20000.0
20000.0
20000.0
20000.0
20000.0
20000.0
20000.0
20000.0
20000.0
20000.0
20000.0
20000.0
20000.0
20000.0
20000.0
20000.0
20000.0
20000.0
19999.17578125
19999.994140625
20000.0
19999.98046875
19999.998046875
20000.0
20000.0
20000.0
20000.0
19927.064453125
19486.994140625
19070.265625
18666.689453125
18244.525390625
17835.76171875
17463.400390625
17080.447265625
16695.205078125
16296.111328125
15883.111328125
15446.4736328125
15014.34765625
14608.0498046875
14198.9453125
13814.9404296875
13432.1015625
13062.64453125
12739.998046875
12396.306640625
12085.6171875
11785.474609375
11504.3935546875
11208.0126953125
10935.029296875
10691.6875
10453.98828125
10233.8515625
10017.1435546875
9852.12890625
9706.6884765625
9546.8583984375
9394.9677734375
9247.900390625
9115.6787109375
8983.2578125
8848.9072265625
8720.26171875
8589.162109375
8464.1455078125
8338.4609375
8217.41796875
8111.24365234375
7996.5673828125
7888.076171875
7775.4033203125
7668.13427734375
7561.18115234375
7458.5908203125
7362.9609375
7266.99853515625
7176.376953125
7084.54052734375
6994.60595703125
6915.0341796875
6829.07958984375
6748.189453125
6667.24267578125
6590.86474609375
6513.17431640625
6436.916015625
6364.693359375
6291.93994140625
6223.3193359375
6154.1123046875
6086.6298828125
6026.94970703125
5962.3193359375
5901.06640625
5838.90576171875
5779.67138671875
5719.31787109375
5659.55419921875
5602.8427734375
5545.5625
5491.2587890625
5436.2880859375
5382.38232421875
5334.50732421875
5282.4033203125
5232.779296875
5182.33642578125
5134.3271484375
5085.50927734375
5037.5419921875
4992.03076171875
4946.013671875
4902.50537109375
4858.39794921875
