20000.0
20000.0
20000.0
20000.0
20000.0
20000.0
20000.0
20000.0
20000.0
20000.0
20000.0
20000.0
20000.0
20000.0
20000.0
20000.0
20000.0
20000.0
20000.0
20000.0
20000.0
20000.0
20000.0
20000.0
19999.982421875
20000.0
19158.09375
18292.48046875
17544.826171875
16940.060546875
16328.478515625
15783.9150390625
15278.6689453125
14823.0546875
14388.7294921875
13984.9208984375
13619.7392578125
13223.578125
12839.166015625
12501.8837890625
12229.6923828125
12006.9365234375
11782.935546875
11518.396484375
11270.55859375
11084.7158203125
10886.1708984375
10697.19140625
10538.45703125
10359.0048828125
10175.673828125
10013.9404296875
9881.71484375
9772.4560546875
9646.2138671875
9517.8837890625
9391.0302734375
9275.9052734375
9166.470703125
9064.8505859375
8974.2509765625
8884.65625
8801.4765625
8720.0400390625
8642.2060546875
8574.974609375
8505.6826171875
8442.5419921875
8378.689453125
8318.3291015625
8257.83984375
8199.0068359375
8143.5498046875
8088.0361328125
8036.6875
7985.25537109375
7935.50244140625
7891.61328125
7839.9912109375
7787.1953125
7732.95947265625
7682.22119140625
7633.29296875
7586.86083984375
7543.80419921875
7500.99853515625
7461.25
7421.9814453125
7384.47216796875
7351.98046875
7317.64453125
7285.732421875
7253.90283203125
7224.19384765625
7194.74462890625
7166.41162109375
7140.1572265625
7114.23779296875
7090.2578125
7066.93603515625
7045.81201171875
7027.65087890625
7008.28955078125
6989.71142578125
6971.10986328125
6953.1943359375
6935.0146484375
6917.169921875
6900.1357421875
6882.97607421875
6865.69873046875
6845.75341796875
6825.12451171875
6806.5517578125
6786.4453125
6767.400390625
6748.05126953125
6729.6015625
6710.71240234375
6692.0703125
6674.015625
6655.5078125
6637.546875
6618.67529296875
