20000.0
20000.0
20000.0
20000.0
20000.0
20000.0
20000.0
20000.0
20000.0
20000.0
20000.0
20000.0
20000.0
20000.0
20000.0
20000.0
20000.0
20000.0
19999.990234375
20000.0
20000.0
20000.0
19999.98828125
20000.0
20000.0
20000.0
20000.0
20000.0
19999.99609375
19685.365234375
18873.609375
18062.5546875
17269.5546875
16450.28515625
15837.943359375
15281.046875
14774.0302734375
14338.66015625
13941.5458984375
13547.908203125
13194.544921875
12815.2392578125
12528.0107421875
12216.240234375
11940.841796875
11685.197265625
11451.9658203125
11232.58984375
11041.333984375
10867.04296875
10701.3896484375
10549.0322265625
10393.63671875
10243.0859375
10113.6318359375
9973.7705078125
9840.9423828125
9702.2470703125
9567.767578125
9429.482421875
9291.3193359375
9158.2685546875
9021.642578125
8891.140625
8758.958984375
8624.1552734375
8505.7685546875
8371.001953125
8237.47265625
8097.8427734375
7962.3037109375
7821.6494140625
7681.041015625
7544.38623046875
7402.6884765625
7268.4150390625
7133.58984375
7005.26611328125
6893.740234375
6771.638671875
6655.7705078125
6540.70458984375
6433.9248046875
6327.4580078125
6223.9931640625
6124.68603515625
6024.1396484375
5929.4853515625
5833.2021484375
5736.9619140625
5652.14453125
5561.72998046875
5473.00830078125
5382.49267578125
5298.62353515625
5216.51513671875
5137.98046875
5064.55615234375
4992.13818359375
4927.240234375
4862.36181640625
4798.4638671875
4744.98779296875
4686.37744140625
4631.02587890625
4576.146484375
4525.33837890625
4475.2900390625
4427.49462890625
4385.087890625
4345.4521484375
4306.900390625
4266.4140625
4226.96142578125
4192.27392578125
4154.880859375
4119.7607421875
4083.88671875
4048.201904296875
4002.19140625
3955.586181640625
3911.71826171875
3868.06787109375
3827.3349609375
3786.7080078125
