20000.0
20000.0
20000.0
20000.0
20000.0
20000.0
20000.0
20000.0
20000.0
20000.0
20000.0
20000.0
20000.0
20000.0
20000.0
20000.0
20000.0
20000.0
20000.0
20000.0
20000.0
20000.0
20000.0
20000.0
20000.0
20000.0
20000.01953125
20000.0
20000.0
20000.0
20000.0
19999.998046875
20000.0
20000.0
20000.0
20000.00390625
19999.998046875
19999.99609375
20000.0
20000.0
20000.0
20000.0
20000.0
20000.0
20000.0
20000.0
20000.0
20000.0
20000.0
20000.0
20000.0
20000.0
20000.0
20000.0
19767.66796875
19037.181640625
18450.9921875
17906.443359375
17395.5390625
16897.814453125
16442.837890625
16044.935546875
15678.1015625
15365.517578125
15077.541015625
14812.3046875
14585.37890625
14352.0302734375
14138.529296875
13924.625
13721.5400390625
13517.7490234375
13321.8037109375
13139.708984375
12969.4755859375
12816.953125
12669.6103515625
12529.7021484375
12408.0849609375
12279.60546875
12160.67578125
12042.609375
11931.9580078125
11819.619140625
11709.953125
11605.873046875
11500.572265625
11400.0419921875
11297.7236328125
11196.2958984375
11105.1689453125
11004.95703125
10908.8203125
10808.6064453125
10710.3837890625
10605.796875
10501.0927734375
10406.400390625
10311.8818359375
10222.0634765625
10130.02734375
10021.1630859375
9893.86328125
9750.3828125
9613.5810546875
9475.513671875
9345.7470703125
9216.69140625
9090.3701171875
8970.404296875
8849.62109375
8735.701171875
8621.0244140625
8509.498046875
8410.380859375
8302.0185546875
8194.9140625
8086.9140625
7986.767578125
7887.24365234375
7791.29296875
7701.15771484375
7610.16796875
7523.3974609375
7428.68701171875
