20000.0
20000.0
20000.0
20000.0
20000.0
20000.0
20000.0
20000.0
20000.0
20000.0
20000.0
20000.0
20000.0
20000.0
20000.0
20000.0
20000.0
20000.0
20000.0
20000.0
20000.0
20000.0
20000.0
20000.0
19999.892578125
19999.96875
19999.6875
20000.0
19754.1171875
18688.595703125
17829.640625
17033.689453125
16434.08203125
15943.1279296875
15561.3466796875
15265.84375
14990.9072265625
14740.6904296875
14427.8857421875
14163.0068359375
13892.1298828125
13638.439453125
13429.26953125
13220.4228515625
13035.9287109375
12860.3623046875
12701.4462890625
12546.2587890625
12397.1923828125
12257.2861328125
12116.73046875
11981.220703125
11843.8203125
11708.046875
11590.2880859375
11463.796875
11347.552734375
11227.841796875
11100.76953125
10962.169921875
10829.39453125
10707.234375
10586.779296875
10475.2509765625
10365.10546875
10259.8046875
10168.3115234375
10071.0263671875
9980.427734375
9889.8408203125
9804.9052734375
9718.759765625
9637.1943359375
9558.6904296875
9479.046875
9403.6708984375
9328.2099609375
9253.7509765625
9186.2607421875
9110.3056640625
9048.767578125
8988.1728515625
8930.1240234375
8870.6162109375
8812.6640625
8744.8642578125
8676.6474609375
8614.4482421875
8548.0390625
8476.86328125
8410.9140625
8337.98828125
8268.48046875
8197.548828125
8128.4326171875
8055.95361328125
7983.7451171875
7914.59423828125
7844.03759765625
7777.13916015625
7709.6728515625
7643.96923828125
7586.0888671875
7521.1591796875
7455.20849609375
7388.60400390625
7316.45361328125
7237.490234375
7159.896484375
7088.1025390625
7017.4453125
6951.978515625
6887.015625
6824.31103515625
6769.24560546875
6709.9130859375
6653.423828125
6594.8505859375
6537.23291015625
6477.08837890625
6417.42333984375
6361.04150390625
6304.2744140625
6254.55517578125
6204.52685546875
