20000.0
20000.0
20000.0
19999.998046875
20000.0
20000.0
20000.0
20000.0
20000.0
20000.0
20000.0
20000.0
20000.0
20000.0
20000.0
20000.0
20000.0
20000.0
20000.0
20000.0
20000.0
19995.880859375
20000.0
19999.935546875
20000.0
20000.0
20000.0
20000.0
20000.0
19999.998046875
20000.0
20000.0
20000.0
20000.0
20000.0
20000.0
20000.0
20000.0
19682.94140625
18741.818359375
18025.408203125
17451.6015625
16874.435546875
16408.73046875
16022.2822265625
15556.986328125
14997.849609375
14567.544921875
14205.51171875
13866.775390625
13545.2939453125
13197.474609375
12872.888671875
12616.1943359375
12363.322265625
12147.541015625
11943.6826171875
11765.6123046875
11600.3017578125
11448.61328125
11310.84375
11172.8994140625
11043.201171875
10918.197265625
10793.125
10681.880859375
10560.3046875
10444.486328125
10328.833984375
10220.1435546875
10111.78515625
10007.1455078125
9909.2880859375
9811.8681640625
9721.9833984375
9632.5341796875
9545.1884765625
9468.8212890625
9388.427734375
9314.3935546875
9238.599609375
9167.263671875
9095.3544921875
9026.2080078125
8964.3984375
8900.2314453125
8838.810546875
8776.806640625
8716.3388671875
8663.3505859375
8606.7099609375
8553.9619140625
8501.4375
8452.384765625
8403.39453125
8356.0078125
8311.5634765625
8266.9638671875
8225.63671875
8183.94140625
8143.30224609375
8105.568359375
8062.7275390625
8021.20068359375
7978.59912109375
7937.85986328125
7896.7177734375
7856.341796875
7817.99951171875
7778.87548828125
7741.6630859375
7703.83349609375
7666.26220703125
7632.47021484375
7593.2236328125
7554.8984375
7515.64697265625
7477.951171875
7439.39892578125
7401.94580078125
7365.85400390625
7328.4130859375
7291.68603515625
7253.23388671875
