20000.0
20000.0
20000.0
20000.0
20000.0
20000.0
20000.0
20000.0
20000.0
20000.0
20000.0
20000.0
20000.0
20000.0
20000.0
20000.0
20000.0
20000.0
20000.0
20000.0
20000.0
19999.90234375
20000.0
19999.701171875
19999.67578125
19999.998046875
20000.0
20000.0
20000.0
20000.0
20000.005859375
20000.0
20000.0
20000.0
20000.0
20000.0
20000.0
20000.0
20000.0
20000.0
20000.0
20000.0
20000.0
19999.962890625
18616.279296875
17446.359375
16506.990234375
15802.8291015625
15221.1552734375
14688.92578125
14224.8623046875
13774.650390625
13376.8447265625
13045.7392578125
12696.4638671875
12375.2431640625
12061.791015625
11778.681640625
11505.3720703125
11247.49609375
11013.703125
10787.861328125
10582.837890625
10384.9921875
10200.91796875
10044.07421875
9878.54296875
9725.92578125
9575.9228515625
9437.3994140625
9299.134765625
9164.8984375
9040.2333984375
8917.4580078125
8804.5185546875
8693.8994140625
8589.1064453125
8498.9775390625
8404.333984375
8317.2509765625
8231.6962890625
8152.90673828125
8075.51953125
8002.35009765625
7935.39013671875
7869.09423828125
7808.26806640625
7747.669921875
7689.755859375
7639.6611328125
7586.84619140625
7538.03759765625
7489.9296875
7445.44873046875
7401.71044921875
7359.728515625
7321.109375
7282.97314453125
7247.66552734375
7212.96728515625
7180.107421875
7152.10107421875
7122.42041015625
7094.98876953125
7067.779296875
7042.53369140625
7017.47412109375
6993.34912109375
6970.85986328125
6948.66064453125
6927.94873046875
6907.32275390625
6887.5107421875
6870.2158203125
6851.79833984375
6834.5927734375
6817.36962890625
6801.4296875
6785.4384765625
6770.04296875
6755.7041015625
6741.31298828125
6727.84619140625
6714.40234375
