20000.0
20000.0
20000.0
20000.0
20000.0
20000.0
20000.0
20000.0
20000.0
19999.998046875
20000.0
20000.0
20000.0
20000.0
20000.0
20000.0
20000.0
20000.0
19999.990234375
20000.0
20000.0
19999.998046875
20000.0
20000.0078125
20000.0
19286.19921875
18359.521484375
17636.46875
17059.72265625
16563.306640625
16200.673828125
15881.701171875
15598.5341796875
15303.2099609375
14996.7275390625
14662.076171875
14370.451171875
14119.9453125
13879.6748046875
13657.65625
13444.275390625
13245.5634765625
13077.86328125
12900.375
12738.71875
12579.4248046875
12430.666015625
12278.048828125
12131.04296875
11998.1201171875
11859.486328125
11727.4814453125
11583.4853515625
11429.6064453125
11285.96875
11128.4482421875
10985.443359375
10846.4404296875
10717.869140625
10591.150390625
10442.1796875
10261.796875
10073.521484375
9897.5361328125
9722.61328125
9552.6494140625
9406.51171875
9273.5498046875
9141.14453125
9008.2705078125
8886.25390625
8763.0537109375
8643.609375
8531.6279296875
8420.572265625
8319.0419921875
8209.423828125
8097.3291015625
7998.3935546875
7891.01904296875
7789.54638671875
7687.96337890625
7593.29541015625
7499.9658203125
7410.38037109375
7324.6357421875
7236.36083984375
7148.45654296875
7059.701171875
6974.01416015625
6899.05712890625
6818.7958984375
6743.083984375
6666.38134765625
6593.4482421875
6518.6025390625
6444.5927734375
6373.87109375
6301.498046875
6232.255859375
6161.84814453125
6092.96630859375
6032.01416015625
5972.74853515625
5917.2958984375
5857.8681640625
5800.03857421875
5740.650390625
5681.923828125
5625.76025390625
5568.5654296875
5514.04736328125
5458.85595703125
5404.52978515625
5355.17138671875
5301.72021484375
5252.44189453125
5202.986328125
5156.67578125
5110.69287109375
5066.5166015625
5025.0263671875
4983.48291015625
4944.17822265625
4904.2001953125
