20000.0
20000.0
20000.0
20000.0
20000.0
20000.0
20000.0
20000.0
20000.0
20000.0
20000.0
20000.0
20000.0
20000.0
20000.0
20000.0
20000.0
19999.837890625
20000.0
20000.0
20000.0
20000.0
20000.0
19999.91796875
20000.0
20000.0
20000.0
20000.0
19056.12890625
18175.212890625
17139.62109375
16360.478515625
15731.4287109375
15203.013671875
14777.634765625
14271.0205078125
13761.8896484375
13279.7353515625
12808.876953125
12425.4716796875
12062.7919921875
11737.6162109375
11455.537109375
11157.6240234375
10891.80078125
10642.8779296875
10424.1416015625
10213.8388671875
10013.2666015625
9826.51171875
9639.1279296875
9461.5302734375
9279.7607421875
9103.54296875
8948.3662109375
8778.6533203125
8614.33203125
8445.4677734375
8284.4287109375
8121.60888671875
7963.701171875
7808.8388671875
7657.54052734375
7522.09228515625
7392.39599609375
7270.22314453125
7162.64404296875
7047.23046875
6939.5732421875
6831.99560546875
6728.84521484375
6625.55712890625
6526.8251953125
6435.31689453125
6345.14501953125
6261.95166015625
6180.11279296875
6104.97509765625
6040.25537109375
5971.77197265625
5908.0009765625
5844.9833984375
5786.36474609375
5728.171875
5672.69677734375
5621.06103515625
5569.4677734375
5521.18603515625
5472.8720703125
5426.14599609375
5385.2099609375
5341.2470703125
5299.92236328125
5258.337890625
5219.044921875
5179.041015625
5139.8759765625
5103.93505859375
5066.67724609375
5030.4697265625
4993.20849609375
4956.23046875
4923.4580078125
4887.92626953125
4854.25634765625
4820.77197265625
4789.5
4757.9267578125
4727.107421875
4698.1376953125
4668.99169921875
4641.39501953125
4613.43212890625
4586.16162109375
4563.47509765625
4538.39990234375
4514.53125
4490.3291015625
4468.1484375
4446.08056640625
4424.57275390625
4404.2626953125
4383.64208984375
4363.80224609375
4343.29296875
