20000.0
20000.0
20000.0
20000.0
20000.0
20000.0
20000.0
20000.0
20000.0
20000.0
20000.0
20000.0
20000.0
20000.0
20000.0
20000.0
20000.0
20000.0
20000.0
20000.0
20000.0
20000.0
20000.0
20000.0
20000.0
20000.0
20000.0
20000.0
20000.0
20000.0
20000.0
20000.0
20000.0
19604.822265625
19061.85546875
18558.150390625
18107.548828125
17672.322265625
17272.056640625
16897.234375
16560.068359375
16281.470703125
15999.2470703125
15747.4482421875
15505.59375
15280.3046875
15045.958984375
14810.79296875
14587.7509765625
14365.4912109375
14158.740234375
13954.2587890625
13755.73828125
13582.560546875
13397.3037109375
13222.8369140625
13048.599609375
12885.591796875
12722.3388671875
12563.2607421875
12413.34765625
12262.5087890625
12119.609375
11973.75390625
11827.7470703125
11698.08984375
11565.4072265625
11444.083984375
11316.4931640625
11191.2626953125
11060.0224609375
10930.4931640625
10809.1396484375
10687.5830078125
10572.560546875
10455.92578125
10341.615234375
10244.208984375
10133.0
10031.8740234375
9943.5810546875
9862.498046875
9781.572265625
9702.669921875
9627.919921875
9552.265625
9480.44921875
9407.544921875
9335.884765625
9272.078125
9201.7880859375
9135.125
9067.4384765625
9002.3359375
8934.9404296875
8867.404296875
8801.8251953125
8733.87109375
8667.6845703125
8597.0576171875
8524.19921875
8457.7333984375
8384.5205078125
8314.5830078125
8243.7568359375
8176.625
8108.81591796875
8042.517578125
7979.74072265625
7916.287109375
7856.1357421875
7795.13818359375
7735.27294921875
7682.01123046875
7615.3798828125
7544.0322265625
7478.6142578125
7419.78125
7362.2548828125
7304.439453125
7250.55908203125
7197.2333984375
7148.193359375
7099.97509765625
