20000.0
20000.0
20000.0
20000.0
20000.0
20000.0
20000.0
20000.0
20000.0
20000.0
20000.0
20000.0
20000.0
20000.0
20000.0
20000.0
20000.0
20000.0
20000.0
20000.0
20000.0
20000.0
20000.0
20000.0
19999.994140625
19999.923828125
20000.0
19999.998046875
20000.0
19999.998046875
19999.998046875
20000.0
19610.642578125
18988.7421875
18394.212890625
17850.947265625
17377.361328125
16931.423828125
16530.109375
16136.470703125
15765.4169921875
15446.5068359375
15109.361328125
14799.9091796875
14510.8251953125
14254.62109375
13999.9580078125
13758.3369140625
13522.6279296875
13292.2548828125
13083.5390625
12863.2822265625
12653.3427734375
12477.474609375
12295.779296875
12133.9892578125
11980.185546875
11840.2578125
11696.322265625
11554.640625
11422.033203125
11291.8134765625
11173.8427734375
11060.3349609375
10957.068359375
10867.4736328125
10772.18359375
10684.1240234375
10597.3701171875
10496.392578125
10411.0810546875
10336.52734375
10271.322265625
10211.04296875
10157.529296875
10102.5771484375
10050.087890625
10005.46875
9956.1064453125
9912.1201171875
9864.6171875
9818.8876953125
9772.1611328125
9714.521484375
9642.240234375
9570.455078125
9502.4169921875
9411.521484375
9315.4462890625
9228.1865234375
9120.6826171875
9015.90234375
8912.4677734375
8801.048828125
8733.748046875
8687.6611328125
8572.0439453125
8463.119140625
8355.12109375
8255.9853515625
8157.69970703125
8063.60986328125
7981.41064453125
7891.4658203125
7803.39501953125
7711.7138671875
7620.814453125
7526.8369140625
7435.4814453125
7349.37548828125
7262.7080078125
7181.28662109375
7098.4267578125
7016.91259765625
6944.78271484375
6865.75830078125
6789.49951171875
6711.4033203125
6636.71337890625
6559.6396484375
6481.84130859375
6403.6572265625
6323.6474609375
6248.23486328125
6173.41845703125
