20000.0
20000.0
20000.0
20000.0
20000.0
20000.0
20000.0
20000.0
20000.0
20000.0
20000.0
20000.0
20000.0
20000.0
20000.0
20000.0
20000.0
20000.0
20000.0
20000.0
20000.0
20000.0
20000.0
20000.0
20000.0
20000.0
20000.0
20000.0
19999.587890625
19999.849609375
19999.99609375
19999.994140625
19999.986328125
19999.857421875
20000.0
20000.0
20000.0
19999.916015625
20000.0
20000.0
20000.0
20000.0
19999.99609375
20000.0
20000.0
20000.0
20000.0
19757.580078125
19371.52734375
18993.267578125
18633.943359375
18266.552734375
17931.35546875
17607.478515625
17301.23046875
17035.8515625
16753.09375
16488.6015625
16231.74609375
15991.4462890625
15755.3447265625
15535.794921875
15324.291015625
15108.4423828125
14903.5361328125
14694.8203125
14489.666015625
14309.3203125
14117.736328125
13939.3740234375
13748.2734375
13567.880859375
13387.3017578125
13206.3955078125
12999.75
12812.0029296875
12643.0068359375
12476.7919921875
12317.68359375
12177.6044921875
12028.30078125
11889.5595703125
11751.31640625
11620.41796875
11486.3134765625
11349.16015625
11212.4306640625
11076.09765625
10952.6015625
10837.5263671875
10729.6513671875
10639.2431640625
10543.2509765625
10452.705078125
10356.87890625
10258.0537109375
10155.310546875
10056.7509765625
9963.681640625
9872.2255859375
9777.392578125
9680.5390625
9590.228515625
9514.2099609375
9435.84375
9364.591796875
9276.8505859375
9192.115234375
9108.6298828125
9026.703125
8952.3310546875
8881.1240234375
8816.265625
8751.494140625
8684.2431640625
8618.3857421875
8540.005859375
8460.455078125
8378.2509765625
8299.6123046875
8217.8623046875
8136.7734375
8059.7197265625
7982.69775390625
7910.82275390625
7838.64208984375
