20000.0
20000.0
20000.0
20000.0
20000.0
20000.0
20000.0
20000.0
20000.0
20000.0
20000.0
20000.0
20000.0
20000.0
20000.0
20000.0
20000.0
20000.0
20000.0
20000.0
19999.90625
19999.994140625
19999.998046875
20000.0
19999.982421875
19999.814453125
20000.0
20000.0
19999.9609375
20000.0
20000.0
19346.671875
18637.318359375
18049.0234375
17520.6171875
17041.49609375
16620.86328125
16232.7255859375
15887.9267578125
15573.826171875
15260.8154296875
14993.1669921875
14716.21875
14462.5830078125
14213.2958984375
13980.7783203125
13752.5361328125
13536.2646484375
13333.712890625
13135.1083984375
12957.5478515625
12780.513671875
12607.1435546875
12453.6650390625
12287.9521484375
12133.5654296875
11981.5908203125
11840.2236328125
11699.4736328125
11566.2216796875
11442.6181640625
11319.7734375
11206.5810546875
11096.796875
10994.01171875
10904.6279296875
10807.7978515625
10716.185546875
10624.8720703125
10540.125
10455.5947265625
10374.3154296875
10298.48828125
10223.056640625
10153.4462890625
10084.8564453125
10018.6142578125
9962.955078125
9906.365234375
9856.6513671875
9808.57421875
9763.1630859375
9715.9814453125
9669.65234375
9626.1494140625
9582.828125
9542.416015625
9501.87109375
9461.9560546875
9427.4580078125
9389.4970703125
9348.3603515625
9305.48828125
9265.0234375
9224.7373046875
9183.623046875
9145.779296875
9109.501953125
9077.35546875
9046.677734375
9016.7138671875
8985.51171875
8954.99609375
8926.796875
8892.4853515625
8847.443359375
8779.8671875
8717.12890625
8656.19140625
8591.736328125
8528.1513671875
8451.75
8361.6708984375
8277.3525390625
8187.40625
8105.03125
8021.99365234375
7942.93798828125
7862.7724609375
7775.9873046875
7686.5400390625
7604.21435546875
7530.369140625
7448.4345703125
