20000.0
20000.0
20000.0
20000.0
20000.0
20000.0
20000.0
20000.0
20000.0
20000.0
20000.0
20000.0
20000.0
20000.0
20000.0
20000.0
20000.0
20000.0
20000.0
20000.0
20000.0
19999.994140625
20000.0
19999.8828125
20000.0
19999.986328125
20000.0
20000.0
20000.0
20000.0
20000.0
20000.0
20000.0
20000.0
20000.0
19999.982421875
20000.0
19999.994140625
20000.0
20000.0
19559.34375
18754.205078125
18201.572265625
17668.681640625
17201.587890625
16751.646484375
16343.208984375
15985.9580078125
15600.8662109375
15151.8818359375
14647.2373046875
14220.9677734375
13850.0390625
13506.521484375
13181.423828125
12814.3466796875
12456.7412109375
12104.4208984375
11794.37890625
11518.23046875
11260.431640625
11020.8876953125
10776.673828125
10553.0322265625
10333.57421875
10120.435546875
9933.083984375
9730.736328125
9540.5634765625
9347.1240234375
9164.34765625
8972.5146484375
8756.7080078125
8552.0107421875
8350.2919921875
8163.0341796875
7975.80322265625
7799.60009765625
7655.56298828125
7506.3173828125
7369.90771484375
7235.6806640625
7111.224609375
6984.0791015625
6856.81396484375
6704.474609375
6538.015625
6387.259765625
6243.4814453125
6110.123046875
5997.26123046875
5879.50048828125
5773.064453125
5675.17333984375
5583.47412109375
5491.24853515625
5401.8974609375
5318.6748046875
5236.083984375
5158.73095703125
5081.6025390625
5007.66552734375
4943.47509765625
4875.3974609375
4816.1982421875
4756.65234375
4701.0634765625
4646.22119140625
4593.45703125
4543.953125
4493.97900390625
4446.6435546875
4398.95361328125
4352.47216796875
4311.49462890625
4267.40869140625
4226.0888671875
4185.09912109375
4147.21826171875
4109.052734375
4071.6044921875
4035.949462890625
3999.74462890625
3965.29833984375
3930.39697265625
