20000.0
20000.0
20000.0
20000.0
20000.0
20000.0
20000.0
20000.0
20000.0
20000.0
20000.0
20000.0
20000.0
20000.0
20000.0
20000.0
20000.0
20000.0
20000.0
20000.0
20000.0
20000.0
20000.0
20000.0
20000.0
20000.00390625
20000.0
19999.99609375
19999.990234375
20000.0
19999.99609375
20000.0
20000.0
20000.0
20000.0
19999.5703125
20000.0
20000.0
20000.0
20000.0
20000.0
20000.0
19999.82421875
20000.0
20000.0
20000.0
19430.048828125
18552.513671875
17839.220703125
17134.61328125
16459.185546875
15874.6806640625
15341.3359375
14871.5107421875
14479.58203125
14115.486328125
13821.9345703125
13547.6376953125
13294.271484375
13032.302734375
12775.18359375
12532.1591796875
12288.271484375
12060.423828125
11836.830078125
11626.900390625
11443.625
11248.59375
11069.89453125
10896.916015625
10738.599609375
10583.841796875
10436.822265625
10301.427734375
10168.416015625
10045.76171875
9925.3271484375
9810.65625
9710.875
9606.775390625
9510.04296875
9414.0126953125
9324.818359375
9236.49609375
9151.791015625
9072.3955078125
8993.0419921875
8918.59765625
8844.3740234375
8772.4150390625
8709.380859375
8641.814453125
8578.048828125
8513.8076171875
8453.07421875
8391.9189453125
8332.0537109375
8275.326171875
8218.72265625
8162.20361328125
8103.970703125
8045.7900390625
7993.75146484375
7936.79443359375
7882.17529296875
7826.53759765625
7773.37548828125
7719.0244140625
7665.5908203125
7616.77685546875
7567.74560546875
7522.9384765625
7477.17333984375
7431.16748046875
7389.5849609375
7344.12744140625
7300.154296875
7255.02783203125
7211.916015625
7168.4482421875
7126.60546875
7085.9013671875
7042.263671875
7000.98876953125
6958.14892578125
