20000.0
20000.0
20000.0
19999.994140625
20000.0
20000.0
20000.0
20000.0
20000.0
20000.0
20000.0
20000.0
20000.0
20000.0
20000.0
20000.0
20000.0
20000.0
20000.0
20000.0
20000.0
20000.0
20000.0
20000.0
19999.740234375
20000.00390625
19999.92578125
20000.0
19999.900390625
19999.998046875
20000.0
19999.994140625
20000.0
20000.0
20000.0
20000.0
20000.0
20000.0
20000.0
20000.0
20000.0
20000.0
19644.173828125
19085.890625
18560.205078125
18103.619140625
17676.23046875
17282.6328125
16925.912109375
16580.796875
16248.494140625
15920.498046875
15617.2001953125
15363.8857421875
15106.2060546875
14873.5205078125
14649.87109375
14443.52734375
14221.2958984375
13951.587890625
13737.232421875
13531.6357421875
13343.205078125
13158.51953125
12948.6474609375
12760.634765625
12591.7744140625
12443.5869140625
12301.861328125
12173.7900390625
12043.3115234375
11861.8544921875
11672.875
11475.2099609375
11288.1103515625
11103.9658203125
10941.974609375
10812.873046875
10684.7822265625
10559.6484375
10434.1318359375
10304.748046875
10170.451171875
10032.7138671875
9897.189453125
9757.439453125
9624.7763671875
9492.1279296875
9363.9814453125
9247.1474609375
9117.5224609375
8993.251953125
8864.115234375
8739.1640625
8611.40234375
8486.4892578125
8368.23828125
8248.9306640625
8136.07568359375
8023.4267578125
7913.15283203125
7817.0146484375
7713.12646484375
7614.35791015625
7513.9111328125
7417.984375
7320.53271484375
7225.302734375
7135.7841796875
7045.31787109375
6958.9990234375
6871.1650390625
6784.58837890625
6707.00927734375
6626.98681640625
6551.1044921875
6472.78759765625
6396.6171875
6317.47509765625
6238.5185546875
6162.376953125
6083.93115234375
6008.59521484375
5931.060546875
