20000.0
20000.0
20000.0
20000.0
20000.0
20000.0
20000.0
20000.0
20000.0
20000.0
20000.0
20000.0
20000.0
20000.0
20000.0
20000.0
20000.0
20000.0
20000.0
20000.0
20000.0
20000.0
19999.537109375
20000.0
20000.0
20000.0
20000.0
20000.0
20000.0
20000.0
19999.99609375
20000.0
20000.0
20000.0
19665.7890625
19253.046875
18867.552734375
18472.484375
18093.0859375
17712.525390625
17356.3671875
17047.986328125
16702.9921875
16364.96484375
16016.896484375
15691.45703125
15365.3544921875
15036.0078125
14708.8251953125
14341.4033203125
13991.8857421875
13648.845703125
13329.572265625
13056.328125
12787.2294921875
12563.162109375
12351.17578125
12138.5625
11917.2041015625
11705.55859375
11467.4375
11226.9765625
11013.1123046875
10789.0576171875
10552.9111328125
10364.748046875
10189.001953125
10029.099609375
9872.9169921875
9728.4970703125
9584.7470703125
9445.4521484375
9318.8212890625
9195.171875
9083.375
8971.544921875
8859.8095703125
8760.8974609375
8654.8583984375
8552.7021484375
8448.546875
8351.31640625
8255.5732421875
8164.54541015625
8080.85205078125
7998.05517578125
7920.54150390625
7843.27197265625
7769.271484375
7705.322265625
7638.21923828125
7576.7216796875
7504.939453125
7439.26171875
7378.86376953125
7311.759765625
7236.8916015625
7157.99365234375
7082.21875
7007.83154296875
6939.59814453125
6881.28271484375
6818.8232421875
6747.8115234375
6684.3017578125
6625.60205078125
6561.66845703125
6497.560546875
6438.97265625
6382.7109375
6331.9140625
6281.5615234375
6232.990234375
6190.36181640625
6145.28466796875
6103.3828125
6061.509765625
6020.55078125
5976.23681640625
5931.533203125
5888.1982421875
5843.5595703125
5800.423828125
5756.115234375
