14131.46484375
13479.7705078125
12911.7978515625
12612.5947265625
12472.0361328125
12518.1328125
12781.5
13108.177734375
13463.5146484375
13800.888671875
14133.0595703125
14445.1572265625
14728.794921875
15003.2783203125
15253.5068359375
15496.8193359375
15726.654296875
15923.8486328125
16131.1015625
16322.73828125
16511.740234375
16686.873046875
16861.21484375
17028.34375
17185.3671875
17343.76953125
17493.109375
17645.005859375
17791.904296875
17924.564453125
18075.96484375
18227.712890625
18389.337890625
18577.328125
18792.013671875
19025.189453125
19027.212890625
16537.083984375
14458.6845703125
13271.1123046875
12692.724609375
12424.0791015625
12231.6123046875
12062.515625
11878.4287109375
11674.810546875
11479.9208984375
11310.3486328125
11166.4150390625
11032.986328125
10907.3427734375
10767.9150390625
10634.89453125
10524.9736328125
10417.130859375
10325.01171875
10241.7470703125
10167.4111328125
10084.0888671875
9990.2470703125
9894.9658203125
9797.3916015625
9707.0908203125
9619.3564453125
9534.328125
9460.359375
9377.267578125
9295.4248046875
9205.7939453125
9115.1875
9020.908203125
8928.2294921875
8840.5869140625
8752.427734375
8676.28515625
8592.849609375
8507.5498046875
8431.4111328125
8349.044921875
8270.978515625
8185.2421875
8103.05029296875
8022.09765625
7945.21728515625
7875.8056640625
7805.26416015625
7735.685546875
7661.9970703125
7587.2412109375
7519.63916015625
7443.0712890625
7367.83203125
7289.466796875
7214.0947265625
7137.228515625
7071.0439453125
7018.65869140625
6966.18359375
6916.53515625
6866.17919921875
6816.61572265625
6772.5380859375
6724.029296875
6677.4609375
6630.00341796875
6584.13818359375
6536.38916015625
6488.27294921875
6441.509765625
6393.01611328125
6345.8837890625
6297.12451171875
6248.80029296875
6205.8212890625
6159.7216796875
6116.37060546875
6072.63330078125
6031.1943359375
5989.275390625
5948.24365234375
5909.3056640625
5869.84228515625
5832.3232421875
5793.5244140625
