20000.0
20000.0
20000.0
20000.0
20000.0
20000.0
20000.0
20000.0
20000.0
20000.0
20000.0
20000.0
20000.0
20000.0
20000.0
20000.0
20000.0
20000.0
20000.0
20000.0
20000.0
20000.0
20000.0
20000.0
20000.0
19999.37109375
19999.9375
20000.0
20000.0
20000.0
19999.998046875
20000.0
20000.0
20000.0
20000.0
19999.998046875
20000.0
20000.0
19999.990234375
20000.0
19923.99609375
19213.59375
18598.814453125
17971.88671875
17409.294921875
16840.177734375
16312.2705078125
15791.8359375
15268.900390625
14778.2080078125
14303.541015625
13868.1025390625
13446.1689453125
13055.9619140625
12729.1796875
12395.4951171875
12092.197265625
11796.1494140625
11557.05859375
11335.8291015625
11128.208984375
10937.796875
10749.2861328125
10572.4296875
10381.193359375
10175.1552734375
9974.0419921875
9784.677734375
9611.9892578125
9440.474609375
9276.595703125
9105.2119140625
8938.287109375
8781.294921875
8626.9580078125
8473.015625
8313.2822265625
8165.5341796875
8043.40869140625
7923.46875
7822.28955078125
7710.38232421875
7596.77392578125
7486.1279296875
7382.85009765625
7288.4267578125
7199.0107421875
7117.322265625
7036.18310546875
6958.51611328125
6893.42724609375
6823.03173828125
6752.32666015625
6679.72119140625
6611.650390625
6544.35791015625
6479.89990234375
6419.57421875
6358.37353515625
6299.91455078125
6239.5087890625
6178.353515625
6122.71923828125
6061.20361328125
6002.11181640625
5941.3515625
5883.26416015625
5823.1533203125
5763.95166015625
5707.880859375
5650.791015625
5596.03076171875
5540.080078125
5485.0068359375
5436.162109375
5382.11669921875
5329.650390625
5274.984375
5221.90869140625
5164.94775390625
5108.2431640625
5054.15869140625
4998.88623046875
4945.33203125
4889.40234375
