20000.0
20000.0
20000.0
20000.0
20000.0
20000.0
20000.0
20000.0
20000.0
20000.0
20000.0
20000.0
20000.0
20000.0
20000.0
20000.0
20000.0
20000.0
20000.0
20000.0
20000.0
20000.0
20000.0
20000.001953125
20000.0
19999.97265625
20000.0
20000.0
20000.0
19999.99609375
19999.998046875
19999.892578125
19999.99609375
19999.998046875
20000.0
20000.0
20000.0
20000.0
20000.0
20000.0
20000.0
20000.0
19632.255859375
19057.4453125
18514.115234375
17970.9140625
17469.130859375
16974.814453125
16495.71484375
16045.0029296875
15564.361328125
15017.0458984375
14560.70703125
14144.3232421875
13783.35546875
13391.849609375
13033.6240234375
12689.080078125
12346.7001953125
12046.4794921875
11764.775390625
11529.193359375
11280.583984375
11011.9453125
10761.6611328125
10539.0078125
10342.6181640625
10128.275390625
9914.3271484375
9692.4208984375
9485.677734375
9285.6494140625
9096.9912109375
8921.015625
8743.0283203125
8581.4853515625
8421.125
8262.8544921875
8120.81103515625
7964.6513671875
7814.52001953125
7660.67626953125
7513.8720703125
7364.65087890625
7216.2568359375
7074.8232421875
6937.72119140625
6808.435546875
6674.64404296875
6540.06005859375
6416.537109375
6275.8583984375
6139.02685546875
5996.2021484375
5862.70751953125
5733.26806640625
5609.77294921875
5494.72216796875
5380.11767578125
5273.56103515625
5168.03515625
5071.4833984375
4992.23974609375
4908.65625
4830.86767578125
4753.90771484375
4681.28955078125
4607.5869140625
4534.541015625
4463.74365234375
4388.15234375
4317.46044921875
4248.18505859375
4189.984375
4139.421875
4084.1005859375
4031.414794921875
3978.537109375
3929.163818359375
3879.697265625
3831.291748046875
3785.140625
3738.3203125
3693.894287109375
3648.52734375
