20000.0
20000.0
20000.0
20000.0
20000.0
20000.0
20000.0
20000.0
20000.0
20000.0
20000.0
20000.0
20000.0
20000.0
20000.0
20000.0
20000.0
20000.0
20000.0
20000.0
20000.0
20000.0
20000.0
20000.0
19998.150390625
20000.0
20000.0
20000.0
20000.0
20000.0
20000.0
19999.966796875
20000.0
20000.0
19792.583984375
19235.744140625
18638.845703125
18109.85546875
17584.357421875
17074.869140625
16593.494140625
16155.7470703125
15790.033203125
15414.8896484375
15073.005859375
14702.0517578125
14293.3681640625
13948.3466796875
13635.5166015625
13356.4228515625
13089.5126953125
12841.7822265625
12606.8720703125
12401.595703125
12234.3681640625
12047.47265625
11857.0869140625
11655.478515625
11476.0390625
11296.7529296875
11136.08203125
10996.2158203125
10859.92578125
10736.9794921875
10618.20703125
10503.908203125
10403.7431640625
10292.951171875
10186.7607421875
10079.30078125
9978.19140625
9874.951171875
9773.33984375
9676.875
9577.9111328125
9481.2607421875
9381.4404296875
9282.107421875
9191.853515625
9088.728515625
8986.7236328125
8879.857421875
8774.3955078125
8663.7490234375
8551.4638671875
8441.1318359375
8325.7841796875
8212.7548828125
8099.607421875
7989.74072265625
7892.35791015625
7784.119140625
7674.9091796875
7557.02392578125
7441.48974609375
7321.236328125
7202.54345703125
7089.60986328125
6972.6875
6862.0498046875
6749.9462890625
6641.52685546875
6549.7470703125
6455.37841796875
6369.99658203125
6287.13720703125
6211.5810546875
6137.5
6066.6865234375
5997.82080078125
5927.474609375
5860.11328125
5791.22607421875
5723.47119140625
5663.64892578125
5576.84765625
5486.837890625
5397.40283203125
5315.966796875
5236.47265625
5160.36767578125
5089.369140625
5018.27490234375
4951.33935546875
4883.9296875
