20000.0
20000.0
20000.0
20000.0
20000.0
20000.0
20000.0
20000.0
20000.0
20000.0
20000.0
20000.0
20000.0
20000.0
20000.0
20000.0
20000.0
20000.0
20000.0
20000.0
20000.0
19999.7109375
20000.0
20000.0
20000.0
20000.0
20000.0
20000.0
20000.0
20000.0
20000.0
20000.0
20000.0
20000.0
20000.0
20000.0
20000.0
20000.0
19999.99609375
20000.0
20000.0
20000.0
19891.369140625
18815.01953125
17802.107421875
16942.8515625
16235.7294921875
15686.7919921875
15442.3583984375
15214.5830078125
14754.8173828125
14312.03125
13882.0673828125
13484.703125
13160.1064453125
12831.5849609375
12534.228515625
12257.1123046875
12009.001953125
11766.58203125
11539.2060546875
11332.685546875
11132.447265625
10950.5693359375
10772.10546875
10605.37890625
10462.400390625
10312.9677734375
10176.1953125
10042.33203125
9919.57421875
9799.8271484375
9686.552734375
9582.486328125
9480.546875
9386.8876953125
9294.4609375
9204.9892578125
9129.0234375
9049.0068359375
8975.046875
8901.2353515625
8833.0625
8765.5791015625
8701.4443359375
8642.404296875
8584.4814453125
8531.302734375
8479.169921875
8429.923828125
8387.3779296875
8342.60546875
8301.224609375
8260.509765625
8222.91015625
8186.00439453125
8150.7392578125
8117.81689453125
8085.35400390625
8055.41943359375
8025.533203125
7996.90625
7972.17041015625
7946.125
7921.771484375
7897.44970703125
7874.5947265625
7851.89208984375
7829.9013671875
7809.31591796875
7787.97705078125
7767.806640625
7747.65576171875
7727.69970703125
7709.87841796875
7690.26025390625
7671.46044921875
7652.12109375
7633.24951171875
7613.6689453125
7593.88330078125
7574.3974609375
7553.92236328125
7533.66015625
7512.24072265625
