20000.0
20000.0
20000.0
20000.0
20000.0
20000.0
20000.0
20000.0
20000.0
20000.0
20000.0
20000.0
20000.0
20000.0
20000.0
20000.0
20000.0
20000.0
20000.0
20000.0
20000.0
20000.0
20000.0
20000.0
20000.0
20000.0
20000.0
20000.0
20000.0
20000.0
20000.0
20000.0
20000.0
20000.0
19997.6796875
19999.572265625
20000.0
19999.904296875
19999.998046875
20000.0
20000.0
19999.986328125
19461.18359375
18848.912109375
18292.26953125
17810.783203125
17364.951171875
16958.06640625
16597.958984375
16261.1953125
15961.3505859375
15677.1357421875
15414.8896484375
15193.06640625
14957.6171875
14738.9658203125
14524.33203125
14325.91015625
14129.45703125
13942.1640625
13767.982421875
13594.556640625
13432.0771484375
13268.8779296875
13105.4990234375
12956.6943359375
12798.923828125
12652.638671875
12504.62109375
12364.015625
12221.751953125
12082.7275390625
11951.03515625
11818.314453125
11695.279296875
11573.4736328125
11449.7255859375
11340.189453125
11223.1953125
11114.1796875
11005.642578125
10903.236328125
10800.2470703125
10700.177734375
10606.431640625
10513.8974609375
10429.3662109375
10344.271484375
10263.4130859375
10193.84375
10119.4326171875
10049.4921875
9987.0
9930.080078125
9873.2880859375
9818.4287109375
9766.869140625
9715.3466796875
9664.357421875
9611.6572265625
9559.6826171875
9513.587890625
9463.345703125
9415.671875
9367.7177734375
9322.3251953125
9276.419921875
9231.416015625
9188.44140625
9144.2958984375
9101.921875
9058.76953125
9016.3271484375
8979.7333984375
8938.2626953125
8898.095703125
8857.6767578125
8819.373046875
8780.7421875
8743.3017578125
8708.2822265625
8673.50390625
8641.1015625
8608.923828125
