25400.0
25400.0
25046.853515625
24439.68359375
23941.935546875
23618.841796875
23587.62109375
23593.25
23608.302734375
23634.728515625
23689.794921875
23804.78515625
24176.900390625
24775.279296875
25008.75
26326.373046875
32226.455078125
43740.515625
57539.3203125
66820.0703125
72030.2265625
76641.703125
80571.9921875
83435.0
85553.734375
87360.90625
88727.8984375
89824.3203125
90855.046875
91716.59375
92579.1875
93391.7890625
94105.34375
94748.6796875
95296.3046875
95794.6484375
96252.71875
96690.4140625
97077.5078125
97568.96875
98043.9453125
98429.390625
98786.3359375
99062.3984375
99296.2890625
99488.6171875
99691.5703125
99921.1796875
100139.953125
100355.3203125
100535.984375
100683.0234375
101008.1328125
101381.6875
101718.2109375
101991.5
102239.0234375
102424.7265625
102572.21875
102722.1171875
102802.2265625
102858.5859375
102906.5859375
102959.765625
103022.8359375
103084.4609375
103147.9609375
103196.8828125
103186.65625
103129.640625
103041.7578125
102941.28125
102841.4296875
102744.6171875
102658.6875
102524.1640625
102358.359375
102199.921875
102070.3046875
101954.4296875
101835.4921875
101965.203125
102285.34375
102480.921875
102619.8515625
102722.671875
102788.4609375
102826.71875
102855.28125
102871.328125
102865.5
102839.015625
102795.4921875
102758.4375
102869.421875
102960.875
103014.234375
103024.8359375
103003.1015625
102962.6953125
102903.5390625
102840.9296875
102763.3984375
102682.2734375
102596.265625
102495.390625
102388.2578125
102294.375
102220.1796875
102147.734375
102078.296875
101995.890625
101915.4296875
101845.859375
101776.7265625
101718.453125
101665.453125
101592.703125
101528.953125
101476.21875
101426.0546875
101383.171875
101356.96875
101347.921875
