25400.0
25400.0
25400.0
25400.0
25400.0
25400.0
25400.0
25400.0
25400.0
25400.0
25400.0
25400.0
25400.0
25400.0
25400.0
25400.0
25400.0
25400.0
25400.0
25400.0
25400.0
25400.0
27599.302734375
47123.734375
66138.5390625
81802.3515625
93960.3984375
104306.8046875
114128.0625
121711.1875
127064.8671875
131697.78125
135224.109375
137828.0
140269.8125
142251.15625
143784.515625
144992.125
145992.96875
146678.1875
146800.78125
149379.375
150023.09375
149477.1875
149263.078125
143857.59375
140285.734375
136880.84375
134294.921875
132357.59375
130693.703125
129409.2109375
128370.75
127582.6328125
127104.890625
126929.8671875
126856.5703125
126742.2109375
126582.1015625
126468.3515625
126341.3828125
126208.5625
126079.359375
125838.0078125
125536.6953125
125220.3203125
124858.7578125
124393.546875
123904.234375
123364.3046875
122834.875
122266.1015625
121671.5234375
121046.6953125
120408.265625
119809.0390625
119223.1953125
118675.5703125
118225.0
117816.8984375
117444.609375
117074.796875
116726.0
116379.6953125
116048.4375
115741.0859375
115434.03125
115145.0234375
114856.0
114577.5703125
114337.8203125
114116.5703125
113934.90625
113772.5
113700.4609375
113653.5234375
113597.671875
113503.375
113364.9765625
113213.796875
113054.328125
112887.8828125
112706.703125
112439.65625
112152.9765625
111842.359375
111531.546875
111224.4609375
110931.9453125
110656.3984375
110381.59375
110116.734375
109859.09375
109620.640625
109414.4765625
109387.59375
109407.5703125
109376.984375
109312.96875
109212.890625
109085.9765625
108942.0390625
108776.7265625
108603.4609375
108414.4921875
