25400.0
25400.0
25106.419921875
24667.275390625
24392.751953125
24096.908203125
24054.509765625
24056.419921875
24072.4140625
24099.810546875
24138.43359375
24195.134765625
25283.595703125
32399.31640625
47197.0703125
68502.53125
91079.2734375
100931.9765625
103686.03125
104921.3359375
105460.9765625
105808.046875
105881.5078125
105729.421875
105428.765625
104955.65625
104473.171875
103972.3828125
103443.453125
102973.625
102507.421875
102053.25
101705.0078125
101415.96875
101115.3671875
100846.5703125
100634.4140625
100428.6875
100257.09375
100130.7265625
100074.3828125
100289.3046875
100512.8359375
100799.1328125
100999.9296875
101126.3515625
101207.7421875
101257.390625
101296.4140625
101321.015625
101357.8515625
101457.6171875
101565.140625
101649.296875
101723.5
101779.59375
101847.9765625
101903.8515625
102040.6875
102033.453125
101998.234375
101943.7265625
101843.375
101718.4609375
101605.09375
101652.125
101682.5859375
101710.4921875
101785.6953125
101847.203125
101888.2265625
101863.140625
101799.0703125
101710.671875
101612.9921875
101590.4140625
101573.6328125
101565.4296875
101550.1015625
101525.0859375
101488.8203125
101445.078125
101393.640625
101356.515625
101383.1953125
101420.5546875
101446.921875
101483.0625
101511.375
101518.2734375
101503.734375
101477.28125
101445.984375
101404.671875
101357.875
101328.375
101322.6796875
101335.34375
101352.21875
101374.8515625
101394.8125
101411.734375
101451.5703125
101501.1015625
101552.5546875
101724.59375
101893.0078125
102032.0546875
102143.8828125
102243.2734375
102310.9140625
102371.2734375
102426.015625
102469.765625
102513.1796875
102552.7890625
102598.5859375
102649.0625
102706.78125
102766.984375
102826.6875
102889.890625
102953.5390625
103024.2265625
