25400.0
25400.0
25400.0
25400.0
25400.0
25400.0
25400.0
25400.0
25400.0
25400.0
25400.0
25400.0
25400.0
25400.0
25400.0
25400.0
25400.0
25400.0
25400.0
25400.0
25400.0
25400.0
25400.0
25400.0
25400.0
29770.390625
44070.61328125
57758.0390625
70723.234375
81110.875
91326.2734375
99891.46875
107705.1796875
114218.6328125
119793.7109375
124834.6484375
128842.8671875
132226.390625
135001.78125
137460.328125
139606.671875
141480.234375
143285.3125
144890.15625
146295.140625
147449.90625
148405.3125
149197.65625
149717.40625
146078.71875
142955.984375
139541.90625
136323.6875
133656.328125
130777.375
128031.515625
125886.65625
124255.09375
122555.765625
120946.453125
119573.0859375
118355.4453125
117458.265625
116703.59375
116015.0546875
115446.46875
114859.9296875
114350.5703125
113890.265625
113544.3359375
113261.1796875
112954.1484375
112690.90625
112404.4296875
112126.96875
111849.171875
111581.3125
111342.9375
111086.8203125
110845.484375
110607.8671875
110401.265625
110212.8515625
110048.046875
109913.109375
109823.5625
109793.3203125
109798.7890625
109848.7421875
109922.78125
109975.9609375
110112.25
110296.953125
110540.609375
110816.890625
111122.8515625
111475.75
111896.828125
112338.9765625
112831.5078125
113308.40625
113671.0625
114001.421875
114233.4609375
114373.0859375
114404.1171875
114518.484375
115167.0546875
115726.90625
116189.5703125
116547.6015625
116843.8125
117083.6796875
117259.40625
117417.9375
117554.3671875
117686.3984375
117862.6953125
117998.1875
118070.0390625
118097.4140625
118081.90625
118038.9921875
117970.328125
