25400.0
25400.0
25400.0
25400.0
25400.0
25400.0
25400.0
25400.0
25400.0
25400.0
25400.0
25400.0
25400.0
25400.0
25400.0
25400.0
25400.0
25400.0
25400.0
25400.0
25400.0
25400.0
42199.5
61909.1171875
78888.6796875
90272.96875
97213.7265625
101874.6484375
106580.6328125
111565.2734375
115749.7734375
118866.109375
121666.015625
124080.75
126658.5546875
128735.3125
130492.171875
132608.390625
134615.109375
136503.515625
138152.265625
140757.40625
143831.25
141346.59375
136684.515625
132840.625
129929.7421875
127694.0390625
125297.8828125
123151.8203125
121695.5390625
120402.7109375
119465.5390625
118694.75
118122.5078125
117871.5234375
118266.59375
118789.0
119265.171875
119660.2890625
120034.6015625
120669.9765625
121315.90625
121707.9140625
122001.6484375
122183.46875
122181.1953125
121965.34375
121625.8828125
121324.3671875
121032.53125
120732.828125
120375.8046875
120014.5078125
119680.9765625
119237.421875
118782.1328125
118337.390625
117915.4609375
117548.7578125
117175.296875
116811.8984375
116442.1640625
116107.90625
115782.0546875
115470.34375
115216.4140625
115003.4921875
114796.4921875
114584.65625
114390.6015625
114231.5078125
114096.6328125
114072.21875
114059.625
114057.7578125
113989.2578125
113833.796875
113622.796875
113274.21875
112888.90625
112479.9453125
112301.0703125
112339.4921875
112325.765625
112244.7265625
112102.1640625
111915.9453125
111680.7734375
111408.625
111122.5
110812.8671875
110502.546875
110171.5234375
109857.3828125
109614.03125
109352.15625
109090.1015625
108870.296875
108670.1171875
108481.0234375
108308.6953125
108142.25
107968.71875
107799.1328125
107623.9296875
