25400.0
25400.0
25400.0
25400.0
25400.0
25400.0
25400.0
25400.0
25400.0
25400.0
25400.0
25400.0
25400.0
25400.0
25400.0
25400.0
25400.0
25400.0
38816.90234375
51267.80078125
62083.70703125
79990.3125
93685.8203125
105999.859375
116659.4375
124960.7421875
131854.5625
133506.78125
131733.296875
129832.6015625
128022.8671875
125977.8046875
124039.1328125
122104.203125
120322.0859375
118619.5390625
117048.671875
115637.28125
114330.203125
113190.0546875
112099.5234375
111082.765625
110211.59375
109303.8984375
108391.0234375
107347.6171875
106398.1015625
105503.9140625
104712.7421875
104009.015625
103398.8515625
102972.0703125
102587.5703125
102194.1953125
101801.4453125
101405.6875
101123.3515625
100855.140625
100633.0390625
100479.453125
100349.9140625
100339.6953125
100339.3515625
100285.015625
100355.8984375
100618.7890625
100912.6328125
101252.71875
101596.0078125
102009.0234375
102490.546875
103106.078125
103723.7890625
104287.9296875
104816.4140625
105282.4453125
105715.15625
106138.8125
106491.6015625
106861.3515625
107191.9140625
107545.0859375
107966.9921875
108413.0625
108847.0546875
109241.0703125
109627.9921875
110027.734375
110390.109375
110705.3125
110971.3984375
111253.4453125
111566.2890625
111890.625
112184.8125
112449.0625
112711.8046875
112941.359375
113111.7734375
113209.3046875
113268.390625
113329.7578125
113348.921875
113246.7734375
113062.4375
112839.140625
112619.7265625
112437.34375
112282.7421875
112174.765625
112032.078125
111889.546875
111763.3671875
111637.8125
111518.1953125
111381.8984375
111477.390625
111742.59375
111972.9921875
112157.375
112290.90625
112377.296875
112427.78125
112443.3515625
112424.8828125
