25400.0
25400.0
25400.0
24920.66015625
24814.103515625
24814.103515625
24814.103515625
24869.146484375
24907.3984375
24916.794921875
24921.01171875
24924.337890625
24927.265625
24930.330078125
24934.201171875
24936.462890625
24938.197265625
24938.955078125
24938.35546875
25960.77734375
37764.20703125
53930.19140625
70470.0078125
85439.3125
99289.0234375
111161.859375
120236.7890625
125644.7734375
129396.921875
132116.71875
134279.640625
135162.34375
132502.640625
129919.8515625
127446.953125
125012.3671875
122780.9140625
120838.7109375
118922.359375
117175.7265625
115567.8203125
113976.6796875
112610.4140625
111255.09375
110066.2578125
108947.375
107992.75
107155.34375
106334.234375
105563.9453125
104799.171875
104192.9921875
103938.3046875
103660.0703125
103388.34375
103062.5390625
102697.5859375
102399.84375
102313.125
102261.140625
102116.3984375
101966.8046875
101950.609375
101975.6484375
101982.96875
102040.3203125
102107.6015625
102164.46875
102201.1640625
102221.40625
102277.1796875
102404.765625
102584.5546875
102776.6875
102958.125
103105.2890625
103236.484375
103371.515625
103506.8203125
103686.28125
103930.2421875
104220.703125
104520.28125
104846.046875
105212.7265625
105635.125
106071.890625
106482.6875
106915.8359375
107382.71875
107765.4921875
108162.015625
108525.46875
108876.0625
109184.21875
109470.546875
109727.9609375
109952.6171875
110177.046875
110404.53125
110641.0546875
110878.1328125
111086.171875
111303.046875
111503.1015625
111707.0625
111936.4921875
112135.3359375
112303.875
112442.5078125
112564.2734375
112658.390625
112728.4375
112771.734375
112779.921875
112756.2265625
112709.4375
112633.234375
112522.8359375
112382.2265625
112238.5703125
112101.3125
111968.5703125
111841.609375
111711.875
