25400.0
25400.0
25400.0
25400.0
25399.513671875
25398.291015625
25396.875
25393.970703125
25391.708984375
25389.978515625
25388.78125
25387.9296875
25387.357421875
25386.98828125
25386.73828125
25386.580078125
25386.4765625
25386.4140625
25386.380859375
25386.330078125
25386.15234375
25385.8125
25385.58984375
25385.58984375
43542.7578125
65781.7265625
83005.1015625
97398.703125
108384.7890625
116007.1015625
120480.140625
123357.890625
126434.21875
128919.4140625
131589.125
133785.9375
135501.90625
136825.078125
136160.296875
133203.125
130565.796875
127954.9375
125546.046875
123581.796875
121665.7734375
119718.8671875
117827.5625
116163.875
114648.0390625
113272.4765625
112049.78125
110924.328125
109973.609375
109063.875
108181.6953125
107473.8984375
106892.7578125
106420.3203125
106096.3125
105744.890625
105317.71875
104915.578125
104603.2890625
104312.9375
104083.3671875
103847.265625
103679.9921875
103711.46875
103881.046875
104023.2578125
104152.265625
104241.6640625
104297.5078125
104350.515625
104416.828125
104523.1953125
104668.3359375
104864.7734375
105089.4296875
105302.53125
105541.3671875
105777.6875
106033.8671875
106314.7109375
106662.984375
107040.4921875
107430.890625
107866.5546875
108269.6953125
108666.8046875
109080.578125
109476.046875
109883.5390625
110223.7421875
110547.7421875
110841.296875
111123.8828125
111381.7265625
111603.984375
111794.8125
111933.0234375
112039.1015625
112102.703125
112121.109375
112108.703125
112065.3671875
112000.578125
111924.1640625
111849.828125
111812.515625
111809.515625
111806.59375
111788.28125
111794.1796875
111985.046875
112142.03125
112270.5390625
112357.2578125
112416.8828125
112452.53125
112470.703125
112474.5
112454.5703125
112407.46875
112348.640625
112289.8125
