25400.0
25400.0
25400.0
25400.0
25400.0
25400.0
25400.0
25400.0
25400.0
25400.0
25400.0
25400.0
25400.0
25400.0
25400.0
25400.0
25400.0
25400.0
25400.0
25400.0
25400.0
26548.1171875
46221.5625
65895.578125
82367.859375
94284.828125
105111.921875
114728.0546875
122401.6328125
128205.9296875
132429.390625
136390.828125
139162.0625
141556.859375
143466.328125
145117.140625
146279.828125
147241.796875
147749.03125
149457.921875
143186.203125
138372.90625
134750.203125
131085.359375
128143.296875
125964.0
124142.0546875
122205.6328125
120602.203125
119424.375
118368.4609375
117597.046875
116947.0703125
116493.9140625
116367.9609375
116301.4453125
116225.25
116208.4375
116197.25
116208.6875
116261.125
116314.453125
116276.3671875
116272.7265625
116259.1796875
116168.21875
116034.609375
115842.234375
115622.5546875
115365.984375
115119.265625
114839.8984375
114535.1875
114236.4140625
113936.2109375
113657.53125
113382.9453125
113109.171875
112868.90625
112617.7265625
112387.1953125
112166.96875
112008.625
111899.6953125
111802.7265625
111710.03125
111574.453125
111416.34375
111290.7421875
111186.90625
111099.265625
111011.5546875
110966.1328125
110921.8046875
110874.71875
110822.765625
110768.1171875
110710.03125
110644.1171875
110575.5
110505.5390625
110446.5703125
110407.265625
110356.984375
110284.6015625
110215.671875
110152.34375
110118.4609375
110086.7109375
110048.9609375
110006.3359375
109961.0078125
109961.5703125
109959.2421875
109946.09375
109920.7890625
109888.4765625
109845.796875
109796.6015625
109744.4921875
109693.3515625
109652.40625
109624.8515625
109668.53125
109700.2109375
