25400.0
25400.0
25087.962890625
24828.27734375
24802.255859375
24380.619140625
24119.0859375
24021.171875
24016.841796875
24039.98046875
24075.59375
24139.271484375
24213.431640625
24306.31640625
24433.52734375
24790.267578125
25029.294921875
25134.380859375
25171.099609375
25189.556640625
25200.533203125
25209.35546875
25222.58203125
25305.837890625
25901.99609375
27645.091796875
32161.82421875
39686.23046875
47616.7109375
54707.65625
61563.19140625
68689.875
74085.4296875
78667.09375
82635.0859375
86465.609375
89783.6015625
92556.015625
95088.6171875
97331.265625
99412.71875
101348.4609375
103116.671875
105115.828125
107282.0
109379.109375
111369.2109375
113266.4453125
115066.3203125
116902.4765625
118990.4609375
121320.1171875
123901.28125
126755.515625
129467.7109375
132457.53125
135251.828125
134486.265625
133232.65625
132031.171875
130787.1328125
129551.6796875
128381.2421875
127386.28125
126346.671875
125503.4140625
124710.65625
123799.46875
122887.9765625
122070.3515625
121439.703125
121012.375
120962.78125
120980.2734375
121038.71875
120952.671875
120970.609375
121057.1328125
121023.5625
120918.046875
120779.2734375
120577.5625
120297.71875
119883.8203125
119462.359375
119206.6875
118999.078125
118754.484375
118467.015625
118177.109375
117903.0078125
117569.6171875
117217.078125
116846.109375
116484.5234375
116172.7578125
115863.53125
115560.484375
115258.8984375
115034.1875
114913.671875
114884.71875
114913.984375
114979.1015625
115053.8046875
115132.140625
115326.5390625
115518.5
115688.0546875
115847.3203125
115977.203125
115977.828125
115921.078125
116050.0390625
116184.625
116311.9921875
116423.6015625
116510.7265625
116560.6171875
116579.875
116574.5703125
116573.4609375
116691.1171875
116950.234375
117138.3828125
