25400.0
25400.0
25113.75
24484.734375
24362.03125
24040.1328125
23915.328125
23880.779296875
23878.375
23881.509765625
23888.279296875
23897.603515625
23910.40625
23928.72265625
23959.927734375
24014.515625
24106.033203125
24597.64453125
24961.923828125
25102.1015625
25124.515625
25661.125
27814.984375
34507.7578125
45695.546875
56484.59375
66086.8359375
73887.4296875
78256.5703125
81516.5859375
83660.3125
85533.9140625
86975.421875
88380.625
89597.7265625
90655.5546875
91510.625
92187.28125
92788.6015625
93433.25
94087.9453125
94707.171875
95223.1171875
95740.96875
96188.890625
96598.453125
97016.3515625
97432.296875
97887.296875
98371.421875
98875.3046875
99276.5703125
99624.7421875
99949.5703125
100206.5
100448.953125
100666.6953125
100858.046875
101018.7734375
101174.8203125
101339.2578125
101494.0078125
101690.8515625
101860.7578125
102011.3984375
102195.7578125
102640.765625
103072.1640625
103448.9765625
103804.1015625
104108.046875
104394.359375
104668.359375
104906.203125
105121.96875
105309.234375
105489.59375
105663.859375
105890.2265625
106106.2109375
106283.7734375
106428.203125
106587.328125
106704.578125
106778.7734375
106820.4296875
106833.2421875
106822.8203125
106796.234375
106780.9140625
106767.8203125
106747.5390625
106718.0703125
106677.4765625
106629.6796875
106575.8359375
106515.4609375
106456.765625
106404.7578125
106364.8984375
106328.7109375
106295.6171875
106263.28125
106226.0234375
106190.515625
106154.984375
106122.78125
106089.4296875
106054.8046875
106020.6328125
105985.0546875
105947.4453125
105907.1875
105863.25
105820.6640625
105766.9609375
105699.6484375
105628.5234375
105570.9765625
105542.5625
105487.59375
105412.8203125
105325.609375
105241.4296875
105166.9765625
