25400.0
25400.0
25400.0
25161.125
24869.279296875
24720.26171875
24720.26171875
24759.96484375
24799.62890625
24807.97265625
24810.720703125
24812.658203125
24814.498046875
24816.265625
24818.0234375
24819.64453125
24821.259765625
24822.75
24824.341796875
24826.8828125
24828.353515625
24829.427734375
24830.470703125
24831.373046875
24831.03125
24829.62109375
24836.056640625
26086.50390625
36412.56640625
49451.1640625
60805.46484375
73923.875
84772.578125
94737.625
103568.0
111843.9609375
119419.8671875
126032.4453125
131939.0625
136745.78125
137906.59375
137153.546875
136346.09375
135284.671875
134083.1875
132747.484375
131402.328125
129998.8828125
128616.71875
127357.671875
126086.7109375
124845.0625
123607.7421875
122433.65625
121438.5859375
120400.296875
119457.4296875
118533.9921875
117669.703125
116848.4453125
116106.6015625
115451.515625
114865.5546875
114183.4765625
113471.8046875
112835.296875
112396.140625
111958.8828125
111519.40625
111106.234375
110488.125
109815.203125
109196.515625
108643.4375
108127.7421875
107776.171875
108138.6015625
108420.8984375
108410.8125
108105.4609375
107675.6953125
107189.671875
106820.0625
106585.890625
106373.421875
106128.109375
106061.2890625
106095.4140625
106102.1640625
106054.1640625
106006.4296875
105946.796875
105865.734375
105713.546875
105584.9921875
105502.5703125
105474.7734375
105461.5234375
105461.9765625
105463.828125
105462.046875
105464.2734375
105473.84375
105493.1015625
105513.75
105527.1484375
105535.0234375
105543.640625
105553.3828125
105563.0078125
105572.1875
105579.578125
105585.890625
105588.75
105587.296875
105571.5625
105544.7421875
105518.53125
105496.3671875
105476.5078125
105458.59375
105441.328125
105423.09375
105404.6328125
105377.9453125
