25400.0
25400.0
25400.0
25400.0
25400.0
25400.0
25400.0
25400.0
25400.0
25400.0
25400.0
25400.0
25400.0
25400.0
25400.0
25400.0
25400.0
25400.0
25400.0
25400.0
26318.216796875
46711.78125
66061.6953125
77120.1015625
83731.0625
91025.625
96896.2578125
101863.734375
105953.1484375
109516.84375
113695.7734375
117305.515625
120567.4296875
123582.8203125
126729.359375
129963.25
133214.375
136190.53125
136821.984375
133940.234375
131495.65625
129575.171875
127771.40625
126027.84375
124102.8203125
122425.375
120950.2890625
119625.0703125
118492.203125
117488.921875
116466.84375
115530.984375
115139.6015625
115090.765625
115088.8828125
114864.84375
114947.3671875
114843.0625
114579.5703125
114471.484375
114547.7734375
114684.1015625
114931.6875
115233.9921875
115562.78125
116007.5078125
116546.4296875
116953.5390625
117269.7578125
117313.2890625
117378.28125
117429.796875
117420.125
117370.7890625
117346.2890625
117290.34375
117203.53125
117105.0390625
116976.1796875
116839.71875
116702.4453125
116573.59375
116435.265625
116297.0546875
116165.5546875
116030.671875
115910.875
115795.8125
115669.390625
115536.890625
115420.125
115340.4375
115231.6015625
115126.375
115015.53125
114900.9609375
114784.140625
114659.3125
114606.3828125
114617.6796875
114747.4375
114932.8515625
115134.8203125
115114.46875
115065.515625
115053.953125
115084.6328125
114936.9453125
114623.71875
114202.734375
113755.9765625
113291.78125
112843.6640625
112464.0234375
112176.8125
112156.046875
112133.703125
112072.328125
111969.171875
111832.875
111675.4453125
111491.921875
111299.921875
111088.9609375
