25400.0
25400.0
25400.0
25326.30859375
25244.193359375
25244.193359375
25244.193359375
25244.193359375
25244.193359375
25244.193359375
25244.193359375
25244.193359375
25244.193359375
25244.193359375
25244.193359375
25244.193359375
25244.193359375
25244.193359375
25244.193359375
25244.193359375
25244.193359375
25244.193359375
25244.193359375
35604.2109375
53555.1484375
69404.0078125
83199.6328125
95110.7421875
105901.375
114769.546875
121727.4921875
128285.921875
133616.109375
138026.71875
141332.515625
143982.1875
144852.4375
141858.921875
139016.953125
136407.59375
133892.40625
131511.34375
129498.03125
127469.6328125
125610.921875
123731.875
121953.1015625
120259.75
118692.390625
117280.1171875
115787.6875
114428.8359375
113075.953125
112307.2578125
111566.5390625
110826.9296875
110173.984375
109471.8671875
109038.75
108832.0703125
108558.3203125
108212.171875
107928.6484375
107792.53125
107686.7578125
107578.0546875
107460.078125
107320.7421875
107208.1875
107097.328125
106940.875
106762.7578125
106582.4453125
106426.625
106279.734375
106140.9921875
106002.1796875
105869.875
105751.953125
105667.8125
105620.9609375
105557.5546875
105474.5
105369.7421875
105252.78125
105132.59375
105003.71875
104876.25
104743.0546875
104609.3046875
104489.296875
104358.4375
104235.7890625
104115.5546875
104009.46875
103916.6015625
103845.8515625
103799.515625
103777.234375
103777.984375
103798.828125
103836.171875
103882.4296875
103946.9453125
104023.1796875
104131.609375
104294.515625
104479.5390625
104671.40625
104859.859375
105057.9921875
105249.9140625
105447.53125
105643.5
105819.25
106015.7421875
106203.9453125
106399.984375
106590.8828125
106794.1328125
107002.0390625
107201.953125
107343.359375
107504.34375
107725.890625
