25400.0
25400.0
25396.181640625
24869.96875
24645.78125
24687.119140625
24741.8125
24759.453125
24763.16015625
24766.095703125
24769.060546875
24772.2265625
24775.3359375
24778.287109375
24781.38671875
24785.439453125
24788.095703125
24790.244140625
24792.064453125
24793.962890625
24795.580078125
24796.921875
24802.109375
25454.01953125
33572.6796875
44726.47265625
56589.2890625
69278.6015625
80383.4453125
89732.703125
97530.1171875
104445.3828125
110173.9296875
115296.25
119010.5859375
122278.3984375
125216.390625
127561.9609375
126998.5390625
125368.3203125
123775.6171875
122222.6875
120851.265625
119591.7734375
118401.0390625
117170.4453125
115980.1171875
114773.7734375
113630.421875
112592.0546875
111584.9921875
110643.1640625
109708.6796875
108819.359375
108119.0390625
107500.3359375
106957.828125
106416.703125
106039.9609375
105774.5859375
105623.8671875
105493.1484375
105364.859375
105553.1484375
105712.53125
105757.4375
105734.3671875
105657.5234375
105687.953125
105943.34375
106048.5390625
106191.84375
106386.71875
106614.34375
106809.078125
106918.046875
107101.2734375
107312.984375
107437.6484375
107517.9765625
107643.953125
107717.515625
107744.7109375
107730.734375
107735.3515625
107848.65625
107993.6640625
108103.4296875
108159.140625
108178.75
108178.3046875
108178.90625
108194.03125
108222.8359375
108273.0546875
108350.4765625
108479.5703125
108675.3359375
108880.125
109069.0234375
109254.3515625
109431.3359375
109588.8515625
109761.0625
109923.453125
110087.0625
110242.1171875
110400.5
110557.3671875
110706.8671875
110858.28125
111000.6953125
111143.0546875
111279.3359375
111395.671875
111516.125
111629.9375
111744.5
111811.1640625
111844.484375
111893.0703125
111953.828125
112090.84375
112232.96875
112399.0078125
