25400.0
25400.0
25400.0
25400.0
25400.0
25400.0
25400.0
25400.0
25400.0
25400.0
25400.0
25400.0
25400.0
25400.0
25400.0
25400.0
25400.0
25400.0
25400.0
25400.0
25400.0
25400.0
25400.0
25400.0
25400.0
25400.0
25400.0
29559.1640625
47890.06640625
63131.359375
77001.75
87967.953125
96582.1796875
102240.7734375
106295.15625
109334.2890625
111870.140625
114408.4765625
117138.8984375
119609.5
121767.4140625
123498.0
125399.8984375
127083.328125
128517.8125
129695.03125
130679.7421875
130263.359375
128260.1171875
126403.0859375
124722.5546875
123160.3046875
121725.484375
120514.4609375
119250.2421875
118118.2265625
117017.59375
116035.203125
115098.4765625
114290.921875
113325.4453125
112342.828125
111452.5703125
110599.65625
109814.6640625
109159.5546875
108497.109375
107938.625
107463.171875
107062.5859375
106683.2421875
106326.3046875
106004.609375
105702.71875
105362.2109375
105016.15625
104701.9609375
104437.7421875
104203.109375
104102.8203125
104091.15625
104203.78125
104332.984375
104425.765625
104507.9296875
104689.8671875
104820.796875
104898.9765625
105016.1640625
105143.5078125
105274.34375
105389.5546875
105546.3203125
105733.1875
106037.5078125
106400.8984375
106758.7421875
107120.7421875
107438.2578125
107719.2890625
107967.6796875
108174.8046875
108372.484375
108497.3515625
108605.6953125
108717.1796875
108865.421875
109031.921875
109200.9921875
109380.6640625
109557.5078125
109733.6484375
109898.9140625
110049.171875
110320.7265625
110557.2265625
110798.3046875
111029.40625
111267.625
111506.5625
111737.53125
111978.1875
112221.6484375
112480.6953125
