25400.0
25400.0
25400.0
25400.0
25394.169921875
25388.33203125
25384.021484375
25380.595703125
25378.13671875
25375.43359375
25373.869140625
25373.01171875
25372.515625
25372.23828125
25372.087890625
25372.00390625
25371.958984375
25371.939453125
25371.939453125
25371.857421875
25371.689453125
25370.98046875
28648.240234375
48394.45703125
69560.21875
86458.2578125
99793.09375
112838.203125
122923.171875
130119.7578125
135229.609375
138516.09375
140978.984375
142388.125
142992.390625
142694.71875
142575.25
141906.125
137904.359375
134403.203125
130893.9296875
127669.4453125
124866.125
122702.1015625
120448.078125
118676.78125
117025.015625
115482.65625
113968.2734375
112919.2578125
112060.2421875
111251.984375
110469.7109375
109744.3046875
109087.0546875
108643.6015625
108312.2109375
108188.4609375
108314.9140625
108438.0625
108544.2109375
108655.296875
108799.515625
108989.5859375
109176.1953125
109358.4609375
109540.84375
109706.8984375
109889.0390625
110060.3671875
110234.6875
110418.859375
110639.4296875
110936.1328125
111205.1796875
111447.484375
111665.0703125
111887.9375
112116.4453125
112327.3359375
112560.578125
112778.671875
112989.96875
113177.25
113350.6953125
113500.1171875
113614.359375
113688.390625
113732.5703125
113818.3828125
113885.703125
113931.1171875
113974.5078125
113998.0078125
113983.921875
114049.0
114135.109375
114196.2578125
114226.6953125
114229.65625
114193.859375
114121.3671875
114025.578125
113923.1875
113786.6640625
113626.265625
113427.8828125
113205.953125
112945.5859375
112664.7265625
112391.078125
112103.625
111805.1875
111498.9921875
111193.3203125
110919.265625
110617.328125
110321.234375
110025.75
109751.359375
109508.7421875
109297.2890625
109115.1328125
108943.8203125
108787.4375
108733.671875
