25400.0
25400.0
25328.91015625
24693.525390625
24683.0859375
24551.29296875
24510.171875
24500.75390625
24500.419921875
24502.888671875
24506.326171875
24509.966796875
24513.45703125
24517.015625
24520.33984375
24523.787109375
24531.26171875
24538.02734375
24545.91796875
24554.93359375
24586.333984375
27446.73046875
35009.4296875
46196.1953125
57787.60546875
71851.3828125
84720.5234375
96199.34375
101956.265625
105490.4296875
108767.9453125
111067.4921875
112470.671875
113271.6953125
113729.921875
113862.9296875
113772.40625
113524.71875
113187.171875
112794.15625
112422.765625
112037.9140625
111491.2421875
110885.7578125
110188.4609375
109499.3359375
108861.6484375
108256.1875
107703.84375
107286.8125
106915.5234375
106534.40625
106145.84375
105790.59375
105393.2734375
105012.3671875
104631.609375
104266.875
103890.8671875
103524.671875
103290.2109375
103148.2578125
102991.578125
102827.109375
102678.640625
102559.8125
102437.078125
102319.578125
102196.171875
102079.75
101961.84375
101845.6953125
101750.0625
101650.046875
101551.21875
101447.3359375
101342.4296875
101248.0
101113.8359375
101004.3828125
100894.78125
100800.8984375
100707.6484375
100616.953125
100530.234375
100441.328125
100355.6484375
100264.8203125
100187.6953125
100169.4609375
100164.671875
100184.09375
100206.015625
100207.171875
100189.0546875
100155.9453125
100096.0546875
100083.890625
100025.1171875
99942.921875
99853.8203125
99770.1484375
99676.6953125
99588.171875
99505.03125
99409.4921875
99331.3203125
99374.265625
99402.734375
99387.5078125
99338.65625
99283.90625
99239.859375
99223.125
99302.671875
99452.703125
99644.3046875
99833.9453125
100018.953125
100188.75
100340.984375
100566.609375
100787.8515625
100970.890625
