25400.0
25400.0
25400.0
25400.0
25400.0
25400.0
25400.0
25400.0
25400.0
25400.0
25400.0
25400.0
25400.0
25400.0
25400.0
25400.0
25400.0
25400.0
25400.0
25400.0
25400.0
25400.0
25400.0
25400.0
36813.66796875
55288.87109375
70913.2109375
84572.6875
95395.1484375
103406.5234375
106830.03125
109592.921875
111586.265625
112999.6875
113875.9296875
114331.90625
114543.4296875
114641.875
114555.7265625
114320.2265625
113988.109375
113628.2890625
113194.7265625
112787.265625
112281.2109375
111738.390625
111197.0
110672.3359375
110185.140625
109700.3984375
109211.4453125
108715.1796875
108239.453125
107816.1171875
107366.390625
106965.1171875
106570.6875
106172.9609375
105736.609375
105282.453125
104850.6015625
104420.9765625
104020.5859375
103677.9765625
103564.5546875
103462.9921875
103342.1328125
103238.109375
103135.9453125
103025.796875
102899.546875
102764.1875
102685.5078125
102599.78125
102496.875
102374.90625
102261.265625
102168.8984375
102073.5078125
101979.015625
101875.6328125
101769.65625
101646.296875
101497.578125
101355.15625
101217.4140625
101083.0
100967.6171875
100881.375
100839.2734375
100824.09375
100795.375
100757.609375
100751.21875
100816.484375
100875.8046875
100909.1171875
100914.328125
100910.21875
101073.4296875
101419.6796875
101767.3125
102120.265625
102309.296875
102461.4921875
102592.8984375
102717.109375
102944.4921875
103192.6015625
103455.2734375
103670.921875
103841.890625
103968.0390625
104052.390625
104127.3984375
104208.8046875
104289.03125
104335.703125
104366.7421875
104387.140625
104402.0078125
104411.140625
104411.453125
104400.078125
