25400.0
25400.0
25400.0
25400.0
25400.0
25400.0
25400.0
25400.0
25400.0
25400.0
25400.0
25400.0
25400.0
25400.0
25400.0
25400.0
25400.0
25400.0
25400.0
25400.0
25400.0
25400.0
25400.0
25400.0
25400.0
37629.4296875
56334.23828125
72157.421875
85731.8359375
96900.34375
105589.5390625
114006.7890625
121456.59375
128008.7109375
133319.078125
137857.96875
141289.703125
143833.5
145974.09375
147549.734375
148753.53125
149693.03125
150340.59375
150889.953125
152945.046875
156149.09375
156633.53125
155231.921875
150420.265625
146987.703125
143344.6875
140475.015625
138240.015625
136363.75
134994.265625
133937.859375
133732.65625
133702.46875
133694.09375
133722.15625
133820.28125
134010.5625
134134.359375
134190.578125
134163.953125
133957.703125
133639.171875
133246.734375
132750.078125
132145.25
131504.75
130806.2890625
130068.234375
129324.3046875
128509.609375
127672.484375
126832.828125
125984.375
125234.8203125
124434.625
123680.5546875
122927.046875
122221.5390625
121516.546875
120832.7265625
120189.96875
119546.9140625
118944.9375
118343.7734375
117759.234375
117274.5078125
116753.8515625
116261.5859375
115766.6953125
115300.7578125
114832.453125
114375.84375
113946.0234375
113514.6875
113109.15625
112702.9140625
112309.0390625
111963.40625
111593.9453125
111246.890625
110898.15625
110570.140625
110240.5
109921.25
109624.0546875
109327.46875
109050.6015625
108772.5625
108502.5859375
108264.84375
108009.7421875
107769.515625
107528.1796875
107300.453125
107071.890625
106849.5859375
106649.8203125
106462.4609375
106287.84375
106112.0859375
