25400.0
25400.0
25400.0
25400.0
25400.0
25400.0
25400.0
25400.0
25400.0
25400.0
25400.0
25400.0
25400.0
25400.0
25400.0
25400.0
25400.0
25400.0
25400.0
28143.166015625
44372.37890625
61933.0859375
78496.90625
92478.703125
105081.734375
115353.875
124067.171875
130702.3203125
136163.734375
140407.1875
143350.078125
145740.984375
147712.796875
149206.953125
151087.46875
147486.84375
142186.8125
137878.265625
133639.140625
130028.21875
127888.4375
125468.4921875
123511.203125
121859.34375
120610.6015625
119631.7265625
119460.484375
119435.03125
119448.015625
119531.125
119609.234375
119561.328125
119514.765625
119349.359375
119060.25
118598.3359375
118079.3515625
117508.921875
116951.640625
116385.78125
115824.84375
115286.296875
114737.75
114218.2734375
113696.3984375
113180.9765625
112731.03125
112252.53125
111810.5234375
111386.53125
110990.3671875
110594.6875
110213.328125
109857.1953125
109502.609375
109173.3671875
108847.5859375
108536.3359375
108267.890625
107986.5078125
107730.234375
107481.7890625
107261.578125
107058.7734375
106875.5625
106713.703125
106564.125
106434.9609375
106310.9296875
106200.8671875
106113.7578125
106031.5
105963.4140625
105909.9609375
105865.796875
105830.640625
105808.8359375
105797.375
105816.65625
105852.5703125
105900.4609375
105951.9765625
106000.6640625
106058.1953125
106119.25
106191.3125
106286.1640625
106416.765625
106598.390625
106782.0390625
106949.2734375
107064.34375
107144.296875
107165.640625
107104.2109375
107010.53125
106916.109375
106807.3125
106714.9375
106765.0234375
107007.8984375
107213.203125
107360.203125
107439.8984375
107491.484375
