25400.0
24225.162109375
22649.431640625
21283.015625
20740.5859375
20465.734375
20781.716796875
21297.76171875
21880.353515625
22436.134765625
22983.283203125
23499.56640625
23970.201171875
24411.740234375
24425.78515625
24445.271484375
24552.439453125
24899.822265625
25595.32421875
27589.5625
33447.42578125
39725.98046875
45102.93359375
51616.00390625
58173.375
63806.7578125
68610.609375
73274.2890625
77179.3671875
80100.9609375
82844.6328125
85145.921875
87226.296875
89011.6484375
90663.484375
92131.625
93445.859375
94660.2578125
95854.9296875
96953.4140625
97891.8046875
98820.96875
100041.53125
101033.7109375
101895.0546875
102594.3671875
103205.5078125
103717.296875
104128.8359375
104475.5546875
104747.2890625
104969.15625
105113.046875
105196.09375
105208.2734375
105205.40625
105193.234375
105166.46875
105110.796875
105043.53125
104975.796875
104904.9921875
104830.8515625
104751.03125
104675.03125
104622.9765625
104548.2265625
104457.75
104349.2265625
104218.3515625
104058.3828125
103886.8125
103715.9296875
103512.53125
103317.296875
103123.390625
102934.703125
102766.3984375
102578.9375
102399.4765625
102213.3359375
102035.1796875
101853.8359375
101686.4375
101538.625
101396.6796875
101266.703125
101131.859375
101001.96875
100913.125
100862.9375
100854.4453125
100851.8515625
100843.7734375
100826.390625
100800.0703125
100767.109375
100726.7890625
100684.109375
100636.640625
100584.921875
100537.1640625
100484.28125
100432.25
100375.25
100319.203125
100259.546875
100199.59375
100141.53125
100082.2890625
100025.640625
99967.296875
99910.40625
99859.671875
99808.8828125
99769.3203125
99730.1015625
99692.0390625
99651.6875
99610.1328125
99566.484375
99520.9375
99476.75
99429.90625
