25400.0
24196.544921875
22445.16796875
21143.498046875
20696.005859375
20335.865234375
20160.72265625
20508.0625
21031.20703125
21614.728515625
22172.71875
22721.119140625
23239.669921875
23714.2109375
24184.396484375
24345.2890625
24793.640625
25096.048828125
25220.671875
25516.751953125
26981.85546875
31558.859375
38266.94140625
43537.5390625
49399.12109375
56191.765625
61984.39453125
66882.71875
71581.5703125
75693.8203125
78726.796875
81593.296875
84001.2890625
86192.1796875
88092.3828125
89864.265625
91414.09375
92729.3203125
93956.5859375
95034.2734375
96073.515625
97094.875
97939.703125
98994.9140625
100086.75
101045.1328125
101839.5390625
102528.6484375
103101.4765625
103561.9296875
103964.4140625
104292.4453125
104554.25
104749.8515625
104924.2890625
105076.265625
105182.7890625
105254.34375
105277.59375
105225.3203125
105166.8359375
105107.9765625
105046.234375
104976.2109375
104898.3125
104816.3984375
104740.78125
104659.8125
104588.3046875
104508.625
104427.203125
104339.6875
104219.890625
104102.0390625
103965.9765625
103825.578125
103697.0390625
103569.953125
103450.609375
103307.8984375
103159.4140625
102997.1953125
102832.03125
102658.40625
102482.4609375
102311.96875
102137.109375
101969.7890625
101800.640625
101631.28125
101479.078125
101312.421875
101169.21875
101021.2109375
100893.5546875
100765.9765625
100643.65625
100530.3359375
100419.6171875
100359.2578125
100340.625
100342.296875
100345.890625
100343.5390625
100333.3203125
100318.21875
100298.5
100272.7265625
100241.578125
100207.6953125
100167.0078125
100125.4609375
100079.609375
100032.5234375
99987.703125
99935.453125
99883.9765625
99829.578125
99777.5078125
99723.7734375
99670.1328125
99618.5546875
99567.09375
99517.1875
99468.28125
