25400.0
25400.0
25400.0
25400.0
25400.0
25400.0
25400.0
25400.0
25400.0
25400.0
25400.0
25400.0
25400.0
25400.0
25400.0
25400.0
25400.0
25400.0
42005.3515625
61627.06640625
80981.9609375
95827.6953125
108531.3359375
119373.921875
128477.1328125
135827.125
141221.625
145344.90625
148284.609375
145759.40625
141587.109375
137915.5
134453.4375
131494.0625
128802.90625
126334.7578125
123942.953125
121494.71875
119375.3984375
117327.3984375
115260.734375
113670.796875
112566.0234375
111584.078125
110587.65625
109972.3359375
109498.5078125
109237.09375
109032.8671875
108913.609375
108982.734375
109084.3125
109196.21875
109357.5
109530.5390625
109664.75
109803.03125
109961.1171875
110069.90625
110134.6953125
110200.0703125
110286.0078125
110356.5625
110373.7109375
110354.9453125
110310.71875
110232.0546875
110141.828125
110025.078125
109934.125
109858.6484375
109799.8984375
109755.890625
109730.46875
109767.71875
109857.1875
109978.859375
110097.390625
110232.859375
110364.3828125
110499.453125
110637.5859375
110774.7265625
110906.671875
111036.0390625
111171.8125
111397.328125
111627.0546875
111819.7578125
111961.4375
112093.8984375
112258.8203125
112393.3515625
112492.8671875
112570.953125
112626.875
112655.8671875
112659.5390625
112645.0546875
112611.171875
112581.3046875
112573.0625
112601.5078125
112668.96875
112720.25
112743.21875
112834.859375
112966.984375
113120.03125
113229.7890625
113236.1640625
113194.3359375
113160.6640625
113122.6328125
113054.3046875
112956.5703125
112814.90625
112634.5859375
112408.2421875
112161.96875
111915.9296875
111658.046875
111409.625
111159.015625
