25400.0
25400.0
25400.0
24906.396484375
24774.744140625
24774.7421875
24774.7421875
24832.91015625
24840.900390625
24843.6015625
24845.708984375
24847.73828125
24849.646484375
24851.359375
24854.03515625
24855.703125
24856.2734375
24855.931640625
24888.978515625
36754.4765625
54526.75390625
73610.3984375
89727.015625
103915.40625
116841.0625
128173.6796875
136938.21875
139721.21875
137779.578125
135382.9375
133104.453125
130459.359375
127886.1640625
125268.8984375
122860.09375
120563.9453125
118411.875
116507.078125
114777.609375
113245.0546875
111776.1328125
110469.5546875
109400.4375
108368.3671875
107489.40625
106696.828125
105906.125
105148.5390625
104487.4375
103983.6484375
103722.65625
103537.140625
103498.21875
103305.6953125
103074.96875
102936.703125
102847.96875
102729.3046875
102604.421875
102481.015625
102430.3046875
102420.4296875
102510.7109375
102585.0234375
102591.875
102521.2421875
102442.0078125
102385.703125
102371.59375
102389.4609375
102412.015625
102427.171875
102431.328125
102441.8828125
102473.8125
102520.6484375
102585.421875
102662.140625
102736.2734375
102818.9453125
102898.34375
102982.4375
103067.4296875
103159.1328125
103253.625
103342.1015625
103432.640625
103511.9921875
103577.875
103623.5078125
103657.75
103694.3671875
103731.1640625
103774.4765625
103822.515625
103878.0078125
103933.7265625
104017.953125
104181.1171875
104307.4765625
104401.75
104469.40625
104516.53125
104561.2890625
104629.3125
104708.484375
104777.9375
104828.78125
104861.9609375
104878.875
104882.8515625
104874.9453125
104851.3359375
104815.765625
104776.09375
104729.703125
104686.296875
104643.6640625
104603.703125
104562.4140625
104519.625
104475.7890625
104426.8671875
104370.4140625
104304.75
