25400.0
25400.0
25400.0
25400.0
25400.0
25400.0
25400.0
25400.0
25400.0
25400.0
25400.0
25400.0
25400.0
25400.0
25400.0
25400.0
25400.0
25400.0
25400.0
36690.75
57267.1640625
77426.4375
92208.2890625
104608.203125
115686.0859375
123847.375
130248.3125
135138.53125
138877.8125
141673.421875
143718.96875
145460.078125
146755.46875
147445.734375
149414.109375
151220.015625
147641.890625
141380.65625
137319.640625
133837.296875
130910.65625
128641.234375
127114.1796875
125899.296875
125160.8203125
124979.5859375
124901.1796875
124892.5
124865.703125
124829.0
124787.21875
124673.078125
124510.0703125
124176.3828125
123749.3984375
123180.96875
122548.875
121810.1796875
121035.515625
120219.9921875
119421.578125
118685.0546875
117971.9140625
117305.9453125
116634.1484375
115982.203125
115404.734375
114784.171875
114204.75
113626.796875
113084.03125
112560.0234375
112054.28125
111579.421875
111104.421875
110657.0703125
110201.84375
109760.0078125
109332.59375
108901.0546875
108514.1328125
108143.1015625
107801.4453125
107460.984375
107133.9765625
106828.265625
106525.625
106246.5234375
105976.5
105719.703125
105498.9453125
105265.8125
105051.4765625
104856.0234375
104681.890625
104513.1640625
104354.7109375
104211.7578125
104075.1953125
103955.609375
103845.3125
103756.3984375
103694.0234375
103650.8671875
103642.2890625
103635.6953125
103651.015625
103692.2578125
103737.4140625
103750.328125
103776.2578125
103784.46875
103721.8125
103638.8359375
103565.421875
103505.6328125
103777.65625
104081.140625
104321.734375
104512.7890625
104659.4921875
104761.0859375
104824.34375
104850.1484375
104846.875
