25400.0
25400.0
25131.58203125
24547.3046875
24493.03515625
24189.775390625
24056.208984375
24018.07421875
24015.10546875
24017.9609375
24024.0234375
24032.130859375
24042.0625
24054.81640625
24072.791015625
24098.521484375
24141.462890625
24200.912109375
24286.642578125
24595.08203125
25162.67578125
26754.07421875
31228.90625
39930.5546875
51560.59765625
65854.3828125
79122.1796875
89886.6015625
100592.3359375
107599.8359375
110151.515625
111858.765625
112458.40625
112583.390625
112485.8125
112371.484375
112106.03125
111702.2421875
111198.3125
110671.4296875
110093.0078125
109455.7109375
108842.65625
108152.484375
107524.046875
106938.421875
106407.7421875
105866.1875
105348.5859375
104865.8359375
104383.0078125
103933.7890625
103495.3828125
103076.5078125
102710.46875
102328.703125
102006.15625
101710.1015625
101446.7109375
101209.7265625
101000.4453125
100793.3046875
100577.34375
100371.4765625
100160.21875
99950.859375
99762.71875
99618.90625
99508.890625
99420.1328125
99377.484375
99432.9375
99488.8515625
99532.21875
99582.078125
99640.453125
99710.2109375
99789.8671875
99857.125
99921.796875
99983.3515625
100052.859375
100134.203125
100233.84375
100339.78125
100444.5859375
100553.296875
100666.0546875
100781.875
100886.2109375
100977.625
101076.4921875
101162.1875
101237.4296875
101357.3984375
101434.609375
101574.296875
101635.8125
101688.0078125
101789.7890625
101914.609375
102065.4140625
102185.5703125
102278.4140625
102384.421875
102482.25
102559.0
102621.5703125
102670.7578125
102707.2578125
102849.8515625
103030.5546875
103181.4765625
103394.3671875
103569.96875
103703.8125
103785.640625
103828.890625
103854.453125
103866.6171875
103860.453125
103844.3203125
103842.484375
103857.953125
103877.7890625
