25400.0
25400.0
25109.880859375
24550.2890625
24499.14453125
24233.0234375
24132.142578125
24103.0625
24101.328125
24104.041015625
24109.373046875
24116.923828125
24126.125
24137.36328125
24152.970703125
24174.208984375
24209.318359375
24263.9140625
24331.94140625
24558.861328125
25128.5546875
26806.091796875
30925.4296875
39348.5
50640.0390625
62555.234375
76202.0234375
87180.5546875
97583.0078125
103667.828125
106571.046875
108882.625
110546.1640625
111636.25
112232.0
112446.9296875
112395.4296875
112144.59375
111793.1875
111383.171875
110925.15625
110471.0546875
110060.1171875
109610.8125
109117.9296875
108529.6015625
107915.40625
107270.3203125
106672.4375
106101.21875
105517.1171875
105017.1484375
104562.28125
104122.9921875
103730.2265625
103309.2578125
102917.3046875
102528.296875
102165.0390625
101803.2890625
101452.4609375
101126.5546875
100805.9765625
100513.5625
100233.4765625
100005.4765625
99805.734375
99593.875
99401.8125
99211.46875
99040.8125
98903.1875
98825.5390625
98759.65625
98674.6484375
98588.25
98519.390625
98479.8203125
98451.8203125
98420.3515625
98390.34375
98392.9453125
98434.6171875
98584.5625
98756.140625
98911.5234375
99061.2109375
99219.2265625
99387.078125
99568.609375
99750.890625
100205.5859375
100636.78125
101012.0078125
101324.4375
101631.65625
101900.9453125
102131.03125
102341.8671875
102506.6015625
102650.7265625
102789.0859375
102909.5859375
103049.1015625
103168.9296875
103280.203125
103459.53125
103568.40625
103630.6875
103687.984375
103755.515625
103815.015625
103888.46875
103957.1171875
103996.875
104025.3046875
104071.390625
104229.4921875
104399.0390625
104537.03125
104623.75
104660.234375
104658.5625
104633.25
104586.6484375
