25400.0
25400.0
25400.0
25397.28515625
25347.0234375
25347.0234375
25347.0234375
25347.0234375
25347.0234375
25347.0234375
25347.0234375
25343.234375
25339.609375
25337.55859375
25336.3359375
25335.646484375
25335.2421875
25335.021484375
25334.91796875
25334.890625
25334.77734375
25334.373046875
25332.98046875
28811.037109375
48891.78515625
65771.4921875
78199.5703125
86363.3203125
93246.7421875
98539.2734375
102462.890625
106536.0546875
110221.1953125
113412.7109375
116044.1484375
118347.0703125
120285.6953125
121984.8125
123542.7578125
125084.9296875
124037.8515625
122471.6640625
121184.9609375
119888.0
118686.53125
117508.0390625
116438.734375
115403.9921875
114428.7265625
113619.9140625
112838.6484375
112151.7109375
111474.640625
110895.015625
110270.3828125
109575.703125
108985.2734375
108498.640625
108098.5234375
107714.328125
107339.703125
106988.6484375
106654.8828125
106339.390625
105910.3203125
105420.546875
104974.1953125
104456.859375
104015.828125
103613.7890625
103253.40625
102912.03125
102726.7109375
102655.3359375
102740.8984375
102994.953125
103179.9921875
103274.703125
103337.3203125
103410.4921875
103561.0390625
103765.8984375
103955.859375
104114.6328125
104252.8203125
104377.3125
104515.5546875
104678.1953125
104861.6328125
105057.4140625
105226.4609375
105378.4375
105498.109375
105622.203125
105750.296875
105905.7734375
106084.5546875
106265.8125
106446.84375
106619.6875
106809.1875
107030.265625
107225.296875
107431.96875
107620.109375
107797.7421875
107950.640625
108093.484375
108250.875
108407.15625
108563.4609375
108707.5
108848.8671875
108985.3984375
109102.0078125
109225.828125
109345.9921875
109476.2578125
109630.6484375
109800.9609375
109956.8125
110092.28125
110218.75
110331.03125
110450.1484375
