25400.0
25400.0
25400.0
25400.0
25400.0
25400.0
25400.0
25400.0
25400.0
25400.0
25400.0
25400.0
25400.0
25400.0
25400.0
25400.0
25400.0
25400.0
25400.0
25400.0
25400.0
25400.0
25591.83203125
38166.37109375
53127.20703125
67540.1875
80593.4765625
91748.2421875
101436.2265625
109282.3828125
117153.6171875
123401.7109375
128856.1953125
133296.8125
136840.84375
139656.859375
141893.15625
143736.953125
145221.78125
146522.671875
147655.9375
148525.484375
149313.765625
152766.640625
154370.4375
153634.65625
147756.90625
143157.21875
139696.390625
136771.53125
134057.140625
131977.828125
130306.6171875
129006.1328125
127834.7578125
126895.984375
126133.078125
125654.84375
125516.375
125364.359375
125119.359375
124790.8515625
124468.0859375
124124.328125
123757.9921875
123372.203125
122911.3515625
122443.3046875
121922.8984375
121399.171875
120841.7890625
120280.484375
119749.78125
119179.3046875
118640.0078125
118138.0390625
117670.15625
117261.6015625
116827.609375
116425.359375
116033.6171875
115682.2109375
115330.25
115000.609375
114708.6640625
114429.6484375
114179.0859375
113938.9921875
113753.9140625
113637.140625
113535.0546875
113448.234375
113366.140625
113295.0234375
113231.703125
113179.6484375
113139.171875
113106.8515625
113083.40625
113098.015625
113127.5390625
113175.203125
113289.015625
113392.09375
113458.3515625
113454.3203125
113393.2578125
113300.109375
113183.8671875
113041.4375
112854.6015625
112644.0625
112467.5390625
112446.7890625
112453.859375
112456.9296875
112449.609375
112422.9921875
112376.3828125
112304.421875
112239.46875
112133.0390625
112012.015625
111865.984375
