25400.0
25400.0
24585.654296875
24948.837890625
24613.408203125
23878.90234375
23742.833984375
23744.412109375
23789.56640625
23870.521484375
24013.767578125
24490.326171875
24905.76953125
25068.533203125
25121.560546875
25144.60546875
25158.6640625
25184.955078125
25203.8515625
25211.94140625
25467.34375
26868.45703125
31067.4921875
39123.6796875
48938.12109375
60641.1484375
72612.7890625
83110.9921875
92372.125
100334.5390625
107161.8984375
109125.3515625
110464.921875
111222.328125
111576.2421875
111708.8984375
111703.5234375
111467.6015625
111093.9140625
110615.234375
110089.40625
109696.3515625
109233.671875
108749.546875
108322.0390625
107870.6875
107382.5546875
106875.609375
106372.875
105876.5703125
105452.46875
105016.3828125
104563.4140625
104143.2578125
103674.328125
103224.390625
102771.9921875
102348.546875
101924.6953125
101521.2265625
101164.25
100798.515625
100460.390625
100140.7734375
99855.9765625
99625.6875
99397.8125
99210.3828125
99050.25
98914.546875
98774.984375
98613.7890625
98447.828125
98280.625
98136.3359375
98151.375
98127.125
98092.375
98056.4296875
98075.703125
98268.3828125
98614.5
98947.5
99251.7421875
99513.78125
99755.1328125
100042.328125
100330.0703125
100600.046875
100824.4765625
101049.296875
101243.0078125
101430.3359375
101639.7421875
101872.2421875
102082.9453125
102277.8359375
102465.6328125
102635.9375
102816.5234375
102991.1015625
103152.2109375
103296.59375
103421.4609375
103501.96875
103614.859375
103651.0625
103664.6171875
103720.21875
103817.0
103937.0859375
104146.2578125
104336.484375
104464.6875
104557.75
104613.8046875
104648.6796875
104707.953125
104762.53125
104793.5390625
104815.25
104856.4375
104905.65625
104952.953125
