25400.0
25400.0
25400.0
25400.0
25400.0
25400.0
25400.0
25400.0
25400.0
25400.0
25400.0
25400.0
25400.0
25400.0
25400.0
25400.0
25400.0
25400.0
25400.0
25400.0
25400.0
25400.0
25400.0
25400.0
25400.0
25400.0
25400.0
25400.0
25400.0
25400.0
25400.0
25400.0
25400.0
25400.0
25400.0
25400.0
25400.0
36088.37109375
53698.24609375
68257.671875
79359.609375
87877.21875
94739.0390625
102753.0546875
109893.9765625
116156.6953125
121289.2734375
125743.578125
129289.6171875
132004.921875
134124.375
133532.15625
132923.484375
132249.25
131526.53125
130567.3203125
129555.8515625
128376.125
127186.9765625
125934.859375
124699.171875
123526.1328125
122392.734375
121373.75
120359.03125
119391.8203125
118626.28125
117881.734375
117180.296875
116467.1015625
115787.7421875
115095.703125
114417.9609375
113779.375
113136.328125
112541.28125
111953.390625
111397.6484375
110922.40625
110426.0625
109972.015625
109527.296875
109116.2109375
108708.921875
108316.4140625
107975.46875
107656.6328125
107346.0390625
107023.8828125
106705.1796875
106386.6953125
106069.9453125
105768.46875
105474.7890625
105200.6875
104925.25
104657.5859375
104405.5546875
104201.6171875
103958.0546875
103659.921875
103359.1953125
103093.9609375
102810.6875
102546.6953125
102285.1015625
102041.6640625
101799.90625
101590.25
101418.96875
101292.265625
101208.8671875
101113.59375
101021.46875
100937.546875
100845.6640625
100760.0234375
100675.3203125
100596.6171875
100519.3984375
100464.4921875
100421.7109375
100371.1484375
100304.8046875
100215.0859375
