25400.0
25400.0
25400.0
25400.0
25400.0
25400.0
25400.0
25400.0
25400.0
25400.0
25400.0
25400.0
25400.0
25400.0
25400.0
25400.0
25400.0
29266.271484375
39824.28125
50973.7265625
66083.265625
79197.8203125
90533.40625
99406.7421875
105695.53125
110883.5
115272.5625
118674.25
121837.28125
124687.1953125
126984.0390625
129117.875
129697.75
126941.2734375
124634.5703125
122554.625
120666.5546875
119122.6640625
117734.6328125
116398.9765625
115177.0078125
114169.78125
113341.28125
112464.484375
111668.0625
111055.2265625
110609.53125
110100.0546875
109810.515625
110270.0546875
110656.2890625
110686.0
110623.90625
110659.5859375
110821.8671875
111106.921875
111395.3046875
111733.09375
112175.734375
112645.3828125
113079.328125
113555.8203125
114234.3125
114861.75
115429.28125
115917.9296875
116322.28125
116754.40625
117178.8359375
117488.9453125
117708.8359375
117803.0390625
117813.2890625
117782.59375
117738.8828125
117796.640625
117867.578125
117949.296875
117933.40625
117887.84375
117818.234375
117712.6953125
117569.375
117382.7734375
117160.453125
116918.4140625
116626.9765625
116326.9765625
116093.46875
115931.3828125
115777.6875
115578.5390625
115372.5234375
115139.0
114898.234375
114661.1640625
114400.75
114134.734375
113846.296875
113552.40625
113263.9453125
112990.5234375
112740.1015625
112453.4609375
112165.9921875
111861.5703125
111563.53125
111254.59375
110948.15625
110655.0625
110357.7890625
110076.203125
109785.4375
109450.84375
109156.2890625
108854.6015625
108577.9140625
108303.609375
108047.9140625
107793.3828125
107548.3671875
107318.7109375
107089.1015625
106872.109375
106653.7734375
