25400.0
25400.0
25400.0
25400.0
25400.0
25400.0
25400.0
25400.0
25400.0
25400.0
25400.0
25400.0
25400.0
25400.0
25400.0
25400.0
25400.0
25400.0
25400.0
25400.0
25400.0
25400.0
25400.0
25400.0
25400.0
25400.0
25400.0
25400.0
25400.0
25400.0
25400.0
37782.9140625
47654.66796875
55465.12890625
62323.5234375
70355.609375
78422.640625
87360.4296875
96693.1328125
106062.109375
115216.40625
123636.1015625
131413.0625
140176.1875
148362.796875
156219.15625
163151.28125
169459.1875
175369.8125
175309.1875
171120.84375
167209.640625
163229.125
159348.828125
156639.015625
153895.375
151408.328125
148903.203125
146237.78125
143570.15625
141106.546875
138684.90625
136251.328125
134989.328125
133966.65625
132641.828125
131531.25
130932.09375
130494.359375
130262.75
130108.8984375
129986.578125
129925.4765625
129861.375
129902.71875
130023.9453125
130059.390625
130005.1640625
130022.7265625
130098.9921875
130155.9765625
130142.59375
130066.5859375
129903.75
129778.796875
129590.5625
129332.3359375
129037.6015625
128680.640625
128256.7890625
127781.671875
127271.625
126844.0078125
126471.578125
126039.1015625
125570.046875
125075.1796875
124589.078125
124084.328125
123587.171875
123064.7890625
122576.9453125
122195.9375
121751.875
121277.5
120766.1796875
120245.75
119689.234375
119121.8984375
118570.8203125
118003.6796875
117458.625
116902.65625
116352.7109375
115863.921875
115334.0859375
114832.4140625
114325.7890625
113838.046875
113373.5390625
112918.6640625
112485.8671875
112048.6171875
111635.953125
111221.8203125
