25400.0
25400.0
25400.0
25400.0
25400.0
25400.0
25400.0
25400.0
25400.0
25400.0
25400.0
25400.0
25400.0
25400.0
25400.0
25400.0
25400.0
25400.0
25400.0
25400.0
25400.0
25400.0
25400.0
25400.0
25400.0
25400.0
25400.0
25400.0
25400.0
25400.0
34046.109375
51833.25390625
63010.25390625
69228.234375
72669.75
76092.8203125
79379.359375
82790.8671875
85875.359375
88766.203125
91538.484375
93725.109375
96022.765625
98225.8515625
100464.203125
102708.671875
104882.078125
106883.5234375
108647.46875
110459.4296875
111977.4140625
113475.3828125
115119.4609375
116622.3984375
118327.0234375
119937.8984375
121521.5625
122990.0390625
124444.3203125
125844.8359375
127256.265625
128738.9609375
130194.234375
131701.0
133136.140625
134372.65625
135690.53125
136937.71875
140053.765625
142267.265625
143637.578125
145127.53125
146288.25
146982.421875
150517.125
150733.171875
147345.515625
145079.859375
142902.375
141134.46875
139731.40625
138516.078125
137418.921875
136598.15625
135987.90625
135800.25
135869.078125
135899.53125
136014.75
136199.046875
136322.734375
136406.28125
136460.875
136506.796875
136538.40625
136556.9375
136775.140625
136853.328125
136910.59375
136934.140625
136898.40625
136759.28125
136463.265625
136104.359375
135692.296875
135279.703125
134951.34375
134631.671875
134299.5
133921.890625
133532.390625
133139.625
132740.609375
132277.921875
131719.953125
131167.859375
130582.171875
129998.2421875
129396.78125
128849.40625
128313.375
127740.5078125
127137.296875
126500.1015625
