25400.0
25400.0
25400.0
25400.0
25400.0
25400.0
25400.0
25400.0
25400.0
25400.0
25400.0
25400.0
25400.0
25400.0
25400.0
25400.0
25400.0
25400.0
25400.0
25400.0
25400.0
42324.87890625
60945.375
78487.5703125
91421.796875
102562.296875
112050.2578125
119130.515625
124717.375
128844.796875
132049.46875
134969.921875
137304.015625
138921.109375
139713.546875
139861.390625
140003.09375
140628.921875
141536.171875
142389.859375
144866.953125
147119.890625
147316.359375
149374.28125
152466.828125
147582.9375
144467.984375
142238.265625
140718.984375
139642.78125
138690.28125
138299.171875
138135.9375
137915.359375
137781.90625
137653.515625
137368.625
136953.796875
136443.765625
135923.6875
135541.265625
135133.71875
134676.875
134213.515625
133705.109375
133180.140625
132758.03125
132507.28125
132266.5625
131923.203125
131499.84375
130869.6953125
129984.921875
129058.6484375
128065.578125
127166.5859375
126634.4765625
126077.0859375
125526.359375
124872.21875
124204.9375
123488.828125
122735.6484375
121949.515625
121164.625
120420.59375
119663.34375
118954.5
118230.984375
117514.4921875
116886.046875
116184.7109375
115496.1328125
114826.9296875
114224.1875
113673.4375
113181.0234375
112724.8828125
112303.40625
111943.1875
111572.6015625
111210.171875
110888.65625
110540.3203125
110210.65625
109879.4296875
109566.046875
109249.6328125
108936.109375
108633.96875
108326.9375
108036.0234375
107743.59375
107460.3515625
107211.2734375
106944.609375
106696.3671875
106454.84375
106235.7890625
106023.8984375
105825.1640625
105641.9140625
105461.5625
105297.34375
105138.734375
