25400.0
25400.0
25400.0
25400.0
25400.0
25400.0
25400.0
25400.0
25400.0
25400.0
25400.0
25400.0
25400.0
25400.0
25400.0
25400.0
25400.0
25400.0
25400.0
25400.0
25400.0
25400.0
25400.0
25400.0
28678.7109375
41965.375
53044.01171875
61230.09375
66657.4453125
70656.0546875
75642.5546875
80350.140625
85006.34375
89550.5546875
93794.1484375
98035.84375
102031.296875
105955.421875
109654.6875
112992.5
116297.0390625
119590.484375
122903.21875
126195.4140625
129102.3984375
132220.484375
135411.4375
138403.21875
141063.3125
143697.890625
146313.59375
148935.296875
153349.453125
158554.53125
158779.53125
153446.25
149945.21875
146958.484375
144236.59375
141870.96875
141303.0
140928.453125
140642.453125
140439.703125
140235.65625
140083.703125
139933.703125
139834.109375
139688.453125
139493.15625
139410.390625
139633.203125
139703.59375
139545.9375
139198.484375
138733.171875
138138.703125
137788.796875
137551.59375
137156.0625
136605.515625
135899.546875
135219.734375
134453.6875
133674.640625
132845.265625
132003.734375
131175.78125
130321.9453125
129500.8203125
128651.2109375
127738.4921875
126935.15625
126084.265625
125295.671875
124507.4921875
123744.2890625
122934.0078125
122113.84375
121335.6796875
120550.15625
119829.984375
119154.765625
118485.8515625
117894.765625
117309.84375
116730.5859375
116127.234375
115548.1015625
114961.6953125
114391.796875
113857.3125
113323.4296875
112824.6484375
112330.4296875
111851.9296875
111433.46875
110985.390625
110569.046875
110156.6640625
109773.671875
109391.3359375
109020.1640625
108671.1484375
108325.1015625
108009.4140625
107695.046875
