25400.0
25400.0
25400.0
25400.0
25400.0
25400.0
25400.0
25400.0
25400.0
25400.0
25400.0
25400.0
25400.0
25400.0
25400.0
25400.0
25400.0
25400.0
25400.0
25400.0
30470.923828125
47942.3359375
64360.36328125
80378.1953125
93377.8046875
103954.2109375
113874.828125
121595.3828125
128068.109375
133138.328125
136714.375
139861.015625
142250.109375
144154.84375
145649.859375
146838.59375
147750.859375
148607.78125
151421.578125
153798.0625
152178.546875
155019.84375
159257.171875
167552.96875
165916.65625
162903.0
161613.171875
160375.375
158657.703125
156786.890625
154679.90625
152489.6875
150161.921875
147821.375
145724.53125
143471.8125
141384.046875
139338.859375
137519.484375
135719.234375
134001.078125
132412.0
130834.59375
129329.15625
127877.828125
126481.5078125
125320.203125
124091.3984375
122945.515625
121807.4375
120752.3671875
119721.4140625
118754.4296875
117866.578125
116998.03125
116205.546875
115433.8828125
114705.703125
114084.7109375
113431.21875
112839.921875
112276.5390625
111773.09375
111296.5390625
110852.7265625
110452.328125
110069.765625
109724.5625
109396.21875
109093.25
108837.0234375
108601.390625
108444.5078125
108294.078125
108153.1640625
108011.5
107876.7890625
107755.4140625
107636.34375
107526.4375
107433.7109375
107361.34375
107302.296875
107243.0703125
107172.7890625
107097.7578125
107044.8828125
106984.4921875
106909.1953125
106816.4609375
106699.3671875
106569.828125
106429.0234375
106265.6875
106105.8984375
105931.9453125
105763.203125
105591.5703125
105423.03125
105243.2578125
105054.109375
104852.703125
104639.640625
104428.25
104211.953125
