25400.0
25400.0
25400.0
25187.673828125
24879.5
24667.001953125
24707.86328125
24776.720703125
24790.4375
24793.791015625
24795.64453125
24797.642578125
24799.876953125
24802.1953125
24804.583984375
24806.890625
24809.185546875
24811.41796875
24813.421875
24815.51953125
24817.7890625
24821.05078125
24823.15625
24824.953125
24826.595703125
24828.099609375
24829.6484375
24831.05859375
24832.53515625
24833.927734375
24835.08984375
24836.4296875
24837.5546875
24839.0
24839.5546875
24842.8984375
24861.3671875
26733.455078125
33206.3671875
41947.5
50595.94140625
58010.89453125
65313.94921875
72161.6953125
77430.5625
81729.875
85350.1953125
88564.75
91448.1953125
94033.125
96481.0390625
98971.484375
101292.875
103320.125
104963.578125
106555.984375
107903.3671875
109116.96875
110160.421875
111166.4375
112252.21875
113506.5234375
114814.484375
116061.015625
117243.1328125
118320.0546875
119209.703125
120135.75
121008.984375
121897.921875
122798.6953125
123773.9140625
124754.6484375
125756.671875
126852.375
127979.1171875
129121.25
130284.3828125
131297.859375
131440.703125
130060.09375
128814.640625
127669.328125
126612.8828125
125549.4375
124509.6875
123517.1171875
122702.53125
121934.7578125
121205.796875
120547.09375
119881.265625
119342.8515625
118766.046875
118203.5625
117623.5625
117075.96875
116691.4765625
116429.546875
116121.8125
115738.1484375
115317.0703125
114931.4140625
114527.078125
114252.9765625
113993.1328125
113771.015625
113519.1484375
113269.1171875
113107.03125
112958.75
112897.421875
112951.421875
112940.21875
112873.2265625
112798.5078125
112753.9453125
112787.65625
112884.0859375
113023.3515625
113276.9921875
113514.4921875
113735.1015625
113935.078125
114133.890625
