25400.0
25400.0
25030.6640625
24667.8515625
24627.689453125
24364.349609375
24313.640625
24309.607421875
24315.5234375
24331.427734375
24354.7890625
24384.916015625
24424.43359375
24484.43359375
24932.283203125
25168.427734375
25885.97265625
28166.275390625
35607.95703125
46993.41015625
60842.62109375
75674.3046875
88619.4140625
99861.03125
109959.125
113008.75
114463.8515625
115148.0859375
115275.6171875
115005.28125
114491.5625
113914.734375
113248.09375
112499.6171875
111617.2734375
110701.2890625
109925.21875
109137.2890625
108537.484375
107879.1328125
107177.8671875
106567.53125
105915.7578125
105300.765625
104692.609375
104132.953125
103578.671875
103046.390625
102554.84375
102076.046875
101628.4453125
101177.9453125
100748.78125
100402.75
100101.1796875
99867.3671875
99732.71875
99619.4765625
99561.9140625
99584.7109375
100067.8203125
100609.71875
101085.7890625
101569.703125
102041.078125
102409.53125
102769.8046875
103068.3828125
103358.0234375
103596.9375
103927.046875
104081.9375
104125.140625
104139.8125
104132.984375
104105.1328125
104058.0703125
104098.625
104158.3984375
104219.796875
104320.78125
104458.15625
104538.8046875
104563.671875
104541.828125
104506.8125
104494.015625
104509.984375
104549.5078125
104588.2109375
104616.9609375
104625.125
104645.9921875
104678.34375
104716.8203125
104762.9140625
104813.4375
104872.9609375
104937.0625
105006.0703125
105071.6484375
105131.5703125
105203.5703125
105279.28125
105363.4140625
105450.0546875
105542.28125
105634.7890625
105655.609375
105696.2734375
105765.8046875
105858.3046875
105954.8671875
106042.7890625
106139.546875
106233.9140625
106366.5390625
106489.3046875
106605.2109375
106711.8125
106808.9296875
106902.734375
106999.34375
107192.390625
