25400.0
25400.0
25400.0
25400.0
25400.0
25400.0
25400.0
25400.0
25400.0
25400.0
25400.0
25400.0
25400.0
25400.0
25400.0
25400.0
25400.0
25400.0
25400.0
25400.0
25400.0
40178.61328125
53561.50390625
64050.70703125
73799.2265625
81146.1328125
86851.453125
91641.5625
95852.0859375
99531.1640625
102624.0859375
105851.4765625
108702.6171875
111356.671875
113705.9140625
115972.015625
118218.9765625
120469.0703125
122839.578125
125148.4921875
127367.25
129631.84375
131814.484375
134503.25
137166.859375
141916.65625
145419.53125
148658.859375
152704.203125
151384.96875
147810.03125
144979.953125
142691.625
141557.359375
140974.46875
140705.578125
140759.625
140721.90625
140370.5
140103.34375
139868.640625
139640.71875
139331.515625
139505.015625
139554.421875
139366.328125
139021.578125
138633.828125
138026.296875
137145.703125
136094.546875
134787.515625
133428.359375
132093.6875
130649.796875
129212.734375
127722.6953125
126272.3984375
125038.140625
123865.6171875
122672.4296875
121418.8046875
120216.7578125
119013.9453125
117868.2734375
116808.1328125
115825.7734375
115005.453125
114275.2421875
113621.7890625
113071.34375
112503.9921875
111988.59375
111481.921875
111141.0703125
110883.6328125
110733.1484375
110676.5234375
110666.671875
110661.578125
110657.3203125
110640.359375
110611.640625
110582.03125
110536.1640625
110461.1640625
110366.5390625
110249.2578125
110116.578125
109977.734375
109825.7109375
109671.7109375
109511.6796875
109368.8984375
109233.953125
109069.9609375
108900.953125
108722.7578125
108554.6015625
108387.421875
108221.5390625
108057.609375
107887.9609375
107721.0625
107546.109375
