25400.0
25400.0
25400.0
25400.0
25400.0
25400.0
25400.0
25400.0
25400.0
25400.0
25400.0
25400.0
25400.0
25400.0
25400.0
25400.0
25400.0
25400.0
25400.0
25400.0
25400.0
25400.0
25400.0
25400.0
25567.35546875
37908.125
45889.16796875
51186.046875
56599.5390625
62006.04296875
67691.1484375
73423.7109375
80178.6484375
86287.53125
93186.0703125
97626.3046875
101247.890625
106067.5078125
112741.703125
118798.7421875
124611.1796875
130901.703125
137482.9375
144176.5
148557.15625
146149.484375
143572.0
140920.203125
138093.390625
135402.359375
132781.125
130408.5703125
128373.8046875
126482.5546875
124855.3515625
123163.734375
121523.6796875
120442.921875
119215.4375
118044.6953125
116840.9296875
116201.734375
115434.1640625
114658.453125
114340.8359375
114039.484375
113835.5703125
113570.515625
113362.390625
113274.15625
113223.75
113202.265625
113249.2265625
113385.953125
113606.265625
113863.828125
114117.9453125
114365.6796875
114586.859375
114744.4921875
114890.3515625
115024.171875
115172.4609375
115315.5625
115453.5859375
115571.421875
115688.734375
115796.5859375
115882.9921875
115946.7890625
115984.7578125
116029.015625
116063.8828125
116081.5078125
116086.6875
116054.9453125
115984.359375
115885.921875
115758.3125
115611.765625
115450.3203125
115359.2734375
115329.4140625
115353.8359375
115347.140625
115353.234375
115358.109375
115343.5
115308.7421875
115242.765625
115160.96875
115072.4609375
114977.046875
114881.4453125
114846.5703125
114804.5234375
114714.78125
114603.5
114449.3828125
114280.71875
114095.828125
113894.0234375
113670.7421875
113443.3515625
113226.09375
113004.984375
112799.1171875
112591.546875
