25400.0
25400.0
25369.298828125
25076.29296875
24666.38671875
24600.8671875
24379.7578125
24111.46484375
23952.064453125
23931.423828125
23929.359375
23930.38671875
23932.23046875
23934.40625
23936.6328125
23939.0
23941.63671875
23945.0390625
23948.794921875
23952.484375
23956.923828125
23961.921875
23967.96484375
23974.95703125
23984.51953125
23996.9921875
24012.076171875
24030.037109375
24054.001953125
24091.39453125
24144.2421875
24209.287109375
24316.84765625
24466.83984375
24810.396484375
24989.69140625
25058.26953125
25285.63671875
25923.630859375
27433.826171875
30550.09765625
36227.390625
42742.52734375
48901.39453125
55759.58203125
63254.73828125
70419.6640625
76258.5078125
81820.4765625
86788.25
91011.53125
94953.2421875
98588.0078125
101812.3359375
104780.671875
107128.9375
109381.21875
111511.375
113615.1640625
115527.375
116713.8671875
116654.5859375
116624.9453125
116555.3828125
116414.03125
116129.3671875
115820.96875
115514.6171875
115115.59375
114684.0625
114212.890625
113749.328125
113264.5078125
112779.640625
112309.7578125
111822.0
111343.9609375
110848.7109375
110362.8671875
109930.4375
109454.7109375
109010.875
108556.3125
108098.796875
107628.5703125
107143.3125
106694.2578125
106243.46875
105811.3984375
105384.75
104970.34375
104608.1796875
104219.1953125
103854.765625
103490.1953125
103159.6953125
102829.59375
102512.53125
102218.9140625
101927.34375
101656.5625
101392.2890625
101133.2265625
100916.6328125
100678.4453125
100452.0546875
100213.296875
99982.6640625
99749.4453125
99532.2734375
99353.7890625
99177.609375
99007.8515625
98844.5390625
98686.640625
98545.84375
98413.1640625
98301.25
98234.8359375
98174.609375
98189.8125
98246.8984375
98318.7109375
98406.34375
98519.59375
98693.5859375
