25400.0
25400.0
25400.0
25400.0
25332.849609375
25332.849609375
25332.849609375
25332.849609375
25332.849609375
25332.849609375
25332.849609375
25332.849609375
25332.849609375
25332.849609375
25332.849609375
25332.849609375
25332.849609375
25332.849609375
25332.849609375
25332.849609375
25332.849609375
25332.849609375
25332.849609375
25332.849609375
25332.849609375
25332.849609375
25332.849609375
25332.849609375
25332.849609375
25332.849609375
25332.849609375
25332.849609375
25332.849609375
25332.849609375
25332.849609375
25332.849609375
25332.849609375
25332.849609375
25332.849609375
25332.849609375
25332.849609375
25332.849609375
25332.849609375
25332.849609375
25332.849609375
30552.20703125
43907.98828125
52959.75
58679.5859375
63909.2109375
68747.171875
73076.2890625
76593.0078125
79941.2734375
82847.2109375
85337.5703125
87545.9375
89676.5234375
91653.171875
93415.5
95127.765625
96768.734375
98420.0078125
99940.6875
101225.96875
102571.1875
103825.1171875
105104.796875
106376.890625
107618.7734375
108771.4140625
109896.0234375
111094.53125
112253.1953125
113414.9609375
114538.890625
115525.921875
116598.59375
117624.375
118673.5
119704.328125
120743.921875
121796.1171875
122837.5703125
123817.4453125
124950.0234375
126222.1328125
127801.0625
129255.7734375
130809.59375
132299.703125
133798.046875
135365.28125
137085.390625
138855.59375
140578.921875
142343.671875
144113.28125
145934.78125
149421.921875
149258.734375
147239.359375
145633.890625
144179.203125
142874.75
141579.453125
140323.328125
139144.203125
137975.125
136945.328125
135930.5
134925.0
133987.421875
133120.765625
132479.484375
131921.3125
131478.328125
130993.0
130634.140625
130077.1796875
129512.78125
129169.0078125
128950.7421875
