25400.0
25400.0
25400.0
25400.0
25400.0
25400.0
25400.0
25400.0
25400.0
25400.0
25400.0
25400.0
25400.0
25400.0
25400.0
25400.0
25400.0
25400.0
25400.0
25400.0
25400.0
25400.0
25400.0
25400.0
25400.0
25400.0
25400.0
25400.0
25400.0
25400.0
25400.0
25400.0
25400.0
25399.994140625
25399.982421875
25399.96484375
25399.953125
25877.927734375
35458.03515625
44202.69140625
50769.3671875
56548.26953125
61092.76953125
65682.0859375
69379.0625
72504.078125
75208.46875
78268.359375
81415.6328125
84444.0859375
87469.953125
90429.671875
93591.6328125
97103.3125
100479.28125
104443.6484375
108442.28125
112866.953125
117373.8515625
122607.046875
128156.046875
133496.46875
138741.734375
143701.984375
148701.984375
153537.109375
157796.5625
162527.015625
167318.796875
171922.109375
175913.640625
179799.265625
183343.28125
182691.125
178364.296875
174620.9375
170842.40625
167256.15625
164227.953125
161171.6875
158289.203125
155057.0
153312.890625
151563.25
149559.25
147789.34375
146301.0625
145114.75
144261.4375
143613.796875
143139.0625
142715.875
142393.84375
142130.6875
141971.546875
141757.578125
141544.875
141383.0
141248.703125
141137.625
141098.4375
141200.203125
141265.515625
141290.984375
141309.328125
141309.703125
141426.59375
141508.34375
141494.921875
141372.75
141184.390625
140927.9375
140677.9375
140430.015625
140106.6875
139636.625
139205.9375
138801.09375
138430.671875
137967.9375
137372.703125
136724.203125
136005.296875
135308.40625
134579.28125
