25400.0
25400.0
25400.0
25400.0
25400.0
25400.0
25400.0
25400.0
25400.0
25400.0
25400.0
25400.0
25400.0
25400.0
25400.0
25400.0
25400.0
25400.0
25400.0
25400.0
25400.0
25400.0
25400.0
25400.0
25400.0
25400.0
28317.5
46866.875
63366.30078125
74324.4609375
80109.1640625
84121.71875
88990.640625
93990.8984375
98192.9140625
101677.8515625
104811.1328125
107657.1171875
110247.1640625
113133.0
116055.7421875
118626.59375
121209.0546875
123452.0
125559.1484375
127428.7109375
129321.8046875
131199.703125
132931.8125
134621.125
136051.1875
137777.0625
139584.765625
140902.390625
142645.546875
144074.671875
140360.203125
137575.109375
135037.4375
132755.8125
130750.25
128739.109375
127243.2421875
125868.9765625
124517.0390625
123228.1171875
122038.203125
121127.765625
120100.96875
119201.453125
118555.7265625
118237.1953125
118127.9453125
117967.1796875
117934.359375
118038.21875
118257.734375
118585.875
119229.0078125
119718.0703125
120119.859375
120446.671875
120679.7109375
120764.5390625
120641.2109375
120364.21875
120124.03125
119895.484375
119665.4375
119447.7734375
119182.8828125
118898.6015625
118598.453125
118306.9375
117989.2421875
117656.9921875
117317.5703125
116946.9765625
116577.375
116184.21875
115750.8203125
115374.8359375
114973.0390625
114599.0390625
114222.2265625
113862.578125
113498.296875
113145.8984375
112826.0078125
112499.640625
112189.6953125
111878.5703125
111568.5625
111291.4296875
110998.4140625
110734.3828125
110486.75
110271.265625
110069.09375
109901.6328125
109777.6875
109679.1015625
109599.5
109496.09375
