25400.0
25400.0
25400.0
25400.0
25399.30078125
25397.994140625
25397.091796875
25396.57421875
25396.271484375
25396.109375
25396.01953125
25395.978515625
25395.953125
25395.927734375
25395.810546875
35377.19921875
55586.265625
68663.8046875
80603.2109375
90170.6171875
98096.6484375
103953.0078125
108673.8046875
113304.6953125
117476.4140625
121239.0234375
124426.3046875
127495.8125
130882.671875
133864.59375
133579.59375
130243.421875
127005.3828125
124312.2265625
121875.9921875
119694.921875
117609.84375
116052.4765625
115241.3671875
114347.9765625
113430.453125
112729.6875
112148.796875
112289.734375
112278.9296875
112347.5703125
112549.4609375
112975.9375
113332.7890625
113673.65625
113998.1328125
114369.7421875
114729.609375
115068.1875
115516.21875
115959.390625
116393.1015625
116798.3359375
117235.09375
117814.5859375
118261.5703125
118507.5703125
118672.4921875
118788.1640625
118848.9140625
118857.109375
118789.2421875
118676.6484375
118526.609375
118342.0
118090.15625
117776.7578125
117430.625
117022.78125
116600.21875
116148.6171875
115750.2734375
115365.1015625
114928.9921875
114516.609375
114087.0859375
113673.9296875
113252.0234375
112835.171875
112480.1484375
112144.0703125
111841.4140625
111601.65625
111353.828125
111130.2265625
110858.921875
110610.03125
110375.6484375
110118.3359375
109861.9765625
109630.15625
109418.7109375
109210.2734375
109009.96875
108801.6796875
108587.71875
108388.8828125
108164.1171875
107943.03125
107712.7421875
107491.46875
107263.828125
107039.921875
106828.2734375
106618.7109375
106422.21875
106220.3359375
106029.78125
105867.703125
105697.21875
105537.40625
105378.53125
105230.0078125
105082.2734375
104940.640625
104808.953125
104670.78125
104537.9921875
104406.109375
