25400.0
25400.0
25400.0
25400.0
25400.0
25400.0
25400.0
25400.0
25400.0
25400.0
25400.0
25400.0
25400.0
25400.0
25400.0
25400.0
25400.0
25400.0
25400.0
25400.0
25400.0
25400.0
25400.0
25400.0
25400.0
25400.0
30185.19921875
48031.92578125
63952.18359375
77702.40625
89509.109375
99339.0
108509.296875
116219.578125
123090.734375
129017.3359375
134242.5625
138570.09375
142260.6875
145170.75
147365.046875
148889.796875
150245.65625
151255.609375
152016.34375
152589.328125
153078.609375
153282.53125
149439.203125
145893.8125
142336.21875
138979.96875
135931.046875
133256.15625
130288.625
127991.984375
126401.953125
125022.4375
123518.90625
122181.4765625
121025.5625
120074.484375
119238.84375
118419.3828125
117744.859375
117378.109375
117264.015625
117241.3046875
117225.1015625
117235.4296875
117290.578125
117494.5546875
117719.5234375
117928.65625
118115.6953125
118297.7734375
118454.796875
118576.4765625
118691.4921875
118819.6328125
118957.1953125
119053.6484375
119106.1171875
119130.0859375
119130.9921875
119110.0078125
119012.171875
118889.15625
118760.4765625
118635.484375
118468.7890625
118272.5
118038.375
117788.9296875
117512.828125
117222.15625
116924.390625
116611.6953125
116302.25
115976.1640625
115644.7578125
115341.5625
115003.1328125
114657.6953125
114292.34375
113941.5078125
113584.5859375
113231.328125
112896.0625
112557.359375
112236.921875
111913.640625
111597.8828125
111318.734375
111017.421875
110732.4375
110445.546875
110174.3984375
109901.734375
109636.0546875
109385.25
109132.9140625
108894.640625
108655.078125
