25400.0
25400.0
25400.0
25400.0
25400.0
25400.0
25400.0
25400.0
25400.0
25400.0
25400.0
25400.0
25400.0
25400.0
25400.0
25400.0
25400.0
25400.0
25400.0
25400.0
25400.0
25400.0
25400.0
25400.0
25400.0
25400.0
25400.0
25400.0
32304.63671875
53118.53515625
69394.5859375
82834.4921875
92709.0703125
101608.625
110298.625
117758.8046875
123733.3046875
128482.2890625
132429.734375
135455.203125
137873.65625
140054.890625
141835.5
143543.234375
145014.59375
146295.171875
147298.078125
148147.328125
148547.46875
148609.546875
148547.71875
148505.734375
149786.703125
152440.28125
152784.265625
153324.84375
153175.203125
153550.5
149739.03125
146471.671875
144101.390625
142283.75
140703.1875
139444.46875
138520.5
138123.640625
138117.046875
138296.34375
138374.859375
138406.28125
138393.21875
138388.96875
138382.875
138350.640625
138259.375
138105.671875
137790.78125
137450.9375
137080.328125
136572.546875
136024.640625
135418.59375
134674.65625
133922.6875
133172.671875
132413.25
131659.515625
130939.1953125
130194.5859375
129462.578125
128813.2421875
128102.6484375
127423.5625
126732.859375
126075.359375
125408.859375
124753.5546875
124137.203125
123543.1171875
122989.6328125
122429.28125
121876.9140625
121382.5546875
120843.4765625
120328.7421875
119813.8046875
119330.59375
118840.4140625
118357.6328125
117892.890625
117411.9453125
116958.4296875
116500.0625
116062.828125
115683.453125
115271.4453125
114879.3046875
114484.3984375
114113.4609375
113730.859375
113353.7421875
112995.375
112630.6484375
112288.2734375
111946.1640625
