25400.0
25400.0
25400.0
25400.0
25400.0
25400.0
25400.0
25400.0
25400.0
25400.0
25400.0
25400.0
25400.0
25400.0
25400.0
25400.0
25400.0
25400.0
25400.0
25400.0
25400.0
25400.0
25400.0
25400.0
25400.0
25400.0
25400.0
25400.0
25400.0
25400.0
25400.0
25400.0
25400.0
28331.16015625
45268.30078125
60930.859375
74212.21875
83223.609375
91065.828125
98681.953125
105544.015625
111204.078125
116885.546875
121657.2578125
126230.6328125
129894.09375
132953.796875
135456.28125
137487.578125
139359.5
141022.734375
142423.453125
143445.515625
144331.09375
145215.328125
146011.015625
146755.484375
147402.59375
148008.5
148591.40625
149156.015625
149665.6875
151683.0625
147779.734375
144522.9375
141828.8125
139077.125
136623.03125
134160.515625
131939.65625
129858.875
128588.8515625
127319.3828125
125789.7265625
124428.4765625
123147.4921875
122084.5078125
121246.2890625
120453.0546875
119695.9140625
118993.015625
118424.921875
117928.15625
117494.921875
117119.5078125
116855.375
116694.171875
116697.140625
116679.3515625
116663.5390625
116663.5234375
116703.5546875
116781.65625
116858.578125
116925.5390625
116991.203125
117062.171875
117135.4765625
117197.3203125
117277.0234375
117341.609375
117345.84375
117353.7265625
117365.765625
117377.640625
117379.9609375
117348.078125
117281.7578125
117191.84375
117077.3515625
116950.1015625
116804.734375
116648.171875
116498.859375
116317.4453125
116151.484375
115988.578125
115830.328125
115648.28125
115471.703125
115307.328125
115136.359375
114968.46875
114794.15625
