25400.0
25400.0
25400.0
25400.0
25400.0
25400.0
25400.0
25400.0
25400.0
25400.0
25400.0
25400.0
25400.0
25400.0
25400.0
25400.0
25400.0
25400.0
25400.0
25400.0
25400.0
25400.0
25400.0
25400.0
25400.0
25400.0
25400.0
25400.0
25400.0
25400.0
25400.0
25400.0
25400.0
25400.0
25400.0
25400.0
25400.0
25400.0
25400.0
25400.0
25400.0
25400.0
25400.0
25400.0
25400.0
25400.0
25400.0
25400.0
25400.0
25400.0
25400.0
25400.0
25400.0
25400.0
25400.0
25400.0
25400.0
25400.0
25400.0
25400.0
25400.0
25400.0
25400.0
25400.0
25400.0
25400.0
25400.0
25400.0
25400.0
31195.267578125
38151.36328125
42562.796875
45823.36328125
48678.99609375
51391.6796875
53908.1171875
56598.13671875
59297.43359375
61727.17578125
64611.48828125
67889.8046875
70871.5
73604.1171875
76331.1953125
79254.484375
82225.234375
85404.3671875
88465.390625
91544.1015625
94512.2109375
97424.1171875
101288.453125
104808.6171875
108114.765625
111006.171875
113773.1640625
116400.5546875
118866.5390625
121601.4140625
124456.3671875
127181.7578125
129577.0390625
131827.09375
134391.984375
136938.8125
140034.890625
143173.59375
146248.015625
149345.0
152240.546875
155064.21875
157572.421875
159852.6875
161881.3125
163578.375
165337.59375
167230.984375
169159.375
170867.53125
172581.375
174226.453125
175761.359375
177284.296875
178633.65625
179738.96875
