25400.0
25400.0
25400.0
25400.0
25400.0
25400.0
25400.0
25400.0
25400.0
25400.0
25400.0
25400.0
25400.0
25400.0
25400.0
25400.0
25400.0
25400.0
25400.0
25400.0
25400.0
25400.0
25400.0
25400.0
25400.0
25400.0
25400.0
25400.0
25400.0
34739.23046875
52939.5078125
67007.09375
77922.1015625
86234.1875
93570.0625
100474.375
106702.515625
112034.3359375
116200.046875
119707.25
122741.015625
125135.640625
127340.8203125
129206.453125
130972.0546875
132457.90625
133910.140625
135247.109375
136384.796875
137398.546875
138203.265625
138791.40625
138993.640625
139014.015625
139088.265625
139214.765625
139423.5625
139882.1875
142802.28125
143700.46875
143949.78125
144405.515625
143892.21875
146124.65625
149766.265625
149041.5
145517.953125
142955.34375
140729.5
138912.84375
137400.578125
136078.9375
134959.734375
133972.921875
133086.109375
132231.734375
131458.1875
130812.984375
130119.1640625
129537.1796875
128983.6953125
128593.3671875
128129.515625
127642.46875
127187.609375
126709.3515625
126230.3984375
125772.6171875
125346.28125
124987.0390625
124620.828125
124314.0546875
124059.15625
123858.1640625
123727.7734375
123617.1875
123512.34375
123370.921875
123352.6328125
123363.109375
123385.1953125
123403.1953125
123417.484375
123431.59375
123437.796875
123437.5078125
123438.5390625
123437.84375
123524.984375
123733.640625
123917.71875
124110.4765625
124257.1875
124348.9296875
124410.5546875
124309.0078125
124162.8046875
123996.421875
123799.1328125
123589.78125
123363.140625
123084.9296875
122753.2890625
122337.265625
