25400.0
25400.0
25400.0
25400.0
25400.0
25400.0
25400.0
25400.0
25400.0
25400.0
25400.0
25400.0
25400.0
25400.0
25400.0
25400.0
25400.0
25400.0
25400.0
25400.0
25400.0
25400.0
25400.0
25400.0
25400.0
25400.0
25400.0
25400.0
25400.0
25400.0
25400.0
25400.0
25400.0
25400.0
25400.0
33318.45703125
48401.203125
58384.3515625
66009.9765625
71844.234375
76620.0859375
80704.2734375
84180.09375
87611.46875
90475.8515625
92987.234375
95153.234375
97212.3359375
99224.9296875
101112.28125
102884.0078125
104419.265625
105842.7265625
107146.640625
108218.921875
109467.0703125
110701.3671875
111919.90625
112999.796875
114012.1328125
114903.4375
115671.71875
116412.0
117109.734375
117780.65625
118304.4375
118715.703125
119207.7109375
119596.9453125
119947.2734375
120300.2890625
120554.6328125
120546.8359375
120858.5859375
121674.59375
123401.8515625
125624.3828125
128873.6640625
132317.671875
136149.921875
140161.5625
144184.671875
150385.875
155367.203125
160496.375
165230.484375
169016.765625
167295.25
164745.015625
162607.953125
161726.046875
160413.890625
158757.578125
157120.0625
155648.671875
154343.953125
153472.90625
153073.921875
152327.796875
151531.28125
150710.234375
149848.609375
149034.328125
148122.921875
147219.875
146334.046875
145481.890625
144608.34375
143717.265625
142839.078125
141926.421875
141094.03125
140263.90625
139459.8125
138745.4375
137957.515625
137185.265625
136384.25
135602.46875
134795.515625
133997.296875
133236.546875
132482.515625
131773.765625
131052.1640625
