25400.0
25400.0
25400.0
25400.0
25400.0
25400.0
25400.0
25400.0
25400.0
25400.0
25400.0
25400.0
25400.0
25400.0
25400.0
25400.0
25400.0
25400.0
25400.0
25400.0
25400.0
25400.0
25400.0
25400.0
25400.0
25400.0
25400.0
25400.0
25400.0
25400.0
25400.0
25400.0
25400.0
25400.0
25400.0
25400.0
25400.00390625
25400.0
25400.0
25400.0
25400.0
25400.0
30664.451171875
38869.4765625
44199.734375
49311.05078125
54029.0859375
58910.51953125
64517.0546875
70150.8203125
75719.3515625
81603.984375
87572.6796875
91674.8828125
94910.21875
98728.3203125
103473.125
108456.796875
113120.3125
118016.3125
122709.203125
127068.4765625
131413.21875
135546.234375
140134.515625
145415.125
150226.703125
155249.328125
159772.015625
164100.875
164869.71875
162943.71875
161022.34375
159132.34375
157157.296875
155174.734375
153080.28125
151002.28125
149143.0
147118.46875
145196.65625
143274.015625
141493.734375
139834.46875
138533.640625
137275.0625
136002.0625
134792.234375
133657.015625
132717.28125
131413.546875
129936.390625
128558.6171875
127206.5234375
125978.8828125
124798.6640625
123696.796875
122844.3359375
122187.265625
121447.9453125
120590.15625
119723.15625
118982.1953125
118255.9453125
117723.5078125
117263.6640625
116869.28125
116557.9140625
116317.03125
116159.484375
116023.828125
115896.2265625
115757.921875
115613.2265625
115479.3359375
115329.59375
115261.8671875
115263.1640625
115299.109375
115317.65625
115395.3359375
115493.0390625
115602.0
115715.2421875
115832.890625
