25400.0
25400.0
25400.0
25400.0
25395.1953125
25390.78515625
25387.478515625
25383.28125
25380.91796875
25379.51171875
25378.716796875
25378.240234375
25377.96484375
25377.8046875
25377.708984375
25377.65234375
25377.615234375
25377.59375
25377.580078125
25377.5703125
25377.564453125
25377.55859375
25377.556640625
25377.552734375
25377.552734375
25377.55078125
25377.55078125
25377.509765625
25377.388671875
25377.17578125
25376.736328125
25376.41015625
25497.775390625
39576.98828125
53704.77734375
63522.4140625
72170.9609375
79382.953125
85059.0
90376.171875
94524.953125
98037.7890625
100690.78125
102769.03125
104871.28125
107210.3125
109452.765625
111252.1796875
112814.0546875
114182.546875
115401.4375
116651.8203125
117898.90625
119031.1796875
120010.4140625
120815.1875
121618.8125
122524.8125
123677.625
124842.7265625
126030.640625
127083.5234375
127933.046875
128611.3515625
129113.96875
129683.2421875
131145.125
133031.015625
135702.296875
139510.03125
141565.03125
141359.015625
139278.65625
137471.40625
135843.890625
134647.96875
133462.03125
132124.375
130888.6875
130047.1171875
129232.453125
128588.6328125
127879.515625
127410.078125
127444.4609375
127449.6015625
127460.9140625
127510.0625
127611.4375
127737.578125
127850.8046875
127967.1640625
128125.8046875
128401.359375
128834.2421875
129195.6875
129476.6171875
129697.7109375
129868.6171875
130027.453125
130218.265625
130415.7109375
130481.484375
130526.3984375
130579.9921875
130602.9140625
130619.1875
130566.4609375
130369.90625
130044.0859375
129702.078125
129336.15625
128965.5546875
128673.5234375
128454.2890625
128210.9453125
127875.8671875
127518.2265625
127119.90625
126694.2265625
126215.3046875
125693.15625
125178.71875
124646.46875
124146.0859375
123638.3359375
