25400.0
25400.0
25400.0
25400.0
25400.0
25400.0
25400.0
25400.0
25400.0
25400.0
25400.0
25400.0
25400.0
25400.0
25400.0
25400.0
25400.0
25400.0
25400.0
25400.0
25400.0
25400.0
25400.0
25400.0
25400.0
25400.0
25400.0
25400.0
25400.0
25400.0
25400.0
25400.0
25400.0
25400.0
25400.0
25400.0
25400.0
25400.0
25400.0
25400.0
25400.0
25400.0
25400.0
25400.0
25400.0
25400.0
25400.0
29305.552734375
37392.0390625
43186.16796875
47640.81640625
51111.31640625
54267.8046875
57279.3203125
60256.6328125
63517.515625
66890.609375
70007.890625
73250.7734375
76443.5546875
79722.921875
83117.0
86668.09375
90485.703125
94243.171875
97882.1953125
101328.0234375
105173.453125
108844.203125
112570.5390625
116138.9765625
120005.578125
123991.8515625
127820.046875
131556.453125
134689.875
138325.96875
142378.40625
145866.78125
149683.15625
153330.859375
156880.484375
160118.109375
163198.734375
166145.4375
168932.140625
171672.734375
174138.671875
176863.9375
179464.5625
181837.09375
184145.765625
186117.8125
187862.375
189328.3125
194753.8125
197476.59375
199071.5625
202924.9375
205420.328125
199476.390625
194803.265625
191286.09375
188433.4375
186058.953125
184019.25
182289.375
180595.21875
178841.84375
177003.78125
175177.4375
173461.734375
171680.671875
169810.859375
168205.046875
166481.640625
164859.515625
163269.375
161722.671875
160120.046875
158506.53125
156979.859375
155440.890625
153973.796875
152470.359375
