25400.0
25400.0
25400.0
25392.421875
25381.408203125
25375.919921875
25372.498046875
25369.23828125
25367.84765625
25367.220703125
25366.947265625
25366.818359375
25366.755859375
25366.724609375
25366.703125
25366.6875
25366.666015625
25366.515625
25365.744140625
26648.142578125
39961.796875
51436.5234375
61231.671875
70873.5390625
79221.515625
86954.1796875
95316.0234375
102870.1484375
110220.84375
117239.7734375
123323.4609375
130048.953125
136047.40625
141960.578125
147044.171875
151893.984375
156972.03125
156035.296875
150308.8125
145281.40625
140858.921875
137033.84375
133701.140625
131924.21875
130335.8515625
128656.6171875
127876.765625
127193.875
126722.625
126380.8984375
126472.5
126636.1328125
126833.015625
127064.5546875
127260.3046875
127325.53125
127221.3125
127266.1953125
127215.40625
126961.59375
126545.734375
126086.6640625
125527.4921875
124948.0546875
124390.921875
123822.0234375
123490.03125
123166.6875
122823.6328125
122462.3828125
122075.703125
121732.8125
121374.234375
120944.125
120390.796875
119732.96875
119063.265625
118502.1484375
117976.5859375
117360.2265625
116689.6640625
116004.5546875
115417.8203125
115091.0703125
114696.4609375
114228.7578125
113664.5
113059.4375
112407.53125
111751.9140625
111147.2890625
110499.1484375
109891.6328125
109320.0234375
108816.2421875
108331.7421875
107873.6640625
107449.4609375
107028.4453125
106637.0
106246.5546875
105874.6484375
105554.1171875
105219.09375
104914.109375
104621.359375
104359.75
104111.4609375
103883.90625
103681.3828125
103488.859375
103316.8359375
103153.0703125
103008.375
102902.609375
102813.8984375
102748.453125
102698.171875
102664.1875
102640.6171875
102623.09375
102612.0859375
102604.3046875
102597.765625
102590.4375
