25400.0
25400.0
25400.0
25400.0
25400.0
25400.0
25400.0
25400.0
25400.0
25400.0
25400.0
25400.0
25400.0
25400.0
25400.0
25400.0
25400.0
25400.0
25400.0
25400.0
25400.0
25400.0
25400.0
25400.0
25400.0
25400.0
25400.0
25400.0
25400.0
25400.0
25400.0
25400.0
25400.0
25400.0
25400.0
25400.0
29060.541015625
42716.1640625
53795.4140625
62702.94140625
70323.96875
74826.875
78288.609375
81076.078125
83663.453125
86388.5234375
88973.1328125
91387.953125
93575.015625
95651.484375
97488.046875
99465.6953125
101223.3125
102743.5078125
104158.75
105385.015625
106586.7421875
107982.8046875
109501.4453125
110951.140625
112291.8359375
113634.890625
114924.03125
116330.2421875
117799.5078125
119168.75
120605.1328125
121846.34375
123029.6015625
124126.390625
126154.796875
128527.8046875
131024.078125
133683.5625
136262.875
138813.796875
141285.375
143501.6875
146416.6875
149450.8125
152202.859375
154696.09375
157216.671875
161497.6875
166061.8125
169023.46875
171855.3125
175138.703125
180232.9375
176693.03125
173979.15625
172327.671875
170830.0
169593.140625
168607.25
168008.21875
167706.9375
167426.171875
167125.53125
166763.90625
166362.015625
165997.453125
165533.671875
165127.84375
164625.015625
164312.359375
163852.625
163219.0625
162616.140625
161997.59375
161417.046875
160780.59375
160273.953125
159741.78125
158946.953125
158004.28125
156954.671875
155857.921875
154672.03125
153413.9375
152145.4375
150786.140625
149454.921875
148173.28125
