25400.0
25400.0
25400.0
25400.0
25400.0
25400.0
25400.0
25400.0
25400.0
25400.0
25400.0
25400.0
25400.0
25400.0
25400.0
25400.0
25400.0
25400.0
25400.0
25400.0
25400.0
25400.0
25400.0
25400.0
25400.0
25400.0
25400.0
25400.0
25400.0
25400.0
25400.0
25400.0
25400.0
25400.0
25400.0
25400.0
25400.0
25400.0
25400.0
25400.0
25400.0
25400.0
25400.0
25400.0
25400.0
25400.0
25400.0
25400.0
25400.0
25400.0
25400.0
25400.0
25400.0
25400.0
25400.0
25400.0
25400.0
25400.0
25400.0
25400.0
25400.0
25400.0
25400.0
25400.0
25400.0
25400.0
25400.0
27585.044921875
34651.6796875
40000.36328125
43539.9609375
46560.49609375
49526.46875
52493.92578125
55606.80859375
58750.07421875
61929.15625
65824.5546875
69659.5546875
72784.9140625
76604.7109375
80443.40625
84176.4296875
87711.8515625
91650.171875
95650.4375
99504.9765625
103371.2578125
106945.921875
110160.828125
112861.5078125
115378.8359375
118063.5
120982.6171875
123847.6796875
126462.9921875
129964.625
133287.75
136208.015625
138936.390625
141444.21875
144208.640625
147104.125
149787.296875
152746.6875
155580.515625
158439.09375
161094.703125
163748.3125
166099.609375
168213.546875
170428.671875
172571.0625
174749.375
176841.5625
178624.765625
180486.875
182191.703125
183883.015625
185237.3125
186504.46875
187694.953125
188679.90625
189572.65625
190394.234375
191154.875
