65.1881
74.3282
76.7527
79.8863
80.1776
81.085
83.4884
99.3318
101.204
101.683
114.018
114.553
120.316
122.711
123.925
135.008
136.226
148.603
153.198
153.524
158.507
161.25
163.53
164.156
164.314
164.518
169.106
170.83
172.413
174.446
175.331
177.863
178.21
181.063
181.135
183.531
184.432
184.564
185.464
187.062
189.523
189.866
190.389
191.371
192.847
193.033
193.23
194.046
195.973
198.209
198.233
198.233
198.245
200.652
202.617
202.922
206.674
207.335
207.455
211.66
217.888
218.507
218.566
220.304
220.32
221.812
222.293
223.333
225.202
226.639
229.156
230.526
231.485
232.316
234.005
234.174
234.174
234.616
234.768
240.989
242.756
242.933
243.44
244.896
247.019
247.019
247.019
247.019
247.632
247.632
249.622
252.097
252.097
252.848
252.848
253.161
253.161
254.301
254.825
255.022
