25400.0
25400.0
25400.0
24853.21484375
24573.4921875
24620.6640625
24599.140625
24592.98046875
24592.427734375
24593.8671875
24596.025390625
24598.375
24600.666015625
24602.91015625
24605.0078125
24607.0
24608.94921875
24611.28125
24613.90234375
24615.59375
24617.134765625
24618.583984375
24619.25390625
24623.857421875
24648.052734375
29374.080078125
41260.05859375
54949.85546875
68891.890625
80977.3046875
91349.359375
98031.2578125
102287.7890625
105995.9375
109604.859375
111520.515625
111869.1484375
112034.296875
111984.25
111761.1171875
111515.8515625
111247.9375
110835.3671875
110375.4921875
109852.84375
109313.0625
108741.28125
108273.3125
107882.9921875
107506.1640625
107140.0703125
106761.2109375
106390.7421875
106060.765625
105671.578125
105311.6796875
104991.546875
104733.96875
104474.1015625
104220.359375
103978.0859375
103731.109375
103494.5390625
103222.515625
102951.4375
102735.3828125
102514.6171875
102310.8671875
102148.0703125
102026.015625
101926.84375
101844.546875
101792.6640625
101741.453125
101692.7578125
101652.3046875
101618.265625
101587.2421875
101551.2890625
101515.5078125
101549.71875
101727.1875
101882.1484375
102014.859375
102131.796875
102254.3046875
102386.28125
102533.1796875
102686.9453125
102841.9609375
103008.453125
103204.6953125
103387.46875
103546.59375
103718.5859375
103801.328125
103842.796875
103870.546875
103889.9765625
103905.21875
103918.890625
103931.6875
103948.0078125
103966.5703125
103987.4140625
104003.390625
104031.7578125
104027.8515625
104024.5703125
104002.609375
103999.9453125
104022.21875
104024.3828125
104007.109375
103973.578125
103936.6875
103924.7265625
104026.703125
104174.9140625
104294.9921875
104374.125
104450.0078125
104538.984375
104595.0
