25400.0
25400.0
25400.0
25400.0
25400.0
25400.0
25400.0
25400.0
25400.0
25400.0
25400.0
25400.0
25400.0
25400.0
25400.0
25400.0
25400.0
25400.0
25400.0
25400.0
25400.0
25400.0
25400.0
25400.0
25400.0
25400.0
25400.0
34734.73046875
52550.4375
67037.0078125
77794.8046875
87239.3671875
95787.1484375
103323.3359375
109575.3671875
115238.1875
119762.390625
123293.8828125
126360.6875
128991.640625
131244.234375
133158.90625
134671.671875
136016.84375
137203.140625
138311.1875
139278.671875
140171.5625
140956.71875
141532.296875
142078.203125
143849.59375
146350.9375
146228.453125
145811.84375
144662.75
144217.3125
140333.046875
137006.921875
134480.453125
132202.4375
130326.4375
128650.0234375
127237.984375
126013.09375
125000.390625
124204.8828125
123403.8203125
122747.0078125
122157.0703125
121633.5078125
121109.2421875
120583.078125
120115.96875
119669.7421875
119310.8203125
118955.328125
118556.90625
118180.3359375
117730.7421875
117301.796875
116875.2109375
116470.765625
116042.6171875
115619.734375
115217.265625
114815.140625
114440.2578125
114081.140625
113735.9609375
113435.5703125
113118.3984375
112827.1953125
112544.6953125
112287.1640625
112035.4296875
111845.890625
111683.78125
111540.640625
111420.0859375
111309.078125
111216.875
111149.71875
111098.390625
111066.6953125
111048.4296875
111049.96875
111080.25
111205.1015625
111380.203125
111558.8671875
111693.59375
111802.125
111882.7265625
111888.6328125
111857.171875
111798.546875
111719.2890625
111637.625
111597.1015625
111896.296875
112136.7890625
112317.015625
112437.109375
112521.1953125
