25400.0
25400.0
25400.0
25006.828125
24657.740234375
24708.39453125
24710.25390625
24710.365234375
24712.630859375
24715.96484375
24719.8046875
24723.677734375
24727.3125
24730.892578125
24734.173828125
24738.62890625
24741.98828125
24744.47265625
24746.837890625
24747.431640625
24748.390625
24853.767578125
35492.9921875
50561.8359375
64448.42578125
78717.6796875
90715.9375
101408.453125
111077.2265625
119275.3515625
126448.484375
131763.78125
136114.640625
139426.625
141950.046875
143744.734375
143247.5
140127.140625
137380.671875
134736.1875
132174.1875
129953.3046875
127619.4765625
125493.6796875
123255.515625
121266.9609375
119386.4296875
117626.2890625
116065.3515625
114770.4609375
113554.9765625
112365.6484375
111264.7109375
110687.21875
109963.6875
109196.25
108564.796875
107985.2265625
107355.703125
106716.28125
106156.125
105643.71875
105270.6171875
105043.4375
104921.3203125
104841.1484375
104722.2109375
104619.359375
104494.6484375
104373.3984375
104293.4453125
104272.96875
104290.4375
104325.15625
104408.2734375
104471.875
104493.265625
104483.1875
104476.0
104484.1875
104495.5546875
104503.1171875
104508.390625
104508.09375
104506.515625
104507.78125
104512.7109375
104520.78125
104529.984375
104537.8359375
104568.59375
104601.4140625
104627.703125
104646.296875
104663.046875
104673.40625
104687.5078125
104704.7421875
104718.109375
104723.359375
104721.765625
104716.890625
104710.8046875
104704.640625
104698.21875
104675.0859375
104640.59375
104611.46875
104586.8125
104558.21875
104547.5546875
104533.6171875
104518.6875
104504.578125
104480.765625
104443.3046875
104395.578125
104347.6640625
104299.6875
104253.703125
104211.5390625
104171.6328125
104136.2265625
104103.8671875
