25400.0
25400.0
25400.0
25154.728515625
24973.32421875
24973.32421875
24973.32421875
24973.32421875
24973.32421875
24973.32421875
24973.32421875
24973.32421875
24973.32421875
24973.32421875
24973.32421875
24973.32421875
24987.603515625
25004.35546875
25008.994140625
25010.54296875
25011.421875
25012.115234375
25012.708984375
25013.2734375
25013.78515625
25014.23046875
25014.62890625
25014.9140625
25015.162109375
25014.962890625
25013.107421875
25014.27734375
29556.375
40534.2890625
49956.828125
57458.95703125
63189.3359375
67947.75
71935.453125
75655.515625
79171.25
82061.8515625
84858.8671875
87626.6875
91421.15625
95244.609375
99164.7890625
103306.0859375
107751.546875
113011.8671875
116856.5625
118163.84375
119429.515625
120593.59375
121655.640625
122454.890625
123189.7578125
123744.8515625
124123.796875
124299.9453125
124274.8046875
124156.3046875
124007.0234375
123751.40625
123407.4140625
123041.6796875
122595.6640625
122161.7890625
121728.0234375
121378.375
121256.84375
121261.7578125
121163.8984375
121000.8125
120799.65625
120540.2265625
120281.5078125
120004.6328125
119691.234375
119395.0546875
119092.921875
118811.7734375
118535.1484375
118257.3359375
118009.5703125
117791.015625
117590.90625
117378.6875
117156.765625
116950.9453125
116713.9609375
116480.25
116225.7890625
115948.171875
115666.328125
115396.46875
115274.8515625
114994.3359375
114658.1875
114298.578125
113933.109375
113608.6328125
113250.625
112947.8515625
112637.3046875
112334.2734375
111975.984375
111610.2734375
111264.6484375
110929.0234375
110628.8671875
110422.59375
110285.9453125
110325.5625
110332.296875
110255.2890625
110094.8359375
109883.65625
109648.4921875
109459.8515625
109318.578125
109213.453125
109150.09375
109145.9765625
