25400.0
25400.0
25400.0
25400.0
25400.0
25400.0
25400.0
25400.0
25400.0
25400.0
25400.0
25400.0
25400.0
25400.0
25400.0
25400.0
25400.0
25400.0
25400.0
25400.0
25400.0
25400.0
25400.0
32821.9765625
52153.421875
69197.4921875
84156.1875
95930.859375
107206.6171875
116625.296875
124049.2421875
130989.625
136434.109375
141125.28125
144611.515625
147273.734375
149277.453125
150782.09375
151966.328125
152836.5
149870.328125
145612.921875
141810.671875
138068.5625
134902.71875
131806.625
128759.59375
126757.640625
125353.3203125
123665.4453125
122179.5234375
120910.78125
119966.9375
119860.09375
119859.8671875
119762.875
119829.8125
120024.609375
120259.1953125
120474.734375
120752.2109375
121059.1875
121322.6171875
121428.546875
121414.171875
121294.234375
121197.8203125
121013.9765625
120700.96875
120310.1796875
119892.65625
119424.53125
118938.4921875
118465.890625
117982.6796875
117531.328125
117106.46875
116696.4921875
116328.6484375
115921.8828125
115529.0546875
115121.7265625
114726.2890625
114325.1171875
113933.28125
113562.0859375
113187.8359375
112834.140625
112478.5859375
112132.40625
111827.1171875
111499.2109375
111199.2890625
110900.8359375
110619.515625
110336.03125
110060.046875
109800.875
109542.390625
109304.2734375
109067.9453125
108844.078125
108653.5546875
108457.1015625
108279.875
108110.3125
107962.6796875
107827.796875
107707.59375
107602.625
107504.1875
107418.5625
107358.53125
107304.859375
107257.25
107204.4453125
107153.6953125
107102.3828125
107013.125
106906.609375
106825.6796875
106766.046875
106718.7734375
106680.4453125
106645.90625
