25400.0
25400.0
25400.0
25400.0
25400.0
25400.0
25400.0
25400.0
25400.0
25400.0
25400.0
25400.0
25400.0
25400.0
25400.0
25400.0
25400.0
25400.0
25400.0
25400.0
25400.0
25400.0
25400.0
25400.0
25400.0
25400.0
25400.0
34415.41015625
52500.83984375
67149.078125
81489.453125
92062.1640625
101546.296875
109954.1953125
117775.0859375
124816.0859375
130455.453125
135014.0625
138572.90625
141608.71875
143970.1875
145658.8125
147197.296875
148549.0
149544.484375
150220.546875
150817.8125
151333.359375
151751.5625
152139.3125
152550.015625
156903.890625
157723.609375
157254.8125
155860.59375
159709.265625
164068.078125
168297.546875
164051.5
161452.859375
160071.140625
159708.234375
159603.015625
159772.265625
159998.609375
160023.65625
159817.984375
159550.609375
159153.234375
158668.03125
157972.453125
157025.9375
155985.015625
154764.921875
153472.59375
152077.65625
150508.46875
149069.140625
147482.90625
145953.203125
144414.5625
142973.140625
141535.515625
140143.53125
138840.8125
137540.125
136321.21875
135115.515625
133948.65625
132920.265625
131808.890625
130757.71875
129670.6171875
128634.71875
127596.2734375
126579.125
125625.5625
124681.375
123802.0078125
122924.5
122077.71875
121337.390625
120547.125
119810.046875
119076.140625
118395.203125
117712.0234375
117049.4140625
116427.6484375
115810.0
115234.5
114662.390625
114111.6640625
113632.875
113126.28125
112650.9140625
112175.125
111729.2109375
111283.859375
110853.59375
110450.65625
110048.6015625
109673.3984375
109298.7578125
