25400.0
24986.263671875
23650.892578125
22527.8984375
22119.501953125
22361.310546875
22791.623046875
23301.755859375
23804.41015625
24306.380859375
24780.697265625
24990.384765625
24990.384765625
24990.384765625
24990.384765625
24990.384765625
24990.384765625
24990.384765625
24990.384765625
24990.384765625
24990.384765625
24990.384765625
24990.384765625
26656.220703125
43893.59375
51573.9375
60897.71484375
67011.6171875
71373.7265625
75831.9375
79736.109375
83477.171875
86240.3203125
88367.296875
90076.1171875
91435.4609375
92476.2265625
93210.1015625
93743.890625
94090.5
94274.7421875
94359.0546875
94390.046875
94737.828125
95169.6015625
95574.0234375
95906.109375
96287.6171875
96696.5
97057.15625
97378.828125
97661.1015625
97884.5
98199.3046875
98683.0
99097.0078125
99435.96875
99734.7890625
99991.8515625
100242.359375
100479.625
100674.0390625
100837.828125
100973.2734375
101077.265625
101173.25
101250.6015625
101316.9375
101369.375
101412.453125
101444.796875
101467.828125
101482.8125
101489.90625
101492.4609375
101492.046875
101491.015625
101489.5703125
101499.3359375
101527.1796875
101565.9453125
101614.265625
101666.046875
101716.1484375
101737.203125
101755.9921875
101768.9453125
101773.9609375
101771.625
101761.5625
101746.7109375
101724.03125
101695.7734375
101660.515625
101623.046875
101583.5078125
101540.2109375
101496.1953125
101449.0234375
101401.2890625
101359.3359375
101299.40625
101256.71875
101257.8515625
101271.015625
101296.46875
101327.8515625
101361.3125
101391.90625
101418.59375
101443.1328125
101464.53125
101481.46875
101496.2734375
101507.2578125
101513.5625
101515.875
101514.3515625
101509.28125
101500.2578125
101485.7265625
101467.1484375
101443.578125
