25400.0
25400.0
25400.0
25310.40234375
25280.875
25280.875
25280.875
25280.875
25280.875
25280.875
25280.875
25280.875
25280.875
25280.875
25280.875
25280.875
25280.875
25280.875
25280.875
25280.875
25280.875
25280.875
25280.875
25280.875
25280.875
25280.875
29550.513671875
43275.37890625
53842.484375
61585.57421875
67686.1796875
72926.171875
77692.2890625
82350.5234375
86745.1328125
91121.234375
96190.71875
100984.3828125
106466.296875
111828.015625
117177.078125
122278.3046875
126895.84375
131882.484375
137218.65625
142890.453125
148134.1875
152980.21875
157557.296875
154801.171875
152191.8125
149683.59375
147146.171875
144521.453125
142122.078125
139499.5
137565.0625
135747.84375
134060.359375
132168.03125
130883.6640625
129504.1171875
128483.7265625
127763.2890625
127220.328125
126471.75
125802.359375
125367.25
125124.484375
124951.296875
124946.96875
124936.4140625
124913.8046875
124996.3125
125146.8515625
125302.2578125
125403.6640625
125479.921875
125557.5546875
125569.0390625
125514.0390625
125415.7578125
125330.0859375
125193.765625
125007.3359375
124802.2578125
124569.6953125
124361.0546875
124108.953125
123837.0859375
123607.1328125
123359.125
123135.0
122940.90625
122753.5859375
122555.546875
122346.390625
122145.3671875
121984.1484375
121852.7890625
121755.3671875
121751.6875
121636.8359375
121362.2265625
121067.3515625
120737.125
120397.515625
120033.2890625
119782.5859375
119534.609375
119236.6328125
118915.3125
118560.8984375
118189.6953125
117842.3984375
117447.6953125
117024.25
116548.5859375
116099.3828125
115652.8984375
115216.78125
114794.7421875
114345.5078125
113897.53125
113440.34375
