25400.0
25400.0
25400.0
25083.26953125
24759.302734375
24722.50390625
24798.66015625
24818.45703125
24821.537109375
24823.58203125
24825.875
24828.455078125
24831.0625
24833.517578125
24835.9453125
24838.185546875
24840.90234375
24843.583984375
24845.33203125
24847.015625
24848.583984375
24850.087890625
24851.54296875
24852.98046875
24854.359375
24855.646484375
24856.9921875
24858.1875
24858.650390625
24858.318359375
24861.115234375
26057.64453125
36514.63671875
46088.68359375
51915.94140625
55885.6171875
58960.51171875
61876.4609375
65147.2265625
68147.21875
71677.8203125
74903.1328125
77625.84375
80552.3984375
83296.2421875
86305.3203125
89034.8984375
91493.453125
93715.78125
95829.78125
98128.3671875
100330.0703125
102563.484375
104905.546875
106984.609375
109154.609375
111275.65625
113469.421875
115375.71875
117214.4453125
118983.515625
120676.0234375
122476.3203125
124233.6328125
126044.90625
127843.265625
129607.3125
131541.359375
133364.390625
135201.640625
137244.953125
139419.625
141516.09375
143377.96875
145900.75
149698.03125
149098.875
146161.4375
143960.0625
141575.375
139405.6875
137920.25
136501.40625
134989.296875
133705.15625
132322.421875
130934.765625
129850.6484375
128842.0390625
127883.0
127087.78125
126521.2734375
126376.125
126119.1015625
125865.21875
125608.90625
125453.0625
125359.265625
125314.0546875
125297.625
125283.5859375
125249.8046875
125210.3125
125166.296875
125089.5078125
125141.390625
125104.25
125006.7890625
124886.875
124760.109375
124636.6953125
124515.0390625
124376.5625
124231.40625
124213.0
124144.359375
124051.7578125
123921.40625
123769.203125
123563.6796875
123299.4921875
122998.4921875
122651.4296875
122303.8046875
121918.15625
