25400.0
25400.0
25400.0
25400.0
25400.0
25400.0
25400.0
25400.0
25400.0
25400.0
25400.0
25400.0
25400.0
25400.0
25400.0
25400.0
25400.0
25400.0
25400.0
25400.0
25400.0
32267.0546875
46532.08203125
57230.96484375
69873.9296875
76789.5078125
81664.3828125
86983.65625
91834.4453125
96566.0625
100785.6640625
104048.203125
107258.5234375
110331.8828125
113570.046875
116576.3203125
119403.0078125
121960.375
124274.2890625
126817.65625
129401.828125
132014.359375
134572.703125
136960.3125
139837.859375
142340.96875
147371.75
150716.515625
150055.265625
145067.25
142146.484375
139486.609375
137404.625
135536.578125
134335.34375
134415.84375
134612.59375
134772.140625
134928.75
134918.75
134797.625
134594.890625
134481.546875
134625.609375
134534.03125
134404.1875
134617.078125
135000.921875
135277.875
135363.5
135275.46875
135049.359375
134696.90625
134206.46875
133626.640625
133036.21875
132374.90625
131605.859375
130790.0546875
130032.328125
129227.359375
128449.734375
127659.3671875
126912.8984375
126152.4375
125391.7734375
124619.5
123789.90625
123003.5546875
122200.25
121403.9609375
120692.8828125
119913.421875
119168.5390625
118420.3359375
117776.03125
117160.03125
116575.2265625
116069.53125
115527.59375
115011.4296875
114504.109375
114028.3671875
113614.34375
113171.9140625
112755.2109375
112337.5
111944.0625
111549.203125
111164.78125
110798.875
110431.0078125
110083.2109375
109734.75
109398.0234375
109102.578125
108784.1484375
108481.2578125
108170.9140625
107872.953125
107570.1328125
107274.1015625
106995.3359375
106718.8359375
106464.8046875
106217.59375
