25400.0
25400.0
25400.0
25400.0
25400.0
25400.0
25400.0
25400.0
25400.0
25400.0
25400.0
25400.0
25400.0
25400.0
25400.0
25400.0
25400.0
25400.0
25400.0
25400.0
25400.0
25400.0
25400.001953125
25400.0
25400.0
25400.0
26718.482421875
45493.28125
63254.421875
76015.5859375
86252.546875
95469.1640625
103174.921875
109270.1640625
113980.8359375
118003.015625
121366.1328125
124125.71875
126069.65625
127205.828125
127897.3203125
128548.0390625
129464.6171875
130714.34375
132208.984375
133515.59375
134578.140625
135498.4375
136280.40625
136975.953125
137614.875
138333.484375
139688.578125
142616.265625
143138.046875
143478.90625
142452.0
138291.046875
135354.015625
133096.0625
130802.015625
128609.0
126772.5859375
125362.3046875
124098.9453125
123040.2734375
122040.1796875
121240.53125
120554.6953125
120023.9765625
119572.4453125
119212.578125
118922.390625
118656.078125
118502.8671875
118414.75
118478.65625
118721.4921875
118958.5078125
119211.25
119483.21875
119864.90625
120283.078125
120701.59375
121120.234375
121614.71875
122157.1015625
122667.640625
123078.9765625
123357.9453125
123646.09375
123892.40625
124069.6015625
124208.4453125
124343.4375
124515.234375
124681.078125
124913.3828125
125187.53125
125375.453125
125459.671875
125456.046875
125402.015625
125314.8125
125148.921875
124874.5390625
124577.1953125
124263.0390625
123910.8359375
123548.546875
123203.1328125
122825.828125
122419.40625
122032.5703125
121590.34375
121154.9453125
120710.1796875
120291.21875
119955.46875
119789.875
119612.71875
119389.953125
119143.1640625
118866.0234375
