25400.0
25400.0
25400.0
25400.0
25400.0
25400.0
25400.0
25400.0
25400.0
25400.0
25400.0
25400.0
25400.0
25400.0
25400.0
25400.0
25400.0
25400.0
25400.0
25400.0
25400.0
25400.0
25400.0
39129.1171875
57701.57421875
72232.59375
83527.765625
92907.2421875
101634.0546875
108276.4296875
113191.765625
117467.0078125
120703.59375
123645.875
126091.0078125
128161.0234375
129953.984375
131297.15625
132114.984375
132575.84375
132866.796875
133404.296875
133891.03125
134335.671875
134697.890625
135836.0625
138123.8125
138644.828125
138216.90625
139463.6875
142132.03125
145131.296875
149090.84375
145163.15625
142356.0625
140012.375
138256.84375
136773.78125
135464.359375
134225.859375
132942.265625
131713.4375
130468.078125
129277.0078125
128149.5234375
127082.6171875
126281.3828125
125357.6796875
124500.4296875
123658.3984375
122876.2578125
122122.3046875
121418.9296875
120916.171875
120520.6953125
120192.6796875
119867.546875
119547.2734375
119236.15625
118772.09375
118320.9296875
117881.8515625
117820.921875
117920.125
117960.390625
118010.6796875
118009.1328125
117949.3046875
117844.1171875
117707.0859375
117557.7421875
117360.015625
117128.9140625
116860.9140625
116665.2265625
116480.4765625
116327.890625
116197.734375
116060.9375
115938.0546875
115809.9453125
115699.0546875
115513.8203125
115308.28125
115113.125
114923.15625
114828.78125
114778.8203125
114740.1953125
114692.171875
114621.484375
114543.0390625
114454.5703125
114384.4765625
114296.6640625
114150.1015625
113988.2265625
113820.3125
113665.5859375
113540.421875
113408.140625
113318.84375
113266.390625
113291.1015625
113356.9609375
