25400.0
25400.0
25012.423828125
24558.439453125
24438.916015625
23752.03125
23542.15234375
23515.44140625
23513.9765625
23519.416015625
23527.671875
23538.6640625
23553.3671875
23575.66015625
23611.236328125
23659.603515625
23744.158203125
23878.279296875
24126.19140625
24630.111328125
24877.482421875
25625.708984375
27827.400390625
33314.015625
41353.8515625
52035.0703125
64397.6328125
77140.0546875
89735.46875
97958.5859375
102072.015625
105490.3203125
108349.546875
110686.2109375
112604.03125
114239.8203125
115342.5390625
116049.703125
116528.125
116748.7265625
116729.515625
116565.6953125
116261.265625
115886.78125
115450.453125
114992.328125
114461.234375
113930.03125
113431.171875
112895.6640625
112377.171875
111844.171875
111320.234375
110864.90625
110407.0703125
110150.4453125
109893.6171875
109633.8984375
109310.109375
108994.28125
108681.4765625
108353.4140625
108044.0234375
107735.796875
107415.140625
107135.5
106832.8828125
106546.0546875
106267.65625
106010.8203125
105757.8046875
105511.3984375
105280.4609375
105051.171875
104871.03125
104715.0546875
104568.40625
104435.421875
104285.625
104139.5703125
103983.9140625
103830.421875
103687.6640625
103515.7421875
103311.65625
103113.9140625
102933.1953125
102759.1875
102616.96875
102530.4375
102363.859375
102185.671875
101999.59375
102061.84375
102176.5078125
102171.8203125
102070.59375
101918.2109375
101748.484375
101570.640625
101415.4140625
101273.15625
101132.671875
101003.7734375
100872.8671875
100748.6640625
100621.65625
100494.2109375
100368.515625
100239.109375
100155.78125
100115.828125
100077.3828125
100031.1484375
100054.453125
100092.2890625
100104.78125
100081.296875
100026.125
99948.40625
99859.671875
99760.5390625
99662.5703125
99562.171875
