25400.0
25400.0
25399.802734375
24815.134765625
24573.423828125
24520.2109375
24378.083984375
24321.21875
24311.49609375
24310.703125
24312.0859375
24314.1171875
24316.373046875
24318.583984375
24320.908203125
24323.32421875
24327.1015625
24331.51171875
24335.96484375
24342.478515625
24349.072265625
24357.115234375
24366.560546875
24378.8984375
24395.150390625
24416.6171875
24448.447265625
24490.41796875
24697.900390625
24994.25390625
25334.384765625
26292.576171875
28390.279296875
33129.01953125
39444.64453125
47097.43359375
55634.796875
64053.95703125
72000.8125
78801.4921875
85034.5390625
89984.1796875
93085.4296875
95847.0234375
98535.8671875
101130.0078125
102377.421875
102993.2578125
103437.078125
103721.1796875
103921.21875
104056.21875
104121.6171875
104108.515625
104020.9765625
103862.4921875
103696.6171875
103576.7734375
103482.9140625
103446.578125
103518.4453125
103587.234375
103695.5
103863.4609375
104061.2734375
104251.125
104735.4140625
105233.0859375
105639.7265625
106001.9921875
106304.6328125
106554.5234375
106789.6328125
107019.6328125
107306.9296875
107657.6328125
107995.8203125
108239.734375
108389.765625
108490.9765625
108553.6640625
108612.25
108626.3046875
108570.671875
108518.8671875
108484.3203125
108442.890625
108711.2109375
109040.6484375
109339.2890625
109588.3203125
109914.3203125
110168.421875
110365.859375
110508.5703125
110607.1015625
110677.1328125
110747.796875
110819.515625
110886.2265625
110946.453125
110995.828125
111033.1796875
111068.0234375
111110.3515625
111165.4375
111209.28125
111238.9609375
111255.796875
111262.4296875
111259.1875
111244.6796875
111217.8671875
111180.1875
111137.5078125
111074.28125
110998.96875
110981.8984375
110945.0703125
110889.8515625
110808.8671875
110739.3046875
110674.828125
110610.40625
110536.921875
