25400.0
25400.0
25400.0
25400.0
25400.0
25400.0
25400.0
25400.0
25400.0
25400.0
25400.0
25400.0
25400.0
25400.0
25400.0
25400.0
25400.0
25400.0
25400.0
25400.0
25400.0
25400.0
34357.92578125
56475.22265625
67956.1015625
73520.2734375
77434.765625
81900.4453125
86433.9140625
90899.8671875
95402.0703125
99147.6328125
102843.8671875
106295.96875
109896.8515625
113131.890625
115983.6796875
118746.2421875
121403.1875
124241.328125
127008.6328125
129414.6484375
131870.875
134226.6875
136827.09375
138984.1875
141158.328125
143127.84375
146441.21875
150283.265625
152344.734375
150600.703125
146188.03125
143674.96875
140873.59375
138683.84375
136732.328125
135548.046875
134916.125
134964.75
135132.546875
135382.1875
135669.078125
135779.546875
135911.28125
136025.859375
136057.1875
136033.546875
135952.203125
135803.296875
135635.75
135403.78125
135115.859375
134914.84375
134772.78125
134873.28125
134822.40625
134667.40625
134404.109375
134082.203125
133631.34375
133107.578125
132510.5
131856.25
131168.25
130434.78125
129695.5859375
128917.890625
128133.2109375
127500.8828125
126788.4453125
126073.859375
125335.640625
124626.3359375
123900.25
123177.84375
122474.4765625
121750.1875
121054.6015625
120344.7890625
119648.5546875
119032.59375
118374.2890625
117759.7265625
117147.6171875
116555.8203125
115969.0546875
115383.3671875
114869.65625
114379.375
113930.6015625
113484.015625
113098.96875
112776.421875
112421.0078125
112077.625
111724.3828125
111382.7890625
111031.78125
110681.578125
110341.65625
109987.2578125
109657.21875
109301.3359375
