25400.0
25400.0
24984.8125
24742.5234375
24879.263671875
24670.353515625
24583.146484375
24541.939453125
24537.69140625
24543.0703125
24550.517578125
24558.615234375
24566.83203125
24576.005859375
24593.984375
24616.8359375
24642.724609375
24672.076171875
24856.48046875
25096.046875
25229.451171875
25292.373046875
25318.4765625
25329.400390625
25420.546875
25903.896484375
27632.806640625
31039.509765625
36853.4375
43470.34375
50414.36328125
57741.7109375
65053.9609375
72537.71875
79790.3515625
87434.671875
95302.3359375
102740.25
109890.3125
116404.0546875
122782.4296875
129631.640625
136202.1875
143158.21875
144904.609375
144068.78125
143008.609375
141619.890625
140086.4375
138526.90625
136943.421875
135414.25
133864.359375
132264.515625
130845.8125
129320.421875
127897.84375
126817.5546875
125812.7890625
124877.671875
124219.171875
123569.0078125
123059.328125
122275.9609375
121441.0390625
120695.8125
120001.96875
119038.1875
118108.8984375
117425.7890625
117105.7109375
116857.9921875
116415.828125
115818.5625
115210.875
114735.2734375
114307.78125
113949.1171875
113676.7890625
113614.3046875
113547.6875
113528.9453125
113484.6015625
113433.8046875
113395.828125
113381.1484375
113388.203125
113414.2265625
113459.640625
113525.859375
113554.8359375
113568.3984375
113610.9765625
113717.1171875
113853.34375
113993.8515625
114122.7421875
114230.8515625
114301.3359375
114351.1875
114396.1171875
114367.21875
114328.328125
114274.9765625
114232.515625
114220.3203125
114206.8046875
114185.8671875
114156.1484375
114117.328125
114085.90625
114046.3359375
113979.609375
113891.671875
113806.390625
113742.5078125
113689.578125
113617.28125
113515.625
113431.75
113340.5234375
113304.390625
113254.3125
113182.3203125
113087.875
