25400.0
25400.0
25400.0
25400.0
25400.0
25400.0
25400.0
25400.0
25400.0
25400.0
25400.0
25400.0
25400.0
25400.0
25400.0
25400.0
25400.0
25400.0
25400.0
25400.0
25400.0
25400.0
25400.00390625
25400.0
25400.0
28214.294921875
43598.91015625
54411.9375
63081.8359375
71522.21875
77560.59375
83099.875
87190.1015625
91073.1796875
94421.8984375
97461.078125
100250.8515625
102824.109375
105335.7890625
107690.3671875
109891.578125
111917.9921875
113633.4453125
115402.5625
117096.4296875
118846.7734375
120605.265625
122445.1953125
124314.2734375
126082.578125
127765.21875
129478.9140625
131299.390625
133334.421875
135361.390625
137538.15625
141242.3125
144390.25
146894.78125
149452.234375
152619.359375
153384.484375
150119.984375
147596.296875
145310.203125
143446.046875
142295.359375
141792.90625
141351.46875
141180.34375
141208.953125
141209.125
140963.578125
140664.328125
140474.625
140289.109375
140084.25
139870.703125
139665.84375
139875.203125
139967.78125
139878.796875
139659.921875
139313.671875
139028.9375
138572.1875
137916.578125
137163.90625
136220.5625
135156.03125
134165.828125
133074.0625
131983.734375
130823.2890625
129674.7421875
128476.203125
127298.4765625
126183.1796875
125120.7734375
124222.046875
123260.9140625
122263.03125
121359.28125
120367.90625
119431.3828125
118493.5390625
117620.3046875
116757.84375
115964.3046875
115281.0859375
114665.3828125
114130.1015625
113623.0234375
113144.4609375
112733.953125
112303.4296875
111905.1640625
111508.4609375
111223.671875
110999.1484375
110857.390625
110754.2734375
110727.34375
110724.859375
110721.703125
