25400.0
25400.0
25400.0
25108.83984375
25108.83984375
25108.83984375
25108.83984375
25108.83984375
25108.83984375
25108.83984375
25108.83984375
25122.31640625
33836.0546875
59036.71484375
79024.3125
92732.890625
102721.0546875
110198.21875
116790.7734375
119139.578125
117166.9765625
115440.0859375
113775.125
112354.1875
111136.0625
109974.03125
108948.3046875
108074.4921875
107233.5234375
106462.234375
105578.390625
104634.4140625
103521.4296875
102946.25
102638.875
102322.9296875
102126.8125
101904.0234375
101891.65625
101941.4765625
101842.9375
101731.4921875
101639.5546875
101560.625
101606.4375
101812.984375
101985.6171875
102115.0859375
102187.796875
102183.5390625
102184.28125
102252.1328125
102396.671875
102642.3203125
102933.4296875
103205.5234375
103476.015625
103725.109375
103969.6015625
104225.359375
104485.890625
104742.5078125
104970.546875
105181.9453125
105390.0625
105581.109375
105794.921875
105996.5078125
106188.890625
106364.0859375
106542.0859375
106726.328125
106898.1015625
107063.4140625
107227.9140625
107398.4296875
107554.3046875
107693.8671875
107823.3046875
107919.0546875
107984.4921875
108019.265625
108070.2578125
108147.75
108205.578125
108254.71875
108296.1796875
108331.9453125
108358.1640625
108373.046875
108470.078125
108631.4921875
108858.1484375
109057.9140625
109235.2109375
109379.6015625
109491.203125
109587.8515625
109655.125
109684.359375
109697.40625
109696.7734375
109679.71875
109646.953125
109594.546875
109524.5546875
109435.8828125
109333.8125
109223.2734375
109096.6171875
108963.453125
108815.3359375
108659.671875
108514.78125
108342.25
108158.421875
107959.1640625
107764.734375
107568.2265625
107377.4453125
107199.5078125
107023.6640625
106858.375
106692.9140625
