25400.0
25400.0
25243.5234375
24601.828125
24789.6796875
24360.060546875
24264.642578125
24249.169921875
24250.697265625
24256.49609375
24263.55078125
24270.681640625
24277.6484375
24284.935546875
24296.142578125
24311.708984375
24330.6640625
24349.013671875
24376.263671875
24482.716796875
28478.771484375
37162.9765625
49359.609375
62573.68359375
76741.125
89117.4140625
99625.0
109464.125
118382.9765625
124886.9140625
130440.7890625
132042.0
130875.96875
129532.40625
128011.5390625
126529.9140625
125065.8125
123562.2890625
122140.421875
120723.4453125
119323.265625
118030.4453125
116653.140625
115366.0390625
114136.296875
113011.6171875
111915.609375
110895.109375
109992.78125
109137.0390625
108378.2265625
107608.046875
106887.7890625
106296.2109375
105661.7421875
105070.7734375
104510.1171875
104001.7109375
103507.734375
103040.1953125
102620.6171875
102220.71875
101856.3671875
101543.484375
101441.6796875
101386.0625
101285.8359375
101117.21875
100918.9609375
100761.0546875
100681.390625
100693.6484375
100652.0078125
100557.3515625
100419.328125
100261.4921875
100100.8828125
99972.4375
99860.390625
99767.109375
99719.3984375
99713.2421875
99697.7421875
99668.453125
99634.734375
99589.5
99539.7578125
99482.28125
99421.609375
99373.46875
99322.96875
99278.6015625
99233.0234375
99181.6484375
99126.234375
99077.8515625
99046.0
99030.75
99028.421875
99031.9921875
99040.1796875
99049.40625
99060.6875
99071.140625
99081.171875
99087.4453125
99092.9921875
99096.875
99099.8203125
99106.9296875
99120.515625
99144.53125
99180.3515625
99222.53125
99279.1484375
99323.15625
99378.0234375
99439.140625
99505.125
99574.9609375
99648.640625
99731.5859375
99818.046875
99914.015625
