25400.0
25400.0
25400.0
25396.68359375
25084.462890625
25084.462890625
25084.462890625
25084.462890625
25084.462890625
25084.462890625
25084.462890625
25084.462890625
25092.193359375
25107.197265625
25109.01171875
25109.740234375
25110.2265625
25110.125
25108.72265625
26847.5703125
47011.203125
64684.16015625
81038.28125
91608.734375
98056.9453125
103175.2890625
108909.125
113646.421875
117161.15625
120065.625
122777.75
125189.6328125
127616.75
129983.78125
132586.671875
133022.703125
129635.28125
126502.0703125
123748.7890625
121112.3515625
118908.2421875
116924.0703125
115170.375
113882.1484375
112462.8203125
111373.953125
110583.015625
109917.953125
109112.25
108571.171875
108449.2578125
108322.0078125
108197.9140625
108595.3046875
109176.7890625
109738.3203125
110251.90625
110596.15625
111094.2421875
111621.9296875
112034.96875
112245.9765625
112428.734375
112811.1953125
112994.90625
113179.3984375
113328.84375
113442.5
113550.09375
113711.5546875
113852.0
113956.0625
114046.15625
114135.6796875
114210.546875
114299.28125
114390.53125
114468.2421875
114569.6171875
114647.484375
114702.609375
114819.2265625
115009.734375
115132.6171875
115223.1796875
115284.3125
115319.546875
115323.6171875
115437.46875
115542.703125
115618.2578125
115634.703125
115517.7578125
115320.2109375
115075.296875
114828.7421875
114664.671875
114467.625
114203.5390625
113848.3984375
113472.546875
113084.671875
112696.171875
112347.3828125
111956.2578125
111742.6328125
111551.9375
111314.2421875
111057.0859375
110780.484375
110531.6015625
110269.2421875
110009.4140625
109735.7578125
109457.265625
109203.171875
108920.2421875
108646.0859375
108368.53125
108107.640625
107847.0078125
107594.3515625
107357.1875
107108.2578125
106864.71875
106612.3671875
