25400.0
25400.0
25400.0
25400.0
25400.0
25400.0
25400.0
25400.0
25400.0
25400.0
25400.0
25400.0
25400.0
25400.0
25400.0
25400.0
25400.0
25400.0
25400.0
25400.0
25400.0
25400.0
25400.0
25400.0
25400.0
25400.0
25400.0
25400.0
25400.0
25400.0
25400.0
25400.0
25400.0
25400.0
25400.0
25400.0
25400.0
25399.998046875
25399.998046875
25399.998046875
25399.998046875
26798.3515625
37822.87890625
46162.0703125
50968.78125
54079.90625
56867.18359375
59446.453125
62661.8359375
65817.328125
68416.875
71057.890625
73646.625
76527.2890625
79551.03125
82223.6953125
85083.78125
87851.5390625
91086.078125
94197.0859375
97276.3046875
100238.5703125
103088.484375
106505.0
109766.984375
113022.375
116208.453125
118912.5546875
122023.2421875
124895.4921875
127593.9609375
129729.4375
131545.828125
133139.5625
135440.546875
137681.828125
141112.703125
144652.78125
147702.515625
150092.1875
152401.65625
152323.828125
150613.453125
149077.0
147526.015625
145982.203125
144482.75
143029.421875
141671.546875
140282.328125
138983.9375
137837.515625
136619.484375
135503.59375
134420.6875
133448.953125
132201.953125
130939.015625
129841.390625
128877.234375
127885.3203125
126965.9609375
126127.1640625
125396.421875
124609.6796875
123989.046875
123615.0078125
123105.9296875
122437.5546875
121742.2109375
121132.5625
120658.7265625
120213.40625
119716.640625
119208.8671875
118792.5625
118405.8515625
118074.375
117779.90625
117518.1484375
117293.8828125
117115.03125
116975.9921875
116861.3984375
116772.6953125
116707.171875
