25400.0
25400.0
24914.736328125
23389.216796875
22004.537109375
21330.6484375
21217.435546875
21381.142578125
21822.578125
22317.404296875
23262.107421875
23550.1328125
23599.53515625
23737.361328125
24358.28125
24877.5625
25034.42578125
25079.36328125
25127.94140625
25157.791015625
25178.40625
25200.365234375
25220.248046875
25237.1484375
25250.828125
25261.0390625
25268.8515625
25269.517578125
25611.912109375
26805.98828125
30654.8828125
37005.3515625
44081.0703125
51513.4140625
58987.140625
65336.46484375
70814.9453125
75631.671875
80099.890625
84341.4296875
88079.15625
91099.640625
93724.8671875
96015.765625
98053.2578125
100067.7890625
101700.328125
103000.921875
104042.90625
105061.2578125
105948.453125
106673.5546875
107284.9375
108338.09375
109448.984375
110416.296875
111175.3125
112043.0
112739.28125
113282.0859375
113672.6953125
113983.9453125
114240.203125
114375.265625
114437.4453125
114446.4765625
114411.3203125
114341.90625
114250.34375
114124.5
113979.0625
113816.3984375
113637.4453125
113439.8515625
113230.2734375
113019.9453125
112797.171875
112572.1484375
112336.75
112103.375
111894.453125
111665.3125
111484.890625
111310.5
111159.7421875
111085.078125
110966.1796875
110807.53125
110592.9140625
110406.1328125
110237.609375
110079.78125
109942.2578125
109792.71875
109650.5
109503.8515625
109363.15625
109216.296875
109066.9140625
108909.515625
108724.78125
108535.0234375
108337.2109375
108144.09375
107972.734375
107788.3125
107607.5
107447.4609375
107382.40625
107317.6953125
107235.828125
107161.96875
107086.8671875
107011.53125
106930.859375
106846.09375
106766.4609375
106671.71875
106564.125
106430.953125
106283.484375
106137.3828125
105992.09375
105852.3984375
105712.703125
105549.59375
105391.234375
