25400.0
25400.0
25400.0
25400.0
25399.974609375
25399.916015625
25399.845703125
25399.6875
25399.552734375
25399.4375
25399.3515625
25399.283203125
25399.234375
25399.197265625
25399.171875
25399.15234375
25399.138671875
25399.12890625
25399.123046875
25399.119140625
25399.115234375
25399.11328125
25399.111328125
25399.109375
25399.109375
25399.109375
25399.109375
25399.109375
25399.109375
25399.109375
25399.109375
25399.087890625
25399.021484375
25398.94140625
27782.0546875
40150.55859375
47635.02734375
50840.00390625
52755.12890625
54484.8046875
56381.62890625
58648.21484375
60974.671875
63821.65625
66637.40625
69508.1875
72307.9609375
75136.0625
77781.671875
80617.484375
83284.15625
85655.0703125
88119.8203125
90722.7109375
93120.4140625
95354.796875
97226.359375
98356.1015625
99069.078125
100104.3359375
101750.640625
103960.53125
106952.375
109489.3515625
111900.109375
114259.484375
116464.03125
118995.890625
121524.125
124153.890625
126674.625
129356.484375
132261.859375
134979.5
137457.28125
139801.84375
142113.546875
144408.984375
146308.078125
148157.5
149634.53125
150911.9375
152230.4375
156867.625
158205.578125
159591.203125
158713.53125
155428.421875
152800.234375
150590.375
148894.46875
147104.4375
145354.0
143390.4375
141613.125
140360.703125
139367.828125
138382.171875
137353.328125
136486.71875
135731.859375
135079.359375
134582.75
134169.75
133862.109375
133618.1875
133438.96875
133359.734375
133443.296875
133508.265625
133523.609375
133523.84375
133516.96875
133527.984375
133512.328125
133454.09375
133326.953125
133258.765625
133306.8125
133379.75
133379.453125
133321.1875
133229.1875
133134.734375
132992.640625
