25400.0
25353.05078125
24493.58203125
23822.74609375
23105.001953125
22635.314453125
22526.33203125
22866.060546875
24105.837890625
24750.837890625
24903.48046875
24940.802734375
24964.88671875
24988.35546875
25000.021484375
25018.390625
25035.142578125
25043.91015625
25145.337890625
26057.912109375
30121.958984375
38069.11328125
44622.02734375
51802.29296875
58641.58203125
64365.16015625
69409.859375
72773.8046875
75055.8984375
77223.6484375
79312.28125
81391.2734375
83135.984375
84849.6328125
86557.015625
88369.796875
89758.890625
90541.1484375
91712.3828125
92841.28125
94018.0546875
94941.2265625
95653.859375
96372.3515625
97081.5625
97898.21875
98629.359375
99306.5703125
99888.4765625
100367.3671875
100788.8515625
101119.8515625
101425.421875
101766.6796875
102037.53125
102277.9921875
102422.890625
102511.4296875
102568.3515625
102604.59375
102569.5078125
102496.5859375
102386.140625
102257.390625
102095.0
102091.578125
102175.7421875
102244.765625
102283.5390625
102282.390625
102241.1875
102325.4765625
102539.3828125
102784.390625
103031.21875
103234.0234375
103395.1015625
103524.640625
103615.3984375
103686.390625
103729.9140625
103778.7734375
103805.4609375
103817.4765625
103822.1640625
103821.703125
103794.140625
103756.328125
103709.5390625
103655.71875
103602.1328125
103539.6484375
103472.4453125
103396.953125
103306.015625
103206.6015625
103113.5078125
103021.3671875
102927.3203125
102840.2890625
102754.578125
102674.640625
102611.625
102559.3515625
102521.8046875
102506.6328125
102533.2578125
102560.40625
102590.0390625
102619.03125
102647.6953125
102672.390625
102692.71875
102706.28125
102712.0234375
102711.78125
102706.2265625
102722.1796875
102736.3828125
102790.9921875
102849.015625
102950.265625
103100.140625
103260.90625
103424.078125
