25400.0
25400.0
25305.716796875
24728.982421875
24593.5234375
24553.337890625
24534.62109375
24530.068359375
24530.744140625
24532.466796875
24534.2890625
24536.15625
24537.912109375
24539.51953125
24541.103515625
24542.58203125
24544.412109375
24546.09765625
24547.28515625
24548.4921875
24549.68359375
24550.8984375
24552.474609375
24554.28125
24556.15625
24558.806640625
24568.970703125
26098.427734375
35660.4453125
42287.3515625
45754.30078125
48181.078125
50467.203125
52929.0078125
56086.35546875
59506.9921875
63446.48828125
67195.25
71105.0
74769.4296875
78665.6015625
82525.2265625
86290.3046875
90411.21875
94227.046875
97300.34375
99476.8671875
101152.0390625
102091.2421875
103263.203125
105498.078125
109156.984375
113198.296875
116476.859375
119185.953125
122068.203125
124647.09375
127200.0546875
129652.3671875
132087.9375
132695.578125
131367.34375
130228.3359375
129126.5390625
127979.703125
126799.90625
125761.1796875
124665.0078125
123649.2265625
122617.3984375
121610.4296875
120537.328125
119602.7421875
118823.75
118147.4921875
117591.2109375
116975.46875
116298.4375
115685.4921875
115050.078125
114468.1328125
113918.2109375
113410.4765625
112870.5234375
112315.96875
111779.2890625
111466.703125
111312.3046875
111031.125
110669.8515625
110289.6953125
109959.953125
109872.359375
109807.6796875
109696.8828125
109521.484375
109273.453125
109064.9140625
108872.984375
108708.3828125
108555.03125
108400.9609375
108258.46875
108154.375
108111.0859375
108078.984375
108028.921875
107974.0234375
107915.6171875
107848.1796875
107771.953125
107721.53125
107704.3203125
107722.15625
107754.46875
107852.59375
107971.6328125
108109.0625
108256.1875
108404.5390625
108533.3359375
108652.5078125
108780.90625
108908.921875
109043.140625
