25400.0
25400.0
25400.0
25400.0
25400.0
25400.0
25400.0
25400.0
25400.0
25400.0
25400.0
25400.0
25400.0
25400.0
25400.0
25400.0
25400.0
25400.0
25400.0
25400.0
25400.0
25400.0
25400.0
25400.0
25400.0
34113.33984375
49171.75390625
58692.65234375
67040.4140625
73461.734375
77420.1640625
80996.8359375
84387.5546875
88090.4140625
91361.609375
95007.6953125
101711.7578125
109465.0234375
118723.7265625
127841.4140625
136834.359375
145480.25
153716.484375
162310.359375
170133.46875
177904.25
184386.03125
190219.125
197436.84375
204890.5625
192894.75
185620.734375
179729.234375
176049.796875
174042.5625
173169.5625
172870.296875
173042.75
173293.421875
172676.71875
171416.125
169746.265625
167451.171875
164842.265625
162000.171875
159031.234375
156239.640625
153191.40625
150277.484375
147184.84375
144236.234375
141210.8125
138312.515625
135637.53125
133066.96875
130735.09375
128472.2265625
126375.1171875
124639.46875
122890.8359375
121305.1875
119766.0390625
118365.96875
117013.6796875
115750.859375
114605.8203125
113501.0234375
112502.734375
111542.890625
110649.7578125
109895.5546875
109121.9453125
108428.2890625
107764.75
107171.921875
106610.1953125
106093.9765625
105632.8515625
105193.375
104801.0703125
104428.71875
104087.21875
103801.984375
103512.2421875
103254.1328125
103008.90625
102790.7265625
102583.0625
102390.3671875
102221.4609375
102090.9453125
101992.84375
101913.3515625
101846.5625
101795.6796875
101750.7265625
101714.40625
101684.1328125
101660.921875
101642.4375
101629.1484375
101620.6015625
101651.40625
101777.765625
101900.515625
