25400.0
25400.0
25400.0
25400.0
25400.0
25400.0
25400.0
25400.0
25400.0
25400.0
25400.0
25400.0
25400.0
25400.0
25400.0
25400.0
25400.0
25400.0
25400.0
25400.0
25400.0
25400.0
25400.0
25400.0
25400.0
25400.0
35138.12109375
53020.2734375
68117.484375
79971.921875
90158.6796875
99352.6796875
107914.6640625
115150.9609375
121635.0546875
126960.390625
131353.328125
135209.265625
138425.453125
137244.078125
135717.28125
134228.109375
132586.671875
131032.5
129452.5234375
127958.6484375
126472.8125
125072.796875
123784.875
122460.9375
121216.2734375
120017.5703125
118908.125
117951.46875
116973.609375
116119.9140625
115306.1875
114554.1171875
113785.8828125
113053.7578125
112401.140625
111744.0078125
111121.3515625
110520.796875
109848.65625
109176.7421875
108461.3125
107812.6171875
107192.1484375
106649.3828125
106226.2890625
105819.4140625
105380.3359375
104936.015625
104501.96875
104046.8359375
103607.6796875
103226.9609375
102939.1640625
102626.4296875
102446.0
102328.671875
102160.1328125
102024.7578125
101900.8671875
101794.9921875
101660.65625
101541.3515625
101430.4453125
101319.96875
101215.25
101141.1796875
101086.4296875
101045.671875
101073.875
101252.8515625
101519.8671875
101851.515625
102201.84375
102582.0078125
102972.6015625
103327.4375
103730.796875
104230.546875
104854.421875
105446.3359375
106010.8046875
106526.2890625
106983.84375
107425.8125
107832.65625
108229.0234375
108600.078125
108913.1484375
109235.78125
109537.328125
109828.046875
110093.453125
110369.0625
110647.1328125
110912.8359375
111180.2421875
111433.1796875
111696.15625
