25400.0
25400.0
25400.0
25277.48828125
25198.728515625
25198.7265625
25198.7265625
25198.7265625
25198.7265625
25198.7265625
25198.7265625
25198.7265625
25198.7265625
25198.7265625
25198.7265625
25198.7265625
25198.7265625
25198.7265625
33073.79296875
44841.0703125
56524.41796875
76206.953125
88960.296875
96915.484375
101101.703125
103702.046875
105359.6171875
106225.28125
106660.5234375
106876.9921875
106933.4375
106814.484375
106618.421875
106223.2890625
105837.828125
105455.9140625
105070.4921875
104677.1796875
104252.2265625
103849.03125
103519.6015625
103239.4765625
103004.3828125
102751.4765625
102517.71875
102278.7890625
102057.453125
101851.0
101623.375
101378.5546875
101168.359375
101007.5625
101079.359375
101205.640625
101322.46875
101475.171875
101614.6640625
101747.4453125
101865.3671875
101991.953125
102120.453125
102254.2265625
102398.75
102534.234375
102671.625
102810.9921875
102941.015625
103053.875
103134.5
103190.4140625
103226.953125
103278.6796875
103345.828125
103442.515625
103558.859375
103667.75
103769.4921875
103854.0
103907.8515625
103941.109375
103967.5078125
104083.84375
104114.078125
104104.7109375
104108.28125
104097.875
104078.6640625
104044.25
103997.578125
103948.8125
103905.34375
103858.1953125
103811.9453125
103784.375
103737.2578125
103663.90625
103587.6875
103539.234375
103465.1328125
103380.9375
103286.5234375
103212.578125
103161.75
103129.53125
103190.71875
103266.328125
103301.9375
103324.640625
103333.140625
103344.1796875
103403.5703125
103436.96875
103433.4140625
103409.40625
103395.1796875
103401.1875
103433.0390625
103467.265625
103489.59375
103507.8828125
103521.390625
103526.15625
103522.859375
103533.90625
103564.2890625
