25400.0
25400.0
25400.0
25400.0
25400.0
25400.0
25400.0
25400.0
25400.0
25400.0
25400.0
25400.0
25400.0
25400.0
25400.0
25400.0
25400.0
25400.0
25400.0
25400.0
25400.0
25400.0
25400.0
29764.150390625
44411.0234375
53056.1640625
58744.44921875
63897.65625
69611.1328125
75613.359375
81032.6640625
87679.3515625
95116.65625
103120.984375
111349.109375
120969.5078125
130430.7265625
139873.40625
149505.140625
158456.375
166883.65625
175048.703125
181971.046875
188160.359375
193184.390625
199167.53125
207582.421875
214482.421875
205721.578125
202103.78125
199424.90625
197185.71875
194020.53125
189880.203125
185471.203125
181221.15625
176756.0625
171961.296875
167256.609375
162444.84375
157624.640625
153229.828125
149220.0625
145731.765625
142300.296875
139085.40625
136358.734375
133587.109375
131067.953125
128591.9609375
126378.21875
124269.6875
122317.2265625
120570.78125
118911.203125
117420.9375
115992.203125
114682.3828125
113586.875
112464.53125
111446.359375
110498.671875
109663.3046875
108879.5234375
108168.9921875
107541.1640625
106948.1015625
106419.2109375
105919.6796875
105495.453125
105150.953125
104807.3359375
104505.625
104225.0625
103980.34375
103754.0078125
103556.3359375
103389.5625
103235.1484375
103097.40625
102966.3515625
102852.3984375
102763.3828125
102679.96875
102609.5234375
102546.953125
102493.3671875
102444.0
102398.2265625
102357.5078125
102317.5
102280.3671875
102246.640625
102216.46875
102192.0703125
102256.4296875
102364.234375
102453.390625
102512.4140625
102549.3203125
102568.3046875
102574.03125
102569.796875
102558.265625
102540.515625
