25400.0
25400.0
25400.0
25400.0
25400.0
25400.0
25400.0
25400.0
25400.0
25400.0
25400.0
25400.0
25400.0
25400.0
25400.0
25400.0
25400.0
25400.0
25400.0
25400.0
25400.0
25400.0
25400.0
25400.0
25400.0
25400.0
25400.0
25400.0
25400.0
25400.0
36672.7890625
46337.46875
52381.09765625
57510.47265625
61333.45703125
65655.6015625
70108.15625
74657.71875
78964.8359375
82730.1953125
85760.4296875
88688.2265625
91818.734375
94510.5546875
97530.453125
100513.9921875
103549.8828125
106432.0078125
109440.640625
112374.2578125
115216.578125
118088.5625
120753.234375
123359.96875
125704.703125
127787.625
130285.90625
132691.828125
135151.484375
137418.296875
139639.0
141647.0
143489.1875
145457.375
147520.703125
149590.515625
152508.21875
156558.234375
158677.890625
160628.96875
162519.359375
166514.859375
162333.765625
158750.859375
155813.046875
153371.453125
152010.71875
151005.78125
150623.515625
150338.84375
150104.5625
149932.125
149753.203125
149511.03125
149124.703125
148799.03125
148433.734375
147774.328125
146882.5625
145847.765625
144868.015625
143967.71875
142919.5
141897.40625
140815.140625
139756.796875
138682.78125
137627.640625
136642.375
135612.25
134612.4375
133594.734375
132622.171875
131789.640625
130890.3671875
130030.34375
129157.390625
128294.4375
127441.7578125
126620.4140625
125801.1484375
124954.1328125
124171.8515625
123614.546875
123264.515625
122830.6875
122242.8203125
121617.359375
120941.5859375
120358.2109375
119796.7890625
119246.3125
118708.484375
118140.9765625
117581.71875
116997.171875
