---------------------------------
-- Permability values for SPE9 --
---------------------------------

-- Permeability distribution visualized in figure 5 in Killough's paper
-- Killough says 'The input data included in the distribution to
-- the participants included a geostatistically generated 
-- permeability field'

-- The values below are taken from Killough's dataset, they are
-- not based on the figure in the paper.

-- Explanation to how the data in PERMX is organized:
-- Under each LAYER (i.e. K-value), 
-- there are 25 ROWS (i.e J-values) under which there are
-- 24 entries (i.e. I-values) 

PERMX
45.86
247.08
741.6
716.56
543.62
353.07
89.2
30.31
645.62
30.14
482.34
361.83
244.78
562.11
394.58
748.85
200.31
742.31
364.13
575.81
543.76
36.04
297.3
293.81
452.86
240.52
109.59
344.79
545.07
725.96
495.98
286.29
231.5
45.86
162.88
410.46
636.93
608.26
682.43
687.73
570.52
698.51
337.99
499.36
355.61
50.87
57.67
537.33
459.76
700.73
209.56
21.28
597.73
341.06
414.67
541.43
362.74
718.37
354.63
709.51
147.63
427.4
541.99
646.31
690.93
212.56
406.24
503.17
568.69
215.13
542.15
496.29
285.66
612.49
788.8
215.18
267.36
430.82
386.1
719.91
629.12
122.09
86
466.05
85.69
601.12
621.51
758.13
478.39
119.99
579.55
178.33
242.12
487.52
71.19
11.91
270.67
17.15
81.51
95.77
220.9
243.9
626.57
396.25
552.05
236.54
321.41
359.51
294.4
791.23
176.92
658.29
263.9
394.02
49.59
233.76
295.65
586.32
491.84
545.75
574.84
633.5
645.19
618
558.05
657.08
47.02
349.18
535.54
373.53
97.48
683.06
651.84
435.91
639.47
32.32
633.11
478.57
315.63
100.06
361.86
354.01
616.57
284.39
174.76
777.78
458.56
571.92
660.52
513.61
753.7
548.46
467.15
242.75
295.54
241.75
399.66
385.35
494.67
277.57
138.7
748.27
145.48
793.38
354.97
337.37
745.2
762.04
624.27
506.37
140.23
28.88
717.81
412.91
399.03
191.81
383.48
675.4
633.4
161.08
303.21
424.02
97.53
157.46
230.39
478.59
448.98
743.86
452.46
126.56
327.38
166.13
356.94
253.8
641.15
385.83
0.03
479.67
318.69
691.7
412.47
737.92
638.61
429.22
579.13
133.92
596.79
546.64
231.42
503.91
128.26
553.73
542.11
424.51
311.91
459.47
617.12
769.4
677.21
106.85
709.8
22.07
399.69
401.45
165.56
173.48
426.28
328.33
335.63
271.04
142.41
255.03
268.03
472.54
726.92
142.03
383.64
319.57
787.32
34.58
495.61
753.69
117.41
681.81
113.79
594.49
721.62
781.9
781.08
458.34
74.98
139.54
198.98
752.95
445.59
194.99
676.44
48.71
360.28
36.43
402.69
551.38
109.95
496.06
581.22
251.95
165.82
98.36
190.69
104.83
467.21
650.6
708.58
460.85
553
398.45
321.52
504.83
632.11
664.29
236.55
786.14
253.42
732.5
226.85
270.25
530.25
660.99
116.41
41.48
563.85
12.29
115.48
545.13
39.52
681.25
448.95
13.37
143.69
405.19
13.36
84.59
388.43
565.58
579.07
8.95
29.23
641.12
290.18
661.96
408.94
700.38
449.34
770.7
746.46
506.01
16.62
229.28
144.04
689.02
718.42
494.82
448.01
144.07
100.97
9.68
484.53
383.47
44.46
539.57
721.68
235.87
755.7
650.21
697.59
141.96
219.42
453.44
753.22
739.81
358.7
305.1
259.49
97.25
19.27
794.96
575.86
247.96
117.28
411.44
156.71
403.6
85.88
588.78
586.58
246.31
710.42
198
323.42
498.22
707.75
750.06
347.34
516.26
184.27
559.43
112.78
661.53
168.38
684.42
604.08
442.45
436.33
116.18
254.56
552.11
481.75
570.55
199.79
533.61
785.13
126.03
376.57
677.41
244.81
259.74
532.42
729.96
236.94
158.87
297.09
93.58
4.7
568.32
604.31
413.73
392.96
352.45
427.95
284.17
75.97
713.16
314.55
691.38
129.03
387.85
434.53
787.72
607.14
78.42
193.73
122.99
302.66
710.02
262.31
452.81
556.48
605.01
23.31
713.85
212.41
65.38
92.45
539.15
581.16
297.32
371.17
137.07
363.51
561.09
536.04
155.74
509.15
203.94
286
291.53
433.64
422.19
769.59
153.83
631.11
316.93
140.04
707.12
618.05
646.7
128.49
67.6
517.67
650.67
663.14
581.73
711.83
509.31
591.61
358.2
91
331.17
502.26
647.82
417.55
467.31
674.42
36.45
785.19
530.08
15.04
251.97
585.62
538.46
442.72
369.67
481.71
252.57
12.9
273.61
501.08
126.91
62.95
794.76
316.47
380.83
69.6
254.83
339.53
355.43
385.1
648.34
505.35
311.13
703.41
303.76
549.18
500.06
10.5
381.76
701.59
42.74
616.56
401.18
128.09
177.13
310.26
669.65
26.23
402.17
292.92
575.88
455.51
11.68
728.97
68.67
412.92
619.99
179.21
53.64
184.53
465.94
254.67
467.02
224.71
630.67
95.79
284.28
696.5
312.63
601.99
594.45
159.84
320.75
359.43
743.21
457.84
385.33
105.45
596.11
164.39
453.76
85.86
87.27
410.83
230.73
192.08
705.55
50.13
153.9
17.46
327.83
72.27
561.98
496.8
546.06
631.3
50.4
78.67
197.26
222.5
448.34
669.42
471.89
157.8
796.12
683.99
0.68
24.16
587.35
662.12
383.86
45.56
216.83
721.15
285.51
671.12
103.72
588.2
393.77
326.41
529.73
668.6
779.93
37.42
784.03
679.35
779.8
578.51
776.65
409.46
788.14
78.98
455.06
788.33
400.2
772.61
509.58
781.47
323.88
761.32
407.79
757.53
243.26
596.08
78.35
418.67
690.05
627.49
438.24
327.38
161.86
357.02
729.89
306.56
11.68
641.81
193.25
84.41
667.29
506.93
220.74
790.17
104.46
539.84
471.89
225.03
418.05
288.03
670.88
521.01
392.99
512.48
24.26
389.84
249.91
132.58
612.29
659.7
690.28
16.13
200.52
216.59
767.34
124.77
788.84
702.99
315.96
759.14
446.36
797.78
706.98
254.3
285.21
171.87
185.57
27.76
550.21
617.04
292.02
696.06
408.56
707.13
392.11
186.32
550.26
356.12
160.31
705.2
484.5
725.27
356.15
245.87
527.84
58.75
775.06
10
773.52
554.76
398.57
658.72
207.19
178.4
9.36
799.32
741.26
478.83
670.32
30.93
577.66
223.59
422.09
15.01
736.62
263.91
357.48
721.69
578.94
640.03
776.78
131.19
70.31
760.83
765
442.16
247.33
572.69
146.21
336.91
494.73
1.72
90.46
769.93
725.64
66.82
715.04
54.52
653.3
87.74
715.22
596.72
585.99
415
275.75
91.22
497
331.1
487.07
102.63
524.11
571.63
737.45
496.27
665.09
370.71
377.94
682.35
746.68
638.17
398.03
378.75
592.81
43.01
292.5
757.62
356.73
759.13
347.03
188.82
329.42
196.14
298.19
736.88
796.49
161.36
627.03
111.62
559.23
71.32
359.34
255.65
731.75
263.78
755.9
434.14
732.16
551.06
121.59
748.84
231.55
754.96
196.78
641.7
156.14
250.14
24.46
679.36
260.28
90.84
461.46
296.32
432.15
47.01
92.22
783.43
98.81
751.85
540.27
398.63
693.96
759.11
491.65
111.98
569.26
339.52
364.85
581.84
586.1
615.32
550.86
27.76
609.54
386.84
475.1
39.46
212.65
570.2
501.45
451.94
168.21
310.12
608.69
58.78
243.43
721.88
242.93
267.65
668.89
136.47
42.2
651.89
419.93
634.6
413.9
109.76
418.77
137
380.16
98.64
529.15
45.73
17.1
31.84
213.98
704.03
451.09
125.56
409.64
359.53
154.43
575.95
361.29
266.31
574.77
171.39
15.81
638.89
580.89
359.26
59.05
136.71
442.57
215.33
217.62
175.85
398.95
643.02
59.85
480.57
165.13
475.61
19.13
329.76
260.03
516.32
290.73
697.63
467.13
582.34
756.56
644.36
302.4
296.57
731.8
552.57
688.61
723.49
500.63
303.29
11.35
680.4
420.11
657.18
181.74
32.24
752.86
87.44
576.65
17.27
554.36
336.96
709.52
483.42
86.29
752.01
743.27
130.88
742.41
171.61
605.43
83.04
507.91
43.78
563.66
49.95
756.44
654.68
138.44
169.46
219.28
619.77
403.26
482.32
224.97
397.39
125.89
494.95
717.81
233.95
116.21
425.11
145.07
188.37
556.93
523.45
156.99
396.93
680.17
302.07
357.22
208.63
320.89
384.55
556.29
662.55
692.36
41.04
783.3
52.06
145.14
658.2
196.93
157.17
4.08
615.02
623.28
667.04
653.64
215.92
633.34
778.03
668.7
351.32
581.51
261.62
75.71
569.9
572.7
683.39
209.64
445.33
532.45
191.41
707.54
239.69
400.09
420.64
685.46
787.25
688.2
489.65
57.88
166.87
280.53
446.68
199.68
192.83
749.04
480.22
375.8
724.9
538.73
220.39
100.56
161.95
244.49
474.6
619.79
598.34
297.1
144.87
695.6
381.08
659.89
445.74
32.34
207.42
42.59
463.96
61.01
35.53
532.47
135.68
780.6
584.97
688.35
232
729.28
375.63
562.42
243.83
663.58
330.11
18.68
539.02
551.88
135.77
19.99
442.96
488.93
168.11
310.71
370.27
607.33
426.64
105.46
126.72
87.39
353.95
767.76
624.8
146.17
452.38
415.89
26.81
15.35
433.51
223.3
310.62
652.23
552.59
350.57
340.26
441.62
243.69
372.83
767.8
689.24
0.65
18.22
298.5
678.03
455.74
359.5
769.26
237.18
147.7
287.49
98.9
54.57
371.57
47.65
383.01
392.9
398.01
107.16
335.33
57.92
375.51
211.82
83.68
593.73
521.37
684.41
227.07
419.69
739.5
577.73
161.36
437.46
253.84
739.65
689.33
678.65
395.84
704.64
507.49
494.49
621.17
62.95
417.02
501.23
429.06
546.12
179.96
321.09
392.26
411.89
186.14
682.62
214.41
586.09
531.72
758.96
416.72
428.68
326.35
512.02
787.39
494.49
19.55
727.09
347.61
746.66
353.96
92.82
246.79
253.79
396.07
733.31
392.53
272.51
179.56
283.94
583.42
176.19
438.93
203.7
215.97
762.17
744.67
498.82
515.79
724.92
644.25
680.54
52.22
467.32
370.53
666.6
388.74
648.34
711.97
229.4
598.41
447.11
695.78
387.38
377.68
101
126.43
640.95
684.77
223.82
288.69
120.69
44.65
485.31
329.41
357.08
722.82
415.85
562.57
678.98
277.14
190.24
237.57
589.77
76.61
758.72
285.44
97.5
354.17
530.03
54.23
168.86
466.93
248.78
333.79
266.72
707.3
739.19
705.61
226.23
613.22
595.01
792.58
130.95
723
512.64
95.84
208.92
531.14
410.23
408.51
61.18
619.08
527.08
199.49
38.97
188.35
135.74
438.36
624.99
429.52
138.25
599.55
599.73
404.16
342.38
793.44
292.04
722.27
126.19
742.52
740.62
505.47
742.59
297.78
781.89
562.24
487.81
239.15
324.96
207.53
180.2
192.51
738.56
284.1
475.93
327.34
397.58
384.25
121.36
267.8
4.1
230.18
256.54
126.53
56.69
2.71
140.57
745.64
439
111.17
8.2
222.39
421.89
280.94
6.89
651.76
568.34
445.49
786.91
373
671.98
534.1
200.49
35.19
42.83
176.06
664.92
717.05
748.91
380.44
569.21
628.93
718.11
0
213.39
429.83
642.41
204.04
327.78
500.25
298.57
667.09
586.95
390.58
65.96
494.58
155.08
375.57
591.96
260.04
375.08
761.26
195.11
269.78
312.14
653.88
74.08
387.79
701.02
197.35
764.9
347.77
21.23
779.23
788.27
541.83
305.27
298.3
539.19
652.99
394.52
711.29
570.73
66.62
558.23
221.94
369.69
599.55
580.51
525.01
176.69
539.65
170.45
539.91
127.37
332.5
208.1
357.83
744.41
693.82
549.46
225.93
50.25
212.9
74.3
483.06
429.41
104.44
93.28
418.34
404.67
679.1
558.51
182.46
561.05
366.32
635.16
479.73
85.67
558.38
465.32
626.2
646.37
345.46
496.18
468.81
508.31
558.96
613.21
529.32
331.04
493.38
61.09
236.43
558.58
648.06
181.29
675.71
429.69
485.98
523.49
480.29
172.72
768.06
58.69
690.05
429.5
304.62
115.12
127.26
342.69
324.57
610.72
419.89
772.77
766.76
407.45
717.5
390.63
680.2
494.1
574.37
685.48
361.38
546.8
490.77
676.87
769.48
501.12
784.77
204.65
637.26
572.97
22.14
41.83
140.69
123.27
150.63
344.56
655.08
207.31
57.53
467.82
179.11
130.12
138.05
740.19
461.88
588.97
211.24
26.26
235.42
225.05
458.77
474.83
563.54
91.95
688.36
795.5
183.87
421.67
592.13
371.77
601.18
657.78
107.67
255.1
277.78
784.58
137.87
314.93
749.92
791.95
380.12
780.11
506.36
260.85
783.5
251.08
582.75
211.4
555.51
182.54
651.75
47.83
653.65
360.85
348.48
612.71
344.97
351.2
433.99
98.64
141.73
73.27
44.77
653
180.04
280.7
302.68
619.66
732.12
737.47
9.32
363.79
541.18
432.41
773.16
746.19
175.33
199.99
515.77
704.68
303.54
54.76
340.67
415.73
530.05
171.84
454
782.84
65.03
314.27
81.88
684.43
392.25
140.7
599.72
506.83
376.85
35.51
265.28
611.06
574.6
471.58
677.25
453.92
620.23
690.8
525.11
723.12
576.9
155.31
602.51
412.21
645.87
597.89
86.16
562.83
452.66
726.73
219.69
688.91
783.04
790.02
395.31
80.02
705.9
758.72
346.58
569.59
660.35
399.56
315.74
638.18
767.74
670
353.95
670.53
141.46
69.12
296.15
575.4
169.78
661.57
719.51
520
607.63
448.65
241.23
212.84
342.01
751.12
642.78
494.83
689.6
784.76
283.47
639.23
583.07
529.12
87.42
541.68
602.8
700.74
719.26
612.86
408.49
261.14
208.65
60.65
68.17
655.66
525.78
96.87
633.04
448.84
493.24
69.69
358.09
106.69
227.1
94.57
194.91
609.82
21.72
455.16
737.72
630.42
487.39
727.9
271.42
521.9
213.16
508.01
21.91
745.77
728.35
608.51
32.25
422.27
296.7
304.54
142.31
356.46
164.52
289.17
273.84
729.15
222.13
784.12
296.89
447.39
109.2
507.06
629.81
93.08
762.13
22.85
41.14
32.25
55.4
705.2
446.3
331.19
464.79
591.59
216.02
497.97
789.86
246.11
48.7
371.67
557.72
175.14
659.57
43.78
174.23
615.59
85.46
682.37
324.59
781.81
423.86
617.49
746.46
211.34
573.68
279.12
508.11
344.53
594.56
171.27
734.44
565.63
222.72
213.51
390.64
127.69
625.82
698.08
364.07
567.67
270.58
252.25
767.17
36.04
584.18
507.14
322.46
135.24
348.54
475.45
64.63
108.3
157.55
272.19
402.47
646.54
128.06
195.07
146.4
261.16
791.77
452.7
481.63
659.74
22.51
751.04
251.04
679.87
724.47
790.87
642.5
443.11
360.05
293.48
484.04
425.88
60.75
96.93
623.2
786.69
507.46
298.03
296.78
787.05
647.59
541.32
331.07
145.75
149.34
506.16
625.66
703.92
202.92
564.44
82.24
796.1
705.83
509.89
503.05
648.29
637.97
212.26
315.63
214.31
187.11
378.18
529.21
465.07
522.03
762.59
249.47
59.78
753.45
328.22
714.39
322.75
434.74
777.79
155.9
610.56
333.53
561.01
683.8
166.92
125.63
277.29
237.6
46.69
590.43
539.34
291.22
421.23
382.33
79.59
191.4
389.26
240.61
453.92
264.87
175.11
751.99
632.52
150.24
232.73
531.56
112
408.54
424.7
75.16
210.88
366.8
661.06
120.69
781.92
479.54
169.18
190.78
211.14
511.29
219.72
612.22
783.57
174.77
310.23
603.23
65.91
529.49
581.88
693.27
76.95
394.7
193.84
106.54
716.44
335.32
171.95
444.13
465.02
742.68
498.69
403.59
350.11
33.04
89
529.43
192.33
183.46
711.72
703.99
773.37
489.63
671.78
283.93
157.3
576.48
510
498.7
30.34
60.26
616.7
657.48
374.95
551.19
155.49
76.34
641.51
658.09
169.18
277.11
324.36
109.48
96.87
213.29
107.45
373.9
440.68
740.7
638.79
194.07
95.46
508.03
729.35
267.14
545.2
708.32
407.17
712.44
602.22
423.57
440.65
180.13
122.69
23.86
10.77
123.82
281.42
783.03
734.18
162.83
301.88
715.73
210.31
595.4
36.54
385.82
470.13
696.63
336.04
721.23
72.56
493.91
226.78
637.36
780.27
569.81
62.95
364.24
130.51
524.55
567.41
750.55
410.4
268.1
593.66
109
549.3
561.17
584.42
215.96
502.1
331.65
153.24
373.5
702.2
218.22
447.42
561.09
444.98
665.66
24.85
687.1
139.15
396.22
261.07
746.85
788.08
13.56
196.25
81.74
622.35
248.77
381.96
492.41
204.99
121.12
348.29
219.59
225.78
35.93
358.2
86.41
273.08
672.56
466.98
789.24
205.51
193.12
393
249.41
548.14
782.31
14.64
41.8
697.56
698.98
643.24
300.1
375.59
426.72
360.9
722.28
310.43
491.38
582.18
197.48
503.88
450.73
650.7
110.76
657.26
40.64
585.99
339.37
380.45
141
227.62
240.64
617.39
703.65
60.22
108.87
382.91
98.44
593.13
624.66
426.2
434.39
8.14
749.73
367.47
453.92
120.33
780.75
2.73
375.24
544.97
780.15
659.91
585.55
795.42
202.16
168.34
246.62
667.84
724.23
404.56
413.2
747.7
400.06
736.18
592.55
644.01
552.31
559.62
109.71
177.98
336.69
597.85
662.94
46.33
754.36
763.12
175.37
386.12
526.64
45.48
647.86
773.78
784.73
650.73
612.51
193.83
31.92
639.72
357.42
493.61
93.86
330.17
303.12
730.22
259.74
163.92
108.74
417.75
66.96
388.58
618.09
206.96
69.47
529.71
484.16
468.86
615.93
649.64
515.66
516.46
706.5
105.71
351.87
41.85
756.17
641.63
114.85
361.48
34.74
290.57
788.01
289.34
774.16
754.92
224.19
52.38
474.33
263.61
501.84
334.35
413.26
236.58
292.48
651.44
82.9
252.74
373.24
629.41
755.65
762.23
722.91
290.42
171.77
709.82
633.77
246.6
406.95
162.94
325.2
625.9
591.38
50.71
605.26
239.3
13.85
356.21
48.17
780.07
506.57
731.05
626.93
730.67
62.44
67.15
482.4
205.43
269.73
355.37
77.01
269.22
351.84
688.12
138.49
393.44
766.82
31.63
471.99
213.88
584.67
175.75
359.75
779.19
374.55
14.37
610.48
149.47
675.12
18.06
25.48
505.64
547.21
674.23
432.42
381.1
565.16
699.67
671.93
645.14
494.09
467.19
797.74
94.94
440.08
730.37
639.71
63.2
439.86
368.35
555.27
67.01
289.4
27.58
588.11
225.98
194.28
636.71
653.31
368.58
262.5
552.84
48.55
254.98
739.2
565.47
644.14
395.96
49.32
778.55
267.85
219.57
256.84
40.58
525.3
481.85
600.66
96.28
663.77
679.13
506.01
263.21
483.46
702.59
489.22
146.38
694.8
404.99
445.51
633.95
539.4
443.83
766.63
658.14
727.34
557.58
674.8
399.15
43.75
426.04
387.7
295.94
122.38
30.9
456
369.15
231.2
195.31
412.75
41.48
427.7
736.19
209.38
256.01
9.51
56
239.02
592.33
401.18
539.78
380.09
599.29
331.39
178.65
97.71
431.42
419.04
613.51
89.78
649.81
530.51
414.4
402.32
689.79
320.79
709.32
119.08
371.35
495.75
764.31
206.79
401.55
224.59
199.4
351.56
177.06
432.82
527.68
789.07
302.01
500.81
462.11
369.69
236.5
148.62
162.64
623.85
109.43
410.95
576.97
511
613.06
433.66
142.69
714.16
542.77
520.57
277.69
486.46
109.07
661.86
465.03
63.9
290.73
662.68
611.59
482.27
334.63
611.61
369.64
514.07
262.7
652.65
65.98
641.68
778.61
732.72
181.12
589.62
587.88
759.66
395
684.77
395.64
749.71
299.01
796.56
566.82
27.4
266.21
80.79
648.56
28.58
762.15
703.72
169.93
733.4
261.83
562.02
682.05
297.27
81.73
130.76
245.95
662.38
43.04
466.86
39.45
29.29
786.57
773.35
369.75
131.61
692.84
282.02
530.62
468.39
258.61
158.8
141.24
147.67
13.65
62.69
392.22
40.38
590.02
687.07
318.27
48.41
271.4
528.08
195.34
79.95
486.99
460.47
688.68
294.2
674.77
286.9
762.33
279.77
84.13
694.69
601.92
759.11
769.55
480.36
629.27
578.6
387.47
526.52
525.86
368.3
754.58
792.08
298.12
249.22
330.85
673.85
576.65
132.96
175.9
444.38
737.31
735.25
448.96
517.39
724.92
118.08
254.09
584.09
330.76
428.61
433.85
398.93
219.05
778.36
394.96
133.2
49.14
523.29
492.91
483.09
71.99
31.35
602.73
387.92
76.89
459.23
515
382
356.78
416.92
88.13
169.51
279.17
718.14
742.43
86.94
630.87
8.71
580.02
236.92
220.35
780.69
324.37
633.15
392.13
781.51
286.16
765.74
344.46
603.27
480.51
417.75
104.17
639.51
774.6
47.87
548.36
700.84
448.6
184.4
495.14
160.03
721.81
219.3
110.91
307.56
141.57
189.24
318.97
533.93
586.54
627.64
113.48
550.64
644.45
259.61
353.4
614.25
349.02
470.52
291.49
583.66
193.69
236.95
370.52
141.21
301.83
417.47
232.91
460.5
344.38
148.07
457.77
372.97
377.86
597.61
337.49
598.94
370.46
634.77
253.01
359.18
592.86
362.63
645.85
272.55
78.74
334.33
241.75
476.35
66.26
718.15
162.92
798.19
297.54
743.67
544.39
766.72
202.74
700.9
368.56
299.72
30.01
344.37
690.51
558.2
570.68
188.16
62.81
719.66
425.47
732.89
176.45
744.45
335.18
487.59
307.09
551.72
643.85
291.16
728.04
390.93
433.6
153.12
136.59
259.15
41.28
317.66
108
520.73
324.76
760.72
134.33
2.8
368.31
462.64
482.94
152.25
761.65
710.6
483.43
5.33
55.4
34.31
376.51
666.45
634.12
97.06
765.87
491.97
43.96
704.57
322.92
335.84
545.46
538.48
156.5
636.77
102.57
729.48
331.85
616.41
583.83
40.06
767.46
468.59
666.37
596.34
562.07
599.69
469.77
419.4
510.73
437.86
5.08
1.67
562.6
283.9
278.38
430.68
368.25
169.01
744.05
44.12
503.61
146.53
484.98
176.56
347.93
455.6
167.79
556.43
464.22
559.35
117.72
478.91
240.76
231.8
48.1
715.99
644.57
30.71
786.65
122.26
695.49
342.25
648.49
55.79
122.32
52.94
209.03
479.21
99.33
146.36
750.06
355.41
274.49
109.7
672.57
181.89
317.57
346.84
291.55
547.47
475.38
584.79
535.58
59.37
797.44
345.6
7.28
150.05
422.32
93.67
608.8
82.9
151.3
143.54
308.86
751.4
442.09
251.72
42.17
404.63
316.86
173.1
536.97
518.98
662.4
604.42
238.98
125.86
287.91
225.07
593.22
152.91
179.79
469.77
132.94
150.13
372.9
624.36
532.1
764
618.03
611.64
512.58
274.81
288.67
340.56
174.05
434.45
769.15
405.76
749.85
4.49
757.45
799.68
351.36
624.94
793.34
758.6
773.07
593.5
293.53
129.8
495.73
350.66
315.78
639.75
574.22
320.41
614.76
363.46
331.45
493.79
564.62
145.77
280.42
560.2
342.2
130.04
676.55
74.57
80.66
214.57
140.42
176.27
20.13
146.02
786.83
103.57
373.37
224.46
469.4
508.08
27.49
428.57
278.37
432.98
558.15
415.62
285.99
262.28
695.09
395.57
268.9
10.15
208.17
438.05
224.48
528.83
537.82
302.06
713.58
215.78
349.9
94.39
596.67
594.57
33.5
780.3
599.56
466.27
21.93
123.29
481.47
265.67
606.56
322.9
105.43
771.5
270.96
522.57
292.36
491.05
343.1
90.68
419.86
406.61
444.86
772.95
572.83
366.87
397.37
488.83
547.68
635.62
650.57
49.29
793.77
80.03
217.25
721.55
334.64
769.54
139.98
774.97
546.07
272.28
166.49
638.85
687.1
570.26
87.76
5.5
271.59
489.28
674.36
23.24
163.39
229.26
438.3
416.96
400.43
19.26
683.14
607.77
83.09
5.89
787.96
228.49
468.71
216.56
375.12
85.67
768.1
503.93
88.53
422.31
46.17
682.52
491.38
565.86
353.53
552.03
65.58
199.02
794.71
48.51
59.64
758.76
386.77
76.56
132.91
677.31
245.31
639.67
735.25
572
588.5
149.43
676.13
487.69
535.09
22.77
125.89
431.79
606.46
205.68
324.95
366.44
558.24
796.21
733.15
720.05
583.62
691.19
275.57
241.99
287.53
284.77
268.97
17.06
265.39
560.04
74.24
83.83
326.83
678.54
405.19
504.16
519.24
250.42
646.88
631.78
563.64
522.26
636.14
127.91
157.27
729.27
561.99
634.27
458.34
526.95
495.26
707.26
549.55
134.87
148.53
205.05
164.66
554.53
552.55
131.44
620.75
608.08
646.58
337.85
111.31
263.61
688.16
170.26
378.2
298.15
607.01
374.57
33.61
361.62
757.79
600.98
655.85
673.69
666.68
278.48
102.82
365.61
65.86
119.91
486.99
513.12
38.3
221.71
267.98
155.1
442.47
156.37
550.19
181.75
592.97
80.27
635.99
772.21
207.88
192.75
615.22
516.05
40.16
490.34
500.34
643.05
491.16
784.23
654.79
51.35
120.12
111.77
64.63
310.97
121.4
15.37
4.09
11.37
122.56
750.71
94.69
127.26
336.96
389.84
739.08
636.27
458.45
11.72
308
543.87
305.91
118.94
514.45
696.72
125.1
368.04
54.02
38.16
252.77
645.68
284.63
431.18
471.01
105.5
170.64
1.78
133.32
443.36
194.43
257.97
760.98
536.81
196.16
435.34
659.83
495.25
313.86
14.6
741.89
438.02
85.22
303.51
626.84
139.77
743.87
108.61
709.38
426.16
40.4
317.29
776.92
341.74
538.33
63.17
544.68
681.36
619.31
606.8
551.62
468.01
649.87
587.82
48.95
542.48
412.46
473.99
384.71
18.69
636.42
381.93
31.41
787.44
298.55
763.73
421.85
313.38
636.8
371.41
675.74
119.31
75.29
285.06
694.68
289.72
222.57
191.24
28.45
387.75
271.08
661.03
663.37
193.97
8.02
732.22
443.17
229.02
159.67
768.62
406.76
772
373.05
708.39
438.02
466.05
54.64
460.13
740.87
765.5
454.99
117.64
449.53
507.48
363.68
282.34
68.15
177.97
17.87
738.65
266.81
370.63
406.08
433.7
193
248.06
358.74
101.6
421.72
101.59
418.4
568.26
340.73
360.6
66.98
318.48
200.07
755.97
7.76
719.36
155.29
749.62
668.41
185.02
135.24
671.56
55.06
726.02
495.43
562.97
567.33
466.42
348.43
598.94
747.56
428.07
764.37
569.26
559.9
362.96
185.51
721.7
216.51
440.94
252.37
693.83
466.83
755.53
291.6
557.42
21.26
697.25
657.54
5.52
422.31
547.49
30.88
493.14
363.05
511.88
278.63
153.54
521.35
514.99
402.55
471.73
647.39
618.36
670.7
301.8
257.51
77.99
295.46
40.34
473.37
662.7
532.2
47.43
536.88
655.45
724.15
785.92
565.81
744.11
766.16
240.45
628.79
127.37
395.42
30.81
400.35
471.45
428.67
353.34
434.51
91.29
733.93
211
601.82
279.44
123.11
720.52
172.69
505.8
4.89
533.76
668.36
500.98
495.85
454.5
240.23
69.61
351.55
392.18
497.93
590.02
472.63
551.19
434.52
527
31.84
5.28
575.25
387.58
378.92
185.87
374.4
437.69
237.49
661.19
138.58
531.32
548.82
767.15
679.57
688.67
610.51
94.29
301.72
160.82
581.79
103.75
717.9
138.69
645.83
743.67
373.47
705.23
717.39
425.75
361.07
623.62
565.12
177.63
688.22
14.03
765.85
303.74
623.22
437.84
359.55
159.94
407.42
533.61
459.24
146.13
748.4
665.25
341.14
736.65
538.46
247.46
443.42
297.81
201.8
620.85
660.94
258.16
147.2
422.02
1.08
148.11
116.93
785.72
492.26
486.03
659.83
476.51
105.04
424.09
280.38
133.04
280.07
315.44
652.42
457.18
392.8
660.68
124.65
565.84
575.02
597.24
576.43
752.93
459.97
471.46
649.64
279.2
740.14
14.15
748.76
358.88
264.49
569.52
96.07
69.91
329.7
96.47
617.73
32.73
677.45
755.24
521
791.7
84.85
91.12
205.04
672.66
124.14
205.11
685.31
164.14
341.04
141.71
687.82
500.17
301.35
731.36
739.33
203.09
582.18
474.69
176.42
429.14
489.16
118.74
501.36
317.8
627.58
695.34
421.29
736.29
412.48
311.12
356.9
434.39
15.8
464.82
44.22
682.16
328.76
588.44
271.25
184.21
710.61
209.26
23.44
143.88
460.31
42.95
742.03
81.2
271.58
75.81
390.93
739.63
496.62
683.37
707.15
174.01
623.54
176.63
96.77
550.6
590.2
67.54
306.97
552.43
705.53
329.04
424.82
740.58
72.32
179.82
769.54
148.34
507.9
674.09
58.29
35.83
200.66
193.76
730.26
95.08
130.03
513.13
63.76
764.25
729.74
229.97
672.62
530.51
647.26
112.76
420.9
238.11
394.87
146.78
498.1
244.48
176.64
193.3
252.6
372.58
510.46
598.14
57.59
243.17
266.04
337.5
136.29
344.85
286.04
341.68
430.51
760.31
791.25
533.7
150.3
278.49
2.83
365.14
319.76
216.66
773.13
172.59
544.52
724.52
613.36
585.53
679.77
412.49
343.78
628.35
466.16
391.64
591.33
70.67
246.02
728.92
200.28
600.01
770.98
65.26
594.89
44.62
771.38
349.94
615
414.45
585.54
710.47
275.64
652
185.74
117.65
242.99
656.9
382.96
18.65
507.39
780.52
128.85
267.96
297.32
39.37
540.65
101.31
344.87
669.43
498.42
24.81
216.57
468.01
250.58
134.59
421.66
635.51
87.03
195.79
719.51
582.59
598.28
400.45
332.53
668.6
695.8
739.96
96.03
597.8
250.82
177.48
19.27
416.38
417.07
368.66
127.43
733.92
37.24
60.2
485.33
201.69
74.35
286.28
799.84
231.01
205.9
404.44
207.65
228.34
544.25
224.11
582.35
433.25
712.6
708.67
488.9
257.81
522.67
411.29
425.64
75.84
85.36
428.35
365.97
493.56
156.42
381.75
443.25
445.78
683.16
761.63
116.91
196.06
577.32
574.69
431.93
119.67
624.6
256.4
619.1
147.61
253.99
671.47
485.9
442.99
144.94
94.98
424.27
296.15
303.39
363.13
708.88
712.25
602.07
427.88
288.23
268.12
728.69
300.13
531.41
777.16
427.64
700.46
745.68
395.52
273.98
503.34
194.08
298.14
50.67
712.57
464.05
625.85
729.61
675.65
442.95
256.18
480.7
779.87
498.1
456.48
83.84
128.43
82.86
625.22
692.39
196.12
209.08
476.69
109.73
166.48
59.08
636.65
700.77
443.51
171.16
240.16
516.35
95.26
243.7
242.83
128.26
44.7
783.03
303.12
161.07
216.32
640.4
273.97
61
694.6
745.84
432.21
564.06
238.98
269.06
613.04
566.72
265.69
65.73
596.21
557.37
133.95
512.07
189.65
277.94
74.42
481.36
745.42
706.6
409.14
587.36
753.96
772.41
712.42
351.5
238
365.14
59.54
645.13
229.87
403.06
609.83
737.07
161.48
118.25
582.57
560.21
545.32
188.06
193.01
668.92
133.88
664.79
87.47
108.18
613.58
65.48
390.97
188.14
317.54
582.13
760.82
98.67
734.19
509.11
532.82
400.56
526.37
631.99
452.35
432.31
254.74
639.71
646.03
113.69
174.18
241.37
195.01
768.91
114.02
383.94
498.37
415.83
197.88
450.05
669.61
789.91
301.96
717.61
17.04
249.21
452.99
479.22
602.73
36.52
493.5
671.66
74.91
653.81
582.19
635.24
89.75
738.65
493.33
271.6
153.3
135.26
523.65
475.72
215.5
346.25
526.96
736.64
122.93
148.57
296.34
528.5
691.67
133.27
715.77
99.9
274.53
362.74
126.53
671.69
646.43
446.24
585.28
684.89
92.84
429.21
34.58
700.69
638.65
186.12
34.23
189.1
554.96
165.3
107.63
635
532.06
251.51
580.76
578.74
388.3
317.55
331.32
60.67
290.99
337.28
722.13
582.43
696.48
232.43
373.23
604.87
222.69
211.87
438.52
583.83
551.75
629.54
640.33
694.89
154.04
798.51
655.48
755.66
581.57
353.4
286.3
546.08
78.52
657.67
279.44
780.56
30.32
664.34
497
396.41
444.53
14.84
754.48
289.03
104.09
316.02
445.27
308.65
414.43
574.93
615.16
338.41
68.84
56.39
285.52
137.46
636.54
703.84
490.47
714.9
579.93
276.22
753.48
327.89
237.7
710.3
778.81
256.64
194.96
525.58
637.64
652.68
254.83
335.46
354.54
496.24
404.07
689.21
412.74
95.11
684.72
377.09
455.34
638.78
603.71
169.43
511.58
452.42
648.22
692.11
395.6
353.61
254.26
751.19
599.7
483.5
622.48
621.96
734.43
367.74
208.43
199.03
704.63
693.86
565.41
744.47
650.66
318.8
394.6
648.94
71.41
435.26
771.9
359.84
639.12
776.82
210.76
206.59
754.28
487.69
607.59
24.7
60.55
496.93
406.85
674.44
725.73
136.04
547.8
138.57
158.08
624.28
491.1
409.35
270.2
351.64
536.65
145.48
150.11
734.32
542.69
187.48
374.18
726.38
166.2
185.85
22.55
340.26
222.38
482.48
302.29
633.98
16
569.26
466.67
431.78
123.21
93.34
406.88
84.54
481.08
129.64
502.33
242.98
1.02
741.52
767.65
619.19
501.02
744.9
393.96
471.8
604.08
26.61
54.23
714.84
546.5
544.71
76.77
305.64
317.72
17.33
762.32
220.76
401.19
623.16
590.62
429.33
527.04
60.64
583.11
33.48
295.37
617.39
288.16
442.53
314.5
493.44
621.07
649.54
516.69
271.77
159.02
763.81
0.06
644.9
205.09
281.33
370.83
437.52
90.41
740.62
792.47
523.72
538.97
304.57
483.33
676.62
267.12
620.7
790.66
703.52
288.93
109.91
511.87
548.62
716.09
509.13
668.6
54.91
423.12
2.92
612.26
677.11
144.33
625.45
770.86
124.41
719.52
669.79
436.24
105.48
453.46
58.86
432.57
779.1
486.53
269.46
102.09
137.96
759.36
703.08
36.89
795.88
498.34
306.93
142.39
309.59
170.64
329.99
447.1
614.16
518.58
296.09
758.28
199.01
693.58
372.92
368.1
62.91
504.79
602.02
520.44
553.36
361.01
524.58
746.37
67.56
83.24
341.03
650.8
201.92
397.59
528.42
321.08
584.97
248.7
111.91
519.63
723.22
716.8
511.86
704.78
318.73
352.92
192.81
665.25
186.35
256.49
527.56
108.27
483.76
708.78
790.43
273.33
329.23
89.87
524.9
757.64
344.83
275.88
99.81
104.54
719.71
501.8
780.04
569.38
298.56
123.25
700.7
510.56
344.73
194.91
485.5
630.22
366.83
443.1
470.12
253.91
197.25
589.78
460.56
439.36
761.41
519.84
368.29
513.31
101.93
64.36
465.47
227.31
297.7
757.12
689.01
297.13
239.33
48.85
161.79
330.24
468.38
8.52
12.5
308.24
159.41
557.34
635.36
222.43
541.65
796.38
502.11
441.46
478.86
389.25
436.25
402.92
186.79
733.88
581.38
248.88
663.6
471.96
460.71
202.25
295.66
553.35
626.23
691.7
364.91
52.02
108.28
256.05
80.19
398.16
62.11
724.34
565.67
656.54
180.92
345.69
72.5
781.74
140.74
2.79
754.86
775.09
237.09
699.83
543.37
632.59
171.51
156.09
414.78
194.48
642.7
363.03
121.43
587.89
264.1
343.06
513.72
226.01
355.57
793.19
649.56
321.77
720.17
522.15
462.35
1.22
371.28
373.48
88.4
792.15
637.55
512.16
254.5
86.95
681.07
139.55
355.54
4.96
283.28
374.45
261.13
168.48
239.07
725.96
604.45
682.93
230.34
129.81
372.08
653.64
61.59
478.01
158.92
710.41
4.45
418.59
395.06
119.83
307.55
788.32
488.99
629.91
628.94
610.06
605.77
404.91
197.62
516.43
745.05
567.88
486.62
687.7
722.86
560.47
264.21
585.44
314.42
535.85
263.59
210.71
394.91
75.1
637.41
791.03
658.33
45.67
97.09
6.31
701.17
619.34
248.66
140.07
321.29
40.09
176.81
149.94
210.36
8.6
555.67
587.4
793.03
20.74
19.13
737.48
691.32
613.14
158.18
531.16
344.77
24.95
276.35
600.51
475.39
575.64
347.5
428.5
363.14
317.59
58.37
607.28
670.63
281.36
164.3
342.46
588.6
331.86
324.51
478.86
464.95
104.03
745.26
340.55
754.08
382.17
125.54
452.64
292.16
266.77
227.58
196.76
763.62
357.35
108
588.24
524.17
281.96
473.29
643.54
274.06
704.3
433.1
336.91
614.45
154.69
761.86
635.84
379.51
690.11
422.86
223.11
646.95
686.29
235.2
557.38
757.8
555.69
369.6
113.32
371.78
713.93
779.52
230.35
687.54
647.06
194.54
111.82
194.51
282.28
366.21
56.41
85.52
643.29
400.84
154.71
263.29
723.24
443.29
306.37
187.15
273.68
257.64
704.73
632.67
760.16
459.09
532.07
300.65
544.76
184.24
193.75
542.38
192.86
227.32
575.16
523.85
578.53
283.56
281.58
307.4
405.85
471.28
513.36
88.25
686.62
28.62
373.83
513.51
242.74
591.61
585.8
671.34
539.22
705.18
227.91
55.98
169.62
498.4
383.84
480.99
716.27
168.94
220.58
507.81
309.33
573.69
404.68
159.64
297.1
53.32
3.74
705.24
389.54
758.82
398.75
592.37
237.3
202.04
123.51
126.39
491.38
25.88
795.87
697.8
576.1
225.79
316.5
181.77
559.28
59.53
70.71
177.92
258.33
53.3
78.46
389.4
434.98
771.58
619.13
708.85
572.42
342.56
165.74
14.23
323.97
12.82
344.33
720.31
223.33
650.46
295.86
417.16
783.16
526.61
440.68
358.19
696.23
252.64
243.12
50.48
731.67
420.09
584.57
774.15
396.14
450.3
563.95
56.1
532.02
735.77
435.95
427.41
706.5
625.4
624.36
152.93
137.01
569.09
318.18
142.56
393
674.41
603.56
146.94
621.74
389.5
730
125.39
685.04
58.55
636.11
248.7
474.75
210.88
731.74
465.23
460.78
366.77
467.34
16.43
48.29
686.72
750.4
757.57
247.21
84.08
32.19
22.08
615.21
495.73
750.35
368.39
687.12
778.49
577.31
729.3
295.63
321.97
134.21
372.48
17.43
377.58
140.9
725.36
58.96
389.69
236.87
730.21
159.95
172.86
28.18
38.63
267.24
763.7
401.29
468.37
748.82
534.52
308.1
97.51
665.93
346.25
602.68
189.83
42.66
65.48
452.03
562.3
282.21
179.77
701.59
80.43
27.18
229.96
359.2
285.06
95.33
668.71
591.24
691.16
189.43
503.24
181.56
757.11
231.21
97.16
49.68
591.47
582.05
451.51
119.91
81.46
25.98
272.77
200.51
524.74
160.41
568.19
219.45
25.99
129.51
739.35
461.43
372.84
618.92
408.44
382.45
674.13
715.18
465.5
42.01
624.11
735.89
467.46
700.46
543.01
94.58
352.84
68.19
173.35
239.86
497.32
255.15
633.55
273.16
399.83
73.4
96.4
355.54
354.58
459.8
338.76
413.11
452.51
190.45
335.69
499.02
449.29
336.26
230.28
245.98
646.79
297.69
306.86
147.58
161.82
437.62
41.87
407.78
510.08
604.12
354.37
93.96
4.95
429.53
22.12
466.6
432.9
790.14
680.99
500.6
212.95
501.05
11.94
699.8
774.25
460.07
83.67
112.73
447.94
530.11
672.88
1.16
374
216.54
186.22
763.15
312.05
174.26
533.84
365.63
242.98
766.78
488.6
667.91
177.33
209.39
685.27
453.26
771.15
55.86
633.43
86.79
447.53
293.42
255.78
217.12
731.67
223.35
768.45
452.4
423.46
202.78
376.17
581.59
722.25
38.94
790.15
240.61
79.61
2.49
139.94
7.83
684.86
127.03
2.89
598.69
762.35
490.53
532.59
72.65
281.38
445.72
765.64
739.27
371.77
315.76
82.25
630.2
137.16
401.36
327.84
169.43
359.4
515.57
733.74
255.4
5.78
308.79
0.66
173.19
401.28
264.58
137.19
71.78
141.99
768.36
67.16
234.71
187.06
530.38
71.49
303.35
408.3
416.03
592.6
735.7
469.99
598.35
271
673.01
736.31
261.15
587.85
126.57
676.47
301.58
105.86
179.04
217.68
664.64
614.31
324
597.27
483.27
313.96
421.96
766.28
225.24
449.61
44.68
209.99
103.52
94.53
666.92
2.13
681.94
197.01
787.4
73.4
559.83
563.96
253.26
799.48
557.25
101.36
477.82
521.21
3
778.05
272.62
193.33
91.29
717.48
403.66
741.98
60.45
5.9
267.44
536.72
754.84
119.67
15.71
160.93
368.16
514.06
698.83
59.09
100.85
225.96
775.05
429.06
10.26
203.02
534.67
265.23
448.43
316.76
24.52
150.39
345.9
738.32
56.97
660.08
244.27
606.31
372.4
89.68
254.72
507.5
313.12
395.05
216.7
270.9
561.83
692.22
523.89
463.21
371.06
303.69
454.4
228.54
248.23
595.21
6.7
71.35
507.71
27.22
774.76
311.61
347.34
730.27
328.38
543
86.35
369.8
706.99
796.93
184.94
690.53
317.77
534.97
466.94
793.87
583.06
446.54
59.82
218.48
100.34
306.1
482.53
9.71
334.39
340.84
761.55
13.63
369.4
760.74
197.63
730.87
314.95
584.33
104.54
484.5
201.54
341.83
768.7
261.61
591.06
566.78
586.08
765.82
425.53
414.45
329.89
519.37
713.54
276.86
111.42
18.7
260.56
530.83
720.98
513.81
696.94
264.36
613.26
397.49
493.04
235.49
277.9
669.29
412.02
470.32
613.13
168.68
278.31
242.9
345.15
773.88
5.8
341.18
766.29
271.15
56.69
245.34
456.84
230.87
306.5
355.42
534.97
465.17
207.25
252.4
374.86
780.84
480.83
740.91
381.19
365.26
562.78
722.54
223.05
391.63
546.61
430.24
120.34
130.17
629.37
671.75
237.72
756.64
690.6
108.98
729.4
239.13
682.15
734.2
149.36
515.86
635.05
137.31
220.39
417.72
196.75
356.97
633.08
304.79
464.36
346.11
114.07
752.54
465.48
689.47
741.34
591.58
55.58
395.73
162.64
179.3
212.77
679.13
758
359.9
283.73
65.75
725.83
771.48
721.7
390.04
211.69
571.73
511.07
132.03
246.13
148.15
284.37
571.29
381.8
230.69
197
652.29
714.72
106.43
604.25
518.11
465.65
206.82
665.49
90.54
652.24
278.76
204.8
268.68
463.68
482.31
313.12
218.66
29.32
611.01
515.65
321.11
683.54
563.09
673.47
52.36
314.25
507.37
165.58
62.95
194.64
228.71
461.09
221.55
2.5
43.6
563.35
89.86
703.98
436.58
228.66
311.66
278.1
786.74
373.05
305.06
359.21
743.27
152.86
66.39
741.44
587.82
518.32
719.69
307.08
718.7
306.02
529.95
640.68
109.29
606.93
25.9
499.06
565.2
677.67
418.67
517.05
160.16
794.87
431.19
66.58
391.03
182.8
446.48
793.13
45.14
93.02
475.93
737.14
623.14
321.42
692.36
366.77
31.17
169.7
504.08
483.31
500.29
110.61
275.87
617.82
407.4
127.22
517.38
104.49
208.42
9.14
564.04
347.15
741.07
85.44
740.35
247.02
167.38
73.88
75.89
366.61
652.87
685.02
439.22
275.08
389.14
67.6
42.63
724.9
548.08
28.41
544.42
244.23
311.16
214.23
244.76
462.71
316.98
161.15
463.31
55.35
623.82
673.2
383.28
173.37
760.01
551.43
593.24
286.93
385.36
298.16
90.17
551.61
253.14
219.05
616.73
707.53
661.29
26.9
297.11
119.07
319.74
329.98
247.84
57.87
156.6
432.63
129.85
385.06
371.92
295.29
492.82
498.97
439.94
346.72
632.5
580.54
228.81
53.07
343.48
597.94
411.35
291.71
628.98
202.35
797.04
120.77
706.91
81.37
59.65
675.38
347.23
234.04
524.84
277.58
783.52
789.54
688.39
91.81
782.12
54.05
296.32
338.26
279.65
671.25
748.91
319.08
631.62
70.68
85.44
404.96
497.3
310.01
184.38
163.07
717.63
549.48
661.67
587.12
175.65
752.56
31.36
365.45
327.05
529.95
192.3
47.98
10.42
156.69
690.17
631.54
720.18
570.8
281.51
441.72
65.52
185.42
148.07
573.78
315.97
100.61
238.14
522.43
669.84
763.47
410.82
532.1
351.32
107.22
336.56
568.58
762.58
726.06
777.54
455.04
391.8
401.17
237.25
66.32
380.1
345.35
126.3
250.26
591.39
50.21
627.63
418.27
308.09
190.44
126.37
409.36
21.64
372
726.36
53.65
760.17
669.27
361.23
296.19
238.66
204.93
315.08
270.59
708.57
331.31
383.22
223.43
346.5
430.68
206.61
569.92
584
56.57
458.95
233.47
489.06
531.43
669.64
669.19
592.02
651.14
430.58
740.58
359.72
491.28
411.87
221.34
505.75
738.9
10.62
231.87
11.09
348.79
324.69
95.89
488.16
216.87
99.95
471.11
721.42
749.95
150.51
146.89
452.37
261.16
130.97
629.93
159.46
435.3
420.01
363.79
327.7
99.36
126.61
615.3
205.1
307.75
370.64
189.31
732.72
267.1
361.32
185.1
637.53
416.63
143.11
129.68
783.77
756.2
778.19
604.7
642.32
635.17
732.26
37.13
764.07
352.62
265.2
520.06
430.56
656.36
168.88
220.84
301.2
627.44
145.92
726.53
116.76
197.57
473.29
384.76
517.04
367.64
113.17
400.53
17.63
311.34
422.21
251.11
635.33
240.17
41.18
280.74
696.74
519.54
27.47
660.96
165.93
309.06
82.01
590.82
662.8
206.42
132.34
8.8
499.23
419.3
180.66
520.15
303.36
760.86
675.1
444.7
777.35
49.19
120.3
648.04
612.46
365.95
441.35
439.56
541.91
685.02
670.43
479.11
329.76
320.12
439.48
713.86
722.92
749.1
670.86
246.66
682.89
334.55
107.34
284.74
794.36
167.71
208.98
656.76
773.47
93.39
743.33
581.53
306
521.42
753.95
462.65
311.45
644.08
183.49
556.44
470.96
517.41
361.27
638.31
645.49
546.34
150.56
62.5
443.92
168.74
539.28
329.94
504.8
453.8
710.43
88.09
416.07
789.48
667.82
172.9
95.78
775.48
480.78
764.49
525.23
411.89
584.68
397.43
376.55
627.01
349.39
703.89
589.28
529.73
309.75
44.53
412.4
491.15
414.64
357.74
417.42
231.01
86.57
124.35
413.01
477.82
652.55
564.6
217.72
756.92
522.26
411.38
515.91
40.62
369.58
783.71
465.02
749.48
163.78
519.11
236.74
7.21
17.32
736.98
221.37
285.97
675.87
745.53
312.51
498.84
557.25
707.12
375.84
40.79
584.13
330.43
235.87
209.87
61.79
57.8
19.02
218.13
534.99
777.03
707.09
207.77
728.57
625.05
250.8
706.01
619.36
241.85
431.58
199.29
686.85
383.45
781.59
583.41
195.47
753.21
484.3
229.35
249.51
664.62
736.73
766.48
450.8
24.81
568.9
655.63
698.21
431.32
277.51
76.88
633.48
370.28
663.5
71.56
735.24
422.99
237.03
596.8
144.36
66.06
739.65
372.16
746.11
741.1
699.91
212.01
40.08
525.54
606.08
342.78
299.86
75.49
327.11
460.7
746.38
514.59
456.17
455.42
20.67
593.96
773.15
261.8
608.66
748.37
641.5
703.87
125.6
145.89
720.37
495.49
185.68
628.54
746.81
73.7
467.29
56.67
650.24
7.65
348.38
581.76
76.41
128.57
47.86
560.91
193.2
497.73
557.75
41.83
159.44
400.01
599.56
116.96
474.38
296.26
289.06
17.62
760.98
782.53
277.46
571.41
444.34
737.88
535.97
578.83
571.29
332.1
465.29
592.85
666.52
689.85
643.58
202.33
672.35
215.42
552.11
495.66
355.36
288.57
711.97
14.87
553.15
594.21
239.99
486.85
497.68
550.09
776.8
198.14
552.2
468.91
794.58
741.59
259.43
134.17
589.17
515.36
156.55
704.56
394.29
304.39
545.72
67.09
445.79
699.91
718.56
530.33
177.96
497.44
719.43
330.04
144.3
473.19
261.64
190.97
557.95
318.11
329.87
491.67
598.93
775.74
175.67
122.08
39.61
682.5
52.23
485.98
693.62
269.62
380.44
212.14
547.12
157.08
739.97
646.08
329.41
524.8
10.55
19.73
682.33
219.16
2.06
262.88
499.02
146.47
574.81
438.11
591.57
51.28
518.25
595.83
462.06
514.61
154.41
676.98
208.53
0.69
559.34
714.81
240.82
42.17
454.31
28.95
277.63
785.89
167.84
462.97
543.15
750.18
136.63
554.84
352.78
428.52
46.17
134.72
647.56
717.45
230.89
676.91
721.91
727.87
536.13
746.69
354.38
642.76
275.15
301.17
445.13
189.38
491.75
614.69
281.77
540.98
505.72
69.25
37.48
487.25
797.41
53.89
730.78
276.51
726.48
484.5
633.82
71.51
605.92
49.37
304.94
485.47
149.69
647.71
6.07
271.91
705.2
105.43
751.69
690.79
678.81
24.24
775.99
760.05
324.28
313.26
307.59
26.61
160.24
764.02
730.09
321.29
579.34
487.56
330.36
746.43
577.1
652.63
703.44
783.09
152.89
617.42
693.66
389.79
52.44
554.95
12.3
244.13
227.46
152.48
374.87
673.33
526.62
707.4
322.04
731.43
344.95
13.2
600.35
717.6
137.99
259.08
377.53
352.44
141.97
379.35
406.26
78.98
741.97
247.55
164.72
369.64
468.21
106.85
665.69
606.46
199.34
341.55
334.72
72.44
736.05
168.04
404.09
202.77
114.09
559.38
142.62
603.5
138.31
158.03
545.49
10.23
278.07
343.54
290.72
494.23
543.33
798.79
796.3
361.93
77.09
259
260.59
119.19
39.73
53.08
97.46
584.75
246.04
296.41
453.65
350.28
590.35
511.77
623.94
401.27
352.34
61.93
390.94
283.99
696.82
71.14
259.41
67.01
421.58
359.45
137.18
33.87
214.36
468.58
417.24
264.38
185.58
354.89
462.4
243.76
662.61
615.18
692.17
472.37
538.89
118.26
375.87
523.31
521.34
584.31
321.05
489.71
721.11
320.58
183.26
555.77
215.8
303.38
365.67
403.15
209
240.52
708.95
38.42
217.52
616.18
12.65
168.49
503.83
85.86
183.38
57.34
122.31
358.88
269.96
467.03
291.67
7.13
777.29
199.33
580.18
217.72
591.78
736.98
241.7
237.45
228.09
75.99
725.16
740.04
534.27
709.96
589.12
371.29
63.32
124.99
610.18
783.51
717.78
741.62
781.31
399.37
129.14
384.88
476.45
497.43
462.67
8.94
447.11
428.15
575.56
727.06
483.27
306.19
290.54
336.51
632.85
86.53
440.73
670.12
245.07
17
483.29
512.67
701.47
464.97
735.09
694.78
383.27
262.91
457.67
153.07
319.86
191.43
728.28
458.82
443.65
742.58
398.26
53.48
715.76
252.65
209.55
344.91
330.33
152.19
738.68
317.66
154.2
74.91
675.66
523.53
95.8
600.2
652.89
192.35
661.93
197.58
785.63
787.17
723.51
98.17
3.21
152.49
307.03
6.73
735.09
502.65
740.94
99.9
595.72
576.54
211.41
206.69
666.59
114.95
791.63
202.6
564.01
550.45
458.12
529.28
29.29
126.09
735.19
248.45
543.96
267.62
598.42
344.16
139.31
7.58
650.13
470.93
274.8
776.84
222.02
755.74
428.69
243.56
753.24
559.32
602.06
111.65
386.66
69.65
373.9
32.57
188.95
327.53
737.42
159.39
81.11
386.43
317.89
46.53
236.26
584.87
344.25
340.6
799.05
318.6
163.52
631.46
717.79
333.69
619.56
694.92
771.78
245.27
582.38
280.57
458.79
438.23
155.48
168.45
768.48
592.76
85.88
326.89
384.18
497.01
604.51
355.31
442.44
21.67
157.39
409.98
137.82
276.42
452.6
584.89
382.93
627.74
775.98
751.92
82.83
577.69
156.8
361.96
667.29
263.72
110.75
677.55
517.93
779.67
307.62
160.34
455.05
356.96
95.35
364.02
361.74
410.75
114.04
208.98
26.32
617.79
276.98
514.51
480.72
425.34
715.2
30.37
50.09
155.83
581.09
595.99
614.04
353.87
277.45
79.57
345.51
326.15
641.24
482.27
624.87
504.12
448.91
673.06
59.69
529.9
593.66
322.8
70.1
366.92
72.25
165.63
502.68
150.71
146.6
323.56
288.54
0.83
501.28
735.88
325.62
692.29
150.1
53.6
541.29
243.56
657.45
243.47
653.73
587.63
30.13
667.98
546.9
331.6
225.15
134.95
568.52
69.17
0.76
105.99
200.18
349.91
89.3
551.81
750.76
223.26
599.9
428.49
749.06
713.34
208.36
378.8
630.74
509.96
213.97
761.14
155.65
95.97
511.68
771.67
77.05
677.93
412.75
392.93
345.72
27.94
406.12
593.88
555.91
60.78
721.26
797.39
279.21
26.4
658.28
792.39
463.2
795.99
254.84
404.3
117.12
255.38
55.23
150.3
310.1
707.95
588.9
30.39
766.31
558.77
476.17
421.39
331.94
664.11
138.33
749.01
308.56
76.08
190.13
284.36
489.85
508.56
208.55
490.38
97.12
617.82
620.4
130.46
607.84
508.6
356.81
291.39
425.22
243.41
292.66
440.55
217.32
253.95
384.67
138.87
359.2
224.88
767.99
316.35
34.98
520.75
17.08
479.68
16.84
732.16
172.57
712.88
17.53
323.32
237.39
299.61
790.76
564.31
513.09
358.79
131.94
314.87
530.5
668.6
197
294.01
218.22
294.37
202.72
522.12
6.84
225.8
144.98
398.91
663.68
662.23
221.27
56.2
649.98
195.62
282.69
717.16
72.49
385.17
566.91
664.96
177.99
787.46
513.55
100.21
34.13
516.69
700.67
257.78
325.59
485.28
789.21
468.96
759.51
294.84
786.69
459.69
626.77
301.02
270.9
460.02
489.19
778.3
370.91
736.19
566.25
575.44
41.06
694.82
611.66
332.48
729.17
314.63
545.6
619.24
653.18
19.71
9.7
656.57
491.97
350.95
622.37
389
457.65
222.29
159.35
452.19
511.91
0.67
634.01
730.37
340.78
554.56
707.25
659.67
437.64
746.64
714.16
695.01
109.05
347.17
720.19
502.26
592.27
50.96
429.24
627.01
208.24
567.35
505.79
457.18
135.81
509.61
258.54
68.41
478.19
656.51
137.81
635.35
729.62
552.18
199.55
16.02
544.58
126.19
424.74
359.39
512.28
137.26
734.86
259.94
370.54
46.52
129.46
180.39
14.74
143.56
466.9
610.66
285.5
34.05
279.19
641.4
335.86
565.3
103.29
776.72
393.12
299.69
360.86
4.34
57.31
740.73
0.67
728.34
440.02
41.8
648.46
745.39
668.54
759.32
230.7
720.95
242.41
628.4
654.44
53.93
45.51
725.12
41.14
283.48
103.52
111.77
724.25
132.09
3.83
41.79
616.33
551.71
121.23
259
476.71
42.41
578.7
493.1
379.09
462.02
351.98
714.42
526.68
541.37
708.17
282.82
469.19
401.99
4.71
60.95
209.93
516.95
429.43
530.81
596.27
697.53
408.15
709.7
361.09
10.86
516.35
792.24
125.31
731.05
300.87
389.92
59.82
588.71
423.86
401.44
396.62
291.46
187.46
122.46
654.15
769.43
116.14
717.6
675.44
58.06
311.5
597.75
232.24
799.45
398.1
476.68
786.96
393.53
115.78
643.82
572.23
71.5
479.87
557.91
573.73
795.56
650.32
336.46
461.64
482.66
335.39
243.02
394
184.75
654.06
252.63
674.6
331.54
369.53
719.11
737.81
621.5
720.59
10.11
269.12
659.23
676.22
660.09
482.79
467.4
786.66
328.67
37.56
709.19
322.42
759.31
146.67
158
251.3
739.36
334.79
696.22
701.39
700.98
396.79
354.28
709.75
569.47
799.21
775.36
616.61
671.41
33.79
589.59
408.03
282.06
513.33
711.16
558.28
573.32
731.31
68.03
189.6
637.53
575.37
350.22
68.85
445.13
18.38
63.71
266.02
512.32
441.94
590.73
501.03
95.42
489.32
358.42
681.72
30.31
155.47
85.56
290.51
713.6
164.07
312.13
388.81
93.88
44.97
479.64
53.32
31.16
284.25
513.82
434.47
264.21
439.77
407.29
47.47
448.76
249.15
261.87
95.41
559.76
136.89
510.19
595.95
456.07
481.91
762.38
130.08
17.11
617.73
169.04
547.44
758.24
462.27
430.96
795.9
538.8
796.58
589.04
463.75
4.03
105.47
352.06
145.85
489.42
138.43
614.82
197.43
627.21
383.18
371.94
428.32
213.01
256.5
740.72
573.13
180.2
651.39
426.72
243.87
279.59
194.78
637.02
645.35
50.03
5.52
696.99
427.49
613.79
490.95
788.01
596.5
476.51
705.81
616.79
370.57
309.14
702.42
165.23
670.91
528.49
68.26
630.01
710.52
130.64
276.37
403.21
605.93
281.14
146.04
578.44
137.38
751.02
658.52
509.32
736.83
414.36
642.31
169.34
742.46
775.83
684.19
695.87
10.55
102.78
604.93
666.94
467.85
701.52
287.81
315.78
233.04
122.16
498.06
579.75
364.11
208.22
236.8
308.93
153.37
127.29
768.56
60.66
402.3
371.89
368.87
738.46
522.54
358.42
541.31
162.91
547.39
176.91
568.62
20.34
39.99
616.88
764.89
782.72
584.91
708.32
316.21
249.05
703.97
645
474.98
672.99
531.41
113.03
296.59
449.12
703.72
211.09
387.79
384.06
746.35
522.66
311.31
619.16
598.09
217.02
314.18
67.25
105.26
433.63
596.93
312.18
266.55
460.09
250.8
239.11
795.93
202.81
543.48
8.63
478.41
33.33
44.75
151.67
569.95
49.97
406.81
381.89
304.31
302.18
106.6
309.03
650
750.41
235.39
105.99
222.42
142.98
618.49
214.5
693.8
174.41
756.96
528.07
760.12
663
732.08
459.59
722.78
619.2
308.29
449.71
164.5
327.17
351.31
363.47
118.21
310.28
344.37
275.25
299.64
774.87
541.27
190.83
385.52
569.69
194.92
425.79
744.16
626.04
134.96
466.74
627.63
137.44
677.93
455.2
554.02
610.64
277.43
372.4
683.93
108.77
134.59
387.64
363.1
359.59
266.39
79.48
114.88
278.31
624.74
777.29
715.53
479.62
489.7
201.17
632.16
56.87
545.36
564.25
773.86
650.66
292.39
318.87
330.37
651
222.21
364.97
368.89
316.82
344.39
222.3
397.98
754.94
419.97
414.11
315.87
414.94
477.87
287.64
279.9
277.47
309.84
431.29
435
624.84
649.23
71.05
230.4
20.7
50.76
215.6
436.14
632.44
766.98
638.27
215.28
243.18
74.39
552.15
712.43
360.26
694.05
56.16
248.1
571.04
688.16
187.63
169.92
247.93
544.39
679.3
606.02
309.41
701.63
533.65
599.62
425.4
82.03
169.3
617.65
505.98
693.11
570
772.95
91.25
184.33
487.63
536.87
11.63
448.62
443.87
304.72
784.98
770.25
220.88
130.75
764.2
397.67
448.4
170.48
296.69
252.75
172.3
346.98
256.52
312.25
213.41
97.2
606.65
477.9
2.57
425.5
79.25
78.96
334.49
798.99
630.72
330.65
105.9
429.51
411.23
156.79
175.94
341.36
4.32
565
467.81
615.9
342.68
418.84
277.31
678.1
742.67
382.4
26.72
173.4
200.93
654.44
94.33
32.94
399.17
383.05
793.87
30.76
778.96
387.46
159.66
392.47
511.63
611.59
551.83
82.14
775.32
749.25
407.51
166.85
590.34
427.06
155.09
145.77
663.27
18.41
42.37
307.97
607.86
364.44
257.05
289.75
151.19
338.42
395.81
24.34
327.76
170.16
602.83
271.45
428.31
520.68
427.23
347.75
522.83
55.46
267.71
61.83
753.85
640.09
229.76
619.59
108.22
128.62
15.66
132.67
531.53
29.86
236.64
140.68
463.29
727.72
522.32
160.14
231.12
761.79
85.59
797.03
639.08
621.04
678.19
171.45
286.85
666.9
104.72
57.94
710.26
90.23
543.74
728.35
644.79
381.87
44.24
517.22
570.02
491.18
569.47
143.6
456.57
476.53
330.63
553.91
327.02
22.21
258.87
567.6
18.43
104.39
510.18
193.51
131.82
107.01
764.74
569.27
661.56
646.16
313.8
301.97
265.32
329.44
747.68
297.49
648.74
717.26
544.24
673.15
723.5
103.94
552.09
465.72
438.56
270.8
127.52
365.15
55.18
148.66
449.46
234.86
460.68
449.82
186.61
479.03
25.49
774.79
277.04
793.22
457.09
685.11
23.65
454.53
605.02
767.17
281.87
537.11
714.82
92.86
614.01
682.3
394.51
449.08
97.36
254.5
350.11
358.85
34.82
768.89
372.3
447.22
617.84
70.47
556.05
525.38
211.71
114.98
592.03
750
448.82
185.27
37.78
580.76
484.54
664.71
283.47
347.47
358.45
585.44
99.91
196.49
686.29
207.33
469.42
793.44
713.95
222.64
478.44
152.11
358.97
660.62
390.45
352.39
716.02
107.87
11.77
401.53
742.52
657.7
294.02
714.01
212.76
105.56
118.8
462.15
787.07
763.88
411.4
554.73
419.14
149.13
396.49
247.46
570.75
410.92
210.79
5.88
473.56
108.86
698.51
498.8
425.04
343.3
100.96
229.49
48.52
239.28
166.55
158.05
693
756.56
586.31
596.68
772.19
586.54
791.02
22.91
156.44
344.06
503.6
412.73
381.56
330.91
630.55
710.49
335.09
216.47
167.91
367.11
563.16
713.38
549.44
784.45
480.89
206.05
13.68
419.41
329.51
320.7
312.89
634.2
628.62
282
790.31
59
363.44
57.43
130.21
627.62
644.02
764.13
445.27
211.44
712.39
718.68
224.54
604.48
424.29
114.84
122.89
249.61
685.03
317.25
153.03
654.35
677.79
769.56
623.71
483.18
676.62
764.56
644.39
111.26
68.06
467.84
333.1
195.27
508.33
522.77
579.82
395.8
791.04
336.68
555.88
648.07
529.37
448.31
84.34
536.28
31.81
369.33
344.72
145.51
95.34
114.43
32.23
150.1
376.87
696.88
7.68
95.81
777.19
613.22
713.53
343.73
759.02
1.16
582.04
795.13
392.54
723.68
335.43
668.16
487.63
377
56.59
325.58
347.58
295.04
381.73
727.1
89.66
269.17
248.35
779.23
567.35
577.69
134.34
566.76
560.06
726.56
776.6
69.78
131.8
327.74
524.33
602.56
117.55
563.79
420.23
350.23
75.06
577.71
174.02
512.93
688.49
712.4
443.07
719.23
538.45
297.14
296.61
341.02
367.14
450.37
467.78
85.77
200
82.56
791.63
366.01
17.76
582.71
677.12
281.29
105.59
432.42
366.72
208.85
682.53
153.21
710.26
458.42
372.93
688.21
738.55
183.31
313.7
442.68
569.21
324.28
415.86
744.53
472.79
215.58
630.92
427.87
660.17
476.04
67.3
94.83
747.22
767.01
628.34
370.92
343.52
514.08
432.21
302.01
68.03
228.13
550.13
607.22
586.25
126.21
264.31
330.37
402.02
152.1
320.45
768.91
469.62
151.73
555.96
366.65
585.15
280.44
315.01
538.6
455.04
625.31
5.28
289.23
250.88
587.33
794.61
303.19
112.57
482.89
446.09
159.02
214.39
303.26
326.11
654.37
256.16
409.74
664.06
34.86
504.51
638.22
379.95
437.12
701.52
778.75
408.47
245.47
650.68
525.73
33.67
799.98
663.61
589.61
712.68
637.5
265.8
4.18
25.65
263.15
352.87
385.89
358.51
791.24
596.42
774.43
564.91
415.25
680.38
298.58
142.39
681.16
625.65
475.18
11.96
765.73
683.17
597
352.17
795.94
230.3
682.7
329.67
561.36
494.11
4.52
627.01
441.4
355.97
774.87
201.23
796.26
76.56
628.03
548.04
262.37
299.2
330.81
266.72
160.3
462.05
775.14
326.79
83.07
115.12
188.2
183.7
114.41
778.69
665.92
586.3
442.16
173.11
127.08
740.81
790.76
236.74
208.06
29.63
126.59
166.94
298.82
740.49
711.92
318.21
567.7
705.45
534.9
249.31
649.19
365.94
566.59
798.84
295.34
546.36
342.1
399.69
77.99
493.61
164.56
596.58
113.29
591.71
480.19
349.24
195.59
213.27
56.91
156.27
7.23
526.08
279.31
304.1
368.72
386.53
600.7
795.29
515.5
351.79
109.01
527.7
779.42
384.31
498.19
276.98
141.69
713.63
188.06
281.12
494.02
202.96
781.54
21.35
687.71
644.19
689.35
246.89
195.91
308.76
174.44
415.12
597.37
323.91
235.26
473.48
284.94
738.85
640.24
393.72
400.11
727.63
1.97
453.76
593.76
220.21
793.88
712.09
76.64
278.88
734.57
438.91
240.12
473.35
114.45
691.37
338.31
546.1
87.31
69.06
164.65
209.51
395.53
568.64
7.38
630.71
1.88
356.25
763.98
788.76
231.79
764.93
202.98
668.37
159.08
17.74
414.26
693.95
720.94
688.08
133.47
541.35
366.02
452.57
49.29
772.02
711.18
564.18
573.1
642.17
104.14
32.81
486.36
198.14
536.92
87.69
786.94
320.98
597.65
91.12
65.56
451.25
370.59
355.74
34.15
94.61
483.63
772.12
87.28
782.11
122.09
610.03
620.83
96.5
669.37
358.99
263.7
443.68
420.85
20.84
575.64
458.72
410.06
567.11
252.67
571.36
192.46
343.2
249.36
762.3
730.73
650.5
264.04
761.92
170.27
377.53
647.69
392.75
559.06
308.13
608.55
324.4
723.3
85.14
764.98
555.44
136.79
774.07
155.18
273.03
21.94
678.44
320.35
753.75
330.6
299.68
449.97
147.89
574.83
18.9
566.71
658.25
541.2
425.35
359.19
136.75
11.38
601.14
692.33
3.28
29.08
737.85
784.69
588.25
749.97
30.48
17.29
668.99
243.25
428.55
420.76
287.28
495.67
407.89
105.03
600.64
272.78
723.88
695.11
684.39
557.71
204.22
646.85
379.26
408.33
137.39
341.74
349.18
234.98
300.54
502.1
444.29
297.78
87.52
734.7
263.14
733.41
509.43
636.13
727.05
431.95
36.27
741.06
112.27
740.91
621.31
64.8
95.85
346.97
565.54
171.63
601.78
486.81
677.77
20.9
90.77
358.22
475.37
174.26
330.67
751.91
24.49
34.34
19.31
326.4
122.8
75.77
147.96
620.17
156.18
712.37
560.24
163.91
394.28
471.63
57.21
540.98
713.63
257.52
402.96
763.74
330.83
357.25
544.67
747.42
147.94
691.1
199.79
208.31
349.69
68.58
132.19
477.34
193.59
743.53
628.04
632.57
727.92
711.24
492.56
553.88
765.31
125.09
571.63
524.05
608.99
293.65
697.2
406.12
593.1
489.22
605.44
677.62
403.63
285.82
225.41
639.25
749.47
356.87
3.65
87.88
505.49
266.37
736.2
611.94
162.23
520.23
536.92
236.94
158.6
563.94
130.68
155.34
433.91
732.5
576.15
135.18
703.75
762.84
411.42
341.83
73.67
770.98
540.45
705.24
256.18
750.99
592.72
221.43
177.15
167.56
641.82
748.09
106.49
358.16
314.12
192.27
351.75
749.24
37.65
363.02
332.31
317.25
539.93
555.71
351.87
44.4
743.09
697.79
340.52
146.13
381.4
252.96
526.94
654.17
258.1
556.28
745.15
719.19
767.09
322.25
231.64
362.99
276.22
290.83
670.18
735.52
142.1
638.32
529.85
84.58
688.34
572.31
513.99
165.98
230.25
106.08
221.38
773.75
368.37
545.26
659.93
227.41
109.96
791.61
417.34
176.72
381.08
347.5
696.48
626.26
409.66
755.59
775.25
774.33
215.16
25.14
62.21
192.65
274.67
440.56
238.91
457.31
643.56
470.73
235.75
588.98
706.97
247.39
779.14
797.28
264.5
136.84
362.2
653.01
532.39
100.37
172.05
305.42
471.1
154.91
403.97
166.77
75
672.5
509.85
673.79
523.96
526.98
745.45
226.91
176
331.29
602.8
223.42
789.08
113.96
605.76
201.88
225.81
547.38
340.12
491.24
158.05
721
540.31
644.46
778.7
719.29
772.64
19.97
370.74
791.31
34.86
454.99
572.71
228.13
150.27
444.05
543.07
368.58
661.15
582.13
501.91
641.26
141.11
43.54
291.76
657.51
218.5
680.66
640.11
526.28
788.72
400.32
108.83
607.01
223.6
517.93
173.9
459.85
136.18
595.07
732.24
779.13
671.08
227.71
153.24
153.61
102
363.25
355.81
717.26
675.29
24.4
506.14
117.83
473.02
52.1
292.27
3.83
132.45
617.15
572.02
179.09
289.32
466.6
604.86
462.6
629.72
604.67
672.76
647.25
125.87
207.03
112.98
338.36
118.72
750.36
17.26
456.47
790.93
492.44
147.21
41.33
283.53
746.69
617.01
662.1
415.79
92.11
344.92
164.23
352.45
176.44
567.56
615.15
183.85
126.67
724.84
692.12
89.61
404.87
398.15
587.18
170.13
771.12
109.91
371.33
418.61
31.68
244.89
282.83
415.49
26.29
706.65
729.42
255.25
62.11
220.79
626.97
366.67
181.67
571.19
593.07
23.24
513.49
107.01
138.09
368.98
743.98
4.99
792.83
190.85
662.58
610.67
255.48
572.94
749.3
252.99
609.1
281.6
259.49
147.51
149
681.16
132.27
87.24
763.14
680.26
426.73
69.31
339.02
788.32
403.58
537.2
91.21
491.88
503.5
792.83
477.12
687.47
677.56
616.69
302.75
325.12
296.78
655.07
718.8
185.01
149.45
724.11
637.88
586.55
595.33
611.72
82.28
521.65
34.03
210.6
516.34
362.51
580.28
234.38
512.43
628.18
505.11
227.55
67.61
53.38
703.8
157.72
710.56
254.27
13.28
744.85
702.14
461.03
735.36
458.36
457.49
226.65
201.68
235.58
413.68
41.87
389.27
408.5
2.88
83.44
89.58
554.81
640.57
168.32
521.87
678.34
472.08
532.96
572.96
511.2
129.04
415.3
408.85
624.09
669.72
657.01
647.36
344.73
711.51
706.51
145.97
397.04
467.35
728.54
303.59
241.41
280.62
273.08
325.75
182.03
597.18
610.28
550.28
727.11
174.87
313.56
304.78
324.08
710.95
127.91
240.75
752.12
451.23
519.9
724.74
530.06
288.99
598.29
367.42
113.25
765.48
270.46
27.03
184.32
319.87
520.41
426.91
497.85
221.12
147.6
19.76
171.09
111.56
404.43
130.8
681.53
400.57
261.42
216.56
155.32
311.4
149.17
305.02
343.34
712.85
531.63
237.26
609.72
200.71
653.29
514.52
274.45
324.14
219.01
724.37
674.6
464.45
648.23
476.57
738.12
736.05
289.33
454.33
744.21
267.36
148.06
625.57
414.23
140.75
524.25
518.74
287.78
732.44
383.23
577.72
754.75
9.49
774.05
373.03
230.75
432.71
752.04
291.18
150.83
527.66
799.28
472.17
93.08
630.83
217.73
738.4
366.23
774.86
259.59
613.09
360.47
347.8
535.81
332.28
275.06
214.4
273.14
30.77
117.73
261.91
179.45
695.48
717.2
308.17
623.2
73.92
703.08
326.84
232.25
618.32
680.39
603.5
117.13
731.67
74.29
76.71
560.78
500.41
519.08
407.93
34.76
110.05
675.02
469.36
114.68
604.47
486.42
156.23
314.56
479.8
524.95
252.32
46.75
404.22
336.03
535.05
301.13
748.82
522.33
616.4
708.2
260.37
85.42
197.89
465.13
92.52
758.92
348.23
680.18
740.63
235.52
464.86
121.6
143.81
222.31
648.19
64.17
555.73
541.07
59.8
527.25
544.72
627.33
227.77
84.51
594.18
147.51
320.96
131.67
596.63
53.15
287.73
108.71
546.05
534.82
267.4
596.09
226.73
163.39
589.79
703.69
340.99
499.61
634.06
526.98
35.89
752.77
694.14
391.33
481.24
642.08
195.89
726.62
378.86
789.34
91.59
685.81
36.3
41.59
86.98
22.9
432.79
235.98
578.62
788
562.86
439.21
124.17
458.78
614.46
120.06
49.13
15.17
450.86
370.99
683.25
219.49
78.76
769.31
553.34
78.92
93.1
157.97
499.79
701.23
718.82
774.12
562.12
323.69
688.65
28.39
275.25
786.24
335.47
44.03
482.06
546.32
15.45
293.18
794.97
658.24
185.34
461.55
271.13
324.12
501.8
575.63
8.72
216.78
798.4
265.34
147.85
407.72
267.23
109.45
139.49
506.21
394.72
36.41
209.95
5.09
709.25
224.96
132.77
554.37
784.62
578.58
18.14
108.92
598.22
106.89
178.11
691.85
215.15
114.32
219.66
719.52
469.32
65.68
519.8
573.31
625.68
581.58
416.97
445.83
296.26
387.25
194.28
199.5
634.1
345.51
556.34
186.37
16.21
149.84
597.2
14.7
712.37
196.58
94.34
792.63
143.82
210.66
643.45
500.45
25.46
249.6
620.18
448.8
228.53
409.23
434.93
542.31
102.18
274.51
321.42
246.21
238.71
461.6
700.18
214.22
637.48
754.98
597.94
39.49
571.29
41.93
597.21
563.12
481.05
202.53
163.88
515.43
706.98
759.15
8.9
444.47
250.18
781.31
480.37
62.94
207.86
588.33
698.22
739.59
240.97
420.09
253.65
672.14
696.88
398.49
98.59
505.6
534.13
77.95
790.61
9.33
281.43
247.21
585.39
776.49
411.24
103.76
631.91
788.33
772.48
498.95
645.8
362.54
647.01
277.45
104.78
279.85
254.19
136.22
450.96
464.12
715.76
661.21
626.78
480.84
234.14
270.46
459.23
87.5
750.57
264.16
75.46
426.2
283.26
65.58
89.92
619.92
73.51
681.45
512.68
426.78
471.51
611.66
472.1
457.8
102.77
223.33
788.38
546.17
602.47
518.9
243.96
217.81
674.04
169.6
541.37
371.23
31.94
125.68
432.68
390.4
609.94
634.9
262.15
591.56
300.07
710.46
683.9
787.24
680.7
223.12
217.76
576.93
380.26
606.04
3.99
507.05
570.93
355.84
691.17
141.52
272.61
778.08
62.87
726.23
606.04
632.28
56.14
435.84
543.37
741.63
324.09
381.39
425.22
593.62
139.98
265.05
195.22
720.26
676.71
759.51
464.64
725.45
307.94
765.02
485.07
121.43
542.11
735.31
602.94
88.91
373.54
9.09
686.68
413.55
773.37
758.86
657.01
307.32
718.64
346.77
227.43
36.23
185.62
279.59
659.04
243.68
300.72
236.02
295.92
217.63
502.07
739.01
677.3
479.69
315.47
796.95
728.14
326.81
601.1
425.17
59.79
589.82
64.17
187.48
552.66
32.24
272.39
520.06
386.82
481.3
695.99
674.58
788.61
632.52
237.27
121.85
93.08
447.67
467.39
528.31
372.65
98.32
9.68
393.7
764.27
285.97
109.91
92.56
599.92
386.12
194.45
172.33
287.97
155.98
793.86
577.45
366.92
438.95
217.16
632.94
555.57
571.85
395.14
629.52
660.54
702.91
592.98
776.2
9.31
495
657.98
473.06
319.55
477.07
55.6
269.64
247.53
718.21
640.42
621.9
762.45
769.61
225.24
465.38
72.17
16.99
75.12
629.93
699.66
590.05
383.13
448.25
413.83
519.94
391.17
92.87
403.11
616.21
150.93
166.61
717.86
84.35
613.03
257.58
234.73
226.46
559.39
47.16
164.27
102
496.47
33.3
285.11
390.79
759.45
430.19
410.36
440.85
238.1
42.01
734.6
310.47
216.4
352.99
2.72
628.77
409.54
229.28
18.06
745.95
144.37
268.87
305.72
418.17
131.08
421.07
278.8
179.62
603.15
355.22
409.73
566.89
273.51
675.21
72.02
798.24
373.46
489.45
559.84
15.3
418.88
532.18
168
524.11
750.05
140.22
322.24
9.58
606.61
291.38
321
772.38
482.22
661.67
647.82
317.99
333.7
646.38
515.08
570.18
163.71
41.5
532.47
501.04
696.97
191.56
570.99
400.72
646.45
287.79
232.32
25.53
187.72
193.51
620.68
304.99
1.66
77.53
325.86
773.98
250.01
582.26
530.31
3.93
739.05
154.84
103.15
122.22
97.51
503.08
565.7
548.77
206.44
352.54
394.38
216.86
139.46
663.51
40.68
342.82
145.38
311.65
720.51
262.14
226.65
478.28
242.08
297.16
436.82
420.27
600.3
699.44
769.61
268.22
575.07
664.42
417.76
620.16
34.52
639.47
419.85
260.92
129.81
43.11
537.57
534.77
765.16
744.64
217.41
145.17
475.94
746.49
661.06
413.37
441.26
547.92
448.7
312
8.23
193.42
42.98
559.63
449.85
55.19
708.38
647.62
695.25
45.58
549.64
561.04
11.87
368.61
57.2
159.38
356.3
575.54
570.32
76.54
409
218.37
671.46
587.84
305.86
492.56
457.94
255.15
31.52
490.32
635.73
379.15
351.87
677.39
311.13
433.9
602.99
546.98
797.45
134.1
670.44
55.69
691.87
600.53
415.66
2.31
390.7
36.94
556.68
264.59
719.94
554.06
621.07
781.02
406.13
239.42
527.61
750.56
750.34
538.99
596.85
97.55
276.26
598.94
229.91
701.71
102.3
580.14
336.87
266.91
336.77
371.14
746.46
603.68
482.57
0.42
160
220.32
119.64
728.97
361.67
15.86
276.58
64.45
597.04
769.39
513.17
75.93
178.53
593.93
735.98
513.38
23.99
560.69
9.44
281.46
581.86
781.51
115.14
194.65
360.89
575.2
234.51
548.91
84.12
587.92
707.35
300.2
676.88
309.89
20.04
341.04
186.6
175.83
470.8
90.93
744.3
366.89
149.54
750.7
255.31
760.29
396.78
73.12
621.19
139.18
162.12
701.82
255.59
188.43
170.68
767.39
196.39
492.34
711.96
702.68
67.26
57.65
764.82
585.82
218.02
364.49
4.12
565.71
595.76
777.3
587.89
799.26
676.57
453.51
631.66
394.87
688.65
327.56
373.08
44.86
638.73
763.28
239.43
714.4
248.12
245.73
103.25
431.83
438.47
56.33
9 /

COPY
	PERMX PERMY  /
	PERMX PERMZ  /
/
MULTIPLY
	PERMZ 0.01 /
/
