---------------------------------
-- Permability values for SPE9 --
---------------------------------

-- Permeability distribution visualized in figure 5 in Killough's paper
-- Killough says 'The input data included in the distribution to
-- the participants included a geostatistically generated 
-- permeability field'

-- The values below are taken from Killough's dataset, they are
-- not based on the figure in the paper.

-- Explanation to how the data in PERMX is organized:
-- Under each LAYER (i.e. K-value), 
-- there are 25 ROWS (i.e J-values) under which there are
-- 24 entries (i.e. I-values) 

PERMX
782.1
320.63
500.36
461.24
610.2
410.27
147.64
183.81
436.19
322.5
337.71
584.33
267.29
722.89
506.7
593.79
666.13
122.31
126.96
221.74
688.04
596.27
438.33
131.5
769.52
781.92
172.83
290.78
256.36
648.16
725.26
641.52
597.12
705.99
737.46
198.19
740.05
290.34
179.26
695.31
763.89
94.02
735.48
643.76
400.58
24.53
196.5
265.15
754.28
587.01
752.23
503.38
170.25
618.98
2.98
342.28
145.36
497.12
40.58
145.51
538.55
785.64
36.12
656.2
613.34
555.64
514.87
65.39
241.79
163.49
164.54
238.55
268.91
522.77
196.71
524.66
741.51
383
327.38
265.27
747.33
395.99
560.11
376.14
317.04
545.49
556.19
349.96
126.81
665.64
96.53
265.49
567.33
799.97
351.33
653.68
446.19
627.44
135.62
384.65
777.72
724.51
514.61
50.39
151.69
259.3
128.22
81.17
475.54
483.44
149.12
171.36
258.08
101.81
370.96
130.07
101.59
10.54
549.2
696.34
316.67
720.72
781.29
233.55
293.68
637.74
680.46
307.56
708.74
542.68
571.37
428.53
535.09
339.11
223.84
627.95
795.78
318.63
210.62
86.23
562.39
363.09
558.07
749.47
425.59
780.98
242.32
269.4
536.1
355.89
415.74
397.5
193.25
237.82
291.86
400.71
571.8
216.39
389.32
86.76
428.88
67.7
475.22
401.4
770.16
435.72
586.11
299.87
608.74
24
712.34
175.28
470.38
199.22
654.45
67.25
189.94
591.73
103.74
357.62
367.59
598.69
81.63
445.81
427.51
242
550.35
62.21
795.11
673
102.98
707.09
55.94
356.47
16.75
612.5
238.05
578.36
182.29
564.44
528.22
586.47
85.46
42.64
502.71
758.25
376.82
550.65
402.02
663.03
329.55
758.7
149.96
194.39
190.46
520.99
103.66
400.57
405.03
203.99
18.19
799.82
732.33
481.81
213.12
27.09
189.55
533.5
444.14
352.93
360.86
440.37
151.64
785.61
170.09
133.88
285.68
228.13
401.47
565.42
429.07
662.06
425.22
686.7
367.28
330.1
227.44
664.66
523.74
398.71
207.16
575.58
121.92
520.35
316.19
612.45
503.48
412.92
496.23
548.8
727.71
118.96
606.15
750.15
97.15
174.58
431.52
727.54
377.29
155.71
245.73
660.37
580.58
60.24
63.51
341.83
462.92
251.83
270.25
647.69
366.55
749.74
584.15
464.15
548.67
793.23
339.36
555.2
409.46
81.63
275.04
506.96
284.45
4.74
330.58
644.19
671.84
583.57
395.35
232.33
576.99
466.14
397.64
349.22
795.48
53.48
299.99
27.28
722.12
20.78
565.19
785.32
282.13
391.2
189.32
588.25
703
308.19
289.26
776.26
487.45
378.42
413.05
48.24
249.23
794.17
184.27
446.08
359.29
711.34
458.23
448.97
269.51
345.15
648.7
775.32
478.35
395.41
133.2
704.41
14.36
155.25
634.24
632.89
598.17
791.7
734.27
425.39
623.79
220.46
512.67
288.86
47.68
624.27
753.13
409.51
483.62
212.02
316.08
753.15
657.97
731.33
649.52
532.31
516.34
328.01
361.15
115.04
66.25
83.7
783.25
367.46
188.25
439.23
504.64
574.21
147.01
778.82
422.21
314.04
781.23
112.25
744.81
505.78
509.17
463.14
480.79
586.74
125.48
174.5
80.79
543.43
353.35
153.66
372.25
343.77
214.5
430.03
589.91
416.81
327.53
223.74
322.26
467.36
395.46
697.09
387.28
477.2
275.06
636.47
149.9
537.9
51.07
265.76
608.83
512.6
674.89
157.59
418.63
285.45
60.97
284.25
647.98
380.42
317.03
160.48
545.51
596.65
219.2
427.35
103.71
517.99
735.31
695.26
308.54
343.81
675.13
254.12
335.61
166.15
791.73
529.61
461.22
593.84
359.59
283.39
519.6
283.54
176.62
202.84
93.93
700.43
11.56
666.75
596.26
568.23
572.21
790.76
711.43
152.98
359.53
45.01
764.39
547.41
150.04
519.11
7
69.47
537.93
74.23
203.92
791.53
668.29
767.88
56.16
725.57
740.39
12.64
574.12
704.92
0.92
31.22
414.08
771.96
630.56
439.12
648.78
227.88
368.42
31.15
226.92
564.22
210.46
27.6
473.78
451.53
385.85
130.09
367.5
272.77
220.82
229.87
712.08
679.9
351.29
146.58
534.48
369.58
269.65
761.58
450.78
454.21
763.84
549.08
124.32
66.89
197.88
295.36
733.95
34.89
662.99
341.56
678.26
583.01
488.89
256.04
672.9
178.23
86.72
410.4
216.58
742.38
301.02
193.18
177.27
400.41
480.55
613.03
778.39
529.82
521.91
788.04
582.82
696.33
720.21
348.78
100.48
417.66
153.28
759.21
285.25
476.68
270.11
780.52
270.6
455.24
171.79
729.95
461.87
627.43
318.25
345.7
790.22
223.93
426.49
329.8
105.3
310.31
308.26
741.95
652.94
67.84
298.7
433.06
371
727.87
626.77
189.61
290.69
293.48
87.25
350.8
279.27
375.65
104.53
694.38
654.61
256.43
239.11
599.8
694.33
100.01
650.16
65.95
491.78
410.64
407.75
788.41
243.12
100.64
647.41
68.37
351.64
446.32
788.36
15.43
349.12
341.59
26.91
494.69
733.85
522.93
488.25
234.49
479.37
352.63
367.29
85.38
488.85
151.98
714.18
489.73
490.63
691.91
4.18
331.72
773.69
619.6
638.57
188.69
777.3
44.55
133.39
139.32
658.07
519.07
344.72
0.94
423.62
483.92
514.52
292.34
338.06
79.16
452.78
661.78
649.01
420.84
385.8
257.28
519.09
757.83
778.43
524.38
353.9
596.26
553.44
686.29
671.2
144.68
126.72
299.58
796.22
695.8
491
520.1
544.46
449.64
501.48
156.95
241.25
449.19
296.78
221.98
42.45
424.28
245.77
445.83
788.39
458.44
630.79
172.33
414.83
356.35
295.36
431
279.85
39.65
706.22
701.16
795.93
545.14
712.23
629.83
481.81
785.42
418.95
690.1
271.1
334.62
232.75
386.95
97.06
460.1
786.39
227.56
495.62
718.34
696.11
745.11
735.15
798.96
686.09
595.45
100.46
796.03
675.98
658.36
37.65
106.23
622.47
187.87
16.14
386.61
223.37
46.39
3.83
177.78
55.9
337.31
562.58
324.57
389.45
265.21
82.28
274.41
382.73
484.39
79.04
797.1
567.58
731.96
766.82
415.3
403.05
183.47
343.53
440.78
322.43
259.65
377.9
681.87
792.42
753.18
135.43
418.86
279.14
364.78
477.76
637.29
738.37
696.22
183.16
460.78
426.06
487.37
728.6
243.77
185.32
368.88
561.01
486.47
429.77
154.65
527.74
559.66
748.25
693.68
535.96
415.57
614.13
39.88
566.92
638.33
363.01
466.2
751.37
430.52
780.5
438.4
265.57
79.13
501.57
255.59
565.72
260.54
494.03
427.89
493.32
443.71
439.71
622.17
716.43
728.48
131.16
356.74
271.82
108.27
458.99
241.56
295.46
539.89
350.53
418.59
97.34
452.27
522.15
559.63
764.34
57.99
765.84
796.56
469.42
131.95
287.61
685.52
715.69
230.51
382.92
615.04
19.72
771.58
202.9
746
43.68
122.17
413.41
335.84
296.76
564.1
557.19
615.73
568.38
49.1
360.69
315.34
174.32
133.05
646.49
86.37
700.6
50.95
267.16
559.62
392.31
282.45
23.51
495.2
412.24
48.96
652.51
201.62
435.18
127.04
43.13
151.67
340.27
410.41
446.89
555.14
772.99
645.42
489.89
570.57
447.18
615.98
795.39
113.34
685.24
226.71
21.23
590.23
626.44
531.99
302.33
598.29
160.97
188.58
148.52
224.88
662.39
233.86
648.04
762.4
753.94
424.78
298.34
480.47
14.91
770.98
107.25
372.07
75.47
486.85
489.9
250.25
349.62
168.11
385.74
227.75
313.68
442.79
175.54
224.14
241.71
523.96
367.36
456.23
248.37
762.38
246.48
794.21
697.5
583.39
739.57
672.11
621.76
83.7
747.9
581.54
210.54
431.84
597.92
556.54
494.5
479.13
208.58
311.58
66
755.33
530.59
157.84
756.47
649.46
687.1
247.28
62.51
98.28
246.35
244.16
63.5
211.68
127.68
83.03
484.73
376.21
700.77
380.69
520.66
689.3
30.89
738.67
664.3
70.45
351.72
649.14
509.17
689.8
419.36
413.94
548.27
287.01
314.56
683.15
203.09
50.11
508.67
67.67
227.26
475.86
410.95
396.69
496.7
479.32
305.81
573.97
10.79
509.44
111.07
235.22
312.76
760.54
427.51
598.44
708.9
753.76
443.65
647.67
414.43
145.54
543.27
713.12
78.71
421.61
679.38
155.15
101.33
422.5
621.69
222.85
491.33
113.93
585.66
479.89
165.58
237.82
608.53
776.53
47.51
563.49
505.19
187.18
785.93
580.5
478.82
295.53
395.26
193.44
105.25
111.25
42.91
323.76
114.15
704.4
665.58
153.58
553.62
545.07
403.07
654.71
50.99
597.5
142.82
85.36
86.7
211.29
125.96
671.14
89.04
86.94
404.6
596.89
507.67
554.01
509.36
163.11
233.06
81.26
185.5
773.39
625.64
92.18
574.01
296.91
127.45
128.47
599.62
723.81
516.44
198.12
701.85
755.5
313.77
692.5
752.16
642.66
461.96
150.4
559
478.21
122.33
718.06
141.64
561.49
532.85
307.7
31.67
625.59
740.3
786.82
515.29
555.25
676.03
387.02
667.56
476.23
512.98
81.54
23.93
516.57
327.38
726.83
147.92
208.66
751.22
222.64
318.81
402.24
605.37
243.67
324.42
249.93
245.71
534.04
185.11
14.19
784.24
268.06
531.2
569.97
526.54
374.17
17.4
42.43
719.98
276.32
333.83
464.27
47.12
297.47
791.4
395.29
516.01
11.98
264.87
172.09
261.25
622.15
276.9
388.82
59.86
85.49
255.18
50.78
78.58
681.83
184.95
141.08
567.1
37.5
259.84
590.9
259.36
598.64
261.19
217.43
325.1
383.14
215.6
578.38
102.08
588.47
720.14
488.31
706.45
295.79
176.66
457.01
286.29
636.05
744.45
288.26
391.14
586.97
502.61
28.33
405.3
83.02
154.94
528.94
159.05
345.27
189.47
603.15
711.73
176.31
7.02
610.43
251
153.31
640.52
150.32
116.87
200.41
296.78
281.48
120.6
205.29
69.94
147.13
506.27
56.15
242.97
777.12
688.9
623.43
400.3
589.15
144.11
313.53
460.58
482.94
352.18
492.39
346.31
318.86
345.35
732.11
551.16
761.04
168.92
117.16
29.02
108.86
767.91
62.78
335.14
650.83
313.05
686.09
739.41
155.75
424.74
2.56
13.47
84.75
404.11
416.73
95.93
409.16
478.34
488.66
621.72
0.12
148.46
501.73
234.4
586.47
760.43
186.01
375.77
39.69
422.57
164.58
468.31
773.11
479.92
222.84
630.39
312.72
134.38
576.19
706.97
507.4
230.58
590.5
773.52
13.16
638.69
68.53
44.41
462.7
679.11
517.39
426.99
340.21
419.81
389.22
759.18
2.23
610.49
626.66
784.45
153.85
716.48
666.86
521.89
266.7
402.95
245.55
151.9
295.68
708.5
188.77
426.76
132.52
758.04
689.58
22.8
513.68
107.9
793.38
482.1
318.32
247.06
736.1
569.71
54.79
216.6
506.77
712.79
624.07
503.29
321.3
263.45
277.66
572.89
628.26
716.65
321.68
669.5
507.03
424.39
84.41
60.73
643.48
89.62
757.39
64.21
272.07
88.89
329.14
495.53
536.18
275.25
71.13
283.82
111.52
626.27
313.44
373.72
769.09
772.77
68.37
647.09
725.75
190.15
399.52
252.5
160.02
31.22
233.33
83.26
779.39
514.56
731.43
658.22
106.68
56.3
667.28
36.63
30.57
412.86
116.15
704.71
424.02
718
270.52
358.02
205.23
531.94
509.68
101.84
639.88
244.16
709.72
118.42
431.51
771.25
219.64
345.59
636.19
299.92
437.07
145.66
303.61
32.05
261.97
267.74
517.08
486
726.8
714.9
500.94
450.01
66.77
702.22
732.99
724.28
639.95
364.07
462.13
44.54
104.52
217.73
791.99
446.74
277.48
116.7
687.77
620.04
553.47
796.87
237.95
146.82
454.43
202.04
284.81
286.17
483.42
79.15
541.31
704.16
424.18
613.48
676.25
733.79
543.58
131.08
526.41
24.99
336.62
86.73
484.56
253.84
38.48
478.19
589.76
145.81
491.74
29.02
295.95
572.09
409.65
472.24
250.59
306.52
191.3
733.33
736.78
268.27
342.75
233.58
278.39
407.64
693.5
4.59
431.64
557.7
566.18
655.55
332.41
667.68
104.93
243.1
464.67
625.28
518.14
234.89
766.97
781.46
208.31
36.43
720.12
17.4
6.89
399.26
375.97
441.19
380.1
664.92
746.07
745.07
128.36
287.37
229.55
645.6
93.27
116.41
220.87
104.88
753.44
342.03
354.72
41.19
227.9
541.35
196.11
137.75
384.7
710.5
634.81
100.58
2.45
523.95
475.68
204.74
658.02
742.49
569.53
116.76
689.17
384.93
224.73
593.76
70.97
536.73
635.27
297.7
21.54
192.52
428.73
333.49
776.12
420.74
334.79
522.49
786.42
655.9
445.32
777.21
308.71
199.98
37.49
242.72
488.26
160.27
83.21
66.83
469.38
160.9
87.33
88.37
789.65
311.07
577.32
643.57
125.31
780.38
444.4
27.33
34.11
366.84
774.48
534.38
768.38
395.52
50.56
662.96
792.79
210.88
580.78
487.34
133.32
579.59
427.62
714.57
711.98
702.45
447.51
369.91
767.73
457.61
444.34
299.19
789.94
34.28
70.23
336.63
280.04
126.76
612.7
397.28
5.77
728.3
435.21
360.44
412.9
27.58
631.63
582.87
90.67
411.43
144.97
763.68
613.44
491.29
597.82
627.42
438.35
428.83
420
277.86
512.04
745.55
408.36
655.96
273.82
143.65
257.31
409.33
345.6
131.58
319.24
546.68
237.51
446.72
182.24
65.92
183.87
208.05
746.81
602.72
161.39
95.11
537.53
283.37
488.05
745.99
548.14
13.5
137.09
648.12
474.82
299.69
787.37
208.07
552.13
345.74
29.78
460.43
357.68
737.5
302.39
486.53
534.84
685.78
367.69
417.64
713.46
354.11
234
440.23
564.25
445.64
9.72
553.68
156.38
238.9
393
29.35
767.87
478.98
231.14
45.93
523.82
645.54
786.15
209.9
160.42
114.1
62.31
753.68
270.53
260.69
344.13
363.51
163.53
671.29
113.68
169.46
7.25
714.03
304.5
487.51
120.1
350.84
541.53
370.4
766.26
575.79
787.63
724.19
256.89
364.43
149.44
46.57
757.56
794.35
738.73
728.4
88.97
349.82
27.59
277.72
569.42
710.88
665.7
61.09
730.72
426.7
589.47
265.32
515.62
198.88
9.01
743.53
704.25
327.48
244.88
47.85
0.72
461.01
451.88
509.9
72.59
39.58
198.24
747.39
594.17
449.16
681.12
618.65
793.53
600.29
539.94
328.44
476.38
503.61
581.88
71.45
56.83
513.78
159.96
414.05
332.04
476.76
760.7
24.63
624.96
17.41
459.65
295.38
480.49
45.48
659.32
115.66
358.23
530.11
219.87
152.34
302.28
43.31
371.14
217.05
47.3
254.54
464.12
503.83
410.26
721.66
380.15
326.86
555.77
729.46
262.46
333.65
13.28
500.94
397.77
525.18
727.3
345.82
720.47
529.71
452.9
260.74
173.5
322.13
726.25
771.08
429.2
212.35
560.88
375.22
560.64
372.03
37.2
460.3
687.05
508.48
579.46
721.59
776.72
204.15
328.33
275.9
404.32
437.81
316.82
765.61
792.56
344.73
202.03
470.32
178.98
689.22
360.91
768.39
311.55
192.15
380.62
101.47
263.05
422.5
675.45
687.99
755.74
27.16
309.02
306.14
265.74
760.08
310.06
103.23
57.32
262.91
529.36
473.95
93
31.95
463.18
676.01
686.07
579.25
473.87
34.11
579.31
128.53
390.79
191.18
770.84
432.66
714.12
720.71
401.06
131.87
15.03
675.74
636.09
391.94
296.02
439.46
266.43
247.73
176.65
515.34
219.23
276.37
248.37
594.74
1.09
327.19
247.43
368.42
695.11
722.95
435.28
547.3
785.3
479.25
715.92
286.42
276.08
460.24
192
340.84
760.61
663.13
478.64
346.77
395.92
543.95
561.41
636.16
784.08
297.41
453.06
528.59
132.6
721.66
660.06
672.56
528.84
493.12
423.47
685.21
789.18
327.99
23.08
753.67
319.35
471.65
746.99
669
160.53
365.47
410.43
557.71
240.16
413.59
638.44
358.54
559.31
358.46
136.88
237.45
375.66
371.97
131.84
318.92
486.88
387.67
702.66
372.89
279.94
207.78
740.89
773.68
796.53
0.21
60.48
157.16
644.24
765.29
380.54
227.57
786.01
2.99
60.57
599.88
620.63
645.54
294.17
229.45
358.75
179.85
18.65
709.78
133.5
477.2
563.15
702.86
314.65
281.15
370.04
266.15
780.63
697.28
744.39
344.15
442.3
467.3
425.01
546.34
546.63
138.11
635.16
618.26
663.73
434.69
131.93
143.3
263.85
1.28
330.13
512.65
503.7
530.46
121.07
301.06
101.84
582.79
418.11
412.41
700.44
430.75
591.12
148.8
348.95
16.95
403.11
95.05
642.91
294.91
478.44
476.32
165.6
36.76
154.15
477.41
755.26
320.15
766.78
227.89
90.12
144.39
89.81
193.55
148.63
38.85
197.55
375.71
85.46
43.46
40.74
290.44
709.79
221.96
765.6
149.15
449.07
509.78
304.52
588.88
786.69
331.02
90.46
439.74
497.93
534.17
684.58
652.09
588.4
160.35
177.02
106.14
273.82
317.88
699.95
521.6
462.67
522.9
562.89
348.01
679.46
1.74
720.18
663.95
764.68
76.8
3.17
453.52
165.19
646.05
464.68
484.44
606.28
492.41
441.02
544.43
695.87
686.89
625.62
123.53
304.8
292.48
314.02
385.26
603.9
772.61
238.71
658.36
671.97
390.23
112.38
153.01
794.2
154.46
469.4
113.12
204.27
10.72
283.05
320.17
258.81
440.75
791.77
754.25
4.41
592.34
429.09
40.69
151.96
634.5
296.58
282.38
22.72
395.14
595
254.69
255.04
33.16
41.24
405.96
440.81
149.21
591.63
26.8
50.48
695.61
457.64
140.57
627.01
698.26
53.92
713.59
615.58
232.49
485.16
663.15
677.33
235.9
451.87
463.8
752.31
191.77
726.82
384.49
462.01
187.6
388.28
577.37
23.17
572.99
367.48
137.46
154.09
593.18
749.47
148.15
611.91
394.8
76.22
498.54
181.08
4.61
790.39
380.04
84.1
78.8
723.17
125.22
13.93
748.09
45.17
762.65
397.18
318.2
246.57
198.21
266.94
389.43
341.97
622.77
510.4
560.3
216.69
681.05
159.7
788.08
281.44
608.2
239.2
517.43
257.68
661.71
691.34
439.46
402.06
746.35
61.34
304.52
656.3
173.41
108.32
17.32
581.23
79.89
663.49
539.24
571.49
154.5
457.03
320.46
720.22
32.9
576.91
500.85
107.54
97.85
87.38
206.44
607.16
150.12
679.45
52.48
448.46
218.91
476.63
795.47
194.36
747.51
291.77
298.15
132.08
651.79
3.53
731.35
151.66
602.28
490.7
527.64
789.25
239.21
188.91
156.62
222.16
636.8
56.08
620.96
206.96
532.47
282.14
799.23
19.11
358.19
62.03
554.05
37.07
420.51
262.05
675.18
17.01
671.38
30.48
62.88
495.41
583.57
102.7
26.12
414.95
79
199.02
667.26
561.13
461.98
339.4
596.5
749.64
389.48
368.67
4.55
386.17
19.28
720.47
345.3
150.74
648.82
131.48
306.57
318.78
732.72
377.06
20.72
683.97
409.17
678.16
174.46
2.06
229.53
693.5
573.04
602.95
47.94
712.67
648.17
309.98
737.23
319.74
143.96
499.43
518.98
594.76
2.46
686.97
177.85
247.8
137.49
485.37
656.84
340.66
387.82
287.98
255.53
174.34
788.77
33.83
108.88
593.78
415.58
572.92
646.69
226.24
376.65
208.79
743.6
156.37
473.84
684.2
392.29
328.55
0.37
779.09
259.59
91.66
734.88
377.2
425.2
83.5
129.3
260.6
60.38
663.63
352.59
556.95
769.4
512.7
385.77
567.12
479.01
688.73
689.82
176.17
752.47
459.67
512.88
123.64
172.46
481.99
615.07
181.48
541.22
292.89
101.6
192.45
15.06
593.5
193.45
88.6
197.86
94.56
721.23
624.6
110.96
49.28
735.33
647.22
569.07
31.34
273.35
96.7
788.09
217.34
378.88
682.57
164.92
222.96
395.6
709.26
83.2
554.74
524.34
529.13
26.44
471.96
514.44
231.83
477.54
116.54
324.86
156.66
377.8
762.75
89.78
14.47
131.58
187.01
787.36
465.15
776.03
580.2
633.09
425.17
455.29
11.05
392.49
596.97
661.6
425.84
676.8
476.04
127.7
377.48
371.76
489.98
337.36
625.26
235.38
420.49
495.65
93.21
411.2
271.88
45.77
577.84
551.97
754.16
92.13
766.49
611.14
595.74
638.18
296.1
218.93
669.32
667.38
1.18
340.83
340.49
362.67
496.86
283.42
316.2
628.91
457.11
353.14
498.29
577.62
153.5
49.03
400.36
420.66
270.83
313.17
177.74
374.39
6.05
791.1
699.62
31.71
661.12
96.71
455.9
661.39
517.61
463.99
199.17
790.58
51.3
348.55
745.8
271.87
616.1
530.64
117.51
117.98
4.37
138.23
214.11
55.88
350.49
298.3
86.91
411.8
535.44
795.38
604.74
330.75
488.5
4.67
743.73
439.92
746.99
398.57
72.42
403.15
44.38
76.36
184.1
301.83
524.86
190.57
270.55
669.39
395.99
710.89
491.31
272.12
658.3
417.88
746.07
668.88
523.31
663.16
511.36
629.63
717.34
210.07
366.08
269.97
367.19
602.82
528.4
293.01
410.62
778.13
706.91
112.59
188.75
124.03
686.34
541.47
193.24
154.63
64.36
354.97
792.67
427.08
592.81
537.47
158.84
192.26
520.41
507.68
520.56
241.71
170.78
288.43
415.85
519.5
262.18
658.94
795.4
127.33
244.99
272.94
450.39
370.17
95.38
202.02
783.57
92.34
773.93
252.71
248.33
138.81
97.94
351.03
530.59
718.02
129.89
663.84
575.4
210.12
422.04
99.55
588.09
452.63
694.27
442.51
471.92
429.93
30.09
604.7
574.3
678.62
229.81
309.87
606.84
382.1
26.06
389.51
450.37
218.89
588.9
779.12
279.4
26.4
390.16
298.29
222.91
679.25
471.67
192.7
575.07
742.48
262.99
697.22
688.14
613.01
94.64
532.94
207.67
766.6
17.39
355.44
307.62
248.38
740.81
196.03
466.09
435.87
758.2
78.15
466.71
447.54
450.21
410.72
689.79
273.5
109.61
318.45
517.65
230.38
709.6
737.03
406.87
493.96
86.93
466.56
413.32
609.67
134.97
464.35
332.38
153.77
401.21
229.65
152.36
505.33
475.44
328.22
519.15
535.95
289.01
709.54
507.53
782.45
583.63
627.06
757.34
685.22
372.53
623.85
680.9
322.18
741.17
560.57
659.44
564.61
402.17
585.1
605.23
215.96
242.1
182.5
272.41
784.92
302.91
606.2
261.98
770.83
96.45
517.82
279.74
384.11
761.41
664.63
387.8
285.72
567.53
439.86
445.92
409.97
326.25
301.52
407.73
547.53
626.94
535.04
78.91
139.29
172.33
531.35
604.5
692.16
633.97
353.88
590.01
496.24
360.38
279.29
324.96
374.77
275.48
682.6
15.16
375.47
235.31
350.12
600.41
426.37
616.53
173.93
298.59
682.88
167.99
594.35
350.91
84.12
185.16
305.45
632.86
445.99
379.25
724.62
724.89
609.78
156.12
222.42
457.76
351.07
531.14
770.69
16.94
19.45
151.01
294.49
226.65
266.57
187.4
163.51
164.93
516.7
300.95
668.31
537.99
478.64
76.2
553.51
8.73
150.39
519.36
448.08
353.07
182.59
585.79
443.88
484.16
279.92
543.37
299.53
532.09
212.52
642.17
309.42
488.02
531.16
45.8
440.18
334.19
54.86
672.93
308.25
519.03
597.19
371.4
546.25
1.72
420.19
417.97
123.69
612.23
2.29
506.94
436.48
137.77
80.79
444.4
645.99
621.15
311.46
260.45
440.46
764.97
372.75
378.72
780.59
640.87
600.5
770.65
304.69
50.47
772.63
207.45
540.81
14.73
136.69
96.75
157.86
24.74
233.99
528.93
94.04
278.87
299.43
93.39
367.75
139.32
134.06
384.83
656.28
761.55
392.94
13.92
237.57
676.17
692.48
679.15
644.91
383.88
51.51
97.63
162.2
559.6
646.03
682.26
277.03
197.46
212.27
583.05
587.35
573.21
793.75
260.55
631.04
302.16
330.34
457.91
10.25
611.5
733.76
707.59
444.24
748.51
643.92
462.06
89.57
236.84
51.99
13.51
179.64
420.71
343.63
746.52
207.31
192.09
487.74
371.43
621.3
587.31
755.09
762.4
696.37
191.6
662.52
765.65
426.53
746.65
699.24
597.99
1.07
176.99
771.42
650.04
415.02
263.98
249.41
354.88
61.3
748.11
259.7
560.58
544.3
662.84
124.44
364.07
418.87
268.95
0.31
197.25
335.83
26.62
309.95
562.75
310.5
450.63
617.25
491.35
787.93
195.77
704.73
531.13
769.49
222.26
589.4
217.08
487.55
316.37
436.53
245.53
546.12
468.1
725.56
105.85
2.04
471.22
566.16
485.09
587.59
303.96
58.44
428.79
476.48
178.17
347.9
63.5
264.39
553.4
410.22
729.81
101.63
251.39
45.45
724.9
706.77
712.32
113.82
735.19
541.28
632.24
706.42
673.27
349.92
189.99
178.03
374.42
699.35
711.94
8.23
84.2
13.51
199.96
569.34
425.88
520.24
718.93
261.78
740.6
241.04
209.4
743.04
626.09
789.23
550.5
387.74
142.73
443.56
658.69
369.09
243.81
485.47
725.06
173.85
429.29
317.17
339.43
549.25
424.26
675.98
500.09
647.43
738.83
408.79
376.51
390.03
12.36
315.63
97.38
0.77
321.5
151.84
609.89
669.02
221.78
676.96
155.31
346.19
136.8
408.29
91.71
218.69
283.02
444.53
749.06
565.46
591.23
136.18
766.02
313.92
12.08
96.84
447.72
621.81
782.35
393.8
722.62
512.24
709.91
244.57
525.57
685.62
304.94
373.82
653.17
166.74
164.96
173.73
118
384.88
628.93
290.33
300.78
371.68
207.19
462.39
769.76
332.09
188.26
102.35
305.61
500.55
444.02
712.65
665.41
28.75
604.07
427.7
137.17
27.85
768.32
494.66
288.38
591.52
157.7
586.33
330.8
712.7
657.04
389.63
369.21
489.4
563.93
182.64
794.08
203.97
732.29
254.87
522.13
732.52
320.42
41.92
325.55
697.28
464.59
132.59
409.31
223.4
161.09
153.64
644.51
254.19
318.37
346.75
380.98
27.76
142.66
343.66
392.4
125.23
760.2
99.25
693.5
137.49
568.81
450.3
302.76
606.2
194.99
377.91
624.53
254.69
107.07
363.37
713.54
765.25
89.99
207.45
757.22
310.61
564.66
487.19
537.95
607.43
2.06
626.67
583.55
628.38
180.42
781.12
543.52
12.11
619.48
725.38
72.62
709.52
104.41
147.88
426.56
582.74
601.12
504.87
432.83
591.83
596.67
487.61
200.08
441.33
790.12
275.82
115.83
407.49
694.52
109.73
566.74
204.65
387.15
597.68
280.49
73.61
587.5
254.77
342.47
422.14
454.75
285.23
429.98
394.82
626.2
374.49
571.52
333.31
634.29
251.62
372.28
481.37
484.48
242.44
346.7
19.32
536.09
752.33
159.14
378.77
635.76
696.18
721.49
569.46
759.96
208.18
172.3
275.35
528.84
698.08
394.7
239.95
779.32
309.57
275.41
520.87
783.46
660.31
537.94
753.45
336.07
123.72
169.85
500.16
49.17
107.19
63.1
553.47
225.7
19.34
642.44
145.66
779.54
543.4
506.65
17.08
176.39
62.71
353.66
372.81
408.72
458.62
168.68
238.38
355.9
36.21
791.17
125.91
342.93
629.58
734.44
136.91
264.8
253.31
25.63
110.96
417.71
390.51
312.51
796.51
221.56
27.24
388.6
568.45
452.67
509.52
323.98
245.9
401.54
680.85
438.9
752.73
246.64
408.39
431.22
445
651.03
4.02
198.99
626.5
80.87
367.2
424.23
782.86
651.44
239.78
421.49
600.89
353.46
465.45
369.23
324.79
717.44
676.5
55.31
286.95
396.94
708.18
262.93
114.14
253.95
475.98
695.1
504.75
606.6
118.64
670.83
166.63
378.72
434.23
514.64
444.09
572.03
465.26
202.23
233.34
166.94
576.25
359.06
616.93
621.49
220.28
22.4
727.37
769.56
639.77
560.36
785.77
47.76
683.48
342.75
767.64
65.9
395.45
274.94
4.35
225.98
442.41
4.83
499.94
13.04
574.54
78.3
797.27
664.26
575.35
636.27
45.76
286.83
58.68
469.99
11.22
146.37
518.33
134.82
537.71
507.49
768.03
560.73
443.33
408.29
555.19
667.04
256.29
427.32
26.62
776.29
474.01
293.2
553.85
6.12
356.07
404.18
561.82
724.11
488.72
725.4
532.28
424.12
12.58
748.02
252.88
376.1
293.09
3.86
391.43
139.94
522.27
14.42
682.45
318.31
740.13
388.42
137.4
427.3
118.05
780.44
448.98
681.54
286.43
419.81
117.07
140.11
200.08
561.39
496.25
629.68
106.16
629.91
650.31
344.78
691.98
725.11
730.55
83.09
673.58
322.63
411.46
761.09
484.24
675.44
24.34
592.17
659.49
225.8
465.43
189.3
286.21
540.49
376.46
702.23
443.8
609.61
273.64
415.78
513.55
257.9
791
589.84
732.75
502.31
371.74
514.94
245.44
92.76
661.61
593.42
373.62
28.86
78.81
684.75
602.58
591.11
371.69
679.95
252.81
43.9
398.14
147.02
790.63
524.7
21.75
205.81
279.82
15.8
76.82
471.99
449.01
587.23
628.49
365.81
786.71
592.23
17.43
320.75
258.45
347.48
617.26
305.05
11.08
283.18
444.02
425.83
81.1
385.07
255.66
481.86
545.11
781.34
94.67
519.68
436.24
26.14
578.33
624.59
781.5
567.58
745.48
13.17
455.63
554.7
685.52
641.95
147.73
417.64
86.34
227.54
678.3
413.03
430.55
422.54
577.34
796.75
670.77
400.47
13.72
663.58
723.44
355
365.05
82
358.24
446.61
439.48
240.2
651.28
140.81
557.13
200.02
346.24
174.69
304.84
331.14
534.87
62.87
486.22
344.02
41.82
743.74
72.74
250.29
226.14
233.78
39.74
45.13
642.68
308.09
435.68
416.55
709.45
620.05
262.35
419.31
471.18
60.21
719.08
534.58
534.61
67.44
280.24
333.14
502.04
503.64
783.68
195.28
552.72
275.14
110.83
446.43
672.53
722.9
605.5
155.96
555.52
561.63
10.42
555.89
505.31
611.41
28.83
507.12
425.82
439.53
272.7
779.11
625.88
270.91
366.12
692.5
613.03
266.42
760.83
653.7
21.42
214.39
366.33
0.3
219.23
463.96
219.78
420.62
358.51
416.33
681.58
788.08
145.84
377.17
553.61
76.44
458.63
720.67
119.68
564.34
392.51
487.91
376.99
6.73
559.11
734.95
670.02
39.39
714.24
671.2
571.16
14.49
712.52
382.88
284.24
484.59
786.59
234.54
311.09
235.07
284.37
602.55
747.45
540.5
547.94
796.79
470.59
58.21
799.98
357.26
485.4
566.85
121.61
393.41
58.44
72.77
1.63
539.55
119.4
134.77
423.3
142.27
59.01
57.4
282.13
579.04
190.1
737.04
231.92
562.02
671.25
780.22
207.04
189.19
664.5
605.4
320.15
296.63
710.19
271.48
157.93
283.13
545.92
743.05
738.88
436.37
15.5
536.57
466.19
783.61
503.01
505.1
93.92
570.61
565.23
658.5
206.92
493.9
410
71.08
357.03
663.6
9.31
247.62
313.24
115.74
401.86
696.11
586.07
471
21.06
200.7
709.42
632.97
538.48
135.63
222.01
671.2
64.88
25.08
539.17
561.31
21.14
564.15
492.72
620.31
651.87
193.55
511.68
556.78
798.15
563.7
316.97
756.12
139.92
568.8
770.46
758.1
45.35
560.06
367.27
606.58
17.4
299.14
583.3
1.71
519.97
505.29
517.62
322.21
519
765.15
605.38
669.26
247.39
435.81
321.67
540.22
109.15
143.93
298.94
408.36
491.68
98.24
365.67
373.22
629.05
268.16
230.87
2.08
491.69
730.17
629.95
779.53
64.68
525.52
512.53
1.4
225.09
678.09
591.31
583.15
106.39
141.33
165.65
454.74
416.67
369.75
428.78
173.81
400.11
263.69
545.26
159.73
223.33
241.53
463.23
175.36
268.2
77.91
321.91
562.6
687.76
34.37
786.69
474.31
104.73
176.78
300.72
336.16
667.17
242.29
792.75
463.14
688.82
543.72
131.19
476.11
706.74
182.2
563.12
798.92
635.87
528.9
266.21
78.6
383.98
439.61
544.08
490.7
19.9
342.16
465.71
589.62
653.94
388.97
2.05
735.16
615.68
485.14
45.79
783.91
106.09
158.28
409.67
345.18
163.39
172.26
749.9
137.18
33.41
656.05
67.48
74.65
105.42
465.44
127.4
84.12
570.53
37.09
58.19
644.15
717.33
650.9
142.16
261.94
464.11
386.55
17.96
576.92
610.27
648.6
262.11
94.35
759.87
721.58
257.37
239.59
364.8
397.17
186.4
236.4
526.64
370
187.99
755.33
585.2
707.5
105.09
191.19
341.19
108.89
246.54
266.33
696.07
286.5
587.87
367.86
434.56
92.05
45.45
52.21
336.22
104.03
7.98
570.47
757.28
368.63
681.4
711.12
54.24
222.75
9.27
247.39
685.71
67.7
746.22
440.34
233.09
603.46
713.97
269.45
147.34
14.21
756.85
298.84
357.24
560.75
140.93
410.77
177.41
145.32
207.03
80.81
128
446.11
701.99
432.5
148.47
150.68
433.38
681.64
464.94
507.81
770.62
0.44
697.82
61.62
699.63
656.59
784.13
537.81
762.88
777.98
623.11
763.07
693.93
658.96
672.1
49.31
690.8
170.49
171.68
368.77
438.81
83.78
45.63
656.24
148.96
552.75
141.35
110.47
241.43
97.04
384.02
315.59
438.14
718.48
722.13
498.61
219.03
129.52
583.5
206.26
697.61
702.16
740.69
537.38
415.5
154.39
683.74
442.54
256.28
531.29
59.72
3.09
727.39
481.81
539.01
735.01
740.44
53.38
323.2
430.33
742.79
260.96
693.1
185.9
788.73
539.9
766.18
573.97
767.69
210.23
519.54
184.61
682.68
444.53
540.4
760.11
263.91
240.04
452.26
168.37
388.34
167.56
198.7
253.56
726.58
306.53
209.97
366.87
325.25
155.98
432.28
26.27
286.92
110.11
642.31
398.32
6.5
507.45
301.56
290.7
523.76
663.57
465.24
661.53
725.12
604.93
261.04
526.91
731.01
118.53
408.64
369.28
556.09
560.07
235.64
152.64
263.6
424.65
45.04
768.73
545.92
171.16
57.23
280.85
456.96
208.95
612.94
99.56
634.09
338.83
131.14
298.77
319.11
314.21
442.31
426.99
693.18
660.72
59.04
467.3
195.16
141.73
789.4
480.75
526.72
759.18
633.72
268.33
427.02
421.83
542.96
447.25
712.41
46.24
506.14
792.49
437.37
35.27
355.03
332.02
415.47
454.61
424.53
174.46
776.97
475.81
516.7
451.55
79.71
247.18
646.24
200.31
611.6
787.94
743.87
518.61
786.32
387.24
121.15
174.84
43.29
744.81
419.65
31.66
518.98
173.31
561.3
391.06
138.01
549.68
566.52
478.37
711.86
295.9
767.72
323.43
411.84
79.54
724.49
617.46
654.41
207.27
782.83
431.01
737.13
431.7
359.07
34
270.44
755.81
541.21
495.66
676.12
93.88
649.6
223.09
659.39
29.42
334.96
155.64
222.37
246.6
277.19
264.42
290.35
373.18
725.17
35.54
492.61
552.28
491.59
384.21
716.36
740.2
387.99
719.44
208.83
299.54
691.03
97.35
765.64
452.41
761.16
268.92
480.58
539.8
16.61
110.72
594.2
57.75
477.02
454.03
733.27
214.47
409.55
435.11
774.21
325.21
49.91
450.55
701.03
240.9
147.53
623.85
697.35
767.34
570.22
796.44
327.25
609.84
178.42
578.74
118.89
476.87
164.07
616.5
472.58
653.27
333.18
772.38
508.71
50
777.52
690.05
796.48
699.02
74.15
635.16
572.76
79.44
756.23
450.41
433.11
616.54
298.18
365.32
558.57
546.28
341.28
346.23
268.43
608.66
409.72
265.42
356.62
398.65
794.52
470.77
40.84
18.8
462.35
386.53
788.93
627.91
536.42
455.6
456.79
798.45
283.26
175.73
109.69
98.07
252.07
78.25
337.19
501.13
557.4
397.45
118.69
312.62
744.48
34.81
624.93
648.27
394.95
657.29
258.72
546.81
247.4
113.34
477.19
757.98
367.58
735.94
686.73
232.49
614.06
473.14
219.21
749.86
738.51
239.02
479.79
729.64
358.98
319.73
346.08
325.03
191.58
397.96
453.62
275.75
732.45
33.79
179.7
356.1
134.99
517.52
701.6
130.96
470.83
560.78
201.82
62.02
175.79
186.25
187.12
518.4
796.96
615.02
594.7
103.14
429.52
27.21
279.76
162.68
469.86
431.83
238.08
211.68
519.64
439.27
99.17
442.07
50.9
731.68
106.79
484.94
341.62
588.41
706.72
194.76
152.23
286.43
430.13
173.7
342.95
55.55
154.93
343.67
647.21
185.97
780.33
354.45
682.03
397.55
246.44
498.36
743.08
453.32
129.77
31.47
490.34
463.99
80.7
422.14
637.11
7.71
735.8
564.62
6.46
509.38
85.14
469.87
426.22
456.52
86.54
355.46
605.56
93.21
725.62
763.06
334.24
329.29
324.92
255.98
423.87
610.77
407.58
795.11
156.62
40.49
584.02
31.08
464.83
734.96
319.61
284.4
156.06
172.96
479.77
674.71
357.65
703.11
529.31
114.31
158.67
43.02
764.21
643.79
617.83
371.09
150.53
565.66
418.25
9.52
198.88
310.82
589.33
229.79
28.92
513.84
531.89
186.63
58.96
620.06
232.4
740.13
69.12
399.65
351.34
62.66
377.14
451.27
634.37
627.12
349.12
576.06
409.77
111.46
715.06
134.31
140.71
347.28
601.2
774.15
89.28
90.15
128.73
431.14
568.96
121.99
527.83
19.96
269.99
647.39
634.42
717.6
677.45
765.4
670.91
417.72
764.5
538.09
376.96
10.64
794.53
602.08
190.2
187.23
377.16
287.34
286.24
400.41
127.73
276.54
447.95
364.9
240.3
603.25
313.69
91.1
26.85
315.72
622.74
705.39
301.21
343.07
335.96
556.67
234.56
114.12
39.31
378.99
504.71
253.27
403.69
429.21
558.84
315.99
17.86
204.41
126.7
503.72
313.06
768.46
778.23
116.91
561.91
367.75
399.57
68.53
636.66
535.24
344.02
590.61
291.38
47.23
341.94
561.68
272.56
289.66
76.49
122.86
122.78
582.74
12.51
412.55
499.36
759.59
764.32
14.93
298.06
206.72
201.74
403.55
584.17
525.46
250.97
240.17
749.75
374.48
324.37
29.73
643.54
794.52
362.91
277.78
105.58
678.2
793.12
386.76
114.95
614.19
324.33
108.26
134.94
143.01
358.01
461.13
155.94
743.76
734.34
350.53
329.29
70.38
335.82
546.86
779.4
694.21
299.49
368.5
725.94
117.21
665.01
143.26
196.5
481.28
211.74
441.74
576.27
436.95
579.04
244.87
515.58
790.27
552.04
96.52
264.21
538.17
5.47
598.5
532.66
467.67
613.92
452.39
582.53
562.24
284.55
400.07
350.28
391.11
243.24
668.05
307.89
24.95
764.08
337.75
316.44
136.65
447.41
444.68
757.5
421.87
786.53
649.11
655.14
556.77
222.3
622.16
16.05
444.06
177.9
23.34
646.45
18.57
185.25
338.21
234.27
750.51
473.49
121.86
20.82
225.73
427.55
624.83
131.8
134.37
657.5
378.42
144.24
606.99
421.17
247.62
729.24
258.32
30.49
384.79
40.33
654.31
721.66
256.77
314.19
502.58
418.06
23.59
746.63
159.61
260.74
708.77
225.71
361.09
760.31
15.09
768.86
738.73
250.05
297.16
696.91
406.3
534.53
5.24
551.67
575.88
157.67
58.77
82.36
696.72
575.96
474.42
725.56
417.54
297.42
232.95
99.99
138.5
365.53
410.44
345.7
668.62
288.49
752.49
672.82
62.96
588.6
749.03
748.47
594.34
466.75
9.99
173.79
370.1
723.13
18.56
280.96
256.53
351.35
90.41
525.87
609.26
242.38
638.36
355.09
68.46
418.68
184.11
156.67
252.02
581.83
311.14
676.37
52.5
532.26
498.12
176.01
293.16
82.17
98.69
613.78
419.79
411.78
348.93
639.33
598.02
89.14
434.28
249.31
292.86
269.2
28.74
159.71
27.87
34.04
259.84
76.19
796.11
465.36
773.44
515.31
35.8
181.89
736.5
472.08
228.72
172.1
589.53
587.4
724.06
414.13
45.65
352.17
13.1
74.41
356.75
45.53
418.58
98.99
629.81
415.96
68.04
143.87
322.68
541.77
646.22
791.94
611.63
85.03
101.36
602.29
441.4
250.41
35.96
160.44
299.83
220.19
81.37
628.92
667.83
517.32
479.34
185.52
224.07
340.24
295.97
483.28
264.53
17.72
473.37
528.02
593.63
479.27
149.02
798.26
655.95
527.38
232.54
82.74
688.56
220.16
505.38
491.3
130.09
787.38
151.29
171.26
264.48
138.74
126.07
526.8
530.25
546.35
600
285.63
504.92
582.53
431.78
248.58
325.67
564.13
192.61
727.87
180.5
242.55
380.33
212.07
40.1
17.42
270.8
11.08
642.56
60.33
337.03
488.83
666.51
715.47
760.21
348.07
527.29
82.79
15.54
319.78
465.23
675.6
390.26
257.49
705.89
139.88
203.26
259.78
142.62
512.66
437.12
647.94
210.45
286.07
642.51
47.27
498.4
631.22
39.84
320.85
211.91
310.63
734.96
652.21
45
420.96
725.27
683.34
205.14
369.6
106.05
496.19
587.28
232.72
656.25
3.36
687.8
85.41
249
479.24
743.58
632.94
491.31
72.68
350.61
93.95
138.1
372.42
180.28
284.56
688.04
417.27
572.41
637.88
105.66
550.62
546.46
328.22
196.78
223.59
460.87
357.47
18.69
401.75
406.07
465.57
687.25
490.03
173.36
461.61
746.25
463.35
209.34
482.39
684.13
141.83
8.97
573.16
563.25
261.57
488.93
112.63
199.98
116.62
84.26
564.57
532.15
335.37
498.72
436.85
122.61
785.62
408.31
668.64
319.26
65.41
92.1
12.3
416.11
354.01
436.93
561.78
699.98
51.85
520.4
399.13
501.42
100.08
693.81
553.73
233.9
13.1
393.64
780.17
27.92
56.77
488.71
358.2
99.33
367.97
794.98
594.88
740.19
230.95
639.15
746.3
371.19
776.75
545.26
553.77
549.5
193.37
38.76
122.16
390.38
246.9
309.5
741.13
92.18
400.91
565.41
453.98
254.12
213.23
462.73
766.63
682.72
258.19
321.61
551.54
794.57
551.99
243.75
415.65
470.92
568
25.31
762.57
42.68
616.12
141.18
599.15
408.44
373.74
524.72
552.05
615.7
521.86
59.41
213.88
692.96
100.84
123.85
191.6
761.23
19.26
77.79
253.27
275.58
58.61
58.58
516.3
550.75
164.94
213.43
189.96
344.9
540.81
2.4
771.11
80.5
24.84
767.75
707.77
181.87
696.13
594.25
771.66
421.39
560.48
749.26
188.86
253.01
731.35
752.11
560.43
532.24
562.65
356.79
610.76
675.49
635
95
449.29
602.21
316.04
588.64
672.85
493.52
274.81
325.64
764.32
530.11
483.66
265.54
97.19
360.84
215.86
504.2
230.34
228.34
312.47
504.06
89.69
306.95
457.71
462.8
17.94
28.98
252.62
522.39
416.88
88.94
340.04
74.62
261.14
291.93
329.6
164.85
337.56
617.41
761.14
73.65
650.4
532.22
724.88
30.02
452.8
672.79
479.23
633.72
245.06
195.1
277.21
11.04
396.26
32.06
561.49
312.29
663.65
775.37
795.81
355.9
536.98
702.7
463.49
534.87
563.97
494.92
498.25
329.22
750.02
442.53
109.06
321.96
34.65
685.78
26.45
646.89
262.13
491.39
746.15
307.37
39.2
48.95
232.07
57.8
504.16
633.14
563.96
672.05
504.12
581.01
41.75
700.04
499.22
83.23
503.9
324.76
612.86
653.72
651.3
488.77
643.39
704.2
142.35
515.15
653.07
743.52
527.21
586.03
302.69
405.66
307.25
546.78
744.95
145.67
606.26
608.75
399.03
88.07
331.89
428.09
702.01
524.54
306.15
115.18
638.46
388.99
347.57
4.94
292.35
90.08
255.79
367.4
203.3
694.23
788.56
101.07
399.46
707.54
492.88
13.48
391.38
250.49
355.56
363.35
68.8
585.04
172.83
776.1
342.65
498.49
598.63
566.18
49.03
190.3
600.06
726.22
452.82
30.13
313.24
371.4
738.38
309.9
22.02
505.82
309.84
553.96
74.82
350.68
43.14
148.47
470.69
260.75
392.23
250.79
103.18
519.05
21.21
284.33
225.29
30.34
703.8
604.91
33.97
611.71
605.31
39
424.16
649.82
736.52
413.13
172.04
0.72
282.19
256.42
728.11
428.51
229.22
323.81
141.06
463.75
70.25
451.71
727.74
641.34
649.08
444.36
574.04
591.28
378.52
26.86
442.06
698.54
358.4
504.11
472.56
637.15
730.36
674.79
508.02
319.88
448.63
284.58
539.09
481.65
389.22
790.59
499.75
746.78
260.58
709.76
22.64
593.79
534.97
674.94
141.93
497.81
338.77
99.41
440.16
507.82
692.79
140.59
104.94
590.52
100.25
305.23
516.21
214.14
208.6
81.68
132.85
646.45
486.21
569.78
291.53
712.3
724.66
372.07
188.51
749.8
653.74
245.67
356.65
114.76
574.12
699.92
48.42
207.89
290.56
500.16
637.25
392.65
667.25
547.29
761.46
107.3
329.65
312.68
746.93
140.61
474.13
118.99
303.77
80.86
60.62
558.54
532.1
715.79
10.64
647.02
3.55
651.48
578.38
517.17
104.74
603.86
111.51
291.67
694.22
489.13
434.08
169.88
545.8
1.57
77.12
187.91
391.03
460.13
390.37
34.74
719.76
430.93
535.65
513.62
209.04
108.72
687.38
371.63
627.67
558.56
274.79
25.56
462.58
245.93
431.3
572.46
304.65
36.24
316.03
15.33
428.3
283.57
484.48
737.21
124.86
467.04
750.92
475.67
760
221.04
432.85
238.52
135.66
650.48
300.18
66.55
477.5
429.69
353.33
149.98
757.69
526.53
121.38
652.56
43.96
191.56
585.19
700.88
694.99
206.79
762.35
160.76
512.71
543.89
371.55
226.31
248.84
108.01
787.74
74.75
655.82
494.22
513.73
131.76
373.53
759.64
705.27
744.6
183.94
252.48
100.66
746.39
489.71
265.39
586.41
793.46
571.83
26.82
307.73
125.04
421.98
198.39
55.07
394.88
736.81
607.29
63.49
693.81
131.75
780.06
345.13
646.08
683.81
259.44
528.84
758.25
146.77
390.56
759.13
173.99
360.8
394.17
395.59
279.41
158.88
331.11
474.82
58.13
446.85
203.51
237.34
679.39
325.07
678.29
297.12
739.25
758.87
485.51
184.89
595.19
516.3
349.94
428.12
339.93
398.4
309.63
165.14
602.74
12.89
358.67
775.27
291.15
96.45
647.32
139.58
325.75
550.73
763.46
416.61
350.69
154.98
226.35
516.3
392.64
0.09
126.2
587.82
565.38
26.7
348.67
639.8
144.22
304.35
2.29
481.86
442.4
433.53
563.76
724.26
779.6
219.6
226.07
409.23
542.21
108.32
328.01
786.32
691.64
177.48
217.86
650.89
570.34
39.88
562.18
276.1
740.86
344.89
513.03
622.69
738.08
312.47
337.42
665.45
348.01
465.65
170.79
133.71
252
124.52
624.78
54.2
117.93
748.42
184.86
419.41
320.73
626.67
323.1
605.54
243.9
376.05
324.68
342.4
11.32
551.37
209.85
17.18
144.67
717.51
38.47
539.03
441.9
443.3
519.85
726.67
189.36
500.93
799.3
788.96
250.49
218.96
525.91
363.48
710.72
578.54
360.58
688.12
673.03
480.13
383.72
730.73
196.03
284.28
239.06
655.39
748.24
156.86
607.84
629.21
193.87
404.8
785.77
281.27
351.82
149.79
345.42
587.94
113.13
600.81
317
125.58
528.4
113.7
732.46
212.62
194.99
130.85
335.67
436.27
756.78
691.92
624.8
575.1
148.87
542.32
593.85
604.16
735.37
596.81
128.18
519.56
318.79
172.65
5.68
15.14
564.86
354.96
114.43
708.02
616.25
280.06
194.45
733.89
421.86
606.72
52.17
744.89
135.03
645.71
652.36
780.66
640.35
142.99
494.02
647.26
308.72
422.49
71.35
514.48
493.5
580
401.15
663.39
728.67
179.11
208.9
130.62
209.45
233.22
464.48
11.24
776.28
177.41
32.3
745.37
246.45
41.26
785.95
153.02
147.8
791.95
321.96
758.42
582.88
708.39
590.53
409.61
4.11
104.36
611.59
87.4
736.29
361.9
243.15
758.79
96.37
743.69
420.29
157.58
690.89
137.59
555.29
636.2
733.58
519.94
711.87
610.5
778.64
664.34
349.43
356.89
38.04
560.66
271.85
798.32
147.01
345.34
579.62
212.05
13.93
424.82
168.02
613.35
471.79
553.05
225.16
342.51
638.02
616.18
139.3
506.14
538.29
296.97
183.93
750.38
484.3
517.39
221.27
68.88
428.57
72.86
359.73
716.37
508.18
116.89
511.52
340.5
584.37
263.9
258.67
484.63
24.44
76.8
603.12
653.2
546.24
451.61
480.82
0.56
311.42
687.65
540.49
584.74
776.78
332.72
768.07
632.17
559.67
775.86
639.19
71.19
734.26
646.86
300.09
369.04
320.45
679.51
261.71
564.25
600.91
663.12
23.07
415.47
211.11
269.76
313.41
593.55
797.49
448.47
101.91
702.92
765.49
501.78
694.44
363.6
337.54
157.32
439.22
376.86
142.94
431.97
694.5
283.92
430.79
360.2
217.77
627.14
391.54
271.58
104.85
47.96
600.56
424.82
265
537.74
729
194.47
690.95
647.1
114.84
58.03
529.22
467.76
464.88
374.86
592.46
603.51
475.81
386.52
749.41
178.46
102.65
485.22
388.5
479.22
429.89
109.84
216.42
350.02
142.1
389.75
428.05
638.51
33.3
387.57
305.59
496.09
651.84
635.99
664.21
178.59
650.95
141.07
628.21
11.06
373.95
377.65
605.13
199.99
510.88
99.68
8.24
759.06
537.6
571.84
233.2
216.68
748.76
672.22
285.51
125.02
322.65
236.97
187.57
768.06
541.42
740.54
342.64
195.56
312.71
247.95
66.52
129.4
316.86
778.77
763.31
542.79
402.34
256.08
314.24
458.17
185.4
742.28
13.72
57.58
576.9
5.08
170.57
172.35
307.27
100.42
415.11
240.88
754.43
331.95
260.69
558.03
738.65
229.83
577.99
682.93
280.09
352.01
72.89
364.8
54.4
308.27
545.27
130.71
579.48
240.77
715.14
507.51
625.16
539.95
430.05
189
607.78
500.87
316.33
780.21
393.61
79.96
507.52
356.9
603.24
492.8
633.28
187.3
483.25
647.98
205.88
718.86
375.18
337.81
173.76
121.1
388.03
203.05
306.87
567.18
364.96
589.8
221.23
510.65
6.53
307.17
355.95
257.53
575.49
745.88
672.27
204.28
732
405.9
67.74
564.95
183.11
708.92
460.11
468.09
360.3
417.05
276.09
310.68
638.75
240.25
173.24
214.77
687.68
371.93
635.38
344.07
481.85
732.96
188.13
681.89
541.71
592.7
153.54
410.75
765.74
753.67
781.9
34.33
347.04
758.45
717.26
7.76
751.21
183.77
473.03
705.64
636.53
539.06
379.02
729.38
449.64
1.95
783.62
201.99
770.06
715.69
688.63
636.28
527.63
689.71
322.86
711.34
364.73
303.75
63.62
629.23
263.09
154.75
697.98
657.05
143.3
207.06
415.14
83.63
786.53
397.02
385.75
302.67
519.04
25.78
356.3
136.61
532.98
761.71
329.01
153.47
750.85
511.65
654.08
313.57
447.74
591.58
786.19
249.1
498.85
181.93
594.02
334.56
292.22
525.28
492.13
263.61
313.24
672.19
41.28
798.6
296.57
604.12
79.23
757.96
366.17
15.3
724.7
784.12
195.48
510.54
711.55
456.06
751.78
244.81
794.2
518.58
139.31
597.3
203.79
39.17
479.28
728.57
50.03
271.79
516.79
495.61
1.8
488.76
528.94
436.74
467.6
429.43
158.38
734.34
768.84
614.3
793.14
334.37
669.82
547.14
310.58
275.7
344.28
462.34
504.62
302.83
775.05
672.62
478.32
177.61
114.16
774.43
627.55
192.03
701.31
764.31
660.04
299.22
451
158.67
38.62
441.82
173.84
248.72
46.49
603.26
778.12
473.2
32.26
533.74
77.39
285.38
449.23
67.79
551.6
560.02
75.55
22.55
10.17
634.52
731.84
163.2
97.26
704
452.57
326.7
615.59
703.89
475.8
504.12
209.06
668.44
188.25
546.33
12.63
475.5
201.65
300.24
68.44
348.34
528.34
703.37
714.96
508.02
63.33
538.98
217.55
615.1
776.25
721.27
421.31
572.12
443.53
104.98
25.42
57.37
619.78
778.87
614.42
455.82
563.16
557.27
412.25
135.67
756.86
253.01
161.2
591.36
443.71
292.21
620.42
159.38
60.38
628.81
577.97
396.28
629.78
227.63
247.19
219.09
65.15
99.45
298.05
253.98
304.55
20.01
123.26
202.95
697.78
262.57
284.15
45.41
507.58
497.57
632.25
111.72
562.94
447.44
796.71
480.26
764.46
307.81
559.46
526.55
159.39
617.42
736.22
773.58
683.86
667.07
430.27
289.82
614.33
452.35
278.52
618.3
12.38
495.23
792.72
242.71
791.49
552.6
705.98
250.1
36.12
18.54
260.65
269.54
267.07
88.01
552.83
74.59
736.43
173.09
729.93
49.93
260.86
743.01
387.79
35.29
74.11
662.25
645.33
765.41
438.21
97.57
328.15
236.91
446.54
71.72
63.08
142.76
146.51
385.61
640.11
656.28
499.53
417.8
627.28
374.56
591.27
322.34
597.3
619.51
413.8
92.98
529.21
92.1
721.53
401.87
730.15
462.8
733.13
511.53
704.62
177.44
99.81
72.65
17.21
259.73
322.42
743.38
192.11
102.43
273.92
751.41
14.75
724.54
90.72
583.16
236.45
672.51
142.19
737.15
758.4
180.87
416.14
797.78
59.29
570.78
164.43
613.17
522.6
37.62
488.09
770.62
41.85
713.35
641.86
65.31
274.4
546.92
187.17
606.33
379.21
723.53
414.12
165.6
750.07
311.29
742.46
110.23
131.28
602.47
769.12
70.45
421.51
612.09
263.05
558.15
421.68
602.51
549.1
611.41
349.76
692.48
742.33
148.67
562.66
351.38
798.99
422.93
496.2
91.63
289.07
477.43
69.15
40.14
476.33
153.51
488.76
789.24
735.52
706.51
153.25
583.36
294.59
535.92
154.06
499.79
332.19
463.16
598.06
413.17
726.93
433.18
597.82
705.96
244.58
431.26
357.38
148.62
591.27
761.71
171.68
649.24
230.67
127.11
318.19
659.77
797.92
378.77
332.61
396.56
26.8
565.78
797.85
542.42
668.01
369.3
169.73
249.36
238.81
303.67
321.65
483.4
136.46
608.15
494.07
642.71
581.75
87.48
128.78
80.89
247.79
414.24
387.32
603.37
659.41
479.81
54.76
477.86
541.29
300.53
54.43
546.84
657.26
48.23
130.27
572.7
181.64
297.55
681.37
512.23
773.29
552.4
154.72
335.16
642.01
328
613.07
313.49
653.15
211.81
397.03
627.12
130.89
322.27
511.57
37.77
753
175.33
692.44
318.97
370.82
157.67
751.98
219.14
229.98
116.06
61.66
417.73
141.42
587.03
747.52
629.7
81.52
703.82
471.39
737.4
143.05
193.35
449.9
139.67
740.17
590.47
416.13
673.26
523.16
724.9
643.82
6.31
671.66
385.56
328.03
273.88
45.21
366.19
346.24
230.81
298.46
264.7
574.32
295.57
406.33
445.98
403.55
706.57
330.14
457.68
46.71
361.86
791.03
294.16
83.47
709.44
547.22
203.07
190.95
47.21
55.39
713.67
144.51
572.78
250.03
329.02
114.69
418.08
0.09
73.16
788.47
444.34
428.54
549.61
97.52
27.69
96.72
598.42
609.27
42.51
284.17
456.12
786.87
162.1
686.72
140.21
569.23
305.21
393.38
718.36
29.01
612.1
498.17
135.62
309.67
548.31
208.94
277.87
384.92
722.16
352.31
228.8
303.13
764.84
527.17
597.03
66.9
101.03
3.21
222.16
319.77
501.51
138.47
463.01
790.64
628.76
28.98
538.03
369.31
610.72
44.64
775.66
178.99
429.51
743.34
115.87
591.79
60.71
677.43
21.1
647.31
50.79
254.11
694.99
763.69
282.36
218.11
270.86
412.93
799.87
42.48
389.22
80.04
277.09
743.33
223.72
427.85
719.81
768.13
621.61
787.54
59.58
570.59
728.64
296.03
614.69
610.89
127.69
84.47
561.78
190.18
324.69
186.75
438.76
540.58
34.64
7.98
312.24
565.87
782.71
308.64
423.52
95.57
4.36
158.71
779.19
251.64
369.74
412.42
119.73
285.88
708.86
659.41
767.21
198.78
208
122.16
100.39
211.76
11.42
26.71
154.99
668.61
277.88
651.31
372.47
359.35
307.06
145.32
119.62
50.02
543.42
530.94
383.83
722.35
70.72
399.61
210.32
207.52
578.96
65.21
799.36
521.51
467.98
754.75
726.32
417.55
571.09
568.53
324.61
530.7
538.36
175.4
706.63
701.82
361.45
273.48
377.55
762.72
156.42
688.84
536.4
158.54
497.61
775.09
660.78
497.3
408.41
625.68
114.15
68.09
425.86
68.1
449.72
194.27
713.82
96.29
10.63
725.16
59.56
710.32
89.69
378.16
251.07
792.73
305.72
662.99
200.73
135.86
667.55
311.05
488.24
44.81
81.28
215.75
232.52
6.57
321.89
600.47
606.1
544.09
193.96
426.17
658.15
737.82
233.48
247.39
179.91
467.97
386.89
224.09
350.93
188.23
619.55
312.46
367.13
323.37
523.72
267.41
417.11
74.56
114.66
44.79
531.51
634.68
457.43
373.96
367.99
379.07
573.8
728.79
506.94
326.54
523.93
590.63
287.12
100.19
227.39
793.32
437.35
491.52
263.61
519.92
527.08
507.3
575.84
529.95
738.77
587.36
216.14
645.69
542.09
557.27
129.3
135.29
768.59
491.72
546.53
150.81
612.97
173.03
633.34
62.76
657.66
423.89
486.04
489.83
77.91
747.39
258.44
217.44
690.44
653.87
661.64
394.77
150.32
752.99
67.88
682.36
575.63
511.73
528.85
593.08
291.33
312.84
396.01
305.26
496.79
780.25
104.89
593.66
574.59
687.17
571.11
285.9
370.34
779.61
408.61
109.41
72.96
208.3
236.39
667.11
56.81
34.62
134.13
775.71
331.49
725.86
613.49
570.9
373.39
705.14
651.66
713.16
32.47
596.26
96.4
492.72
166.81
226.08
796.13
83.15
193.51
572.83
279.49
228.86
721.73
234.38
305.03
799.23
319.8
595.65
675.75
332.3
404.06
3.22
494.67
126.51
163.02
177.17
408.58
648.8
550.49
122.45
12.73
52.74
122.36
766.09
102.55
310.04
700.54
768.22
80.81
385.29
459.67
210.57
7.29
683.44
272.58
232.61
292.31
420.99
444.9
765.09
135.95
38.39
333.11
634.88
781.52
663.69
477.14
534.02
717.13
373.46
651.78
639.32
97.22
746.63
533.61
784.12
713.46
168.33
526.61
512.69
200.39
622.97
702.98
154.63
116.98
403.15
18.67
611
449.83
705.51
454.49
346.16
640.61
268
416
404.62
185.46
763.03
773.78
474.89
398.59
585.15
453.98
145.94
433.83
424.71
566.68
630.38
739.36
126.83
659.46
598.44
209.78
447.33
230.36
565.57
482.68
428.17
372.97
747.23
637.8
35.03
652.31
455.84
1.81
794.89
650.85
686.71
784.76
364.85
231.65
735.96
576.17
493.65
746.86
86.14
495
79.74
405.21
360.94
357.54
100.27
558.94
253.6
96.16
796.2
259.64
672.27
608.21
9.01
382.12
113.44
768.51
121.46
785.09
300.62
489.78
498.81
457.4
486.96
32.25
390.98
44.69
583.99
312.28
281.56
345.09
254.92
752.1
715.88
611.17
662.91
222.19
418.95
334.14
324.31
616.03
388.37
622.82
250.43
335.77
674.47
613.94
544.36
792.58
391.8
400.13
56.45
609.15
142.45
753.77
312
577.19
354.55
63.17
183.1
313.97
653.2
416.91
353.02
233.27
4.85
461.07
372.29
116.66
699.64
47.31
718.18
11.39
213.42
82.3
463.12
630.88
681.88
579.31
288.8
786.99
402.98
644.1
609.47
136.48
0.43
379.62
25.09
102.18
569.14
63.35
0.9
180.16
139.96
137.79
100.01
449.77
181.02
222.05
72.01
357.1
760.14
604.82
739.6
704.08
87.12
511.49
503.74
397.62
188.47
482.26
21.26
470.97
685.06
234.41
67.36
626.36
687.97
34.96
163.69
442.73
213.93
69.44
170.71
478.73
314.73
83.16
359.98
613.74
42.08
360.79
472.89
203.14
455.74
408.21
176.97
10.45
651.96
55.69
430.03
390.8
289.03
509.03
449.69
509.86
460.2
52.8
383.08
643.11
106.08
746.23
340.78
778.35
149.6
441.61
630.36
125.93
440.79
493.08
96.75
498.82
20.37
228.13
146.49
301.58
234.1
245.55
226.83
561.13
168.71
632.45
537.72
617.44
135.99
380.6
472.43
417.62
317.5
715.49
559.28
677.75
694.03
331.88
401.14
184.43
705.37
365.95
342.51
645.72
108.3
42.51
495.31
695.7
336.43
353.96
44.14
763.35
559.83
698.31
606.35
184.31
781.61
232.82
481.73
218.01
249.08
48.18
303.1
263.42
316.71
691
544.5
373.71
733.81
223.35
288.49
88.67
318.35
543.15
148.49
622.37
276.37
274.95
771.51
2.7
172.22
537.44
231.29
751.4
535.54
166.63
200
297.36
496.1
217.91
652.11
17.27
86.84
509.75
542.27
614.63
421.63
645.48
790.47
688.16
741.15
589.36
45.34
673.96
333.11
62.3
670.53
661.08
60.78
286.3
125.75
522.39
322.1
409.98
349.85
46.57
538.82
72.56
742.55
369.02
768.9
271.69
386.64
49.25
446.44
224.18
297.64
562.85
799.63
159.25
230.98
297.8
518.48
98.89
442.38
613.79
312.9
345.44
621.82
724.94
505.46
749.47
684.6
353.19
40
540.84
548.03
384.4
795.74
349.42
123.62
604.32
542.92
517.03
515.61
442.98
24.95
49.26
354.48
281.67
540.08
452.21
228.67
32.02
681.2
125.2
470.48
523.86
19.72
549.62
481.4
26.15
416.5
775.17
73.83
673.19
470.55
556.95
715.09
678.87
21.75
59.43
302.98
248.37
419.88
73.62
474.33
174.75
376.77
639.4
271.15
244.08
361.82
645.02
715.95
480.51
320.94
718.89
775.63
655.4
120.91
70.11
784.83
450.93
297.34
546.49
172.69
746.26
431.21
459.93
233.56
456.2
624.11
278.69
749.25
482.29
421.97
124.77
288.38
263.89
493.22
531.63
275.51
684.21
71.67
203.42
588.37
316.77
460.53
629.06
539.5
483.52
588.82
438.36
549.72
530.14
185.33
208
630.48
472.58
296.79
238
781.34
128.12
666.36
223.55
322.31
535.83
718.13
264.06
542.58
190.24
74.11
599.2
424.37
265.59
704.46
108.85
516.81
627.59
86.6
90.76
670.12
226.44
565.94
719.13
700.45
771.26
684.36
166.32
738.33
431.77
251.32
719.09
687.32
737.29
283.75
211.54
618.37
768.96
446.47
582.23
89.14
10.58
498.74
353.88
431.64
212.14
565.12
413.74
180.79
183.87
637.85
273.48
316.46
786.83
451.23
155.43
182.06
205.64
173.48
782.79
642.3
466.31
184.17
77.8
552.72
567.88
80.87
330.4
57.17
17.59
461.17
505.93
644.05
410.32
259.5
435.42
565.41
588.76
723.79
169.04
295.44
379.52
62.63
414.81
49.94
395.1
477.84
168.24
798.72
333.53
732.8
488.1
324.88
184.6
713.36
677.08
335.9
780.39
758.18
184.88
361.75
632.5
66.9
452.13
452.12
224.73
496.85
681.81
17.74
427.13
238.09
573.15
120.64
198.06
766.67
679.69
282.92
730.35
333.91
712.2
618.17
394.16
357.71
252.95
70.75
315.89
616.5
669.31
636.53
43.7
521.76
212.36
423.76
57.37
748.61
256
236.38
557.59
439.03
326.28
286.24
720.72
568.34
277.13
556.24
442.04
526.93
539.21
775.63
424.25
582.95
445.04
398.87
527.4
342.57
221.48
798.83
386.91
79.51
578.93
69.85
105.69
499.04
452.37
412.96
403.68
251.27
310.72
394.48
203.24
444.71
571.28
566.69
258.87
516.06
701.47
564.47
454.39
235.58
68.1
216.45
761.39
271.14
78.24
541.28
658.21
462.31
635.44
144.58
90.7
353.97
781.78
743.31
20.96
680.66
688.17
740.51
690.6
306.97
435.28
15.16
328.75
621.63
771.88
22.01
455.44
328.34
424.32
537.69
140.84
639.36
156.2
83.12
790.91
325.58
497.17
300.69
770.35
549.37
639.61
139.17
397.53
538.68
342.96
0.73
437.96
648.5
314.43
498.96
488.91
24.07
285.45
628.35
437.52
174.04
163.24
487.73
635.06
509.27
379.39
667.22
180.27
363.63
160.45
202.81
457.24
436.6
135.49
274.37
532.32
367.11
597.72
242.16
710.32
626.43
510.81
787.8
53.86
131.39
181.87
358.61
298.81
459.97
661.45
209.29
96.86
663.72
578.56
611.38
391.32
702.22
401.73
669.02
569.16
685
634.62
326.68
588.35
374.39
300.06
301.81
294.99
132.75
563.56
524.75
239.03
527.92
37.57
87.72
641.19
322.78
532.13
510.71
163.27
377.05
409.11
1.7
537.17
265.24
412.32
31.93
177.41
746.65
265.23
608.35
546.99
657.6
610.26
444.63
457.53
9.5
488.19
186.64
285.1
457.55
442.44
90.43
384.55
76.17
646.45
464.48
454.61
99.94
679.14
509.09
296.65
71.98
733.58
162.72
487.06
571.32
11.92
187.07
794.04
349.59
694.53
446.73
302.22
437.54
188.73
369.57
671.64
566
304.84
295.78
260.78
635.39
531.01
163.45
640.29
374.31
604.77
324.1
231.6
776.9
209.95
643.21
265.56
120.25
444.2
355.39
48.59
695.52
176.77
7.53
616.49
644.15
51.57
403.44
205
149.95
274.51
174.43
746.87
512.1
182.89
769.92
563.32
112.31
28.11
66.52
11.16
271.45
306.17
393.75
2.35
175.7
450.4
533.03
375.26
190.87
424.95
155.24
309.34
455.84
317.63
692.88
248.41
658.85
737.09
388.99
786.02
677.03
94.78
719.33
52.1
135.66
379.73
115.86
234.23
55.59
314.43
724.48
764.45
470.43
413.34
571.58
504.57
681.08
127.53
409.24
132.34
727.93
345.29
732.78
126.61
597.57
268.89
425.24
135.52
453.72
317.34
589.48
51.99
117.51
715.05
655.41
462.84
133.41
92.9
138.73
140.43
119.59
196.22
665.35
532.26
762.31
253.73
396.34
513.31
764.82
428.06
603.1
37.85
158.08
83.2
257.44
764.61
106.14
172.03
690.84
493.72
428.92
578.23
81.67
404.7
711.65
262.18
276.56
116.71
685.05
504.02
621.78
674.35
209.07
113.66
383.23
270.74
758.37
82.71
398.5
116.77
442.91
426.22
26.03
700.59
51.42
604.05
13.09
97.39
348.32
192.27
566.17
594.9
164.08
35.49
739.63
133.01
215.75
58.51
157.36
272.98
648.66
523.78
631.12
779.71
446.36
292.27
486.41
222.28
462.96
348.73
0.18
348.15
577.22
261.94
477.6
144.39
567.84
152.8
613.27
485.66
531.2
287.58
609.54
419.82
415.57
602.55
162.6
789.01
113.26
576.6
392.71
718.19
419.85
726.08
323.17
166.43
443.11
671.15
63.4
765.46
14.75
653.55
623.72
127.84
323.75
661.58
748.34
704.42
435.63
451.83
69.44
501.07
300.09
459.15
425.17
409.86
118.22
244.95
768.88
346.67
657.64
45.52
587.13
81.04
143.48
140.48
398.55
635.22
555.82
571.54
1.88
650.36
114.96
547.97
563.75
368.99
364.27
259.66
15.89
58.86
619.12
518.05
704.29
365.26
267.45
771.53
341.41
93.63
361.51
307.77
84.28
728.11
374.23
99.12
661.18
759.22
46.07
798.02
740.18
108.37
110.94
125.36
217.7
555.14
457.69
473.15
349.04
773.26
721.47
653.34
686.23
744.47
100.23
441.8
3.54
276.5
627.69
74.93
142.08
554.79
285.03
275.02
697.21
176.53
79.08
787.8
651.62
454.16
758.13
500.08
461.57
762.58
524.88
697.32
692.96
130.57
479.46
429.43
637.4
360.16
217.27
118.4
257.32
110.39
624.76
422.06
61.77
3.37
275.72
407.89
588.68
14.47
162.32
719.21
572.7
713.79
2.56
719.31
393.85
610
24.38
212
40.75
156.94
683.75
799.12
379.7
358.01
546.3
106.53
297.36
743.97
79.3
169.37
17.85
424.19
413.05
679.42
458.73
593
141.03
686.2
205.05
717.49
138.89
446.67
174.62
252.63
388.26
708.11
26.52
181.43
202.53
206.87
131.76
620.88
445.97
369.93
338.66
706.74
44.96
640.31
57.67
590.68
779.65
385.93
98.28
612.41
301.5
37.42
656.68
594.17
310.55
36.3
784.92
737.98
691.91
266.71
418.88
14.55
114.93
280.62
389.83
253.54
182.15
312.09
45.23
626.64
634.39
296.33
595.14
81.99
408.37
280.63
589.55
150.37
232.26
574.1
780.8
555.96
202.39
592.02
517.19
742.15
307.06
690.27
476.71
727.72
732.74
214.36
277.79
491.57
670.21
773.85
400.54
105.78
315.13
542
175.94
329.99
644.81
498.78
322.15
419.9
351.52
420.67
406.1
15.49
471.04
425.35
635.89
683.48
151.27
56.56
79
573.4
612.97
270.85
19.34
394.65
704.54
196
681.56
367.96
555.8
504.88
785.18
682.66
204.69
398.72
298.6
699.36
206.14
588.59
486.76
535.98
317.35
474.59
624.92
48.69
386.31
145.83
32.36
337.34
458.02
87.08
298.36
138.33
382.01
379.94
776.74
496.99
262.65
637.77
431.67
540.08
533.51
319.28
542.78
389.64
775.11
73.56
312.09
682.1
120.24
203.13
40.39
680.1
170.5
692.62
97.95
416.04
231.89
526.23
403.76
698.24
587.26
75.17
546.56
334.66
426.41
329.07
615.22
102.35
56.76
303.22
469.42
178.07
736.86
237.85
631.77
179.96
682.77
186.21
549.16
202.83
470.91
358.26
136.32
177.27
196.37
734.61
793.42
198.47
394.31
615.61
468.19
502.02
59.66
69.15
52.21
128.68
586.59
764.82
161.05
387.03
138.48
87.79
715.28
283.4
305.73
437.55
575.43
103.67
477.29
157.83
588.95
383.48
54.96
558.23
576.1
582.21
799.1
136.68
527.75
233.9
347.59
549.41
517.43
341.17
367.61
370.53
159.22
386.05
324.19
756.72
768.67
558.35
169.31
271.67
238.2
694.62
29.18
761.81
692.06
794.41
762.8
687.41
199.19
75.18
261.08
212.39
139
457.35
611.27
570.41
363.18
175.53
36.71
68.56
126.69
783.61
150.9
635.54
564.02
667.78
599.58
676.2
588.59
724.46
104.72
507.66
182.6
526.08
778.27
520.26
502.91
673.21
30.84
682.86
151.31
772.32
120.67
679.53
582.43
399.52
265.17
233.56
457.22
642.64
162.17
317.3
703.94
606.35
318.01
94.71
497
280.52
214.83
448.66
147.99
390.15
596.72
546.35
736.92
719.46
690.13
589.87
530.59
692.77
646.19
673.98
162.52
606.99
284.42
165.93
461.74
141.52
236.23
560.82
653.08
461.66
609.61
680.34
567.21
775.26
25.65
269.68
37
506.83
69.1
0.01
242.33
451.56
295.61
631.99
131.97
620.33
87.76
205.97
471.55
361.8
477.03
291.55
576.08
708.99
697.1
631.49
61.95
36.25
692.33
337.98
168.78
612.35
670.56
645.56
743.68
283.66
571.51
495.43
280.81
447.89
759.82
290.19
504.93
221.18
4.9
357.46
128.53
530.84
584.22
641.61
673.16
485.88
256.28
673.67
765.2
602.8
426.47
616.66
168.82
592.52
658.75
229.27
134.98
552.62
699.39
163.99
91.65
68.57
545.14
369.2
333.2
248.96
97.27
428.1
336.99
321.33
176.8
766.44
33.24
717.05
686.57
158.05
425.4
514.26
354.89
152.21
174.34
732.13
380.97
23.72
765.42
581.35
492.83
466.47
282.85
165.62
243.22
143.19
190.29
158.69
550.89
212.71
19.9
326.93
659.25
314.85
478.84
522.8
671.52
220.95
728.4
442.81
412.54
227.54
771.95
239.7
391.33
619.09
264.82
292.76
335.3
559.3
295.09
74.66
219.69
279.86
797.99
638.68
647.52
602.66
472.51
34.84
424.4
380.31
175.02
467.57
586.67
373.87
130.05
671.49
282.15
126.56
660.8
327.62
436.79
122.75
40.47
111.78
601.98
532.6
288.39
79.2
151.49
575.78
481.94
360.72
96.76
424.41
755.68
178.61
226.08
405.73
594.86
112.36
678.64
269.06
317.29
137.56
722.69
169.67
460.03
225.44
506.64
569.65
754.05
552.68
599.01
114.68
88.2
625.37
416.72
245.36
571.41
393.31
336.16
5.69
730.47
403.75
87.33
308.34
469.06
595.61
94.25
620.76
470.54
155.21
348.93
412.59
44.54
534.43
613.37
266.66
10.14
636.9
240.94
522.61
218.97
517.93
409.73
474.84
182.5
463.8
574.41
706.84
493.74
78.02
36.62
309.05
27.54
683.88
276.68
451.37
436.2
116.9
721.05
472.16
518.96
343.61
780.38
155.16
176.77
430.67
763.46
109.36
74.6
93.22
604.83
45.79
78.22
374.32
352.4
669.99
444.95
326.29
641.72
709.57
509.47
332.26
547.54
246.37
171.16
505.58
737.83
636.18
220.08
72.73
276.78
336.73
797.75
712.73
749.68
673.95
98.71
234.28
754.62
405.38
205.19
24.21
328
739.74
463.24
40.72
477.06
128.74
677.52
140.25
777.63
593.89
260.27
563.46
143.41
501.9
405.54
67.84
30.72
588.85
744.91
36.25
415.93
658.06
220.59
499.08
659.27
265.96
121.77
127.58
693.92
273.04
560.01
301.28
17.42
577.87
244.25
282.27
416
407.76
605.32
419.82
211.17
640.75
729.57
538.29
203.73
15.39
241.4
744.47
699.6
691.46
285.33
757.56
480.03
783.08
732.73
470.64
226.18
293.52
365.93
93.34
469.9
566.57
423.58
160.38
55.23
10.25
128.35
618.16
160.54
333.2
150.86
262.34
734.72
529.22
300.23
92.3
689.84
5.1
294.69
265.13
454.28
60.84
188.82
414.24
210.38
102.49
28.91
220.85
662.42
384.54
152.3
14.63
307.57
316.51
402.6
517.84
476.63
242.2
341.56
674.42
223.06
124.51
435.83
37.67
700.39
617.27
237.9
771.28
336.42
335.29
0.23
611.6
775.1
258.71
723.43
384.4
367.98
73.88
218.41
500.7
521.85
192.03
494.5
436.65
518.14
87.66
749.9
211.51
111.61
623.28
527.1
169.24
31.51
133.75
764.79
452.93
311.17
318.62
212.85
127.95
377.71
222.41
476.47
594.93
126.01
642.92
96.48
122.43
186.84
332.43
763.19
296.14
436.3
488.72
386.58
366.15
221.86
322.72
676.02
273.88
230.04
525.76
502.92
443.11
472.75
55.67
770.63
201.33
209.04
752.9
587.26
609.94
228.73
591.95
427.2
343.12
179.31
271.67
727.83
118.58
40.42
290.47
460.65
461.01
347.11
484.72
156.5
212.25
338.66
408.09
676.9
192.07
722.29
173.35
718.05
630.13
403.13
149.54
476.3
679.36
164.41
705.75
359.27
124.99
547.19
244.04
590.25
567.44
562.9
299.11
157.18
481.11
29.55
256.64
623.55
597.66
783.51
307.3
285.44
640.32
322.13
533.68
389.42
250.11
346.97
260.33
581.6
24.55
775.32
590.99
582.32
643.94
355.87
161.33
649.53
590.32
735.07
339.04
449.79
154.65
11.68
781.47
689.78
469.63
370.23
484.98
9.42
220.19
231.42
588.32
511.81
26
144.8
320.67
229.75
283.68
328.9
131.27
582.08
31.73
655.52
163.81
320.06
216.21
498.49
148.58
339.38
641.66
566.27
486.56
679.93
775.63
297.93
513.13
357.5
47.42
413.37
47.14
535.85
701.08
127.66
641.79
278.72
708.9
249.66
499.95
345.27
87.42
566.53
357.15
131
631.37
488.33
358.01
661.7
149.36
508.8
420.21
584.29
233.94
40.15
109.47
4.25
84.37
718.85
378.9
627.38
628.5
677.28
367.51
151.15
21.59
108.17
666.28
54.14
769.63
238.34
114.3
173.9
65.99
171.15
734.44
15.42
539.44
177.1
379.01
783.86
9.65
525.28
470.06
410.52
24.3
201.25
363.49
540.08
614.1
619.01
775.01
6.41
230.49
223.08
3.83
133.72
481.29
714.69
614.47
205.79
481.5
464.41
303.11
265.09
19.26
703.71
2.05
759.61
617.03
394.28
613.79
5.36
755.04
641.57 /

COPY
	PERMX PERMY  /
	PERMX PERMZ  /
/
MULTIPLY
	PERMZ 0.01 /
/
