---------------------------------
-- Permability values for SPE9 --
---------------------------------

-- Permeability distribution visualized in figure 5 in Killough's paper
-- Killough says 'The input data included in the distribution to
-- the participants included a geostatistically generated 
-- permeability field'

-- The values below are taken from Killough's dataset, they are
-- not based on the figure in the paper.

-- Explanation to how the data in PERMX is organized:
-- Under each LAYER (i.e. K-value), 
-- there are 25 ROWS (i.e J-values) under which there are
-- 24 entries (i.e. I-values) 

PERMX
585.4
413.01
512.9
195.64
531.63
742.35
561.77
624.32
111.67
710.96
708.27
702.83
634.29
156.87
363.84
684.61
204.97
707.86
705.33
213.96
493.08
700.3
799.63
222.63
476.43
66.29
146.78
245.03
766.06
254.23
743.04
284.26
87.75
480.04
436.32
261.99
715.32
357.09
266.89
26.18
110.38
314.85
720.79
646.11
637.85
583.41
478.33
186.18
447.78
688.88
745.31
13.65
528.08
377.3
616.05
25.62
549.58
79
380.13
505.65
243.33
292.21
200.14
658.39
121.07
719.37
410.58
541.54
90.1
549.7
786.52
533.05
194.53
659.19
662.69
505.79
691.19
576.78
229.88
172.2
763.53
209.09
55.42
39.27
479.94
58.11
145.8
95.21
767.75
65.55
161.97
224.61
720.81
201.38
382.39
631.5
504.27
293.87
562.96
721.88
567.28
536.91
762.39
513.86
255.2
214.31
543.9
67.57
283.11
16.74
209.93
516.36
167.66
542.74
671.12
719.86
212.72
74.35
175.99
690.94
281.48
691.52
778.29
348.19
161.02
484.39
689.15
185.54
362.5
209.64
510.28
572.06
308.77
201.67
588.14
184.71
373.62
25.82
741.81
113.68
133.55
90.64
293.64
630.25
528.16
610.51
466
399.18
630.33
629.78
377.52
198.68
511.65
134.81
469.74
444.95
190.76
703.51
389.49
548.76
605.9
148.13
545.87
650.3
529.48
707.53
62.52
318.63
388.95
625.1
518.06
536.81
788.66
366.52
703.12
71.63
591.59
89.67
89.11
599.74
388.18
738.59
370.61
532.23
228.22
67.63
170.68
662.62
162.9
450.95
267.41
750.32
288.63
364.01
799.64
764.15
75.99
284.97
29.72
222.62
5.6
293.02
252.26
779.35
424.84
331.38
767.71
32.24
796.49
608.42
81.1
200.43
186.53
256.01
637.82
303.37
35.69
85.41
71.43
491.54
335.49
334.47
169.89
10.87
521.9
460.48
468.1
98.75
746.68
724.33
206.34
265.96
289.48
679.83
617.15
99
531.02
486.53
782.36
744.26
8.47
207.6
667.99
207.08
303.81
374.74
89.2
329.26
610.31
402.24
547.45
757.56
412.97
549.21
799.47
108.66
749.96
626.23
706.73
636.53
533.67
722.26
29.86
480.93
248.1
120.04
626.46
669.59
650.75
397.87
237.61
788.41
441.34
135.42
244.81
546.02
204.89
486.87
477.4
712.42
755.38
100.04
450.47
3.54
397.34
500.53
634.85
688.68
411.22
447.46
384.23
469.47
191.2
471.27
307.67
272.53
280.25
786.1
45.15
116.85
343.42
631.08
41.84
787.23
198.4
279.46
279.63
756.11
769.36
679.77
696.06
762.27
56.91
205.28
789.42
643.18
792.14
345.86
327.59
685.22
526.28
255.15
56.2
385.95
151.15
400.35
702.61
501.86
654.89
256.92
89.3
239.68
582.96
271.84
122.3
488.1
167.68
352.66
201.01
700.61
749.4
601.54
92.58
312.79
113.69
763.23
301.07
780.34
320.96
319.28
64.54
579.54
210.54
551.7
776.24
794.12
137.07
53.84
646.87
534.61
298.49
349.2
494.54
695.42
371.06
514.3
225.2
326.37
222.1
663.62
322.51
545.48
95
482.94
534.28
228.59
256.99
454.29
785.04
622.44
209.86
388.53
469.33
544.44
293.3
239.37
344.72
349.31
565.5
459.03
73.01
319.86
568.72
193.07
63.52
199.77
346.78
613.08
477.8
337.69
239.38
558.79
700.09
84.35
340.38
539.49
761.15
357.5
36.48
570.23
765.44
713.15
189.82
251.46
292.79
646.49
666.54
355.79
739.05
488.39
283.93
121.57
104.56
147.13
267.59
610.4
278.05
341
773.74
264.02
142.84
759.32
676.94
744.53
783.09
706.53
747.31
127.13
664.43
328.14
294.4
717.75
5.38
43.6
735.31
275.3
799.02
397.73
337.56
440.72
734.5
554.5
42.63
86.61
440.93
380.32
574.29
346.12
741.05
168.97
568.54
581.07
462.19
82.81
231.82
756
744.21
376.8
86.34
210.34
272.21
714.98
786.04
207.8
696.62
12.66
114
388.44
688.65
340.88
9.91
758.93
648.64
486.27
352.28
334.04
137.99
106.6
305.34
734.77
460.53
74.07
401.21
336.72
795.74
82.85
6.88
2.32
782.41
41.5
386.52
277.67
532.1
580.41
686.24
401.6
262.27
659.26
698.57
681.26
389.29
260.93
725
258.85
181
402.71
327.89
417.13
68.94
18.52
607.05
656.44
644.46
115.27
4.86
670.28
255.36
99.93
653.84
357.86
169.96
458.66
304.42
15.69
64.65
718.19
615
21.19
635.15
13.72
144.98
636.05
137.67
792.43
514.28
105.93
151.93
708.3
276.07
636
218.5
39.03
502.65
561.16
652.17
109.91
701.71
545
642.58
530.75
180.54
51.1
350.83
475.48
182.97
251.94
496.6
733.02
74.51
748.94
83.6
450.14
133.34
202.69
97.47
134.47
175.92
369.4
442.74
749.07
331.89
748.09
70.17
26.08
732.87
545.1
299.94
628.94
759.85
466.9
503.02
511.71
8.49
636.89
783.81
407.18
207.7
203.21
502.78
337.34
112.34
165.47
593.88
447.12
532.8
97.95
151.77
637.32
703.16
435.05
196.05
764.58
626.97
167.75
393.58
695.9
653.72
68.66
754.13
782.1
140.73
753.79
22.08
724.63
349.75
112.44
783.45
644.2
761.43
789.95
787.76
479.11
431.55
294.95
371.45
569.1
270.51
59.98
260.71
320.6
189.56
397.09
144.45
406.89
450.72
324.06
394.31
141.16
38.76
522.14
347.9
105.02
373.5
452.06
459.76
418.4
89.1
178.63
315.98
265.14
83.29
586.57
0.65
17.97
421.56
309.29
47.71
646.77
173.61
645.78
210.8
283.57
303.12
54.94
393.37
319.52
379.44
285.85
77.71
298.48
283.36
575.69
431.23
386.24
700.86
161.64
379.62
546.88
160.18
640.25
343.32
672.61
500.45
13.37
326.65
244.97
285.29
423.31
168.53
471.16
784.94
426.02
238.08
658.59
282.13
750.25
194.83
465.34
267.8
321.28
19.12
602.5
105.74
714.72
446.71
736.2
230.65
21.84
555.38
771.74
424.33
552.71
224.75
528.64
269.95
159.64
608.99
423.76
369.63
476.42
452.08
709.78
757.99
299.51
776.74
1.99
8.77
124.58
40.61
249.18
554.99
448.76
705.87
504.09
138.55
659.25
156.74
550.99
378.98
191.44
526.89
218.39
666.89
4.34
461.69
84.1
146.28
619.74
155.45
685.11
173.51
334.23
376.19
202.61
55.77
344.01
478.09
297.08
277.9
442.91
303.05
395.57
678.26
1.86
248.98
87.54
193.69
608.47
660.49
568.77
519.5
761.3
544.35
248.77
481.36
423.58
208.13
668.24
382.07
177.52
160.92
790.99
596.38
162.43
501.03
382.78
792.45
346.4
560.63
179.95
144.9
285.72
279.68
554.18
73.13
309
713.86
772.62
87.55
623.82
253.24
679.16
727.37
131.26
684.76
89.57
215.74
605.99
330.8
606.05
187.86
443.83
477.19
332.33
84.28
26.59
1.53
704.11
87.97
584.01
457.09
210.25
503.88
137.29
217.3
162.71
69.57
791.37
182.42
707.19
409.62
404.94
556.59
489.29
373.88
76.63
179.4
409.16
651.81
234.32
499.12
478.68
90.99
346.18
59.41
639.18
51.11
330.88
634.92
97.75
222.89
309.61
232.36
572.41
469.8
365.66
777.01
434.19
238.37
195.84
96.16
506.83
649.5
225.05
302.7
131.15
570.84
783.72
311.78
358.39
319.04
85.48
177.65
574.19
127.48
75.31
341.28
360.63
455.36
253.14
145.08
698.13
237.41
404.26
401.19
92.38
563.74
671.49
668.64
367.51
373.42
614.42
456.27
242.08
156.43
606.17
743.63
297.07
233.28
695.01
712.07
317.94
656.83
518.5
351.68
735.61
172.78
49.32
407.7
42.16
549.48
662.82
98.35
85.11
445.84
270.55
72.17
444.22
50.1
656.35
82.46
66.93
8.47
56.9
165.33
768.15
537.96
357.31
111.06
761.01
159.43
194.97
459.38
237.69
614.68
768
289.24
562.78
634.06
798.9
529.64
427.24
617.16
160.81
644.33
654.24
509.17
138.25
584.29
754.4
164.07
380.11
385.81
438.84
263
483.45
23.55
122.78
732.62
315.85
241.84
316.36
659.55
578.38
26.38
651.79
56.37
645.83
289.22
401.8
172.07
82.12
364.84
656.69
262.64
438.39
297.89
175.65
413.53
89.67
42.05
419.21
779.81
412.92
314.03
27.67
1.18
678.48
254.88
656.9
458.72
95.68
776.17
754.69
170.6
119.97
39.87
88.02
103.98
562.81
59.98
78.67
74.5
741.64
448.64
209.53
347.02
645.71
167.73
356.67
491.2
589
420.34
400.02
255.33
631.52
666.7
274.09
192.07
410.69
672.73
257.27
518.3
451.31
139.9
179.3
627.57
319.85
566.64
257.42
784.48
181.47
664.28
73.97
118.48
547.04
684.83
796.63
513.93
654.66
717.43
553.73
494.27
90.06
747.62
16.68
518.31
85.57
605.88
497.12
627.15
667.19
593.72
707.88
159.3
443.62
571.37
295.59
270.55
456.72
641.27
228.4
621.76
289.63
655.16
48.27
565.5
295.59
616.08
308.46
325.75
343.47
363.37
716.61
393.91
494.06
238.48
87.41
215.45
384.94
785.82
46.39
530.59
299.23
162.11
592.24
80.7
218.86
648.78
3.26
579.78
782.51
787.85
88.83
285.94
135.65
687.56
666.45
170.6
420.87
492.45
0.32
359.28
797.8
430.83
323.3
210.88
73.68
611.18
767.23
613.3
329.16
710.08
749.99
608.36
556.07
793.4
402.69
73.27
741.23
414.05
787.01
412.05
129.8
350.02
112.47
751.38
623.95
581.01
114.75
448.54
784.49
27.47
643.79
559.66
358.9
607.41
474.81
531.76
132.26
134.82
610.84
228.9
484.62
688.34
413.23
726.13
432.27
447.83
531.43
392.53
125.39
239.7
3.71
345.36
247.09
268.06
366.88
618.05
691.98
80.04
121.58
6.89
105.48
384.12
706.76
707.72
15.14
88.01
26.21
185.31
541.25
733.92
33.61
671.41
245.1
197.4
23.32
68.06
242.16
219.93
788.61
560.96
412.49
653.45
368.8
600.59
619.42
122.27
491.07
793.54
170.54
429.21
94.71
172.36
554.99
637.44
551.28
280.02
147.23
327.95
672.81
376.44
168.39
213.25
277.8
484
434.44
553.7
761.97
487.48
364.18
142.98
566.12
707.48
767.05
697.49
9.55
222.85
349.05
167.06
678.02
134.24
561.69
15.74
400.07
643.07
635.27
62.1
439.54
402.03
677.07
287.2
770.75
317.22
51.78
238.68
536.25
46.47
68.18
211.3
756.5
186.21
34.64
495.42
2.1
670.02
407.8
519.62
193.68
590.76
18.69
122.76
8.09
68.15
651.05
82.5
672.99
466.61
68.69
487.01
506.36
102.47
543.01
185.24
347.4
480.47
105.22
52.4
452.88
414.98
498.78
245.98
714.53
41.19
119.4
96.76
110.88
35.25
452.17
609.7
394.13
538.38
263.11
663.85
519
536.97
602.32
300.2
212.22
467.25
313.05
360.73
776.92
341.67
553.67
247.8
77.62
624.05
704.09
235.44
300.44
201.85
2.15
104.2
568.85
123.56
7.41
633.03
608.04
642.86
313.27
357.04
588.6
347.61
130.38
305.04
611.49
306.12
285.37
87.96
502.08
527.64
277.97
63.25
60.59
101.01
7.26
523.14
426.37
530.41
627.71
319.35
127.16
758.11
350.81
514.76
51.71
526.36
321.93
71.94
533.71
684.99
579.51
303.97
721.37
318.96
353.44
703.98
312.13
120.33
700.79
36.09
273.44
721.54
92.68
231.19
570.37
296.52
94.73
510.2
557.72
393.12
567.94
475.17
529.08
633.39
368.8
181.32
676.72
254.02
170.28
795.12
9.41
225.9
152.15
485.94
388.5
63.06
422.91
418.85
337.33
73.09
336.41
644.41
655.2
89.68
76.54
287.38
593.65
454.59
669.06
316.91
308.35
750.58
500.13
667.42
264.29
279.03
667.15
447.51
706.78
302.29
530.55
651.75
169.47
578.25
301.71
693.92
736.8
411.96
677.58
101.17
188.85
131.82
799.28
236.72
536.94
777.78
129.57
544.49
24.15
380.95
663.61
604.25
462.36
666.08
436.51
743.52
377.78
533.31
440.61
440.7
454.8
99.21
517.39
403.72
737.1
724.9
796.36
34.91
600.42
12.67
591.36
676.45
287.15
559.57
214.32
308.64
480.02
790.78
275.28
31.21
217.85
197.19
183.95
756.33
474.71
571.33
470.81
610.11
298.99
119.38
193.9
250.15
781.49
661.54
672.34
259.75
618.18
596.28
683.78
789.54
334.88
22.95
144.53
512.62
88.37
358.24
564.37
192.74
635.42
498.37
275.41
184.76
329.32
303.38
720.93
673.05
332.49
255.9
674.1
268.13
682.31
708.34
419.47
704.17
210.77
214.02
497.43
541.39
703.4
219.24
755.15
387.35
425.14
273.15
690.24
442.57
654.59
481.02
242.84
730.08
253.76
150.97
327.26
643.77
255.98
569.82
138.21
384.62
618.72
260.41
423.2
430.45
554.78
324.15
423.55
522.99
19.73
34.24
229.63
470.01
150.69
522.89
749.42
313.14
425.49
628.71
56.48
236.38
268.76
766.6
312.22
749.96
386.28
581.44
279.47
630.58
587.65
793
368.5
158.72
22.84
309
554.2
542.82
191.62
195.26
200.44
54.53
447.48
170.85
797.1
199.79
538.92
367.76
286.49
163.85
554.46
2
69.87
708.36
137.63
741.7
281.33
36.28
394.7
308.75
697.6
669.41
244.3
649.9
49.58
174.11
485.43
374.51
39.87
516.79
259.25
624.49
284.47
730.7
316.77
579.32
1.08
697.55
683.1
571.7
596.9
730.6
399.66
256.58
607.2
269.57
781.96
474.21
697.23
271.45
703.69
68.33
223.05
127.87
598.47
738.02
631.25
287.25
487.07
657.58
180.86
112.24
241.85
223.8
289.74
195.52
767.1
423.42
469.85
71.37
616.07
588.66
341.88
14.47
721.85
586.19
38.79
382.04
253.99
344.74
64.02
799.9
673.77
95.61
54.36
505.72
474.99
315.04
376.59
201.32
169.57
691.62
285.02
273.66
664.93
224.33
667.31
85.06
458.94
116.48
542.82
449.81
6.67
156.28
505.07
710.96
655.71
64.8
757.01
367.07
253.39
367.01
605.59
443.14
197.34
57.61
187.6
407.98
135.77
735.94
483.97
592.41
620.67
620.18
498.48
785.56
259.23
182.56
170.38
666.38
649.14
562.79
747.8
267.63
316.66
74.69
672.34
191.5
308.98
320.52
605.53
387.9
430.32
325.2
664.91
421.85
326.19
541.13
338.29
566.53
144.5
310.96
678.75
519.83
194.87
13.52
603.37
661.5
169.4
176.59
576.79
609.08
696.79
764.43
617.37
118.72
552.45
349.54
692.2
731.05
8.68
177.82
504.39
509.2
107.24
642.54
342.96
705.7
563.69
556.42
459.69
158.58
128.96
460.1
0.33
599.12
739.74
284.13
338.41
442.59
448.82
509.24
570.17
27.59
80.37
85.21
333.04
165.61
731.14
90.72
763.4
61.34
50.98
768.38
598.55
215.05
755.41
196.98
181.39
379.66
472.32
33.38
243.21
585.67
95.27
680.18
739.73
398.26
43.29
335.8
771.28
218.44
54.84
515.82
493.88
293.06
300.22
450.48
388.55
679.65
392.53
289.01
456.63
513.61
275.93
174.16
578.81
26.34
593.3
776.44
407.36
549.59
606.71
740.15
635.57
125.95
411.9
394.71
772.85
318.4
553.66
214.09
657.58
487.01
171.49
448.22
244.99
387.64
569.84
785.18
469.43
502.89
490.36
489.43
455.4
489.87
464.36
551.34
431.02
63.34
797.13
616.6
11.81
407.19
14.43
184.7
520.98
40.08
437.79
97.35
0.98
578.43
160.82
288.41
524.26
354.68
452.75
567.81
215.51
735.34
700.52
292.69
171.79
138.64
167.86
777.44
284.03
647.37
420.82
200.76
520.99
678.94
780.1
328.05
545.81
586.39
93.92
353.3
772.95
452.59
499
262.45
259.59
674.8
556.8
205.81
303.46
460.75
459.69
40
273.99
145.26
309.83
60.78
680.93
544.87
431.41
767.6
598.47
239.66
3.33
340.17
661.75
445.41
139.38
424.48
588.22
613.38
197.64
553.42
35.67
114.72
405.8
465.39
343.23
122.84
119.22
241.86
634.71
534.89
642.64
289.23
424.97
96.63
532.58
213.61
392.87
540.6
224.14
668.52
110.93
330.96
360.17
670.76
309.17
276.17
559.62
262.01
714.48
691.11
677.44
177.83
537.13
717.98
247.58
707.91
275.76
179.66
317.69
170.37
48.2
658.3
734.54
358.22
149.05
201.53
460.03
308.46
57.03
769.07
327.83
491.92
344.39
525.94
679.25
493.71
439.95
376.4
270.04
402.26
453.93
552.19
149.79
552.74
376.04
275.99
262.62
381.11
134.43
434.59
731.05
105.9
516.33
751.22
752.62
135.51
190.27
607.39
278.49
98.42
207.69
719.29
48.93
678.77
598.38
1.92
768.49
484.85
232.52
49.71
303.22
651.99
208.85
192.2
434.07
161.37
142.22
45.04
21.68
547.64
367.37
796.25
771.4
55.13
122.3
305.7
501.59
282.33
314.78
39.15
414.94
213.61
743.28
539.14
554.42
293.02
227.32
380.25
151.39
37.47
534.8
492.17
732.13
494.15
392.4
36.47
187.61
343.49
601.19
151.31
621.13
190.15
415.91
493.36
482.67
240.21
502.09
508.25
86.78
638.9
443.7
266.67
366.91
40.59
357.88
7.87
263.4
157.36
246.71
99.71
446.38
447.52
774.63
387.61
786.18
246.47
634.07
316.66
476.69
156.48
320
511.64
416.93
363.94
419.25
758.06
547.47
19.7
215.33
340.78
0.93
570.96
711.52
387.82
360.1
65.44
399.18
289.82
508.87
15.96
34.62
556.05
437.51
252.37
200.31
50.04
3.12
556.02
682.04
325.95
577.93
415.15
359.12
433.77
647.29
644.42
643.44
529
574.76
419.42
45.03
454.78
141.33
67.63
302.87
313.81
243.81
782
790.17
1.65
440.03
726.6
369.76
799.16
409.82
540.29
366.15
603.33
180.26
292.67
397.45
642.09
592.84
368.08
636.9
228.8
3.59
688.94
645.4
689.89
144.79
708.4
768.07
253.88
133.28
627.56
429.89
675.03
178.99
136.19
798.19
698.3
578.16
710.74
261.86
40.2
170.98
780.98
668.45
289.28
30.27
185.95
765.47
59.45
320.84
321.85
0.74
764.33
262.51
593.21
476.37
113.41
33.69
374.01
640.02
727.33
748.69
136.92
418.18
200.64
385.9
600.56
526.2
644.15
22.93
557.72
550.67
564.22
404.54
246.37
414.39
486.57
175.6
569.03
713.77
698.06
107.2
466.47
157.49
674.13
7.94
470.54
507.53
12.32
384.87
732.06
678.4
713.93
35.31
12.03
734.9
212.66
315.21
671.47
516.61
501.22
713.25
639.15
516.58
672.01
93.8
726.85
235.04
549.62
430.53
695.88
397.76
262.92
228.35
459.89
116.29
151.9
633.58
15.01
377.31
456.23
557.63
59.13
81.61
110.15
618.16
455.67
589.19
301.25
23.07
20.37
735.35
496.7
738.44
499.38
559.38
111.22
139.81
500.34
317.68
586.73
576.48
386.18
202.31
8.1
376.93
122.68
528.15
772.33
484.86
535.57
713.95
776.49
263.52
299.53
12.42
162.78
473.22
518.84
86.38
725.63
163.96
745.39
116.14
674.05
393.53
763.93
165.33
77.77
745.48
632.34
541.17
222.54
101.79
513.36
531.33
93.97
428.95
736.94
204.1
245.07
750.02
118.62
204.06
572.1
354.3
41.59
134.76
580.64
165.87
421.15
617.98
338.27
446.44
604.13
615.49
731.31
521.38
31.64
89.86
509.9
48.89
438.95
546.73
407.69
482.2
263.2
35.93
334.7
376.83
29.42
99.99
683.21
507.07
382.65
525.61
393.03
176.49
627.51
669.8
748.12
75.7
332.21
379.5
591.99
549.82
216.07
421.46
42.74
724.1
660.4
789.75
433.71
679.9
230.64
399.15
84.71
609.15
17.17
333.71
402.31
702.54
222.78
151.58
771.26
11.36
757.42
704.1
718.48
111.14
152.02
729.88
187.73
112.59
689.37
246.33
631.14
256.57
98.05
410.33
194.25
185.45
484.91
222.2
50.4
621.26
2
193.26
724.02
444.17
702.53
536.04
517.86
306.03
612.53
37.79
224.87
564.81
470.72
0
694.31
710.54
112.89
137.63
91.18
13.87
724.81
363.79
685.95
189.69
539.97
118.07
263.94
398.15
537.16
86.18
603.14
283.12
147.54
580.8
170.69
291.78
150.07
588.67
377.67
90.62
260.48
38.07
72.12
177.31
582.45
101.72
311.91
631.86
336.56
508.96
361.58
693.04
312.43
571.66
576.65
552.55
210.29
746.55
720.14
102.22
600.61
526.63
505.91
679.93
22.1
157.63
564.53
48.11
293.45
764.65
712.98
342.78
739.39
326.06
21.53
287.5
561.89
520.38
63.17
359.85
162.68
693.96
726.48
507.1
335.72
194.49
410.49
532
168.6
790.81
422.18
127.24
254.54
754.91
245.54
730.52
454.97
379.08
189.84
236.78
66.45
625.44
547.49
398.19
255.91
635.94
206.69
99.97
43.94
468.7
371.68
417.35
128.8
540.52
473.44
482.71
486.43
61.66
247.51
229.11
698.74
6.48
457.94
674.36
379.87
85.38
38.44
651.28
656.8
311.52
421.99
284.68
600.82
211.47
329.82
633.48
574.82
706.24
501.66
286.58
147.56
653.8
467.23
685.76
285.4
223.15
515.35
756.21
585.97
44.77
590.2
181.13
57.36
50.61
6.93
557.33
359.32
558.24
418.13
685.73
319.07
428.99
737.84
709.45
307.05
696.41
686.17
486.21
384.12
431.18
85.83
400.25
273.66
769.46
278.26
283.36
102.08
170.76
652.27
483.73
75
360.54
400.77
519.4
692.92
569.14
392.9
556.67
246.91
630.62
617.08
273.06
599.84
402.69
405.71
227.21
649.24
122.17
706.35
723.17
713.9
364.35
543.74
364.71
727.28
668
197.32
12.14
628.09
449.93
593.51
282.44
153.52
251.17
207.94
39.52
26.67
363.71
668.82
208.84
659.02
638.85
562.2
557.57
372.33
323.99
362.36
615.12
518.83
633.94
562.74
441.1
246.98
284.37
603.2
75.86
710.25
797.39
124.49
231.51
452.45
331.8
562.1
40.57
380.84
174.36
773.86
476.53
275.97
457.03
76.84
321.5
414.26
490.13
649.89
389.92
196.18
629.21
686.98
707.03
568.79
145.57
468.17
326.08
215.75
30.29
267.05
213.36
537.87
55.53
120.27
208.31
303.69
231.61
392.28
568.41
613.48
487
716.75
526.11
478.89
417.71
504.68
230.48
698.11
262.19
781.53
109.39
361.6
174.57
74.68
17.15
595.01
709.15
590.41
764.08
410.56
26.47
614.47
389.28
423.82
157.39
220.06
628.63
775.71
174.58
573.6
605.14
521.14
400.6
289.28
275.84
622.34
71.68
558.95
152.21
115.64
155.04
723.8
444.89
633.43
395.53
303.89
46.99
715.23
58.77
50.65
549.04
147.56
618.41
512.15
214.85
134.23
557.03
688.79
203.44
230.09
531.94
301.85
212.71
591.73
444.78
793.86
251.01
7.16
313.8
630.32
310.34
631.11
566.6
692.26
177.97
730.55
245.22
745.59
793.27
531.11
741.35
780.85
454.92
185.39
649.02
556.31
161.05
719.88
531.65
481.69
581.04
149.85
434.14
37.49
422.04
79.11
252.22
621.6
356.19
601.85
185.16
110.35
298.98
546.29
425.45
258.98
592.11
637.05
474.99
134.09
175.77
692.24
450.81
586.13
364.21
759.55
380.22
63.58
632.57
348.49
286.76
423.91
629.12
495.57
15.62
46.76
631.9
40.62
474.05
220.69
81.22
89.47
669.11
88.29
73.8
303.18
331.84
659.4
648.94
767.41
486.38
328.29
29.94
337.79
158.1
258.55
462.26
189.68
649.55
717.64
459.35
28.4
494.83
223.26
371.8
713.69
428.64
621.4
447.64
353.17
593.7
355.39
90.3
478.87
582.94
402.97
349.68
196.12
43.7
748.48
70
200.56
758.25
556.53
99.81
369.75
543.4
145.63
656.11
546.12
395.26
696.67
339.99
161.71
450.62
543.15
571.37
25.67
142.02
143.71
416.11
305.21
105.13
103.35
438.48
445.69
706.08
495.28
159.18
789.79
135.32
350.98
577.38
114.24
151.5
430.54
347.81
333.72
339.4
343.93
652.34
453.72
410.42
271.97
16.87
798.57
116.88
303.95
544.73
290.65
710.4
202.67
186.48
727.04
1.08
289.57
790.64
799.95
704.68
659.52
315.28
703.8
326.98
320.9
174.73
572.67
614.11
43.19
557
689.59
561.6
654.56
313.43
675.31
506.46
586.1
640.82
190.41
642.46
34.17
691.59
127.89
766.95
179.15
642.36
228.59
11
196.18
730.2
486.73
248.39
746.89
58.45
194.22
30.73
259.01
161.35
523.35
122.18
182.32
145.22
163.88
336.88
591.27
665.89
679.4
715.59
405
694.8
24.4
249.45
632.2
593.42
542.23
371.97
321.62
27.66
139.68
440.96
618.95
474.78
760.76
747.67
691.3
378.1
500.08
353.27
99.6
477.25
452.44
597.49
272.51
530.97
176.37
301.72
141.22
689.42
584.45
278.85
102.53
441.47
195.76
733.67
74.87
634.21
703.94
319.55
117.62
558.95
201.81
15.22
593.76
77.41
219.48
0.48
716.05
663.65
605.13
532.25
625.85
786.15
157.94
695.2
795.76
109.25
748.42
287.24
230.82
188.6
483.19
387.83
647.15
15.85
763.33
389.79
190.92
504.27
367.47
545.58
18.31
158.61
43.42
683.3
642.23
101.42
710.39
404
350.24
70.51
439.68
415.24
751.22
212.29
226.36
282.62
3.5
263.12
262.81
433.64
162.8
224.35
288.29
693.5
346.52
443.61
622.47
91.69
547.42
342.52
784.37
567.61
91.29
600.24
741.25
106.12
606.67
119.37
761.58
3.66
36.33
526.4
162.69
768.46
154.51
267.64
440.89
762.46
526.26
469.18
665.01
209.59
72.93
552.13
362.08
57.74
625.07
172.89
132.82
208.48
749.91
421.81
784.45
400.87
738.2
282.56
764.62
278.26
160.42
540.98
723.94
774.36
278.15
297.52
498.26
634.04
700.24
304.29
324.97
33.6
652.9
138.61
495.72
298
469.53
238.72
505.79
294.42
540.84
750.2
335.37
699
409.79
545.26
77.58
253.41
236.91
618.67
414.73
449.85
637.04
90.54
646.34
708.97
727.67
429.38
0.75
342.15
626.31
564.18
273.97
453.78
202.1
114.45
199.26
219.07
646.19
593.99
116.22
724.6
679.11
202.21
162.65
582.56
213.64
266.78
636.33
769.2
749.73
725.33
169.74
689.44
224.25
604
508.56
197.21
542.57
400.15
716.29
526.25
382.18
384.78
546.26
404.83
190.9
385.89
515.27
496.55
28.78
269.28
13.9
169.27
319.19
233.3
402.3
141.61
537.89
184.21
479.05
696.61
529.99
503.02
140.63
368.41
167.48
411.23
247.7
243.11
256.57
344.69
25.27
58
416
57.13
341.77
315.18
610.43
196.97
249.61
462.63
36.38
109.04
567.73
440.07
4.45
707.75
207.78
386.84
593.96
573.42
457.16
447.24
514.83
372.33
63.41
651.83
209.95
369.84
375.3
350.31
566.44
759.73
400.48
16.36
493.65
293.4
578.28
238.35
207.86
391.9
691.75
418.27
86.05
626.11
433.2
42.31
494.88
618.22
220.73
617.22
358.54
317.04
187.05
99.07
749.02
626.07
304.44
11.98
253.81
127.93
237.42
240.18
483.46
218.78
782.23
726.55
102.45
799.99
773.23
754.61
794.87
639.31
512.51
204.95
641.96
635.92
312.14
541.06
368.32
594.29
125.14
543.2
42.4
551.6
224.51
603.65
195.92
751.12
171.55
235.96
12.64
634.27
239.57
148.83
328.33
23.45
161.46
778.64
580.54
554.12
385.24
596.26
334.06
35.53
390.91
704.19
671.79
275.23
183.42
511.09
575.74
24.49
235.53
15.17
375.63
616.66
306.04
310.86
470.01
789.63
116.29
654.88
716.04
181.86
763.2
279.64
692.45
342.05
129.03
717.18
117.7
579.93
752.37
536.01
195.96
1.14
614.66
352.67
7.25
5.72
712.78
663.65
636.99
365.21
247.97
194.55
143.9
573.61
139.38
380.05
692.87
411.6
176.04
639.41
776.99
722.03
411.74
359.48
577.94
482.26
711.17
43.88
64.18
627.89
360.32
433.23
493.8
49.02
700.97
761.35
142.25
533.06
421.15
685.72
504.91
731.57
441.29
64.57
763.27
15.41
154.98
183.16
322.17
638.46
699.49
107.89
298.94
421.16
544.24
609.04
429.16
699.9
306.35
62.14
790.11
475.5
8.38
413.06
40.94
583.21
677.65
446.49
522.55
75.13
635.83
543.83
508.48
282.52
510.91
101.5
290.62
721.59
645.8
553.22
284.65
83.7
464.83
621.72
167.69
404.54
111.39
362.52
774.58
655.89
750.98
311.38
502.21
755.35
723.46
139.5
175.31
759.16
0.32
585.7
670.25
58.75
708.52
420.52
51.56
6.8
689.07
499.27
615.74
76.78
36.77
70.21
726.32
457.4
347.63
618.61
649.9
363.15
771.92
347.7
637.25
102.3
372.52
600.48
237.22
415.97
227.77
106.59
505.95
782.74
695.78
12.49
492.3
430.95
365.2
513.34
629.83
580.83
775.08
467.36
634.08
24.6
480.69
591.32
434.16
441
66.42
407.57
469.94
743.5
350.31
772.36
584.02
677.62
332.56
221.55
762.09
358.21
783.84
627.8
573.38
673.96
717.18
423.69
773.56
8.95
320.04
458.03
560.5
211.71
588.64
600.01
529.82
14.85
428.16
144.14
542.73
622.93
29.12
429.01
609.73
316.12
400.04
128.73
291.29
563.69
371.7
64.92
82.7
496.29
147.81
482.79
699.74
120.35
155.01
559.33
388.07
203.28
150.04
216.93
472.4
357.94
404.08
471.74
189.2
115.35
148.96
110.97
640.18
496.68
245.7
784.03
216.43
461.64
167.28
151.89
175.58
238.85
125.1
577.33
214.41
388.06
754.79
668.68
386.43
348.89
343.44
214.2
391.75
192.8
254.19
562.06
738.84
759.17
559.93
157.41
530.37
446.59
580.7
316.37
229.88
685.37
374.53
105.14
102.11
344.75
534.35
441.03
331.34
782.05
468.02
397.23
306.32
362.42
475.82
553.75
92.66
764.29
9.3
328.82
124.14
29.83
421.75
539.37
54.61
508.31
164.58
221.03
696.87
488.68
600.25
334.19
644.75
473
521.12
610.76
741.5
290.51
381.64
672.59
484.59
219.03
568.73
278.68
279.87
571.12
1.38
758.93
90.21
265.79
142.07
358.94
410.87
719.86
462.83
404.26
112.55
210.33
621.69
734.63
712.41
17.32
456.51
69.63
666.43
128.48
316.16
12.3
425.03
528.35
799
148.49
164.97
649.71
317.91
477.16
308.52
454.37
562.36
616.37
717.38
725.18
240.34
525.77
184.59
613.46
314.09
102.81
495.85
250.32
578.13
261.63
70.64
159.61
508.71
69.27
584.03
201.28
377.87
169.25
686.02
572.96
285.83
662.8
633.76
362.09
603.23
392.02
590.15
422.05
411.28
749.91
323.44
398.54
122.63
383.5
114.32
757.39
631.15
216.29
726.76
297.85
524.98
765.63
74.6
209.16
140.81
422.74
425.52
657.89
489.99
436.28
438.61
434.32
520.33
46.44
751.79
773.25
711.05
784.41
576.54
743.53
424.9
330.44
43.11
237.1
640.71
250.84
697.11
383.94
349.12
395.54
706.09
285.84
404.63
223.7
254.84
445.26
311.76
755.27
306.12
97.29
304.93
195.51
674.63
460.64
126.94
265.48
794.45
796.76
762.99
74.12
644.59
284.28
394.46
757.64
498.81
270.17
525.45
690.42
457.32
773.87
374.87
478.88
365.27
459.29
613.92
299.47
238.81
162.73
348.72
556.34
380.23
415.92
228.43
435.09
159.47
799.75
96.57
57.41
499.59
71.45
14.56
459.49
24.61
275.47
708.74
344.92
147.8
3.6
195.98
393.88
497.61
629.74
655.99
368.3
71.23
201.03
213.33
647.12
155.71
223.73
187.33
4.5
358.99
488.17
279.39
796.58
19.53
191.04
55.95
613.37
52.1
278.98
83.32
575.03
226.6
657.21
545.13
339.9
553.42
182.91
75.53
311.45
201.04
538.89
155.84
575.72
522.29
592.45
654.48
799.43
777.49
637.84
693.26
385.63
47.03
164.91
327.97
418.57
796.9
646.39
499.77
113.5
661.3
765.34
431.42
512.95
76.51
215.38
204.42
501.38
650.01
65.52
548.54
545.32
227.83
171.77
477.98
458.65
706.43
588.72
431.12
28.92
278.33
768.73
558.59
618.01
71.01
494.19
209.1
766.4
122.67
328.85
306.38
640.91
274.04
638.48
251.04
297.08
177.29
527.35
408.25
25.35
162.11
511.48
540.66
246.11
579.89
158.71
481.72
188.86
523.85
760.4
418.09
82.19
92.34
503.24
472.54
335.5
792.54
528.91
427.33
483.15
66.87
388
736.64
293.31
788.35
227.54
160.61
601.22
121.72
734.03
512.71
705.32
442.4
254.46
156.98
278.05
566.96
250.94
361.26
300.27
756.48
695.08
136.78
178.13
201.99
619.41
116.03
344.8
590.77
624.14
76.35
373.03
146.61
600.87
340.63
595.8
671.83
36.39
593.96
500.34
184.9
252.88
195.07
461.59
128.92
612.57
156.61
591.5
504.14
530.5
451.84
141.03
565.63
123.83
248.26
641.94
335.98
533.19
62.55
185.87
730.29
528.29
792.23
561.9
701.57
568.61
650.3
619.41
63.17
176.41
345.99
715.56
33.8
486.42
142.04
324.28
34.51
586.67
331.33
552.26
349.62
500.25
636.94
659.82
672.01
794.52
651.31
538.75
652.96
649.37
624.61
271
189.14
762.97
688.18
151.12
338.65
766.75
581.53
609.19
490.02
576.44
337.37
275.42
260.16
49.52
591.95
554.5
298.94
718.09
541.47
262.35
333.43
79.26
595.22
673.09
625.35
564.3
658.9
272.68
676.41
440.76
613.57
451.6
71.56
217.22
402.95
355.92
595.13
298.65
43.35
121.04
715.86
62.61
560.14
640.86
309.73
472.94
176.27
288.78
292.44
145.32
28.63
138.85
12.35
162.56
328.99
652.33
158.6
309.15
625.15
186.79
499.59
244.07
287.82
200.28
41.16
122.43
227.72
646.98
273.58
348.73
68.33
131.13
478.03
673.34
33.8
776.7
80.2
505.59
20.28
430.61
204.71
107.25
465
595.52
60.32
224.81
79.67
576.65
773.87
140.25
383.53
302.43
361.78
288.19
95.26
663.9
525.51
681.12
540.81
24.3
620.38
208.58
317.46
77.01
675.07
776.18
142.56
415.14
361.96
15.32
644.46
234.22
241.59
758.67
447.12
397.81
333.33
292.77
593.45
596.86
16.14
145.17
377.88
241.2
112.91
529.23
419.15
111.45
717.7
248.24
751.75
288.39
315.81
208.52
659.12
781.94
539.97
724.35
480.09
228.34
701.28
148.27
303.96
756.61
444.03
752.22
325.03
555.98
66.23
17.93
587.52
396.75
118.35
399.61
102.4
751.08
234.23
177.05
224.37
250.46
765.42
626.7
234.6
112.77
378.27
464.15
631.77
760.76
155.5
93.95
583.19
379.47
230.93
573.22
215.63
509.38
35.63
584.95
91.27
325.97
467.56
343.83
327.47
207.51
316.92
748.73
29.4
512.57
462.24
162.5
23.41
702.71
384.02
561.31
73.89
208.66
522.62
684.08
501.06
515.33
292.25
644.15
730.65
286.3
422.04
576.07
281.04
613.61
136.83
192.9
475.34
259.97
75.79
6.19
711.74
538.4
512.93
111.43
501.07
599.69
171.79
423.64
232.33
86.75
318.14
443.05
446.51
524.7
551.5
704.16
43.03
561.29
332.06
579.32
463.37
719.77
70.11
580.41
86.22
572.27
560.68
24.56
551.04
653.73
649.49
733.57
471.62
579.28
495.22
13.38
624.79
679.58
625.68
262.44
665.98
557.92
325.48
122.32
132.13
168.9
46
450.57
336.85
170.75
746.14
666.04
665.55
100
358.5
235.68
348.88
464.09
480.65
504.85
32.55
78.5
405.53
523.94
348.77
312.65
605.59
468.53
323.27
108.2
255.26
741.13
792.91
208.82
314.71
757.81
88.98
99.17
680.45
53.55
764.28
62.87
690.67
311.01
662.16
454.71
472.05
564.64
3.95
746.75
455.14
413.86
658.07
391.81
524.21
434.75
707.66
372.24
605.69
688.68
574.17
759.32
777.33
6.94
564.62
788.21
189.71
654.74
520.94
25.57
150
635.2
646.09
289.48
376.86
598.63
249.23
87.63
142.02
763.74
676.68
712.86
683.78
85.64
107.82
318.77
42.15
346.91
131.02
472.14
268.78
746.1
730.05
413.47
198.92
112.49
611.84
290.56
448.45
65.74
700.16
417.82
262.87
342.72
41.59
77.81
420.54
104.79
98.81
70.81
64.28
342.02
526.74
19.74
717.87
560.87
569.96
546.6
226.57
194.32
405.48
489.26
208.29
710.67
638.27
556.97
540.15
345.23
135.63
27.92
706.21
727.82
457.44
623.6
652.07
426.88
623.88
69.56
295.22
207.32
644.51
295.65
310.9
547.31
770.85
588.99
138.45
712.1
72.17
182.42
155.13
152.31
578.71
228.99
11.26
324.35
541.81
638.58
15.45
578.08
338.58
469.43
421.15
165.13
401.94
122.96
589.18
464.57
111.35
710.56
592.96
363.73
551.46
62.23
133.46
331.92
207.75
169.3
305.74
682.28
609.29
392.49
729.31
751.2
540.87
680.31
25.13
577.29
65.73
201.19
519.17
392.63
433.57
230.58
411.09
486.39
354.29
171.82
713.46
61.23
267.05
442.45
746.02
330.06
268.01
305.5
604.39
584.69
317.62
269.99
791.97
76.89
690.32
232.13
691.25
85.46
626.19
312.34
595.06
57.89
6.6
608.63
623.44
580.17
687.3
700.34
117.61
103.44
101.54
791.35
528.83
726.35
292.81
145.48
524.47
184.43
417.77
428.63
99.92
406.34
644.79
664.79
477.33
297.29
484.08
625.31
228
780.76
583.68
445.5
352.82
67.42
55.27
231.75
630.89
411.26
449.47
432.41
695.51
75.26
70.12
635.16
212.12
163.62
349.1
718.95
78.26
677.37
478.17
61.04
309.17
464.53
757.44
308.89
228.97
92.29
115.98
206.03
627.76
66.26
64.89
583.56
327.68
779.27
521.12
594.37
676.03
637.8
679.75
409.41
514.09
338.39
437.02
652.89
316.55
330.69
371.54
116.16
425.4
759.03
712.61
731.82
270.76
270.31
436.88
682.44
656.9
123.4
432.96
175.13
279.35
64.3
89.17
503.49
44.75
764.26
323.89
195.14
323.48
599.77
33.75
579.13
80.47
21.24
335.43
185.49
634.35
162.08
92.98
154.62
102.54
15.73
35.15
747.53
323.23
179.73
408.31
650.02
322.75
742.98
622.79
281.09
504.41
87.17
598.18
693.72
243.14
757.08
525.53
342.62
755.3
352.82
765.83
365.35
373.5
662.32
628.81
339.76
519.69
596.97
508.92
751.65
333.21
358.41
64.77
381.45
706.73
293.31
93.47
501.57
453.66
619.62
203.92
418.12
545.69
606.01
273.28
591.39
649.18
415.49
436.78
169.78
348.64
396.48
666.84
793.73
179.19
13.64
388.16
756.87
400.63
499.22
533.02
506.54
598.81
553.86
74.2
50.47
248.73
555.02
187.53
264.75
681.43
418.85
403.77
209.4
783.96
546.22
725.38
513.02
461.9
505.12
466.63
297.89
348.58
480.99
328
208.23
485.27
581.4
16.01
256.57
121.85
586.22
147.73
644.24
533.75
528.48
644.31
218.75
60.43
148.49
195
69.11
461.92
500.84
675.86
10.35
6.18
753.2
524.54
158.18
571.13
635.4
250.67
730.93
723.72
707.69
369.32
661.03
358.26
34.65
443.34
303.44
249.09
642.04
540.32
741.05
70.36
361.21
562.85
239.74
402.23
537.77
98.05
393.19
44.87
419.45
609.63
692.75
128.79
578.86
734.07
211.16
327.77
39.02
348.19
86.65
378.9
357.08
302.89
462.39
11.1
385.33
723.57
332.74
351.48
142.61
746.02
447.34
435.51
762.66
334.84
221.4
209.41
38.05
451.99
410.74
519.94
565.61
69.54
555.59
647.34
37.43
512.14
404.45
70.32
448.46
95.28
306.07
174.45
24.18
213.83
24.65
47.82
199.71
154.34
320.54
493.53
121.53
701.95
672.81
669.3
708.93
29.22
483.28
16.46
659.49
130.97
798.47
190.55
642.97
385.03
637.23
247.07
626.08
5.6
8.49
451.25
572.08
682.02
794
310.52
13.04
718.84
32.81
532.58
82.61
118.17
336.87
176.77
492.15
311.12
598.12
277.34
348.78
525.43
87.5
187.11
524.49
727.87
54.19
508.24
498.32
668.35
220.08
18.59
151.27
707.55
301.84
748.48
514.15
399.03
736.06
726.58
636.22
408.26
588.24
447.76
522.56
249.99
249.68
588.49
363.46
101.9
626.8
347.21
143.12
593.15
740.51
668.41
501.94
267.95
177.03
68.12
5.87
544.64
146.97
444.43
645.72
658.43
447.28
101.8
363.7
204.66
770.97
354.64
18.23
316.57
11.66
401.62
716.44
150.58
660.87
89.16
87.5
792.76
128.39
375.54
301.26
633.46
577.77
401.89
312.88
783.02
407.53
9.19
23.03
110.03
639.15
745.42
178.71
370.9
508.43
49.17
329.85
352.6
593.71
356.22
549.46
482.68
550.03
286.7
97.33
493.7
742.64
664.04
479.08
204.29
126.25
351.96
533.02
512.14
424.24
669.73
33.82
30.96
614.17
483.67
795.39
568.73
190.68
626.09
65.94
571.72
27.71
474.37
261.49
643.62
410.11
169.88
506.66
176.96
775.62
362.73
186.69
676.8
725.46
236.02
26.49
24.94
412.02
241.22
209.85
343.31
179.8
788.55
477.11
693.04
157.89
87.99
677.58
324.56
129.01
141.85
474.7
762.59
139.99
28.44
309.83
32.21
731.14
194.43
768.2
359.8
98.4
327.11
203.18
588.91
633.7
24.98
745.07
486.45
112.05
687.12
585.54
310.55
172.21
580.32
113.4
150.67
174.42
621.07
280.85
602.96
482.64
325.22
654.92
4.33
715.75
32.28
493.55
178.47
176.94
201.27
501.42
741.03
540.91
22.7
523.16
227.36
278.63
377.1
227.58
187.28
337.7
548.2
329.86
790.21
717.33
475.97
692.25
742.81
120.06
238.04
665.63
231.26
328.22
765.32
93.67
174.42
787.07
208.97
384.52
183.89
704.06
560.57
686.3
276.86
204.39
672.96
646.7
290.55
159.97
611.21
351.18
251.33
444.41
264.98
520.11
336.77
523.06
134.84
117.54
571.73
362.49
311.84
163.78
39.83
535.06
547.08
226.27
374.03
362.84
124.83
642.46
318.77
433.96
535.56
525.16
564.12
338.75
431.47
30.21
666.44
545.86
141.46
665.14
455.03
521.68
791.97
462.28
754.56
188.24
132.15
680.26
561.42
704.65
96.27
276.31
440.33
195.45
661.34
662.94
126.81
511.95
511.07
88.3
588.1
462.48
328.12
517.04
533.76
799.41
669.82
227.43
438.53
179.54
355.41
387.81
267.21
535.44
89.74
44.78
662.38
715.75
0.8
598.63
428.36
283.87
576.94
243.05
318.24
138.96
780.43
642.25
723.11
632.24
752.35
468.38
648.66
440.23
688.93
771.73
575.21
373.96
153.33
757.46
287.67
645.85
271.06
475.47
432.77
35.23
776.39
165.54
417.35
340.23
10.85
647.87
507.91
181.12
584.72
328.89
474.36
66.46
70.78
275.63
290.5
430.11
157.19
207.74
700.8
82.99
82.08
447.57
181.89
552.76
566.28
607.07
672.87
5.84
743.92
87.16
468.8
51.68
456.75
747.62
317.98
477.06
301.9
742.95
297.52
358.8
614.26
108.18
278.8
766.08
625.81
328.37
534.33
254.66
545.69
744.67
310.07
422.99
386.58
286.97
526.88
535.54
272.35
144.55
215.97
351.57
651.87
84.71
506.02
145.05
541.57
393.5
244.24
213.14
282.78
164.45
791.64
799.64
141.01
409.62
695.64
403.68
77.36
507.01
366.22
59.01
770.1
413.86
373.73
648.31
774.59
578.09
788.15
420.42
628.28
89.21
718.61
616.85
82.55
361.79
202.4
627.7
335.78
728.02
640.79
792.78
416.47
280.01
97.2
510.46
593.69
395.67
544.03
442.78
626.36
159.52
728.15
759.31
575.14
638.02
474.15
37.21
549.12
346.49
665.25
683.27
68.47
254.18
683.1
335.41
230.44
55.14
482.71
649.11
764.49
119.69
228.5
412.87
112.86
50.14
0.92
606.18
49.8
183.99
102.6
477.15
695.77
651.15
342.18
424.78
466.57
15.11
541.72
405.97
422.6
320.64
712.03
435.07
659.14
571.08
624.22
718.32
584.23
622.3
620.04
541.03
288.84
554.63
493.26
354.22
500.95
786.37
122.73
637.32
468.06
525.96
522.73
474.05
319.7
575.49
475.13
312.15
682.94
645.22
497.97
122.57
36.3
438.61
751.73
567.4
97.86
200.32
654.17
217
543.25
616.93
595.6
105.7
185.52
67.86
599.96
527.42
260.87
548.72
783.03
548.81
790.16
685.69
139.24
373.42
495.36
650.31
460.73
176.19
36.78
478.24
643.48
389.94
708.82
8.12
169.53
181.03
405.57
402.08
386.19
675.42
66.39
562.89
196.07
262.31
724.13
542
762.44
362.25
271.98
430.78
790.85
564.36
685.6
525.45
646.92
307.23
234.5
61.89
641.14
19.19
91.05
710.29
753.95
522.54
725.46
137.26
118.75
122.27
75.69
437.37
235.84
680.52
277.15
85.74
668.25
576.72
50.72
411.71
533.45
557.7
777.92
788.15
658.73
450.94
304.03
30.62
588.08
258.35
781.6
727.7
142.87
716.6
677.17
629.55
700.41
128.08
127.61
772.65
83.35
562.77
222.83
766.31
393.1
92.29
417.04
603.63
650.62
720.98
120.22
387.57
158.53
774.34
496.51
399.22
735.47
793.38
242.04
495.56
216.24
379.79
406.18
188
570.25
92.8
243.09
198.46
354.13
119.99
63.72
762.8
732.81
304.22
436.63
227.38
542.06
86.71
554.72
305.13
14.77
363.81
274.98
435.16
287.82
85.59
448.5
76.44
705.16
262.7
512.6
393.51
385.43
311.34
24.31
306.02
681.21
567.61
519.03
727.17
371.91
328.48
559.54
185.54
503.84
351.88
237.93
399.75
283.29
595.01
511.62
169.22
389.23
57.67
754.48
639.62
451.9
386.77
519.65
97.4
492.82
303.88
273.56
154.52
8.86
284.07
499.57
82.11
699.97
4.88
191.99
350.8
89.76
195.01
715.72
107
196.5
736.51
615.43
80.6
146.88
52.7
532.29
721.19
390.25
763.42
173.73
199.27
175.1
482.48
145.79
306.36
73.14
354.47
336.38
296.2
790.65
598.71
332.49
309.94
226.23
5.99
345.74
250.86
377.83
711.68
345.76
276.19
351.22
319.72
86.4
618.39
591.32
34.33
201.22
439.5
650.4
542.33
509.76
131.13
501.18
195.93
729.05
555.11
775.28
286.47
299.16
158.12
2.53
163.94
215.22
74.37
20.45
68.85
285.79
689.53
519.9
212.74
498.42
393.33
696.8
388.18
334.65
752.74
645.02
591.7
506.28
763.14
636.66
44.1
623.51
189.39
765.89
602.07
462.38
709.78
602.14
502.86
190.72
605.29
768.11
273.17
194.37
164.06
401.15
195.21
344.54
532.56
751.23
721.02
428.43
381.33
515.94
556.59
739.57
313.79
489.03
41.89
580.94
643.58
191.51
309.94
138.25
365.41
661.98
775.79
450.85
205.22
167.62
6.95
358.26
762.57
483.68
620.18
35.44
614.43
66.67
153.72
104.56
10.08
639.98
96.9
368.29
108.4
234.36
681.82
139.32
111.63
248.32
328.43
762.97
617.96
202.75
582.64
564.63
242.52
543.65
747.01
143.35
756.01
361.27
198.86
328.03
669.16
723.86
481.02
404.97
124.2
600.5
680.34
35.79
306.21
660.05
656.17
304.46
601.25
184.48
614.96
580.47
371.59
291.28
64.58
577.72
723.42
517.14
733.51
753.48
19.22
325.55
130.68
166.81
269
218.82
334.15
437.72
294.1
226.99
349.9
665.86
785.24
397.08
555.43
281.05
184.34
542.05
251.42
455.72
665.62
318.15
94.8
621.58
206.99
255.24
155.48
26.83
796.82
507.06
477.43
48.63
198.73
538.06
503.59
565.94
159.25
78.53
268.4
319.82
329.67
15.03
487.99
31.4
776.8
598.78
132.58
307.01
565.64
748.93
446.59
494.24
209.41
19.82
32.67
720.13
370.95
512.57
714.82
688.17
102.86
302.48
377.87
572.01
580.84
24.26
320.31
320.78
792.67
593.62
447.23
386.02
73.94
418.31
417.08
660.77
565.25
785.81
746.92
150.28
55.72
371.34
670.85
491.99
179.61
151.84
358.58
97.07
638.47
761.54
538.21
53.42
669.05
442.1
285.64
344.96
275.76
348.94
643.61
311.71
729.25
163.27
525.09
411.74
133.41
49.85
34.19
169.8
473.92
109.74
76.96
392.13
183.52
215.05
371.22
791.29
130.51
238.1
574.54
405.06
487.39
90.8
571
666.03
282.27
352.42
314.76
230.69
36.89
251.24
709.02
797.62
646.31
381.48
749.23
783.39
678.58
438.81
447.82
252.09
737.92
601.47
177.74
614.5
672.54
777.04
50.21
594.35
767.94
256.32
606.9
17.85
688.77
338.71
139.68
160.55
474.99
692.86
38.34
6.23
766.17
416.49
133.85
553.85
213.79
137.59
638.73
598.91
363.36
208.6
742.8
276.3
155.42
308.36
768.52
644.68
299.69
552.43
157.04
265.99
213.94
593.05
350.88
445.04
593.69
381.54
427.02
482.02
419.24
526.76
226.46
593.07
484.12
755.66
41.51
605.42
64.81
460.64
96.66
127.51
299.82
198.86
412.12
778.38
372.85
485.04
566.45
380.52
455.47
40.09
576.32
127.86
216.36
457.76
549.46
654.2
686.46
121.85
530.78
719.35
526.22
463.36
567.39
795.2
736.01
299.13
413.44
798.15
550.49
162.4
565.28
773.83
413.27
240.56
148.05
761.62
282.48
154.11
728.92
307.51
578.21
266.84
422.4
637.92
227.51
60.42
281.89
25.66
774.84
420.42
541.14
752.24
779.21
567.17
616.55
155.41
76.96
155.37
467.77
359.47
263.39
9.65
157.39
409.3
280.14
654.25
185.26
644.06
413.66
27.08
745.93
1.54
79.51
767.43
696.01
696.18
34.78
452.45
790.83
155.7
701.28
697.35
436.51
383.91
198.93
28.77
126.84
320.58
223.93
62.41
661.31
470.58
537.82
679.93
271.51
372.27
771.83
239.8
481.68
70.61
107.05
335.37
543.97
244.76
437.2
491.09
644.85
7.99
639.28
548.53
45.37
395.87
160.26
245.78
575.48
492.39
666.25
153.71
395.58
692.19
769.79
110.35
685.79
391.09
306.26
558.21
612.56
594.15
140.85
506.77
475.55
365.59
460.58
148.07
209.51
453.93
452.24
30.38
658.9
748.53
508.56
744.92
514.63
193.23
298.44
399.54
271.15
788.07
420.52
144.38
50.66
459.54
169.11
597.97
524.53
545.57
77.23
487.21
95.4
380.55
410.29
741.28
702.6
794.62
155.3
333.09
686.23
255.32
374.31
602.89
736.47
125.65
96.9
468.31
254.24
447.59
248.39
261.95
448.99
559.07
104.53
552.33
628.3
734.52
582.72
786.42
466.33
486.8
206.04
507.77
85.85
166.07
425.16
527.71
361.14
777.65
641.64
336.14
199.22
372.05
691.53
669.4
361.12
542.9
260.59
454.29
377.8
453.03
670.03
410.1
787.32
63.18
724.32
352.36
406.13
648.85
440.08
275.3
295.95
39.52
248.38
139.19
678.5
292.84
797.27
618.14
561.19
531.91
569.4
379.02
735.57
318.89
372.4
770.82
586.95
594.75
288.04
148.52
719.27
642.48
613.99
667.94
267.93
653.17
699.53
372.18
326.08
104.28
326.97
135.04
433.11
118.72
518.31
553.92
477.44
169.06
261.92
562.94
126.92
554.43
75.26
733.62
615.56
322.57
410.67
779.5
326.6
25.01
164.16
653.97
456.08
450.55
206.49
13.08
564.67
243.66
605.22
662.36
14.98
136.1
774.12
637.82
345.77
67.53
139.68
202.13
164.49
146.78
410.63
415.83
749.75
736.68
754.79
628.75
48.57
586.11
12.26
692.77
251.22
695.45
564.98
455.76
201.98
217.92
76.66
4.82
314.84
125.62
375.63
578.53
719.13
651.65
58.02
197.29
159.78
693.89
751.67
106.99
236.51
521.59
323.94
522.97
680.79
283.3
137.73
691.82
555.16
672.21
731.42
680.65
256.13
396.09
757.24
322.45
639.57
672.52
365.87
493.91
251.67
115.44
495.41
458.44
440.27
210.16
542.49
145.66
301.07
100.92
790.45
37.26
717.45
637.1
313.53
699.21
570.54
180.84
60.47
399.4
446.67
143.42
457.97
597.78
769.91
369.28
418.86
283.34
726.65
549.89
342.58
109.27
523.53
117.14
26.06
593.79
476.3
427.61
340.81
69.9
683.8
730.74
233.76
711.78
606.53
297.12
4.31
424.09
153.37
21.43
697.02
274.97
101.61
198.21
48.53
57.7
547.23
203.65
702.29
20.58
95.95
611.88
11.59
419.09
37.27
763.17
787.26
510.14
521.97
446.06
32.13
502.1
747.96
416.52
413.33
519.71
649.85
212.59
10.95
456.43
657.03
675.69
499.98
269.59
464
153.42
730.7
392.37
466.52
670.77
457.24
341.51
768.32
353.54
788.88
387.96
474.11
356.03
72.31
187.83
322.06
382.91
179.31
204.56
283.23
503.33
757.43
630.72
223.85
96.04
413.7
753.2
591.85
71.73
513.18
17.07
165.13
226.89
367.28
765.19
146.31
600.8
9.97
568.01
13.36
358.63
659.23
339.22
573.05
698.81
194.93
483.2
161.83
244.01
599.62
490
464.73
442.97
562.63
611.39
9.58
327.44
738.83
180.54
70.49
171.12
449.57
271.88
14.78
536.25
653.49
520.37
38.57
453.9
654.01
442.18
742.94
470.31
352.74
328.27
777.31
787.71
649.05
678.7
494.04
459.08
675.17
560.11
183.35
712.54
64.26
104.42
64.9
243.47
762.93
690.08
172.41
497.99
779.41
597.07
441.49
67.63
681.53
678.97
518.61
555.2
96.61
564.9
23.21
516.81
677.2
641.68
785.93
709.47
281.27
346.64
607.75
199.62
62.97
466.99
221.16
468.76
433.64
557.92
187.24
572.77
104.06
763.16
483.46
697.71
116.28
215.44
610.54
352.63
139.78
508.84
118.52
699.45
363.51
337.39
169.03
629.34
617.15
234.59
7.04
182.76
637.79
710.04
394.08
188.88
111.54
10.61
181.6
511.74
443.37
394.58
185.1
457.21
654.48
553.79
577.68
618.07
227.44
202.07
712.12
282.63
611.35
771.72
163.93
182.25
596.25
24.89
432.62
76.74
407.81
710.09
55.29
703.63
730.01
209.03
96.44
77.3
695.53
126.29
465.9
149.36
300.37
251.09
477.79
775.5
797.33
596.68
645.33
384.37
345.92
770.08
156.75
510.75
742.08
54.2
405.81
519.14
209.86
770.05
520.7
157.95
722.64
450.82
170.18
745.78
559.42
446.48
252.8
351.91
363.15
628.79
572.78
301.78
733.41
389.5
409.26
448.49
156.96
656.15
94.44
616.7
339.5
505.23
281.64
311.59
152.59
369.59
734.9
390.5
102.91
715.81
763.77
316.76
746.71
545.09
217.25
210.67
157.98
123.8
389.25
259.71
652.6
127.44
110.89
94.74
240.38
353.76
2.82
28.38
679.94
252.11
205.93
395.64
537.36
579.13
491.99
575.04
27.82
738.05
456.74
772.39
165.61
58.22
298.65
242.65
728.54
164.73
600.27
649.51
670.48
76.21
317.75
68.13
478.77
689.38
661.51
198.72
289.88
721.28
382.54
728.3
131.01
717.02
289.66
397.92
680.61
326.19
317.19
350.61
328.03
653.99
384.79
649.73
91.6
144.25
491.23
584.96
72.08
392.94
384.1
597.75
436.33
627.36
650.48
768.94
282.89
147.8
211.63
79.58
590.79
434.49
12.12
323.41
737.84
683.51
258.36
752.39
17.62
411.7
513.46
672.32
715.16
529.94
329.29
141.53
654.89
505.33
589.72
335.51
280.64
302.13
593.48
51.68
303.58
518.47
774.24
550.62
644.27
544.22
621.72
4.14
539.62
471.07
742.18
354.64
421.38
216.21
645.39
257.43
651.78
57.56
691.25
536.46
82.32
281.75
277.27
671.42
323.01
718.59
195.25
591
439.78
115.57
155.55
705.26
425.56
739.26
398.04
410.49
704.42
175.85
251.74
207.01
153.69
443.57
445.64
298.73
467.11
791.12
754.91
196.19
68.67
137.46
108.16
460.47
717.5
607.7
542.72
202.79
350.25
708.8
302.53
591.4
791.03
609.95
421.17
378.24
142.9
27.13
198.93
401.48
125.14
157.99
261.07
657.48
196.81
544.87
10.86
265.05
328.9
177.81
55.98
43.14
464.42
284.5
180.49
739.37
206.15
789.71
289.58
131.2
775.1
734.83
270.26
358.86
689.67
686.63
665.72
568.55
136.8
620.86
634.15
332.11
231.67
349.47
11.52
558.05
287.15
154.19
488.39
342.86
117.8
94.86
733.59
689.24
654.98
553.46
351.71
467.84
225.63
714.19
624.79
748.14
259.35
479.49
715.96
209.21
1.29
685.19
441.07
340.04
393.51
228.77
333.02
12.46
576.72
275.29
80.92
742.93
759.03
109.61
194.79
486.44
668.65
41.76
169.04
37.49
410.29
767.53
327.29
375.56
138.45
229.83
755.89
309.07
643.13
46.19
547.64
273.61
787.75
150.25
610.58
444.59
259.43
46.84
153.35
52.69
668.31
156.3
178.91
476.79
174.74
1.45
470.03
329.36
751.38
369.2
639.87
445.87
710.82
605.92
664.55
97.39
21.93
523.14
583.17
189.37
143.44
705.99
602.65
709.68
294.66
314
386
309
632.29
739.14
36.02
287.36
628.41
34.72
296.95
362.67
56.14
215.41
446.53
785.06
658.83
522.11
686.52
776.2
157.72
179.77
577.28
164.98
235.03
210.41
384.47
290.22
723.55
396.13
696.89
392.03
754.69
50.29
480.86
298.19
92.06
86.07
146.85
165.31
112.66
2.7
382.39
596.14
778.92
422.89
777.5
56.44
61.8
261.8
575.91
741.34
12.89
288.96
271.51
772.46
659.03
511.75
708.2
513.16
738.81
43.43
34.73
329.39
129.52
113.88
711.09
361.54
557.89
313.34
498.84
648.02
511.69
771.65
762.29
350.12
538.76
201.79
691.81
102.89
13.82
87.88
156.07
308.5
244.53
542.47
715.15
770.01
24.5
663.2
54.61
382.83
127.31
547.26
730.83
231.19
409.9
111.56
514.96
736.46
174.82
774.55
508.97
544.59
350.33
560.72
468.1
586.46
491.75
237.69
192.01
714.29
444.5
58.8
303.68
192.21
792.62
532.87
151.55
388.18
543.47
6.58
789.81
100.87
720.21
474.15
749.4
753.44
3.72
564.39
697.6
358.9
600.17
293.76
49.26
100.26
698.91
726.23
336.83
708.85
684.86
526.3
488.68
168.02
459.87
730.11
633.61
319.17
162.44
488.31
479.71
697.29
69.47
197.89
220.14
457.13
278.6
230.72
250.18
658.07
524.92
456.88
242.17
74.56
130.27
8.22
385.4
748.22
346.12
799.62
459.15
364.84
376.11
342.5
48.75
469.04
385.32
635.77
535.65
114.24
778.81
53.81
67.15
495.28
279.72
329.41
446.43
621.11
755.54
129.61
521.83
769.82
499.51
300.59
747.95
709.46
593.35
362.5
406.91
389.71
533.11
462.41
317.35
72.41
703.24
519.65
133.42
34.18
408.32
432.76
531.68
664.96
350.21
276.73
283.67
91.23
241.53
9.82
696.85
455.4
217.22
281.16
204.95
346.35
508.1
237
361.45
633.58
410.14
80.17
577.98
45.34
497.42
744.11
559.74
342.55
613.69
306.65
103.7
589.16
686.86
523.83
358.56
511.54
762.83
779.07
140.68
555.6
589.59
18
438.72
621.06
295.65
578.49
42.42
242.49
443.66
573.26
418.01
758.17
246.05
59.08
83.15
276.37
643
441.48
218.1
145.25
363.82
736.35
390.13
121.81
318.02
302.08
560.79
558.49
536.14
713.57
135.51
308.11
651.54
60.91
444.04
676.15
47.46
594.71
369.16
503.65
527.6
307.54
172.21
574.31
575.39
395.28
144.27
663.39
689.05
370.18
275.84
222.73
177.61
107.88
200.39
330.23
573.6
169.7
116.11
724.72
345.55
61.81
664.02
267.41
328.57
341.43
384.12
24.04
357.25
739.86
373.6
14.76
292.23
403.11
326.99
166.34
257.71
164.81
230.72
319.24
36.4
598.13
572.63
611.77
647.18
191.63
606.84
738.39
70.79
458.8
465.06
63.41
735.12
182.37
160.44
36.7
427.84
40.52
469.63
403.02
215.76
383.05
27.21
288.21
551.87
648.99
230.12
542.44
339.54
278.58
448.68
232.15
216.11
1.98
4.61
4.25
93.41
73.94
306.81
232.88
504.3
723.58
611.55
387.16
8.42
546.86
53.66
378.05
44.89
298.67
503.04
402.53
616.8
265.99
548.44
368.93
292.19
740.19
772.55
458.77
701.6
416.21
645.77
277.42
238.34
323.03
45.82
719.47
690.32
364.08
667.91
156.71
796.17
536.38
456.51
674.3
295.21
181.94
158.05
689.85
392.82
605.57
286.15
740.37
549.73
73.73
547.24
683.92
397.48
567.17
207.85
37.13
287
421.67
753.56
548.5
199.11
517.8
148.15
109.04
221.31
358.8
594.74
520.7
141.95
36.83
392.5
225.37
574.04
363.45
532.33
720.28
534.19
511.23
470.67
9.33
300.36
146.22
779.87
243.84
734.61
27.71
350.9
406.09
576.46
160.24
226.93
634.27
486.87
698.79
655.99
339.55
114.53
744.12
678.7
466.09
117.86
318.97
233.49
657.88
222.02
532.66
98.33
175.29
436.19
662.53
609.89
350.36
100.83
572.87
238.52
224.02
518.99
198.46
640.3
512.32
700.31
102.1
704.17
63.76
559.97
605.21
45.8
278.17
312.19
240.67
64.32
432.43
185.4
328.16
111.92
296.72
407.9
528.01
456.2
148.75
740.06
357.77
266.29
314.3
299.61
129.81
653.45
229.89
18.61
193.18
500.12
571.98
551.04
704.69
525.06
4.65
502.1
440.96
74.68
536.24
133.5
234.61
706.85
284.65
501.98
234.12
600.07
213.38
312.62
387.38
144.76
21.09
549.85
659.5
111.16
322.18
677.81
6.02
586.59
103.01
285.48
337.54
464.15
312.98
528.42
134.97
162.43
20.23
310.85
569.67
540.81
3.62
590.24
621.79
320.75
86.52
56.47
296.38
551.85
233.05
511.86
544.72
410.69
198.89
776.74
465.36
745.05
8.29
732.6
686.41
560.45
637.5
139.29
346.57
133.19
395.24
775.39
106.55
297.99
246.13
766.45
236.82
403.25
11.24
199.75
766.6
109.37
67.27
265.62
615.09
167.47
581.51
755.67
636.77
138.82
509.66
735.49
71.63
727.53
75.01
461.16
544.02
721.77
297.52
427.32
553.71
162.25
224.03
331.12
470.84
604.65
372.62
430.36
149.89
441.11
265.88
202.39
707
392.61
210.14
302.45
751.21
258.31
492.35
27.67
432.31
352.62
549.91
164.77
344.11
212.83
231.78
732.89
567.38
373.6
248.51
764.67
113.53
135.37
315.26
133.71
670.33
133.79
184.67
143.83
442.21
323.55
51.45
199.23
284.33
599.54
452.74
156.29
507.67
583.47
571.21
536.58
65.39
550.01
689.72
263.36
781.95
420.39
584.75
545.24
282.84
321.14
309.16
257.76
83.58
500.68
450.67
547.91
492.93
165.82
633.87
507.87
490.1
71.19
782.59
52.09
409.67
410.37
521.01
403.9
247.18
732.54
569.9
605.93
496.17
527.02
402.22
149.13
274.73
439.22
739.86
660.98
443.71
210.58
797.74
579.32
558.92
250.6
451.79
29.15
221.08
450.59
766.09
597.67
159.18
9.09
753.23
158.75
220.55
319
205.4
134.1
759.88
659.59
119.97
111.12
219.45
676.21
657.66
432.62
437.69
524.57
5.41
332.78
578.31
86.89
312.23
653.44
395.71
558.15
479.5
71.44
37.88
532
319.97
210.72
15.19
269.33
734.21
722.12
548.58
100.58
664.55
205.07
113.36
123.83
433.53
348.89
72.2
588.29
249.93
355.13
435.45
479.91
773.89
595.22
77.16
677.42
183
669.85
143.07
154.46
472.37
207.57
331.06
767.07
713.53
67.6
703.85
299.9
550.27
491.23
397.03
129.93
632.83
548.83
584.75
732.1
415.85
160.48
562.82
69.58
46.1
511.26
650.49
182.27
451.56
370.91
456.23
405.35
557.42
568.9
690.66
433.24
376.77
478.07
753.54
359.16
484.51
559.27
623.04
8.81
20.4
249.79
542.99
17.47
280.64
371.77
192.58
538.01
432.13
41.72
667.54
682.59
184.79
451.15
138.96
426.81
137.92
422.33
603.95
133.92
412.26
561.59
55.33
9.06
38.64
61.8
484.21
518.2
345.95
718.34
251.88
598.52
322.58
655.68
231.49
85.48
638.59
98.76
761.9
18.91
39.22
649.84
470.02
171.83
27.7
632.75
759.28
741.36
500.51
0.1
757.4
724.56
794.44
676.76
519.83
326.7
754.29
708.08
768.72
395.83
723.21
522.56
207.35
603.51
652.46
648.6
320.32
178.49
585.28
713.71
617.1
27.53
236.8
427.2
200.73
20.36
718.62
233.27
324.94
713.29
417.96
744.21
293.67
721.93
618.09
625.38
44.01
307.5
658.43
101.8
677.41
346.48
198.57
594.16
373.26
792.42
599.05
313.86
304.66
184.79
403.08
753.97
209.31
260.82
499.57
650.66
245.87
467.35
11.06
301.54
501.09
555.73
44.5
500.35
407.19
4.48
253.79
679.24
685.86
753
463.28
7.74
125.49
130.64
99.12
600.54
4.39
796.43
482.96
112.25
438.12
329.14
600.94
716.1
354.15
324.83
764.36
386.83
639.94
605.33
603.29
98.35
300.93
310.1
111.94
680.04
591.3
725.52
691.2
464.57
329.03
339.93
765.34
227.46
243.5
632.64
0.3
500.75
294.26
312.63
735.03
552.09
291.53
739.97
384.56
570.26
153.02
45.66
262.49
41.74
680.3
502.33
401.14
248.87
548.74
34.78
97.12
21.49
755.84
468.38
139.45
566.8
490.28
678.7
121.16
415.53
527.68
120.85
724.39
473.09
434.56
613.1
688.02
791.94
226.74
170.38
626.47
86.13
560.97
116.65
128.76
787.73
784.54
290.29
126.84
780.56
142.52
249.68
554.63
536.77
439.23
307.08
619.69
493.72
63.08
53.33
209.56
35.24
235.12
738.1
501.2
701.98
692.99
223.45
272.44
479.27
578.73
547.97
448.17
483.56
239.92
5.11
632.35
564.24
170.12
601.73
654.42
245.93
256.27
730.37
260.31
300.52
82.61
192.69
27.95
609.6
575.61
551.14
732.97
441.92
519.46
276.63
38.2
22.63
393.52
693.07
738.75
17.6
445.68
409.11
658.57
455.84
643.12
512.71
536.83
282.32
305.73
88.24
95.73
324.24
157.83
412.54
459.84
55.76
601.82
485.75
724.98
130.68
774.43
665.98
543.11
188.98
16.9
630.38
75.55
444.04
389.69
222.82
573.97
478.42
121.52
424.39
587.66
35.61
143.82
401.39
118.17
659.53
341.38
756.41
72.59
14.14
22.08
756.59
356.81
572.11
402.26
51.46
578.48
522.4
536.98
631.43
254.47
362.96
120.64
732.4
511.48
638.16
287.59
216.74
761.77
26.2
85.08
13.31
727.23
444.08
571.16
18.83
48.88
722.13
236.74
183.25
437
532.15
497.65
15.66
78.41
196.75
601.73
608.49
265.92
779.54
471.95
363.78
639.21
5.5
154.45
393.85
377.69
32.04
59.25
537.25
799.09
577.2
59.28
486.36
134.38
691.37
751.86
492.33
345.92
477.32
292.9
25.44
590.82
149.64
453.79
85.68
676.28
565.9
163.89
401.81
233.04
480.37
791.7
194.97
666.14
54.14
652.45
129.88
557.9
106.26
646.42
728.75
431.84
618.64
255.81
69.9
768.11
533.04
34.66
379.14
418.93
613.19
66.51
115.34
708.97
136.19
395.21
338.06
603.14
680.82
690.69
617.65
617.23
241.88
519.21
408.48
98.6
582.06
399.42
438.5
346.85
118.6
172.42
213.86
782.66
737.54
684.99
612.26
156.68
485.23
758.13
150.01
752.48
775.64
509.3
497.89
217.64
239.91
296.63
401.84
742.36
737.47
685.16
14.47
75.45
738.09
73.57
88.04
645.29
382.17
251.16
406.5
26.56
253.73
512.33
294.36
70.61
657.22
675.21
621.53
785.48
411.68
67.02
110.57
125.11
345.88
340.43
218.52
143.42
510.92
692.51
71.73
430.86
133.9
664.84
330.33
528.5
447.14
449.3
203.51
312.25
184.65
785.55
579.13
740.32
63.03
91.09
747.16
69.97
255.75
581.25
640.7
247.54
372.06
572.45
766.24
262.96
506.27
489.02
196.33
94.17
248.21
430.03
578
387.19
649.56
386.63
573.11
63.39
178.55
485.43
609.85
385.44
276.65
737.2
316.87
101.24
125.96
25.11
185.47
73.94
356.14
34.18
594.13
571.81
486.86
560.95
150.64
583.94
168.56
36.98
133.07
386.47
664.66
743.18
756.95
519.93
277.14
179.77
511.62
658.16
94.42
657.61
728.23
731.89
782.11
56.93
346.59
662.36
459.08
532.13
780.46
685.32
441.1
628.91
557.94
704.36
713.95
41.06
360.4
530.91
623.01
540.86
617.69
342.51
576.72
785.27
165.05
756.1
185.34
226.62
200.4
347.7
95.05
87.78
429.63
441.26
219.85
796
98.16
784.8
408.63
364.16
696.62
664.37
399.33
757.75
606.7
31.65
191.35
651.88
684.98
460.95
424.47
696.38
726.46
170.55
23.88
13.78
3.83
314.04
570.26
380.82
632.31
449.52
71.65
759.94
508.99
108.13
640.49
692.27
730.09
33.84
33.84
519.36
602.74
724.88
279.68
666.6
540.26
166.8
573.92
398.16
694.81
245.21
208.24
614.93
591.08
775.57
138.45
387.32
753.48
57.68
756.42
406.51
236.46
478.82
700.18
431.12
741.91
147.1
17.52
262.99
518.12
224.4
530.19
751.41
340.61
50.36
565.76
80.29
314.26
98.69
588.02
393.35
229.33
9.61
403.55
564.16
755.67
348.45
217.65
176.83
522.14
302.03
341.75
59.34
385.76
721.66
366.33
497.67
292
339.41
345
300.32
566.17
367.92
343.94
687.13
71.11
286.02
304.22
59.79
351.5
686.32
91.2
662.28
185.65
574.97
670.03
609.67
534.5
247.14
459.57
311.3
172.7
608.51
327.72
18.57
338.45
229.4
462.28
64.98
604.32
22.53
760.42
236.35
248.3
368.74
555.91
133.01
433.11
329.75
787.69
92.11
35.64
425.39
164.3
372.01
77.05
390.95
513.65
470.7
575.93
582.43
255.23
20.74
563.97
711.99
177.63
236.25
597.67
500.63
654.32
671.86
538.98
718.81
244.02
443.74
626.4
509.42
547.32
79.62
738.98
406.99
556.17
787.84
43.4
166.67
549.5
414.17
696.33
598.61
434.89
685.87
162.58
353.74
672.53
746.24
326.9
583.17
554.93
768.38
770.93
280.93
553.55
247.24
233.08
546.37
19.13
365.56
143.68
573.47
596.84
770.64
699.6
672.54
98.79
276.58
308.3
562.31
542.59
255.43
352.96
87.43
216.26
83.47
482.35
739.56
590.91
360.79
637.89
784.78
501.45
589.98
416.62
761.65
356.32
286.78
630.84
475.99
31.8
606.54
545.65
327.52
730.5
496.93
341.01
51.91
562.64
505.82
543.87
443.02
699.19
368.45
737.77
133.3
93.06
101.32
268.53
428.78
406.55
227.21
456.81
591.11
265.66
685.01
689.08
617.55
202.89
140.98
69.37
403.4
517.34
176.69
10.09
308.48
258.41
550.96
369.32
271.17
248
194
165.05
566.47
679.23
343.51
402.44
244.82
117.83
50.87
92.97
796.81
244.94
783.57
463.9
605.08
440.09
556.6
396.15
97.86
582.8
559.96
626.3
328.8
696.36
746.32
690.63
286.24
340.69
493.66
441.16
459.23
83.52
472.9
629.5
54.42
476.67
380.05
743.39
198.74
597.24
542.95
551.86
224.4
311.75
4.13
25.1
678.77
454.8
724.57
762.66
565.45
491.75
37.09
152.59
506.7
781.05
416.52
217.52
729.6
482.14
670.59
432.91
706.3
29.53
147.54
601.81
279.84
378
761.97
733.68
182.67
1.4
198.97
374.62
607.49
331.05
500.07
185.68
496.67
676.19
593.93
392.2
198.78
653.81
695.77
413.56
631.43
463.37
347.5
768.17
216.09
646.01
339.11
138.35
66.07
60.73
97.48
141.79
763.1
345.82
187.91
440.03
588.79
340.56
44.25
799.81
605.24
288.64
531.1
169.94
289.97
10.71
456.2
637.89
143.47
26.1
145.28
320.59
603.9
770.38
751.99
362.04
581.48
9.7
57.71
251.09
537.51
606.02
534.12
739.95
636.16
236.83
78.06
387.61
635.2
360.3
231.32
138.74
726.17
90.47
338.12
203.63
24.25
75.95
332.34
719.99
148.04
536.66
275.39
347.24
185.22
201.22
436.69
635.81
448.53
326.6
47.72
410.85
609.07
168.98
391.83
647.95
44.28
12.86
21.59
472.92
177.51
367.19
50.89
631.43
653.73
357.26
373.01
597.52
17.31
756.7
213.7
670.43
404.34
447.36
550
120.4
569.69
356.67
274.67
475.9
705.81
574.83
366
689.5
741.92
150.61
586.46
345.72
425.02
471.97
213.55
247.75
763.28
219.61
621.89
309.66
611.03
439.51
0.43
658.02
621.38
52.69
367.26
693.16
215.33
660.8
397.33
473.74
296
639.47
457.64
739.53
303.73
92.49
127.19
93.62
362.25
166.45
738.22
742.44
779.95
542.01
277.23
592.82
474.48
304.94
252.6
186.2
711.78
460.39
44.41
585.11
665.05
490.29
793.16
380.33
6.04
19.09
596.07
717.55
718.7
483.03
328.79
625.91
249.53
122.96
9.76
462.38
165.46
344.56
93.26
700.52
367.12
27.85
521.89
450.9
554.68
176.26
141.12
352.92
479.52
125.51
537.07
377.27
663.45
394.63
744.06
654.22
196.88
711.4
629.62
302.5
625.54
345.7
660.17
760.19
468.27
596.17
546.02
120.12
275.42
220.73
689.55
692.55
533.21
650.16
144.68
558.79
716.01
222.47
554.8
736.42
454.7
688.68
399.33
314.58
25.37
672.6
350.26
572.6
39.74
95.21
591.87
456.64
681.72
773.68
676.82
106.37
280.52
525.65
377.4
615.33
377.63
584.77
710.08
765.26
80.29
476.36
382.24
37.19
383.87
193.87
101.4
611.29
334.35
494.95
110.97
566.41
80.12
468.15
444.31
303.23
538.73
257.31
636.22
481.27
110.66
428.01
786.4
629.96
547.88
28.95
557.76
562.37
603.16
184.11
109.36
735.84
312.12
577.88
291.69
26.48
15.22
659.53
517.76
765
153.89
770.09
71.44
442.92
105.99
452.39
546.58
465.23
533.4
494.62
244.13
42.78
143.04
789.85
477.06
246.37
650.74
380.71
378.23
177.58
190.16
571.36
7.9
647.9
75.01
387.42
688.68
31.46
648.23
356.77
598.54
751
301.32
529.8
3.15
259.86
734.68
601.55
617.47
586.02
380.51
238.11
70.74
698.94
181.77
577.63
299.24
306.69
380.17
333.77
393.69
484.93
414.1
94.9
366.93
257.7
115.89
128.92
513.67
657.6
101.5
708.5
630.97
351.78
737.5
274.44
225.85
632.92
142.93
210.25
710.23
416.04
301.19
256.53
314.72
464.96
144.17
121.59
372.49
750.25
68.71
81.52
589.92
483.53
747.92
667.78
307.94
391.1
6.11
431.17
680.92
632.1
135.1
470.4
297.82
115.35
47.81
479.42
201.83
300.66
68.06
339.6
775.47
179.43
657.2
796.98
631.66
631.41
431.27
645.62
148.53
1.22
693.62
455.29
530.41
90.71
416.62
415.17
168.22
657.81
36.69
321.03
102.99
421.67
361.43
570.11
740.06
579.01
610.7
774.28
571.89
686.16
117.42
36.76
531.12
595.34
294.59
675.26
726.62
17.86
505.4
23.9
420.38
724.78
464.56
343.93
639.32
102.69
173.62
208.48
795.73
511.3
621.05
186.7
589.27
397.23
795.63
42.89
108.87
105.28
163.99
134.5
429.99
28.89
173.8
235.06
178.01
402.53
498.32
769.71
338.03
63.18
2.15
506.52
104.43
757.62
537.68
275.61
174.81
216.19
569.47
647.01
48.83
184.66
502.97
454.68
567.72
335.55
575.98
461.68
404.68
667.11
754.87
534.91
297.94
680.65
468.9
4.37
697.06
26.96
614.06
615.18
645.67
614.52
789.04
561.65
785.71
290.92
323.13
221.66 /

COPY
	PERMX PERMY  /
	PERMX PERMZ  /
/
MULTIPLY
	PERMZ 0.01 /
/
