---------------------------------
-- Permability values for SPE9 --
---------------------------------

-- Permeability distribution visualized in figure 5 in Killough's paper
-- Killough says 'The input data included in the distribution to
-- the participants included a geostatistically generated 
-- permeability field'

-- The values below are taken from Killough's dataset, they are
-- not based on the figure in the paper.

-- Explanation to how the data in PERMX is organized:
-- Under each LAYER (i.e. K-value), 
-- there are 25 ROWS (i.e J-values) under which there are
-- 24 entries (i.e. I-values) 

PERMX
57.13
146.67
568.05
639.29
460.02
713.07
429.85
728.35
724.2
737.73
225.93
772.45
140.62
657.79
568.43
263.49
130.95
71.26
65.98
373.61
455.63
654.68
465.21
122
526.6
700.7
144.9
761.93
171.3
372.78
158.19
507.65
547.09
559.39
733.58
357.7
111.43
667.06
679.06
196.8
190.44
31.63
321.28
91.53
288.65
9.4
573.84
271.61
375
362.75
765.11
756.29
629.11
479.27
390.85
150.06
203.53
332.49
567.43
412.92
398.48
461.97
468.78
741.07
147.84
188.14
525.91
275.06
523.22
504.7
281.03
763.45
307.34
191.28
453.63
540.81
555.47
445.98
789.27
238.49
640.78
572.33
376.2
616.86
610.48
359.99
173.68
401.9
589.28
476.36
12.54
486.08
697.42
473.14
370.38
601.87
506.97
18.57
272.16
288.72
483.38
149.03
232.23
493.56
44.23
587.81
696.04
513.61
633.27
201.78
629.79
599.5
176.06
420.37
573.21
504.08
379.23
266.54
280.49
128.85
314.36
136.71
112.51
425.68
272.22
93.1
678.97
331.19
451.21
766.67
124.97
528.79
178.21
629.15
462.91
11.99
39
695.18
653.64
285.38
667.24
695.34
622.29
119.98
100.73
288.28
763.95
256.35
764.81
634.9
142.93
516.6
348.23
115.26
419.72
59.02
768.38
616.49
667.67
358.83
8.4
197.04
471.25
524.18
250.86
18.35
639.64
366.17
519.68
715.33
16.21
748.46
11.39
100.3
221.67
357.28
151.26
507.03
394.01
256.07
128.51
647.51
758.12
747.05
558.77
125.55
455.62
507.08
493.22
671.72
40.79
748.76
503.76
470.06
393.92
220.95
749.31
207.71
744.53
366.71
172.23
325.77
519.68
52.75
25.74
631.45
745.19
625.16
339.21
749.31
10.71
266.84
424.69
731.89
254.37
164.97
255.45
82.01
492.11
673.96
17.63
187.37
543.07
399.22
401.61
655.46
641.87
91.68
87.15
109.94
504.35
783.12
170.88
202.23
691.88
652.99
339.01
584.65
718.75
688.94
184.54
68.47
36
555.21
793.33
323.02
590.25
390.35
704.77
78.41
665.24
22.95
159.22
749.64
448.08
740.81
473.94
782.27
273.83
682.19
744.27
636.27
351.41
458.96
383.95
345.93
480.58
313.66
684.15
539.5
302.62
677.81
765.4
131.61
188.18
762.02
362.1
186.07
473.11
658.97
85.75
396.3
185.85
547.47
585.62
279.04
80.04
171.59
374.75
525.53
338.46
329.9
272.54
776.7
546.98
120.52
591.09
675.78
218.36
293.07
329.93
596.12
135.58
317.9
91
284.17
207.77
172.52
691.34
321.89
746.62
48.91
278.85
568.47
571.33
21.69
394.13
79.82
209.17
230.09
37.33
789.15
42.03
712.95
738.19
352.34
344.82
4.4
709.14
732.58
281.22
334.29
431.63
650.09
302.83
703.18
124.93
566.22
221.58
622.39
69.09
794.25
569.58
698.26
77.18
750.87
659.59
703.52
553.45
667.19
324.06
713.08
785.66
657.6
444.71
392.48
133.66
93.02
238.84
278.9
298.11
323.48
313.8
783.25
194.13
511.74
602.64
366.07
179.76
221.79
244.97
747.68
313.37
490.38
571.04
273.65
351.23
124.39
101.56
522.59
799.51
621.38
457.69
319.62
389.78
565.67
579.77
452.01
576.76
308.25
67.24
636.05
440.56
524.54
657.49
166.54
85.35
205.22
551.38
194.08
317.89
393.13
222.04
57.03
134.23
346.34
724.81
412.38
142.28
608.95
278.64
68.23
189.29
316.34
13.46
121.12
91.21
547.09
723.75
597.36
175.65
192.77
475.58
337.26
656.1
134.19
47.77
318.98
474.67
140.85
152.43
730.18
400.21
421.95
331.21
380.4
709.76
671.69
564.19
142.46
114.39
32.37
751.84
279.13
759.2
260.42
633.48
657.85
8.55
165.76
44.45
433.15
523.33
522.06
493.49
675.83
522.43
338.55
42.84
287.56
54.77
120.73
591.85
379.39
508.33
240.38
137.51
664.17
489.93
587.81
288.44
541.26
494.2
351.49
242.55
756.24
599.41
103
340.15
778.44
304.2
288.01
685.92
248.79
115.98
154.99
222.16
16.45
300.79
613.76
501.42
13.84
470.97
418.9
428.81
116.89
111.51
226.21
40.04
141.61
107.01
387.47
171.17
179.87
680.17
314.75
511.56
302.95
3.6
227.18
420.06
355.24
649.05
175.19
548.09
752.34
197.8
29.36
509.51
65.76
603.51
763.86
286.15
519.55
400.4
589.52
78.98
131.59
731.94
210.03
435.35
227.16
465.07
668.06
650.15
515.75
161.73
36.93
798.43
573.5
223.58
371.21
417.53
699.62
471.25
600.1
747.01
199.77
371.77
349.47
214.34
389.04
316.27
176.55
375.36
125.97
105.32
415.88
73.85
302.97
367.87
233.03
521.07
622.07
50.89
732.3
477.97
645.61
151.82
721.99
1.7
435.73
62.6
589.34
292.11
525.8
691.91
507.44
148.55
727.2
400.68
48.07
525.25
20.38
71.33
223.56
689.69
189.02
226.92
117.31
200.34
588.05
563.82
360.53
625.56
752.79
51.33
117.22
21.56
199.28
545.55
583.07
673.37
674.36
710.55
438.27
521.25
629.56
618.37
772.79
743.83
403.3
682.32
359.55
570.19
686.87
308.78
141.5
770.25
456.47
31.66
797.2
796.13
489.2
575.99
278.09
641.37
611.7
116.09
216.08
701.44
237.23
223.62
678.19
685.8
270.85
775.29
139.08
417.61
256.31
519.45
399.12
658.19
232.08
76.15
48.95
256.2
41.9
423.73
503.4
189.06
194.65
531.73
243.57
798.82
74.25
155.89
565.4
598.03
143.17
120.8
606.01
395.37
636.07
472.15
17.4
367.38
214.5
502.14
149.34
394.15
450.79
795.6
781.13
343.8
716.47
613.25
723.04
64.88
465.62
792.63
396.19
714.6
586.12
431.78
525.86
427.06
328.02
754.11
609.61
262.91
43.26
539.47
221
491.57
444.89
773.03
549.11
336.14
103.99
703.99
777.84
192.51
597.93
174.54
16.81
367.78
393.07
487.79
29.92
330.81
671.41
303.39
266.01
238.1
167.69
112.95
97.26
360.4
339.02
536.09
235.73
426.93
746.31
774.71
569.63
293.48
175.58
601.74
191.82
685.46
712.14
287.13
385.65
32.67
460.56
607.97
140.23
721.27
543.93
749.79
492.67
630.36
85.19
690.7
298.92
284.24
280.52
730.53
403.62
120.16
567.94
172.33
745.8
375.24
754.93
574.66
583.88
157.25
365.92
119.96
329.64
279.8
388.94
43.48
278.94
186.53
605.48
653.04
660.17
710.71
525.94
215.73
674.41
205.94
440.76
105.52
678.11
190.73
322.23
89.3
739.59
611.85
768.16
272.65
531.75
460.36
322.57
71.08
737.63
249.59
630.41
177.11
387.41
360.68
536.88
521.67
38.26
731.43
282.13
56.29
11.68
718.66
554.94
777.39
407.99
406.89
730.23
419.33
566.89
224.1
714.77
126.23
609.78
773.74
108.06
770.76
265.97
547.98
93.77
495.64
80.39
531.19
421.25
269.53
662.43
778.84
398.55
500.6
617.02
705.77
301.92
669.08
237.37
85.8
160.95
115.62
132.71
567.51
670.34
541.47
270.51
354.99
655.12
27.33
137.25
54.6
544.36
117.83
28.9
264.64
756.59
767.3
201.23
16.2
603.69
495.07
440.75
500.72
291.85
405.88
130.14
397.73
763.45
460.45
516.73
135.33
24.16
223.64
468.58
242.33
382.01
41.6
291.28
325.14
458.44
620.65
754.97
533.71
82.95
106.74
213.84
390.19
313.46
690.96
374.55
770
531.86
552.61
39.41
795.22
380.15
561.1
739.56
605.91
740.77
763.89
356.33
213.47
182.88
799.68
483.94
228.99
265.63
114.13
640.38
716.33
757.95
560.04
67.48
421.2
260.77
9.86
318.81
76.87
533.82
705.1
324.82
447.4
10.7
532.6
782.9
269.85
397.19
607.88
575.3
94.47
687.3
704.52
99.33
432.86
422.98
108.53
64.31
462.06
277.86
457.17
339.88
280.41
701.58
160.27
466.33
218.69
125.27
12.5
715.39
170.29
310.98
406.3
453.24
35.53
96.14
120.77
250.17
797.34
389.63
326.34
142.72
70.38
522.03
171.95
511.48
528.43
225.03
282.88
666.52
190.23
258.95
740.83
705.73
541.47
205.39
160.36
752.85
782.95
25.19
658.34
780.19
403.72
419.41
476.86
514.4
203.61
35.56
668.22
702.31
201.66
302.31
577.07
720.13
91.33
360.55
365.51
369.24
283.74
75.07
658.66
97.24
648.45
129.17
84.74
82.83
585.48
783.24
174.56
298.28
350.18
627.48
692.69
306.12
215.08
498.92
176.83
766.36
47.51
501.94
617.31
36.24
173.91
516.02
413.76
518.06
289.41
186.28
766.85
435.24
246.19
399.96
8.05
312.5
769.38
611.47
250.44
483.25
595.82
548.81
450.84
513.49
536.62
510.77
608.53
283.89
293.03
134.21
126.7
189.15
487.56
793.75
789.85
94.25
338.12
348.1
608.95
372.01
326.66
315.04
637.47
463.9
462.58
793.51
345.23
59.03
181.03
605.39
775.56
235.73
25.97
108.47
4.21
350.56
724.92
714.42
692.27
432.05
295.75
92
166.7
671.9
539.79
305.9
481.16
56.1
354.69
427.52
267.35
509.01
396.63
431.84
393.16
476.26
496.36
263.14
561.83
487.32
138.72
166.72
99.27
20.69
725.02
287.98
318.71
24.95
648.13
256.83
574.72
644.74
128.86
657.04
544.29
722.05
260.35
728.93
292.88
576.97
113.36
735.54
492.49
569.92
558.54
158.49
264.87
394.58
719.4
153.25
203.03
292
265.54
444.74
387.79
769.71
685.97
32.93
542.34
597.99
515.84
188.58
437.05
543.18
122.9
29.32
24.76
637.22
619.18
607.85
711.87
540.46
30.52
421.69
738.52
366.68
282.62
286.65
639.2
683.11
85.85
685.63
739.91
94.33
786.22
138.3
517.58
364.27
146
190.56
664.89
643.94
716.25
147.38
415.57
200.34
523.38
765.75
206.19
321.73
592.12
167.29
253.03
680.68
420.3
122.35
532.68
672.6
427.31
142.65
364.38
122.01
596.95
208.22
429.04
729.88
668.59
611.57
286.71
536.12
588.44
737.5
151.06
38.21
479.91
90.88
696.46
63.38
528.38
594.85
268.58
557.26
455.99
351.3
420.32
776.77
236.96
456.26
82.88
742.66
152.75
673.17
148.65
54.49
320.76
488.16
397.29
570.97
793.22
103.99
34.3
435.34
459.34
598.57
335.95
455.98
1.99
582.69
81.36
381.31
594.68
781.77
233.54
469.71
542.77
702.21
382.05
452.25
73.34
373.75
619.43
30.61
162.03
377.43
225.01
227.25
401.06
654.94
299.6
249.72
45.21
92.33
774.28
554.22
371.46
94.49
452.17
237.53
177.69
190.5
207.16
347.2
799.99
540.07
416.12
148.12
729.6
447.79
778.8
784.21
272.24
644.43
6.1
573.93
69.18
467.18
798.86
94.03
761.72
739.66
329.17
19.42
612.98
766.58
304.8
257.35
702.01
546.01
632.16
700.29
581.78
43.56
794.21
27.92
269.37
309.13
73.46
637.88
195.41
52.45
9.02
511.85
786.9
562.75
357.83
550.31
415.81
475.59
88.92
666.57
196.32
250.4
668.99
240.78
277.51
66.28
322.67
528.29
108.87
490.82
563.56
572.18
357.77
434.63
162.98
239.73
320.03
651.04
168.76
219.83
730.28
154.59
499.26
789.13
308.05
211.96
595.05
753.76
729.18
737.51
696.79
445.78
195.98
779.8
669.65
599.83
466.75
727.77
296.07
106.28
126.93
331.19
152.32
410.2
105.7
351.36
345.33
407.23
530.79
281.01
441.84
36.93
263.95
270.11
551.74
181.25
24.72
510.53
617.32
114.01
44.71
741.88
181.15
91.82
682.06
440.83
782.07
456.23
227.24
218.56
655.26
176.69
359.49
153.18
469.64
504.41
410.98
541.74
166.13
118.85
482.3
697.17
42.95
38.1
403.61
302.92
652.36
207.09
136.59
359.47
759.11
200.78
26.82
349.8
413.56
233.93
252.42
665.05
100.71
654.4
103.16
36.35
652.94
530.13
82.47
221.53
524.34
89.1
362.83
348.91
759.07
444.16
472.16
744.27
644.63
121.77
463.35
530.65
373.69
578.05
410.86
34.21
383.79
757.25
297.51
199.87
307.49
55.77
617.79
543.04
613.21
256.2
748.35
90.39
598.72
498.37
619.69
309.57
267.52
345.55
8.99
486.89
475.44
648.46
343.21
492.3
229.87
157.36
43.18
88.5
71.7
468.44
483.44
498.03
322.04
334.1
703.43
626.9
488.49
162.21
741.88
224.94
798.41
274.89
774.25
615.24
666.52
533.93
767.67
142.06
134.44
137.53
743.57
781.5
671.99
685.86
793.39
716.36
781.55
761.88
767.87
265.24
345.15
521.38
354.97
93.79
648.78
496.5
495.92
43.56
673.4
475.38
572.32
312.58
85.26
674.51
492.21
685.46
547.59
145.86
414.03
193.81
750.73
491.98
266.73
222.66
398.72
76.48
281.48
438.35
66.79
696.29
705.7
389.39
728.82
110.15
694.12
577.19
687.74
620.66
289.29
241.22
744.79
511.41
105
197.52
90.7
83.19
629.24
742.51
595.41
278.77
335.38
795.86
44.39
203.32
499.94
460.9
747.08
355.98
145.24
503.43
573.83
79.35
554.86
170.25
491.38
327.74
224.21
133.65
375.33
187.16
373.8
129.52
286.1
740.27
136.64
368.56
46.05
350.29
718.2
211.82
282.17
175.94
272.13
332.06
204.51
671.5
569.29
20.72
214.2
258.2
162.12
497.83
581.88
456.42
560.31
14.01
631.83
623.01
132.48
458.73
84.18
597.82
199.15
211.62
792.79
671.65
260.61
589.32
776.58
340.01
264.12
705.84
761.78
121.18
564.9
779.66
519.79
297.79
54.1
60.81
722.15
673.46
14.94
735.86
331.88
388.72
667.55
70.99
671.41
225.9
759.05
603.56
725.64
78.07
711.9
230.44
379.36
163.58
134.1
678.91
337.68
285.76
662.66
429.68
649.26
578.37
449.62
363.5
331.51
733.85
319.73
365.46
83.31
201.39
410.82
619.39
347.46
159.49
511.07
428.76
553.6
123.1
447.26
428.7
316.22
667.7
21.13
433.35
295.94
248.53
388.56
271.18
491.2
167.65
439.7
211.18
201.46
501.83
437.49
222.2
154.21
300.25
471.63
237.64
736.08
204.87
642.27
297.92
412.78
207.6
230.45
254.97
735.02
485.48
67.91
412.47
185.64
313.64
302.67
81.38
124.61
722.03
167.93
314.41
708.27
344.52
488.33
27.21
85.77
774.37
193.55
204.79
453.2
735.13
124.66
287
594.07
429.25
183.92
296.23
738.79
784.95
324.87
649.39
420.48
798.34
175
475.77
583.8
783.04
51.85
244.66
663.2
369.22
657.83
405.07
775.86
490.59
283.79
735.84
464.23
224.67
284.62
414.35
672.98
241.58
412.32
563.81
130.07
532.04
105.79
294.92
510.54
513.39
551.18
350.88
473.32
86.94
364.02
10.54
82.08
156.85
84.44
440.27
246.39
210.43
555.99
173.72
424.31
583.8
84.58
457.44
639.02
466.58
71.76
262.93
305.47
529.91
214.98
127.41
407.88
425.62
732.69
261.21
18.97
179.54
386.05
554.93
329.25
518.19
299.92
544.32
148.13
124.36
620.74
128.53
245.06
22.52
717.32
220.01
586.24
341.19
100.66
98.59
738.79
50.73
681.05
29.35
592.51
589.82
444.22
231.51
24.98
762.07
576.45
540.2
445.89
390.91
21.99
234.35
222.29
334.97
799.75
438.79
302.88
310.36
65.06
655.3
732.04
327.3
721.06
237.9
780.97
640.06
294.72
646.62
165.31
429.97
199.45
171.64
248.6
702.84
184.71
377.58
734.32
263.71
237.22
17.81
64.22
382.95
473.05
352.14
578.93
369.66
694.07
639.32
197.1
284.82
275.64
620.37
402.35
786.95
195.26
370.21
342.65
769.63
483.5
489.73
682.6
672.4
401.36
98.9
292.55
330.72
786.53
753.89
503.03
265
5.16
453.13
798.18
374.53
632.66
492.63
1.77
54.69
367.31
715.9
693.91
147.39
161.29
379.44
640.55
573.27
202.73
226.41
284.32
744.6
320.79
593.45
127.79
640.04
711.39
692.34
477.18
424.13
43.77
144.56
1.41
88.24
339.23
183.33
605.9
6.27
453.8
593.4
17.07
555.56
73.94
388.29
497.99
159.09
791.98
446.35
745.68
64.59
26.19
18.37
35.54
438.4
298.37
328.37
670.74
557.45
742.49
387.78
449.42
399.7
56.71
62.67
58.82
693.54
505.72
31.02
633.12
220.24
304.93
605.12
196.37
117.5
244.58
705.27
380.89
490.18
672.19
110.54
517.74
675.98
475.65
241.12
379.86
67.82
508.28
450.87
356.54
302.04
285.97
431.54
774.78
353.8
201.42
792.2
417.12
432.45
378.92
558.54
303.75
176.11
434.26
156.91
22.7
539.77
527.84
230.56
60.54
134.55
429.18
88.33
565.5
387.08
462.48
356.75
791.18
46.89
635.95
748.69
452.78
718.11
431.88
549.49
702.29
566.21
768.4
196.99
513.78
678.17
95.15
105.89
23.29
26.72
646.91
113.44
616.69
704.33
183.46
175.89
747.2
174.76
791
25.63
342.2
664.78
539.34
672.33
571.7
305.42
696.32
723.15
202.95
562.74
434.21
563.09
11.41
92.97
52.07
198.85
292.25
764.64
705.82
353.74
526.48
436.27
645.42
446.31
164.93
45.36
649.55
382.14
672.52
83.29
714.25
627.8
796.46
567.94
799.57
594.19
426.68
65.15
154.8
330.72
152.72
494.03
75.54
94.32
621.67
770.74
759.03
785.66
680.81
4.16
473.17
777.35
518.75
524.55
117.12
619.83
627.09
781.64
451.96
244.72
36.64
24.35
526.78
14.67
222.24
566.01
345.06
383.94
209.09
715.99
342.35
499.05
775.44
476.75
559.42
485.58
18.73
407.73
538.33
640.14
484.94
85.83
157.34
37.26
579.52
273.65
120.95
599.54
466.16
146.1
690.61
250.17
31.02
363.45
639.42
484.84
790.37
414.58
583.82
72.46
530.87
47.31
458.37
623.54
703.3
753.34
299.31
226.25
266.67
256.46
493.36
107.63
706.18
233.39
685.63
245.27
502.7
52.33
254.23
210.3
740.04
64.19
602.41
360.43
611.87
566.73
514.35
170
678.96
433.69
224.62
766.3
258.17
359.14
578.02
486.68
610.4
117.95
769.34
576.74
74.06
474.42
548.05
372.14
322.34
212.37
245.2
603.29
734.65
279.39
45.95
127.07
206.35
102.59
476.84
521.11
345.12
163.16
237.85
419.45
736.34
47.38
45.97
286.43
382.83
499.4
612.7
607.28
746.33
509.32
695.36
578.75
356.39
637.21
700.79
401.77
376.28
91.19
765.42
629.29
30.18
295.32
172.68
273.36
448.22
767.48
4.63
51.95
738.33
768.92
411.75
469.48
81.26
285.7
512.72
473.3
578.3
550.3
317.52
738.5
307.76
721.82
186.64
244.09
531.99
89.19
169.5
651.28
263.51
729.67
448.92
29.5
415.26
355.67
81.76
250.72
188.43
440.85
583.87
139.1
216.24
78
67.84
360.18
47.24
239.47
768.74
636.16
511.55
110.42
687.38
249.65
749.38
0.67
662.77
680.98
612.91
676.25
622.23
352.71
385.87
97.14
723.1
326.56
637.73
346.82
169.56
377.63
136.74
35.23
654.65
29.95
279.87
270.4
782.35
735.42
214.84
451.54
506.7
78.94
335.2
751.23
624.98
131.62
217.94
129.02
691.34
422.81
754.08
553.74
232.1
600.67
779.96
139.24
514.87
638.88
116.33
46.19
277.62
693.34
372.88
379.01
609.05
762.51
444.35
648
340.53
193.84
316.11
91.62
636.91
620.4
566.5
63.76
362.23
221.58
241.91
671.38
429.39
413.72
596.94
650.72
627.62
53.23
535.57
737.32
323.34
770.17
680.5
375.59
255.42
205.85
76.89
741.26
158.2
700.74
797.47
417.32
341.18
773.55
408.08
34.74
620.67
396.82
770.06
676.24
526.32
262.74
443.76
493.59
130.71
350.66
337.28
717.8
215.22
353.37
793.45
646.83
699.76
200.41
24.94
69.56
277.86
679.28
273.39
88.11
354.09
553.71
739.6
162.78
766.41
350.71
272.61
82.44
34.95
355.14
702.6
538.5
710.15
166.17
442.15
672.4
97.17
612.56
789.28
460.49
622.75
694.3
206.41
629.89
343.69
799.42
567.54
11.72
180.23
351.48
548.62
232.68
461.47
402.1
544.06
187.51
525.16
76.23
515.38
260.57
276.61
313.22
779.74
600.56
183.78
8.86
166.28
266.1
701.37
568.81
18.46
311.22
34.93
33.13
612.03
619.32
663.44
91.45
387.1
635.02
693.52
331.49
749.56
305.35
158.77
77.46
407.6
277.2
566.45
616.58
741.1
620.99
392.82
717.88
654.49
675.1
569.22
1.6
461.38
671.66
83.87
276.74
658.6
118.66
635.77
782.56
376.18
691
104.83
738.61
530.76
778.11
407.49
501.58
72.58
331.24
410.26
385.69
435.62
407.15
643.88
421.75
588.14
654.35
666.38
532.94
745.08
439.16
768.2
680.56
475.95
587.11
102
641.83
541.49
754.52
16.18
410.29
310.32
286.99
383.05
608.36
161.2
236.29
644.25
408.98
762.52
300.64
571.68
139.93
198.15
209.46
7.01
110.79
267.03
747.85
209.43
524.14
137.33
22.64
10.25
795.57
574.59
740.44
170.23
134
137.1
181.05
120.69
123.86
363.72
697.6
485.91
504.81
635.16
752.47
302.01
15.19
734.22
378.54
251.02
756.35
273.96
173.57
467.94
604.47
57.18
93.16
42.43
474.39
606.69
163.72
161.33
540.08
0.41
276.99
552.53
197.24
601.07
376.37
523.78
14.13
315.71
217.82
685.23
83.31
417.32
284.32
542.21
769.39
593.45
349.78
174.72
398.69
20.34
713.45
297
160.08
716
205.11
219.05
371.54
609.18
142.25
128.13
61.81
688.55
374.43
213.56
652.97
90.04
607.1
493.61
197.11
512.83
612.09
10.87
96.16
692.08
147.39
679.4
95.44
327.91
358
529.95
270.22
556.91
451.79
71.78
596.95
673.9
167.75
434.27
579.93
165.36
305.08
726.12
733.16
371.2
792.19
735.2
700.67
376.73
647.98
282.8
417.74
793.89
489.26
457.66
196.81
162.56
598.7
790.41
59.29
302.69
731.74
467.87
296.81
719.24
633.45
304.59
66.29
591.6
211.33
54.96
153.49
374.26
86.91
233.96
19.91
744.91
145.77
105.19
685.46
379.45
528.19
758.06
730.36
582.02
225.06
697.21
180.06
630.45
228.16
430.45
190.81
49.54
48.67
71.28
141.29
707.22
158
453.88
632.17
404.78
362.4
332.43
767.78
128.8
303.31
727.05
365.84
669.95
445.25
297.06
331.29
125.87
760.58
761.7
35.08
601.1
146.4
117.76
499.92
158.91
662.81
499.95
702.41
489.21
304.88
563.47
340.56
566.38
130.59
230.48
193.31
562.94
389.19
395.02
525.77
298.38
767.14
247.78
686.83
454.67
769.27
393.8
206.02
40.06
372.38
178.63
363.27
20.77
387.92
793.7
131.19
636.82
429.54
548.84
263.1
61.38
15.36
362.85
688.57
231.38
727.82
175.71
565.04
256.82
564.25
13.6
684
230.63
457.85
696.55
232.55
749.18
73.09
313.81
149.86
35.23
660.36
70.7
291.37
254.65
25.2
477.45
761.41
487.01
634.22
465.06
201.24
56.97
145.9
705.72
758.08
688.24
512.08
340.83
526.87
304.94
452.12
94.75
241.93
703.02
429.98
783.75
43.24
172.65
569.97
794.03
631.81
538.8
196.67
63.14
242.24
686.35
609.86
134.17
313.94
368.33
380.84
37.95
149.84
56.22
532.82
244.2
41.72
573.99
515.31
274.06
133.45
260.2
654.69
374.47
387.65
630.46
243.57
559.11
308.09
525.94
107.91
671.34
360.57
311.93
382.46
489.63
712.58
325.5
407.53
177.42
295.78
28.96
254.55
428.23
234.48
388.16
334.6
256.41
380.13
463.26
88.97
579.2
215.72
488.33
404.89
55.12
265.76
231.5
409.61
431.07
101.34
587.66
664.13
93.21
635.95
568.28
22.15
499.52
174.02
776.48
569.45
754.11
139
396.22
123.11
14.31
1.35
425.21
579.63
630.96
7.28
306.35
67.36
325.25
103.38
380.44
580.19
576.43
572.58
525.09
207.6
111.21
767.79
586.4
665.85
323.39
772.74
768.3
548.16
217.9
792.41
142.1
401.26
607.77
541.98
305.12
485.11
421.87
115.39
365.27
456.98
235
36.7
461.18
533.6
241.98
321.17
535.6
715.16
221.49
304.91
435.46
511.7
465.46
710.69
293.42
403.61
490.29
715.52
540.85
637.16
293.38
474.16
352.43
306.81
753.12
78.43
698.86
684.04
616.69
447.05
104.22
322.76
432.72
648.64
40.8
406.44
89.6
264.58
336.4
136.21
14
705.44
207.57
642.84
42.59
644.31
443.49
221.54
370.14
183.79
326.1
72.95
680.29
54.81
452.73
82.16
532.51
10.83
465.22
667.94
780.66
762.73
568.37
416
790.48
96.78
798.09
18.79
674.04
439.48
179.43
96.6
274.07
328.22
433.98
761.34
535.97
309.61
708.27
740.67
654.5
29.4
792.16
152.93
376.09
170.28
614.6
661.27
715.79
400.52
678.24
509.24
53.91
736.42
404.88
139.68
336.7
39.49
116.24
338.59
320.84
494.29
640.75
309.65
420
432.03
240.57
447.25
660.39
459.62
88.26
330.79
732.1
475.88
521.04
75.54
191.26
474.08
45.77
165.2
292.46
296.13
513.64
111.06
553.29
602.7
255.28
68.04
200.22
178.48
129.34
203.01
72.47
0.98
494.44
477.38
253.43
480.27
109.93
310.69
266.28
465.26
265.59
143.24
401.29
238.92
742.22
489.55
54.78
73.8
449.47
626.09
747.37
37.46
223.16
73.11
79.28
680.01
565.44
57.77
444.27
268.67
513.37
764.07
200.38
40.68
186.35
428.27
671.63
518.42
495.17
213.97
475.13
534.19
196.32
409.5
235.53
294.08
625.83
704.07
15.41
15.89
202.38
398.18
444.71
320.93
759.87
72.61
531.01
145.96
547.17
555.68
228.02
252.8
782.09
284.96
31.87
414.73
740.58
367.74
491.11
319.92
735.07
647.17
493.7
93.55
174.3
439.68
456.32
504.01
126.19
406.14
142.59
634
277.09
98.89
206.78
292.7
158.47
244.47
241.92
547.25
112.16
416.43
487.15
512.49
185.56
541.57
194.19
741.08
348.71
769.17
124.49
601.58
526.29
313.74
324.65
478.16
142.37
185.46
237.81
149.15
281.9
222.12
727.41
82.38
704.31
128.1
380.33
727.09
752.03
171.01
706.66
642.45
546.03
566.63
419.52
28.64
122.62
370.08
648.32
95.58
1.93
35.16
503.5
253.29
607.88
786.85
623.72
94.29
2.56
555.09
73.62
676.69
125.94
789.93
721.71
387.22
575.64
172.47
545.77
141.92
160.53
623.27
235.63
316.46
144.54
791.56
726.49
462.8
134.38
371.59
466.94
38.77
176.87
516.46
8.23
94.86
221.55
355.65
405.2
774.67
181.67
123.2
6.78
693.09
401.07
202.56
125.11
389.56
41.76
6.65
349.96
1.44
412.88
276.95
328.64
489.73
361.6
486.36
378.4
299.12
34.65
512.19
720.19
222.71
493.32
340.93
234.84
213.09
472.53
656.15
47.86
214.53
250.87
149.22
195.49
450.83
562.71
450.62
443.51
233.85
108.47
228.36
407.24
548.38
75.54
185.89
506.05
57.76
320.31
263.44
650.81
75.2
709.69
637.41
225.55
114.29
220.07
479.68
627.97
106.33
377.05
15.28
685.35
469.52
533.86
240.51
110.14
405.38
509.26
648.01
132.31
497.2
607.35
237.19
677
50.07
667.19
521.2
519.68
201.99
665.42
635.83
688.37
415.46
720.4
342.79
102.95
500.59
709.4
608.93
12.5
205.32
541.89
8.31
389.04
699.2
411.49
353.65
337.87
724.18
131.21
754.81
494.83
538.57
55.25
528.96
412.35
102.65
6.6
789.19
122.87
59.7
597.87
319.71
435.99
637.18
698.49
323.84
739.29
55.36
126.56
98.08
319.56
443.38
173.54
559.74
112.7
749.84
215.32
354.06
496.96
223.85
303.96
248.13
601.18
28.01
151.6
414.53
212.12
660.78
503.09
95.99
354.08
218.17
146.95
704.86
691.66
128.34
463.56
397.9
159.97
405.62
394.68
351.48
529.35
58.31
463.39
162.73
232.02
301.03
40.41
229.09
729.21
55.55
143.74
463.78
386.68
86.13
592.14
329.73
442.19
793.34
792.99
7.3
325.51
728.94
333.39
548.49
41.86
622.98
450.61
497.94
100.64
768.13
687.99
117.87
170.87
525.24
352.98
761.11
64.08
656.07
420.17
400.48
768.01
617.29
743.97
713.96
792.77
201.86
312.23
721.35
106.86
79.44
589.93
158.45
273.67
171.45
778.61
608.25
631.69
780.54
464.94
672.3
713.73
746
612.88
537.44
379.29
744.92
230.05
558.99
691.24
106.34
259.23
17.26
334.75
566.81
203.66
535.83
636.43
652.44
445.8
772.27
694.67
54.38
370.04
453.03
780.65
606.57
563.28
645.47
52.32
31.52
589.99
84.06
678.46
536.06
232.45
488.26
408.24
785.61
180.13
670.16
40.45
703.36
129.66
493.03
87.23
668.3
532.76
505.2
607.47
719.86
187.07
87.69
159.23
27.21
718.51
264.49
672.17
90.65
291.05
408.08
87.26
249.8
481.15
633.82
162.87
119.71
156.18
569.51
706.33
341.33
227.33
82.3
282.83
334.05
192.64
648.45
500.68
98.15
93.29
463.31
128.33
136.44
653.86
417.82
390.94
58.59
343.83
361.87
171.25
142.82
797.1
91.04
67.74
64.18
69.15
420.88
474.44
120.84
579.65
572.25
660.22
273.13
190.62
767.8
267.57
461.5
421.25
768.09
266.12
392.28
619.47
388.37
741.71
531.12
183.6
146.82
312.84
713.65
493.94
650.24
228.98
563.8
743.23
569.68
451.01
635.99
706.2
677.34
787.36
748.63
348.62
403.37
312.97
215.03
112.13
31.97
50.09
36.57
76.71
255.06
639.41
293.38
776.69
102.19
336.99
31.25
761.89
606.52
672.88
753.8
227.38
542.58
436.08
196.18
198.43
742.08
258.42
182.28
19.44
405.71
774.57
141.16
251.82
126.91
743.38
721.5
147.16
789.59
795.33
163.32
59.41
191.24
703.57
644.54
360.93
698.49
289.06
559.08
538.12
519.94
764.72
320.47
308.93
576.49
661.23
362.45
267.83
480.14
382.52
123.52
279.41
762.81
150.97
35.5
462.82
789.7
46.77
244.66
151.47
239.98
307.24
488.41
623.23
355.86
763.96
289.23
694.2
642.62
166.83
264.94
118.79
587.78
335.87
305.96
440.69
685.41
693.86
100.01
637.78
164.06
195.37
199.32
524.65
380.28
469.11
348.4
681.36
558.6
366.05
253.68
243.61
436.66
207.36
358.8
629.88
401.02
8.65
149.25
224.01
799.68
766.51
767.4
0.09
516.64
484.66
74.8
313.4
450.95
264.86
475.06
611.31
781.99
706.36
316.78
744.92
417.06
509.58
495.87
432.55
770.13
475.27
497.35
326.41
709.47
713.25
353.7
708.68
613.94
97.27
407.2
773.23
92.56
127.7
323.11
464.38
555.68
768.67
703.49
510.45
123.28
597.51
341.42
142.94
546.59
82.61
193.77
121.38
795.05
60.42
231.89
282.18
378.19
619.27
676.53
621.28
75.01
319.65
299.35
421.33
85.46
585.49
311.83
635.8
634.25
47.88
245.69
353.76
512.07
319.36
170.2
761.44
474.48
111.02
355.86
610.5
795.25
705.99
152.89
720.2
118.59
98.25
93.18
422.51
548.71
344.69
157.36
72.38
240.37
267.17
205.58
502.28
181.53
527.5
1.9
506.46
529.01
505.6
527.21
417.05
705.96
495.94
571.47
231.28
589.8
597.35
563.33
496.2
703.76
685.05
510.81
267.33
344.97
338.79
159.57
54.45
485.57
11.03
657.8
212.52
497.37
685.12
537.14
305.87
7.33
766.31
528.55
253.45
171.5
423.97
454.55
466.11
472.53
392.07
167.68
451.96
783.75
521.28
700.55
131.17
406.5
490.09
223.03
224.4
727.24
383.56
611.46
651.62
316.8
338.91
633.7
370.25
93.51
598.18
308.32
126.41
447.56
467.83
799.01
387.15
518.29
42.98
85.24
485.47
410.53
619.03
66.82
169.49
490.44
340.79
74.56
569.85
782.42
720.98
123.46
775.96
783.96
56.29
477.7
597.08
140.73
358.78
315.06
476.95
332.67
687.48
514.92
731.03
642.97
359.8
302.82
472
239.19
77.49
457.67
535.42
367.2
82.39
431.38
641.68
273.11
86.53
480.36
470.91
504.1
341.8
411.81
454.87
598.12
711.06
344.24
292.7
632.86
704.05
664.4
785.59
590.76
424.15
406.03
140.76
209.16
254.88
781.97
143.75
252.4
297.42
74.37
70.72
371.13
425.34
223.42
371.71
314.28
318.41
531.9
742
272.92
258.31
594.26
18.65
253.25
726.97
138.58
445.42
777.5
761.59
313.42
652.52
352.55
61.82
356.04
53.09
346.95
258.86
470.1
609.6
175.83
655.71
592.05
780.27
760.91
600.59
713.98
95.37
336.28
28.67
571.46
595.95
523.06
295.4
471.04
285.49
594.6
613.77
421.31
682.44
245.55
423.06
619.04
520.25
20.9
449.92
409.78
506.11
342.47
321.36
57.02
567.53
286.31
427.69
54.87
523.59
528.61
32.57
164.15
108.74
91.92
313.39
224.42
203.7
557
119.24
20.39
269.7
396.36
510.55
655.5
159.06
631.96
795.13
766.92
114.24
439.47
741.76
543
127.64
146.28
767.72
244.12
286
248.06
25.58
173.28
549.91
491.15
670.28
455.06
142.73
35.84
707.26
531.74
178.87
67.25
21.29
129.44
60.11
114.62
273.51
17.97
614.13
546.38
463.26
503.9
325.13
565.17
379.95
651.91
339.24
610.54
120.68
149.75
407.19
165.7
685.74
219.46
289.48
619.08
496.62
665.63
143.06
692.47
637.71
119.41
496.77
209.89
403.68
613.88
54.52
475.62
437.58
761.01
326
798.98
701.1
134.65
543.88
226.7
623.07
668.67
343.45
121.59
184.71
410.35
101.78
226.99
570.96
26.38
116.73
640.8
91.25
333.26
494.31
654.83
75.9
589.28
18.9
199.13
667.24
203.26
593.88
23.43
600.41
182.95
119.61
259.63
593.43
305.46
321.78
460.99
392.92
184.59
512.47
414.94
335.78
288.31
718.92
602.67
337.65
775.23
700.59
588.9
385.49
169.15
575.71
674.8
403.56
762.8
251.13
587.8
367.49
43.59
269.42
668.56
792.06
734.7
583.88
45.96
716.34
66.25
44.09
432.02
494.9
249.56
599.8
645.5
748.57
588.56
67.88
39.08
434.87
546.94
419.39
128.2
238.46
400.67
187.66
559.31
212.76
669.09
560.81
151.68
86.67
674.43
326.19
113.61
596.49
2.65
57.97
387.27
79.62
247.4
407.29
728.96
491.63
518.37
258.65
106.25
741.91
607.99
416.19
778.29
433.26
102.5
631.31
398.9
413.87
426.81
761.38
400.81
206.02
541.33
352.95
544.32
509.49
481.32
383
721.31
48
131.67
49.25
692.32
779.32
443.09
773.29
565.35
295.86
296.45
456.44
394.99
640.48
137.57
335.84
152
649.96
621.41
512
495.32
506.15
693.82
431.35
270.56
566.41
297.79
416.09
40.83
213.31
788.39
494.82
501.19
403.02
140.63
557.99
444.57
687.86
592.4
306.58
712.65
313.64
618.81
134.77
280.95
438.19
692.57
172.71
534.9
253.2
503.8
297.27
658.64
631.72
71.09
297.14
662.63
175.37
177.82
601.16
213.27
563.52
111.02
455.94
705.57
547.58
476.49
615.77
616.95
199.22
300.66
669.25
358.62
364.07
513.95
140.97
205.16
688.61
659.47
516.41
592.22
734.13
185.44
25.55
310.99
33.29
179.92
315.54
370.54
364.69
552.29
624.43
646.97
478.35
254.71
619.43
109.13
70.73
630.81
674.09
470.12
69.09
265.55
666.77
165.44
690.51
779.4
120.49
208.61
523.42
298.9
735.77
201.36
64.57
756.67
450.9
544.54
367.09
6.14
739.18
610.97
526.33
401.88
612.21
128.76
506.3
316.83
611.37
14.72
14.47
592.41
471.75
319.46
428.06
453.16
521.66
269.47
427.08
231.14
295.49
685.73
142.19
221.15
610.74
299.78
629.44
425.25
746.4
149.55
138
177.58
741.01
333.78
309.2
499.12
645.36
462.02
224.25
173.94
99.73
438.51
125.43
551.68
406.95
13.7
760.54
656.75
473.62
647.12
741.32
296.33
211.94
31.61
732.35
561.15
64.1
87.37
551.21
614.35
300.73
789.16
459.75
482.78
19.56
774.12
687.48
266.23
651.14
751.66
352.61
117.99
235.95
760.4
524.82
774.61
173.55
454.04
53.19
362.76
365.92
390.67
177.01
364.26
4.8
375.44
331.87
700.52
361.7
551.86
740.6
236.93
691.74
485.56
735.16
113.25
372.39
742.23
273.6
702.01
153.92
288.47
20.18
57.36
213.23
619.69
386.4
572.73
158.05
378.97
648.83
581.07
690.94
577.25
16.74
719.75
283.49
323.76
7.88
795.31
280.6
34.51
491.88
671.6
796.35
350.6
596.31
719.43
132.44
336.14
497.02
783.12
62.88
784.57
541
730.22
395.74
506.95
162.65
138.87
17.33
711.85
573.73
112.1
558.41
203.25
306.45
179.53
461.37
93.26
627.95
522.74
711.79
696.03
554.93
719.15
676.7
737.34
735.15
350.11
426.79
96.14
635.62
719.6
569.88
764.74
634.95
27.95
475.16
147.52
485.26
31.49
358.02
535.15
314.4
155.49
725.72
111.04
362.21
249.45
708.39
775.42
720.75
705.06
401.78
216.93
686.74
764.54
565.9
482.22
179.5
490.91
389.68
65.81
620.03
777.66
484.72
707.06
465.59
436.29
548.19
158.75
262.27
530.28
388
784.46
506.6
631.32
764.36
607.45
133.41
25.78
758.77
657.54
716.54
642.31
65.24
42.3
448.56
85.78
123.46
408.42
139.84
150.1
310.11
306.85
339.68
52.58
207.28
256.86
790.14
318.14
607.17
730.99
391.58
103.46
192.76
746.55
454.06
135.53
42.16
175.31
265.4
371.3
20.38
97.45
619.64
193.96
126.81
47.96
541.93
246.62
473.3
16.72
298.29
449.51
460.57
371.22
637.44
187.7
473.8
547.32
725.05
521.14
656.68
756.91
286.29
85.62
395.57
616.36
37.12
632.27
723.65
686.18
428.29
425.41
243.14
675.73
100.98
272.35
86.99
545.07
395.18
0.39
405.39
28.45
788.42
608.19
144.47
612.81
502.71
443.81
209.17
442.58
187.93
695.11
477.13
506.56
464.99
273.45
741.19
738.81
303.3
98.42
91.86
582.54
7.04
679.53
791.23
779.76
739.76
292.98
304.5
0.22
731.31
404.88
109.07
516.86
571.79
554.89
324.92
286.77
180.76
106.82
113.06
236.68
698.83
345.15
731.58
47.96
468.9
246.71
258.18
714.14
752.88
336.68
566.9
654.02
737.15
359.24
282.2
139.96
724.07
335.56
679.48
250.3
692.5
261.52
380.8
316.95
161.95
561.93
569.08
92.3
144.26
465.16
247.46
225.63
685.83
273.04
578.66
275.48
395.41
139.76
6.24
146.38
520.72
595.97
688.38
42.05
250.45
362.09
138.89
453.4
376.87
458.06
540.81
502.58
671.02
778.6
180.35
223.76
551.67
679.68
291.52
708.47
547.75
705.08
138.88
534.2
129.74
538.02
726.41
242.41
231.45
716.39
636.16
309.56
635.47
794.12
773.69
587.63
285.32
2.8
262.72
277.87
543.69
533.03
538.16
55.64
455.67
647.26
23.91
750.54
108.88
31.27
82.23
444.31
54.84
508.5
53.96
562.91
715.32
12.77
436.85
552.65
326.06
256.12
58.2
684.79
351.07
513.9
591.78
530.68
448.4
757.5
37.1
520.81
173.78
639.81
503.43
612.8
269.02
238.14
472.39
436.38
642.5
402.75
516.15
244.1
531.4
139.36
790.65
333.46
6.78
636.73
424.73
447.37
758.18
552.65
714.75
796.79
400.16
467.77
595.64
34.6
759.74
784.93
763.14
34.45
583.41
619.1
431.16
309.36
202.83
503.13
794.2
795.25
21.79
735.55
180.14
549.36
453.62
260.62
398.98
204.19
205.63
714.97
288.08
207.05
740.18
503.85
373.69
123.01
693.49
371.01
217.7
648.76
583.06
530.86
522.82
441.44
413.53
708.28
513.5
154.56
442.39
270.57
663.77
496.74
629.25
717.03
546.99
685.49
235.83
719.21
275.4
334.38
253.72
374.52
709.32
232.57
137.5
274.19
537.54
594.69
294.25
150.61
29.87
600.93
707.93
553.61
535.72
769.81
35.94
614.04
796.45
489.57
789.93
149.62
751.18
723.13
615.92
641.68
231.86
214.64
588.44
328.47
745.66
459.35
742.58
463.16
242.98
165.06
510.04
394.76
738.21
188.34
632.36
578.19
147.42
783.31
748.54
440.73
131.72
380.52
49.75
556.7
250.54
704.68
174.56
645.57
213.7
378.26
106.94
95.36
310.08
4.67
527.66
265.57
45.36
599.63
637.48
602.1
394.47
314.99
442.16
606.79
166.27
294.67
230.77
700.02
170.39
613.38
346.56
493.8
712.02
729.65
501
794.15
478.5
692.52
592.2
90.41
662.34
457.62
631.65
157.85
600.98
428.87
209.39
279.37
385.28
2.94
603.36
212.78
365.72
280.38
278.07
333.66
127.88
110.2
689.95
133.29
755.79
282.26
242.4
248.47
324.77
732.96
76.17
288.38
756.47
36.5
758.29
733.73
752.94
715.99
786.98
103.26
723.44
637.23
443.43
690.66
37.45
445.51
656.2
467.13
770.65
45.13
610.84
261.87
615.19
101.76
558.62
597.69
545.55
729.22
357.41
591.11
208.95
581.04
698.58
303.89
409.13
608.19
721.54
753.07
674.93
207.85
704.02
440.06
639.14
570.84
56.92
220.64
465.02
559.55
763.65
641.6
386.97
407.59
135.33
565.59
225.97
511.45
43.74
403.88
796.33
564.07
106.34
732.98
291.6
625.83
54.02
338.23
46.39
212.7
227.43
178.93
561.3
418.38
543.68
96.2
627.07
609.99
343.57
437.71
654.29
738.04
797.15
206.7
369.25
762.39
100.17
662.58
488.07
580.26
502
265.8
675.54
290.89
421.63
505.39
28.59
210.47
633.76
243.09
141.44
311.71
715.8
550.52
408.53
135.58
380.82
214.18
89.63
323.68
47.91
530.68
193.9
274.27
458.93
437.55
151.6
388.99
734.64
656.79
456.63
341.5
18.36
492.36
514.99
345.37
423.15
22.82
495.99
376.11
44.66
420.01
472.08
109.38
80.56
698.56
543.19
748.57
223.45
647.45
497.2
254.39
212.08
18.85
144.73
81.74
436.1
176.06
708.3
147.42
257.06
74.93
203.87
80.74
686.55
705.16
187.3
196.7
516.82
81.07
359.56
204.33
423.75
43.52
687.15
792.63
496.76
410.36
520.22
403.87
786.7
514.57
788.08
15.47
217.42
442.64
541.96
205.15
672.55
424.47
612.72
179.9
653.03
229.26
268.63
624.94
1.23
532.69
22.9
339.05
723.56
202.46
460.91
146.81
123.72
73.89
343.73
41.25
749.99
616.7
197.06
130.63
106.14
513.37
540.42
283.22
548.89
635.1
207.21
622.98
238.94
672.03
453.17
408.32
147.07
682.03
708.43
113.22
19.82
361.87
251.97
455.14
94.52
496.71
601.67
553.99
757.49
706.64
322.6
197.85
428.31
784.02
645.69
713.37
497.04
594.7
209.94
238.55
485.77
519.51
742.21
114.65
24.76
306.5
136.38
640.96
770.13
76.73
763.81
350.55
58.87
362.91
127.37
413.22
482.95
487.84
53.09
789.39
199.85
316.46
428.31
201.1
517.48
448.59
267.03
416.11
672.55
207.55
65.46
717.79
143.62
485.67
638.25
136.21
395.33
692.38
422.56
138.98
348.75
236.76
444.26
215.69
361.34
74.22
793.5
113.94
738.67
354.8
472.45
575.48
579.89
468.65
88.85
194.38
131.41
443.03
536.32
711.14
634.95
81.04
373.02
51.93
741.74
295.8
252.19
193.03
602.85
141.41
327.16
15.64
786.9
787.42
387.37
478.53
771.81
89.23
745.25
205.55
274.41
357.7
174.99
453.71
519.51
441.38
212.57
394.99
726.05
481.63
747.82
9.77
771.87
196.11
269.61
174.93
137.81
50.2
632.34
721.82
572.97
746.1
640.24
523.51
649.99
700.23
285.03
495.45
524.47
392.7
100.97
522.26
605
121.11
526.64
6.21
582.39
642.29
389.04
111.69
302.7
766.51
253.48
363.75
184.3
308.54
254.29
283.92
687.11
774.37
111.24
775.51
262.61
774
551.35
380.31
276.83
234.75
580.28
645.09
335.71
698.52
715.87
540.32
579.45
656.25
227.92
75.43
305.02
507.37
619.48
780.14
219
623.44
177.84
505.49
372.82
452.54
155.58
514.83
674.35
720
240.27
374.3
48.62
525.05
136.86
737.88
578.44
127.75
472.45
360.95
655.37
147.01
422.74
406
557.78
354.45
348.33
790.76
591.24
623.17
628.93
5.14
735.35
525.04
488.46
680.89
352.76
590.06
419.16
785.49
41.83
57.65
449.75
644.09
428.28
310.45
324.54
361.59
437.97
11.87
565.2
178.7
631.46
224
733.35
387.77
622.98
361.39
483.36
500.78
453.6
766.68
609.92
539
206.08
262.92
490.33
115.8
161.9
238.86
449.65
654.7
46.48
466.21
581.61
92
537.49
481.27
657.81
201.96
292.06
473.72
763.08
459.42
743.53
450.31
507.93
738.84
405.51
278.8
711.1
711.34
590.29
153.97
188.88
28.59
223.66
383.68
744.05
774.83
188.07
759.64
279.71
102.2
184.69
747.18
558.96
205.98
514.25
346.95
464.31
529.71
322.25
220.06
23.53
408.07
278.27
275.62
515.19
168.23
766.43
236.99
608.57
16.87
339.74
398.05
783.42
781.13
338.62
160.9
462.31
226.83
135.07
192.05
424.33
181.47
637.03
783.84
106.13
669.56
629.98
355.83
738.03
270.43
637.26
121.68
24.94
554.68
240.5
60.16
12.05
93.89
776.26
517.41
652.53
410
38.35
520.86
391.81
657.37
589.55
418.58
258.03
91.07
438.69
114.55
512.45
673.97
681.35
520.69
146.91
787.08
720.93
232.08
347.9
711.15
560.74
535.4
390.8
261.04
305.56
43.05
366.36
678.61
649.51
631.67
132.27
290.5
370.84
496.2
340.3
183.54
599.64
431.01
122.4
646.87
424.42
300.58
159.81
404.94
769.33
779.78
787.49
328.15
29.6
103.87
442.01
181.24
380.57
591.79
309.71
398.13
449.44
341.62
103.01
92.09
572.02
45.84
168.69
341.17
399.92
333.52
178.75
199.49
558.84
385
96.16
774.17
499.32
96.44
757.19
781.35
100.82
210.62
591.27
574.59
368.69
87.09
629.15
784.72
311.02
14.26
648.22
701.03
461.2
96.25
252.86
376.84
79.14
587.06
763.33
368.43
575.23
418.6
764.14
782.16
739.95
291.02
492.81
588.65
465.3
785.76
370.35
715.51
437.64
540.73
689.69
528.38
32.29
31.31
429.82
601.91
79.18
136.87
794.46
44.98
743.51
151.41
137.56
561.16
682.09
760.3
698.83
458.8
180.84
233.26
167.23
144.75
272.72
666.49
222.22
633.02
152.97
427.14
122.14
758.59
138.26
73.32
798.81
137.76
255.65
710.17
303.91
614.69
713.53
664.87
328.7
3.28
329.98
393.47
253.12
276.8
675.23
589.6
627.83
587.64
269.82
444.47
652.83
90.55
568.99
585.3
278.69
770.71
433.55
440.12
652.49
768.61
341.14
28.8
419.86
359.86
398.6
332.34
352.71
697.57
133.51
311.73
625.7
740.33
386.83
301.08
315.58
366.73
0.81
650.19
215.74
696.15
416.01
529.99
498.1
493.66
776.74
366.39
673.74
157.24
35.94
754.84
586.12
567.64
349.58
154.06
650.85
336.47
504.18
344.13
779.88
183.48
48.56
366.55
97.24
296.4
632.89
233.8
743.84
9.17
6
693.26
122.4
123.3
782.51
312.9
660.41
153.97
373.19
315.54
71.82
437.4
17.29
279.53
84.87
357.57
657.56
659.97
677.17
615.12
28.22
261.34
793.55
697.28
688.17
139.71
115.78
447.32
358.71
598.89
246.68
319.08
765.09
350.26
144.87
625.08
556.05
426.91
410.69
52.78
235.42
459.13
292.03
379.29
726.73
121.92
583.88
96.66
533.58
34.43
723.72
319.94
179.41
743.05
251.21
73.37
509.15
767.39
640.72
194.54
159.99
419.87
320.7
464.54
346.39
145.68
541.49
640.62
201.54
122.63
216.21
722.35
146.18
401.89
331.34
717.43
104.94
513.66
589.52
716.83
377.06
376.57
567.34
68.58
271.04
108.1
310.82
445.28
124.1
493.16
695.2
67.03
28.27
56.84
570.55
379.73
580.39
706.02
403.28
279.52
701.41
88.71
586.27
409.62
107.01
341.02
673.35
408.69
562.82
786.87
194.48
579.12
153.87
130.96
546.92
458.45
634.07
625.6
787.99
22.69
12.14
351.47
573.77
224.41
252.46
203.51
488.59
452.43
201.15
752.75
206.17
250.7
518.5
287.36
565.92
308.87
98.29
645.29
150.49
690.04
428.04
356.29
611.01
701.75
763.01
538.24
772.7
388.79
500.56
685.21
184.54
284.33
293.66
261.6
621.27
652.24
537.96
385.71
349.65
77.31
122.26
49.79
81.28
24.61
88.89
230.95
327.78
575.96
10.92
246.56
325.94
276.87
730.08
570.73
343.59
216.03
531.85
259.56
448.66
440.32
740.87
67.09
278.96
417.4
348.77
47.65
44.5
799.57
451.63
227.87
120.97
416.77
304.75
374.37
46.25
689.79
470.12
480.03
514.11
533.01
331.85
149.38
376.3
161.82
493.44
724.17
364.24
285.47
555.99
725.85
509.77
739.22
632.72
749.57
203.38
339.4
622.49
612.02
736.92
397
532.4
678.06
203.19
704.73
591.91
459.97
679.18
687.52
630.84
358.99
598.68
172.2
696.48
129.26
383.62
267.01
70.63
434.05
683.55
155.43
295.92
584.68
654.92
155.81
241.76
450.75
17.5
344.52
443.94
277.82
449.16
784.55
18.69
678.75
477.45
428.63
740.26
507.53
109.58
310.89
72.75
610.95
765.92
380.89
559.21
671.85
130.61
383.08
322.26
365.58
88.13
652.35
138.03
464.56
338.49
379.86
778.53
263.94
734.39
57.13
528.79
713.27
81.65
721.94
711.54
373.41
16.41
117.09
183.25
591.66
538.57
185.39
696
64.97
792.71
642.59
402.01
149.52
719.96
706.96
95.2
633.06
21.4
419.75
323.55
9
664.4
20.6
479.1
469.5
399.29
596.23
82.45
745.19
775.64
513.94
309.91
630.16
567.96
598.94
54.54
184.13
740.37
323.61
456.46
199.87
236.61
692.24
527.52
298.3
638.59
511.79
162.57
341.63
737.38
514
358.04
540.51
691.16
19.44
568.32
332.87
279.03
333.66
221.5
10.28
222.94
192.42
258.55
316.6
457.52
45.85
591.53
574.35
532.08
740.47
50.97
22.14
210.22
27.14
203.68
659.88
273.89
38.75
508.69
713.76
387.73
121.74
347.88
325.3
412.5
548.9
276.84
360.42
163.87
482.27
457.44
720.24
720.19
138.54
276.63
392.57
363.2
329.99
299.34
520.77
129.54
352.57
554
391.08
253.09
540.08
129.67
60.85
569.05
553.91
543.57
26.01
239.54
446.4
75.77
637.69
208.34
428.71
9.51
454.3
569.64
279.93
675.98
560.72
626.33
364.22
144.16
288.69
636.11
282.25
687.12
428.51
275.52
235.84
721.51
405.39
798.71
566.14
790.66
791.16
681.02
340.41
389.89
258.18
456.32
422.15
262.06
425.26
388.67
7.32
454.76
743.08
649.92
726.66
305.11
123.22
600.39
475.06
34.53
339.78
573.08
589.99
319.09
260.29
758.86
34.35
401.72
528.68
481.68
586.67
63.01
730.68
641.08
555.4
61.18
466.16
534.12
527.72
27.58
469.77
527.66
794.91
799.84
599.34
743.51
554.69
754.01
382.39
689.32
392.23
679.75
430.76
547.86
533.79
737.75
195.22
318.99
388.61
774.73
160.38
497.15
207.15
781.86
576.03
688.76
204.48
758.2
211.48
169.26
469.99
788.37
387.89
38.31
416.2
280.16
299.44
49.98
243.68
552.21
784.19
303.45
2.35
86.15
765.35
356.19
388.92
4.15
577.89
629.33
625.11
282.2
146.96
125.31
357.42
795.42
296.38
604.83
353.08
370.88
11.16
550.13
525.64
47.23
487.84
231.49
7.62
773.15
497.73
6.87
454.33
659.84
576.49
561.53
428.5
163.3
73.07
211.19
529.85
721.33
271.36
623.86
349.92
224.6
720.26
679.91
127.79
218.73
765.14
511.25
578.84
295.97
266.84
78.98
307.94
439.41
559.52
403.28
71.85
21.8
375.82
365.44
205.81
413.14
767.62
586
532.9
628.81
797.19
220.32
126.54
745.99
232.14
262.38
163.33
219.35
553.88
548.1
680.17
268.43
583.63
709.94
580.31
525.64
215.34
432.07
605.39
793.68
220.98
492.51
533.76
730.45
170.21
467.34
580.88
229.48
740.63
546.87
177.98
387.81
445.75
407.83
21.47
782.15
534.12
56.93
326.18
106.13
268.05
183.29
548.08
616.87
159.38
275.3
482.89
613.96
142.14
714.56
490.4
120.75
558.73
162.7
305.72
620.53
584.61
34.15
232.87
293.06
378.65
716.22
161.86
303.52
280.4
468.04
322.19
85.92
416.94
254.33
325.97
156.03
180.24
695.52
251.61
677.56
795.02
496.66
379.93
123.98
42.31
208.01
62.81
522.19
17.7
553.58
4.72
588.64
658.92
771.68
730.52
480.64
29.34
711.39
672.88
116.32
744.24
458.94
144.92
126.04
356.79
602.15
150.61
381.59
376.7
766.84
328.05
244.6
656.36
156.13
561.73
596.83
595.32
533.58
613.89
33.52
86.9
714.91
326.11
757.98
105.55
245.08
3.18
719.71
412.57
316.2
515.89
783.22
593.12
485.97
344.8
5.31
381.69
598.19
346.47
512.24
247.54
586.12
606.07
691.39
790.98
349.27
179.02
232.47
349.83
216.87
109.85
336.43
279.87
384.34
763.24
343.62
41.36
483.28
517.21
102.32
132.86
710.81
535.79
191.32
361.21
773.24
777.56
354.73
470.13
337.34
389.26
475.09
522.7
177.21
446.73
717.12
308.63
183.03
517.55
75.05
795.45
192.14
109.21
765.43
467.67
295.93
739.01
57.07
137.69
697.93
234.35
291.57
199.18
420.13
405.55
160.17
517.87
146.49
592.18
333.4
287.41
417.72
575.15
242.19
536.2
591.87
543.21
614.47
784.3
753.33
676.7
201.82
352.66
522.66
209.62
621.34
383.2
464.44
778.61
386.53
427.38
553.36
294.84
584.77
439.49
163.8
568.12
735.35
164.51
645.78
400.66
686.56
589.81
45.22
626.71
608.55
348.1
635.83
539.59
628.73
714.26
366.52
427.19
733.45
403.59
515.78
228.37
44.9
520.2
370.15
16.78
208.46
207.73
479.58
363.79
744.77
523.9
523.29
679.06
500.43
209.16
693.1
757.63
575.94
370.16
738.86
656.43
687.56
41.04
646.74
475.72
581.93
195.9
676.43
701.06
450.39
156.99
135.68
643.5
544.67
1.02
154.4
139.72
758.53
36.45
441.85
735.53
529.36
690.57
119.74
574.75
239.14
78.29
316.37
523.38
286.51
691.34
294.36
493.74
423.34
361.83
694.8
698.55
383.17
291.49
398.66
148.85
357.01
646.3
368.13
122.7
451.74
76.61
471.06
797.68
421.37
41.69
543.7
642.44
796.42
548.53
190.72
631.11
547.43
641.98
388.33
423.25
461.58
536.34
265
119.26
383.48
570.26
719.8
140.89
61.06
508.88
44.8
309.35
109.7
367.57
327.78
497.23
509.93
250.03
41.47
373.53
664.87
741.49
20.57
242.58
440.36
210.46
299.7
682.13
83.74
45.59
499.64
749.49
493.16
460.71
729.25
257.14
724.94
544.62
218.69
232.63
618.3
782.84
650.45
27.48
413.11
432.54
665.32
462.32
285.46
389.4
304.3
455.47
687.41
419.45
297.2
84.28
751.25
146.89
159.27
431.34
691.84
694.68
171.18
715.44
634.4
718.89
338.13
131.6
470.92
397.59
241.91
356.13
767.37
366.44
271.88
789.43
543.57
707.66
791.82
155.26
183.25
340.06
235.79
88.1
368.34
584.1
727.76
139.92
108.79
8.99
363.89
589.72
419.43
706.84
639.04
19.64
441.46
80.64
418.74
722.54
155.89
351.39
622.41
1.68
717.58
334.93
703.35
102.07
395.19
764.61
581.62
411.16
150.63
330.6
468.03
318.97
173.73
603.17
221.37
158.69
461.75
747.33
36.35
225.07
403.52
475.49
523.55
359.97
450.85
769.68
765.17
539.52
293.98
208.53
442.01
210.35
795.15
275.35
70.89
769.42
740.68
303.89
548.16
583.78
180.17
260.66
686.4
8.54
339.04
773.48
205.91
331.91
577.12
621.31
27
335.29
368.31
69.12
444.46
417.99
268.12
134.31
304.09
290.81
489.08
309.87
704.64
128.22
157.72
284.67
234.57
695.64
99.01
527.49
255.92
14.8
265.38
514.35
85.39
778.58
752.6
298.73
225.01
586.1
307.65
212.05
747.17
388.31
154.01
56.59
641.35
406.71
145.09
584.23
76.53
798.2
533.43
44.92
387.12
602.89
498.35
88.3
461.98
713.15
414.95
746.59
364.64
268.23
338.49
518.82
34.03
588.77
753.67
476.75
355.21
63.25
16.27
565.15
426.44
238.16
423.24
735.5
296.25
218.68
151.97
787.67
669.89
78.24
102.36
46.08
340.55
564.31
376.58
204.09
246.3
303.07
302.62
405.71
739.42
697.39
102.32
779.68
17.36
283.48
79.13
598.2
185.94
1.51
171.71
408.52
660.47
743.09
387.52
449.02
703.27
753.68
376.47
459
589.95
158.78
682.97
779.84
493.55
436.72
706.32
786.48
72.97
200.57
728.47
769.53
448.87
274.57
7.29
599.3
720.21
711.96
518.47
281.18
352.77
16.48
336.26
223.6
242.44
763.53
463.88
125.79
243.77
268.41
247.35
737.54
444.73
489.88
346.09
792.16
662.56
10.02
5.02
388.32
593.47
91.52
750.9
48.14
479.45
608.28
477.22
72.36
795.62
553.75
170.12
736.69
537.94
134.9
715.82
632.41
231.86
84.79
201.55
366.72
718.16
774.16
357.91
445.15
420.31
81.99
130.38
515.87
628.24
194.86
382.9
383.17
604.24
462.67
163.41
651.66
302.22
559.24
290.34
594.14
797.23
15.06
785.02
771.16
685.58
420.76
798.93
39.75
387.8
123.09
495.26
674.72
580.4
452.37
21.01
381.82
149.1
253.68
401.46
72.32
648.43
751.88
774.81
166.58
418.34
651.87
253.94
706.25
531.64
46.16
286.97
702.04
368.47
432.95
513.49
535.17
428.32
82.03
724.13
128.09
285.64
218.38
551.01
425.31
709.55
232.94
149.95
600
528.45
563.16
430
118.25
604.14
174.27
66.42
46.43
698.69
496.42
711.18
501.65
142.08
297.9
561.72
367.83
722.82
119.13
103.53
18.33
779.98
144.32
52.88
45.88
477.17
42.52
576.91
260.84
355.81
556.42
518.16
412.35
176.24
505.58
650.17
717.87
465.47
656.43
297.63
761.4
299.05
378.24
20.64
358.69
478.84
371.38
567.02
568.9
191.67
793.74
442.42
122.31
369.36
712.45
678.78
131.65
377.62
755.66
419.64
509.52
330.3
89.74
183.26
412.46
649.73
214.14
493.94
100.3
790.01
355.62
542.88
483.58
268.36
185.53
290.13
379.72
661.68
376.59
232.03
517.08
304.27
51.63
452.18
400.67
288.42
252.4
317.27
484.06
6.52
198.49
74.89
481.37
596.12
120.56
86.09
367.14
571.76
392.7
778.58
143.35
751.31
514.48
739.25
363.72
753.11
346.31
484.86
740.25
72.46
366.7
236.43
719.5
396.69
481.61
298.67
187.53
57.83
547.64
285.07
203.55
572.92
121.38
658.91
345.89
464.06
205.43
427.51
19.03
598.86
421.02
532.16
395.15
702.65
492.94
188.4
609.36
237.05
552.82
356.6
110.73
118.34
83.15
129.55
505.8
725.51
482.82
735.5
202.27
350.26
516.05
362.45
124.94
168.7
59.4
18.11
50.3
473.28
432.89
72.53
734.54
696.84
655.57
465.88
269.72
83.18
93.62
513.2
126.57
663.47
629.58
454.93
222.91
559.15
721.35
471.18
538.27
33.62
50.52
624.65
418.35
2.3
352.45
544.75
490.3
239.76
735.43
383.32
443.07
168.43
534.46
116.69
349.61
462.59
640.39
657.35
323.72
43.7
215.92
542.58
672.55
153.94
420.92
262.46
295.23
94.25
483.97
236.1
280.71
592.69
736.59
204.67
315.31
74.64
250.93
386.17
335.47
677.25
289.37
693.6
82.62
379.57
770.3
7.72
166.94
284.23
50.38
7.12
144.73
624.48
796.09
589.29
361.34
84.33
252.08
606.65
513.48
341.98
464.96
649.84
740.29
465.68
613.89
693.65
59.45
373.81
683.48
152.7
553.38
371.54
237.44
11.09
59.52
437.31
689
751.54
474.23
79.25
482.66
116.11
10.4
692.94
385.83
118.13
596.88
129.66
55.9
70.04
390.24
512.27
106.57
349.11
552.21
181.31
742.11
133.25
92.92
637.94
403.05
153.41
200.84
106.9
536.07
576.62
95.8
541.8
666.03
325.38
376.96
316.77
460.18
748.87
269.76
157.47
715.65
505.24
170.2
173.58
693.64
420.79
486.47
91.31
427.63
624.64
536.73
425.65
212.36
32.08
58.17
360.94
754.04
680.15
251.79
154.69
312.09
558.52
147.71
107.31
477.52
608.24
28.93
301.19
272.84
782.81
552.9
751.57
27.59
594.36
5.55
196.59
387.2
392.06
233.77
704.15
548.37
573.76
81.53
503.3
41.19
479.79
595.58
738.05
682.3
165.62
77.82
555.49
497.54
292.55
20.18
268.64
469.26
349.65
654.56
191.99
567.43
539.64
15.13
51.15
494.54
11.48
134.29
225.9
507.61
540.68
659.57
369.59
342.83
342.41
208.15
488.69
783.41
169.67
71.91
89.7
182.95
570.96
289.26
663.38
56.56
546.9
773.36
453.03
724.36
449.86
265.23
152.25
178.01
456.49
219.54
178.44
701.35
415.48
365.39
436.53
593.9
433.62
631.54
297.84
613.77
250.31
259.37
169.49
342.98
20.91
718.46
789.38
326.52
454.36
753.72
157.88
341.2
609.89
336.25
745.11
508.31
394.69
778.17
49.83
343.5
440.3
534
74.65
379.13
518.5
671.99
387.86
492.55
520.23
313.15
279.14
798.38
302.25
176.03
593.59
219.61
129.76
594.08
360.25
200.2
514.27
464.72
305.01
520.5
57.54
283.45
647.25
693.62
472.93
57.6
63.1
99.41
213.56
797.93
677.1
709.8
305.36
684.92
678.53
363.15
489.66
337.61
5.48
448.84
271.66
501.35
453.31
490.8
431.13
762.25
47.52
534.17
185.85
390.49
398.81
488.06
346.75
208.67
30.58
788.28
635.69
741.13
312.95
762.71
380.7
334.61
630.74
668.67
232.25
488.58
36.5
120.34
625.36
195.62
695.38
506.44
770.48
196.7
350.85
781.16
447.68
383.35
712.11
414.37
447.02
346.35
40.04
770.02
505.21
572.28
178.61
561.97
352.88
112.75
701.38
673.37
216.29
155.1
134.31
253.22
745.48
325.94
230.02
790.32
745.63
238.94
338.39
102.31
3.39
90.06
388
120.1
136.44
473.32
84.22
21.11
263.77
44.3
699.33
268.03
123.56
376.42
567.39
520.97
109.66
403.58
88.46
314.14
461.08
477.68
501.6
721.22
263.5
489.68
200.66
193.92
376.31
664.81
230.98
227.79
467.1
43.94
49.28
431.56
296.88
735.56
318.01
641.76
435.73
374.8
517.33
339.3
425.6
266.27
713.69
313.05
560.25
692.97
189.15
283.35
456.6
190.86
322.2
112.82
373.6
528.86
152.52
231.12
157.29
81.88
159.24
229.21
788.7
401.31
708.55
195.05
320.55
786.99
753.11
248.8
503.17
602.45
153.48
792.46
57.59
673.75
68.51
664.9
101.97
456.97
433.7
208.67
580.45
510.46
226.23
98.34
224.59
766.03
348.19
103.31
471.68
476.7
597.41
739.03
687.85
620.65
625.88
240.75
449.22
239.26
380.67
678.55
58
161.05
170.7
447.56
55.97
194.11
514.59
291.9
551.67
435.16
4
765.37
543.76
54.89
414.53
704.92
263.42
409.22
342.19
505.47
298.76
586.98
250.52
776.07
73.69
135.13
379.69
509.78
14.2
758.38
638.62
421.44
580.21
198.9
196.97
778.44
630.53
784.63
706.86
310.26
245.78
482
677.13
272.39
676.83
452.65
695.12
40.24
206.97
409.76
547.18
65.15
156.53
765.87
743.73
134.72
344.66
197.21
567.76
167.13
352.16
84.59
310.91
723.3
250.76
655.37
142.24
67.82
510.12
136.41
155.92
611.74
317.43
7.61
175.22
692.99
20
628.89
74.72
293.81
9.39
786.8
243.44
704.31
299.96
277.29
323.7
104.94
0.69
684.66
733.39
482.72
451.18
411.26
184.78
785.78
499.75
106.4
497.69
275.28
411.28
464.86
241.55
368
412.16
265.75
170
438.82
92.8
523.75
770.51
18.27
204.02
501.64
68.71
478.37
657.16
192.37
418.5
639.38
598.93
48.24
722.32
321.01
605.39
9.52
341.09
340.44
725.59
633.34
484.64
363.13
9.02
588.55
128.98
749.67
741.89
299.91
509.57
229.42
568.4
494.85
133.36
161.55
48.21
274.57
290.98
636.79
354.45
114.04
340.56
153.92
513.87
695.94
775.56
588.04
791.43
262.04
63.83
363.08
297.92
117.25
286.49
472.96
75.23
292.41
364.52
146.97
603.23
4.9
539.94
63.03
351.06
403.21
167.77
135.19
755.45
328.19
560.97
240.31
144.18
559.92
469.67
257.55
379.38
61.41
677.72
437.73
107
502.59
307.14
254.84
555.68
716.47
240.74
318.64
248.24
325.17
505.06
698.2
728.74
477.64
203.21
54.07
456.96
26.53
222.84
204.21
471.93
513.31
229.5
147.83
727.52
279.22
349.08
186.41
207.39
458.91
124.62
560.46
441.65
272.8
496.78
44.48
692.85
198.73
133.11
112.58
166.39
352.94
221.36
536.07
190.91
620.94
24.28
347.32
618.33
438.1
39.56
351.87
771.3
227.76
358.17
121.43
435.65
777.62
121.54
617.79
91.16
261.2
110.22
691.01
630.26
597.28
486.56
620.38
631.73
117.83
86.11
736.77
168.81
727.64
347.9
527.8
396.24
662.11
69.63
597.92
588.1
318.9
570.63
593.99
372.3
669.85
232.2
163.33
258.98
432.32
334.11
277.53
794.78
472.1
376.33
763.52
573.72
533.95
359.29
121.07
605.65
703.64
196.32
416.48
514.81
633.93
399.64
730.66
235
213.82
489.61
640.51
300
232.05
723.43
683.41
29.2
346.6
365.42
608.21
503.38
129.73
360.68
296.79
452.1
482.72
217.8
399.56
312.28
607.95
86.88
672.82
23.37
284.42
352.7
102.95
336.18
736.84
534.79
79.14
666.28
539.67
122.03
147.75
399.97
529.93
352.71
617.96
685.13
423.7
517.39
758.64
419.83
12.49
11.09
726.92
783.08
71.32
282.85
200.7
713.94
21.88
72.93
544.2
354.72
677.37
243.04
111.24
49.07
270.35
123.91
59.73
539.38
519.9
320.47
38.84
462.71
278.88
660.46
99.22
485.73
5.8
122.93
665.75
756.68
283.64
370.76
754.35
70.84
365.42
737.59
487.49
196.35
251.48
48.09
360.48
198.8
597.08
709.34
470.61
385.47
417.23
139.29
452.97
738.51
575.74
346.39
158
615.65
716.22
135.2
345.82
427.18
4.39
618.42
113.36
473.09
408.67
585.03
72.07
88.49
413.17
137.3
749.63
464.02
95.67
711.19
434.99
503.89
423.09
696.78
303.28
746.93
408.08
623.62
727.5
371.95
542.98
341.49
403.49
285.59
747.51
691.19
580.94
66.71
793.7
467.18
677.15
440.41
629.16
675.08
253.27
477.71
470.2
449.69
357.28
538.18
82.62
613.74
640.15
666.66
572.93
320.72
172.33
613.41
325.91
536.89
133.49
519.74
584.92
755.87
604.64
13.78
426.58
436.62
361.34
117.32
446.1
762.86
627.43
583.16
490.65
645.79
475.11
741.73
92.57
768.73
16.36
320.62
132.13
33.46
200.49
537.38
672.28
346.14
489.32
727.41
313.68
305.09
579.11
107.85
469.83
645.62
555.23
191.12
410.14
533.34
347.09
280.95
551.67
641.66
558.01
778.64
426.61
314.53
679.9
211.02
383.54
724.16
444.13
284.39
340.94
772.36
95.63
250.13
797.72
145.63
690.17
693.06
323.18
49.53
534.08
143.53
714.23
681.08
636.65
498.23
519.62
272.12
42.73
400.84
742.17
19.57
214.01
676.57
195.75
759.56
77.75
136.97
431.19
356.67
401.66
151.12
273.68
197.44
430.53
619.87
530.71
138.06
162.62
235.02
337.73
761.17
383.38
109.9
746.51
266.12
531.1
493.44
385.51
497.43
455.11
351.35
127.03
333.16
465.9
238.59
74.81
378.6
746.75
690.11
734.75
798.13
746.99
711.09
15.4
268.75
760.91
7.37
698.5
8.36
603.52
711.06
171.52
169.38
536.3
748.8
265.99
615.81
235.7
396.35
584.87
280.2
242.42
261.11
678.04
783.16
435.48
213.45
259.83
514.97
277.36
704.97
233.81
479.15
264.63
736.46
730.45
458.64
221.09
672.36
761.98
275.81
417.99
152.55
656.81
106.19
485.61
15.87
540.46
739.59
192.92
550.25
469.27
479.52
34.8
591.21
489.97
655.03
294.27
108.9
21.46
209.87
776.36
566.06
433.91
61.93
484.65
289.01
635.83
19.09
142.49
517.82
599.38
689.95
175.06
155.82
290.29
268.28
507.74
15.11
711.55
668.33
316
60.63
112.1
258.14
204.32
744.92
101.06
566.29
397.37
229.54
126.56
90.36
603.84
80.46
86.81
761.23
536.29
195.95
224.39
318.89
505.26
197.2
632.76
524.15
706.15
407.32
496.63
683.59
351.74
60.57
765.57
408.18
12.1
498.95
265.64
229.83
147.86
556
774.7
220.78
270.12
437.39
96.81
6.18
13.06
668
559.1
160.3
648.15
321.12
600.77
441.79
580.34
274.02
324.35
71.98
389.87
367.72
748.38
230.54
738.25
58.69
318.87
207.87
777.5
66.44
136.04
652.45
65.77
570.99
580.13
560.49
282.2
498.11
410.36
31.52
120.18
526.6
224.11
787.24
294.3
72.63
753.61
573.78
724.18
500.13
95.72
284.54
299.71
49.78
209.95
576.69
672.59
223.79
320.36
240.25
489.79
770.16
168.58
4.28
8.27
392.66
714.65
709.13
304.6
19.35
298.85
185.94
320.23
69.46
98.91
376.29
253.23
743.57
29.91
340.9
706.74
643.42
714.21
687.2
785.14
710.62
767.66
678.28
334.98
293.45
1.62
726.84
342.38
707.34
43.75
36.03
326.72
792.87
442.86
271.91
463.64
219.33
408.85
733.86
279.93
145.53
685.34
425.37
468.3
536.41
29.17
496.79
637.32
607.2
59.41
647.36
88.87
181.66
722.97
176.99
556.77
237.1
68.17
591.64
108.92
625.01
661.3
293.62
224.88
39.54
394.84
778.37
358.03
181.82
576.37
29.06
581.77
303.29
268.58
144.61
413.42
267.17
184.82
220.62
539.48
113.81
583.23
504.58
708.98
298
745.89
687.75
795.69
172.8
707.11
637.89
187.93
334.19
216.51
796.93
525.3
322.1
383.52
117.65
559.09
372.81
683.01
687.24
273.1
558.85
419.05
51.54
239.4
700.55
86.83
262.33
109.08
380.17
436.76
748.41
72.41
207.68
362.4
573.48
589.57
120.44
503.66
435.89
162.21
632.44
148.09
559.12
487.15
371.04
119.85
748.35
588.24
641.34
49.56
727.55
681.4
672.89
757.72
731.93
37.78
544.57
333.06
108.62
159.62
280.67
325.01
395.04
638.64
514.16
208.76
345.85
673.06
487.13
361.21
49.46
569.93
158.46
492.55
413.38
167.38
327.9
683.64
66.18
665.28
388.2
163.2
539.31
389.14
754.87
503.52
251.26
299.81
125.6
794.46
20.4
400.36
424.45
501.91
279.95
106.95
183.62
23.31
287.89
69.08
794.83
26.57
226.59
561.19
641.5
525.67
456.08
267.65
687.56
71.2
531.66
576.71
392.53
666.3
695.7
656.21
468.64
478.45
455.73
95
293.11
570.04
44.87
326.93
493.08
180.26
458.43
449.68
356.63
143.53
282.25
346.43
580.3
639.34
39.28
302.44
770.16
608.32
654.09
4.87
757.35
435.65
41.18
475.48
521.17
65.48
588.98
652.66
431.66
357.26
529.6
497.31
453.87
664.02
140.49
159.06
21.98
7.45
37.43
31.42
615.64
548.9
283.42
226.42
45.16
641.48
515.1
230.26
313.17
49.91
398
265
650.24
484.5
739.12
751.06
72.45
571.8
410.15
257.89
101.74
59.36
32.6
768.67
404.95
406.92
190.93
61.66
598.59
350.06
583.76
507.39
220.42
351.18
760.69
455.11
794.06
311.84
205.18
752.54
775.05
256.06
259.99
446.7
490.32
702.19
786.74
509.48
396.18
355.44
158.19
376.93
18.17
609.89
15.94
766.34
389.81
451.95
708.19
227.18
218.02
472.05
470.79
252.3
430.54
434.03
507.95
737.39
368.32
268.43
486.04
318.79
517.64
213.21
19.53
431.03
170.11
642.44
366.18
190.04
248.86
483.1
496.35
79.92
195.75
343.25
684.94
546.43
149.15
241.19
488.94
166.64
231.05
392.98
444.75
703.79
136.65
405.49
692.76
722.06
211.88
772.55
569.83
698.08
190.97
518.09
112.99
88.39
492.33
257.78
686.6
471.3
243.2
418.49
395.3
121.47
353.55
288.26
311.56
95.79
557.11
369.58
60.82
533.6
754.94
649.77
145.63
491.36
698.48
156.02
122.46
579.39
186.66
411.53
91.43
261.48
534.32
685.08
381.49
420.96
128.91
471.18
233.62
133.37
759.23
696.53
141.33
741.31
306.38
615.47
287.5
732.87
70.12
576.05
782.61
609.35
31.39
21.22
655.08
687.52
332.19
42.35
543.75
691.29
438.67
765.36
296.09
127.81
238.6
187.86
407.23
587.66
254.9
95.32
773.85
272.41
739.88
606.18
633.97
448.13
71.82
571.93
31.48
1.74
184.87
317.04
436.62
774.54
753.8
369.45
73.23
662.23
25.2
596.2
678.34
697.08
429.28
628.93
333.81
339.34
346.41
343.32
222.18
369.45
116.84
291.69
395.02
480.05
667.47
681.42
268.01
624.52
797.59
534.5
320.77
438.75
632.64
376.1
680.96
315.71
46.08
121.71
205.09
288.76
550.19
793.02
202.57
786.04
11.82
395.02
138.94
557.91
17.27
724.46
541.43
156.45
124.37
22.39
650.77
125.65
193.58
4.12
488.19
80.89
410.92
309.9
355.83
85.36
383.21
258.35
672.04
408.96
613.12
4.1
238.87
114.84
266.28
452.14
502.3
310.59
216.27
193.86
178.42
443.17
230.83
550.04
98.93
297.15
65.38
572.2
186.95
323.52
165.8
543.7
36.17
248.75
506.9
335.91
716.41
639.62
390.16
527.64
40.41
238.63
580.63
413.19
402.76
255.15
342.34
430.12
271.61
675.74
127.01
486.06
453.39
767.9
434.42
165
659.81
426.09
140.88
768.21
494.47
376.12
637.77
13.74
45.32
123.29
166.38
389.85
762.09
588.64
319.97
505.48
321.35
174.66
5.64
732.56
319.35
771.29
441.99
753.65
754.63
550.59
79.54
742.95
699.41
461.63
702.05
391.23
20.83
255.83
214.66
82.84
441.1
598.48
306.74
47.23
342.82
92.15
465.35
374.52
226.54
350.35
23.03
504.48
759.95
795.22
122.69
7.23
302.43
368.56
423.44
298.39
642.8
467.23
544.92
73.66
442.16
241.14
507.77
453.31
502.48
47.23
671.26
560
298.1
371.24
630.81
731.99
24.25
12.76
581.46
247.4
72.34
610.12
289.07
551.11
541.39
336.4
363.43
587.01
29.07
136.65
616.79
432.69
480.02
313.17
435.79
595.16
150
784.04
551.02
599.58
651.8
280.47
749.84
611.97
595.47
775.9
179.13
96.5
376.45
652.55
413.35
660.48
67.14
68.46
536.32
420.07
761.41
452.08
725.84
540.15
173.58
240.97
198.6
530.53
29.59
495.13
525.05
120.25
374.24
359.72
311.69
123.36
589.38
677.66
485.3
726.44
689.36
71.76
646.89
547.71
790.96
20.59
174.23
725.16
32.51
610.65
272.24
698.67
610.79
726.92
522.01
405.31
598.43
354.66
46
529.26
273.81
741.08
49.09
687.27 /

COPY
	PERMX PERMY  /
	PERMX PERMZ  /
/
MULTIPLY
	PERMZ 0.01 /
/
