---------------------------------
-- Permability values for SPE9 --
---------------------------------

-- Permeability distribution visualized in figure 5 in Killough's paper
-- Killough says 'The input data included in the distribution to
-- the participants included a geostatistically generated 
-- permeability field'

-- The values below are taken from Killough's dataset, they are
-- not based on the figure in the paper.

-- Explanation to how the data in PERMX is organized:
-- Under each LAYER (i.e. K-value), 
-- there are 25 ROWS (i.e J-values) under which there are
-- 24 entries (i.e. I-values) 

PERMX
720.08
287.71
461.51
629.62
13.75
558.95
421.38
497.8
151.92
306.46
723.08
72.41
360.92
250.36
544.24
535.21
405.93
453.05
586.39
779.39
541.21
56.6
134.76
312.63
42.01
250.1
41.41
670.16
583.25
105.56
737.98
294.68
525.58
544.02
524.54
163.75
638.47
304.22
143.41
641.05
560.26
380.4
660.79
452.92
363.83
190.08
699.11
766.22
492.34
760.41
42.71
159.79
303.33
386.98
159.4
794.48
624.08
677.69
374.56
143.55
351.2
70.64
480.92
291.08
472.32
686.78
794.38
397.14
701.97
797.61
729.18
270.03
316.59
602.83
448.9
671.56
795.23
427.83
377.9
555.91
418.96
528.42
446.36
55.83
700.86
204.6
60.14
348.65
221.62
756.42
528.81
67.76
593.5
31.32
688.66
576.45
309.51
703.3
292.85
393.37
676.94
321.69
741.26
625.39
409.83
527.02
302.44
235.61
228.36
367.13
499.62
374.51
583.09
420.31
570.35
130.68
657.47
325.4
408.58
169.71
722.78
570.52
23.38
566.86
376.12
593.89
721.38
648.68
306.63
767.74
585.35
609.41
261.95
487.94
642.1
314.97
575.19
792.19
542.97
539.67
795.62
457.83
73.42
390.67
121.55
656.09
667.95
566.14
724.1
627.46
643.22
760.06
417.64
272.62
201.46
479.02
462.23
688.14
607.79
305.76
34.78
79.22
497.08
549.85
47.69
222.05
97.89
591.56
473.47
205.26
218.43
528.01
301.53
674.78
271.76
674.61
791.49
697.92
417.4
336.34
343.01
516.05
378.16
275.87
736.49
764.43
691.31
62.34
98.86
472.39
648.07
202.73
536.85
115.38
622.86
306.05
735.25
752.18
198.58
426.2
479.54
218.09
703.87
87.84
799.41
276.42
144.3
83.26
157.36
770.41
143.23
89.16
511.22
41.32
43.36
321.12
650.31
103.76
780.01
572.44
389.66
760.52
623.68
153.82
462.18
512.98
65.05
556.2
86
702.77
705.76
260.73
117.97
346.85
54.71
437.34
714.78
362.72
396.18
784.18
713.19
42.45
387.45
252.44
315.3
462.39
579.96
38.47
482.91
690.43
345.54
544.25
483.22
48.49
41.63
777.41
511.96
68.65
228.76
415.27
440.78
512.09
475.99
650.58
702.84
113.89
545.42
779.76
634.96
55.86
532.47
624.33
720.83
31.36
57.79
208.77
193.91
447.29
716.39
312.6
414.55
759.01
715.11
707.28
455.43
177.1
488.69
54.77
724.81
347.27
777.08
498.2
303.45
478.97
64.5
604.81
398.56
689.55
279.07
200.06
463.55
211.77
474.1
158
278.62
221.15
208.99
489.71
521.61
674.89
280.25
38.05
114.83
331.38
491.44
190.97
686.61
798.36
662.48
345.75
575.88
460.49
67.35
98.29
508.91
475.06
600.81
762.09
256.37
621.14
258.57
667.49
45.86
105.67
42.04
713.24
753.79
70.66
715.86
578.53
533.54
111.92
630.72
564.83
24.23
569.39
569.73
94.96
573.13
38.06
794.46
763.5
750.59
530.94
535.33
81.9
648.81
709.1
74.46
23.02
784.28
309.68
636.29
415.22
654.35
177.96
415.6
576.89
643.89
196.44
317.11
185.53
378.25
144.99
161
528.99
476.79
467.61
95.3
272.71
612.95
712.84
281.59
605.43
112.72
456.05
140.1
717.96
549.39
529.94
404.87
612.3
363.6
302.18
188.52
575.91
375.44
386.24
570.26
215.93
184.53
184.89
624.27
250.62
48.15
147.55
659.91
663.16
485.9
638.82
409.31
280.02
4.62
454.81
488.13
629.54
52.51
333.94
716.91
327.76
245.43
748.1
481.3
795.98
122.61
229.08
669.19
514.39
57.87
314.86
620.96
259.94
424.4
190.9
210.88
379.46
95.92
256.31
308.33
520.24
390.42
466.16
600.64
164.59
717.2
229.71
412.28
444.31
695.07
122.45
458.71
635.17
135.25
774.42
681.22
499.73
40.39
604.7
19.11
589.37
734.66
547.6
537.68
795.8
180.08
346.66
85.46
715.71
63.06
721.23
129.77
77.24
795.97
679.3
410.61
286.96
266.42
344.09
371.91
524.01
248.92
223.54
147.57
741.77
34.23
774.42
494.51
16.48
164.62
258.68
441.58
651.49
289.35
593.74
200.3
208.21
108.19
152.25
72.43
521.51
264
366.23
335.76
56.83
122.65
386.46
21.77
571.22
1.52
798.74
20.12
226.41
372.35
125.06
409.26
402.09
201.68
507.65
529.64
295.62
622.68
246.01
445.12
391.59
136.95
49.94
53
567.8
259.45
387.33
652.54
694.87
76.43
310.91
544.81
754.4
218.21
314.26
506.68
425.05
635.06
32.11
191.94
55.43
300.78
619.13
186.42
605.5
380.5
449.68
595.23
137.99
147.24
0.1
19.36
308.31
754.24
799.78
248.8
493.31
117.58
123.41
159.69
33.52
526.36
692.58
472.16
61.39
692.65
350.5
775.42
632.17
225.98
650.78
575.91
229.12
696.52
460.29
45.73
278.65
425.66
420.93
644.71
523.59
495.91
709.5
374.06
254.01
442.93
492.74
75.52
610.04
213.45
114.32
558.25
596.42
373.1
722.19
651.96
281.16
102.83
399.88
441.27
234.07
566.43
271.27
186.05
74.58
783.12
132.98
172.09
532.4
142.53
332.55
386.04
629.65
664.22
345.81
429.58
239.15
599.27
131.44
602.46
620.13
494.42
754.93
591.75
31.65
670.04
598.94
372.61
411.62
389.94
24.18
463.13
66.65
644.62
423.56
437.38
676.24
318.62
552.04
208.73
191.55
600.33
443.45
557.76
432.86
204.18
740.53
663.35
534.58
502.35
368.28
383.15
679.5
781.44
663.87
433.39
242.17
674.82
47.37
726.34
430.2
737.32
658.88
202.28
726.64
41.4
293.38
676.74
653.36
104.13
59.82
358.53
584.33
751.66
494.13
501.04
523.34
357.91
387.85
159.08
461.58
709.78
132.86
791.96
416.66
472.14
708.73
300.03
299.7
120.47
693.47
176.37
119.39
91.01
84.79
240.38
772.85
433.36
653.19
713.39
583.5
118.57
287.58
547.62
76.75
746.46
379.36
673.64
8.73
473.46
128.38
407.53
606.08
451.41
256.98
248.19
109.08
495.07
792.19
563.88
615.25
447.4
334.46
710.44
289.24
127.02
475.76
447.39
546.42
780.46
783.77
317.88
645.38
116.11
503.21
658.47
296.4
477.83
150.9
765.21
766.26
272.4
15.49
244.08
410.69
316.56
140.27
376.5
251.92
305.54
555.91
386.39
305.3
687.86
670.73
259.42
252.97
342.24
61.18
200.68
654.39
185.23
258.12
312.22
298.64
213.18
197.21
766.48
175.71
768.21
607.77
35.63
435.38
212.74
441.7
423.93
97.55
130.16
480.71
360.58
272.14
779.76
702.15
585.58
73.93
15.58
220.75
299.74
41.22
164.1
51.82
342.68
137.56
282.89
572.89
697.34
263.85
249.81
89.27
584
722.27
652.31
127.17
179.2
791.14
9.03
608.3
189.14
374.7
182.58
301.8
561.66
261.06
715.14
712.48
115.18
38.06
709.17
379.01
738.05
495.24
480.05
70.6
775.32
625.21
264.61
607.54
321.1
234.28
641.72
433.09
371.96
624.39
711
112.95
111.29
278.47
566.48
760.7
341.02
392.82
286.19
495.4
619.51
681.76
124.25
429.22
484.08
411.01
697.04
760.79
408.3
724.97
334.78
152.25
589.3
773.91
159.4
768.12
92.72
709.51
381.8
385.14
507.02
480.46
549.83
675.28
570.7
115.14
260.8
661.02
627.09
73.76
771.66
369
39.5
278.85
512.65
706.78
323.81
435.11
25.05
360.3
598.28
638.28
471.78
668.71
795.18
745.7
585.48
412.82
777.23
371.86
571.34
71.58
366.96
83.63
251.97
50.42
348.99
20.63
591.9
416.98
789.12
64.83
110.4
257.85
726.64
83.72
396.92
179.57
103.41
187.57
410.83
115.1
537.32
245.83
476.34
465.05
324.29
120.74
584.79
337.06
574.9
97.21
43.74
55.04
751.44
331.37
380.68
509.38
505.92
468.1
522.62
386.86
9.81
486.32
743.36
730.3
29.87
239.3
230.38
524.17
470.27
480.18
427.8
609.61
148.88
90.81
472.47
750.51
698.5
400.22
205.53
727.13
135.57
66.53
253.41
469.27
132.98
4.25
274.04
264.38
80.98
3.96
382.1
400.16
757.28
182.01
326.31
340.19
345.41
768.62
242.42
280.97
345.87
47.71
695.54
315.5
663.05
62.95
84.59
488.74
104.24
170.5
504.73
674.42
356.56
751.6
400.47
56.76
74.77
598.3
58.21
736.63
638.15
794.72
89.32
144.2
733.61
272.61
474.67
564.25
694.83
179.31
434.34
166.93
393.06
737.83
756.44
785.58
691.67
221.7
709.46
704.68
151.64
663.03
103.73
594.98
191.81
367.01
734.56
366.55
513.35
453.73
293.21
503.82
719.19
199.06
43.42
206.51
786.15
328.84
285.48
202.43
665.23
472.77
489.62
275.29
794.5
711.87
581.23
475.95
337.53
55.64
592.67
40.29
690.24
508.37
336.77
440.54
228.98
388.75
35.66
319.75
563.81
119.32
272.45
98.37
234.36
647.82
348.65
532.65
103.05
359.56
183.49
677.45
670.99
239.51
518.74
182.93
317.82
351.9
395.53
427.51
118.48
199.13
141.55
111.91
356.54
174.9
389.26
53.4
25.21
77.34
749.78
731.62
92.15
112.4
709.19
393.79
286.22
127.87
317.18
755.67
288.08
628.54
198.53
636.41
153.19
620.24
67.61
555.63
642.68
429.97
473.41
452.23
261.42
770.82
140.24
720.76
69.38
498.71
360.35
519.28
633.38
21.64
383.27
212.81
390.96
727.32
612.67
388.44
370.99
294.84
509.54
210.43
47.9
553.11
186.75
77.7
22.53
654.19
259.88
120.03
738.8
428.54
276.09
423.07
94.51
567.3
763.6
735.48
748.4
212.27
699.37
711.4
480.09
700.47
314.29
75.72
41.35
694.74
540.05
157.23
290.76
657.2
465.6
400.61
787.59
352.43
31
553.47
27.88
701.46
511.14
544.71
734.15
364
677.62
69.84
444.7
252.17
229.44
719.2
266.92
298.54
126.62
106.8
539.71
10.1
451.6
1.79
191.44
739.34
251.85
309.06
746.95
416.95
791.27
485.23
399.94
25.67
509.84
373.31
534.66
727.55
697.64
762.89
567.73
27.31
202.93
487.33
488.14
750.8
781.65
178.3
192.8
377.94
408.86
598.94
342.6
420.43
186.02
646.97
107.89
173.8
188.86
678.53
245.19
59.19
777.09
24.19
17.48
181.71
795.89
32.15
778.92
265.92
746.06
601.05
374.73
457.6
270.66
270.63
734
83.96
409.58
716.63
405.71
252.6
393.29
169.48
392.71
387.17
606.61
751.71
47.64
366.39
637.52
256.57
456.29
673.36
178.04
637.08
637.48
763
210.69
102.08
307.1
305.83
96.57
655.95
504.29
485.09
345
717.45
596.72
508.49
675.22
578.54
322.27
189.7
516.87
221.45
270.58
755.67
501.43
341.04
377.62
482.01
636.15
376.49
425.22
435.01
275.12
186.04
141.28
119.87
504.21
199.3
10.35
669.88
78.91
193.71
59.66
717.16
308.3
145.01
154.27
759.76
82.78
594.86
623.62
69.24
568.41
572.08
234.28
516.59
348.25
674.88
155.32
587.92
274.02
186.98
184.29
547.02
339.64
685.66
296.98
493.93
140.06
210.28
722.82
551.1
55.58
748.86
25.9
230.95
342.19
93.58
166.96
64.76
35.45
650.12
90.96
72.29
168.88
176.32
303.39
776.14
322.52
375.58
681.98
462.31
705.48
686.41
343.99
619.97
121.62
784.48
717.41
589.57
631.31
222.27
288.6
357.1
210.19
758.22
243.7
671.88
624.92
448.03
672.62
524.86
631.29
182.53
417.91
668.24
418.26
477.89
674.44
511.74
492.99
580.12
209.54
114.7
597.11
643.06
259
66.5
486.38
646.51
61.26
775.11
248.07
786.95
667.77
70.22
350.77
679.13
776.96
220.23
776.25
551
54.79
461.18
541.78
483.47
564.39
145.91
762.88
492.03
632.23
258.08
483.13
179.08
449.62
195.23
477.85
316.31
166.47
497.39
226.49
613.12
604.37
11.22
357
577.95
408.72
582.01
10.91
2.61
537.53
485.66
151.31
394.61
722.02
8.14
573.63
351.37
687.66
291.6
451.95
647.6
215.91
621.09
87.06
782.11
435.11
214.39
796.31
567.07
559.92
742.53
323.19
234.78
32.99
350.91
292.23
722.11
787.53
781.81
489.8
786.41
378.18
542.84
496.65
56.85
438.38
89.17
747.42
249.44
179.48
732.02
553.61
751.7
260.98
478.26
779.27
294.34
412.97
236.67
783.03
565.75
606.38
698.38
37.6
677.47
750.98
656.56
736.83
228.25
337.85
683.6
128.4
110.52
324.24
744.21
117.62
290.07
323.45
371.72
42.82
177.74
302.26
108.54
569.35
19.28
95
124.59
163.61
289.85
313.95
514.36
632.5
282.21
750.19
584.93
297.68
584.46
279.93
141.44
269.53
462.28
187.91
6.14
335.36
660.89
717.9
325.12
361.79
594.03
229.77
532.13
520.21
216.15
264.69
338.38
339.58
30.96
456.12
298.06
255.28
736.43
718.53
716.45
374.58
402.13
788.19
218.85
151.38
777.63
346.26
692.83
568.95
555.63
659.9
151.6
773.65
303.69
316.88
680.06
700.24
666.92
363.83
795
48.36
448.95
376.77
619.59
624.4
535.52
611.78
780.35
500.82
271.9
302.27
323.7
691.39
165.06
355.55
33.16
4.04
149.28
381.66
698.44
227.12
251.79
419.4
335.57
628.35
97.46
121.13
512.74
667.64
117.4
338.35
28.07
627.72
160.49
171.4
304.67
255.21
105.85
383.31
3.15
710.71
336.59
238.03
198.07
260.95
789.58
15.97
295.25
352.77
672.81
99.45
758.44
765.28
194.33
345.85
741.78
258.61
478.22
542.95
654.43
355.37
557.08
650.14
718.04
443.39
710.47
509.61
241.1
563.98
243.16
91.87
720.69
389.02
654.22
108.99
185.16
569.95
232.04
83.97
436.55
485.83
271.37
641.44
418.1
111.88
566.61
498.46
3.35
435.85
781.66
693.06
761.61
606.27
622.09
326.77
22.96
49.81
323.79
519.64
753.97
19.73
224.57
687.89
46.86
494.86
482.31
199.85
17.07
395.37
573.86
335.19
221.04
470.41
65.16
714.39
606.77
746.81
289.63
329.34
618.99
30.71
183.85
706.06
566.45
428.56
39.83
226.58
726.74
155.65
725.12
599.64
545.01
736.35
317.4
227.63
319.57
762.39
624.68
695.42
382.1
600.28
39.33
171.08
450.11
136.89
240.69
348.43
104.42
272.93
633.9
499.21
575.3
602.22
702.47
457.61
23.25
86.46
279.63
258.98
601.48
552.27
663.33
326.57
726.29
296.29
796.46
576.04
306.23
770.43
70.62
12.44
653
286.84
673.65
38.38
665.94
362
798.07
306.42
162.59
642.39
516.79
346.68
438.12
290.78
421.7
199.84
99.79
464.33
644.54
525.87
580.49
728.88
463.88
51.66
705.2
15.35
629.62
634.73
507.35
394.66
733.18
371.03
147.25
12.17
582.93
299.53
632.77
281.74
638.23
757.81
313.13
512.38
601.79
376.81
385.28
629.92
103.01
94.88
220.75
572.44
419.51
103.46
145.05
191.06
778.23
373.58
239.24
45.53
183.55
203.41
729.85
483.36
657.9
211.58
443.31
357.83
37.89
624.43
286.2
487.13
46.41
77.14
181.05
248.67
43.53
178.75
38.14
729.58
738.41
632.79
386.77
477.43
450.17
592.64
375.47
314.55
104.72
6.71
710.7
634.41
446.01
506.72
212.72
142.52
578.65
555.02
247.61
161.73
628.99
613.47
561.1
108.17
91.96
110.26
572.12
7.14
333.73
122.65
430.31
659.65
555.14
636.91
444.12
74.2
685.02
75.29
25.53
564.11
469.12
502.58
611.61
128.53
152.18
657.56
64.78
224.42
284.02
488.82
49.79
408.32
405.32
460.6
432.3
367.43
592.57
196.88
25.98
682.05
313.73
472.39
356.8
615.68
194.68
135.8
136.82
160.31
257.51
519.34
384.96
695.22
538.3
543.22
352.36
27.65
182.11
280.02
762.39
190.08
343.84
786.92
133.31
515.02
181.29
535.36
33.92
113.57
270.23
262.95
492.43
632.56
92.97
467.81
585.5
50.39
460.64
420.69
582.2
41.42
579.83
321.63
230.61
373.6
483.95
109.94
269.54
698.79
482.72
122.7
590.82
389.97
432.41
55.77
545
222.92
196.38
352.4
156.16
364.8
422.69
448.36
679.5
389.77
390.38
603.28
293.46
734.98
525.3
306.51
77.67
607.78
309.09
118.92
37.21
426.04
742.72
737.87
665.19
221.47
694.73
617.46
339.31
279.5
421.55
308.14
284.47
665.29
251.67
595.84
633.95
183.56
396.45
527.09
344.27
634.36
347.39
776.19
474.25
192.94
305.32
158.67
443.54
749.35
561.39
386.37
468.83
630.8
692.76
777.01
586.86
565.48
724.09
346.81
164.65
772.32
450.98
9.24
240.77
61.49
344.96
564.32
217.3
437.24
41.32
556.04
412.26
401.62
715.18
126.78
491.57
386.97
651.69
421.28
271.61
397.6
636.42
789.35
416.1
174.02
403.85
228.44
339.08
125.89
500.37
348.76
119.09
120.61
133.33
491.72
736.66
384.93
593.72
279.59
149.31
440.01
58.59
233.44
86.79
260.82
56.94
170.19
285.65
582.72
95.15
130.78
239.13
425.03
535.2
348.37
713.95
681.27
391.5
788.28
394.09
35.28
224.8
791.66
431.95
605.13
492.68
268.6
315.43
88.84
610.28
402.81
720.98
284.9
226.68
407.57
699.51
512.01
421.55
553
689.54
321.19
264.55
559.44
73.32
24.79
264.21
354.5
560.78
481.28
556.51
40.58
676.41
680.73
43.94
475.07
628.8
545.46
672.41
217.51
616.2
562.38
121.75
450.48
179.49
489.91
475.93
566.19
298.99
741.3
385.19
408.39
274.63
74.44
390.89
483.23
601.93
400.43
757.45
395.8
290.96
226.11
204.74
733.18
130.68
537.14
37.68
622.33
282.27
547.07
217.25
665.6
583.56
86.78
297.6
360.88
366.24
1.62
585.93
28.18
63.15
49.38
347.37
717.25
427.16
679.13
153.78
684.75
480.84
597.55
130.46
431.39
475.56
573.9
799.43
551.27
70.09
309.96
478.2
15.16
209.05
361.8
217.7
170.5
677.48
109.24
248.15
266.03
71.59
413.2
356.68
71.01
608.46
579.68
496.66
445.82
46.07
81.38
69.22
293.35
548.65
790.3
204.69
378.17
108.46
206.66
174.87
9.46
663.25
186.62
324.16
415.77
264.88
14.87
369.32
231.58
111.43
386.84
390.45
412.19
434.46
776.95
61.48
210.85
395.29
671.59
376.89
29.89
481.64
751.81
452.89
566.39
413.68
87.5
234.13
535.17
283.08
782.02
568.84
204.74
324.35
674
18.61
360.59
8.32
327.57
427.41
255.44
125.14
371.07
288.69
749.58
620.33
569.43
769.86
426.52
144.35
483.19
17.05
304.9
623.74
198.98
322.71
793.93
246.56
545.56
158.92
378.78
449.46
74.06
29.82
84.42
661.62
190.25
615.18
287.64
298.73
534.22
253.17
687.21
783.08
105.46
45.16
580.28
497.2
82.61
530.26
180.25
93.56
370.7
675.42
549.83
392.13
384.43
524.22
435.1
105.53
255.75
8.22
110.85
270.23
551.74
337.6
287.51
431.67
285.45
318.24
618.79
399.78
764.2
450.12
712.82
188.7
707.2
380.27
561.77
292.76
19.22
203.55
76.02
327.16
222.22
595.98
379.34
412.86
548.5
95.78
416.45
281.29
111.39
120.07
103.3
594.12
232.54
524.09
123.02
323.47
454.4
578.83
484.36
765.26
788.57
435.15
248.55
333.83
417.47
223.78
322.86
197.87
59.71
769.3
238.46
483.3
372.12
409.99
245.49
237.84
134.28
403.57
98.72
78.62
382.3
107.91
8.5
639.74
787.03
353.6
738.81
534.97
599.89
535.08
611.53
141.78
210.87
48.88
769.98
632.61
67.47
350.18
270.82
735.3
277.08
328.54
333.26
631.06
263.95
781.98
28.18
211.54
13.34
227.16
359.62
248.67
393.08
233.98
532.18
58.73
255.62
259.66
111.86
344.44
251.99
8.51
233.28
395.9
446.17
91.73
293.59
688.63
288.15
230.25
157.1
675.13
72.21
98.44
96.29
134.34
289.52
733.52
539.36
747.88
625.28
421.41
493.98
779.51
8.93
711.94
437.75
569.19
189.13
94.66
309.04
741.59
511.46
321.17
88.7
574.97
605.4
37.1
133.59
629.67
559.05
390.81
338.81
235.68
46.19
272.2
238.96
703.69
163.13
716.48
186.79
82.1
344.66
415.08
540.43
267.03
560.15
501.19
84.01
223.44
519.88
144.07
765.29
45.62
611.79
224.65
784.05
63.22
476.42
127.31
43.06
441.71
367.68
141.75
78.1
412.28
126.09
650.58
353.22
269.82
292.3
98.21
257.86
311.06
235.83
703.17
247.27
26.18
783.87
597.25
4.46
732.2
636.63
271.12
630.35
746.27
584.72
401.29
192.43
692.37
632.03
283.98
742.02
162.76
686.36
35.51
190.75
217.48
222.86
270.86
506.49
104.13
266.79
265.96
88.35
466.51
559.12
433.92
762.53
450.07
701.65
9
347.81
588.23
576.21
582.38
136.64
518.84
246.57
730.8
623.19
206.84
418.42
137.86
73.56
145.91
757.14
199.14
638.55
606.37
793.36
699.13
455.67
227.15
151.33
758.97
222.92
745.49
361.16
172.32
788.43
394.58
712.49
290.76
24.77
624.94
173.08
797.11
306.42
440.4
56.48
527.55
336.24
443.9
794.82
333.2
329.64
793.46
160.33
760.5
424.61
466.65
725
23.17
455.9
61.75
729.19
60.7
262.68
449.27
217.02
646.92
100.43
688.33
233.08
240.98
277.8
133.79
368.94
305.22
751.46
43.08
540.62
185.54
315.43
163.77
43.61
402.85
745.73
45.14
384.23
571.99
397.25
380.2
481.69
186.74
134.62
176.71
756.22
761.79
446.53
785.72
740.14
531.54
320.86
279.83
71.39
67
707.32
418.13
292.21
487.77
466.41
516.78
460.99
528.6
511.39
51.46
57.11
144.91
162.25
656.68
415.5
721.86
29.43
41.41
627.28
8.04
79.32
363.54
663.39
348.58
333.53
278.2
191.1
254
119.62
249.94
94.77
425.28
235.93
673.35
590.84
48.06
561.75
26.23
320.52
760.66
672.55
440.36
717.93
487.18
420.67
18.3
559.97
358.34
569.14
698.23
133.62
48.89
581.82
108.76
53.31
212.03
442.57
301.94
557.62
39.11
696.94
391.95
244.14
86.56
673.23
595.44
216.2
611.58
604.2
181.07
452.36
776.53
713.72
57.31
616
30.43
755.73
538.62
58.35
31.63
500.32
151.19
763
433.64
696.52
449.42
220.35
58.34
511.93
547.76
560.18
727.39
472.88
349.46
393.4
485.38
596.61
170.37
351.05
17.18
685.12
110.06
604.2
239.76
597.09
50.41
36.46
372.42
418.07
280.47
16
13.16
354.49
380.81
564.55
656.26
777.04
620.61
372.17
3.31
486.87
370.08
520.92
393.07
698.41
688.64
54.62
747.61
605.54
11.62
492.37
798.59
471.73
53.28
395.23
734.98
544.71
11
405.61
783.52
448.79
76.56
555.47
592.3
769.43
598.85
108.66
601.21
627.86
34.05
315.38
682.56
540.91
257.07
147.45
683.14
28.76
511.98
316.59
769
350.15
428.51
347.4
737.31
574.6
99.07
270.61
297.55
473.03
706.82
414.32
595.31
47.38
474.34
765.64
71.34
234.69
456.51
84.33
210.81
410.88
591.47
45.34
267.94
146.61
421.94
85.22
189.66
358.73
224.25
345.8
112.71
51.71
243.71
551.2
42.3
109.47
464.45
554.66
89.15
611.03
241.97
182.17
418.38
723.88
468.93
567.58
677.01
139.04
702.55
353.7
131.63
422.41
5.39
333.56
575.1
24.32
122.59
242.5
5.79
381.14
25.44
41.74
327.33
65.65
236.39
2.36
161.44
174.77
440.68
216.29
161.99
589.32
288.83
232.54
513.46
710.29
351.72
377.6
585.48
191.77
34.19
78.53
339.84
686.46
619.78
459.74
463.11
29.84
534.75
526.72
28.98
766.31
558.36
430.32
398.73
515.34
353.97
489.97
583.34
633.85
410.71
695.76
238.5
225.93
509.23
199.11
40.33
770.11
557.56
156.12
726.36
794.16
263.08
641.56
315.17
657.27
604.38
587.83
776.08
672.36
205.74
94.36
390.54
121.16
780.93
43.13
651.13
500.12
683.7
189.13
693.8
333.38
318.5
359.29
535.73
562.51
309.62
139.18
185.32
799.95
690.33
192.76
627.47
299.89
482.67
614.71
43.08
195.67
507.78
87.87
483.94
121.8
595.54
32.94
520.84
558.89
133.23
481.89
38.66
296.28
477.84
495.26
457.38
308.3
22.29
266.87
199.26
666.21
399.49
798.84
387.89
742.79
684.22
487.57
728.24
515.13
422.2
663.15
624.44
119.58
476.8
528.35
474.32
619.22
586.96
544.83
546.79
8.04
202.69
534.37
374.69
595.25
474.92
782.91
220.28
592.06
698
703.78
62.22
631.9
238.7
321.85
693.45
710.77
751.16
412.68
129.45
796.88
732.34
81.1
533.51
258.6
579.57
710.38
62.11
343.44
246.4
790.92
329.56
223.83
324.31
585.6
71.1
121.03
725.4
144.43
661.1
519.57
595.03
58.85
115.15
115.28
442.81
150.44
515.83
546.18
322.39
386.76
719.52
272.33
637.04
611.54
337.3
501.72
40.93
551.85
311.9
330.88
389.54
768.55
236.95
462.76
360.42
677.29
127.25
490.34
557.08
41.81
490.5
646.61
507.92
312.28
47.08
542.82
66.45
186.42
731.24
80.09
794.04
173.56
604.54
415.76
69.67
222.99
655.99
126.63
596.03
315.22
722.75
223.63
214.56
489.11
450.36
785.4
717.81
342.68
550.25
440.43
730.91
679.73
269.13
218.43
287.72
556.67
237.13
296.29
590.41
413.29
680.78
509.69
492.34
161.01
563.54
720.89
98.93
5.51
495.45
22.82
712.56
298.15
13.34
460.69
225.27
538.16
178.14
657.47
300.31
133.88
50
88.48
133.84
668.39
437.64
713.38
170.5
101.05
224.53
665.23
47.64
512.69
537.06
320.97
643.69
3.41
351.38
778.3
270.59
384.66
366.87
593.43
319.99
449.54
589.03
381.5
303.85
572.25
196.06
581.65
341.12
688.04
277.62
680.13
325.43
671.51
549.26
189.32
753.92
750.57
683.82
33.01
681.36
266.73
73.19
120.5
174.94
615.31
200.04
603.77
197.12
592.94
597.92
471.85
42.04
490.68
533.87
221.14
163.45
607.54
453.37
45.03
611.17
104.17
439.59
53.77
772.08
713.08
124.47
303.01
512.42
767.83
386.86
369.38
221.1
414.06
220.36
186.92
737.64
515.29
304.32
536.94
658.85
486.02
691.93
772.66
311.2
204.78
144.56
242.45
723.59
218.02
374
760.58
200
778.67
697.59
585.76
415.87
32.45
276.07
680.26
597.73
537.51
170.25
694.46
375.58
211.77
444.67
67.47
726.99
120.47
725.44
503.85
261.76
201.19
449.65
319.34
467.8
767.11
229.66
703.99
639.81
255.46
228.09
130.8
309.42
362.87
172.88
604.36
16.02
672.84
204.93
258.53
760.12
276.24
265.91
422.16
472.14
634.46
139.71
278.24
171.84
211.62
348.45
198.56
420.12
565.3
248.04
1.38
97.49
271.07
368.08
356.91
629.31
644.99
318.27
365.05
657.9
439.17
697.45
476.36
629.75
445.49
436.56
672.97
265.52
667.6
504.53
369.1
246.65
414.23
190.04
474.06
458.97
27.44
381.74
796.14
323.88
491.32
739.1
399.87
647.9
400.19
97.5
329.9
56.39
360.07
192.2
673.32
723.74
248.86
161.65
568.98
727.83
141.84
729.43
721.09
132.04
319.33
511.52
264.57
606.59
573.9
759.7
755.15
571.67
194.75
503.42
504.36
387.69
464.51
54.11
721.77
506.8
110.98
758.03
166.48
301.96
125.49
379.87
483.01
349.76
141.05
578.98
135.59
391.64
419.86
242.84
124.71
305.1
425.78
552.53
465.02
735.58
476.48
73.73
404.82
393.7
437.17
317.22
657.66
629.18
81.85
141.45
616
202.23
522.65
67.39
421.96
637.34
303.32
553.12
418.94
254.49
5.4
799.61
302.13
621.97
275.99
622.19
186.02
417.39
720.66
530.51
12.33
687.05
460.47
171.23
268.73
436.52
265.28
673.29
197.5
283.04
40.63
158.4
315.3
412.06
43.89
719.24
756.71
713.58
350.42
162.59
21.41
623.62
657.29
543.67
603.93
245.3
126.39
166.66
488.99
712.55
240.03
68.32
312.65
528.93
409.51
467.9
373.33
235.24
244.84
627.73
756.93
132.35
106.35
467.06
194.04
659.56
737.18
499.89
379
341.84
531.06
81.47
539.21
477.65
602.62
713.15
25.97
563.12
650.71
764.81
190.6
288.54
369.07
50.24
322.43
330.78
427.79
740.82
792.76
278.02
615.21
148.85
1.54
520.25
150.95
527.92
417.16
568.03
372.89
277.63
790.26
471.5
658.64
209.06
7.14
299.64
22.63
222.6
641
186.94
284.07
791.89
333.95
616.52
447.85
23.17
521.03
529.25
12.19
173.1
498.77
515.41
480.25
245.82
9.38
258.84
298.71
378.16
144.62
49.39
365.27
533.1
90.97
651.68
522.1
683.57
124.51
71.37
16
784.35
445.95
465.46
525.07
738.79
410.77
3.4
203.81
411.56
452.14
36.01
310.48
791.33
618.48
60.22
61.59
123.03
262.43
673.91
451.49
576.29
778.03
369.61
229.3
15.73
521.08
391.78
755.72
469.49
46.99
761.9
612.52
742.05
199.79
455.11
153.3
271.76
484.43
152.82
89.61
361.84
100.9
780.89
700.8
51.65
336.76
154.91
64
144.99
225.26
778.55
306.37
660.04
478.09
397.47
266.1
424.29
195.25
264.27
175.54
598.66
645.53
749
605.47
693.83
656.11
604.68
790.45
248.14
310.27
394.55
350.5
771.98
1.7
644.4
725.63
594.73
365.53
532.77
358.12
218.88
794.61
150.13
455.34
66.44
327.62
365.32
416.37
429.65
78.76
444.97
729.65
780.85
336.68
533.92
150.88
454.9
525.6
744.41
640.09
220.45
632.13
694.79
41.14
583.31
589.88
248.58
425.52
396.36
461.42
486.99
171.56
313.74
601.19
29.11
366.52
53.49
308.3
149.53
348.37
531.79
65.77
38.61
280.19
522.31
413.51
500.41
584.41
484.52
242.54
490.26
106.32
227.69
82.06
66.9
464.21
567.51
521.03
372.49
151.61
322.45
102.48
605.98
17.61
386.53
457.6
59.57
109.72
799.4
657.65
254.04
407.39
464.74
471.16
68.3
442.33
0.99
353.96
638.94
451.46
716.35
655.27
104.75
566.24
279.11
27.74
117.85
121.8
211.09
419.83
700.8
240.27
228
689.89
535.45
510.83
277.93
60.43
520.11
785.23
301.28
385.66
517.16
381.21
608.1
363.61
383.37
722.97
386.1
794.01
434.5
685.53
416.68
485.31
193.01
528.54
39.07
446.09
670.06
223.75
61.54
546.39
53.5
382.46
511.97
249.13
59.46
298.6
178.67
718.25
182.1
674.41
358.18
458.42
674.35
619.31
199.67
741.99
75.02
465.83
658.72
640.96
187.42
31.58
799.99
720.29
85.54
191.24
354.18
389.87
478.69
464.62
31.11
13.52
163.76
739.7
597.19
210.15
45.67
33.49
338.34
435.17
556.76
457.93
260.66
699.6
524.51
368.36
60.04
374.15
25.15
424.36
4.45
574.79
591.12
417.86
174.27
40.6
394.87
776.05
787.01
388.96
747.98
312.6
312.93
102.46
231.01
389.68
43.93
204.48
98.14
585.52
633.56
640.21
795.55
630.18
589.81
472.37
499.96
422.04
109.36
651.08
497.77
489.92
760.57
758.54
510.56
680.62
21.23
172.84
712.63
743.63
301.4
186.9
757.08
509.77
358.8
439.97
358.06
489.42
29.96
606.86
679.49
564.66
428.53
95.14
477.09
539.46
393.24
384.55
371.25
241.28
468.02
471.38
184.48
181.68
487.65
332.57
97.45
297.18
767.12
449.69
704.99
85.65
445.02
411.45
325.44
697.07
474.95
400.88
252.67
715.21
257.92
466.35
134.21
70.77
420.66
458.39
336.72
82.72
257.71
161.04
448.21
235.05
787.69
436.26
540.68
436.11
292.32
386.25
478.96
502.61
389.22
592.68
685.32
635.04
689.55
563.66
52.38
578.66
519.69
24.23
425.14
397.87
483.2
664.99
117.19
504.8
63.38
440.51
88.49
669.76
449.88
380.75
191.31
700.67
37.62
342.89
721.13
205.35
359.11
580.47
86.78
0.31
282.17
146.87
319.45
748.64
168.16
398.45
436.53
44.41
122.49
34.38
300.53
54.32
22.55
267.99
501.41
133.92
424.85
681.88
549.12
517.79
387.29
41.46
106.98
104.82
59.45
271.67
406
718.36
770.28
531.31
180.63
223.82
137.95
233.33
170.8
695.83
67.21
462.62
703.49
487.1
50.11
433.73
612.69
475.76
166.3
80.13
285.42
563.54
655.95
499.1
246.9
765.07
548.97
144.27
403.93
196.07
262.85
434.13
312.74
39.51
565.55
492.34
297.15
349.98
264.54
503.14
524.16
24.62
770.59
786.84
29.7
204.49
653.38
397.98
159.24
592.93
540.21
584.5
194.96
461.92
48.88
5.81
451.45
602.23
252.02
767.48
21.78
221.31
717.9
487.02
386.45
371.66
759.03
762.64
107.41
228.07
396.13
625.17
384.08
346.57
359.87
73.35
209.23
142.02
556.6
659.76
539.6
426.84
265.85
599.14
219.19
657.31
607.79
218.78
694.07
109.83
523.26
599.41
144.31
258.53
106.32
198.63
435.73
413.71
153.96
60.42
504.46
631.88
579.99
574.81
512.31
399.95
457.11
190.05
209.36
55.33
260.78
258.2
505.17
770.71
756.65
786.01
427.54
118.33
444.93
94.16
236.26
453.08
703.75
529.27
138.07
553.07
533.14
637.04
420.55
423.69
387.56
680.62
186.87
535.38
13.06
517.53
688.66
765.38
726.8
717.86
458.15
665.7
794.7
232.41
492.6
168.03
418.62
376.87
673.36
754.24
21.88
783.3
394.12
536.06
324.84
182.34
166.26
604.51
456.62
190
126.94
227.8
312.91
49
298.71
548.22
655.21
771.2
553.55
298.42
361.3
74.13
134.09
582.57
684.99
475.66
773.22
651.36
78.79
420.3
257.11
268.1
679.99
546.43
769.61
466.81
282.1
765.99
372.69
576.71
350.12
517.99
131.21
4.84
453.91
97.23
541.95
231.05
102.16
130.76
382.66
26.41
761.72
539.27
471.59
795.91
208.03
27.6
262.7
670.4
319.13
426.89
706.37
683.52
473.16
462.42
541.22
701.78
587.73
369.13
626.02
205.38
357.08
592
616.06
699.97
584.91
245.31
572.19
693.42
700.58
684.94
218.56
421.78
743.51
743.31
155.43
603.59
159.61
289.2
686.65
616.38
480.55
464.18
375.79
238.25
170.6
102.48
85.32
43.33
22.41
2.15
34.75
203.35
355.48
440.01
467.42
796.16
198.86
52.26
457.32
604.74
153.37
380.62
775.61
465.19
617.89
106.72
472.55
548.57
190.08
336.93
266.49
322.15
35.18
230.93
406.52
484.86
593.51
57.51
572.73
479.77
615.46
383.6
386.14
710.57
742.55
4.03
332.92
162.98
333.57
589.22
531.51
756.79
421.41
577.92
34.93
696.15
628.35
25.77
733.8
134.16
402.96
334.01
737.29
78.4
432.16
284.74
478.56
639.22
70.11
226.47
523.59
746.88
789.07
495.64
585.89
16.87
27.84
204.78
58.2
140.79
289.13
217.86
64.86
558.13
350.01
72.98
59.38
150.96
440.1
37.69
603.52
771.92
753.32
708
116.76
419.71
356.21
786.01
783.1
202.21
337.37
399.07
665.73
129.86
737.61
458.71
736.79
591.2
224.05
88.29
543.79
244.91
665.58
92.06
692.8
344.74
535.12
242.71
762.66
560.05
423.58
525.83
298.44
142.1
488.45
435.73
300.1
158.05
168.91
320.31
356.77
670.52
743.94
380.9
525.28
583.55
386.5
454.04
13.31
141.76
371.8
433.34
711.21
201.96
352.75
783.02
264.09
566.08
379.95
119.95
497.66
120.14
490.53
21.27
689.45
725.97
300.22
167.97
624.16
88.48
731.25
755.66
581.58
10.65
628.62
187.3
127.31
93.73
579.3
768.25
299.12
475.54
183.74
485.76
612.84
176.48
764.16
450.56
137.27
564.08
451.5
704.23
446.67
245.76
599.54
360.3
481.77
327.57
265.91
623.32
38.22
299.46
595.74
579.44
380.91
63.07
798.99
328.87
424.22
776.29
518.41
492.76
795.86
561.31
689.85
698.53
760.82
370.56
354.84
282.41
478.95
789.27
240.86
115.93
759.34
239.17
506.4
109.54
645.1
730.45
460.97
407.83
242.72
548.76
742.01
163.48
624.82
61.21
683.03
345.65
241.34
363.8
704.01
241.95
765.32
411.5
33.52
193.5
743.71
295.42
3.34
260.9
239.7
197.79
757.55
472.83
629.35
51.2
397.72
247.03
791.87
727.4
658.45
322.88
581.33
177.14
548.97
616.37
270.14
621.77
760.47
398.8
315.59
646.44
799.65
200.66
451.91
69.12
628.07
483.14
579.35
624.09
664.63
111.96
744.4
741.4
375.55
160.54
463.49
718.05
311.16
162.22
541.66
782.97
341.45
159.91
105.38
569.7
484.05
365.93
422.54
290.18
109.84
655.88
695.1
198.68
506.29
442.38
423.2
776.97
175.91
52.4
696.67
798.49
145.75
246.87
181.21
362.65
169.33
736.43
543.07
405.27
494.4
411.37
272.7
438.25
665.76
344.17
518.27
79.84
553.11
723.07
337.66
681.03
665.36
250.16
437.52
561.15
154.04
46.24
616.1
395.42
257.79
652.84
652.46
201.78
734.7
413.96
216.1
578.21
481.07
291.66
493.93
524.22
101.21
606.64
209.3
764.16
458.75
34.01
351.24
329.3
130.13
8.08
436.41
719.56
127.78
505.08
485.31
281.11
400.48
306.29
352.05
46.16
65.03
707.44
129.8
187.89
81.06
692.17
688.43
139.52
703.53
423.13
633.69
542.84
2.67
368.09
784.03
604.79
301.96
478.37
643.6
681.86
193.85
348.53
86.8
770.5
622.11
67.66
746.48
18.04
498.29
182.07
492.91
474.72
626.41
33.92
603.52
89.99
717.02
68.08
423.66
409.59
254.73
131.6
437.31
735.93
510.47
719.21
183.83
518.76
88.77
402.88
722.3
97.57
735.53
615.2
605.19
666.35
471.68
234.93
82.49
42.17
750.15
167.86
652.06
129.25
70.68
541.75
454.63
201.05
137.71
261.03
34.6
365.72
2.29
145.96
225.48
703.05
697.07
378.21
200.83
372.56
64.14
324.27
167.27
501.81
486.19
470.41
318.99
272.78
322.34
140.58
344.48
297.33
245.36
509.85
735.58
230.69
107.58
469.22
791.28
783.51
292.46
708.04
221.86
307.37
313.47
490.03
503.1
529.6
662.77
594.41
341
683.56
763.69
502.81
110.96
46
780.19
108.93
68.38
137.61
214.81
426.6
3.33
564.99
439.65
60.85
743.98
163.32
58.85
0.12
399.84
556.86
761.37
4.76
93.76
197.45
702.38
660.62
524.71
473.81
342.71
268.42
415.92
587.74
745.88
198.54
514.12
264.52
359.03
555.94
386.07
579.76
747.61
621.18
449.69
678.63
318.8
406.4
456
789.92
264.45
722.82
549.15
267.02
685.54
784.58
652.63
281.54
623.18
81.57
203.59
23.8
334.71
129.48
630.97
15.54
689.4
92.99
454.34
753.1
86.83
788.59
39.85
646.34
793.23
147.9
479.98
701.85
683.78
749.33
80.39
753.93
439.27
669.47
771.87
323.78
719.23
306.96
679.72
581.07
389.41
476.95
363.34
222.92
666.16
206.57
450.16
391.55
56.77
422.04
514.43
239.46
488.97
23.75
622.44
494.58
534.59
76.01
775.4
701.17
518.12
264.85
165.67
497.3
165.3
342.54
757.33
650.42
295.91
74.44
80.52
86.8
697.91
466.43
124.79
332.34
142.96
64.65
336.83
599.94
238.96
349.28
606.87
120.47
149.7
312.9
552.32
493.32
517.92
117.66
143.61
330.75
416.86
579.53
639.83
178.57
682.59
767.54
399.49
28.51
137.71
460.84
529.37
356.5
549.05
376.13
729.74
474.34
742.59
593.06
638.55
244.63
352.14
388.97
38.96
647.7
115.85
611.59
138.84
374.17
260.63
672.27
543.71
353.67
402.21
389.94
543.11
194.06
730.85
559.96
566.01
77.33
41.5
24.54
617.94
442.65
75.76
717.71
679.96
184.67
748.64
357.79
280.17
785.15
284.95
340.53
440.95
179.22
330.97
82.29
139.22
530.49
702.39
672.4
8.37
366.38
603.89
557.33
336.72
288.13
21.56
119.81
449.84
258.08
592.06
612.17
201.88
116.77
234.39
96.57
301.96
30.21
561.65
83.74
425.51
85.16
752.85
50.95
723.26
685.56
186.85
769.02
711.01
215.45
294.88
533.21
721.77
443.62
623.37
392.34
173.35
168.95
188
736.57
631.92
292.38
173.78
561.8
217.31
5.85
353.82
700.99
574.24
111.46
442.43
281.26
457.07
123.5
720.81
354.32
270.25
316.15
342.5
552.21
342.58
438.7
781.67
446.16
546.17
713.47
94.33
235.94
0.87
357.93
304.85
238.38
119.77
118.28
216.52
107.21
501.69
123.49
573.74
432.65
96.66
605.96
744.93
394.07
563.38
79.34
220.62
456.97
249.09
614.04
682.61
665.7
371.97
226.54
309.01
797.65
328.94
261.4
207.49
108.58
686.43
620.4
300.24
487.64
67.2
38.43
738.8
242.77
503.44
460.41
788.69
418.83
773
390.8
332.34
295.31
395.71
681.46
276.87
740.94
582.49
222.24
612.58
682.09
73.69
594.23
320.06
363.54
269.09
298.72
404.94
567.24
463.51
782.27
277.1
684.47
636.68
141.85
314.55
13.53
375.78
267.54
221.47
333.47
341.96
315.37
254.02
395.01
183.54
207.82
622.99
690.21
671.94
683.96
247.15
39.99
170.5
137.58
583.89
423.26
13.88
360.77
376.17
630.85
318.34
247.33
56.4
231.01
304.82
80.08
50.64
635.96
7.86
385.5
262.46
314.85
479.84
632.53
496.67
331.29
459.88
795.49
775.29
566.77
547.19
526.74
793.19
240.38
298.84
213.04
731.39
698.23
494.26
29.78
480.71
103.7
578.46
600.52
41.57
496.33
298.43
519.55
315.57
438.27
14.86
586.13
590.12
427.81
642.45
197.32
633.88
24.01
780.63
699.02
556.32
544.95
272.85
261.56
278.85
227.65
615.28
769.07
112.14
626.97
758.33
399.43
520.1
682.24
721.77
122.98
443.51
432.59
778.54
273.03
676.72
546.65
608.6
701.59
517.2
641.43
99.5
110.88
363.45
739.65
621.61
617.65
552.91
0.15
787.66
658.34
463.77
327.57
732.67
187.45
537.53
253.04
259.3
614.96
713.77
615.28
260.41
40.69
261.69
595.47
504.93
682.04
254.72
228.3
516.18
142.9
331.73
637.27
588.99
719.52
409.91
548.89
434.31
180.57
345.14
737.13
488.15
107.97
519.83
157.3
297.01
351.74
436.75
703.95
738.7
51.79
448.23
184.11
488.51
653.5
333.04
244.48
601.15
72.41
122.57
666.93
440.5
545.02
474.68
659.4
219.22
535.08
94.03
457.21
665.98
206.58
348.19
167.55
112.7
194.95
528.34
612.91
585.16
72.29
110.1
626.26
424.16
195.8
212.25
163.23
434.13
332.25
39.03
290.42
314.46
44.55
728.97
62.2
376.08
207.55
580.13
622.39
259.34
580.27
778.15
570.69
212.67
68.65
443.77
460.43
77.54
739.96
127.4
744
312.57
368.12
39.19
715.46
419.83
345.04
310.96
229.87
289.33
403.65
213.09
309
192.18
796.75
381.31
672.67
337.93
414.57
540.21
601.93
109.61
625.79
244.58
24.65
718.27
534.87
542.18
81.36
387.77
723.87
395.64
537.05
483.84
360.41
367.26
276.55
623.66
457.9
268.8
509.87
318.92
671.01
212.4
88.94
150.95
92.61
356
790.89
725.17
427.52
688.79
530.2
420.84
562.46
658.48
130.81
470.18
350.03
594.3
649.21
583.45
710.93
533.35
604.87
231.13
492.87
384.72
360.57
621.39
724.08
117.07
188.7
741.36
474.59
109.67
39.01
155.93
706.65
570.36
430.94
794.08
630.76
752.66
322.05
716.89
567.34
14.23
690.01
26.42
456.08
449.28
122
754.42
449.01
730.53
469.14
66.62
324.87
719.32
692.54
647.65
578.44
187.27
251.19
412.3
86.97
410.96
391.97
16.05
197.13
597.25
703.43
281.84
664.79
730.41
520.6
525
82.81
745.73
319.85
312.24
14.76
614.35
174.52
758.97
635.28
658.64
765.21
17.57
154.75
406.02
132.77
766.51
204.41
587.4
638.2
176.8
711.99
634.69
473.57
626.3
767.04
650.4
332.52
7.17
661.25
692.7
28.48
127.49
685.87
622.75
366.7
128.21
445.65
654.65
676.7
203.32
511.05
231.7
447.04
84.87
663.77
646.36
125.81
547.17
628.68
321.9
259.1
330.07
142.35
573.14
690.63
796.44
755.24
770.63
597.12
694.15
710.91
461.38
210.97
394.07
55.33
708.44
265.95
337.49
744.89
256.81
484.95
470.32
546.05
252.42
266.72
495.08
439.44
728.67
760.99
503.2
57.32
736.16
116.97
630.27
345.9
348.03
612.67
534.14
537.98
671.13
412.1
667.19
157.04
353.46
622.27
83.9
570.55
793.91
184.99
718.48
358.38
93.95
166.55
408.34
492.29
423.63
732.42
300.77
635.16
578.91
553.06
220.15
793.84
83.6
573.9
316.08
413.64
257.2
185.25
367.17
279.39
729.29
55.17
117.29
558.44
325.47
197.2
371.5
200.06
45.2
767.54
655.52
86.48
410.5
656.49
514.69
87.28
76.55
650.52
763.74
410.67
17.18
474.27
428.27
786.41
708.07
627.07
623.65
702.8
796.24
445.97
772.31
673.15
602.65
353.23
418.91
323.37
755.02
562.14
577.36
349.65
283.28
269.16
31.92
260.27
194.99
479.72
586.03
521.04
265.36
624.87
704.3
444.7
367.97
144.61
87.28
763.03
687.24
456.16
611.22
772.43
16.75
242.97
159.18
294.42
219.44
290.46
347.19
574.46
127.31
403.68
599.68
313.45
255.13
181.57
585.18
557.6
567.7
361.72
674.6
529.29
223.67
120.71
712.9
335.24
280.43
543.34
702.62
89.03
557
463.26
776.64
534.52
679.68
520.55
5.33
735.39
605.9
621.98
126.43
603.2
79.06
367.26
763.63
21.11
788.96
766.36
579.16
287.09
275.03
124.87
623.29
251.38
563.08
545.09
693.07
558.82
433.69
753.58
198.34
374.1
440.62
561.79
208.41
443.91
552.89
448.06
241.39
308.54
228.47
580.1
600.92
690.33
615.9
255.49
424.83
184.07
92.86
109.71
216.03
365.96
709.23
424.64
695.49
687.71
224.35
5.86
248.24
478.94
618
745.75
114.34
120.1
58.65
182.06
705.01
7.55
50.99
244.39
743.79
766.2
220.73
519.03
481.89
611.47
753.79
691.19
712.41
31.83
410.72
109.02
166.94
780.42
244
718.52
220.41
288.71
299.07
9.26
242.1
781.48
473.22
418.6
607.3
657.1
633.05
205.53
33.13
559.22
422.98
400.45
236.18
447.28
520.33
180.44
407.32
44.43
291.66
78.78
674.58
104.35
459.4
498.92
764.96
473.04
156.8
139.68
233.4
171.15
245.61
474.83
182.88
588.99
216.63
206.8
247.75
359.35
158.43
368.07
634.13
222.67
361.29
253.56
767.38
550.94
786.57
87.12
147.46
511.09
607.72
381.38
390.81
744.71
664.62
222.5
791.81
46.4
583.33
50.99
30.31
454.77
50.25
219.11
690.19
288.96
703.01
218.11
137.8
315.88
490.45
442.5
497.58
398.78
316.79
332.46
382.15
274.44
724.94
104.48
425.91
427.92
510.9
372.91
279.84
647.52
376.54
790.62
254.79
18.02
178.72
27.51
267.86
686.85
182.9
118.84
246.98
592.58
392.05
471.44
201.26
584.61
36.73
514.28
447.51
369.52
489.05
720.85
409.26
426.75
742.29
637.8
165.96
610.09
301.48
644.25
354.57
144.29
652.92
744.4
567.74
540.9
391.48
78.94
233.32
22.63
162.05
704.76
552.34
283.33
307.75
312.07
493.66
573.01
26.58
371.26
16.31
595.4
608.26
387.61
518.07
99.12
302.7
734.68
527.93
499.16
364.02
756.03
145.45
287.36
212.84
676.66
176.08
509.76
199.09
469.96
755.83
508.14
534.52
604.85
111.23
97.01
1.77
557.6
789.47
579.85
346.95
268.03
268.22
209.88
701.62
309.03
679.67
643.37
56.52
91.15
217.87
412.45
61.67
189.04
433.5
681.01
375.13
720.28
431.06
723.51
729.07
305.7
85.37
142.3
7.96
367.69
183.03
701.94
379.08
260.76
113.1
477.25
613.58
350.94
283.45
441.61
223.79
51.33
506.71
778.67
268.01
634.43
37.03
214.75
570.61
2.33
67.21
611.04
592.53
533.48
106.37
517.44
716.64
593.96
245.5
137.35
477.41
683.67
420.78
659.9
338.99
669.45
95.32
452.94
763.58
254.17
261.54
375.52
103.63
257.8
237.44
362.17
576.16
156.44
673.68
52.29
119.14
446.93
748.8
361.71
271.59
595.9
216.04
735.29
704.94
119.53
413.23
757.38
784.36
67.41
400.73
153.35
520.77
508.92
324
376.14
103.74
568.76
484.02
361.49
460.12
722.16
712.07
374.67
259.31
216.15
578.92
334.94
247.93
636
75.25
360.61
660.53
28.38
403.21
22.74
168.49
324.39
297.67
695.72
530.74
539.82
227.87
238.72
27.91
115.48
270.52
228.21
267.45
320.23
83.65
510.83
541.13
545.92
360.04
148.88
255.37
210.56
490.56
138.45
270.92
85.01
63.32
561.56
153.13
373.43
494.84
758.07
645.86
43.27
390.35
275.84
541.56
73.45
226.2
51.74
372.17
18.24
514.84
641.98
131.42
326.06
772.38
393.17
79.57
749.78
345.64
539.23
738.87
17.43
55.48
117.52
788.01
641.7
16.97
228.45
2.48
555.11
705.91
123.48
521.38
419.92
216.91
23.75
768.73
563.79
404.44
71.57
474.82
135.71
273.21
685.18
343.56
266.33
447.22
616.58
421.55
585.47
550.18
483.45
71.24
141.79
255.12
202.88
692.71
266.43
552.89
742.12
586.44
584.76
477.98
752.48
187.41
84.71
354.12
580.41
534.77
518.62
722.96
609.64
676.28
418.19
640.89
634.24
303.93
89.77
482.42
795.88
71.4
243.73
287.61
336.69
404.83
147.98
128.62
319.53
185.74
98.73
482.8
559.42
783.53
184.08
74.34
323.85
56.41
550.63
10.56
196.18
566.71
232.47
363.21
252.64
156.8
99.61
534.7
99.1
534.36
123.64
216.79
422.56
86.39
629.61
402.25
76.63
414.17
82.43
677.32
579.27
395.48
251.29
247.62
214.1
620.26
744.98
65.82
442.65
102.37
238.67
180.38
339.21
404.55
796.42
18.92
400.75
157.6
84.85
161.17
499.67
101.96
68.62
596.52
181.45
742.99
334.67
312.42
285.41
97.11
505.91
67.19
75.89
51.44
488.34
525.4
90.24
388.98
776.49
261.98
598.61
222.04
600.42
517.92
749.66
17.42
343.51
607.91
544.45
5.94
562.2
262.76
150.38
405.03
772.19
40.3
438.26
311.3
6.53
215.64
85.2
654.49
285.44
190.26
502.29
111.86
70.35
404.11
704.06
608.78
339.52
366.75
652.32
786.5
773.04
69.86
662.55
529.61
153.62
622.65
267.81
158.2
403.18
284.16
583.48
520.91
162.59
208.07
584.4
170.17
161.22
657.45
68.73
482.12
349.38
787.35
543.72
191.56
34.54
790.35
263.47
403.23
510.59
482.98
211.14
584.81
45.29
426.68
624.53
28.21
303.57
44.44
543.47
458.61
196.42
339.33
571.97
226.43
70.76
249.9
248.76
333.13
798.87
121.97
261.85
393.35
578.09
774.85
361.28
285.36
32.11
197.41
616.63
767.34
564.59
706.07
700.5
781.09
155.27
38.25
415.26
205.08
2.86
162.68
244.48
114.85
44.09
379.8
494.78
570.2
786.59
391.34
742.87
165.36
700.36
227.77
5.23
214.12
427.36
582.49
600.57
482.77
460.67
192.53
5.58
156.29
210.6
711.92
155.85
322.19
387.58
330.16
246.5
684.25
397.22
171.88
354.89
147.16
43.13
345.43
637.92
259.71
624.69
785.77
273.26
156.32
500
197.57
698.14
332.07
695.72
88.9
541.13
623.36
245.8
598.01
263.75
33.23
795.84
561.98
1.28
793.5
72.22
403.75
284.49
393.01
79.69
74.7
748.11
319.97
347.41
553.33
220.88
557.19
491.41
413.78
521.3
486.14
206.74
159.18
529.14
32.34
643.81
397.58
127.83
127.04
374.89
678.71
555.65
34.5
300.03
131.05
92.94
224.37
529.46
309.6
2.94
175.5
602.02
796.22
154.26
798.17
771.31
619.38
192.5
57.18
157.32
527.06
337.55
73.92
732.74
359.11
794.65
687.02
604.44
335.13
578.98
256.58
454.74
703.6
675.79
126.6
784.97
563
411.97
649.06
244.35
606.72
347.05
414.94
611.52
324.32
450.26
263.42
48.14
120.11
464.45
446.18
612.99
125.18
588.48
483.49
69.38
781.9
232.29
639.37
734.54
306.77
92.74
677.15
370.44
121.27
242.87
797.49
601.32
255.83
57.98
736.22
83.77
295.18
506.11
229.12
574.84
57.62
421.95
396.21
597.33
772.89
552.89
267.14
202.67
750.34
542.08
467.43
212.76
436.38
438.35
546.51
185.38
23.9
9.02
26.3
493.28
80.5
470.3
313.74
119.06
339.33
364.72
452.63
86.06
318.12
548.93
123
765.53
179.96
327.81
613.78
780.76
403
475.63
112.61
591.29
703.58
555.46
443.22
711.63
609.6
282.79
403.17
430.77
532.39
121.89
178.59
622.11
13.82
235.07
51.47
797.97
291.18
124.54
93.75
678.18
467.98
329.58
535.95
97.97
52.13
558.95
46.16
233.07
517.91
250.48
487.49
664.77
442.43
17.82
263.04
116.37
200.92
504.28
495.05
430.52
415.19
455.61
661.31
322.38
334.15
259.5
599.19
518.8
528.02
16.81
472.67
214.14
391.5
694.03
357.31
347.03
255.54
627.59
780.11
670.95
761.17
469.78
52.4
498.37
8.96
293.21
100.64
707.08
510.48
240.45
527.39
74.63
651.07
708.76
5.7
454.92
670.71
213.08
559.19
264.1
378.24
42.4
23.27
94.64
648.17
18.3
194.76
43.03
402.08
478.72
239.24
486.68
236.2
726.22
754.76
198.65
261.33
68.38
50.58
495.5
658.39
57.73
21.6
460.64
478.48
666.64
401.77
203.45
359.86
770.69
378.54
325.59
213.34
536.52
365.88
367.68
537.24
662.43
234.9
382.17
677.17
699.04
755.7
581.8
388.52
612.39
123.77
309.61
362.61
799.3
740.19
199.27
447.54
359.47
198.55
230.56
391.38
251.93
675.87
619.15
138.64
518.49
573.12
402.93
129.07
697.16
716.94
700.7
134.44
552.32
33.95
201.8
108.42
595.02
526.57
238.75
784.91
7.06
320.19
258.83
698.27
715.22
703.5
175.12
150.93
133.38
294.27
447.7
97.72
196
204.04
217.01
484.1
389.52
225.79
65.14
458.64
232.46
254.07
593.63
586.66
115.38
160.06
296.56
691.52
452.33
83.73
255.18
74.82
206.83
227.75
65.99
336.02
307.74
266.97
624.45
783.69
247.4
179.77
214.81
669.59
795.93
232.9
368.19
336.52
226.53
281.68
357.41
392.38
19.09
733.3
745.59
25.38
506.03
332.53
18.7
595.71
237.1
38.34
97.81
411.08
737.45
273.62
572.96
4.84
687.23
477.44
247.71
522.51
554.88
449.06
799.05
193.08
39.98
89.44
244.91
16.32
118.29
416.51
238.57
704.91
235.82
104.54
408.34
616.51
59.58
431.57
754.4
167.23
779.36
508.87
25.4
207.82
313.57
344.34
767.94
510.09
109.39
439.35
309.44
432.24
706.85
177.79
231.5
7.53
391.82
599.15
246.8
304.37
518.2
86.09
763.19
622.65
666.71
335.86
766.76
645.16
671.94
622.44
658.58
264.65
528.27
301.23
119.16
485.81
790.51
295.33
290.75
435.55
389.58
479
646.3
789.7
711.09
147.05
191.58
75.94
337.52
175.1
375.55
115.47
792.81
395.81
124.64
537.04
9.01
550.42
64.86
129.36
419.83
165.8
310.93
468.67
26.68
726.24
440.7
343.7
273.09
519.38
201.51
158.65
409.32
159
795.39
330.5
461.2
709.34
236.92
713.4
282.69
427.26
574.15
38.32
379.77
272.38
29.56
745.36
428.49
795.52
693.82
512.21
455.74
345.44
518.34
675.06
627.94
525.7
25.27
758.18
122.71
382.38
406.21
489.59
778.34
311.25
297.26
97.02
57.23
589.45
766.1
130.89
159.44
562.83
476.25
601.15
177.01
551.16
79.54
728.18
293.23
6.52
596.03
601.73
722.23
94.01
29.22
50.66
65.21
559.08
73.11
712.02
295.59
515.05
555.68
5.31
727.07
383.85
594.39
261.91
26.57
653.03
471.68
694
182.67
221.71
413.51
636.03
537.76
132.37
333.2
465.16
539.81
450.57
743.21
435.45
115.16
739.79
306.72
236.64
418.93
28.73
151.84
533.98
699.11
745.53
777.56
228.34
648.4
207.75
599.18
451.24
486.84
10.35
54.16
334.91
363.21
610.59
1.22
759.86
416.32
245.07
782.93
526.91
55.94
87.79
145.14
524.02
81.67
326.67
346.24
251.9
64.4
46.28
530.01
26.56
362.36
7.18
177.79
715.48
6.63
652.2
115.56
279.15
218.82
17.5
709.15
61.88
270.21
27.64
692.53
187.98
167.45
223.59
31.73
364.73
17.57
559.55
170.92
648.77
418.7
358.92
762.36
95.43
301.17
714.57
647.94
743.84
191.11
709.2
667.78
370.57
389.21
158.37
779.54
274.21
686.59
420.07
365.18
421.43
11.9
145.39
747.37
500.6
607.49
308.64
101.17
111.74
752.36
494.21
760.98
567.56
225.38
126.35
45.6
131.57
186.38
51.81
563.87
307.64
135.6
512.88
588.14
773.69
742.01
4.85
104.15
77.47
535.98
13.76
606.98
480.07
521.34
659.67
40.76
306.56
345.2
459.54
301.96
720.61
771.7
636.09
171.88
739.94
763.49
192.25
384.82
388.6
91.76
626.23
607.34
210.38
600.7
98.5
684.97
784.7
608.65
377.33
669.22
161.49
263.18
442.94
243.84
265.57
570.1
133.26
594.9
285.26
549.16
705.57
273.18
18.94
237.56
170.69
66.54
724.74
759.55
502.95
719.81
528.11
685.25
588.83
417.35
257.41
87.38
174.11
313.09
225.7
192.9
382.77
728.38
243.27
329.62
754.41
792.09
547.93
179.44
680.16
668.98
18.9
105.68
720.98
6.1
384.18
782.75
521.48
219.43
281.95
568.41
82.2
651.33
710.31
128.58
502.54
702.62
536.69
219.29
397.43
491.55
373.11
754.65
152.84
61.81
132.03
224.71
315.53
478.51
181.29
517.52
776.63
364.74
103.54
479.54
429.34
487.03
166.6
353.87
284.85
50.98
150.32
81.57
678.38
120.35
108.5
796.98
46.97
552.19
473.07
776.17
176.37
39.75
680.62
673.28
514.82
599.25
671.41
539.06
358.24
428.28
649.43
726.58
442.76
714.35
379.35
731.96
354.61
174.91
523.63
498.71
653.14
453.18
214.22
741.17
636.95
117.06
545.79
548.63
532.77
132.79
734.4
400.8
40.86
437.58
528.7
103.68
590.98
84.04
506.45
713.99
405.05
641.25
254.42
505.45
639.7
631.86
360.36
748.97
125.7
497.33
332.7
305.94
764.7
657.67
303.15
621.91
799.22
681.37
470.69
289.19
386.5
101.81
598.66
423.28
694.48
504.99
309.64
398.24
52.11
213.75
411.95
327.53
576.01
759.36
348.3
388.99
258.41
631.02
505.78
493.83
479.99
520.28
306.81
342.92
496.6
388.84
221.94
540.84
154.07
720.76
634.43
692.67
124.08
65.17
757.17
756.96
717.69
716.75
360.37
513.67
161.28
287.77
326.07
724.6
796.64
762.44
716
71.42
122.05
460.67
426.94
11.91
393.77
172.54
524.84
480.37
440.12
261.23
479.2
99.07
301.83
39.46
23.76
458.37
128.77
415.62
506.88
390.82
138.4
786.13
117.62
694.63
394.46
449.2
115.69
248.13
522.77
360.03
543.66
503.81
743.3
476.01
605.73
751.08
651.3
170.93
147.92
115.26
585.83
80.07
509.19
211.33
388.04
512.04
749.57
43.56
479.07
408.96
162.87
439.84
138.08
699.77
326.53
650.87
299.6
217.38
379.01
29.51
363.52
690.29
398.24
333.26
575.91
342.19
485.95
525.43
627.35
154.23
108.51
649.43
698.29
377.57
606.11
201.27
26.19
412.15
3.19
588.6
328.3
651.11
513.73
367.91
742.31
258.6
492.18
393.53
583.61
683.64
392.06
298.38
300.19
216.42
288.71
175.26
114.95
133.09
740.81
107.35
194.9
588.97
395.08
599.89
530.51
608.18
541.93
541.45
740.29
396.38
501.67
107.1
422.27
537.1
644.95
724.59
427.67
653.13
539.99
386.48
361.26
304.26
616.07
137.92
384.48
512.92
43.24
529.29
599.73
344.49
502.76
87.46
586.49
207.34
609.75
757.4
26.48
442.8
630.13
247.86
215.71
476.43
576.55
76.48
563.61
725.52
394.89
306.15
201.83
566.53
269.1
346.93
368.04
690.1
254.16
661.09
275.32
523.01
255.06
338.99
54.53
427.12
523.04
466.29
682.69
497.3
70.46
409.94
39.59
537.51
180.53
658.08
138.56
681.38
109.15
519.74
780.56
499.77
221.69
674.28
149.71
270.42
111.2
570.68
440.49
203.79
578.76
24.38
151.96
562.9
714.24
654.01
486.33
258.75
274.71
796.48
201.58
360.76
381.49
188.16
369.96
151.24
41.96
683.71
305.83
216.07
140.22
588.4
334.68
27.4
260.86
19.28
718.68
618.5
363.08
764.43
670.2
26.04
458.08
53.43
550.47
372.49
797.78
465.85
164.11
45.82
159.99
160.98
337.3
495.14
185.7
428.19
612.37
780.05
28.91
679.27
155.31
46.95
703.76
640.2
354.77
312.55
211.3
120.96
669.79
622.04
100.47
294.91
631.67
67.24
698.03
798.2
602.62
436.91
91.82
788
695.81
341.84
313.42
233.78
621.53
46.4
25.77
264.32
89.27
775.03
258.51
66.11
547.26
175.95
490.11
600.77
303.49
377.03
516.13
507.26
736.48
72.94
394.26
137.44
499.85
483.7
693.86
310.27
595.41
502.51
27.5
248.94
201.76
318.47
476.69
70.38
686.08
493.96
515.68
145.31
219.03
548.66
568.71
744.12
748.34
292.16
492.64
375.42
111.41
769.62
529.23
498.49
367.04
554.72
569.27
263.17
32.19
112.64
381.62
278.24
60.98
708.06
694.74
194.11
701.2
71.86
78.87
180.39
678.59
113.81
567.46
414.51
113.22
119.55
326.16
517.43
161.55
726.85
14.75
31.99
788.54
355.91
408.78
106.97
678.45
16.39
569.56
412.92
243.93
700.94
446.49
681.55
65.62
374.22
147.72
343.86
44.35
258.27
474.96
665.48
354.1
9.58
781.51
766.42
551.48
315.13
796.89
730.56
410.98
371.67
281.2
117.61
617.03
342.23
692.61
718.25
610.37
21.87
103.53
326.58
202.93
467.87
226.21
246.77
196.35
511.25
622.07
736.57
351.61
751.09
324.19
234.59
493
764.34
391.31
285.45
239.78
598.09
580.82
300.78
232.35
348.4
60.51
683.43
62.32
461.81
456.44
211.47
325.27
239.69
601.04
26.01
623.62
652.7
563.59
43.08
357.63
723.25
695.78
350.45
741.14
521.93
711.15
446.34
105.42
394.76
201.68
797.65
509.59
635.78
447.54
129.62
586.09
61.87
605.13
598.77
712.03
193.87
28.8
185.24
226.09
475.26
373.88
686.01
44.84
15.13
186.1
291.21
400.82
38.82
443.69
748.38
411.03
748.11
122.84
241.73
661.49
25.79
647.25
165
585.45
158.24
221.59
768.81
108.98
410.89
70.21
249.22
319.11
515.1
720.91
547.92
135.04
690.73
344.69
127.5
347.99
303.04
87.99
390.8
277.34
81.61
671.1
179.62
624.41
152.33
451.25
129.91
649.22
332.3
607.1
6.32
269.86
788.53
365.31
110.89
399.36
551.98
283.54
75.77
35.86
379.2
785.67
426.28
12.77
1.55
538.82
702.55
36.6
474.35
313.14
45.89
49.63
97.24
398.94
526.85
786.16
295.09
101.2
470.59
471.52
577.6
610.36
385.25
227.39
353.68
406.33
739.23
503.04
227.66
205.18
631.01
355.29
282.78
263.45
38.13
630.81
94.9
0.92
466.41
761.33
640.06
284.7
750.36
429.61
580.15
382.56
19.47
238.18
245.84
192.51
165.7
734.45
773.61
465.61
510.38
618.09
295.97
659.59
727.91
16.72
103.32
106.41
791.41
214.78
90.64
665.03
271.73
574.86
704.38
698.07
328.13
654.24
5.57
115.66
697.62
268.3
8.08
452.78
486.86
236.12
165.27
438.46
318.06
604.55
671.89
579.7
793.21
322.8
440.11
105.81
645.21
339.55
629.38
139.15
580.65
646.56
234.82
688.43
692.45
458.82
146.66
373.74
43.91
465.75
493.2
106.84
246.48
634.25
378.53
74.02
794.31
433.21
337.03
678.53
495.2
22.48
468.13
346.16
319.45
46.29
429.35
681.2
212.03
608.07
24.67
185.15
719.71
464.36
565.84
606.22
427.74
643.49
296.13
259.03
265.73
575.03
524.1
695.56
134.3
472.29
458.9
601.05
62.62
776.22
771.15
395.63
442.1
690.58
41.28
524.33
225.01
622.28
420.28
322.18
472.63
734.56
265.34
641.07
173.23
303.28
452.8
47.33
417.92
126.55
509.78
437.89
54.19
248.11
373.01
542.59
563.69
108.2
7.38
124.98
281.25
761.98
362.56
281.74
136.82
345.27
151.07
324.48
582.02
335.6
325.83
14.68
148.31
626.81
734.64
301.17
324.77
615.86
433.84
685.79
530.82
430.98
485.45
398.89
449.59
54.51
757.03
256.73
204.6
437.02
259.38
761.63
367.27
656.93
368.76
713.99
650.31
222.79
306.87
221.19
48.36
67.36
767.54
786.67
129.6
432.36
230.22
536.11
589.75
509.46
620.42
72.23
115.75
387.57
700.1
734.47
58.44
791.59
555.59
693.63
94.42
260.06
181
356.09
92.14
386.81
617.47
613.93
538.42
77.7
505.5
2.9
582.69
15.73
246.77
588.89
58.35
284.48
159.27
105.16
777.96
200.13
277.47
624.92
789.14
24.17
756.95
507.47
377.59
402.98
489.2
58.84
226.25
402.06
683.8
437.93
519.69
728.25
81.48
172.82
597.99
92.17
742.71
355.24
430.55
392.62
7.86
203.23
421.4
83.12
385.05
772.48
781.3
357.5
161.74
182.61
436.26
221.01
310.77
171.07
440.5
457.79
451.62
125.88
134.73
754.21
759.55
198.43
9.87
184.9
372.61
382.54
664
283.36
732.79
214
618.36
115.49
629.71
52.42
108.62
716.82
561.93
309.01
33.83
792.03
82.77
734.42
342.76
75.06
397.18
458.33
279.29
655.62
539.94
13.81
709.55
57.52
489.78
526.38
313.12
218.14
188.81
297.38
3.26
229.38
61.86
160.68
610.92
651.21
317.53
129.19
782.75
135.41
465.24
313.05
637.3
159.36
661.87
421.53
217.93
547.05
261.55
430.37
796.4
591.71
747.24
139.53
500.11
613.11
685.52
120.39
739
347.45
779.11
605.81
529.32
719.55
23.28
711.15
587.47
696.41
691
371.24
18.75
72.71
366.91
159.78
505.59
715.88
145.78
448.28
502.82
563.18
21.54
367.85
128.36
555.37
375.46
632.79
326.22
98.47
436
721.21
645.2
50.84
4.92
371.78
498.57
300.81
317.83
489.08
331.34
631.3
358.57
190.33
305.71
515.25
405.5
82.96
130
255.76
286.53
269.55
127.23
487.53
227.52
456.23
278.92
447.89
122
190.09
457.42
613.9
195.05
216.7
90.53
555.3
239.6
563.11
175.96
379.53
69.11
776.79
268.39
390.5
628.18
531.24
721.61
225.1
22.98
338.74
640.15
82.51
112.85
192.56
13.17
68.07
764.03
36.39
639.6
596.91
637.54
573.05
569.91
712.54
644.18
444.68
269.85
167.73
355.21
115.49
97.19
322.92
739.12
166.37
28.81
42.62
354.36
679.38
240.5
147.39
373.6
613.35
786.38
19.72
447.25
570.21
728.51
788.89
571.12
458.27
402.24
497.64
607.62
364.47
696.19
695.83
142.03
263.77
250.83
506.88
586
212.81
245
572.27
103.72
716.65
588.95
151.08
256.5
126.14
223.79
741.03
287.49
357.23
733.15
31.36
491.7
319.43
640.51
332.58
271.32
632.14
256.56
439.07
446.75
613.73
285.51
193.98
560.5
684.11
484.03
719.79
747.72
334.74
649.02
388.36
548.7
564.28
351.36
680.32
587.35
188.11
40.31
286.69
77.89
264.7
33.69
13.99
106.09
553.37
426.39
690.32
531.19
432.43
92.12
786.8
766.02
672.43
502.67
362.64
299.17
590.9
68.16
37.78
56.27
523.1
691.53
611.72
9.56
394.69
494.94
349.78
419.44
345.16
352.24
730.42
394.47
277.65
501.19
576.23
584.48
475.49
353.28
672.9
695.74
694.58
445.06
580.14
320.82
617.44
519.24
92.67
527.83
669.67
99.59
727.95
712.15
607.81
477.31
532.4
745.72
144.62
144.9
212.29
675.27
320.15
713.43
732.62
426.29
359.66
708.87
74.42
472.73
404.07
449.7
686.61
383.45
13.85
311.86
444.35
751.81
623.29
321.4
777.32
150.27
765.13
163.97
540.09
575.67
227.43
443.46
262.71
760.85
531.14
732.6
643.89
688.25
452.63
780.31
243.7
207.92
782.91
119.07
123.38
730.18
695.81
705.06
575.99
80.72
670.33
651.89
697.83
91.18
719.34
416.21
635.16
541.25
459.6
498.02
617.64
753.57
716.07
696.29
398.66
675.06
664.34
208.12
558.22
760.99
171
774.1
25.92
332.66
754.8
687.58
440.3
318.27
504.65
292.43
778.83
215.09
143.74
129.89
282.09
199.38
543.25
39.67
47.33
304.69
637.99
357.04
445.23
459.83
185.94
442.25
746.68
744.11
457.28
666.71
763.35
432.91
84.27
89.51
233.01
207.19
744.18
646.77
536.52
655
235.31
164.23
283.84
664.08
116.37
749.39
515.71
321.11
570.62
690.41
350.71
660.55
176.33
587.71
76.28
146.76
190.12
79.35
704.58
533.29
660.76
187.62
442.84
61.15
445.55
330.65
93.66
706.13
253.68
442.23
441.68
591.01
124.01
660.92
587.09
717.75
472.74
625.31
654.27
668.17
378.02
589.41
454.13
541.34
772.06
225.35
100.45
230.39
163.32
293.09
749.86
91.57
794.8
196.67
538.37
488.91
152.31
223.1
333.23
368.64
13.28
53.89
1.48
359.28
628.25
400.09
375.57
285.33
634.67
482.25
783.51
195.37
301.51
6.47
26.69
571.51
26.06
638.15
376.41
697.99
335.25
678.27
493.82
792.86
709.28
312.5
55.23
771.99
673.33
242
775.69
753.62
225.6
709.11
735.07
616.77
683.12
792.52
379.46
285.11
205.14
622.82
413.53
595.7
393.27
598.73
618.99
573.39
43.96
459.17
479.93
372.46
756.53
720.93
399.63
549.6
369.42
519.56
341.63
302.73
515.8
211.49
26.39
704.85
483.23
704.89
423.07
94.21
475.87
376.57
349.76
631.17
417.39
496.43
2.97
106.14
762.45
470.3
682.42
218.91
299.51
47.08
750
324.31
4.02
126.65
643.6
635.44
154.44
15.68
563.49
798.92
224.7
781.13
789.03
207.37
679.41
748.59
287.03
27.26
307.24
497.97
292.85
529.82
693.61
269.07
495.61
61.93
490.78
3.22
465.9
799.11
310.21
68.57
470.14
377.93
446.99
193.78
312.14
796.43
88.83
466
27.27
530.48
17.38
346.06
74.64
612.12
442.22
223.55
329.6
608.44
429.06
489.26
124.74
464.64
446.88
328.18
753.41
268.85
285.85
32.55
343.25
274.43
354.25
100.64
752.93
214.72
493.55
608.35
577.3
38.79
242.23
198.13
435.85
499.92
446.69
257.15
210.18
493.38
500.38
439.04
678.88
780.14
241.68
524.88
790.58
313.58
650.31
702.17
614.71
46.96
372.84
682.21
657.7
590.38
652.46
736
642.52
776.8
356.55
60.56
405.71
484.31
164.43
56.83
287.39
81.78
294.8
697.93
467.21
90.59
610.87
668.44
211.26
659.5
619.78
682.09
549.45
449.23
526.83
641.27
145.22
645.52
247.67
613.48
384.09
456.97
578.54
687.05
257.5
94.67
177.5
273.94
296.93
600.4
628.25
458.31
401.45
311.11
578.83
394.29
94.17
479.6
313.5
44.32
498.26
736.21
661.79
629.28
115.5
382.05
94.85
103.25
628.64
645.64
794.7
612.3
552.45
375.8
676.37
331.61
604.49
142.98
763.76
534.52
213.6
733.52
177.8
60.92
227.31
494.42
275.23
743.33
147.46
223.2
772.11
464.16
587.68
498.51
87.14
555.59
460.69
571.31
254.47
519.97
764.65
582.35
395.42
388.45
559.38
665.67
644.11
762.21
162.75
143.1
3.32
727.23
714.55
598.28
91.63
324.28
348.21
245.39
359.04
76.14
196.9
131.37
523.54
652.01
731.68
347.23
17.89
549.37
282.08
646.69
313.97
480.52
299.67
78.35
241.51
244.18
287.64
761.81
610.97
700.42
799.8
35.27
715.48
233.16
557.69
184.21
589.19
666.09
386.67
740.04
485.87
114.49
572.66
280.42
450.37
742.13
707.26
693.89
206.66
336.24
281.79
374.57
166.55
69.67
71.56
487.09
57.15
61.03
627.94
748.87
790.11
636.98
20.44
766.64
233.53
480.7
530.8
589.18
21.08
281.84
793.31
3.82
707.75
666.71
485.03
102.3
260.47
669.5
341.65
522.51
261.37
65.76
544.51
559.94
627.3
339.54
185.69
74.48
31.03
401.66
165.33
245.86
573.54
171.42
194.35
363.61
26.8
490.14
483.01
161.99
359.71
717.73
457.26
666.82
795.06
503.45
659.68
636.33
478.41
139.47
142.83
797.74
597.19
517.75
292.48
644.8
574.29
633.56
349.7
683.66
567.71
77.19
716.8
379.72
71.72
67.35
143.4
73.58
171.94
694.2
33.97
558.55
663.19
214.87
684.72
154.39
765.86
461.2
194.03
548.21
99.82
57.14
621.06
630.19
16.02
509.71
119.31
49.77
140.61
388.44
784.79
128.8
742.73
564.7
726.61
544.69
609.15
82.11
489.26
234.32
439.64
720.29
280.98
523.45
92.28
301.07
730.85
518.04
98.57
328.42
356.7
702.14
425.15
304.55
445.19
635.05
324.09
501.82
429.3
458.16
288.76
173.57
485.45
100.31
551.87
41.24
96.84
90.25
542.18
432.28
615.91
446.83
94.68
66.29
84.6
552.79
613.6
342.73
678.79
658.78
332.18
466.87
601.25
40.85
468.02
452.66
642.89
450.63
652.91
719.62
275.6
390.82
314.74
725.98
135.17
345.32
452.8
301.26
670.21
528.67
124.87
269.59
471.85
266.16
746.05
454.53
95.45
352.42
559.03
768.52
225.36
39.81
497.41
283.94
157.44
283.86
167.38
402.42
740.78
599.23
215.65
717.86
436.4
375.28
194.52
530.45
747.79
334.71
335.92
253.42
732.56
156.41
373.1
51.41
664
201.09
619.24
200.41
440.92
146.1
450.25
789.95
72.41
493.18
690.71
668.57
394.44
610.42
460.57
733.54
156.51
667.01
623.87
732.83
512.98
784.38
55.06
225.47
124.11
393.6
696
794.88
317.41
108.08
194.77
629.49
750.4
697.31
711.97
128.86
262.89
363.93
264.57
268.11
673.16
98
25.37
703.7
401.15
538.99
89.55
312.68
529.87
737.12
798.09
366.35
172.57
21.87
516.92
736.52
96.2
520.67
638.86
505.43
764.93
720.83
764.27
773.96
633.87
438.21
752.58
611.88
54.41
637.61
758.77
373.62
172.87
679.78
264.81
439.34
578.15
329.72
518.63
42.06
319.01
724.71
528.3
591.73
40.25
445.58
400.01
592
102.09
265.44
276.48
266.33
638.77
630.02
222.31
302.26
762.61
155.92
56.82
768.76
217.56
128.52
181.43
346.27
266.92
120.99
511.32
91.38
50.14
6.3
351.23
229.19
479.12
319.78
749.46
704.24
114.98
116.55
481.86
394.61
720.93
499.32
224.34
711.06
786.25
210.58
716.37
463.53
255.37
520.04
12.57
340.41
267.18
170.1
154.57
192.81
64.04
682.04
51.78
653.55
377.41
515.48
296.24
765.46
458.32
580.37
590.27 /

COPY
	PERMX PERMY  /
	PERMX PERMZ  /
/
MULTIPLY
	PERMZ 0.01 /
/
