---------------------------------
-- Permability values for SPE9 --
---------------------------------

-- Permeability distribution visualized in figure 5 in Killough's paper
-- Killough says 'The input data included in the distribution to
-- the participants included a geostatistically generated 
-- permeability field'

-- The values below are taken from Killough's dataset, they are
-- not based on the figure in the paper.

-- Explanation to how the data in PERMX is organized:
-- Under each LAYER (i.e. K-value), 
-- there are 25 ROWS (i.e J-values) under which there are
-- 24 entries (i.e. I-values) 

PERMX
567.27
103.92
570.71
484.08
362.45
437.68
269.24
745.09
84.9
669.82
624.07
195.6
341.2
789.05
664.99
796.39
789.55
504.09
704.11
651.78
152.84
708.31
579.4
318.87
572.59
772.39
175.77
232.27
115.59
539.96
124.3
643.12
5.29
337.3
385.11
782.6
18.67
797.06
242.35
48.49
191.96
282.7
770.83
297.51
632.58
53.65
309.25
583.04
56.3
148.67
393.96
404.17
266.76
147.94
396.12
283.14
554.01
539.2
708.61
383.53
157.53
653.17
539.76
54.67
101.06
609.46
678.6
149.74
451.06
410.18
335.28
568.99
92.33
683.88
170.73
71.37
426.85
482.51
732.89
257.67
108.12
268.07
287.47
680.62
390.56
556.16
738.97
140.58
128.44
93.12
162.61
579.01
705.46
193.12
285.9
253.67
530.61
627.12
136.79
84.96
608.87
277.5
315.01
153.29
498.9
0.19
182.85
455.8
247.73
448.25
309.19
32.83
310.63
616.9
747.07
547.53
72.33
564.62
211.84
63.64
139.21
347.29
367.05
168.56
315.27
361.35
24.54
2.46
161.15
612.95
383.8
392.16
40.2
507.2
425.29
619.97
494.29
411.72
187.13
479.02
360.05
639.63
329.65
105.55
69.55
59.87
141.28
123.27
317.5
756.05
20.36
75.79
626.12
575.37
106.72
352.86
259.62
787.91
378.48
240.17
468.26
700.32
182.5
771.54
552.38
768.5
724.09
184.57
538.97
393.02
281.44
670.55
530.99
171.32
82.74
333.66
636.91
434.31
48.02
231.88
686.02
461.51
598.36
678.96
168.65
341.21
673.52
319.15
411.22
323.16
672.36
745.81
143.75
254.56
257.1
92.54
797.41
422.73
561.79
726.5
448.24
24.53
498.61
533.14
46.33
47.3
5.92
590.13
512.95
634.4
89.09
494.46
357.95
600.25
150.17
600.81
93.73
342.6
637.25
140.73
419.14
611.99
570.41
28.5
636.56
755.48
387.45
694
149.61
531.24
121.47
589.55
583.24
707.13
767.99
510.9
552.59
645.83
654.2
552.92
71.76
361
387.68
76.73
763.41
268.16
639.91
638.95
454.51
84.42
150.76
285.39
301.99
410.75
140.25
295.43
416.9
472.54
509.43
762.89
432.64
172.76
76.28
586.13
772.39
445.38
789.4
264.69
487.13
171.38
576.66
525.4
60.33
474.49
780.16
373.45
785.99
586.07
534.21
577.48
230.22
61.78
65.67
120.98
720.35
777.78
695.12
756.95
293.22
496.25
666.72
547.34
58.86
103.19
773.66
450.32
67.35
158.95
379.23
626.98
65.1
82.09
438.73
412.29
531.4
114.4
358.16
98.24
461.26
739.72
140.18
771.72
374.13
773.61
468.88
744.36
716.04
568.47
370.06
592.6
285.97
172.19
255.41
278.77
206.97
284.29
64.98
243.18
363.65
324.37
756.33
663.96
309.69
229.92
739.28
92.55
581.58
675.98
29.04
325.08
693.25
295.21
752.03
39.37
745.27
148.81
794.31
87.7
327.3
765.5
76.98
685.53
556.03
700.43
701.54
369.98
43.75
784.63
553.85
751.78
415.27
134.5
294.21
580.23
146.73
580.12
162.18
471.96
737.24
69.68
149.55
349.12
283.84
576.21
373.21
600.17
390.52
577.03
466.04
422.72
118.53
637.23
754.23
425.44
709.3
469.82
782.84
631.13
783.1
618.78
497.49
625.88
751.28
501.17
271.1
223.98
36.53
55.75
750.11
149.76
39.22
184.48
463.94
477.63
667.23
298.08
116.34
649.2
721.72
529.88
601.04
639.96
328.68
584.45
238.43
574.72
45.7
618.41
143.07
186.02
118.38
118.44
114.6
312.88
196.92
344.98
274.31
460.94
483.97
139.62
449.65
41.18
83.39
655.99
341.22
422.8
645.63
463.26
789.86
772.25
254.36
371.28
66.37
177.65
201.5
457.47
782.54
278.76
424.74
14.09
590
471.68
173.2
208.62
262.92
173.62
234.1
263.05
190.41
478.99
243.38
789.93
546.62
46.73
588.8
172.93
241.23
502.71
281.14
328.55
140.71
717.44
468.58
733
82.5
729.92
599.23
309.97
346.2
258.31
431.93
383.29
548.61
386.36
258.72
49.6
118.77
110.25
180.74
274.98
492.92
436.77
630.41
19.44
532.39
189.85
510.23
172.47
404.12
348.74
72.54
316.49
575.71
652.35
393.56
177.38
46.01
340.74
183.68
644.52
575
0.81
446.92
247.73
520.55
576.36
167.06
44.92
566.64
188.81
209.55
581.28
599.61
149.8
593.39
498.95
674.23
623.03
114.69
571.54
698.96
699.98
15.17
576.69
464.91
271.23
426.61
191.31
224.02
735.36
122.97
711.19
28.67
301.63
586.4
647.87
355.45
290.94
286.66
606
631.6
447.59
513.23
248.64
726.1
36.77
23.9
617.24
478.22
136.93
4.97
443.42
542.33
759.12
92.71
165.12
11.07
728.6
228.57
208.64
593.08
140.78
444
4.31
361.6
579.83
688.41
525.07
710.08
103.15
525.67
708.42
356.41
217.25
145.44
765.97
656.77
792.6
99.47
285.49
145.13
104.11
675.26
413.74
689.89
389.31
622.93
616.62
674.4
175.11
136.45
416.71
197.71
407.77
376.79
619.01
457.81
415.8
390.09
168.6
73.37
267.46
741.64
478.95
460.02
372.61
536.98
481.48
585.43
643.86
24.89
137.82
179.69
12.01
249.59
228.92
249.17
721.42
249.2
144.81
288.63
781.19
92.55
575.88
132.22
426.38
594.64
641.03
760.17
154.72
585.06
194.65
321.29
51.88
186.7
633.92
683.96
301.1
362.73
233.2
306.4
640.5
477.67
525.4
251.62
588.62
281.82
500.55
542.14
365.73
362.67
388.31
631
329.04
759.54
32.09
216.81
352.9
370.88
671.27
81.34
681.48
298.58
359.51
239.85
190.23
304.42
412.37
156.07
420.83
458.84
588.95
514.57
421.15
357.92
395.8
201.79
257.45
465.87
271.23
681.66
737.07
719.89
246.02
11.85
346.59
665.21
247.68
782.93
712.26
650.77
616.11
706.97
272.53
0.39
743.86
518.07
263.39
670.29
43.73
436.01
375.66
99.15
754.95
137.84
127.95
652.9
488.39
162.41
88.01
678.16
607.92
774.81
709.21
355.52
711.33
133.88
126.43
20.14
245.84
414.36
624.92
127.1
512.78
545.95
572.15
494.39
267.92
466.9
570
613.26
381.51
502.31
151.14
556.08
661.66
325.9
458.54
736.63
167.44
523.11
689.31
489.49
244.43
765.63
343
580.06
776.97
747.46
715.09
206.05
74.04
75.85
679.75
112.68
42.24
776.29
255.68
91.65
616.42
519.51
19.97
454.82
638.54
109.35
107.42
68.45
685.19
80.04
400.55
592.06
444.72
12.26
207.07
343.54
727.66
158.56
211.97
202.9
389.56
159.37
577.66
797.76
571.69
490.55
710.95
174.96
295.68
434.82
388.06
582.88
232.95
651.67
631.91
407.74
205.85
586.08
159.46
441.74
278.2
18.88
461.19
250.89
518.56
581.16
508.3
659.4
235.98
599.6
158.66
288.78
248.26
6.24
172.74
750.1
120.33
271.61
741.49
477.14
69.17
761.36
519.92
432.73
222.94
640.47
522.92
210.66
673.6
546.69
165.09
350.45
731.44
168.94
115.24
735.93
408.19
527.61
454.84
617.86
33.92
11.36
55.9
200.9
387.45
681.72
49.94
458.46
417.88
432.43
675.73
694.61
115.95
332.11
540.36
560.13
345.34
719.87
398.25
321.39
792.22
497.87
11.34
82.91
232.76
483.06
479.7
311.14
277.76
155.14
712.68
79.71
458.43
465
682.82
706.33
86.36
343.77
658.35
181.16
786.97
368.22
325.67
787.75
43.31
83.72
176.62
235.26
285.32
104.86
310.87
171
604.95
606.12
2.19
140.07
46.78
704.39
15.71
170.74
767.4
670.93
101.59
227.99
748.06
405.44
460.5
178.54
794.18
735.43
641.2
660.44
636.51
62.12
412.13
785.56
529.71
252.72
358.6
10.06
589.72
736.5
481.6
545.86
12.02
186.86
685.82
347.64
700.79
326.68
698.79
756.25
753.51
641.38
344.91
511
321.92
98.49
475.28
524.21
543.89
687.73
114.54
658.83
316.55
768.32
299.87
105.05
395.71
565.95
738.78
187.09
430.12
348.81
729.12
277.22
741.24
399.57
677.54
461.27
779.81
407.09
726.94
137.03
455.98
175.62
724.16
77.85
730.18
452.57
697.47
55.31
246.16
611.83
408.98
239.84
111.22
620.12
609
777.2
573.87
294.68
109.58
222.51
789
679.12
3.26
133.36
751.53
36.07
736.1
388.48
185.79
67.8
778.3
482.94
246.77
403.4
560.2
167.67
671.64
481.92
56.81
276.63
366.24
234.12
781.93
723.14
356.5
779.11
123.52
381.57
543.53
21.56
114.66
154.58
1.65
511.25
703.64
349.47
689.43
147.01
33.73
32.72
686.37
252.86
549.96
615.31
753.83
518.36
49.34
637.52
575.93
496.29
503.38
524.74
121.96
590.11
545.1
731.21
362.55
165.83
107.09
478.31
212
767.45
385.26
541.57
390.71
227.44
391.21
488.45
557.29
246.31
773.33
229.67
147.55
280.79
39.63
423.8
629.76
748.24
240.38
674.86
555.92
486.9
233.74
561.3
129.48
42.79
47.01
364.67
203.56
386.34
558.84
189.27
722.78
486.46
486.77
642.87
623.44
591.91
409.63
564.36
295.28
684.42
489.97
24.8
715.96
330.48
220.24
69.35
688.96
73.55
84.81
258.26
296.83
436.56
618.17
329.02
616.82
579.5
779.26
146.94
611.82
170.23
639.89
440.89
678.14
742.93
27.35
689.89
3.69
57.21
195.99
527.95
584.01
509.9
183.76
460.68
789.6
225.15
747.5
517.74
450.63
673.56
183.22
457.21
182.34
329.13
396.12
628.23
386.58
491.67
118.69
357.34
192.16
119.86
360.92
277.24
505.73
311.74
775
456.03
255.95
131.96
394.95
46.86
459.36
181.08
543.46
402.64
475.29
198.23
182.91
220.99
739.43
127.87
533.31
171.46
160.51
211.68
166.87
113.46
617.38
302.33
694.25
101.06
151.3
450.3
372.72
516.03
659.52
423.21
779.8
73.84
264.63
539.75
403.12
627.59
611.54
65.93
562.96
33.04
234.1
72.23
63.55
410.21
387.77
775.62
646.14
504.64
708.61
19.93
79.15
85.89
539.32
521.66
554.8
721.34
31.76
578.87
66.83
258.42
714.46
641.44
263.17
475.49
287.87
118.81
372.27
477.87
252.44
272.29
76.43
645.18
647.18
336.87
667.51
754.42
756.81
568.83
629.23
608.53
327.29
383.32
420.85
326.77
91.5
700.03
447.79
38.67
611.89
396.14
567.28
613.75
407.4
486.66
291.35
618.74
470.57
238.2
332.63
237.69
225.05
574.47
563.6
8.23
349.21
87.25
523.63
82.08
707.95
448.19
216
144.44
444.05
102.09
228.27
64.89
157.95
173.6
475.04
103.21
783.35
23.9
305.83
337.62
150.6
19.71
59.48
78.68
393.1
235.14
5.33
504.96
656.75
292.56
654.46
229.81
201.94
45.77
297.17
25.25
696.12
539.83
725.12
359.81
302.85
294.78
560.92
512.69
711.26
483.17
105.75
746.9
674.24
617.3
236.09
699.31
173.61
20.41
721.79
748.51
195.98
438.64
139.76
722.43
443.46
2.06
199.43
362.18
596.33
197.47
92.41
345.56
793.62
268.2
441.94
431.52
62.29
211.27
564.31
37.77
496.44
241.23
212.14
668.02
301.6
512.07
477.01
494.32
293.33
619.56
147.44
372.26
432.73
598.53
299.48
503.9
350.17
151.16
486.86
217.16
477.57
454.61
82.02
221.29
392.16
343.1
61.1
744.74
213.29
366.31
273.44
449.28
301.65
89.36
749.81
635.29
45.93
547.72
663.58
361.87
65.82
293.28
85.31
698.49
96.91
361.51
542.26
200.19
164.04
384.58
217.95
636.95
438.54
439.08
771.68
381.88
485.06
756.43
528.11
303.26
594.86
470.92
164.13
134.71
520.71
15.37
182.51
224.99
441.39
662.38
481.05
456.52
127.43
54.04
618.67
746.4
84.53
126.39
417.61
150.44
133.85
26.97
90.86
75.08
545.34
244.71
293.96
528.11
345.41
322.03
178.37
128.62
118.01
499.66
537.74
30.46
550.68
665.5
611.05
444.91
40.9
777.7
775.08
177.4
107.53
244.88
139.68
706.1
32.24
99.2
626.7
54.41
347.97
232.75
702.84
383.79
110.4
694.17
86.5
81.74
157.06
375.83
370.84
755.12
473.13
414.91
337.56
698.61
630.44
621.04
509.64
334.57
758.62
755.7
11
182.63
433.72
592.09
39.05
694.07
784.73
248.17
699.34
175.2
413.96
583.96
298.13
207.46
538.88
564.15
629.09
601.21
426.91
268.36
245.72
45.36
782.75
139.44
403.18
48.85
30.18
774.71
401.19
606.46
148.88
394.54
187.57
459.55
41.45
619.19
671.13
316.59
653.83
669.77
354.04
589.45
219.03
790.05
81.98
578.08
269.98
44.48
562.67
108.82
570.52
70.05
300.15
678.45
311.48
369.38
329.25
643.01
619.7
106.03
27.82
475.04
387.32
509.7
646.14
484.21
189.08
106.75
555.08
216.95
505.38
179.55
294
22.94
514.26
454.14
713.8
598.65
622.92
426.28
732.24
126.25
176.34
78.42
500.27
613.98
288.09
506.33
480.24
730.21
659.96
309.26
774.9
27.13
579.87
199.26
259.27
525.22
696.79
465.72
355.59
786.55
602
577.78
659.31
239.42
112.21
514.16
23.08
13.37
716.31
671.15
716.06
292.19
344.64
288.78
581.52
378.07
106.26
778.81
566.16
342.2
226.49
438.94
647.1
59.87
264.91
28.16
755.12
619.72
697.14
227.73
466.42
535.01
135.66
22.38
699.19
107.87
93.81
214.81
412.23
600.57
127.57
238.29
43.97
368.95
799.09
354.2
617.77
263.58
649.28
585.38
232.17
792.42
316.17
662.28
339.25
215.73
544.99
38.1
423.51
383.95
517.42
254.7
361.1
450.49
248.85
516.54
750.62
294.04
325.99
8.03
230.27
584.86
308.24
493.37
130.3
638.57
145.95
267.25
202.58
719.26
530.75
345.23
258.75
73.95
681.89
201.49
324.68
338.53
300.04
360.16
188.43
192.48
594.64
103.93
356.68
434.13
181.39
732.61
439.01
584.6
518.05
91.97
70.48
557.12
122.94
503.62
738.17
184.25
14.63
797.03
727.88
242.5
213.44
535.12
63.82
501.53
332.48
698.18
780.3
791.65
39.12
156.85
776.69
49.48
28.55
457
62.1
147.97
170.46
182.75
119.43
774.62
26.23
795.18
745.88
671.95
353.87
158.02
450.96
526.88
613.53
739.94
10.55
548.35
768.29
568.74
224.78
356.18
401.05
489.68
116.73
144.4
116.2
743.31
179.41
649.68
40.69
249.14
672.47
116.89
385.5
146.34
337.44
717.19
248.89
204.66
517.94
155.12
663.06
728.06
246.16
718.1
96.2
388.92
653.91
227.22
60.28
288.97
657.81
390.33
416.53
388.43
586.49
391.83
335.1
46.67
539.25
379.76
397.28
486.07
727.44
536.36
732.39
559.68
269.08
67.23
567.86
577.39
703.21
164.62
376.64
415.13
188.6
106.96
373.66
387.71
796.18
289.27
599.07
772.93
660.17
648.25
88.63
673.43
421.69
17.59
399.39
8.43
650.26
218.72
101.88
490.98
566.3
695.88
712.51
719.83
308.62
343.98
99.06
326.35
689.82
117.15
216.51
260.05
24.61
443.5
673.69
640.71
471.57
685.81
691.62
499
720.61
528.43
678.82
174.01
59.62
231.51
91.08
649.33
114.08
144.29
435.84
118.28
266.62
606.5
194.34
506.21
50.16
357.02
380.01
649.5
375.56
272.7
261.34
144.31
600.93
746.35
288.67
97.68
118.54
208.53
457.34
147.18
490.95
374.36
434.73
153.45
562.7
465.37
533.48
364.96
145.84
696.13
350.21
643.94
763.28
494.47
339.95
11.97
574.66
71.66
3.77
360.88
48.93
433.32
598.4
264.2
724.2
749.35
658.18
535.41
352.05
464.47
42.52
359.56
212.82
301.8
540.28
458.04
188.27
667.23
721.05
571.65
39.32
296.72
610.39
498.62
749.53
706.86
716.51
290.36
150.04
524.62
380.74
586.1
346.89
539.24
633.09
685.82
7.54
236.15
118.03
588.77
155.76
319.99
687.84
552.53
153.54
186.26
465.02
635.93
94.04
588.09
788.89
188.57
281.3
61.22
287.76
405.29
402.05
260.68
255.85
154.26
743.2
745.44
78.43
589.67
390.15
470.04
747.8
595.26
167.52
115.83
471.01
525.86
408.61
315.73
494.83
610.73
22.68
273.16
754.82
190.37
219.45
125.11
293.85
200.41
81.98
724.73
453.91
552.64
410.01
702.44
165.6
625.14
491.06
504.65
636.27
170.86
670.02
730.46
464.96
423.71
460.14
528.8
675.25
570.48
567.77
424.25
78.98
601.48
634.92
430.77
145.66
742.21
84.69
525.82
430.58
720.68
754.53
446.89
143.34
453.41
679.69
738.88
82.23
595.8
290.12
535.48
367.88
528.21
52.77
527.75
67.72
728.28
76.48
526.04
138.76
85.59
529.72
332.3
538.37
736.3
96.42
15.22
763.37
756.17
511.45
101.52
223.56
546.21
767.31
741.69
737.37
178.67
731
613.94
576.11
142.69
510.76
531.64
143.8
301.82
666.39
636.16
763.99
528.29
152.23
104.64
447.3
180.19
366.16
326.26
551.6
479.52
740.26
186.48
677.85
5.89
502.27
443.27
541.35
569.61
692.1
50.48
604.94
640.26
565.88
226.75
24.36
552.23
698.89
546.8
212.05
267.36
216.96
321.7
526.8
355.77
310.48
126.95
585.86
510.8
389.96
625.88
775.15
214.24
509.2
725.1
132.29
8.93
623.95
608.06
327.09
158.38
416.84
252.3
724.16
280.09
702.57
28.51
222.21
523.93
87
677.47
434.17
147.79
771.11
655.42
87.47
390.05
24.74
295.56
59.1
329.86
512.33
524.89
494.62
497.77
409.51
337.15
335.5
505.83
476.31
351.1
172.04
491.9
188.47
285.31
222.8
534.4
437.25
463.39
74.96
533.37
409.69
302.98
218.32
239.72
277.81
540.76
159.63
592.31
621.56
769.13
94.28
316.54
179.63
359.76
131.03
311.58
784.78
33.78
407.46
610.2
66.76
378.27
255.77
131.97
181.92
19.81
213.68
319.81
335.27
490.68
3.04
411.47
266.8
441.09
193.89
147.96
86.57
58.56
150.13
578.31
698.22
461.08
287.28
21.77
350.94
639.19
486.56
187
459.57
602.5
759.39
73.41
649.24
664.38
453.61
674.02
741.21
563.21
93.93
592.77
347.03
745.79
527.8
197.85
329.59
238.85
466.56
774.62
553.15
189.55
529.65
161.03
134.64
602.04
716.82
145.34
454.52
475.99
753.19
55.43
610.13
216.33
591.9
375.27
642.87
277.68
29.4
215
462.94
709.84
22.61
675.02
516.95
232.59
734.19
636.87
624.33
23.79
246.83
561.38
308.64
782.15
778.86
395.98
578.89
467.25
717.25
39.11
448.21
469.62
173.57
483.11
95.85
299.88
196.09
461.49
36.21
640.96
536.11
347.81
688.81
203.98
9.95
361.06
367.52
95.27
392.09
626.78
524.1
580.98
485.82
95.71
210.5
722.13
90.58
58.03
318.98
759.37
98.58
625.96
230.06
2.62
553.5
262.61
368.18
548.59
301.17
327.87
688.95
627.4
579.78
518.38
638.75
625.21
383.93
99.97
96.51
130.31
266.3
334.58
150.4
265.27
102.25
115.15
631.76
697.95
133.59
404.93
297.39
94.54
634.74
585.03
464
295.65
279.35
623.35
649.7
647.78
51.25
539.45
274.45
339.83
68.44
604.82
680.34
407.87
188.75
592.93
684.07
531.44
569.35
175.66
672.47
78.89
265.23
185.95
439.87
135.2
14.36
679.12
461.49
431.44
399.58
782.2
377.81
553.76
389.05
294.64
374.58
221.78
97.23
771.42
439.94
50.3
657.16
542.36
465.51
196.39
197.76
561.71
375.56
293.58
207.68
33.08
371.66
389.18
107.07
377.98
374.91
244.7
418.82
288.45
129.81
24.55
580.53
276.93
319.11
265.3
312.65
303.49
701.25
759.83
675.9
716.99
409.32
798.25
71.11
118
73.8
131.27
525.62
365.94
711.64
405.31
134.08
163.38
601.48
214.33
576.81
171.14
430.22
273.11
392.88
736.22
137.85
290.5
244.65
200.8
177.22
448.56
151.14
130.41
310.96
391.76
283.14
510.31
412.85
709.96
194.26
654.64
733.33
78.47
80.28
96.7
594.99
428.21
685.31
125.18
670.39
611.71
212.66
508.91
90.36
284.94
546.36
84.21
484.69
316.77
220.6
56.82
17.18
374.77
331.19
247.63
153.07
716.74
201.98
707.45
299.98
444.84
313.08
608.66
102.2
380.59
296.26
350.26
735.26
297.6
70.9
386.91
735.59
599.83
507.57
570.12
13.92
100.23
570.02
106.56
674.17
412.84
337.91
767.81
568.21
699.91
419.07
66.11
272.55
10.49
454.55
796.17
766.52
392.75
205.12
602.94
380.78
398.37
20.31
610.04
28.54
212.67
189.71
188.21
783.62
308.96
251.64
225.19
616.98
789.59
415.19
462.21
67.01
491.8
106.63
178.67
502.81
111.51
603.46
25.39
613.48
774.5
299.9
229.98
441.58
246.42
357.66
790.03
399.12
242.49
127.94
406.4
615.61
732.74
708.65
317.72
544.39
239.25
667.04
774.85
91.05
374.85
776.92
463.29
453.44
466.15
288.4
244.42
579.03
218.66
3.05
624.6
367.21
578.81
459.73
569.08
725.5
715.28
239.2
252.11
41.59
420.17
327.79
218.5
580.43
569.82
781.01
439.29
305.94
517.78
63.78
434.49
184.31
625.01
410.24
479.21
208.96
544.87
739.34
288.17
514.9
556.3
298.87
329.1
238.12
370.77
216.37
475.46
527.14
549.01
291.42
399.05
609.68
651.48
272.45
163.84
159.3
73.6
771.92
306.37
695.1
701.05
658.05
596.7
555.78
470.14
390.26
13.34
146.11
182.93
758.9
142.46
83.27
419.2
718.32
318.99
115.89
58.62
653.52
637.88
492.04
771.88
256.32
331.11
567.82
305.43
115.27
357.98
742.59
540.47
164.22
599.25
327.32
0.53
336.28
258.99
683.17
628.54
776.21
766.83
135.1
129.42
145.18
612.54
109.86
169.18
502.95
234
465.92
339.3
26.45
304.58
358.62
246.16
319.86
250.67
385.45
1.32
359.91
124.4
109.26
586.09
518.33
441.22
384.3
660.67
726.47
293.65
745.6
614.34
606.3
25.62
716.59
329.16
84.26
500.44
163.48
492.93
629.47
126.22
623.92
410.01
483.99
528.42
674.11
455.61
753.43
265.92
361.19
508.59
219.57
226.28
267.6
18.28
634.96
544.24
392.82
224.13
701.46
728.16
764.69
515.5
642.8
475.92
254.53
673.7
248.06
564.18
100.24
289.97
642.71
125.44
193.69
444.32
674.22
329.49
628.43
625.11
531.84
578.52
94.6
528.84
671.54
797.45
339.32
600.03
370.09
475.85
347.4
538.89
608.63
192.12
628.2
64.2
671.93
115
10.78
23.42
138.35
513.95
346.47
364.13
164.29
40.03
304.32
131.84
175.88
711.16
641.1
27.09
371.06
491.11
651.09
44.7
339.35
584.39
346.2
507.54
279.05
7.58
13.63
731
376.32
54.1
669.88
164.58
585.13
698.92
148.3
50.25
600.04
338.42
83.31
88.74
319.02
131.38
640.6
329.04
588.23
201.01
676.16
567.81
540.68
752.62
554.79
415.21
152.96
32.3
257.01
177.34
291.92
726
330.64
668.93
52.04
570.57
400.79
169.7
643.77
782.05
218.6
76.05
320.49
67.81
236.24
36.5
788.87
692.84
702.12
252.57
799.1
349.46
148.46
323.74
454.48
266.3
479.72
620.42
613.84
749.85
730.55
778.12
551.45
673.11
170.64
195.04
26.81
271.78
290.36
575.96
293.99
66.74
487.93
534.28
57.75
181.38
206.66
764.79
265.01
89.91
706.53
237.56
779.75
486.69
450.93
404.6
572.97
232.75
796.92
189.35
454
270.69
726.11
345.92
548.78
780.08
715.66
688.05
609.96
260.9
698.57
259.9
409.97
675.73
454.36
7.35
543.28
651.21
355.04
489.52
602.09
76.04
246.86
279.38
511.07
141.04
774.2
292.04
357.87
636.21
342.82
724.49
760.16
260.87
443.99
489.46
175.54
412.01
160.25
178.21
731.6
102.51
93.67
91.37
587.73
797.14
31.96
183.83
659.74
350.37
187.45
126.18
737
141.6
776.81
605.27
261.91
160.29
222.11
272.86
116.07
395.17
314.28
794.23
261.63
745.43
306.74
12.91
735.7
263.96
74.87
225.32
493.88
622.22
464.1
82.75
631.49
531.32
761.01
437.49
463.1
631.08
352.38
556.35
391.4
153.63
88.18
179.12
548.2
601.61
219.04
593.04
112.76
99.51
185.29
620.07
361.03
392.51
431.99
120.79
356.15
187.8
264.74
728.49
284.56
474.99
740.08
425.18
25.06
176.44
2.54
158.69
38.46
455.99
763.03
343.04
488.32
739.59
389.25
784.21
527.06
543.3
603.26
212.83
2.49
79.05
220.18
224.18
542.79
267.33
149.51
567.45
240.48
206.01
3.38
54.32
29.32
694.21
181.86
677.74
549.41
238.54
608.85
65.61
417.88
718.76
311.71
486.55
351.24
655.68
732.5
227.23
267.98
53.83
446.19
241.1
150.35
210.83
551.51
573.19
746.51
226.06
183.8
636.92
93.4
694.26
681.2
743.69
151.3
471.2
448.11
682.74
215.99
278.18
580.16
229.82
549.73
696.17
212.47
370.08
682.63
229.24
58.58
799.29
56.03
470.51
661.75
82.32
386.61
183.46
731.6
92.36
580.48
651.6
295.93
596.87
98.82
491.62
700.56
25.04
761.44
346.26
345.89
752.94
130.87
336.47
519.67
159.58
613.23
670.41
368.17
106.65
204.24
633.29
449.28
316.67
760.74
667.24
233.07
137.41
717.72
140.07
336.31
85.12
201.52
261.92
8.39
602.82
202.55
588.74
538.98
253.88
776.65
588.59
58.8
415.06
322.29
394.51
688.29
36.98
185.85
288.48
396.3
49.43
734.62
206.24
767.54
748.9
586.54
151.22
170.96
38.31
200.71
112.17
195.44
710.89
696.52
460.2
376.04
51.5
553.48
306.68
531.52
380.01
722.34
114.2
430.16
607.09
527.59
565.77
710.56
612.19
769.73
47.16
520.8
387.53
10.96
653.33
687.68
38.12
75.51
597.03
746.9
400.2
484.21
78.55
44.87
546.55
214.65
778.34
285.38
652.87
355.63
73.47
745.89
435.53
296.93
292.29
408.19
346.38
35.93
187.87
575.29
24.44
753.67
768.92
98.69
474.89
407.94
529.53
789.38
243.4
284.65
436.52
670.14
710.56
426.94
248.63
47.43
443.73
296.74
686.06
735.04
345.15
440.11
224.83
187.24
759.37
416.48
269.99
15.76
123.25
36.97
415.6
153.41
307.06
103.49
683.17
384.1
342.34
239.54
498.75
412.71
560.77
211.37
308.79
465.18
707.53
304.73
526.26
497.68
475.27
756.8
658.34
250.11
675.46
230.83
214.68
201.63
457.68
185.18
440.28
99.14
318.53
471.99
397.95
113.45
487.67
498.56
456.92
178.65
4.38
298.76
317.7
759.09
340.9
555.89
114.45
397.95
603.72
322.22
228.98
83.35
660.71
650.28
235.61
441.66
591.38
527.75
124.06
668.52
82.33
215.3
317.05
42.07
455.45
472.29
43.05
96.26
14.08
128.2
122.82
357.68
134.28
382.66
555.38
556.9
82.45
476.33
21.56
655.67
518.23
465.2
612.58
739.84
669.87
535.43
787.48
310.96
598.12
579.14
416.43
778.85
655.94
223.52
485.09
724.17
129.69
587.32
405.45
721.18
234.37
66.22
312.92
284.16
694.1
161.51
249.37
230.88
174.77
510.88
561.52
407.64
171.51
531.96
530.03
349.47
519.74
361.43
400.63
663.69
316.53
322.4
518.43
746.26
135.03
94.44
556.19
639.27
490.01
676.52
412.42
98.47
698.13
602.94
739.98
40.62
44.32
99.62
417.59
647.43
65.91
129.32
684.88
96.23
332.2
318.94
558.47
503.21
365.8
585.89
143.76
578.75
696.05
692.38
415.63
34.17
15.04
93.11
171.51
749.88
163.59
557.18
768.07
436.93
12.85
165.08
368.81
562.21
560.13
196.15
740.74
765.98
624.61
499.64
64.89
624.87
347.38
635.5
549.47
479.41
428.2
246.35
244.2
678.34
478.74
113.16
148.34
566.43
68.46
430.21
249.89
384.56
308.97
711.47
766.71
86.7
177.11
180.97
760.24
11.67
255.53
324.15
210.44
411.06
134.83
790.34
645.6
178.38
98.71
758.6
376.25
637.31
205.98
45.37
469.48
395.54
315.76
187.77
746.89
469.31
215.61
499.68
159.26
63.8
536.71
148.32
436.62
611.66
26.92
122.78
17.62
78.16
412.08
200.69
282.21
639.87
576.04
506.22
288.72
22.72
385.5
168.53
546.7
204.14
298.74
101.03
90.11
275.45
61.78
269.58
225.23
186.32
792.24
655.96
287.66
5.9
503.82
733.5
60.08
327.49
669.15
439.16
556.65
239.8
105.7
622.42
497.14
567.54
197.64
298.55
388.94
196.56
454.34
12.9
436.11
27.88
141.44
244.03
520.58
444.59
80.82
20.86
98.6
417.77
620.48
124.65
731.21
57.61
504.93
369.69
601.55
400.91
741.16
96.52
756.31
599.95
164.05
699.26
77.73
528.36
268.66
766.15
77.81
186.41
559.43
234.05
238.57
98.16
396.14
688.88
488.88
256.24
34.56
519.29
644.84
515.34
249.6
672.3
579.68
148.97
615.01
20.87
706.67
403.39
663.45
745.77
385.49
120.85
742.27
495.91
81.56
420.34
715.26
11.56
700.84
81.45
591
302.73
609.56
384.45
335.67
378.57
794.25
282.68
626.64
268.52
300.53
580.08
247.29
374.38
265.56
358.61
779.34
465.1
190.04
597.02
12.41
285.34
270.56
278.42
575.19
780.41
432.27
341.5
590.67
508.28
333.63
365.62
445.07
307.97
528.06
241.52
755.27
254.68
352.42
315.44
174.81
236.83
276.99
606.02
67.05
380.51
594.98
232.14
526.55
698.55
439.35
242.4
652.59
390.4
88.21
365.7
742.42
359.89
557.93
23.3
267.55
51.81
24.26
437.68
504.62
21.55
648.2
514.37
169.33
180.83
735.03
580.57
297.88
81.31
35.88
201.13
178.61
395.24
360.01
530.95
711.35
684
562.28
435.48
511.76
642.65
761.98
95.51
762.61
210.05
358.03
351.74
81.5
407.7
151.39
382.36
796.97
305.37
136.54
420.49
362.85
97.79
321.33
55.52
89.31
516.33
777.27
572.62
15.01
476.23
369.36
203.24
387.68
409.19
124.77
278.68
42.2
479.22
170.71
473.46
163.42
684.29
163.82
500.96
430.27
683.58
362.58
369.13
110.8
599.06
420.17
338.72
495.69
61.55
625.3
68.96
52.29
306.81
63.59
292.49
46.77
224.32
542.28
440.17
22.67
192.09
158.14
216.14
386.26
604.38
353.36
405.85
796.67
140.79
423.9
86.54
790.71
662.74
582.82
101.74
442.98
41.22
415.55
662.73
0.67
440.97
69.77
648.12
158.91
80.06
607.07
164.1
524.47
539.21
497.51
199.53
435.45
322.51
688.32
659.26
661.63
343.82
582.23
194.38
716.92
99.27
433.6
250.44
362.82
689.59
365.52
770.99
621.77
174.37
518.67
424.54
619.62
230.83
666.62
728.38
183.36
283.04
426.68
108.76
11.26
793.35
580.46
66.2
272.98
382.8
205.58
27.91
718.96
412.41
324.72
282.56
351.19
406.05
712.73
17.72
430.78
472.05
45.74
472.28
298.23
30.35
460.66
181.59
657.97
145.65
301.5
348.43
303.06
29.28
594.75
400.13
412.2
363.41
25.7
634.92
627.43
50.44
731.24
40.78
60.87
239.75
609.84
238.9
473.26
499.56
627.5
577.3
521.88
251.57
324.93
647.5
277.69
675.01
267.99
279.91
312.7
556.65
447.98
571.53
375.59
777.3
39.2
210.38
286.8
608.56
544.32
34.28
367.19
445.58
308.24
174.95
146.15
161.1
579.69
715.82
750.9
42.56
188.17
4.41
3.52
405.95
629.47
200.86
592.17
339.88
22.91
357.68
442.06
252.02
180.24
734.43
771.45
231.33
329.99
772.07
535.81
368.98
83.48
658.64
617.1
790.64
486.91
755.68
431.63
85.48
523.26
738.97
459.23
526.79
439.39
623.82
174.31
111.53
413.47
67.57
101.87
748.8
410.46
331.67
37.87
300.66
100.38
58.01
626.3
358.39
617.3
544.42
391.81
757.95
325.92
261.45
206.04
521.96
668.52
558.54
228.35
778.19
504.85
699.07
117.97
641.49
119.24
769.54
148.38
94.03
104.29
526.19
132.84
53.06
357.81
373.73
253.74
4.28
577.19
625.34
22.09
765.86
410.51
327.08
770.68
210.05
484.26
500.59
261.38
336.06
694.53
570.37
521.73
769.83
59.03
756.93
119.31
477.14
587.27
49.69
140.78
149.12
138.08
57.98
567.97
433.11
761.14
233.02
535.29
532.41
91.84
388.6
137.16
304.98
269.65
696.5
384.04
613.29
501.76
85.94
33.76
695.07
434.29
397.36
582.07
278.03
531.7
195.03
772.72
786.24
203.69
415.31
137.88
305.98
266.77
140.36
111.14
290.21
519.91
237.4
496.6
193.49
511.42
533.21
624.5
382.45
549.98
710.18
355.67
238.69
474.92
587.22
774.83
786.63
753.73
55.94
278.51
339.88
291.9
680.83
233.71
252.12
710.36
752.01
732.14
363.51
439.88
583.52
495.2
255.03
29.31
655.59
7.84
765.45
128.99
415.86
24.89
151.93
661.9
61.01
159.81
98.82
453.03
561.27
147.09
679.85
581.39
21.3
530.95
726.17
202
133.98
16.07
56.03
471.44
11.47
22.23
582.53
71.29
513.95
541.29
502.23
673.09
425.23
327.36
473.12
18.74
147.64
781.3
265.03
612.42
636.14
402.62
692.99
446.25
548.78
575.78
423.7
30.87
579.66
642.82
268.81
77.97
184.44
387.6
604.72
297.27
258.39
630.77
385.84
705.13
651.54
486.16
294.91
603.6
635.44
708.19
23.54
107.58
409.65
778.97
76.21
527.17
103.09
237.61
50.15
36.33
367.32
396.16
294.55
306.19
141.56
626.69
497.17
297.83
390.53
537.83
427.27
293.63
541.62
778.1
786.06
181.76
625.05
385.62
648.27
534.43
428.01
735.55
746.31
450.24
331.8
203.16
407.87
682.94
200.23
411.44
14.96
551.65
579.6
589.9
492.85
521.97
733.88
178.81
446.54
136.09
689.31
675.18
508.75
678.83
622.16
461.81
11.53
715.88
247.44
511.63
443.34
104.88
432.78
386.58
75.24
198.73
567.36
535.76
623.64
758.42
657.09
389.47
720.07
620.68
492.58
108.1
460.71
490.22
710.62
306.12
91.78
55.74
587.31
770.06
403.53
404.53
404.38
51.09
116.85
47.31
393.66
13.31
684.63
690.06
60.43
695.42
635.89
25.7
358.08
411.73
794.11
440.71
105.34
782.86
442.37
639.43
245.47
580.54
618.44
490.48
789.07
752.95
178.16
114.3
302.29
89.96
382.02
528.46
146.4
101.24
96.84
305.56
315.13
66.64
255.78
227.51
683.6
258.08
630.27
524.95
360.17
368.45
289.1
253.94
346.92
107.95
515.91
714.01
281.5
474.38
30.8
230.7
709.91
708.57
328.39
99.22
501.2
599.24
108.92
102.92
747.22
79.65
771.01
389.38
499.68
260.01
237.96
15.31
71.8
576.02
734.47
100.57
386.96
679.7
785.97
398.64
229.13
654.29
686.2
154.47
747.8
709.91
69.41
594.85
139.46
771.39
407.92
627.99
538.28
734.68
143.58
112.27
242.16
726.57
227
736.85
762.44
741.94
367.54
37.23
103.14
430.85
6.52
390.05
632.98
155.42
215.54
712.81
323.65
264.81
484.73
612.38
587.37
641.84
197.21
637.91
516.06
676.1
90.67
472.93
724.14
174.34
695.54
612.95
732.29
393.2
77.34
323.78
287.26
209.03
98.83
201.77
734.49
162.98
322.76
745.66
252.93
224.96
740.35
178.41
33.77
568.01
749.02
466.57
204.29
507.16
593.22
46.96
646.68
678.93
587.22
484.17
346.64
18.24
505.64
684.65
22.23
516.5
677.98
693.09
207.3
606.33
709.94
695.82
7.59
771.85
681.91
778.29
467.19
280.92
755.18
108.78
666.12
789.07
669
222.85
36.65
485.9
497.94
490.39
437.58
214.07
434.65
771.4
543.24
688.9
364.1
65.85
268.31
504.9
502.98
463.06
713.51
281.84
288.12
542.64
527.33
311.97
579.16
426.34
661.92
37.76
6.19
407.76
68.57
621.97
270.72
554.97
527.83
754.72
238.07
629.47
581.15
181.9
595.19
46.27
462.46
700.3
606.38
570.93
479.8
489.43
477.92
705.81
101.88
682.66
597.55
67.43
463.75
98.67
747.9
238.4
770.96
426.29
52.41
59.21
223.41
765.39
436.74
585.17
487.46
784.08
313.05
103.8
444.58
308.47
340.97
729.01
312.09
170.3
482.91
334.19
50.95
532.68
109.23
620.53
772.92
728.65
173.39
265.26
68.56
724.84
228.03
64.6
233.33
149.48
603.37
51.12
457.3
126.14
148.08
520.29
734.91
204.22
318.3
45.39
685.94
113.77
567.23
55.82
449.53
469.21
16.69
597.99
558.32
438.5
26.63
424.55
192.97
396.12
458.65
622.77
163.51
256.58
436.77
180.82
11.86
783.26
233.85
493.43
216.37
156.05
547.54
785.77
118.1
587.52
699.43
571.14
506.74
250.74
258.52
82.95
72
689.27
187.93
312.54
70.39
264.93
761.13
32.32
492.12
225.06
502.59
532.82
298.96
41.45
408.84
239.2
371.06
324.95
761.92
145.62
626.7
331.35
140.92
612.44
256.14
207.65
610.17
231.8
581.43
515.87
167.31
713.65
779.73
500.34
515.98
665.68
749.69
178.62
498.24
614.13
156.05
263.71
228.25
793.34
312.04
93.06
195.88
167.48
382.62
129.53
581.8
699.97
236.69
373.65
617.44
530.51
700.69
657.13
642.01
459.77
199.22
710.88
188.86
44.42
582.76
39.03
508.6
517.84
440.71
144.18
681.67
782.25
654.74
645.06
197.71
9.56
225.84
463.88
191.27
13.15
705.42
311.31
743.7
682.54
289.16
187.47
164.98
479.97
17.48
209.64
4.26
347.93
448.1
498.06
766.19
173.64
165.08
545.89
199.07
737.17
138.26
717.92
157.3
462.99
281.23
390.64
41.37
278.19
717.43
571.86
620.2
534.03
290.22
623.23
105.5
269.13
281.96
632.03
509.73
608.05
295.03
71.42
263.64
548.16
428.81
713.51
627.85
213.41
30.05
652.4
254.2
196.57
300.45
335.54
631.59
755.96
576.9
368.88
477.27
444.21
273.74
406.08
266.14
124.29
9.55
185.8
36.18
114.91
557.97
666.61
135.75
664.88
577.16
375.93
491.56
11.89
377.29
160.3
338.62
739.38
587.93
490.29
117.92
700.81
182.67
111.92
775.13
549.36
168.76
420.42
555.44
434.82
490.99
21.43
562.62
148.73
659.5
532.13
689.72
121.4
711.62
593.54
222.12
669.48
361.88
241.19
30.3
8.1
101.84
190.01
246.15
619.96
699.21
304.81
20.49
754.91
666.91
130.76
272.54
731.87
221.22
26.33
223.97
211.13
763.76
162.73
624.68
136.01
25.99
499.09
641.18
277.25
620.72
270.39
437.45
72.69
455.76
752.73
245.56
247.02
194.24
700.55
512.38
649.14
92.37
781.59
651.72
613.37
442.27
669.96
224.08
78.86
155.32
159.95
590.98
307.64
168.91
632.77
604.22
591.23
31.86
425.96
630.23
442.91
764.64
493.38
160.65
176.24
675.48
220.74
738.68
406.52
131.32
459.28
135.02
711.57
368.1
485.56
153.25
131.17
13.86
603.65
759.6
630.28
654.94
378.19
719.48
601.02
135.51
668.92
411.72
531.39
454.25
340.66
654.42
175.25
45.29
630.01
609.08
367.1
190.9
81.24
633.96
613.62
732.36
458.91
614.49
285.28
244.01
145.05
724.29
230.34
723.6
125.39
219.39
627.06
542.79
543.83
105.44
584.74
640.67
559.88
370.49
204.87
664.94
715.49
557.1
426.17
145.2
288.85
56.14
784.22
37.58
283.92
648.88
265.02
192.86
257.45
513.4
666.05
778.75
203.38
685.82
261.41
799.56
123.94
686.81
22.62
510.95
249.84
416.43
399.88
136.28
750.94
510.83
113.7
96.54
641.43
159.82
130.38
657.7
795.18
673.04
664.45
306.99
708.46
622.68
323.31
624.92
345.68
255.18
676.4
280.25
762.02
314.99
457.15
520.94
25.61
441.55
315.01
116.62
157.73
677.17
568.55
491.18
15.48
150.09
399.58
582.28
295.66
643.41
375.02
765.45
181.45
213.81
568.26
393.63
418.05
264.28
14.59
467.66
479.85
310.29
627.15
525.89
327.49
116.27
187.43
366.68
299.93
187
312.81
703.39
537.48
615.43
332.97
489.47
758.06
708.1
771.53
28.39
623.61
423.18
142.92
372.77
449.8
389.83
214.79
26.8
562.96
398.3
780.77
332.37
560.2
433.23
380.09
704.47
658.84
100.94
656.53
68.27
594.05
374.9
187.26
103.68
292.9
234.97
757.65
748.51
30.66
80.18
2.08
667.48
0.97
321.94
648.31
628.27
530.98
49.29
509.23
194.22
456.22
269.41
350.94
249.01
317.14
324.57
364.94
696.74
708.31
440.61
606.25
347.51
465.19
595.03
136.75
727.06
221.96
132.05
261
434.27
706.1
697.53
641.59
317.24
407.72
755.06
161.09
472.29
774.84
696.5
148.16
640.81
496.21
579.76
650.02
198
690.46
275.41
520.82
352.55
789.39
166.98
767.61
326.56
200.32
493.54
405.18
269.04
370.47
214.14
350.96
721.23
594.87
518.09
197.15
360.44
637.93
475.8
281.25
106.72
86.99
710.61
527.12
443.12
129.72
349.07
605.18
191.79
99.15
193.24
240.44
581.42
116.05
395.96
197.15
612.89
589.57
276.11
772.02
125.29
292.01
46.03
376.74
41.35
385.95
308.59
704.76
688.24
448.02
185.49
702.31
489.73
480.48
601.8
391.63
234.58
608.36
718.97
789.44
279.28
682.71
113.36
382.53
166.52
762.42
472.2
15.05
177.82
465.86
626.26
467.88
579.93
83.25
451.4
9.36
59.84
139.96
490.72
205.86
9.42
651.9
373.93
106.96
391.51
484.39
777.57
425.47
279.99
72.66
363.1
205.58
486.29
180.15
312.11
557.23
561.19
38.53
447.88
751.87
715.5
766.24
639.12
773.09
126.08
323.38
692.03
143.45
350.82
607.54
37.33
668.28
85.2
136.94
713.01
614.82
292.68
502.33
403.73
115.03
642.38
440.41
794.94
624.42
93.25
324.21
143.05
635.07
10.8
402.99
133.24
43.79
599.19
166.44
661.32
377.88
28.37
386.73
512.47
248.08
8.13
206.3
395
87.15
744.77
260.02
224.53
215.53
234.54
563.98
632.8
71.41
275.52
200.25
286.88
658.26
202.68
467.42
177.34
332.45
614.74
682.92
608.16
609.78
524.02
478.03
498.36
199.96
635.44
25.72
88.05
361.32
734.81
226.85
261.09
65.56
542.52
300.66
107.81
733.19
526.86
516.68
165.91
216.71
240.81
347.34
508.81
177.96
256.53
194.03
314.35
370.13
197.28
22.81
600.15
354.46
377.82
702.72
614.17
124.21
710.81
529.83
86.86
286.4
537.03
353.76
632.25
369.85
237.35
712.82
60.2
581.58
503.92
663.56
657.79
776.06
587.93
707.47
573.11
59.97
731.86
476.47
331.27
140.83
117.84
469.02
336.25
222.38
450.66
671.77
366.06
169.51
462.8
635.43
287.87
97.21
701.82
425.22
304.89
734.17
676.12
145.67
694.8
472.47
103.13
694.26
412.54
616.67
705.31
638.46
251.29
9.22
406.97
738.08
384.29
39.39
22.59
368.71
543.09
559.63
797.63
234.88
623.65
525.7
454.72
702.02
649.88
358.57
488.93
153.52
511.67
560.82
321.7
657.82
544.34
116.99
250.48
529.3
765.89
256.94
101.6
44.65
798.16
746.77
158.75
411.07
174.49
461.32
528.25
556.89
376.29
192.91
286.93
790.65
452.21
708.27
347.43
369.09
713.89
652.17
366.82
628.28
646.18
491.29
606.32
93.12
376.24
759.64
703.41
748.03
426.68
595.85
404.71
784.65
263.32
446.53
508.24
344.56
300.18
749.92
227.25
647.47
661.37
35.59
177.31
659.38
12.17
773.23
379.86
482.74
397.12
13.58
229.01
568.41
738.68
699.63
622.44
118.85
43.09
643.28
762.19
717.47
195.17
358.7
610.86
330.47
302.11
98.59
532.71
546.71
35.81
508.37
721.13
642.4
332.7
155.68
715.15
563.28
557.59
583.87
484.73
370.17
778.95
536.64
295.92
236.5
11.08
589.43
442.32
23.45
755.1
326.31
406.33
610.51
389.03
454.66
258
155.78
758.06
452.48
488.09
430.37
380.36
799.68
499.64
223.94
795.32
639.69
477.58
285.55
613.59
506.63
596.32
779.56
746.88
565.17
545.69
356.26
492
702.38
417.93
71.79
433.63
582.74
602
708.24
383.18
692.09
60.36
455.4
537.38
512.89
353.16
435.92
208.12
102.97
5.69
589.73
277.06
630.6
342.2
21.92
605.7
699.31
797.61
503.42
172.39
750.54
405.54
113.3
135.39
740.49
107.48
92.52
539.9
307.13
416.2
225.49
427.76
386.8
504.07
701.79
610.01
310.32
397.84
2.35
57.12
541.03
794.33
52.58
369.75
282.99
301.63
568.63
282.63
398.55
424.51
539.95
673
322.8
790.73
784.52
500.44
525.64
280.27
490.44
797.31
367.92
142.79
666.71
305.27
433.36
348.34
772.34
684.25
540.39
716.88
689.05
529.64
192.92
385.18
611.43
792.61
612.89
178.56
172.71
341.26
311.04
740.62
470.95
186.22
598.17
715.08
796.8
676.97
700.62
199.66
462.99
572.84
488.75
322.7
65.42
616.9
359.77
733.86
734.51
227.89
505.79
190.16
90.15
677.04
328.54
258.98
643.68
571.2
157.03
589.99
343.17
452.91
293.59
633.53
12.28
358.36
672.19
509.62
526.06
308.14
499
712.85
181.08
764.89
769.41
107.01
511.03
699.48
209.26
482.04
308.26
548.82
508.94
512.82
668.41
499.81
383.46
65.52
490.53
108.3
463.88
42.58
355.66
405.84
291.75
22.34
46.83
438.48
337.96
92.43
795.6
265.11
509.86
75.58
702.44
590.4
543.07
449
195.33
485.46
426.29
703.59
669.71
530.38
714.16
783.47
210.67
188.81
11.91
707.68
474.77
771.53
0.64
141.3
420.37
379.4
66.95
773.46
69.27
247.79
258.93
159.06
136.83
497.37
578.88
692.16
383.75
55.18
99.69
454.37
477.56
116.09
233.87
268.36
137.09
207.18
115.52
755.04
382.01
748.53
548.43
631.64
2.11
317.92
110.71
429.42
664.75
722.4
409.08
335.45
293.22
556.39
696.62
289.65
750.59
607.2
197.1
735.73
705.89
205.65
453.16
46.66
348.22
561.43
663.41
153.17
496.16
728.75
30.11
584.26
113.86
109.75
716.1
573.29
324.02
582.81
486.01
430.9
766.77
794.15
222.12
501.57
524.84
182.17
285.08
539.74
753.4
188.07
114.77
157.7
458.38
15.99
728.78
574.95
28.7
71.98
190.59
728.47
551.13
631.68
150.21
10.57
30.48
204.84
45.58
555.51
245.57
636.23
473.62
464.57
338.15
513.38
445.59
23.35
223.23
221.73
420.29
660.18
502.42
640.72
42.19
637.39
25.39
515.02
458.25
236.98
116.53
592.67
644.66
341.38
649.57
434.26
325.71
543.58
543.77
252.38
466.39
792.52
542.55
744.75
766.68
145.25
532.19
574.66
18.66
724.46
72.2
229.45
159.57
672.85
404.38
746.52
765.95
47.5
323.43
702.07
9.46
65.68
39.13
716.32
461.64
103.43
321.48
99.57
176.07
2.87
350.14
125.58
96.37
694.14
96.11
110.77
635.56
77.92
555.39
796.17
716.68
656.74
486.81
696.33
498.73
227.76
703.89
730.62
319.73
780.09
522.62
530.33
358.33
164.18
746.01
349
39.95
626.98
421.14
351.43
79.53
280.69
309.78
748.1
427.54
553.35
710.49
430.42
523.36
277.94
414.25
128.92
520.5
231.21
639.63
461.22
668.98
560.14
320.01
70.68
319.05
790.11
150.59
724.7
573.9
372.85
497.55
476.72
623.26
71.85
143.17
433.96
214.33
579.76
448.69
29.07
450.88
512.8
120.49
177.03
713.23
262.77
104.43
677.14
486.07
676.56
695.07
632.52
233.01
190.9
98.15
420.92
532.58
590.38
167.29
447.36
351.99
586.4
161.82
649.7
697.42
67.13
327.56
389.08
682.27
335.63
591.46
494.6
728.12
155.59
324.69
577.72
25.12
358.89
180.86
722.99
246.05
493.96
7.58
204.03
320.15
233.54
491.5
297.1
335.69
277.71
181.19
521.95
358.23
719.27
15.87
47.32
440.56
758.23
16.71
292.46
184.97
615.76
172.25
730.7
5.48
333.15
565.36
639.86
76.5
535.09
285.29
620.45
771.41
445.44
175.48
505.64
383.92
639.95
170.71
416.01
616.17
573.38
415
84.56
184.11
49.27
262.26
160.82
15.42
776.53
664.31
160.16
626.56
346.57
420.73
221.47
220.29
418.34
413.66
637.45
334.57
375.43
436.7
306.03
187.11
168.98
370.42
161.78
779.24
326.38
228.98
709.14
697.34
433.35
648.07
171.34
707.7
303.89
676.87
399.27
471.47
406.88
130.45
671.82
637.25
203.5
410.03
216.59
760.21
387.1
463.15
593.34
72.64
758.45
48.83
74.15
720.03
364.73
310.08
193.36
655.55
416.58
597.69
761.44
546.75
94.8
546.86
462.69
205.27
503.31
647.48
136.97
701.02
795.4
95.54
444.02
409.85
61.65
151.29
281.57
185.85
75.61
718.08
410.73
721.9
528.79
25.69
603.83
205.64
204.46
617.75
619.3
311.01
250.16
400.16
353.96
208.01
654.95
463.65
692.15
41.17
667.07
767.84
564.99
473.23
139.9
63.85
624.26
53.37
332.38
761.34
92.94
30.07
725.39
616.18
48.09
597.21
661.52
323.75
37.59
53.08
286.51
748.42
264.2
473.59
142.73
661.72
245.8
743.34
174.23
562.78
597.2
129.86
224.39
188.07
253.72
345.87
733.13
497.45
631.02
188.31
492.78
196.71
459.28
474.8
112.23
170.99
315.73
190.17
179.08
321.76
137.49
729.72
219.46
566
545.42
443.54
67.39
537.33
13.15
111.71
659.6
491.2
563.12
602.95
357.99
256.39
604.67
317.4
774.59
114.41
647.12
98.69
415.38
353.41
248.7
734.12
594.43
491.26
743.72
169.1
565.71
68.16
551.31
357.15
471.67
586.86
245.96
722.1
67.27
489.3
440.25
636.63
254.01
636.31
306.5
365.09
354.92
522.92
787.15
790.64
646.83
125.47
364
605.21
587.37
28.59
390.02
602.07
283.65
154.22
657.97
65.45
459.24
213.42
103.78
584.21
87.77
268.7
215.83
775.93
215.28
281.45
619.73
136.97
51.63
745.92
746.38
710.07
643.77
107.5
764.61
128.49
216.18
335.21
113.61
121.46
694.94
746.47
423.7
783.36
87.95
792.3
472.4
306.84
628.44
369.92
46.73
297.17
125.7
283.8
704.05
542.09
465.68
194.71
713.99
4.16
66.39
59.31
94.86
433.56
235.49
178.82
32.76
336.15
415.41
679.78
696.7
791.54
276.7
348.7
410.5
199.96
785.29
702.05
602.47
257.55
598.22
336.42
248.67
637.82
372.71
457.98
123.75
104.22
265.01
210.33
71.13
668.06
82.48
350.73
184.01
529.02
530.08
426.87
553.45
696.03
518.89
432.73
686.18
237.05
242.13
416.41
455.35
341.78
211.75
672.65
162.95
535.5
101.45
686.8
603.79
387.32
232.56
344.35
295.66
166.59
482.36
713.91
480.64
224.85
676.15
291.42
301.45
341.07
214.79
501.99
344.37
133.96
455.11
660.8
290.59
742.9
408.76
23.97
701.62
707.7
216.77
31.16
455.67
414.1
427.49
314.88
624.46
21.06
247.43
667.03
580.76
754.95
377.71
663.61
580.01
100.89
177.4
243.05
602.91
83.96
195.02
176.91
49.65
736.9
34.11
793.49
637.79
139.4
79.91
413.58
368.07
522.93
325.2
572.13
196.61
778.23
467.48
111.42
378.5
407.58
150.29
532.61
326.06
460.31
413.24
505.44
675.33
287.07
541.83
338.75
355.74
44.24
475.97
430.67
652.07
415.1
217.82
692.97
312.57
394.74
475.63
531.57
263.97
569.54
128.87
137.93
500.66
325.93
557.43
428.22
304.43
408.73
118.07
273.21
559.57
720.61
244.04
406.86
216.06
658.68
18.87
305.87
651.03
422.83
102.23
546.86
343.44
392.82
568.04
250.89
486.94
134.16
330.55
549.03
320.06
631.26
32.04
479.44
726.65
93.41
17.86
10.77
189.39
779.17
319.4
329.63
571.19
170.73
4.75
485.51
475.44
113.35
380.38
201.86
327.94
738.24
52.99
223.01
276.34
235.17
544.13
344.05
608.18
641.77
89.52
242.12
295.29
312.65
792.31
131.79
513.06
656.15
354.64
257.43
339.53
435.34
762.87
481.55
198.46
661.21
676.82
797.23
796.08
306.63
676.91
260
432.88
597.32
499.23
481.94
281.34
418.72
379.08
630.83
650.2
465.12
386.08
604.94
60.96
284.42
127.18
270.58
301.54
29.9
611.51
349.1
746.94
388.11
647.87
233.55
117.39
332.95
268.92
190.04
60.88
146.57
138.54
693.29
685.7
294.15
273.07
203.47
328.92
131.1
432.94
562.14
132.51
175.03
74.09
158.27
246.2
497.11
577.18
476.31
94.24
583.53
123.57
340.91
552.07
663.11
522.43
140.23
290.81
769.89
286.84
302.53
283.48
615.05
286.22
719.2
178.16
390.51
290.59
233.22
447.23
111.92
59.68
793.63
652.89
3.04
380.37
26.03
754.74
109.95
476.26
326.24
523.93
316.01
728.39
694.61
346.85
621.2
629.5
664.97
159.32
378.14
714.21
71.96
738.09
88.21
506.09
110.21
221.47
40.63
578.92
788.97
797.79
512.13
547.53
336.17
161.52
466.67
526.58
562.84
673.25
782.17
450.74
672.45
80.76
679.75
188.62
592.06
51.93
676.79
209.63
672.69
669.32
199.67
168
74.57
221.77
406.83
274.27
501.16
64.74
317.27
747.33
103.3
453.45
331.6
88.38
6.17
750.67
190.89
265.22
258.7
23.22
204.82
764.59
770.52
668.93
435.35
626.99
305.12
783.64
654.26
679.09
795.55
566.86
703.23
479.76
342.62
532.78
703.47
121.68
444.18
623.55
455.44
218.73
470.3
181.47
322.68
67.65
797.42
441.38
8.95
417.35
101.7
738.15
496.51
667.96
87.16
707.01
723.42
542.66
752.55
312.83
192.08
652.05
486.81
290.62
98.62
295.32
126.24
687.46
257.93
165.71
290.91
222.68
111.79
722.15
209.21
780.27
541.66
87.49
57.54
255.83
655.83
610.26
519.77
633.27
47.14
646.3
330.28
103.9
687.26
222.67
226.02
497.96
154.29
614.08
415.88
735.54
13.76
601.6
442.4
237.9
90.05
247.03
96.56
779.2
75.53
169.08
2.91
529.84
387.33
25.66
45.57
323.76
248.57
216.22
660.46
609.97
30.77
636.33
377.71
63.57
132.35
1.19
743.89
599.71
254.17
158.73
182.4
727
314.01
76.81
503.63
736.14
499.43
99.03
787.67
172.89
782.97
663.67
697.88
250.94
662.31
563.14
378.36
618.68
5.89
211.65
581.1
300.44
759.42
414.82
392.37
785.23
446.15
676.87
328.92
773.01
404.62
473.63
613.94
429.33
113.08
282.71
775.32
638.75
736.13
746.78
772.79
442.96
698.57
686.64
485
173.77
404.71
546.05
21.72
477.24
200.18
567.56
713.26
466.42
48.66
610.43
117.95
466.43
643.37
369.18
311.75
445.16
103.58
478.6
488.45
430.45
431.81
793.99
687.01
318.57
665.58
724.61
435.35
22.61
397.77
753.08
617.75
502.2
8.56
68.64
275.31
597.59
255.92
25.69
367.97
564.39
215.42
755.94
575.4
648.28
552.99
136.06
474.63
151.13
439.54
518.72
462.16
728.89
387.37
169.28
594.86
414.68
466.84
640.59
762.2
568.24
41.98
399.49
766.99
574.9
630.2
360.74
678.03
113.73
704.4
266.88
709.84
151.52
489.57
284.32
679.14
566.42
349.07
197.68
616.75
263.23
125
651.13
398.28
709.9
329.61
797.55
648.77
654.79
591.05
779.52
578.72
494.08
458.34
555.72
733.88
19.85
584.67
128.35
41.01
741.51
328.29
398.26
771.01
51.64
552.67
77.01
674.06
235.87
439.05
327.24
696.92
57.1
633.87
273
435.66
277.32
659.62
746.06
721.4
581.86
690.46
199.24
650.14
164.95
237.45
272.68
152.28
625.64
682.34
238.9
458.68
562.22
691.53
239.97
593.96
98.89
618.05
301.29
322.53
337.15
756.24
147.16
628.58
611.26
446.39
344.48
412.61
60.15
748.96
4.22
664.91
625.73
634.75
563.54
109.74
134.98
243.7
306.62
647.85
508.74
367.91
170.53
159.04
18.98
86.58
230.11
96.37
738.35
704.3
271.6
531.2
494.8
552.58
397.92
330.42
165.25
628.39
338.87
576.25
625.88
565.75
718.69
667.19
533.77
331.03
450.6
168.84
626.34
791.76
166.86
311.43
259.67
275.29
740.07
394.59
262.89
243.75
766.85
592.37
35.5
372.41
653.96
312.61
78.44
272.91
463.9
778.01
242.37
596.15
720.77
175.87
401.85
533.01
242.3
426.56
352.8
370.21
237.6
21.28
581.22
651.85
39.34
636.87
336.93
27.05
769.09
521.28
162.19
280.43
250.29
329.31
623.56
393.16
26.26
485.27
524.55
730.31
191.55
695.6
290.8
174.3
182.24
173.68
66.54
675.74
707.95
463.98
535.71
456.33
388.67
450.7
567.45
726.97
183.74
705.77
614.57
689.69
429.88
59.44
624
57.61
641.91
548.16
337.22
15.99
663.83
227.33
568.25
96.86
220.58
439.46
173.54
388.32
261.71
591.28
81.03
118.64
571.69
20.66
504.32
62.44
355.09
470.33
548.48
555.1
280.85
375.33
709.96
738.38
481.36
299.91
209.63
296.9
209.19
604.6
328.52
571.79
649.59
706.16
581.76
411.44
270.53
386.3
76.4
411.75
694.73
799.99
310.94
289.93
793.77
755.27
709.11
344.06
132.4
28.13
607.94
693.9
517.22
734.53
305.14
431.98
406.87
695.75
669.35
196.38
368.83
24.1
614.71
652.93
96.71
290.6
632.77
606.53
343.16
428.48
730.73
683.46
709.24
70.44
311.04
124.69
687.82
270.17
665.14
383.41
90.71
797.6
51.31
109.34
729.16
706.01
456.82
766.87
21.82
733.23
160.75
563.87
511.64
116.46
198.3
361.97
582.24
508.66
369.65
536.78
157.11
191.19
280.57
531.89
343.24
458.03
686.34
22.45
528.98
281.2
260.97
601.66
612.59
391.94
103.63
139.97
373.18
238.48
426.22
726.87
642.96
791.59
74.76
169.92
196.86
105.27
243.96
596.38
109.52
25.98
256.39
535.92
359.78
645.04
336.8
331.06
794.45
206.07
406.91
733.34
358.57
140.74
292.61
514.2
266.25
508.53
414.02
106.13
694.58
421.34
748.67
493.74
614.19
522.91
367.79
44.04
101.56
157.19
497.37
252.15
508.55
553.47
359.43
213.56
335.24
633.14
750.42
722.01
117.99
434.46
450.28
546.89
318.76
484.94
403.78
374.97
647.76
386.13
148.23
67.3
499.7
267.04
614.22
141.94
319.72
184.41
383.39
629.99
352.73
438.36
218.01
453.31
57.6
426.83
344.1
422.21
726.56
71.19
508.05
203.25
782.76
225.52
39.06
623.53
89.62
609.78
771.38
393.45
507.04
520.61
541.54
784.6
105.32
105.14
335.75
231.35
213.11
697.1
124.25
659
219.44
45.59
464.7
679.23
19.88
383.66
55.07
599.18
129.45
223.46
67.18
357.35
185.22
306.63
179.38
219.56
740.32
577.05
581.1
581.76
694.25
108.15
428.63
436.48
188.92
607.03
23.1
301.08
634.02
56.68
620.24
177.12
109.65
174.16
61.41
656.99
150.45
782.7
353.82
366.85
47.71
392.54
268.19
468.02
425.76
614.64
356.47
176.88
632.79
160.33
377.36
649.63
471.19
713.68
46.81
342.22
791.78
338.57
437.38
10.66
4.83
71.88
168.27
256.46
554.89
740.25
730.76
601.1
120.54
663.65
134.04
764.56
478.58
572.9
557.62
557.41
49.24
240.77
33.87
87.33
765.8
254.83
158.11
409.75
324.99
357.83
334.29
246.66
778.19
671.94
391.94
102.53
171.54
585.29
498.6
472.2
627.16
589.15
136.05
393.42
625.59
387.91
575.67
724.56
309.07
356.46
474.8
454.65
488.78
256.91
514.04
415.1
14.92
32.88
195.52
8.53
277.17
195.27
599.64
36.67
639.79
413.22
3.75
311.75
321.88
798.54
193.41
159.58
158.54
453.23
114.58
317.51
15.06
87.07
455.73
737.19
3.26
752.52
548.71
249.34
133.46
727.89
353.03
458.32
120.92
513.52
45.42
106.89
35.13
192.74
763.89
79.2
748.44
681.89
459.07
216.01
736.6
128.56
318.59
110.59
695.7
797.4
655.1
524.34
640.94
776.31
615.14
125.62
54.45
31.78
782.94
65
21.05
16.65
461.62
798.67
625.66
438.77
379.09
611.93
665.14
695.25
784.22
38.59
472.41
645.13
700.77
190.77
367.88
408.16
426.57
34.74
318.11
799.8
777.51
622.93
219.23
424.53
371.67
596.58
744.2
695.02
772.02
525.15
47.18
207.49
390.83
88.29
792.1
430.67
396.83
290.04
772.13
405.56
422.37
634.03
240.5
547.76
254.61
580.66
176.58
416.07
692.92
467.34
210.35
794
770.69
60.86
319.35
794.85
702.37
237.74
608.74
259.23
507.94
160.84
379.55
73.42
353.95
240.51
54.08
189.83
36.46
529.4
27.36
626.19
115.17
456.68
338.79
17.22
141.6
18.29
17.88
680.19
569.89
396.38
63.77
697.17
302.43
697.97
175.75
523.22
368.49
497.02
138.27
80.38
359.05
416.34
588.8
197.67
43.05
540.14
279.9
599.65
549.91
607.51
719.67
696.89
621.55
131.4
417.43
354.39
94.36
307.66
736.52
293.78
337.13
763.32
51.76
618.7
19.06
356.1
790.71
674.76
467.48
112.87
324.06
662.07
88.3
112.44
584.04
238.31
494.26
284.89
550.47
444.59
179.94
782.56
280.63
586.55
15.96
607.6
596.42
448.34
596.68
464.15
462.06
8.64
515.8
196.3
24.84
664.53
331.76
455.83
751.99
424.88
368.87
426.56
722.24
581.04
509.61
498.76
148.12
420.52
743.66
294.27
625.18
140.09
624.37
472.15
24.42
378
311.47
773.84
494.41
731.77
723.31
268.25
82.87
208.39
670.04
113.08
282.62
78.12
291.84
788.04
763.86
745.71
450.35
210.35
266.94
595.39
734.61
595.16
144.46
460.89
559.91
722.33
517.89
284.95
134.78
504.86
558.9
774.16
148.26
19.97
744.41
601.95
31.15
669.46
505.49
548.21
791.35
567.4
11.46
424.88
509.71
421.6
184.51
205.7
195.33
266.25
222.26
472.67
433.01
494.02
613
699.8
372.04
96.33
436.75
748.12
727.12
497.87
470.51
57.56
771.28
630.86
315.17
348.34
287.08
485.67
194.78
560.33
676.93
702.14
524.3
114.65
627.4
274.09
448.43
606.54
98.44
595.37
680.53
539.56
670.96
235.16
792.45
508.62
696.06
676.01
708.68
113.33
82.48
606.65
102.61
143.85
129.92
454.84
136.82
633.24
142.07
655.57
626.7
731.52
374.31
526.99
74.73
66
301.3
681.21
755.62
796.2
525.67
423.65
454.52
66.3
380.11
126.8
535.38
622.29
435.05
256.25
702.65
89.98
311.53
346.88
682.08
361.45
667.94
447.23
462.08
385.85
631.33
121.53
779.52
681.81
305.21
641.53
25.93
454.91
666.81
514.96
402.71
582.15
476.15
750.17
98.28
670.62
506.4
53
654.74
529.24
676.69
779.54
501.83
399.75
80.44
497.06
177.66
394.91
111.12
499.97
677.36
779.25
35.37
13.39
368.05
72.03
116.87
641.53
571.75
607.41
626.96
539.94
665.11
219.13
344.18
350.16
480.75
770.4
472.24
763.39
199.08
182.05
652.64
308.86
77.47
177.57
187.65
709.36
616.88
677.28
244.39
281.69
720.24
93.54
568.52
298.14
412.28
8.03
86.75
241
555.81
201.88
410.07
67.08
262.05
515.37
783.93
612.81
227.84
151.54
234.48
798.91
93.96
237.83
258.65
263.02
324.4
303.38
669.66
498.72
411.47
105.95
415.18
181.29
386.45
227.65
383.79
393.12
498.19
388.18
225.59
604.16
425.9
677.85
671.51
35.13
178
165.61
329.44
117.66
393.98
624.14
576.67
428.03
374.85
382.38
95.62
305.07
109.88
295.94
349.55
137
111.18
10.79
745.95
744
556.94
655.27
612.42
111.14
71.89
677.63
143.76
226.53
118.07
388.88
2.09
366.69
725.14
630.62
514.11
112.93
464.83
759.15
529.82
374.51
607.74
518.04
167.32
497.5
680.28
266.07
13.47
706.4
446.44
629.34
96.56
225.14
429.88
384.67
346.97
796.6
538.35
34.19
521.16
465.21
608.5
495.07
480.93
420.2
99.89
321.37
675.48
287.24
693.1
190.1
697.5
745.54
207.2
387.35
8.65
478.6
182.67
698.96
175.1
609.17
485.66
102.7
498.14
497.67
250.07
645.72
439.51
163.26
410.63
540.62
737.59
748.09
315.57
689.3
247.18
630.77
352.8
90.53
125.04
408.47
612.91
470.7
155.83
297.21
534.22
552.27
369.96
208.52
570.64
98.26
678.96
299.98
291.04
544.88
509.27
206.24
783.54
672.53
219.32
628.33
509.11
363
22.56
91.07
448.51
372.03
322.48
501.78
383.38
61.34
380.69
404.91
749.51
337.8
167.32
681.43
723.94
175.9
160.13
525.69
629
554.46
486.15
517.99
15.01
695.55
345.7
794.93
158.78
795.98
627.61
463.6
272.72
483.91
331.91
506.35
396.7
62.77
651.37
682.19
795.95
254.58
721.78
785
402.95
328.11
451.28
258.66
750.23
205.87
270.43
440.46
290.17
382.66
243.58
127.17
655.27
584.08
747.04
758.82
0.49
214.85
204.52
205.86
521.01
124.98
419.77
793.22
736.6
230.67
626.75
326.22
216.64
322.48
362.82
140.02
758.42
286.14
353.11
679.35
128.32
632.89
754.41
619.43
622.53
242.39
673.45
683.56
729.57
149.47
636.7
124.86
404.89
642.84
377.72
532.59
146.37
716.45
762.84
115.39
565.68
126.89
732.23
124.8
655.94
69.09
597.65
417.6
676.62
622.94
383.19
529.22
374.56
518.71
472.97
26.58
241.24
556.54
755.11
666.41
124.41
347.25
376.11
656.39
729.14
322.41
709.81
619.56
583.05
625.44
467.34
395.53
231.83
685.74
608.07
240.25
778.5
572.4
434.63
18.11
420.84
359.45
464.59
653.75
81.05
0.55
208.56
32.45
252.89
592.44
150.21
86.3
44.62
706.63
16.57
82.88
497.98
623.08
272.26
371.39
758.06
702.84
95.25
243.43
622.15
581.68
697.75
143.46
471.4
633.2
614.8
43.94
620.9
603.25
98.89
276.03
558.14
457.05
608.86
322.57
97.59
262.35
345.63
403.95
237.54
253.01
384.15
731.14
499.65
205.77
105.19
460.75
460.73
498.17
775.14
193.83
498.8
195.56
336.59
225.73
451.54
23.67
55.46
152.72
3.62
89.77
65.31
668.96
756.67
184.61
66.05
478.84
678.15
152.03
180.95
522.9
353.77
182.56
292.58
136.26
404.48
157.9
56.89
644.1
56.86
403.2
331.81
483.17
663.81
370.77
346.87
586.07
700.78
187.51
254.54
562.34
201.63
755.15
623.37
461.38
174.9
608.96
272.52
263.1
494.04
203.38
38.5
234.9
627.87
626.59
717.56
529.31
658.42
788.6
104.24
702.15
80.81
784.01
628.65
278.64
798.28
423.86
379.82
606.67
607.55
620.85
543.36
3.5
574.78
281.47
190.75
633.07
330.49
740.95
629.46
311.8
377.71
385.24
54.54
474.82
243.45
697.24
370.37
663.25
86.88
602.02
223.48
94.54
364.2
488.21
249.1
370.94
51.56
42.75
671.95
666.79
542.44
303.84
149.4
570.57
226.76
666.43
622.22
295.48
738.59
649.55
87.96
285.4
440.53
202.87
352.29
736.38
68.98
461.38
183.69
414.54
306.3
165.84
99.62
417.04
538.02
71.43
84.41
91.26
691.31
64.75
783.05
435.3
591.45
47.83
306.77
232.76
333.13
217.05
60.16
24.21
511.55
77.79
440.3
798.85
160.78
207.46
718.17
207.23
787.31
366.68
84.48
396.9
623.01
14.35
183.54
513.96
727.1
439.62
298.11
221
234.35
519.66
543.67
721.51
582.53
418.71
260.97
767.37
699.42
234.47
573.56
504.29
320.81
372.42
284.66
62.55
599.82
180.61
206.48
233.01
155.12
751.67
677.55
760.15
596.51
195.77
59.4
86.38
609.86
292.77
153
620.44
390.11
779.05
391.73
678.48
285.32
249.32
713.79
573.15
126.48
309.73
743.08
193.65
15.03
334.27
482.56
50.51
675.17
177.27
147.59
593.79
662.25
16.37
365.82
124.58
285.15
519.47
613.62
313.17
73.9
509.24
371.26
447.87
443.72
592.48
226.12
198.56
490.21
266.42
290.53
759.02
400.89
55
459.12
112.45
434.55
653.78
428.94
602.11
736.43
578.37
552.87
620.4
607.72
300.13
435
134.75
514.56
321.82
525.39
529.57
771.64
242.26
739.74
630.9
693.81
228.45
359.23
497.18
56.18
650.29
597.88
417.79
695.51
410.05
230.43
147.24
52.76
347.6
539.6
4.51
515.39
790.37
507.22
745.14
225.59
377.23
378.19
685.75
295.48
258.64
641.7
529.07
81.9
149.4
33.66
654.67
149.88
687.43
348.4
162.35
274.38
256.96
563.31
740.12
244.73
191.06
38.41
589.33
0.15
167.46
422.22
77
731.07
721.02
294.07
724.62
427.44
116.84
9.77
107.56
607.73
182.14
340.48
207.26
276.36
372.55
448.48
286.41
538.75
122.44
457.39
728.87
314.67
137.62
99.15
785.42
176.83
554.73
561.46
608.48
459.21
317.08
507.52
185.71
384.27
707.23
603.23
293.56
702.33
773
718.98
777.07
50.56
400.99
355
100.36
693.48
225.94
31.93
71.32
185.51
665.61
311.85
51.69
627.16
653.75
468.55
258.35
31.58
116.4
117.31
105.31
220.67
5.23
320.66
540.44
93
404.78
723.1
26.28
400.63
305.14
232.7
721.22
172.22
433.81
413.12
429.32
76.81
33.56
517.29
791.02
159.33
674.84
339.3
661.37
284.82
696.32
738.41
700.64
413.97
705.72
585.43
45.49
68.39
438.23
495.47
476.66
732.86
421.25
256.93
201.81
366.62
643.08
336.98
376.33
359.23
460.71
509.69
144.02
130.07
357.98
328.94
576.09
696.24
581.48
638.72
720.31
35.57
558.84
471.26
658.31
324.63
455.32
45.2
256.66
131.01
329.05
658.68
403.16
722.77
708.61
23.67
242.6
758.74
645.47
729.86
275.26
339.52
750.32
757.73
447.83
186.22
145.5
45.3
66.09
415.5
601.56
521.69
265.45
619.96
312.86
172.62
367.92
185.28
791.2
60.65
491.79
728.61
334.1
639.09
487.38
89.15
210.21
245.29
212.27
179.75
659.72
630.14
368.74
583.7
428.19
526.66
233.88
443.08
255.47
163.63
55.7
314.17
250.82
186.06
298.38
613.22
619.65
680.46
503.63
691.87
23.87
511.66
558.93
702.92
367.28
389.56
21.26
612.04
273.44
565.13
202.43
424.71
277.21
192.49
588.22
215.3
760.27
165.55
484.76
488.36
628.05
110.75
242.88
527.97
28.37
602.94
16.84
257.98
437.7
281.31
418.13
523.84
497.95
262.29
602.53
405.81
257.93
622.67
459.89
594.12
496.06
349.94
707.5
0.18
453.39
757.36
415.61
141.81
439.59
479.49
580.7
117.57
782.59
137.25
233.38
578.43
597.75
76.2
630.49
541.48
465.73
713.42
541.93
293.21
411.28
143.78
623.97
85.06
130.52
397.86
568.13
717.55
210.04
64.28
710.5
487.73
261
82.82
260.02
216.89
253.08
72.52
584.24
76.71
143.54
719.84
671.02
750.09
792.94
382.25
780.37
216.71
154.52
655.17
344.6
366.66
399.97
483.23
371.68
160.25
183.95
104.48
593.89
490.13
693.03
234.03
415.9
111.94
399.6
682.81
766.84
477.06
573.37
238.98
296.46
6.64
74.46
629.56
156.43
129.07
674.82
68.63
474
123.31
175.63
68.21
125.97
262.45
712.1
402.15
630.71
164.09
299.22
445.39
533.51
411.86
550.66
733.81
764.73
306.82
451.83
163.29
729.7
38.23
705.75
324.04
4.91
301.3
318.22
296.23
737.86
505.78
765.15
5.24
176.14
261.31
155.95
456.05
167.08
354.83
331.01
623.37
714.1
503.66
490.97
535.07
770.24
107.3
260.16
390.38
94.76
232.6
117.93
739.4
25.44
342.52
70.85
237.65
661.36
7.36
295.35
777.99
785.02
237.65
775.33
645
200.57
403.18
330.76
503.24
449.2
466.8
233.59
656.87
35.79
740.86
444.31
197.64
30.63
676.23
790.87
47.17
242.5
365.1
337
635.27
694.88
421.53
549.76
166.88
238.78
2.9
469.34
325.53
504.85
686.12
512.05
126.6
667.97
406.91
657.14
288.36
8.18
22.58
776.53
611.62
424.42
435.09
99.13
521.68
389.94
622.33
394.72
639.48
732.98
311.71
7.18
130.43
115.84
353.55
527.66
554.9
301.56
612.35
738.16
320.77
4.66
68.61
100.31
313.55
636.64
573.22
707.11
602.96
466.11
627.02
106.17
28.51
132.96
617.23
306.83
339.48
630.2
786.68
501.97
748.25
439.19
137.85
253.1
672.55
588.89
491.27
263.35
4.81
129.77
123.26
8.16
469.67
19.95
783.91
632.76
404.04
71.3
92.43
735.95
64.84
664.21
656.27
734.42
572.99
322.8
97.94
76
106.28
391.49
558.38
446.86
612.82
25.88
635.98
407.21
442.56
382.13
91.62
682.73
168.09
204.52
318.25
642.9
783.81
536.6
515.08
4.23
461.08
416.56
284.42
434.06
508.87
277.45
344.39
100.18
663.99
377.79
691.29
192.76
534.95
123.46
366.1
646.66
551.19
330.11
656.28
757.81
422.55
793.48
10.23
494.16
463.17
570.82
288.81
395.77
462.97
162.56
485.36
652.55
363.55
651.48
716.5
658.18
437.81
43.47
255.37
84.86
564.34
559.99
665.76
470.91
181.44
455.15
316.13
774.33
407.39
42.82
374.92
189.64
738.24
133.31
99.42
206.66
71.69
286.2
519.38
712.95
378.47
351.7
10.9
632.54
561.99
526.65
771.18
422.51
714.97
368.19
645.09
731.68
551.81
616.59
191.39
147.5
201.97
31.98
560.03
650.65
115.55
605.86
48.53
165.24
259.46
528.04
83.33
34.5
74.38
250.84
760.26
106.09
777.8
18.74
355.8
360.78
140.82
605.11
196.22
418.55
28.71
432.28
684.62
122.41
289.26
162.61
410.39
460.16
600.59
145.86
764.87
47.22
74.76
354.15
454.01
718.73
305.8
607.77
9.08
80.08
291.77
230.6
165.61
82.27
678.13
133.5
568.11
81.89
413.29
748.66
693.79
388.48
422.18
764.21
357.12
776.09
280.18
539.74
214.35
524.45
330.02
346
685.84
165.46
441.3
647.06
88.81
522.43
611.02
570.55
38.34
13.13
294.2
681.22
236.76
366
627.96
388.28
92.71
731.92
353.49
168.21
771.33
563.54
116.39
125.25
151.64
371.64
548.71
243.41
390.61
470.83
510.52
733.68
711.39
436.34
98.01
149.75
5.81
154.48
412.04
180.14
417.77
671.75
195.97
720.41
331.22
608.03
163.75
610.52
401.91
273.38
674.07
72.66
777.69
305.98
218.79
776.47
414.39
218.3
262.17
357.71
468.85
363.26
407.8
674.66
573.9
334.59
576.3
169.16
271.37
411.25
688.5
399.12
54.63
139.12
751.66
463.17
396.65
755.79
786.09
769.5
726.21
305.64
434.12
210.5
733.2
720.51
264.41
767.19
172.47
728.93
249.04
428.9
641.26
240.86
785.96
186.48
707.59
402.26
25.37
464.38
599.96
630.8
651.36
356
131.79
213.62
385.02
400.49
188.31
251.24
523.33
270.5
749.2
14.16
123.9
628.97
478.66
780.36
276.33
254.51
63.08
20.84
684.27
627.04
15.07
546.64
0.28
713.82
56.59
69.1
67.01
573.66
87.71
173.46
547.13
784.21
205.67
101.9
122
521.93
490.41 /

COPY
	PERMX PERMY  /
	PERMX PERMZ  /
/
MULTIPLY
	PERMZ 0.01 /
/
