---------------------------------
-- Permability values for SPE9 --
---------------------------------

-- Permeability distribution visualized in figure 5 in Killough's paper
-- Killough says 'The input data included in the distribution to
-- the participants included a geostatistically generated 
-- permeability field'

-- The values below are taken from Killough's dataset, they are
-- not based on the figure in the paper.

-- Explanation to how the data in PERMX is organized:
-- Under each LAYER (i.e. K-value), 
-- there are 25 ROWS (i.e J-values) under which there are
-- 24 entries (i.e. I-values) 

PERMX
314.73
300.97
775.92
377.51
664.65
654.97
87.38
199.14
284.16
223
792.65
615.72
564.33
735.73
369.29
232.36
169.18
539.93
501.28
236.39
136.88
206.78
502.83
643.79
181.19
380.35
274.19
438.57
477.42
0.81
389.23
169.64
547.18
390.33
716.38
446.19
427.14
517.92
317.51
2.68
340.04
223.82
515.05
132.49
72.53
343.74
282.51
368.38
583.57
139.23
8.15
31.47
301.83
783.93
169.06
437.63
440.96
30.47
482.34
537.16
268.27
768.87
248.78
503.3
302.06
425.27
790.9
85.22
599.81
570.96
34.74
689.57
754.41
418.12
358.06
405.49
286.88
135.61
780.9
39.04
335.15
113.02
418.1
363.79
391.79
322.38
406.57
51.49
167.35
290.42
279.72
473.2
126.72
28.41
380.43
668.87
626.37
124.52
698.21
259.15
411.71
592.31
487.56
576.39
652.95
131.75
169.86
599.7
656.34
64.88
532.66
464.87
143.75
692.32
373.94
33.49
532.55
384.55
93.34
732.31
34.17
570.25
95.33
151.43
524.53
47.14
407.84
83.08
318.77
764.57
228.43
499.4
246.25
424.3
553.66
678.93
68.38
668.89
659.16
68.66
661.04
448.23
403.45
109.92
514.58
432.25
273.4
647.96
379.01
432.71
585.43
211.39
148.58
245.23
344.78
312.67
708.64
752.83
34.59
38.34
599.56
12.03
109.05
428.79
146.31
632.64
224.33
139.57
435.42
0.09
723.42
419.79
153.33
620.27
167.63
306.56
539.13
403.29
534.22
671.52
342.37
632.13
652.73
188.93
221.04
467.96
709.56
490.87
397.4
248.2
176.39
366.65
384.68
225.65
191.93
534.37
206.53
229.87
206.79
597.78
385.09
761.06
68.08
693.56
147.82
582.23
422.97
627.96
672.83
268.8
95.93
503.42
356.91
151.32
162.66
208.38
111.71
338.96
544.87
80.03
271.13
704.76
769.25
136.44
114.2
29.51
673.27
772.35
183.37
82.75
557.57
624.05
311.7
619.01
695.73
401.8
248.87
509.33
382.14
221.58
656.08
16.06
703.02
639.88
401.46
730.95
791.61
236.65
530.25
529.19
338
451.2
527.66
781.4
117.73
18.88
229.95
0.14
242.87
44.43
610.24
352.73
792.05
653.63
238.97
668.73
618.61
259.22
655.61
148.86
683.51
480.83
248.77
241.48
79.63
367.18
403.11
133.26
359.79
116.8
83.88
214.93
580.15
559.39
107.41
198.19
697.77
4.93
368.49
389.73
486.77
392.66
6.26
114.16
222.9
181.94
666.94
343.69
672.14
62.36
672.57
227.48
601.23
290.99
196.2
13.33
4.21
536.17
657.69
150.68
44.45
653.24
307.15
483.31
325.56
270.82
154.26
577.22
265.66
576.28
634.56
640.12
133.04
438.39
20.68
394.48
495.37
622.08
44.55
282.45
372.25
497.07
500.42
662.7
210.16
565.26
165.81
268.46
34.03
197.6
619.47
137.34
799.25
299.23
255.52
252.84
15.47
535.21
443.14
535.7
292.08
44.37
607.64
121.06
112.27
659.82
38.98
550.05
99.5
154.3
519.62
207.02
106.43
439.29
487.82
109.2
763.11
594.41
473.01
409.56
302.38
5.57
546.45
671.34
511.15
228.2
681.15
662.17
447
695.08
660.29
302.97
724.83
621.81
743.93
511.69
533.68
654.62
581.43
274.89
386.7
733.5
731.26
152.39
630.52
76.26
194.38
296.45
346.01
618.74
244.51
684.04
170.16
150.44
562
54.62
464.19
222.12
403.45
641.49
681.04
302
43.34
198.16
400.51
87.07
273.16
506.92
635.11
592.88
154.43
90.76
408.66
557.48
468.34
779.76
64.94
652.88
233.81
608.24
108.05
102.8
564.52
101.7
499.98
511.75
334.08
106.85
608.9
225.5
388.51
148.58
766.47
771.78
679.85
206.21
790.96
471.9
555.83
106.98
334.29
166.49
472.06
453.29
72.51
638.05
248.21
608.32
474.34
750.81
237.83
539.31
471.13
432.61
540.26
487.22
346.78
459.93
279.21
204.26
709.23
51.12
468.07
78.83
507.31
419.28
291.58
773.36
342.58
629.29
671.68
703.66
366.46
600.34
456.57
199.77
151.84
654.74
547.51
402.86
378.56
217.03
610.81
600.79
208.89
13.9
509.51
698.23
98.93
249.56
383.46
236.52
286.06
241.85
735.77
532.94
106.63
75.13
600.77
760.67
669.05
131.22
99.19
39.65
509.63
82.83
477.87
143.64
746.85
776.18
779.53
366.82
649.61
370.08
50.36
560.82
175.43
198.79
664.35
778.01
293.67
720.53
307.74
485.95
43.83
234.8
706.65
539.42
437.98
627.83
180.59
78.94
328.08
602.03
544.64
614.79
748.84
87.21
84.85
66.84
56.97
495.77
790.56
509.47
755.85
561.65
72.26
166.92
447.97
45.23
614.32
277.22
181.03
381.57
23.75
617.18
47.48
297.27
747.32
131.01
686.12
524.54
461.75
578.56
47.04
98.46
275.35
765.51
251.7
319.21
395.01
472.14
225.16
678.4
363.2
4.96
635.02
417.51
399.82
699.64
251.68
318.11
63.02
470.71
768.21
489.03
412.66
628.67
143.04
295.59
759.28
410.31
73.96
329.8
531.9
692.72
546.56
321.58
495.71
39.91
109.69
699.6
751.6
38.84
694.13
565
141.25
242.74
507.93
192.66
59.8
225.91
14.47
763.98
20.35
694.02
546.25
8.06
359.34
455.45
293.13
239.99
488.95
118.64
556.32
497.48
435.75
205.51
433.71
205.37
313.16
651.33
727.99
242.68
266.33
44.71
254.65
607.25
568.97
608.46
135.6
277.93
726.87
543.16
135.48
106.42
227.9
191.88
616.29
309.57
370.3
232.55
547.26
755.28
650.37
729.99
631.43
665.45
406.07
447.05
576.36
91.95
722.86
587.68
111.94
387.58
239.76
789.86
44
424.33
250.43
313.28
426.4
430.01
760.07
601.33
449.44
39.9
120.04
296.21
454.46
786.05
294.71
681.77
580.52
170.44
640.83
149.85
482.42
143.41
307.27
48.92
473.57
116.27
215.55
289.18
604.32
389.39
458.41
525.82
554.82
528.06
473.85
392.74
269.59
137.41
229.96
516.59
400.38
258.58
219.24
501.4
109.24
559.08
78.83
94.62
787.46
392.34
210.95
33.57
165.31
466.11
762.94
377.68
281.32
197.96
215.68
232.95
129.6
789.23
764.09
738.79
722.53
489.18
237.77
616.15
68.72
539.33
539.48
292.87
518.96
152.67
483.73
298.34
696.43
431.42
262.7
618.74
390.75
243.29
358.31
348.68
524.02
43.24
253.79
780.56
104.06
353.07
126.31
535.96
565.02
103.38
308.16
275.55
579.07
768.35
560.48
328.91
228.75
533.96
436.62
179.12
216.91
325.36
668.77
88.9
706.01
384.55
355.26
297.84
402.74
374.9
576.16
92.27
728.34
338.25
213.14
734.11
741.93
234.1
447.06
300.57
740
153.77
353.58
13.46
620.98
663.11
408.5
199.48
70.89
575.58
480.74
524.25
76.31
529.72
145.29
453.04
532.76
478.44
425.5
165.81
671.57
753.15
333.63
0.19
643.54
454.92
560.77
446.43
295.68
746.71
162.96
186.79
438.76
228.75
444.69
289.11
589.74
621.46
541.49
537.52
329.4
374.28
24.62
392.77
145.67
402.92
241.43
30.93
82.42
455.04
588.6
639.19
161.08
434.68
236.45
799
492.56
672.53
741.1
222.68
59.77
338.15
348.09
596.11
698.39
577.42
510.59
494.69
665.74
247.6
89.49
460.76
40.81
739.67
753.52
719
736.93
685.85
305.71
476.92
138.59
510.32
30.75
490.15
444.39
760.48
77.36
291.69
346.12
86.03
293.49
150.7
636.59
438.38
390.29
243.38
737.6
29.79
748.58
129.83
126
154.04
605.07
446.13
585.87
175.15
396.77
273.44
290.04
688.99
59.81
23.17
235.82
722.02
713.61
423.81
48.92
548.46
267.52
112.82
22.3
524.13
781.07
390.41
691.55
494.68
293.82
570.58
494.74
556.43
12.05
495.67
312.91
309.13
97.25
672.34
203.41
455.15
538.25
231.48
577.02
760.23
495.54
426.43
215.67
369.66
289.53
668.49
758.84
206.48
232.65
41.86
335.88
602.94
579.24
165.91
91.22
10.05
478.59
306.92
704.98
745.12
690.23
608.02
298.65
593.47
686.75
46.94
267.06
423.17
554.75
445.47
737.93
430.51
266.3
363.6
12.94
131.5
237.12
141.25
160.67
449
535.87
743
601.64
15.27
192.83
143.82
178.66
766.72
272.53
163.98
220.77
753.9
612.85
458.72
329.48
763.57
283.86
644.8
187.51
622.2
295.27
110.42
302.85
75.98
292.38
363.52
536.49
764.7
651.42
303.19
324.95
764.55
533.63
482.7
725.16
745.06
272.01
712.96
180.33
76
622.96
693.29
166.09
253.88
569.68
703.33
26.06
273.93
39.68
161.34
358.71
660.57
140.01
710.01
526.29
696.92
39.33
794.05
301.73
134.99
92.65
35.55
276.28
142.24
363.63
314.15
706.49
448.18
475.95
438.87
50.45
228.63
517.38
148.66
160.74
504.17
234.42
436.89
4.51
540.06
701.78
702.83
607.71
565.54
454.55
384.27
385.43
482.69
187.89
568.85
585.31
313.46
267.99
680.1
119.51
520.53
217.46
531.83
48.2
644.13
204.84
479.15
40.77
345.85
308.73
202.34
103.67
227.73
354.84
669.24
162.4
471.13
357.37
650.37
417.55
661.26
567.01
621.05
94.38
248.08
308.69
74.7
677.94
234.03
488.26
701.65
739.51
408.32
141.6
496.44
91.67
417.21
797.91
215.21
286.01
383.47
505.77
89.33
241.61
217.68
180.37
564.46
28.12
695.11
359.45
151.14
261.84
780.51
745.95
302.2
405.31
559.66
271.2
107.54
526.66
16.32
350.61
610.66
232.68
595.56
477.04
327.93
442.12
489.68
459.75
249.45
431.35
651.07
539.38
260.43
222.97
154.52
217.98
648.26
193.92
748.9
321.94
565.91
386.61
536.21
638.39
343.23
524.19
758.68
90.42
797.94
360.06
650.78
457.89
215.11
457.64
125.72
557.9
766.17
23.97
34.08
273.53
677.71
542.82
286.73
61.03
679.68
792.53
710.09
147.45
376.43
764.21
166.34
700.78
37.75
482.78
142.97
660.61
641.72
734.27
55.97
595.77
375.83
613.98
580.58
760.88
506.41
454.55
251.59
280.98
221.82
491.54
313.76
450.33
62.45
788.81
24.03
424.35
340.12
486.8
248.02
139.12
725.87
99.97
76.98
307.2
492.51
680.25
642.27
599.51
563.43
756.05
478.07
138.71
367.5
728.25
192.59
448.39
142.79
264.92
294.84
696.51
571.9
137.6
683.35
604.53
334.32
688.54
66.2
756.12
675.72
567.93
365.84
340.13
371.02
426.03
14.38
404.55
721.85
470.05
544.33
353.69
291.61
65.39
279.22
92.35
614.87
677.84
612.64
28.82
651.19
236.22
178.3
682.25
98.74
609.45
89.42
538.73
727.16
219.54
461.18
576.26
290.84
176.85
529.96
296.55
285.05
25.42
326.42
559.67
454.92
142.94
563.83
316.51
725.02
615.28
14.62
656.48
658.71
560.5
132.33
213.14
772.41
759.26
158.03
751.91
250.49
425.45
265.64
657.71
676.35
488.78
47.01
723.43
536.01
73.49
83.29
229.22
743.21
448.76
797.23
379.65
509.95
341.32
258.68
496.55
743.49
24.51
677.24
265.23
380.03
296.71
397.9
472.8
130.35
400.99
253.32
12.87
783.46
660.63
402.04
348.88
266.04
477.68
306.09
104.58
109.08
646.38
792.93
746.56
91.1
19.07
502.29
446.15
139.83
618.6
532.98
99.12
522.09
200.72
789.35
174.89
140.87
720.32
547.52
214.31
425.68
439.93
119.66
431.22
436.31
374.92
118.6
142.25
122.6
133.71
9.67
171.06
127.96
308.59
401.07
756.15
314.62
46.76
136.12
629.98
703.36
725.9
357.89
575.96
12.72
763.84
93.75
750.54
68.25
175.56
696.51
528.34
734.65
567.2
768.85
461.72
172.74
485.22
351.15
705.74
467.32
675.57
215.05
394.23
560.48
76.63
459.84
164.11
166.26
689.53
358.58
54.74
157.97
435.29
460.79
721.81
656.17
436.59
205.88
697.3
543.81
767.13
61.02
676.99
305.84
646.95
216.69
352.87
310.71
579.96
610.72
394.19
271.52
403.07
203.81
233.36
102.28
741.02
355.66
494.34
735.98
672.42
512.73
254.62
386.58
401.95
174.34
607.49
688.86
674.22
724.84
356.83
498.43
584.33
783.29
551.6
144.94
332.39
18.02
549.25
27.43
292.26
228.85
504.95
231.56
115.73
447.09
240.14
544.16
366.27
684.3
275.24
224.16
137.61
522.28
522
374.26
648.69
128.82
207.06
536.93
170.73
710.29
713.57
778.28
120.5
646.06
160.34
264.73
415.78
637.9
539.22
646.32
226.37
712.76
798.91
471.19
747.6
708.89
769.73
205.61
283.8
382.33
552.91
62.8
38.51
589.8
242.26
552.29
25.71
205.07
263.56
227.48
218.13
302.85
95.26
579.14
76.99
404.32
151.42
645.67
520.98
324.33
184.71
496.97
183.11
306.43
783.05
635.32
773.67
141.14
64.93
182.35
283.63
557.46
585.98
596.98
706.4
615.4
677.55
583.93
66.9
150.16
356.64
309.48
490.75
30.05
214.04
389.28
210.22
53.28
82.24
206.97
680.71
330.79
439.68
316.62
492.15
563.01
633.24
64.35
293.99
244.48
713.81
655.17
381.28
665.08
706.08
296.21
257.14
415
247.62
334.74
457.79
748.81
172.03
666.25
153.51
744.86
310.8
685.83
241.66
637.74
551.62
733.08
11.07
58.78
14.86
402.47
72.55
253.75
117.09
679.6
233.73
796.11
312.79
26.37
691.29
713.55
40.71
785.21
411.93
2.8
448
420.46
223.1
245.71
555.59
538.11
656.18
395.23
281.47
58.22
315.52
538.05
299.46
627.36
792.55
462.57
630.55
32.97
359.01
511.47
278.65
566.77
642.06
493.01
340.08
423.73
315.36
727.66
794.04
245.84
187.4
388.82
444.34
39.17
645.35
630.23
306.72
506.6
14.36
272.01
758.87
689.23
627.76
676.99
460.74
118.06
666.71
798.77
620.07
737.84
751.65
302.9
535.05
185.01
693.92
280.27
252.66
73.79
475.46
328.14
483.96
630.35
199.73
336.08
69.91
224.32
331.76
154.87
414.97
390.54
725.65
706.9
49.59
109.96
146.47
645.13
317.59
306.61
447.39
377.98
691.26
679.47
458.79
700.68
181.2
20.92
471.49
642.94
223.51
673.62
553.55
13.95
770.44
187.15
125.51
623.89
735.24
488.8
647.75
331.65
742.55
334.51
178.48
703.52
346.27
357.86
427.2
781.06
41.97
55.94
318.07
315.11
490.83
147.56
759.71
547.66
44.7
324.87
373.78
736.36
721.19
572.62
253.16
75.81
512.12
122.52
339
537.68
645.21
455.33
328.64
110.97
412.44
785.31
309.77
206.61
385.49
431.11
368.53
389.29
703.64
720.88
603.39
282.64
124.93
392.63
287.7
642.61
249.54
776.25
283.48
796.5
555.95
9.29
565.25
262.37
195.18
615.53
456.84
661.49
103.65
311.05
723.8
261.87
443.15
533.84
434.58
743
301.1
647.64
697.65
59.14
770.1
503.76
669
713.91
756.53
574.5
491.99
343.59
709.64
129.51
504.88
326.69
493.6
574.24
729.47
714.39
336.8
296.87
159.68
679.25
709.73
448.69
437.03
657.57
187.42
491.15
738.65
376.78
710.59
214.74
306.17
589.31
445.5
629.44
762.52
410.99
572.46
642.23
411.23
455.18
741.3
256.2
625.59
154.07
413.15
672.33
533.99
770.92
640.1
198.61
432.07
794.6
2.44
620.22
114.33
298.06
764.36
433.3
449.09
456.18
17
383.01
570.21
166.35
257.74
9.96
40.9
305.33
336.6
197.45
30.93
317.71
39.66
447.72
7.67
95.43
491.43
109.6
293.13
162.72
20.98
30.23
743.26
447.57
615.69
464.79
132.88
176.93
755.28
534.71
606.71
388.27
642.98
799.46
560.19
51.87
444.97
283.78
678.23
354.01
299.3
300.08
266.03
58.46
92.59
72
0.13
751.66
178.55
622.17
24.7
177.53
406.51
344.31
533.38
218.97
358.07
635.83
286.49
769.16
431.59
515.18
564.25
493.79
563.78
363.72
182.86
653.78
755.94
1.48
0.4
477.79
439.58
54.8
380.63
493.4
682.04
170.71
77.87
596.24
605.09
647.16
324.57
734.97
399.55
236.69
328.68
746.81
540.95
552.41
298.25
645.51
77.85
266.22
580.32
36.39
91.07
351.11
566.23
38.89
568.08
59
305.25
607.17
685.97
560.2
609.76
493.17
73.79
110.26
692.06
599.75
25.04
273.02
793.62
745.17
78.21
181.25
707.01
593.74
58.4
688.16
106.35
533.79
329.37
251.71
392.12
329.3
41.54
297.16
537.4
306.28
588.29
595
126.14
179.73
401.77
300.97
240.41
193.14
56.19
760.09
233.36
303.82
213.46
771.38
193.67
618.25
217.01
575.16
42.71
727.07
178.79
341.94
561.15
104.07
769.75
676.41
458.91
197.85
99.56
791.87
486.55
423.55
603.8
474.01
245.8
461.02
388.84
132.43
27.36
33.09
471.92
411.03
443.22
200.56
659.81
245.38
21.69
209.68
117.56
560.98
519.03
460.03
380.11
595.04
766.75
685.46
232.27
722.32
385.66
86.5
556.58
562.49
464.67
217.66
260.28
247.52
53.77
685.75
496.53
324.27
329.2
445.37
19.58
406.28
504.47
486.93
466.3
514.08
388.58
668.98
594.82
451.17
412.91
318.95
396.32
661.21
593.77
635.13
690.2
560.34
585.32
723.48
100.03
607.08
137.96
363.51
174.41
27.21
149.46
695.82
154.09
385.06
732.67
669.05
619.14
60.46
438.8
181.9
698.88
575.5
587.56
677.06
379.64
421.62
319.45
383.6
239.39
259.86
694.51
63.41
311.55
634.83
666.42
204.88
176.1
242.16
32.96
221.14
381.87
238.73
283.54
437.82
483.93
216.71
619.12
687.69
279.42
102.18
286.86
475.83
93.18
719.26
357.15
624.69
783.36
258.87
752.4
637.37
562.88
331.09
652.34
94.68
565.02
348.53
301.43
589.41
513.91
311.15
662.43
624.82
153.39
67.15
225.87
267.46
497.46
764.31
578.66
545.94
421.48
472.74
337.17
232.91
172.81
137.6
177.36
544.95
529.2
532.93
186.97
579.05
584.95
93.49
251.77
537.61
741.78
704.19
180.89
359.18
601.97
80.52
782.25
4.79
505.34
323.73
353.87
562.42
243.87
507.38
777.53
386.07
124
347.09
745.14
106.48
121.8
402.04
80.52
182.48
693.07
750.97
208.93
427.09
418.93
649.02
376.7
747.06
551.01
252.59
641.4
303.31
529.96
365.62
255.09
228.5
600.83
666.41
258.54
605.42
167.12
202.87
451.39
235.95
344.45
488.32
295.34
48.41
423.08
255.87
218.3
291.09
742.24
655.17
607.95
60.07
274.11
509.2
784.4
5.79
307.55
738.46
683.59
138.21
409.95
422.79
72.77
212.02
52.95
528.08
219.96
70.86
134.16
643.23
646.08
482.62
43.72
583.29
371.39
632
640.51
152.75
76.74
549.44
723.79
700.04
287.42
480.76
357.41
738.71
303.74
513.85
295.64
465.23
166.07
168.47
68.98
739.52
633.27
728.09
282.78
536.37
45.48
409.86
32.27
401.54
363.59
333.89
155.43
754.26
400.16
610.59
145.29
232.99
618.74
226.1
488.89
46.36
448.54
127.04
391.9
389.8
734.11
772.26
763.45
32.84
541.69
253.3
85.47
235.46
331.44
16.98
174.31
298.09
84.23
270
728
406.76
749.46
380.18
299.03
33.23
575.78
457.74
114.9
395.93
66.17
268.15
154.62
506.76
407.6
59.6
404.44
601.97
194.13
778.02
33.81
645.68
81.73
71.03
431.23
762.22
199.26
478.29
715.38
488.29
150.34
108.77
7.73
217.76
20.43
14.94
33.14
20.12
170.35
684.07
273
15.83
368.61
249.59
118.87
264.75
737.84
13.25
555.57
191.9
426.39
195.12
660.83
632.03
662.73
767.58
633.79
275.23
605.01
711.12
690.34
4.04
498.51
257.42
711.87
60
774.18
509.4
568.68
389.06
775.95
270.66
748.96
536.24
600.68
66.72
553.11
703.2
337.43
759.74
544.17
269.24
595.46
453.09
68.81
324.55
691.83
76.5
58.06
367.15
133.49
592.71
89.99
66.4
784.29
325.84
601.44
468.59
738.73
10.25
756.56
690.7
141.94
338.12
247.76
18.72
520.71
483.59
614.79
741.1
329.04
290.23
34.24
369.35
136.27
163.88
165.67
654.7
566.84
654.18
669.08
480.38
517.62
139.15
555.07
586.9
664.96
224.14
208.18
712.46
556.96
401.78
88.31
445.61
1.11
354.09
534.26
737.19
94.71
681.31
35.4
593.67
33.38
264.16
524.08
441.06
334.17
220.29
61.08
411.31
496.52
608.58
624.25
300.54
758.89
660.13
542.01
644.89
259.49
264.96
749.25
473.75
186.34
325.38
767.51
638.99
585.53
438.43
578.14
466.4
470.89
641.75
595.09
193.23
774.34
641.66
484.86
717.02
709.14
663.93
709.11
218.37
353.03
589.14
27.63
35.86
511.73
101.31
750.22
604.58
773.59
23.15
252.06
772.86
633.7
268.11
45.02
689.62
468.2
603.66
710.38
627.3
645.45
777.55
122.83
378.88
282.59
583.67
19.35
163.13
406.24
628.14
144.47
571.33
145.1
474.59
372.68
547.59
339.48
144.66
654.05
135.37
713.18
410.46
571.61
184.44
135
701.08
313.11
469.96
498.09
633.51
89.46
748.18
23.76
721.48
75.93
445.69
647.53
465.11
642.41
487.8
200.24
377.26
220.97
85.22
634.34
126.25
263.22
435.26
629.35
496.05
0.83
360.08
324.35
26.32
352.6
785.35
213.05
761.78
131.05
593.11
202.69
30.32
354.47
400.93
399.35
390.83
481
553.99
5.13
739.04
441.89
589.29
733.29
647.59
581.73
129.29
491.79
525.63
578.41
42.13
198.28
171.65
521.05
468.84
426.64
373.34
435.3
399.66
525.81
129.24
369.55
315.75
257.15
56.33
544.95
773.5
381.22
323.76
499.24
433.56
691.54
524.63
560.73
534.07
740.49
768.25
58.55
551.32
105.1
624.08
436.87
292.78
380.81
55.3
522.76
221.54
281.68
427.08
214.59
761.91
400.93
400.44
703.72
16.68
236.86
252.88
141.75
294.86
378.99
156
654.01
109.23
149.92
552.27
100.98
534.66
85.7
748.81
199.65
489.68
206.55
440.59
354.25
198.23
82.79
405.44
141.81
138.89
436.71
97.06
525.27
561.12
350.36
253
86.2
681.77
673.87
113.11
468.9
750.73
271.51
527.9
303.19
366.66
209.49
741.69
111.89
381.4
656.1
681.68
251.44
284.65
454.07
133.75
148.16
238.42
729.1
63.25
714.91
32.14
328.32
714.52
49.4
85.23
139.51
496.85
399.51
670.19
422.21
734.63
547.11
593.98
649.14
337.25
423.77
110.04
652.72
726.34
19.39
126.19
260.74
775.03
59.5
11.12
658.72
76.18
94.8
26.19
618.76
311.29
562.1
23.14
555.35
414.6
279.01
707.45
507.19
330.45
639.59
405.8
668.99
139.37
375.1
648.42
116.95
746.11
74.13
652.92
589.58
651.57
206.85
309.19
640.69
349.44
387.21
684.54
305.88
47.24
50.28
744.14
74
388.45
546.29
511.6
334.84
662.72
36.97
587.71
604.5
420.85
573.08
36.15
636.39
568.85
764.47
572.22
134.72
335.86
521.37
671.43
798.19
212.31
304.78
652.72
181.27
359.04
67.76
738.39
264.31
34.98
467.69
795.15
483.79
691.91
340.57
773.34
363
555.56
523.11
413.49
618.19
213.49
208.9
363.54
67.63
300.89
185.25
564.45
454.71
757.68
436.06
784.11
683
438.35
780.7
568.33
327.17
65.15
525.36
679.2
299.02
272.85
18.38
707.73
333.04
170.69
99.6
757.73
761.58
290.26
321.18
162.24
733.38
146.88
197.67
697.59
593.33
16.37
689.95
542.81
767.44
300.38
446.69
26.02
706.86
620.22
511.11
396.98
457.81
216.62
311.2
788.17
603.1
411.89
151.35
287.9
337.08
445.65
657.29
676.73
664.84
537.05
646.89
420.36
664.19
778.38
174.53
488.84
216.93
299.92
441.12
579.01
654.4
559.63
522.96
161.86
431.17
294.67
243.92
719.97
608.4
689.24
274.4
594.61
179.45
473.57
181.94
633.43
17.98
529.38
340.17
591.51
537.64
109.75
662.9
705.83
658.02
385.13
688.62
507.09
12.72
640.88
610.49
709.19
216.03
688.61
132.65
538.65
597.59
642.46
42.1
277.4
136.56
574.23
540.51
789.1
385.61
724.54
29.33
495.91
643.7
603.23
605.3
731.58
452.96
482.53
45.64
460.38
6.39
737.25
338.6
169.45
134.83
494.66
210.2
504.94
777.57
533.58
750.24
307.47
460.97
545.53
726.76
31.32
373.6
361.94
654.88
397.88
364.22
523.77
551.6
338.97
593.36
598.08
212.07
771.79
62.87
724.8
157.85
626.79
290.91
613.95
535.3
144.95
722.69
291.92
328.63
608.83
541.93
580.88
578.1
213.29
622.45
601.66
705.87
573.96
203.02
668.81
570.1
256.12
27.4
57.45
357.53
571.81
328.86
301.25
602.95
641.95
272.77
574.31
509.46
176.8
584.79
98.6
358.22
353.93
115.81
344.06
557.08
673.91
493.59
522.78
586.55
611.91
56.03
666.35
14.75
797.34
572.51
85.28
796.05
328.52
472.17
423.14
397.28
88.43
93.16
481.49
237.25
90.79
173
761.91
744.33
764.21
236.61
244.93
483.2
12.48
415.99
237.03
89.87
130.09
256.58
777.23
681.01
30.37
387.29
63.7
220.99
180.53
13.2
197.62
191.21
238.75
451.67
785.34
313.99
582.25
138.91
598.35
103.45
308.53
128.05
201.36
544.59
427.44
283.52
706.16
463.62
77.4
559.51
90.75
214.78
231.65
145.91
444.29
146.21
525.23
207.57
513.9
787.74
130.84
26.58
760.15
773.61
726.54
589.02
224.43
229.17
541.94
466.7
507.77
116.57
647.62
464.51
161.56
723.57
120.76
679.45
78.33
649.73
510.18
561.42
540.92
707.86
691.37
519.66
52.4
692.64
581.38
231.63
528.91
512.85
243.89
358.43
470.7
314.43
579.93
283
125.39
324.75
567.34
734.19
298.69
428.74
519.83
111.64
459.82
730.68
23
214.76
72.83
367.32
63.47
559.1
557.47
406.21
498.65
132.33
575.98
108.63
91.84
631.21
164.71
158.31
540.54
510.67
138.7
26.78
162.24
313.46
33.21
215.72
646.01
150.01
608.92
327.81
690.24
731.05
570.48
415.53
286.01
748.53
349.8
264.83
424.58
461.3
625.1
351.77
440.79
61.06
704.31
272.66
403.98
604.11
161.36
76.1
84.18
341.63
704.69
438.88
469.48
563.72
356.77
148.24
421.3
458.85
751.34
635.72
489.33
646.16
479.7
588.47
755.4
340.52
300.15
655.3
97.49
63.24
459.62
209.47
189.09
2.6
395.74
82.76
421.07
492.25
271.49
388.46
185.81
41.63
147.43
527.23
666.78
208.06
656.54
21.08
120.72
86.35
770.89
734.85
532.96
82.55
531.72
345.57
414.9
552.56
463.85
307.52
722.15
165.56
645.69
106.07
242.33
374.33
693.9
128.11
784.72
51.76
696.39
35.33
662.11
16.5
138.92
476.26
546.78
676.21
704.1
746.68
564.89
608.23
628.05
594.67
752.04
649.03
280.32
371.56
241.1
328.66
189.55
539.69
303.99
344.4
562.25
299.57
662.75
323.47
306.42
5.84
191.2
520.45
534.42
693.83
243.8
735
660.31
254.93
196.65
54.21
198.35
713.47
659.56
623.29
513.35
683.4
791.36
711.63
58.73
136.71
520.44
510.21
660.29
291.51
788.31
383.81
544.71
300.39
631.51
677.63
32.15
680.93
536.94
672.56
297.01
650.62
605.51
64.41
144.49
550.65
790.25
95.61
222.32
662.9
130.23
38.31
41.07
333.49
523.63
454.29
531.36
20.16
513.92
721.71
415.75
165.29
607.15
84.36
239.94
415.92
589.61
103.59
460.47
592.39
779.79
793.74
109.78
735.51
373.7
262.54
172.24
346.62
501.51
437.46
273.82
255.51
128.91
607.7
554.04
628.32
792.5
422.21
179.47
500.6
272.16
280.84
475.05
106.58
787.77
623.03
697.51
137.37
648.42
136.83
60.01
83.02
628.19
202.26
258.37
611.33
502.42
365.63
93.54
636.14
621.8
197.03
707.45
393.73
701.31
187.11
662.97
566.27
770.66
108.08
721.54
767.64
448.18
545.39
793.12
504.42
795.64
621.26
69.16
514.46
416.57
421.36
283.63
547.63
321.16
323.99
315.58
516.24
757.95
772.1
216.51
665.56
642.24
376.52
666.96
568.58
607.4
435.29
617.56
0.7
244.2
653.04
493.26
567.72
384.66
42.9
504.63
275.32
523.09
794.21
747.47
317.52
477.08
657.91
455.14
20.48
464.06
403.86
490.21
209.28
135.71
756.34
177.94
405.29
197.85
12.56
468.38
641.04
244
150.49
630.45
281.07
158.78
734.45
131.8
584.12
335.94
20.02
781.81
284.67
423.97
618.34
321.21
292.17
241.2
785.09
489.41
643.73
268.37
689.51
428.47
715.14
782.7
91.13
683.84
70.8
333.29
360.85
658.62
662.31
489.71
31.67
587.6
365.43
449.43
77.6
680.59
97.22
767.21
597.15
654.76
462.48
738.2
329.08
605.7
592.24
624.7
796.23
56.32
476.28
683.26
130.65
703.08
463.01
5.1
80.32
747.55
563.87
220.42
628.97
339.5
780.91
620.21
774.21
451.62
793.19
24.59
297.73
301.32
682.48
740.1
364.1
417.24
682.61
291.05
478.28
531.73
320.42
602.25
678.36
112.61
149.95
93.15
207.1
10.69
382.68
787.38
697.44
80.73
17.13
541.87
312.07
673.32
81.41
318.45
256.53
394.9
210.6
701.1
225.22
678.48
528.58
276.75
481.95
150.35
143.7
133.71
532.26
528.42
398.7
331.07
13.91
558.7
673.86
323.66
717.87
599.97
58.82
362.53
656.06
184.89
21.18
173.94
269.22
622.31
253.29
324.21
204.15
400.86
379.44
528.9
495.38
630.01
786.5
56.22
80
390.08
527.67
789.09
794.22
524.26
58.05
580.14
745.02
710.76
61.1
497.86
659.19
264.46
607.21
481.8
589.62
744.33
387.6
285.05
392.76
240.55
513.56
109.17
207.79
524.27
432.58
293.67
201.74
465.31
769.96
328.6
67.11
214.52
798.85
66.71
557.51
106.92
496.69
648.49
10.14
207.74
465
53.63
685.04
570
595.32
17.37
38.35
705.71
359.71
483.11
796.02
511.45
449.72
232.32
93.83
423.12
560.97
660.12
784.38
265.4
360.3
537.01
341.13
47.85
180.96
663.39
300.47
759.71
130.21
202.1
386.5
165.64
507.69
445.6
648.72
163.53
722.24
295.65
135.05
168.9
226.18
412.1
446.2
773.31
154.93
322.13
753.42
208.48
90.26
482.76
728.8
316.35
195.98
767.02
431.24
734.96
75.08
360.17
716.35
470.78
188.48
702.79
246.35
542.7
706.95
60.6
58.57
301.25
226.5
745.65
45.46
4.99
566.65
329.35
427
110.52
52.4
302.21
446.65
733.66
605.21
645.69
783.52
325.02
315.15
135.24
741.58
480.67
448.23
68.71
96.11
165.59
257.77
489.88
86.29
219.43
260.13
228.29
257.68
214.04
34.73
740.95
300.09
297.93
706.04
759.73
638.02
275.46
301.58
267.21
787.42
796.89
124.31
670.36
488.85
395.51
539.2
324.43
479.02
83.23
724.13
628.55
771.48
73.3
747.78
216.42
538.3
630.16
180.41
254.87
441.89
616.22
696.45
216.82
85.1
165.67
324.62
107.37
603.75
369.63
773.55
373.33
46.24
795.98
567.93
100.69
463.29
101.23
318.75
652.62
68.82
206.52
78.23
508.6
492.16
13.98
372.17
752.53
152.85
309.56
457.52
73.43
301.64
593.87
115.92
229.81
681.48
444.91
423.61
3.41
311.77
257.03
454.87
131.54
503.47
243.09
244.44
485
508.42
721.28
168.21
502.86
98.68
108.83
464.62
106.06
477.46
247.87
758.56
783.38
335.23
458.78
448.73
92.39
329.64
78.75
0.43
223.25
577.47
673.39
174.08
234.66
687.68
42.71
330.68
522.02
91.75
172.26
776.92
393.39
82.13
316.99
622.08
240.88
673.34
519.82
764.44
569.13
416.38
704.06
68.14
632.56
148.18
580.13
613.62
53.87
281.08
133.18
32.76
233.33
232.67
517.16
709.68
697.16
490.15
210.08
156.76
171.12
337.57
329.17
96.91
101.11
7.58
240.9
285.49
407.75
735.63
426.33
461.76
26.99
325.67
616.94
102.85
724.85
361.59
734.69
41.5
770.01
673.69
312.66
181.04
230.35
601.94
295.77
751.69
431.06
564.65
14.64
458.64
48.34
543.36
29.56
725.1
736.71
387
464.66
196.63
114.55
234.36
234.11
213.63
358.7
502.21
350.97
232.74
467.07
660.39
752.54
194.98
68.43
219.07
465.23
523.8
602.2
337.84
31.9
321.6
466.61
188.71
751.5
550.52
237.03
659.29
53.67
610.99
577.68
32.15
221.12
708.22
418.57
680.37
63.13
785.48
209.45
159.95
110.62
176.97
174.7
370.74
332.53
517.75
118.68
476.98
340.98
697.15
364.93
262.54
685.46
379.86
512.34
412.69
283.69
677.03
361.49
732.75
264.35
373.59
58.04
615.74
212.98
433.78
476.01
435.92
756.37
198.09
30.65
434.89
713.85
444.32
315.36
47.82
728.56
436.75
281.42
217.54
642.48
183.05
618.67
119.9
66.22
305.75
528.39
753.18
716.49
586.67
399.3
287.89
107.75
609.76
188.61
762.55
389.29
580.45
477.69
171.86
656.69
588.11
56.25
517.97
393.78
213.26
255.43
602.99
258.75
775.6
366.12
322.5
703.47
735.25
190.13
249.01
671.24
490.34
387.1
629.24
607.27
276.9
308.69
563.44
688.63
102.24
742.4
698.83
260.65
107.8
124.58
558.2
220.45
296.61
314.3
503.25
478.64
552.82
333.74
312.47
126.37
174.07
608.53
485.26
158.02
421.44
135.26
783.63
449
319.67
544.58
154.81
239.1
424.91
51.36
274.32
153.06
500.98
8.66
84.55
73.08
146.06
665.96
668.31
62.48
550.81
451.17
374.84
120.94
31.79
457.16
645.9
547.34
184.65
672.3
401.71
153.01
43.45
51.93
684.68
551
731.45
790.21
250.32
162.1
434.4
418.6
548.36
380.21
79.79
418.41
728.46
415.55
460.9
783.47
432.95
736.17
748.45
161.84
138.46
24.88
633.37
775.09
281.26
33.59
669.97
610.32
784.13
317.73
437.86
104.38
611.54
274.13
411.97
245.69
457.77
306.65
420.65
420.89
82.72
146.87
202.71
389.16
553.13
747.49
448.4
591.74
452.06
309.31
637.48
175.71
385.36
559.75
445.33
480.37
422.96
531.36
699.65
445.5
464.23
124.92
114.97
320.29
478.35
351.78
769.23
156.33
417.26
608.9
41.55
105.79
695.45
436.8
739.27
676.57
209.76
249.27
305.71
359.5
606.84
181.86
664.16
323.55
622.59
189.36
267.19
111.8
5.97
170.49
541
143.9
601.93
555.25
170.93
623.49
251.27
117.56
133.87
257.33
150.84
371.97
641.91
234.16
774.32
45.09
537.76
6.71
672.33
616.58
668.63
697.9
779.12
782.09
302.19
645.54
303.33
285.93
450.58
710.34
455.17
527.93
474.7
397.36
240.92
550.23
576.66
55.12
769.33
710.33
307.4
135.36
240.45
77.29
410.83
739.22
48.08
700.3
534.98
523.79
796.89
513.14
140.41
462.51
797.34
374.4
132.32
746.96
704.77
567.6
559.1
176.65
628.31
744.19
430.78
265.2
345.15
534.01
69.5
734.18
28.54
392.88
371.66
796.5
169.46
649.63
792.49
115.54
8.42
153.71
367.46
125.2
538.79
772.4
388.24
307.92
626.49
546.09
630.77
797.13
478.42
398.23
229.9
548.57
64.92
370.12
435.84
168.41
490.23
704.56
780.45
559.53
475.37
35.77
433.87
728.41
373.27
262.98
667.67
381.11
107.8
674.58
427.33
670.7
318.77
131.97
699.76
537.12
90.55
67.71
308.44
252.68
237.59
59.79
219.82
488.1
641.92
374.53
186.19
350.04
714.04
430.58
189.96
555.29
653.98
89.33
6.66
544.32
349.1
608.33
284.1
620.11
721.6
319.44
573.99
28.63
93.8
274.69
493.19
185.3
225.28
792.38
136.84
284.53
281.78
70.38
267.56
205.49
526.7
40.96
18.68
154
501.36
726.98
19.22
576.25
185.82
227.51
473.56
763.7
706.85
723.19
221.27
532.82
590.14
731.13
679.99
706.43
400.42
604.7
219.15
551.6
543.36
409.63
62.52
5.98
292.43
90.17
110.07
46.11
180.65
229.04
784.02
684.64
581.17
606.28
97.37
118.25
194.41
669.37
232.15
249.75
329.96
248.75
235.09
313.47
747.36
657.37
326.95
712.33
267.88
789.98
490.57
79.03
265.55
367.15
154.23
504.94
144.37
44.64
630.8
176.72
749.23
673.49
692.86
338.93
205.46
573.63
565.6
673.8
600.73
550.68
158.13
175.54
616.85
452.92
38.22
168.58
395.72
152.18
484.25
659.62
655
271.36
554.4
109.64
439.72
550.07
619.33
554.77
691.04
68.16
671.74
421.65
421.07
170.52
712.92
683.38
799
77.6
116.86
144.18
718
79.71
142.68
749.43
139.05
80.48
196.02
482.33
565.9
104.36
472.78
631.97
100.34
167.07
36.27
214.78
321.75
472.09
453.82
620.58
5.57
532.33
385.17
651.87
450.9
545.72
315.97
51.37
747.91
554.67
378.42
97.12
685.67
105.36
297.87
50.34
790.06
118.27
785.55
722.39
778.81
453.24
378.31
476.37
578
336.1
39.91
66.74
645.65
746.17
175.4
366.64
163.3
149.78
193.7
315.44
495.11
96.05
510.81
654.9
147.38
19.33
611
753.39
410.8
785.5
362.3
756.51
632.67
629.84
231.01
759.37
518.01
79.98
434.73
452.83
171.03
466.57
98.76
648.15
693.11
310.12
616.64
326.31
10.64
549.2
474.28
16.05
413.93
582.57
23.73
264.1
610.69
155.05
505.49
790.52
608.95
52.08
628.19
397.05
779.55
510.27
691.49
487.57
596.02
622.76
49.32
448.71
246.85
292.03
730.03
70.8
784.17
3.88
580.23
427.05
161.87
421.93
307.66
588.53
796.73
249.26
96.36
421.73
7.32
352.4
434.48
89.06
641.91
173.79
716.03
615.73
497.85
668.43
43.76
124.86
759.48
123.69
599.12
7.06
384.84
38.3
398.48
110.89
558.48
607.13
391.02
373.8
248.2
708.25
98.9
695.49
194.75
435.89
162.12
85.27
10.64
524.3
649.46
730.75
196.68
395.82
104.88
432.58
498.79
385.99
286.92
589.04
74.11
335.54
639.86
314.39
305.72
398.48
475.03
73.14
443.5
690.29
31.73
345.69
351.79
566.86
385.05
448.89
21.89
640.48
100.74
602.77
443.68
528.93
467.81
513.2
637.45
734.99
408.38
401.97
365.38
293.52
369.63
232.62
797.58
157.08
49.58
328.36
123.39
586.57
480.84
201.47
691.88
105.41
524.46
448.29
421.91
186.59
613.83
105.62
399.03
141.09
207.76
327.29
303.78
486.41
720.74
203.75
64.64
63.22
80.66
390.93
276.62
741.29
202.68
437.17
208.43
691.74
550.16
33.02
228.49
457.4
33.3
413.72
35.02
178.41
630.14
463.55
112.36
466.23
217.41
649.33
525.55
641.64
568.61
769.08
165.56
121.61
525.5
468.9
246.61
37.1
604.15
769.83
555.13
786.03
449.19
639.58
167.04
797.36
457.9
258.81
756.22
236.06
285.1
540.27
15.51
599.45
30.66
744.38
774.16
613.73
347.74
489.92
330.25
574.68
117.36
719.93
410.84
226.9
702.37
222.45
652.66
46.1
647.85
708.56
90.35
771.29
89.55
689.69
431.61
633.3
180.1
489.13
150.18
165.38
557
421.64
430.77
465.32
654.35
493.77
144.23
398.8
647.74
704.71
603.85
138.14
504.02
601.14
475.32
71.1
198.1
373.5
574.53
571
332.04
358.72
317.42
594.99
585.25
705.33
238.31
323.28
599.62
397.87
433.52
146.8
356.37
773.29
208.22
561.78
45.75
422.84
675.33
5.25
82.26
347.81
259.05
310.51
3.82
764.67
507.98
320.74
37.85
373.98
115.15
440.24
35.19
612.37
8.61
573.68
57.67
704.29
196.33
244.62
547.78
250.48
798.3
564.64
290.01
789.38
544.81
266.62
166.19
130.03
795.36
417.48
388.83
297.21
751.18
754.2
57.37
356.03
86.62
373.69
724.88
621.27
648.32
468.78
357.41
142.98
785.84
332.28
256.4
74.88
509.47
688.58
281.13
658.99
549.77
388.81
527.24
491.73
26.1
178.94
142.78
259.31
30.43
673.68
432.22
286.35
789.46
186.2
687.9
204.24
264.99
501.61
573.83
478.9
360.27
758.52
760.18
676.71
773.45
413.67
168.13
420.91
650.97
151.55
56.5
661.04
134.03
82.04
536.17
232.87
296.75
304.96
641.34
113.09
228.48
468.26
264.22
361.57
639.95
181.98
46.39
211.35
136.35
272.49
707
386.82
88.55
535.55
82.8
583.8
313.72
315.43
43.27
716.28
21.83
512.49
10.67
730.51
416.76
408.06
793.49
25.26
328.45
32.9
526.15
19.64
327.71
258.7
620.83
644.58
613.23
501.68
61.73
103.2
600.25
670.35
58.33
509.47
228.22
793.17
420.67
504.75
682.96
601.48
462.25
644
361.89
351.02
594.01
485.2
60.68
490.06
186.92
474.51
485.17
197.51
133.46
101.3
147.01
490.52
530.1
350.14
411.4
69.89
238.05
334.16
82.28
42.42
144.24
321.02
58.09
52.18
387.41
292.57
49.04
479.66
350.7
701.6
526.81
714
603.97
344.57
674.8
216.91
111.98
513.42
653.75
201.45
159.99
417.46
296.23
658.33
236.71
194.1
596.17
424.67
407.39
670.33
649.53
797.3
374.83
189.42
4.12
763.27
549.54
215.15
231.53
25.3
475.1
96.08
642.66
139.47
235.79
661.62
418.28
582.91
319.34
422.42
565.77
710.89
488.91
194.54
608.52
521.81
312.68
65.28
163.66
76.62
423.56
155.39
107.54
799.61
48.59
406.84
421
487.82
531.47
617.88
387.85
687.65
673.36
265.32
331.49
596.56
90.27
292.32
37.83
106.91
548.29
698.86
424.7
268.8
349.07
31.72
606.49
692.83
361.9
400.03
469.79
45.44
201.38
785.15
209.83
331.11
459.06
219.75
398.68
468.25
365.48
667.04
748.73
571.36
40.18
573.09
669.87
382.62
496.3
316.06
122.45
588.65
543.8
276.31
203.23
380.65
263.3
356.61
216.9
773.52
205.84
388.89
547.54
612.03
29.2
329.58
608.52
74.53
401.11
632.97
123.7
28.31
259.46
585.69
481.74
758.07
504.19
354.07
205.55
180.25
760.25
604.6
563.94
256.2
733.15
741.61
447.5
710.08
680.86
115.92
79.74
592.89
684.26
102.17
584.75
403.74
201.47
154.76
605.15
266.71
370
750.04
79.59
274.53
314.07
360.49
409.97
279.88
635.26
419.31
413.28
558.06
155.85
437.35
21.7
722.67
416.19
278.17
239.69
503.64
78.6
674.09
497.82
757.6
480.63
41.15
326.73
51.55
394.18
607.75
55.64
247.14
293.19
206.79
326.45
635.9
206.97
724.97
784.92
99.6
73.51
773.94
617.18
255
137.2
704.64
451.56
133.5
605.73
269.68
504.17
197.66
440.21
400.3
601.33
475.55
240.23
671.19
167.39
620.76
706.56
568.24
166.76
139.01
650.2
129.59
463.11
290.1
429.15
159.26
715.24
343.86
645.75
717.85
253.33
204.51
43.4
329.98
199.1
619.95
366.68
279.85
265.08
538.18
505.16
597.37
539.03
188.96
422.4
240.86
152.57
465.47
613.13
776.37
792.47
617.1
617.75
204.99
396.38
545.08
432.36
180.13
362
669.27
622.2
37.86
100.13
87.19
549.49
637.76
32.22
20.98
349.86
357.4
750.94
570.67
758.17
453.42
513.85
315.72
232.36
582.6
108.4
411.32
49.11
31.2
557.05
516.34
68.42
496.06
44.76
181.34
581.03
515.68
793.75
45.11
440.21
306.54
572.93
563.45
188.56
203.8
674.69
289.06
157.71
300.25
660.08
403.39
395.44
704.85
318.89
172.33
115.14
76.96
419.2
542.94
191.12
751.95
699.65
377.65
496.2
60.73
332.22
252.15
666
575.44
27.23
717.06
645.3
291.83
195.93
508.25
63.29
328.2
761.42
77.27
723.21
382.68
537.37
270.32
199.04
508.95
207.82
765.58
598.52
671.82
341.31
41.83
576.48
164.73
691.84
688.89
760.22
300.59
393.21
598.91
281.57
649.15
2.42
186.91
465.31
707.72
686.1
764.81
501.38
441.03
228.01
345.03
403.51
358.87
210.35
363.17
333.34
120.53
524.71
647.18
647.25
590.18
672.18
636.43
2.14
156.68
490.36
81.29
221.34
119.11
532.33
411.04
522.73
222.64
383.56
357.19
346.54
137.57
451.73
760.6
141.98
717.24
745.95
162.09
194.74
17.35
791.17
70.74
215.74
410.61
411.84
727.83
42.47
454
460.28
382.94
372.74
499.61
321.58
526.22
767.51
394.17
481.23
721.67
81.91
517.16
727.64
329.59
438.68
116.14
478.61
293.24
677.64
461.42
323.7
489.1
375.15
272.06
481.21
224.85
324.11
120.09
3.38
243.63
154.01
346.32
494.04
662.42
223.24
221.7
666.07
696.43
643.08
602.12
183.29
324.78
716.15
83.13
252.41
169.2
240.02
683.13
182.96
630.96
410.63
603.51
609.45
288.42
453.44
509.86
512.91
654.62
253.76
276.06
459.21
123.69
190.3
241.14
36.56
549.51
410.05
390.66
335.64
694.25
474.84
611.71
498.6
526.88
50.39
535.4
641.19
111.35
98.06
237.46
471.69
539.85
699.27
480.97
10.93
39.35
371.61
23.44
591
341.81
382.77
152.39
682.98
333.49
306.56
222.16
1
744.1
468.96
776.23
513.21
696.19
188.09
89.98
652.76
348.79
771.74
205.25
662.66
362.17
70.12
234.92
674.57
776.1
315.82
398.48
705.17
231.94
26.78
662.28
65.27
778.49
601.64
587.4
687.98
144.66
189.62
360.81
796.18
347
420.47
767.03
686.48
378.79
491.18
567.39
394.73
553.11
417.77
474.21
375.19
222.71
113.81
140.01
110.53
690.62
29.47
412.42
612.19
57.81
566.29
281.16
688.41
590.15
97.88
65.64
390.36
436.53
421.26
278.14
593.48
236.37
798.19
611.73
175.83
204.58
485.54
325.77
74.5
469.92
34.86
678.33
391.59
70.94
565.61
583.72
63.71
371.98
744.36
101.88
338.4
116.99
598.97
667.35
330.46
301.54
43.2
259.42
155.6
280.99
338.33
683.82
142.74
547.58
16.14
405.04
583.65
173.33
760.88
643.6
515.82
312.25
629.06
756.75
398.3
648.95
539.65
100.7
540.96
332.39
568.28
549.21
71.71
521.58
275.69
798.65
672.86
780.17
665.35
47.6
470.3
156.02
9.68
376.23
511.35
284.45
675.33
318.53
500.41
66.99
19.46
695.26
563.25
313.8
440.5
168.77
718.98
694.82
512.34
398.71
352.76
182.67
205.68
267.25
18.27
195.17
363.84
753.97
518.58
553.07
158.05
718.99
605.36
606.52
733.23
603.57
113.95
642.55
578.79
18.38
77.88
80.63
325.45
365.82
657.53
28.57
158.43
243.14
315.9
208.41
60.19
141.68
697.71
313.56
205.7
465.49
745.13
567.86
579.57
294.73
205.63
371.18
723.99
658.37
559.36
623.51
83.65
515.17
456.09
53.26
248.69
593.72
513.92
154.19
483.89
644.92
532.4
242.64
115.36
307.03
163.53
63.82
257.04
694.19
574.53
291.42
231.56
677.71
33.57
83.07
354.89
450.87
643.17
141.45
207.64
202.8
686.44
306.97
358.95
775.89
686.62
201.17
160.69
241.85
382.74
574.54
180.03
395.69
38.77
619.76
278.25
8.68
758.78
405.54
93.67
631.17
334.47
354.1
529.96
727.52
774.04
745.5
717.14
267.33
7.2
558.95
50.38
701.83
58.06
669
261.53
635.35
457.05
734.82
774.97
489.64
53.76
613.34
293.99
703.59
29.16
747.49
211.75
754.37
507.9
549.09
239.36
400.78
308.49
657.39
82.32
648
495.63
397.9
712.8
406.68
27.15
429.58
525.28
337.16
229.1
553.9
123.92
473.78
330.94
677.82
675.49
155.57
70.08
22.61
95.56
421.63
112.72
624.28
622.67
447.43
572.55
346.6
479.54
253.94
608.89
121.5
640.2
22.21
775.62
579.12
382.72
210.47
633.35
421.17
124.88
126.91
83.16
280.75
469.6
310.24
693.81
509.43
733.79
279.36
204.06
503.81
259.13
50.06
636.54
445.59
103.99
363.7
16.49
98.88
69.47
510.89
258.9
479.8
545.53
623.71
739.68
353.54
183.3
379.51
505.84
704.31
481.42
268.21
135.1
470.42
24.01
417
113.34
149.96
173.35
456.25
702.68
357.05
332.99
387.14
250.13
668.86
259.08
641.03
186.82
702.59
197.07
505.52
256.67
377.8
170.47
19.82
621.47
196.98
492.53
327.55
317.12
365.22
643.21
9.89
427.88
136.29
604.17
411.41
605.53
781.18
326.82
642.83
213.57
2.52
123.4
249.79
515.4
567.96
445.35
764.28
516.13
283.86
638.03
239.53
201.02
483.56
774.89
448.33
138.15
792.05
485.02
240.7
678.39
769.5
338.35
183.6
286.72
760.71
178.36
71.57
161.01
791.12
542.63
607.52
28.34
713.04
330.17
580.63
148.85
701.54
785.2
25.77
702.53
544.12
263.79
372.08
160.3
139.33
326.99
460.02
709.46
13.27
3.58
643.81
411.27
783.62
717.48
621.99
557.13
294.81
578.61
760.44
738.59
708.78
368.37
176.94
621.09
758.74
464.49
251.24
50.14
359.26
188.65
374.32
71.87
565.79
735.84
380.19
600.71
696.5
791.12
641.19
590.8
308.11
42.18
325.29
257.76
243.23
773.54
664.81
248.02
79.73
101.3
314.57
473.61
86.78
256.47
737.53
704.4
12.65
29.73
490.95
288.88
179.19
354.23
703.34
670.54
350.63
67.68
331.44
285.07
240.18
609.07
363.66
538.92
250.93
231.82
651.79
732.02
126.41
105.03
535.3
0.12
688.76
516.88
740.34
792.7
640.35
326.01
249.79
399.72
473.8
436.3
316.82
656.7
199.1
155.48
177.18
516.52
44.96
475.42
789.28
563.42
134.69
514.89
572.42
560.33
261.65
5.98
215.51
26.42
575.13
177.09
490.35
358.91
515.46
45.16
751.42
121.47
8.07
568.51
32.36
325.09
20.59
146.9
437.96
60.49
161.38
485.1
784.56
127.05
232.78
613.26
268.19
563.64
748.68
694.66
697.41
102.97
450.33
181.51
596.62
621.14
708.48
512.97
381.3
625.25
120.69
581.17
161.02
550.87
514.55
409.86
729.56
226.42
123.53
601.72
482.83
652.45
714.9
767.06
691.83
373.38
580.4
729.42
564.74
715.78
401.07
15.93
236.5
96.68
5.99
252.18
411.56
290.47
86.59
503.91
572.42
532.15
625.02
156.51
311.35
35.96
437.03
238.36
62.49
561.59
219.17
90.25
384.52
273.25
776.2
450.34
575.64
100.38
426.74
568.3
560.84
449.98
268.15
481.56
709.18
480.7
468.78
279.09
358.75
680.58
209.51
91.19
75.34
561.61
154.61
545.17
756.36
761.6
145.23
235.39
421.68
798.66
122.59
433.04
655.35
82.39
554.15
137.5
114.01
517.23
246.63
640.94
50.69
207.65
274.04
250.67
236.43
72.77
141.5
462.42
72.66
497.87
554.44
386.3
733.66
438.24
479.37
40.78
127.19
783.8
604.36
357.56
178.56
386.29
438.03
523.72
690.35
674.71
177.25
314.79
265.73
448.23
685.28
608.27
40.04
335.28
281.77
358.32
643.1
403.63
177.57
234.86
564.57
270.49
422.96
725.63
518.79
97.86
249.02
708.14
32.86
273.73
429.01
198.46
33.55
532.63
124.44
530.2
131.7
101.66
296.81
85.86
638.31
525.26
338.38
602.48
770.64
170.75
696.26
685.19
165.38
270.57
604.88
416.79
381.25
392.66
97.87
13.88
496.73
631.24
284.34
101.17
169.22
432.49
554.04
627.78
288.97
250.22
52.72
723.41
611.82
592.57
166.35
631.83
640.54
345.48
753.55
697.36
484.92
583.7
158.76
310.01
62.68
616.61
288.9
731.78
766.69
342.67
217.46
674.1
140.17
737.17
444.92
149.5
375.51
190.76
156.68
203.75
500.7
560.66
598.32
265.82
725.32
745.61
602.53
411.16
15.44
197.42
219.33
574.98
346.07
523.03
776.34
294.66
416.68
91.09
389.67
616.98
141.98
305.01
159.27
293.05
80.24
235.38
290.26
654.19
673.16
437.47
401.73
248.4
222.82
239.64
734.07
106.67
359.02
409.46
52.24
746.47
765.57
607.7
715.7
785.74
145.72
741.78
58.04
434.59
12.46
697.58
644.67
344.84
677.55
291.83
382.37
490.66
29.79
520.59
78.17
133.02
41.61
81.96
290.1
702.46
572.89
477.84
662.32
75.82
33.56
606.46
341.19
356.13
474.22
442.62
331.42
3.87
402.17
367.54
621.38
643.11
782.97
679.72
44.51
195.99
681.75
239.77
301.48
511.09
648.2
215.75
718.25
701.59
113.07
581.41
273.11
242.1
110.15
120.53
283.75
15.71
144.19
220.71
52.83
483.04
422.57
669.25
404.94
292.21
50.7
234.74
186.67
30.23
713.54
118.21
110.49
426.89
306.05
75.43
297.62
118.22
86.8
595.81
556.98
5.15
95.87
147.19
272.7
676.92
613.39
401.84
190.4
335.6
340.5
95.38
624.13
461.5
258.94
748.91
241.57
776.99
4.71
166.18
720.7
45.51
235.03
706.27
368.39
604.24
75.55
232.85
289.64
144.82
340.93
409.22
136.37
343.82
506.11
14.59
382.06
751.76
457.42
65.46
545.32
203.49
43.84
131.02
331.56
282.78
333.65
106.25
548.4
371.5
361.51
551.83
762.83
588.51
23.48
233.02
580.53
313.94
149.61
677.43
427.92
760.24
700.77
749.95
227.96
513.65
359.12
669.75
60.15
407.36
146.9
491.65
545.87
343.11
267.82
322.99
7.63
133.88
219.71
467.53
478.24
366.11
226.1
735.27
99.65
365.77
414.37
707.33
747.1
49.49
182.44
723.07
221.55
181.38
565.83
21.42
149.13
644.02
634.75
115.05
444.62
791.19
627.14
328.36
543.6
91.8
101.91
214.7
395.18
614.97
335.21
0.87
249.45
237.13
744.48
167
728.18
98.35
612.35
344.62
285.19
731.46
647.17
632.61
666.1
426.01
392.9
603.16
658.21
75.35
385.82
773.55
320.28
275.53
238
305.8
174.89
418.42
197.15
422.83
29.66
592.06
73.02
221.39
424.08
303.69
756.26
283.3
284.76
261.72
356.72
408.69
255.84
366.58
614.47
247.71
750.36
162.47
676.08
148.64
603.07
521.35
112.55
37.75
52.4
619.04
231.25
387.94
318.73
332.87
738.46
354.94
450.24
523.53
465.89
392.98
766.02
544.25
787.97
98.24
12.28
34.66
400
795.98
712.83
343.35
679.16
263.38
211.08
369.78
439.2
664.32
561.46
649.31
118.19
360.82
560.95
585.31
308.52
154.27
799
750.26
66.08
485.84
200.46
470.46
690.07
176.31
730.75
263.64
144.08
397.77
646
779.02
660.78
771.38
558.79
675.09
490.89
159.32
741.44
151.04
49.39
157.01
772.46
703.54
547.55
670.47
98.47
112.94
12.63
719.18
660.84
397.62
331.75
208.6
511.07
746.89
390.34
313.65
401.33
794.13
734.15
317.66
167.94
267.38
753.85
181.03
149.75
211.33
75.25
105.51
449.22
271.8
340.58
539.74
432.13
402.64
344.85
26.03
406.01
114.16
799.29
637.53
495.08
573.11
556.21
110.01
180.1
106.33
114.54
328.19
501.26
252.45
462.21
788.64
322.49
377.5
626.92
257.72
440.13
328.38
678.92
410.8
709.71
704.56
251.45
645.53
65.79
702.14
83.2
720.02
356.96
119.25
364.77
609.28
469.96
34.34
96.86
670.12
409.22
87.33
428.23
751.17
592.5
560.16
142.64
26.52
315.2
689.5
437.35
658.5
498.49
509.08
242.26
132.14
314.1
171.82
408.17
446.15
608.16
282.07
237.9
66.88
213.33
579.55
291.52
684.62
617.64
164.22
286.01
183.92
42.77
288.23
417.35
671.95
476.58
291.27
606.38
543.47
272.81
686.9
516.31
413.47
342.29
323.4
692.84
58.47
244.9
525.07
165.26
496.79
493.43
467.75
308.74
348.26
260.98
157.51
434.9
305.12
355.68
567.42
78.63
541.61
784.29
706.44
64.58
122.96
77.78
608.23
448.89
481.49
520.27
782.55
550.37
127.36
467.95
617
602.19
479.34
363.94
647.04
235.17
798.94
794.35
786.8
342.93
671.11
340.42
423.63
586.52
343.35
382.11
570.16
386.82
640.37
707.84
178.28
21.27
630.62
528.2
795.36
339.91
691.51
702.85
32
276.27
592.52
149.88
217.67
277.85
103.61
350.21
549.19
637.69
531.84
470.54
269.55
535.49
618.54
413.44
657.89
431.55
260.75
670.79
622.4
670.66
655.63
135.44
638.06
312.75
99.78
552.62
52.08
4.49
347.63
378.7
592.2
300.47
720.52
68.14
711.13
461.43
380.86
241.63
409.96
459.15
432.46
3.16
68.94
99.91
41.54
112.08
548.7
417.43
763.01
26.6
565.65
561.14
461.98
603.45
736.36
552.45
6.76
336
504.52
711.81
742.98
272.3
45.92
693.57
446.95
538.61
149.59
199.08
492.65
581.12
773.78
16.87
83.58
297.91
636.35
477.78
777.25
159.91
445.97
537.11
229.86
788.35
130.21
231.7
188.44
320.59
219.53
386.77
682.43
581.99
380.49
300.27
447.65
686.63
241.65
545.13
654.24
34.91
253.78
779.27
510.49
595.48
252.92
702.9
235.51
258.54
95.93
587.27
397.33
186.18
649.08
180.18
254.83
9.81
646.08
799.56
565.26
729.3
492.82
688.2
422.82
581.5
74.44
618.53
620.32
660.66
469.33
584.64
273.22
407.19
292.18
150.11
766.28
14.26
40.05
733.25
38.07
746.71
538.02
291.84
516.96
95.26
784.36
551.8
140.29
511.1
695.5
586.71
332.75
282.66
496.15
292.08
765.51
252.57
654.67
597.1
658.39
115.73
681.8
671.97
561.77
793.83
468.61
38.63
476.2
306.44
113.11
314.27
245.58
570.23
358.66
1.88
37.7
438.73
269.47
112.83
685.42
595.85
501.85
363.69
99.24
710.38
180.4
107.29
265.51
377.67
496.77
244.55
181.82
455.96
779.78
798.05
207.53
350.21
10.48
370.05
612.32
796.24
780.02
62.92
325.62
18.67
461.7
147.26
448.05
451.45
253.75
400.05
215.37
444.45
663.98
710.56
121.55
493.29
186.82
428.99
405.28
390.12
65.88
76.88
290.02
616.99
790.3
155.52
786.87
368.21
76.92
149.4
769.43
327.91
438.8
632.61
145.58
607.36
654.54
647.38
334.36
587.54
160.77
29.79
42.81
663.48
313.07
93.16
81.24
371.7
697.89
736.33
255.07
412.53
58.66
608.19
104.61
181.82
104.18
492.87
445.85
31.64
688.24
121.9
73.23
694.94
148.96
169.43
536.97
34.09
759.1
776.95
658.14
208.08
423.88
566.93
369.46
760.3
392.75
326.31
383.09
531.68
513.46
70.15
421.46
682.8
211.94
318.36
401.57
58.88
564.25
17.36
424.34
504.73
88.47
459.85
588.3
517.43
716.49
313.41
565.73
653.59
202.7
602.5
42.55
213.58
738.04
74.14
278.61
524.88
227.27
481.96
527.76
773
674.87
394.44
347.82
110.99
684.22
177.21
21.08
680.85
272.35
281.13
460.24
707
231.58
537.13
267.51
48.75
655.84
116.7
179.93
83.47
490.06
455.79
61.46
49.03
277.73
245.35
673.95
43.66
334.36
648.14
600.29
592.1
538.84
432.13
386.13
733.61
448.13
539.98
432.36
310.88
323.48
269.34
83.24
253.57
186.12
594.22
36.19
613.15
176.49
231.31
67.87
68.33
279.74
189.71
349.02
467.26
665.76
100.99
100.43
157.69
313.51
533.73
408.66
644.82
481.39
594.75
704.67
224.19
701.99
139.78
529.07
463.24
778.65
445.23
58.48
202.69
684.51
191.65
642.97
313.19
408.21
251.16
190.31
270.19
714.32
755.48
63.75
731.51
511.1
512.91
531.58
207.35
605.71
392.75
135.52
226.86
378.36
115.43
192.27
363.17
501.55
732.81
549.84
244.22
274.82
410.51
650.35
333.34
631.38
306.72
293.18
445.66
32.49
443.31
159.07
327.33
55.68
15.14
631.67
509.87
248.76
189.64
498.51
582.41
758.07
516.1
563.28
186.06
101.02
406.78
453.67
290.57
446.91
595.59
239.85
356.31
129.67
461.14
270.66
679.38
254.93
446.34
153.43
166.04
643.97
283.91
92.79
661.32
88.87
53.25
200.49
403.32
350.08
389.46
91.73
516.66
319.22
214.47
185.62
448.69
30.13
731.53
123.82
88.78
346.89
399.32
753.91
768.51
777.47
594.88
538.65
441.4
255.84
299.31
81.01
551.63
706.19
452.13
308.15
680.56
637.82
792.95
256.29
302.42
176.57
543.44
343.66
514.22
427.53
468.91
301.65
146.99
426.72
196.94
17.92
139.15
412.51
74.32
178.64
41.4
271.32
741.98
219.65
651.85
497.99
514.92
717.69
285.2
546.99
201.29
490
735.49
585.81
795.51
277.21
329.36
413.66
564.16
709.91
500.52
716.12
333.66
133.47
106.83
156.01
96.97
318.54
314.24
451.48
488.35
177.32
136.66
573.74
532.1
315.43
51.9
556.51
196.08
295.69
556.67
356.09
156.1
403.92
418.59
36.33
384.61
27.42
757
745.16
390.43
505.17
176.27
174.02
270.89
698.22
573.89
697.66
747.7
272.19
676.73
680.61
785.27
343.05
719.3
649.88
612.24
65.57
31.8
197.13
133.86
587.46
302.1
529.93
425.93
73.55
580.95
262.74
80.32
295.93
149.74
391.55
612.43
769.38
467.04
168.38
534.42
452.56
457.94
705.41
100.99
226.31
711.11
715.72
748.17
533.17
384.23
400.69
332.98
418.02
274.41
312.86
132.71
288.8
302
108.95
125.79
482.38
566.42
227.6
246.74
453.11
736.65
269.71
349.9
211.81
215.52
647.1
312.06
70.14
396.33
222.87
558.84
451.96
426.89
123.37
215.85
387.47
95.55
538.68
112.12
649.89
173.86
77.54
790.5
345.34
303.77
278.77
633.34
550.49
305.9
71.97
153.85
205.35
522.47
22
750.22
572.37
606.33
230.61
211.45
458.62
98.45
340.95
496.31
17.17
554.28
623.99
444.03
555.3
119.92
650.81
367.49
301.73
383.54
291.26
541.35
528.26
29.34
727.46
396.23
54.7
658.27
301.36
634.77
469.04
203.33
566.59
762.72
24.43
463.14
25.39
634.82
528.81
194.17
72.2
362.23
73.24
537.33
429.48
239.06
196.89
103.13
234.83
171.9
252.81
354.67
72.67
596.15
494.64
131.19
98.21
404.12
530.51
8.47
52.91
725.43
91.22
764.95
787.93
615.04
551.61
349.55
409.07
488.1
329.97
450.34
494.93
226.82
784.47
469.67
648.49
795.41
95.39
281.35
252.7
32.18
376.09
502.56
762.1
529.8
356.03
121.08
703.2
358.5
691.14
676.49
117.37
653.52
24.11
772.05
405.51
105.57
761.91
386.4
170.49
115.51
732.9
228.24
627.22
165.88
777.04
267.04
210.49
639.29
672.73
700.56
726.2
238.84
180.34
269.89
463.56
607.85
535.67
36.39
422.36
723.28
667.28
163.62
761.07
249.84
491.77
648.97
46.63
702.22
413.8
505.58
369.22
18.72
146.15
5.56
16.3
663.73
109.3
443.99
24.05
150.58
246.6
692.15
718.06
223.39
377.06
573.38
199.62
619.98
83.99
147.46
297.79
294.52
410.92
80.3
704.84
768.15
618.03
752.39
443.58
589.91
87.34
477.57
660.9
479.31
546.91
19.79
710.95
132.63
719.24
365.83
41.1
791.42
417.81
229.49
359.02
313.14
529.4
337.87
381.8
104.39
489.92
213.96
39.98
155.86
766.61
119.06
268.3
126.18
712.32
648.83
9.55
466.8
78.1
146.23
531
281.52
309.44
30.07
170.41
778.04
492.78
757.39
575.87
41.99
155.75
637.67
234.72
210.4
720.32
394.24
238.93
89.02
420.61
210.32
32.01
498.36
183.9
380.14
182.35
687.07
416.23
136.8
105.19
159.66
617.45
653.13
103.94
698.02
457.86
233.78
537.62
200.05
259.52
65.24
538.45
591.62
790.22
568.08
420.99
650.46
256.42
612.17
522.23
364.14
626.9
355.54
676.02
797.95
239.19
236.81
728.35
733.16
383.88
38.12
111.34
369.43
169.83
449.8
166.71
282
757.19
559.45
570.55
199.59
452.33
663.51
608.41
754.15
305.83
290.35
25.06
740.53
385.87
619.03
272.09
315.31
689.52
456.9
289.4
177.72
484.64
482.86
624.55
22.58
598.01
201.35
416.42
218.37
357.64
314.58
245.18
180.42
247.02
731.29
183.51
383.38
83.98
515.95
558.43
653.14
523.08
419.43
599.63
179.6
74.38
732.87
238.1
767.62
315.6
612.4
605.06
591.68
725.44
431.47
517.17
14.64
522.07
607.39
345.74
271.94
723.56
196.73
560.58
38.88
174.43
80.67
0.38
756.09
623.89
418.24
230.23
295.46
677.16
730.2
11.49
793.32
700.39
317.51
223.52
271.37
263.18
219
433.89
341.92
496.2
54.41
106.84
167.05
620.85
162.19
213.43
519.96
605.24
624.31
269.53
491.13
410.24
536.79
456.31
577.06
628.76
249.73
727.36
591.47
360.09
318.66
61.05
609.18
522.43
326.51
44.79
452.18
394.25
500.33
214.52
785.18
686.66
489.99
6.73
443.1
268.17
544.07
585.73
312.26
64.53
166.74
636.1
306.54
202.78
728.52
138.67
499.1
432.42
584.2
238.33
365.79
233.41
408.06
178.93
438.19
741.87
773.25
586.17
161.99
633.88
417.22
249.43
224.48
234.56
540.47
569.27
405.74
575.52
188.65
206.08
533.12
196.87
53.06
665.25
436.36
288.23
412.9
12.96
720.05
134.6
370.21
793.25
790.39
511.12
186.02
50.42
619.11
717.88
112.53
521.62
224.81
462.34
665.42
542.04
638.56
213.69
678.62
525.76
608.79
499.66
533.59
515.32
516.3
425.14
24.81
290.5
657.8
704.86
434.5
235.76
601.81
475.52
157.29
600
219.53
703.49
122.71
706.82
70.17
316.36
482.61
381.62
152.21
505.6
61.58
381.57
134.16
623.15
400.43
725.97
143.97
447.32
77.47
704.82
715.77
592.41
248.32
771.47
587.04
473.08
118.63
127.8
306.35
288.73
527.91
629.71
140.66
718.1
40.66
429.32
766.6
684.28
415.25
519.6
250.22
362.75
170.36
688.24
357.87
232.53
679.5
791.06
586.71
222.25
292.45
491.76
399.67
732.58
116.22
79.9
540.16
345.59
284.67
611.55
142.98
775.71
742.4
680.78
419.42
501.96
716.92
351.16
297.39
237.64
402.15
614.68
610.52
129.47
774
624.63
200.5
38.45
637.62
182.67
50.01
233.1
588.86
730.42
253.97
254.69
748.81
394.99
539.77
236
176.22
13.22
470.43
495.47
760.79
127.63
284.94
731.64
742.71
36.64
358.18
729.15
670.84
403.84
291.38
584.89
787.95
344.02
785.02
740.54
578.36
131.17
574.2
431.72
512.12
766.21
563.22
423.85
4.53
283.43
690.74
579.31
138.78
658.68
757.41
580.58
93.6
499.66
546.22
333.99
399.48
330.3
317.58
360.48
160.39
404.73
345.13
766.84
717.55
400.21
97.34
84.17
54.85
238.64
620.89
535.89
620.93
758.05
438.17
77.67
207.94
470.49
47.87
199.38
421.9
780.26
288.03
91.14
618.04
290.01
292.03
132.87
562.12
487.16
81.5
23.59
508.88
410.3
621.41
286.35
497.36
509.1
38.71
488.09
320.44
654.1
752.92
10.73
428.67
665.84
620.39
3.42
269.06
739.45
279.35
396.37
339.11
51.56
612.7
752.7
359.42
645.01
794.79
445.56
709.79
206.69
691.12
356.09
514.43
368.13
305.09
39.88
534.61
162.32
477.2
84.73
253.06
454.94
154.72
292.66
698.67
692.22
574.43
167.88
503.39
612.32
502.81
620.54
107.44
254.26
310.15
556.54
321.19
272.2
649.69
121.67
362.66
785.77
415.74
564.48
329.72
417.47
210.68
602.07
108.5
719.62
453.02
79.19
569.52
654.56
612.14
20.92
58.38
223.9
708.53
18.59
481.37
14.11
607.92
151.04
2.15
482.5
26.18
767.22
468.47
597.94
446.68
444.56
58.99
494.02
536.86
356.36
21.52
526.75
716.21
98.63
263.08
764.57
642.07
795.43
228.6
517.44
157.12
675.07
574.37
488.8
200.68
466.21
205.53
399.55
644.85
496.14
231.67
233.11
412.89
410.99
356.29
366.57
640.14
673.08
53.55
407.79
64.57
507.6
611.3
538.73
20.15
12.58
500.02
570.36
19.04
257.5
624.32
406.09
358.08
589.92
167.59
392.14
308.95
148.84
310.28
345.53
297.73
755.29
719.62
360.74
263.67
25.49
262.24
796.07
72.5
274.55
412.46
94.26
550.88
718.14
533.5
353.65
606.1
616.05
721.27
98.22
735.23
675.21
660.31
663.12
421.79
314.38
240.35
544.68
77.44
746.1
43.36
517.54
4.91
306.71
67.31
463.03
266.48
356.19
226.86
450.75
740.59
132.82
731.36
377.8
538.88
229.33
409.82
21.75
464.53
733.11
139.22
726.32
666.27
591.39
382.85
652.91
176.57
71.13
244.81
214.55
352.71
49.36
633.43
638.55
224.19
503.89
260.65
23.35
134.4
566.48
66.24
403.12
159.88
259.1
612.93
611.71
762.05
587.12
191.7
781.92
463.82
596.56
503.69
177.08
24.71
476.4
481.61
47.5
259.43
569.47
121.18
626.87
372.55
600.33
753.34
680.56
314.8
582.63
512.08
247.66
295.08
273.66
576.03
413.47
648.13
354.04
709.9
761.98
757.26
457.93
333.05
553.56
307.98
402.48
305.01
220.4
344.82
119.14
100.9
430.27
498.69
30.36
589.25
72.16
355.9
6.02
26
143.55
528.03
192.28
119.98
189.5
380.85
321.39
392.05
573.06
260.17
515.43
339.77
330.08
616.03
594.04
83.91
474.68
162.25
7.59
782.63
148.25
76.59
510.64
253.77
49.64
260.84
44.44
701.13
773.07
401.47
347.71
170.15
111.48
215.56
781.4
554.03
150.44
592.1
355.64
298.56
89.09
375.74
62.59
258.03
453.83
121.3
104.1
227.93
167.06
139.85
722.44
688.84
101.34
754.74
649.02
458.53
688.82
642.08
640.9
764.21
288.11
455.41
107.36
158.8
271.08
112.15
126.3
392.9
266.84
16.98
170.13
63.77
237.55
268.83
169.72
760.69
251.57
30.49
699.2
226.1
98.19
735.88
695.89
544.4
52.93
94.75
84.59
367.8
116.83
61.05
683.8
6.13
162.48
35.44
66.12
541.91
729.2
54.45
442.83
417.15
488.71
306.3
60.97
414.82
669.58
127.69
435.06
14.53
574.63
220.7
741.76
45.48
497.7
629.57
297.4
13.99
358.04
623.14
778.27
376.19
25.58
673.89
657.83
253.83
8.6
74.01
221.13
235.36
215.07
349.11
378.87
335.4
18.59
499.44
111.03
763.26
385.76
692.37
201.39
424.44
101.63
149.94
635.26
238.23
756.24
341.72
182.4
48.7
466.54
115.83
410.23
730
352.16
679.65
368.22
93.57
46
683.66
232.63
304.01
785.05
490.24
155.37
783.84
394.7
103.2
288.52
399.89
335.67
738.46
183.55
718.7
764.28
149.78
612.57
779.99
627.4
711.58
291.34
238.33
595.13
499.23
688.59
581.7
422.83
689.82
606.94
224.79
580.95
411.06
617.52
211.81
349.81
598.16
644.3
500.12
575.01
198.71
178.14
113.21
396.6
384.69
226.38
665.27
392.89
547.15
553.67
749.66
560.81
329.32
695.76
331.74
559.37
688.59
657.79
614.19
10.89
427.49
589.51
159.27
399.74
658.75
315.51
783.03
290.12
166.73
180.74
280.17
565.69
304.37
452.58
492.59
12.75
727.81
24.99
63.88
204.29
48.63
700.94
107.87
651.84
725.11
373.06
457.97
83.1
267.28
617.43
659.03
366.56
515.95
65.6
289.65
511.6
626.74
626.5
558.91
245.17
134.6
647.1
183.11
321.63
201.32
340.33
28.44
760.62
601.19
614.77
646.42
203.46
574.07
422.72
13.57
441.76
768.84
53.28
319.48
188.74
533.45
562.74
118.94
205.84
751.91
517.48
482.94
257.6
680.93
721.26
357.42
228.77
7.01
703.52
159.34
251.79
790.6
322.29
410.15
609.75
484.37
593.35
398.42
233.55
156.3
94.73
210.83
529.18
395.74
520.28
176.75
444.7
739.26
29.69
65.42
625.03
0.61
244.53
653.36
732.12
21.63
377.18
98.49
160.86
29.9
292.78
396.98
674.14
567.02
648.99
507.01
593.73
348.71
595.53
694.33
616.04
366.39
127.68
476.74
473.17
351.2
476.5
615.34
662.02
552.06
517.21
221.98
683.02
241.49
573.86
300.35
181.24
752.15
104.17
787.36
222.74
235.23
660.76
180.53
558.41
387.23
36.07
793.18
650.11
273.65
726.6
127.99
772.59
762.34
102.74
232.97
14.61
332.57
396.98
542.61
408.72
52.86
209.41
390.51
87.18
562.27
233.16
85.9
324.71
658.7
270.18
2.39
461.7
490.49
614.01
636.85
358.63
57.16
749.93
298.53
527.92
14.54
336.23
505.84
125.66
736.05
786.03
693.94
9.61
349.84
202.28
393.87
645.42
658.64
351.35
584.7
339.53
703.72
78.7
186.2
732.63
775.39
630.92
513.85
193.32
150.93
412.18
214.63
203.43
162.43
718.81
501.82
279.11
738.44
136.24
684.95
600.37
539.98
790.83
467.76
620.24
456.91
700.85
499.26
390.39
355.57
373.34
67.03
52.51
623.18
123.15
739.55
83.84
297.84
467.04
3.63
127.26
235.1
269.08
621.49
757.48
98.95
111.77
446.79
638.79
366.55
214.31
330.62
158.62
794.32
719.93
555.54
257.9
303.25
161.72
52.99
443.58
379.2
136.41
488.61
325.93
151.84
60.56
61.37
720.2
146.27
74.53
247.82
270.25
657.93
574.21
220.15
570.14
371.41
157.98
610.47
334.32
288.75
791.9
299.4
708.17
32.84
45.95
678.34
547.04
65.02
2.45
21.21
252.26
728.49
146.76
16.98
275.1
704.06
647.8
747.87
410.67
729.97
216.54
595.67
67.08
158.28
520.53
362.77
28.78
302.26
603.02
413.13
486.74
386.55
793.02
338.77
257.7
784.2
481.56
196.79
210.84
3.36
148.2
59.15
406.72
269.21
132.04
25.68
785.73
175.09
617.64
716.29
192.3
335.72
701.97
602.56
601.35
560.66
541.42
684.97
324.96
234.22
794.37
533.1
734.68
343.82
266.76
768.03
662.76
609.03
32.02
444.4
146.51
133.87
392.5
533.54
673.82
344.86
22.82
319.81
451.87
376.16
636.14
353.97
609.54
421.77
742.34
327.33
0.01
292.96
277.36
700.75
141.84
771.68
27.53
568.64
90.6
771.21
310.4
306.49
586.27
272.46
372.39
211.58
668.71
730.71
31.98
561.04
346.38
478.5
620.67
364.38
436.55
737.28
91.62
180.15
252.58
144.03
232.87
505.38
573.99
332.12
317.95
633.25
244.78
469.83
314.53
97.98
785.56
624.35
266.58
33.29
248.46
11.24
258
729.25
636.16
440.2
51.8
517.9
178.14
561.05
654.28
231.49
278.7
123.12
454.15
380.73
469.78
38.21
442.86
129.2
347.28
589.82
462.97
176.69
57.93
783.74
776.51
364.73
259.53
395.71
414.24
134.02
595.56
138.45
269.47
121.33
52.97
474.96
415.61
488.83
606.38
629.88
670.15
309.59
784.26
120.1
736.46
464.83
712.89
399.9
618.25
134.84
407.51
0.22
483.87
510.76
5.59
624.5
540.69
510.09
683.62
784.16
362.41
60.05
162.5
374.62
706.76
550.91
544.6
158.95
472.18
777.8
360.5
373.28
33.01
540.64
705.29
314.26
542.68
639.95
627.19
532.31
291.99
93.22
354.73
414.56
334.25
669.88
370.01
249.02
604.57
739.85
564.4
53.65
21.67
321.03
179.91
153.51
220.03
71.67
271.37
139.88
326.61
258.68
318.99
574.94
180.4
684.36
519.85
536.47
230.63
136.47
401.72
345.21
401.19
94.91 /

COPY
	PERMX PERMY  /
	PERMX PERMZ  /
/
MULTIPLY
	PERMZ 0.01 /
/
