---------------------------------
-- Permability values for SPE9 --
---------------------------------

-- Permeability distribution visualized in figure 5 in Killough's paper
-- Killough says 'The input data included in the distribution to
-- the participants included a geostatistically generated 
-- permeability field'

-- The values below are taken from Killough's dataset, they are
-- not based on the figure in the paper.

-- Explanation to how the data in PERMX is organized:
-- Under each LAYER (i.e. K-value), 
-- there are 25 ROWS (i.e J-values) under which there are
-- 24 entries (i.e. I-values) 

PERMX
97.68
717.41
615.51
376.66
101.19
228.39
676.95
167.47
97.4
354.65
359.25
772.06
453.04
134.68
672.69
796.35
322.48
50.58
671.92
647.79
623.39
229.02
592.3
561.69
697.75
442.19
790.4
723.6
33.83
228.34
424.16
237.15
705.18
770.54
476.62
180.69
290.9
538.72
101.22
683.54
301.93
168.98
604.79
403.64
491.89
515.75
346.13
471.75
297.13
739.75
419.62
164.08
514.05
130.61
146.41
587.93
781.8
730
665.06
325.07
327.7
764.77
547.06
131.95
104.2
125.23
370.75
378.09
674.91
661.35
48.8
371.47
307.54
110.3
729.19
613.48
519.28
29.1
183.91
196.17
580.22
233.16
274.99
702.74
246.97
182.64
42.15
452.45
790.26
397.99
346.42
387.29
645.34
13.78
740.58
558.38
661.09
99.74
531.04
660.58
77.56
334.27
548.89
258.75
234.54
68.98
223.89
761.07
799.13
22.28
231.17
684
641.66
164.9
746.74
657.26
555.09
629.65
467.53
579.51
319.07
734.77
122.76
6.03
376.08
271.36
629.42
633.02
590.74
682.77
46.19
676.6
484.93
365.13
444.9
724.44
10.07
705.92
176.78
747.97
542.57
487.57
517.27
480.03
425.81
418.39
437.92
284.5
509.24
391.05
672.82
227.53
593.53
438.58
212.66
155.95
640.51
223.21
750.72
625.7
130.29
229.75
424.32
615.8
625.94
530.03
796.22
587.72
174.99
479.03
736.5
103.68
378.17
201.77
345.56
118.31
577.61
678.21
154.08
93.99
200.39
514.48
212.71
699.97
678.18
620.3
100.19
265.67
420.03
144.86
675.19
337.86
770.53
96.58
367.98
122.13
551.72
448.77
643.5
195.68
720.13
532.91
626.27
649.94
131.35
129.92
243.54
797.85
269.61
323
180.4
576.64
582.2
37.77
577.34
67.32
532.39
639.83
146.42
614.19
492.12
582.27
159.46
487.84
657.14
427.4
710.77
100.63
573.43
283.08
405.15
308.26
31.43
741.9
219.76
122.87
721.27
718.71
176.74
646.94
9.43
243.64
578.8
752.77
790.54
140.87
47.03
610.86
395.65
395.55
684
454.83
742.35
411.94
747.33
339.32
753.94
537.86
388.14
499.94
390.21
46.02
419.04
106.24
0.63
601.89
300.8
11.05
531.39
36.97
449.01
103.8
78.68
646.29
221.87
501.2
609.22
527.36
542.26
556.05
726.66
402.29
356.95
385.07
264.12
684.57
684.03
114.96
404.75
158.36
262.33
645.79
293.04
311.8
95.5
295.05
641.33
492.46
310.91
195.38
522.26
329.13
613.17
67.21
264.45
756.06
384.45
469.59
771.2
536.77
327.82
445.03
403.81
656.31
541.13
557.11
775.6
559.56
55.61
202.32
381.19
149.66
638.83
777.38
576.86
171.79
397.99
252.91
43.02
37.61
258.86
761.51
63.21
462.82
417.08
769.99
204.08
420.4
260.56
655.72
667.54
6.08
491.76
631.2
795.86
411.89
348.23
171.01
763.89
589.26
372.02
583.38
762.85
636.96
590.52
247.99
471
565.08
323.37
668.38
644.79
428.1
441.1
278.35
596.08
418.04
343.55
506.52
432.05
312.26
138.08
327.69
617.41
628.97
637.03
359.27
310.09
345.69
511.34
524.24
683.77
256.75
698.65
2.28
618.36
390.48
24.64
213.96
141.02
126.41
378.14
495.96
666.9
265.38
412.85
113.05
580.17
208.55
419.02
209.36
416.72
768.45
687.93
618
39.73
644.08
407.21
143.15
522.25
285.89
37.87
335.7
792.35
55.08
9.83
317.27
385.07
362.96
663.05
439.6
770.5
509.28
553.95
561.44
245.26
638.66
123.67
772.85
103.03
58.44
238.28
438.05
666.53
571.91
470.41
55.92
306.63
43.53
779.67
785.42
177.05
682.78
357.42
699.45
453.68
686.88
573.38
508.99
659.38
474.11
287.5
300.96
356.01
361.82
128.12
759.43
778.46
39.71
783.25
755.1
265.91
322.82
7.89
510.26
396.64
422.41
61.23
382.9
180.17
490.08
596.74
758.79
295.01
387.24
341.69
778.29
301.77
56.51
9.53
198.92
316.02
781.67
737.21
541.85
301.61
118.94
268.5
24.71
439.41
488.05
426.42
718.16
362.26
688.76
118.23
173.13
7.94
734.7
514.47
297.03
400.76
268.72
190.09
171.74
783.1
0.28
143.58
683.36
449.76
134.47
70.46
757.57
763.26
489.38
212.85
107.01
434.87
23.17
546.45
483.24
420.97
739.09
728.17
790.8
463.54
244.46
324.16
604.52
180.54
337.46
788.92
445.79
451.7
793.23
238.73
385.35
740.56
13.91
751.68
21.99
193.7
495.85
280.24
694.46
580.72
483.64
762.62
162.16
40.16
312.12
618.28
195.92
648.09
442.6
683.29
80.53
394.17
531.8
397.35
118.01
488.9
343.48
753.05
620.64
742.91
33.98
793.21
564.06
576.43
416.52
719.23
250.31
321.76
699.68
473.47
684.82
247.4
345.75
537.14
479.59
20.57
343.06
392.88
366.3
233.9
65.98
774.8
788.11
513.65
62.15
148.77
333.33
197.22
157.8
43.72
5.79
325.42
60.45
211.54
30.88
427.75
162.14
97.35
394.14
581.79
221.11
251.11
13.4
336.3
85.69
210.25
729.77
32.07
189.28
644.84
694.48
729.95
784.13
439.57
4.02
665.52
383.21
749.67
64.17
64.99
491.93
354.86
550.48
230.8
28.41
689.28
339.55
691.93
396.15
69.48
451.01
744.95
127.63
563.83
669.37
430.98
156.64
308.77
509.67
616.95
513.96
124.37
404.02
463.97
6.61
148.53
717.51
788.79
393.95
736.65
386.42
47.88
764.05
451.83
678.47
765.88
454.38
134.08
479.71
758.72
532.53
256.84
475.28
185.65
366.03
658.64
223.76
254.94
444.57
64.48
228.69
535.53
181.92
169.43
579.77
147.65
515.52
551.04
439.56
363.07
316.55
311.02
464.66
467.25
62.1
736.02
797.1
776.09
447.19
746.18
580.75
724.5
549.44
77.54
475.97
68.74
707.01
538.39
727.55
291.89
525.06
202.17
89.8
137.74
367.94
477.32
374.13
39.17
702.29
723.16
472.93
93.99
292.59
399.7
750.28
396.23
225.19
44.71
303.36
698.44
468.83
493.25
676.77
381.1
44.26
784.24
502.01
729.32
593.36
305.37
77.18
91.64
177.25
470.9
48.02
101.23
491.99
155.25
201.29
638.14
745.77
424.47
378.63
101.46
715.5
230.75
545.46
456.44
130.79
520.99
474.77
609.12
41.29
368.72
781.19
316.25
364.79
643.87
611.38
692.09
129.54
398.78
443.61
138.54
31.82
472.18
257.31
30.92
378.66
324.8
338.86
61.26
540.28
516.43
230.06
562.46
714.13
777.57
285.74
540.92
147.13
255.36
654.64
175.15
30.87
750.65
793.83
482
117.84
515.44
162.88
332.25
519.62
775.6
694.31
682.6
676.09
207.99
68.79
361.98
738.45
278.45
511.87
332.98
761.68
48.12
230.54
616.37
646.75
609.86
247.14
401.12
591.52
170.38
386.64
683.97
431.77
390
723.7
477.05
520.77
187.5
245.83
637.69
62.51
102.2
188.24
190.6
51.42
256.92
700.91
110.8
229.88
59.04
318.88
214.15
445.37
254.7
45.19
157.68
592.59
499.64
680.73
101.99
455.29
139.5
398.16
777.57
149.43
683.46
584.1
5.76
242.59
158.22
326.78
36.47
717.07
461.59
343.32
629.32
3.75
456.84
281.12
106.63
206.41
312.52
127.92
798.49
742.34
565.07
469.11
778.4
572.76
539.33
110.97
633.84
540.96
551.27
45.84
728.53
696.28
204
217.53
134.61
762.66
386.22
123.48
772.46
501.58
589.31
158.38
649.22
381.28
564.94
298.99
3.76
759.04
391.49
245.97
739.98
649.79
271.98
446.27
550.18
725.79
113.76
162.25
463.08
359.57
225.56
393.5
164.21
431.27
557.8
701.37
281.77
176.63
1.96
666.85
742.64
410.85
344.71
698.09
9.99
676.12
191.76
769.02
73.14
190.75
79.45
607.06
611.05
298.48
257.76
205.21
224.4
264.88
0.93
554.07
171.94
487.4
525.48
618.87
62.24
100.59
587.25
504.76
50.44
438.03
687.04
655.42
678.39
151.92
442.78
131
647.82
407.15
432.45
474.4
551.37
111.53
660.49
74.78
289.72
239.84
729.34
11.86
777.28
209.23
206.2
608.65
795.22
676.15
223.83
490.6
245.83
551.59
651.99
644.95
20.14
455.04
396.81
65.99
600.95
432.16
95.83
75.44
109.35
310.04
64.46
360.08
791.89
759.42
272.33
77.8
133.04
388.55
70.69
411.69
556.06
0.62
512.9
202.38
205.05
684.39
351.63
789.87
402.27
85.87
23.33
43.89
567.95
532.5
267.76
55.57
506.24
388.54
596.45
273.6
491.93
115.85
608.68
762.73
34.75
773.44
186.75
251.75
516.48
678.95
136.47
44.58
611.61
370.33
676.7
636.79
61.85
619.79
453.86
190.58
508.83
504.62
717.98
222.11
365.8
758.42
744.26
124.81
347.89
623.03
624.47
694.92
623.94
613.32
602.51
520.47
17.31
727.39
127.73
283.68
735.9
450.39
606.5
517.75
332.43
674.39
626.94
299.53
678.56
137.22
76.03
374.64
545.35
474.66
567.39
213.76
400.94
496.61
145.37
137.59
501.36
100.13
375.49
537.56
172.32
500.41
38.45
169.88
661.18
702.61
329.12
660.61
107.42
14.87
446.44
747.04
433.3
275.25
465.71
608.46
156.19
427.69
54.18
749.13
499.73
563.07
575.55
377.24
289.41
164.07
134.36
212.94
739.88
551.18
93.08
735.24
281.83
692.58
573.57
86.09
532.04
218.95
8.54
794.96
693.69
210.98
342.21
609.57
71.71
186
159.8
569.03
448.07
694.97
717.71
663.09
416.62
277.28
244.44
669.9
72.73
58.34
740.19
550.79
304.04
432.59
192.02
22.87
427
183.44
349.3
463.03
111.87
96.44
402.58
248.15
180.84
131.96
367.53
89.4
708.39
257.57
575.96
409.73
411.86
531.01
700.84
321.13
240.11
175.02
259.99
647.3
361.8
114.99
654.68
640.57
222.74
532.83
674.41
239.29
712.31
517.39
70.31
386.18
201.59
403.5
516.39
782.54
360.24
542.49
399.08
307
564.05
556.28
195.59
391.04
213.02
251.81
749.14
588.8
131.45
775.31
453.75
32.13
660.01
266.37
751.69
603.01
382.64
195.97
257.13
57.62
585.4
44.5
443.3
678.47
511.03
322.71
747.19
410.21
241.87
45.64
222.5
47.44
154.77
538.03
24.78
462.38
650.72
485.99
96.41
501.08
748.82
353.81
79.48
577.93
182.34
114.53
271.88
21.2
659.28
664.45
364.51
158.49
268.39
60.59
171.57
237.42
525.11
775.26
776.39
172.72
187.51
768.85
357.73
321.89
343.21
422.16
490.23
226.65
634.6
177.69
219.16
774.9
166.96
190.82
497.29
267.9
229.11
290.85
692.25
779.06
577.42
213.9
742.17
759.85
161.95
414.7
732.92
486.12
532.72
721.99
467.82
433.51
586.09
518.86
172.74
526.75
751.91
245.39
336.96
233.65
211.54
12.72
598.36
484.53
85.76
763.57
756.29
195.87
504.57
764.83
481.73
284.62
68.01
402.06
719.44
515.37
588.01
283.2
497.55
397.28
199.72
571.71
450.47
117.71
403.14
414.05
71.24
54.91
753.73
248.39
54.58
37.99
666.47
750.18
525.15
756.01
595.31
166.01
40.56
759.2
603.37
314.19
174.43
16.58
97.08
725.56
599.27
411.41
592.09
248.29
699.93
255.58
196.48
495.88
717.69
386.83
739.75
752.45
137.41
282.72
50.57
390.68
488.57
254.84
557.66
534.44
532.9
599.08
35.26
83.9
492.45
343.25
232.24
228.78
398.5
469.35
141.76
689.46
289.39
267.61
122.52
558.65
74.49
235.7
636.83
658.72
246.56
596.2
736.34
678.39
767.72
785.27
787.1
641.4
10.62
173.54
216.43
641.07
164.17
659.57
718.18
787.5
701.77
197.74
313.49
52.6
234.13
268.07
61.39
65.98
241.52
557.41
689.16
713.86
381.75
434.49
792.25
5.62
257.13
91.87
46.02
436.55
62.62
707.77
699.46
744.38
435.1
371.62
95.64
224.63
746.38
25.57
82.22
399.42
456.75
166.03
24.91
751.43
477.74
35.44
709
113.58
348.59
21.55
662.73
37.94
123.53
760.06
493.06
709.67
556.69
139.36
129.24
398.83
405.35
176.31
586.36
207.46
73.15
291.48
155.74
319.99
263.7
527.25
185.06
581.03
210.63
68.25
734.35
597.46
106.86
361.6
366.1
215.83
47.52
772.43
325.05
780.92
517.33
774.35
35.68
594.22
84.47
606.78
724.82
472.76
3.74
767.78
355.13
688.81
265.43
797.12
242.02
343.5
479.8
596.36
373.79
648.8
211.26
149.15
82.43
333.12
30.49
656.12
180.97
663.77
191.54
243.32
99.31
7.29
660.5
766.81
145.16
385.31
570.57
731.38
335.33
193.6
756.33
719.49
466.81
383.89
484.22
159.99
196.53
328.9
2.34
28.03
757.08
574.37
350.13
171.53
446.04
702.73
8.37
240.06
729.38
748.96
127.74
323.32
150.11
630.25
720.68
364.7
437.97
234.79
772.67
658.07
220.36
413.06
196.55
424.09
278.11
504.06
701.93
460.95
559.91
248.08
675.6
765.78
100.18
533.99
318.58
478.72
665.43
168.58
318.52
295.33
53.28
691.26
9.13
131.29
258.1
512.41
98.71
291.6
97.39
40.27
367
660.72
263.08
74.65
503.84
530.81
499.34
151.53
689.38
0.14
660.66
530.2
706.1
115.22
757.26
731.76
159.9
177.94
195.59
433.91
776.21
728.59
28.13
9.46
222.37
674.68
56.13
184.32
189.04
459.76
383.25
573.48
315.17
65.55
681.69
426.74
306.9
90.18
66.72
353.79
644.15
786.42
64.53
778.97
781.77
631.29
263.33
414.35
568.29
485.99
19.88
567.17
338.14
191.84
318.24
148.16
588.6
209.93
277.26
199.79
104.15
281.91
250.36
772.2
383.12
215.58
615.79
318.33
682.47
613.97
18.21
267.81
144.34
514.91
469.93
445.15
175.7
707.4
462.29
145.34
52.42
328.41
347.49
668.66
564.2
57.46
328.43
443.68
225.56
555.82
458
233.92
276.35
610.26
371.62
465.99
480.22
548.12
150.43
604.69
795.99
156.35
640.06
664.82
662.57
799.13
760.33
98.08
50.5
229.99
280.25
219.31
626.27
153.16
134.8
169.46
209.33
710.44
235.41
0
348.13
551.76
492
31.9
764.56
195.72
60.69
147.91
101.19
199.04
409.11
716.97
351.55
705.19
136.1
780.12
486.68
196.46
508.71
189.13
375.32
341.32
640.37
27.72
248.58
278.45
433.78
14.57
790.78
307.56
61.35
36.46
762.03
261.96
583.13
31.4
750.34
336.14
751.56
395.67
148
580.1
29.16
794.49
717.08
613.03
374.02
410.39
588.57
121.84
187.96
175.3
455.04
156.18
397.23
631.76
455.38
5.23
479.02
342.62
395.37
426.71
267.13
321.12
590.88
436.9
66.67
302.41
299.52
684
669.98
64.96
625.21
210.12
440.53
262.81
134.92
536.35
333.46
259.91
278.26
514.02
722.07
514
726.41
333.41
163.65
432.79
135.82
429.43
647.27
152.43
351.63
713.19
614.83
584.29
52.06
24.46
486.31
313.56
645.17
505.44
219.95
291.34
212.74
509.13
499.4
710.11
737.14
28.59
302.57
130.05
54.65
124.46
133.81
76.13
310.36
785.89
670
710.08
445.2
368.78
309.9
148.12
569.36
85.41
722.59
119.15
406.39
231.83
200.98
14.67
744.08
491.65
544.57
732.77
253.81
210.78
743.81
580.76
773.98
221.32
353.95
238.88
376.59
56.35
728.63
471.72
8.59
126.09
388.17
396.34
298.68
125.93
444.91
163.7
410.56
649.47
468.89
337.45
329.99
752.86
29.99
111.42
252.04
510.46
360.07
203.86
569.73
384.67
792.88
335.29
371.2
373.27
718.23
492.58
217.46
74.76
582.37
329.39
293.71
133.82
560.12
209.25
427.66
340.69
694.93
713.86
549.64
661.06
35.57
309.06
633.98
467.94
19.67
361.85
113.01
635.4
432.22
247.79
576.08
135.34
627.07
305.11
153.45
395.37
482.85
425.98
373.73
721.9
70.38
731.2
203.91
314.05
108.79
40.06
561.13
488.78
592.38
113.65
142.57
74.27
108.75
547.52
550.05
505.5
9.72
523.84
93.33
636.79
32.52
666.9
336.95
784.89
734.42
141.16
682.69
292.78
569.94
481
526.74
327.94
610.09
701.31
648.73
627.32
274.71
237.58
683.73
11.88
423.3
683.71
86.94
50.07
716.64
102.73
98.92
342.93
658.62
71.86
265.77
266.03
564.99
413.04
768.22
774.93
415.93
39.67
168.79
12.44
745.16
585.43
319.9
741.59
258.64
123.69
366.01
108.83
377.84
57.6
631.71
352.07
25.72
332.08
533.65
73.17
414.55
555.35
684.95
223.92
371.02
190.22
796.11
168.39
417.96
355.52
632.28
556.74
493.85
469.41
465.29
405.45
145.93
223.94
280.06
664.57
388.47
476.55
479.84
411.12
198.56
422.36
211.53
608.52
538.74
377.03
54.02
548.2
513.55
136.96
674.29
22.84
404.9
588.61
395.63
8.12
576.55
708.79
56.08
651.54
154.8
542.64
255.62
448.99
460.04
590.98
782.75
799.53
294.85
129.97
9.01
78.62
582.6
332.67
619.54
515.24
153.2
340.92
531.73
426.05
491.82
682.97
174.08
707.72
160.08
51.27
32.46
733.18
18.78
373.16
634.69
296.72
512.98
416.76
536.76
158.29
552.52
238.51
718.42
592.38
663.5
95.58
758.34
236.83
771.61
680.35
719.94
3.63
192.12
409.59
685.16
396.08
550.67
681.9
209.66
70.37
566.68
396.92
743.25
247.51
503.84
115.48
493.25
257.07
270.18
565.45
768.54
170.02
633.02
743.39
276.52
422.96
663.98
651.05
652.7
119
662.1
635.06
14.34
492.98
558.35
699.26
33.43
209.29
147.09
164.98
255.06
169.02
468.15
147.83
3.88
288.84
545.61
98.44
163.41
767.7
245.77
232.3
272.8
464.67
566.67
101.96
714.22
500.53
298.26
200.9
226.42
206.13
704.94
11.11
144.1
583.27
363.23
715
723.76
205.61
417.55
424.95
303.45
603.37
201.13
459.78
535.35
29.12
464.49
685.94
263.15
670.62
0.51
11.98
445.9
606.11
458.99
786.01
515.2
482.33
464.68
409.62
121.25
335.06
484.25
214.63
436.58
187.67
352.3
159.57
359.09
232.3
522.74
632.94
132.6
207.32
619.69
288.94
414.07
103.58
8.88
111.88
395.76
343.62
237.79
590.05
444.43
532.78
203.29
509.58
431.68
106.2
28.33
286.97
290.52
574.22
570.51
34.77
712.84
150.21
499.69
503.77
705.98
169.76
82.71
472.95
456.43
500.37
7.78
765.74
578.88
147.51
257.6
566.65
796.43
11.98
14.47
679.39
710.87
34.2
451.33
108.93
182.06
25.95
178.79
182.6
358.8
147.54
629.78
535.7
555
296.03
414.68
221.04
499.71
261.46
772.57
290.79
276.14
646.44
738.96
634.18
550.1
520.34
691.05
344.35
742.75
306.92
23.07
260.28
759.72
46.83
602.84
606.63
382.24
422.61
382.23
52.68
251.6
328.32
258.3
298.77
344.11
568.24
300.43
33.78
345.48
143.08
545.16
682.38
379.84
60.88
505.06
711.26
252.28
402.09
349.33
686.92
644.98
599.96
226.9
705.74
351.13
724.71
249.06
665.95
613.22
485.44
397.99
49.88
430.2
651.32
503.3
439.12
202.85
629.95
68.19
242.18
127.45
107.65
419.72
222.8
150.14
340.04
100.45
581.08
24.78
88.4
790.58
766.79
124.36
47.26
234.25
716.09
291.17
712.35
673.34
269.21
462.85
712.32
301.1
718.96
320.91
184.78
686.62
764.02
660.09
280.03
573.25
356.73
311.5
24.47
122.72
606.55
355.78
597.04
715.28
190.6
433.38
766.25
245.45
210.05
670.4
148.27
204.47
335.25
786.41
195.67
633.36
535.47
358.07
258.67
277.78
732.32
169.45
153.52
615.99
540.43
765.54
426.87
53.09
525.84
407.76
34.99
288.49
718.39
185.24
439.94
466.83
668.92
588.47
113.46
112.02
119.69
580.66
338.29
185.66
313.55
316.84
184.2
504
785.95
496.34
578.9
151.21
134.16
493.2
99.68
86.21
347.32
285.38
764.48
628.56
564.45
626.47
456.8
402.21
285.84
173.87
758.89
446.24
318.18
471.53
437.24
444.65
559.22
212.9
327.38
785.54
22.07
743.95
603.79
645.69
618.73
80.97
315.3
450
702.6
775.59
512.96
345.4
781.28
191.41
310.26
275.4
204.92
522.87
584.89
500.23
65.95
308.73
58.17
229.89
544.44
747.94
378.96
490.72
98.75
606.07
394.19
604.91
677.57
241.55
363.71
274.85
673.37
23.43
290.08
443.71
627.68
567.51
326.29
355.34
287.82
628.49
621.24
413.55
424.04
560.2
605.92
764.77
369.24
487.41
9.51
3.19
167.28
563.69
517.23
355.19
321.06
651.98
221.77
102.11
363.02
276.54
5.52
214.42
762
21.6
373.9
468.65
261.33
702.07
45.96
706.23
676.54
383.45
488.72
526.46
614.16
282.1
623.42
777.43
425.44
4.7
0.19
235.12
145.87
444.06
107.44
517.76
674.27
566.04
392
603.87
34.71
470.54
316.04
761.35
57.68
373.24
601.39
747.14
144.78
679.95
303.06
777.41
665.42
779.83
406.18
60.13
278.39
444.87
673.62
579.99
158.93
529.74
305.21
380.46
697.98
92.63
555.1
19.31
426.95
475.64
518.97
626.55
510.53
201.42
184.91
168.44
141.75
123.68
312.57
42.8
606.72
454.2
680.23
140.82
700.06
714.5
16.64
43.1
303.8
96.15
667.31
167.63
390.3
639.22
563.35
517.95
559.6
495.05
495.22
502.49
347.19
596.14
780.79
677.96
318.47
742.37
763.19
562.86
260.41
413.95
639.59
86.16
180.3
602.69
380.85
620.57
661.23
150.36
212.47
23.74
609.27
721.83
591.93
234.35
599.3
255.5
452.9
727.37
560.26
148.88
448.24
482.56
712.49
582.74
444.3
101.15
373.68
467.68
519.77
377.38
62.28
292.07
407.7
220.17
564.88
279.26
689.8
653.73
425.25
596.66
168.01
710.16
288.87
644.44
792.45
741.87
488.04
164.64
718.59
792.91
225.45
15.41
348.97
43
262.79
257.15
301.34
312.07
706.72
704.21
563.3
521.12
657.6
313.6
712.34
771.92
167.69
732.1
481
686.77
472.33
416.96
144.46
785.7
646.69
698.46
381.23
479.2
496.47
706.28
367.7
100.14
34.84
406.34
699.46
355.61
504.11
196.04
533.57
282.74
692.32
365.52
411.61
357.49
387.25
794.54
757.67
533.14
250.68
195.03
215.44
438.96
624.23
788.2
235.29
527.84
441.71
719.29
716.86
469.38
544.17
713.41
528.09
177.5
632.68
679.96
44.58
537.53
605.16
667.12
212.77
105.67
102.03
582.84
722.06
168.09
382.21
304.61
132.03
660.17
621.89
609.74
392.44
611.14
707.83
418.52
373.48
520.06
14.11
500.14
11.62
746.71
555.59
112.38
418.91
496.35
188.75
772.08
689.63
172.48
33.4
354.52
7.24
353.53
195.84
362.95
209.78
335.67
461.26
330.69
362.76
639.42
185.83
656.13
256.95
99.95
739.79
170.84
706.78
309.8
608.41
795.27
138.45
46.1
652.8
776.71
488.82
462.3
574.6
365.03
629.91
406
654.78
284.1
499.85
343.69
255.83
127.25
680.4
710.85
234.91
166.71
303.49
122.01
715.34
322.31
232.19
451.64
797.99
443.84
203.28
725.72
463.12
93.09
47.77
361.67
721.67
478.49
549.67
255.56
585.37
72.35
64.92
213.49
531.47
466.26
606.97
764.86
492.85
220.16
466.01
168.4
88.49
620.11
692.73
337.54
308.24
25.17
241.6
642.81
543.64
391.63
195.12
290.79
29.64
16.33
424
213.09
336.97
357.21
603.35
660.49
286.71
482.81
96.4
720.42
89.03
27.57
713.89
219.24
103.51
145.37
144.67
505
494.7
587.99
221.53
599.31
474
256.19
254.86
91.08
708.43
133.73
658.96
112.84
175.36
335.6
380.32
759.68
289.62
492.5
47.29
93.3
220.61
605.27
581.36
796.84
702.76
93.44
110.3
223.87
363.4
8.38
283.31
400.96
238.98
670.82
76.63
130.08
727.5
110.66
691.73
423.19
27.98
234.02
51.3
295.78
758.38
672.59
395.61
182.91
141.81
193.47
525.42
83.83
527.74
459.45
268.18
32.34
131.14
564.59
605.41
696.38
561.37
0.12
761.3
382.61
402.07
22.49
143.73
572.42
396.16
216.52
39.85
107.09
191.94
357.76
711.4
619.86
657.5
80.19
513.95
257.3
780.2
793.42
236.89
530.49
270.55
644.45
214.81
230.86
492.85
155.9
196.75
146.08
301.76
161.39
545.02
674.5
310.9
717.95
361.48
665.36
73.82
406.19
125.73
594.63
357.31
177.67
30.98
329.03
723.84
704.77
515.57
187.17
611.38
555.43
303.92
313.86
724.24
118.74
157.56
329.77
262.38
361.78
452.33
578.92
33.09
265.58
310.98
779.17
576.71
240.85
60.33
137.74
217.63
456.08
597.03
527.41
777.59
737.87
189.22
14.14
564.59
231.36
616
298.77
485.51
21.48
744.42
734.37
191.17
349.12
600.19
48.11
440.64
151.32
65.1
35.9
460.58
355.67
279.51
289.17
424.76
686.83
712.43
470.02
274.11
676.09
745.66
462.31
768.75
315.9
457.13
256.05
238.93
153.27
254.69
580.88
484.58
191.94
532.53
331.6
387.93
713.17
304.83
300.9
523.19
558.74
231.15
464.7
212.84
233.31
415.79
401.71
20.53
478.54
656.44
229.9
55.89
350.98
105.5
606.51
5.64
717.69
363.39
101.31
775.12
335.5
125.69
494.54
457.16
269.6
124.44
679.09
394.07
731.19
586.13
222.11
114.65
517.31
597.13
208.65
295.76
161.29
363.25
726.56
737.59
353.08
369.97
631.48
549.98
171.77
603.17
401.21
373.68
28.16
122.18
34.13
771.16
176.15
762.37
478.45
17.65
241.11
462.38
710.34
350.36
669.04
101.41
227.42
20.95
99.46
232.3
179.62
754.34
311.63
136.85
674.07
765.61
27.99
714.05
231.58
149.87
566.34
591.77
58.93
286.84
201.93
55.17
720.96
733.64
532.83
768.53
757.29
497.78
447.96
541.04
677.62
318.11
246.79
118.13
205.18
736.49
592.98
177.62
222.39
595.1
647.24
372.32
77.19
79.79
259.68
115.88
115.66
634.33
666.89
618.38
134.24
512.51
106.21
691.15
599.22
412.6
102.45
122.55
545.86
180.78
271.29
575.39
97.4
657.98
285.79
605.2
204.43
218.7
518.68
180.72
464.93
621.21
469.87
383.28
353.44
377.77
510.6
485.66
451.85
580.45
398.82
99.35
429.38
229.45
488.94
480.51
477.36
299.39
465.31
569.48
58.59
324.76
621.74
760.52
174.99
359.52
658.77
235.11
293.49
79.74
205.3
593.1
577.96
79.6
291.39
280.78
486.15
564.4
240.15
317.82
609
371.19
564.45
127.33
355.46
562.48
266.43
193.58
34.79
340.17
37.21
253.18
330.02
794.67
277.56
71.9
633.61
128.85
709.35
25.93
711.1
622.45
567.11
727.58
785.56
289.99
338.01
133.81
669.68
734.24
143.15
427.65
466.28
550.71
214.06
188.97
258.15
241.13
39.31
738.39
384.95
310.38
68.64
597.36
694.6
261.42
59.65
206.99
237.54
563.66
591.29
337.44
378.21
675.88
186.57
82.15
258.59
667.85
145.95
350.82
94.56
176.43
43.46
671.75
61.91
737.87
520.04
103.83
115.24
383.43
786.52
92.99
333.14
690.41
348.49
381.7
194.19
127.21
220.21
623.4
702.23
708.89
522.07
302.78
41.6
519.61
606.08
758.52
55.37
609.12
632.74
517.27
176.98
722.09
23.24
624.7
694.64
99.13
174.9
387.86
75.3
218.66
670.44
138.22
647.27
79.82
425.42
135.19
112.39
434.54
43.6
727.74
9.09
272.66
19.7
432.88
588.2
116.71
756.68
159.12
730.36
94.41
631.49
53.09
270.44
700.83
377.33
624.51
6.01
672.39
663.9
467.84
238.64
139.52
196.65
672.23
499.48
23.81
143.39
593.93
321.89
396.88
22.2
336.31
175.1
406.48
328.96
616.31
649.39
138.51
616.11
445.57
425.89
702.73
205.91
413.47
380.68
623.09
580.88
131.2
259.19
46.84
187.76
321.7
668.18
466.4
359.86
507.2
278.61
717.37
90.06
712.96
212.04
223.35
452.21
333.82
32.39
557.13
774.75
351.05
786.79
49.63
189.67
680.62
188.68
9.88
52.07
316.33
619.17
725.13
709.05
308.98
317.36
512.4
611.72
169.35
760.65
705.33
444.84
93.26
484.26
647.42
113.66
467.27
189.63
232.37
682.47
603.19
437.83
352
243.66
424.67
55.31
720.33
149.33
32.66
77.95
749.6
319.8
408.04
287.02
767.8
260.68
798.67
441.7
451.4
377.63
725.35
116.58
428.3
265.67
50.09
129.16
776.69
427.06
132.1
602.31
694.17
473.74
251.27
786.45
342.61
533.07
289.74
157.65
547.99
558.6
774.38
269.24
572.85
740.32
656.24
706.5
469.47
146.09
9.01
89.75
427.04
763.45
793.66
52.61
629.47
307.78
321.57
400.55
237.7
440.09
533.66
443.44
97.07
157.69
707.69
572.47
145.23
697.87
36.84
566.96
67.46
719.14
79.61
21.01
620.73
550.32
40.44
137.6
220.78
119.2
78.6
112.48
465.43
701.47
506.1
361.11
553.64
560.14
519.95
72.87
605.9
582.24
413.63
368.19
374.43
544.35
591.65
375.26
607.3
626.9
292.18
401.62
91.49
152.17
696.92
296.54
534.92
544.85
439.98
625.39
29.75
343.47
580.12
501.87
431.79
277.84
660.93
268.28
295.97
790.26
520.79
126.1
647.52
527.64
798.33
252.29
712.73
530.88
258.01
606.82
216.3
320.47
671.82
728.91
270.01
31.97
637.09
91.27
645.72
529.32
771.4
629.36
483.4
241.36
791.28
255.58
321.17
502.42
378.65
793.66
738.1
516.87
773.39
130.37
229.35
90.67
19.08
477.22
131.81
512.52
610.81
574.3
105.59
753.47
772.71
269.62
243.04
603.93
491.21
687.65
579.12
504.89
426.03
387.54
796.37
197.75
244.53
42.7
17.35
420.1
309.48
494.54
240.22
673.37
591.44
397.25
102.48
675.22
617.53
140.98
573.53
374.89
46.29
526.1
777.66
250.2
120.35
270.87
748.51
316.11
148.58
362.11
85.66
583.64
466.84
88.37
714.48
585.36
176.92
329.78
243.98
326.3
394.62
241.15
595.4
171.1
652.55
584.19
616.4
796.5
3.16
298.69
115.16
42.15
501.59
743.23
509.93
415.57
786.31
712.08
731.92
793.88
75.23
236.12
556.47
419.52
423.41
164.11
228.36
727.08
83.35
685.02
370.08
763.78
506.48
321.4
321.34
296.85
798.13
670.97
200.99
538.42
194.11
118.07
794.5
761.59
653.47
238.17
54.87
709.07
596.65
354.81
456.35
310.39
463.51
655.39
171.13
783.65
555.85
345.17
758.05
792.46
651.19
81.85
292.8
476.73
238.6
650.33
222.69
441.74
407.48
141.16
39.82
470.14
201.83
148.23
219.99
261.79
578.24
570.82
386.83
427.38
625.83
426.57
782.2
435.48
475.89
563.5
728.02
792.35
267.65
563.32
254.94
428.81
797.27
176.4
734.5
468.2
508.46
82.99
658.32
626.17
429.71
737.36
462.82
345.77
294.82
193.66
522.98
234.6
442.27
193.01
262.96
503
315.3
194.1
295.21
582.26
258.56
535.24
210.67
303.73
219.29
752.97
242.82
780.65
102.95
418.75
179.77
185.82
720.7
387.11
297.19
314.69
698.07
315.9
112.89
290.73
284.33
164.15
45.01
251.19
228.5
136.26
211.92
70.75
4.54
514.42
396.78
467.04
711.74
721.58
569
30.1
678.64
199.38
774.81
171.41
57.03
213.71
407.71
592.74
292.09
184.52
317.61
528.47
107.51
652.52
502.56
438.29
51.48
57.11
353.44
520.3
442.37
385.4
330.26
749.68
364.76
439.73
607.43
54.63
447.25
546.8
18.12
625.36
258.88
542.63
8.26
36.39
275.59
510.35
163.06
155.37
258.71
236.92
26.62
693.64
208.48
710.69
467.64
467.67
546.07
686.66
657.93
66.94
582.35
89.17
466.95
176.62
373.09
148.51
313.14
379.25
72.18
785.92
273.93
263.94
792.65
200.77
294.94
487.59
676.77
6.52
731.94
13.82
129.72
294.27
234.22
97.72
437.55
89.1
52.3
35.98
423.25
471.09
461.97
429.36
347.05
589.1
755.57
371.55
296.6
102.34
139.94
303.92
438.77
592.45
693.37
569.88
774
193.9
737.52
385.09
659.77
558.72
700.62
66.25
705.75
172.55
286.53
322.52
154.31
603.89
462.84
474.19
245.99
163.92
23.07
62.45
414.23
405.56
427.59
584
104.92
639.92
233.62
470.1
471.33
740.01
622.52
550.71
318.48
339.73
39.78
687.08
161.78
192.82
207.26
397.58
742.53
791.05
262.17
287.89
303.61
286.21
381.69
455.89
58.13
765.29
406.98
793.51
169.45
783.98
423.96
585.96
212.19
512.59
140.57
527.3
335.3
563.68
637.79
331.61
150.95
571.23
401.57
144.35
629.86
49.46
92.45
136.92
661.92
310.48
464.73
244.12
710.71
151.56
422.78
776.15
83.47
54.02
514.09
631.9
618.02
256.46
446.37
434.98
487.02
394.82
720.9
778.03
444.19
179.36
443.23
164.85
91.05
598.15
106.47
660.66
45.79
204.53
21.73
528.29
547.95
449.66
383.9
159.91
391.82
353.72
506.43
339.38
66.94
751.31
449.88
342.05
88.45
461.32
610.27
254.66
157.32
212.72
304.68
159.27
148.33
275.06
34.49
533.69
333.13
576.47
716.74
141.13
63.53
417.59
250.5
442.69
31.82
359.76
32.65
433
447.55
574.78
166.7
702.43
484.71
57.78
215.11
526.67
95.77
79.61
144.65
73.21
290.4
205.43
522.61
258.9
202.05
117.63
140.71
170.5
277.52
391.87
276.94
779.51
550.34
558.93
637.78
573.54
528.85
345.21
449.18
567.8
240.87
362.31
716.81
281.74
724.99
258.01
367.39
675.97
262.43
710.02
146.89
422.01
602.41
407
781.64
266.91
2.81
187.88
10.08
172.52
733.97
665.31
384.41
467.88
342.76
763.77
31.11
5.51
302.31
636.5
472.32
66.24
273.79
713.42
493.16
416.07
5.31
504.83
692.61
741.22
177.18
619.53
353.76
527.87
422.5
180.31
794.97
629.14
152.8
640.29
22.26
495.99
406.75
221.7
560.63
377.89
30.03
526.33
375.49
437.9
564.91
358.77
494.1
398.22
386.17
646.12
718.1
264.17
612.92
554.88
399.16
243.46
742.47
564.09
365.2
520.01
440.69
504.16
416.1
781.4
375.51
462.07
793.41
362.29
318.12
669
750.39
310.54
172.73
786.82
260.28
354.16
268.6
330.51
2.73
120.87
741.25
466.65
792.91
777.96
472.88
585.53
363.19
176.11
195.54
40.38
396.27
668.37
347.35
204.5
300.97
373.46
433.91
633.15
376.6
23.01
241.47
699.39
375.9
625.78
259.35
679.88
673.18
239.33
128.9
635.69
246.62
652.12
629.33
166.18
736
207.16
6.49
121.83
237.97
775.96
776.29
669.01
127.1
346.27
133.19
196.95
378.82
140.93
405.69
203.19
412.59
402.9
47.34
347.83
79.94
335.77
419.76
754.27
361.77
744.78
632.39
514.2
301.7
505.53
389.8
61.32
591.41
569.56
322.55
123.99
654.19
252.41
401.13
38.11
210.28
526.68
425.98
221.9
653.89
91.32
202.19
385.11
172.08
325.45
761.68
291.37
232.93
158.91
405.76
69.86
174.02
711.53
510.02
167.36
636.32
460.7
219.8
757.51
761.62
158.9
779.74
88.23
509.36
662.45
723.59
712.93
50.43
95.35
439.3
77.5
71.59
448.62
745.87
777
671.19
25.68
600.47
202.94
378.43
86.51
242.76
744.35
406.69
374.14
93.99
601.04
57.58
394.43
486.84
368.21
686.35
66.33
104.95
735.81
433.52
249.69
354.72
484.96
609.78
409.84
716.32
725.96
65.61
795.83
308.56
546.34
737.63
461.75
494.93
317.33
260.5
609.05
72.42
541.02
190.62
425.54
582.8
132.03
673.27
108.47
402.53
402.4
711.83
585.02
789.73
186.71
107.2
618.08
195.33
615.84
746.43
381.84
102.46
593.43
682.82
162.93
322.54
583.87
1.05
533.25
465.63
467.7
217
452.46
35.47
604.94
346.1
571.14
353.11
671.62
712.94
502.62
544.92
510.33
592.97
484.52
119.88
317.52
440.14
651.63
312.96
59.58
287.04
556.1
411.88
795.08
412.03
495.86
165.39
347.05
750.55
12.29
233.47
606.43
282.58
193.05
234.9
1.79
483.59
604.43
504.45
275.17
110.37
97.32
165.89
15.28
102.42
737.3
229.68
664.12
454.25
670.86
348.29
24.71
146.53
698.56
275.97
215.13
167.5
115.99
343.2
513.35
153.85
64.92
633.97
292.02
412.35
333.24
649.21
552.41
374.09
473.05
15.01
343.64
529.63
775.23
147.35
436.55
0.51
21.37
485.44
269.9
571.07
25.91
350.06
402.84
705.56
329.91
481.94
168.26
596.47
174.35
670.25
448.49
526.61
656.04
167.76
142
366.15
728.66
730.65
163.6
621.58
83.47
433.78
147.1
50.41
325.38
264.33
35.96
146.62
89.05
205.13
350.91
479.69
213.78
385.78
503.21
234.73
107.34
3.33
646.38
327.01
574.41
472.75
546.82
737.83
298.98
737.77
672.53
25.94
677.91
224.57
752.86
351.76
22.31
614.92
161.51
311.82
559.28
531.03
344.7
624.54
676.27
207.68
500.93
615.33
222.7
672.77
659.87
797
162.23
266.66
160.19
536.49
587.41
132.78
392.3
552.64
467.25
458.62
199.63
135.01
763.65
729.14
371.14
751
49.75
281.92
19.88
353.29
478.6
250.73
481.34
608.17
188.69
387.53
432.3
111.82
698.07
184.02
82.9
374
250.91
257.6
507.48
83.76
2.01
118.05
217.18
753.21
389.19
209.14
569.13
105.04
357.61
71.25
75.76
150.62
493.11
641.16
677.18
64.9
688.02
697.34
632.91
325.71
64
299.28
229.36
674.36
18.41
759.76
358.68
316.99
197.6
306.97
354.71
121.09
769.77
89.21
369.32
494.55
310.54
744.84
437.23
305.3
135.49
375.11
199.14
672.73
668.05
527.87
476.97
67.15
639.81
656.48
258.44
160.02
501.45
726.94
542.58
499.05
300.4
202.47
368.16
777.03
317.87
137.6
492.47
570.56
230.93
553.63
738.08
155.3
100.58
325.55
270.77
191.59
488.37
692.86
633.06
523.04
607.98
332.54
763.88
690.02
462.8
61.21
38.24
644.2
1.28
127.66
363.57
371.01
129.22
754
459.85
219.64
423.16
691.06
539.34
440.2
371
156.4
311.15
541.68
280.09
156.18
357.8
355.36
421.13
55.84
13.64
668.18
35.68
374.68
157.19
341.29
529.57
506.95
259.49
703.35
593.26
544.3
273.26
38.17
413.84
0.01
203.91
490.99
299.13
769.4
441.23
573.24
46.12
272.46
610.45
43.48
75.04
518.72
22.86
30.67
388.63
458.9
767.65
288.43
751.87
570.51
132.89
272.13
744.13
70.02
537.94
185.9
13.69
785.82
567.31
549.47
386.96
711.12
746.01
662.78
269.34
333.49
24.87
690.18
782.49
774.65
137.43
555.41
584.89
569.14
668.19
394.32
304.12
562.29
324.99
712.08
531.53
341.97
48.65
131.04
306.19
652.7
263.02
155.93
427.58
376
654.21
663.87
531.53
779.49
699.81
540.58
314.77
25.15
733.95
613.26
269.25
642.77
94.63
317.9
683.75
349.4
407.91
747.27
232.43
377.47
732.65
296.65
568.31
567.54
624.61
761.79
171.43
103.28
244.31
773.2
423.46
648.77
128.66
577.76
75.58
336.46
634.46
675.31
181.07
120.63
302.94
33.95
45.75
484.01
442.56
293.45
431.32
338.5
82.17
485.37
322.64
580.73
656.74
656.73
681.47
451.33
87.53
327.46
407.79
35.34
199.57
764.64
745.33
100.91
10.5
507.1
72.94
179.97
335.8
120.22
618.11
755.63
162.63
412.95
189.06
156.26
509.96
466.68
786.3
381.71
767.67
165.93
652.5
754.62
750.02
335.23
401.45
100.06
270.52
575.97
783.24
730.94
247.33
22.31
656.04
640.89
782.4
101.1
762.04
255.7
350.86
403.32
422.74
760.39
293.04
747.52
68.32
701.57
692.91
51.57
368.96
298.61
390.44
493.09
289.55
777.52
490.33
7.03
361.59
9.32
632.07
7.55
49.38
560.18
384.88
774.64
765.68
202.89
214.47
329.78
751.14
488.54
110.18
421.9
467.14
712.57
360.66
413.86
721.04
790.7
100.79
617.94
321.08
31.96
85.69
221.41
49.94
594.72
35.44
148.26
76.83
196.27
520.81
132.63
577.35
300.38
460.2
265.01
701.48
424.2
498.68
79.65
106.08
643.83
447.73
80.54
671.08
91.54
635.06
518.15
710.82
699.37
485.99
465.65
574.94
388.91
231.78
150.58
159.87
343.72
67.83
91.24
505.46
38.47
564.6
420.1
519.32
715.95
481.1
712.69
351.41
603.22
429.63
790.24
724.88
692.2
574.69
282.31
587.48
22.98
254.5
694.5
603.01
560.3
107.3
408.28
201.42
74.77
296.07
693.89
343.3
515.55
409.13
446.72
254.15
492.6
359.24
232.82
652.05
270.17
232.02
431.04
714.71
724.22
544.74
723.37
640.16
294.02
791.14
353.78
49.14
316.65
485.68
152.25
237.24
786.29
623.49
587.08
531.6
125.75
610.23
649.4
138.09
688.98
371.39
499.84
81.4
179.99
453.49
67.33
25.46
539.96
71.98
773.19
150.18
769.42
526.25
673.86
74.66
158.6
697.45
669.35
602.24
769.92
22.48
680.05
22.55
512.06
463.47
32.84
382.89
200.49
49.29
162.32
75.47
26.87
201.77
738.79
604.71
613.29
162.54
369.34
357.66
265.2
146.85
214.76
204.07
770.12
202.03
321.92
395.78
57.73
590.97
47.14
33.2
695.33
252.59
13.7
228.63
598.51
286.16
403.77
763.65
753.81
647.33
114.27
729.46
300.86
68.05
295.57
49.1
177.64
322.08
555.54
250.25
450.14
152.3
18.7
535.67
331.26
50.06
585.74
185.71
738.18
269.09
516.3
674.38
182.59
414.34
595.97
546.98
362.59
27.55
651.93
394.11
403.6
482.25
86.14
454.45
236.94
758.77
541.24
355.58
777.74
279.72
450
780.34
641.41
737.04
460.27
66.29
397.33
732.85
469.17
249.52
621.21
759.85
466.89
241
339.2
466.9
595.21
780.24
478.82
111.48
338.74
564.38
426.59
397.29
108.01
729.08
281.19
548.35
771.33
398.67
687.18
126.99
122.9
506.04
596.28
773.26
356.17
363.53
636.26
158.93
516.48
426.1
720.07
182.94
440.99
391.13
548.45
189.59
496.59
118.54
336.54
489.37
314.59
733.14
770.44
626.43
393.81
408.81
579.01
231.73
151.05
308.27
72.31
422.73
530.51
311.62
440.68
180.02
250.29
331.77
69.14
98.37
286.26
621.28
486.28
533.98
768.31
237.56
759.25
218.75
695.13
34.91
417.21
128.31
774.56
761.19
698.18
734.6
755.2
527.21
163.6
60.66
717.88
776.38
360.52
379.5
532.44
325.74
41.88
732.05
557.87
450.23
382.31
197.51
320.36
331.69
677.4
300.3
318.21
414.99
657.83
265.78
683.71
443.52
320.36
132.08
382.06
147.69
449.29
795.3
327.36
557.69
655.91
19.11
701.58
766.85
701.27
180.46
377.52
306.58
292.81
319.58
26.25
143.78
102.31
151.95
753.87
282.56
490.47
345.52
531.75
23.75
617.16
287.74
494.96
15.61
158.88
360.77
198.01
699.77
328.14
736.43
431.28
28.41
339.53
785.45
84.72
664.9
595.53
756.91
390.73
750.4
509.47
274.64
506.51
586.27
5.02
309.86
5.27
275.78
240.01
779.39
47.85
728.77
545.88
510.14
426.21
626.52
275.7
631.75
637.93
575.84
359.59
121.99
651.15
369.67
72.43
254.28
404.04
326.53
321.02
341.5
611.96
246.9
547.93
458.6
113.44
526.8
19.01
677.77
654.67
541.04
601.03
84.15
457.97
308.7
774.4
522.85
149.71
388.6
164.43
296.03
328.28
48.65
386.21
33.94
164.28
775.3
486.34
788.77
345.87
509.19
539.71
240.16
728.12
311.36
323.28
433.35
586.24
21.38
530.54
458.05
466.79
399.52
193.65
99.24
625.28
497.42
236.62
409.7
304
504.91
371.79
86.04
401.92
511.38
451.06
523.42
675.53
682.67
577.58
80
363.61
737.16
264.73
429.45
459.58
33.37
290.15
419.92
618.73
8.68
507.13
417.14
542.46
176.45
622.53
49.05
558.2
633.36
773.45
10.84
84.31
764.28
175.03
587.77
395.56
683.19
91.98
536.43
249.36
83.49
648.72
136.44
366.34
526.89
417.6
7.17
197.26
786.99
243.23
148.39
523.48
798.75
672.75
756.75
633.28
299.67
480.39
481.39
630.25
608.27
455.77
145.89
546.25
159.9
440.07
508.39
520
334.37
101.92
768.11
637.97
513.96
240.86
602.89
552.61
738.44
172.26
206.52
654.73
108.86
739.55
415.85
606.43
413.07
88.68
711.29
107.14
17.92
418.06
529.07
338.09
209.24
347.97
701.84
65.07
150.75
643.5
468.24
741.64
71.51
337.74
535.44
681.51
141.57
127.11
320.44
661.28
253.94
373.33
733.57
117.79
398.03
147.85
170.27
717.42
26.39
731.21
580.58
626.69
752.36
197.49
89
178.69
775.75
332.08
75.63
399.21
174.91
332.19
643.64
138.32
606.96
795.78
98.82
714.26
631.52
256.68
237.19
461.5
485.83
224.09
21.45
166.83
292.19
387.09
637.13
368.74
138.22
273.14
277.78
668.8
402.74
710.72
349.87
586.43
196.29
149.88
703.05
271.69
169.11
734.87
117.89
593.25
753.66
571.91
426.12
500.86
170.52
647.03
414.29
530.82
505.87
752.98
282.83
22.92
792.67
429.52
640.63
498.7
221.33
49.94
699.44
103.47
238.49
423.86
350.25
246.44
391.2
348.46
50.1
488.03
389.63
706.52
475.23
195.35
490.97
34.46
285.76
297.18
322.46
572.97
171.07
779.82
585.94
72.81
357.93
77.53
625.77
469.77
588.64
692.23
759.26
328.06
203.74
307.83
702.01
761.1
203.16
744.02
294.75
739.25
439.94
563.68
661.37
565.41
557
763.34
161.02
411.51
366.72
127.26
166.17
285.38
297.43
22.57
509.12
328.23
125.62
220.96
678.61
493.3
227.58
227.31
286.53
206.59
47.03
237.49
342.42
117.51
217.94
697.41
70.54
329.29
242.07
368.6
543.8
713.81
3.92
691.38
405.15
773.73
338.81
380.06
169.27
775.8
120.82
612.56
287.1
703.74
483.56
93.69
402.15
533.66
88.17
780.55
280.99
310.66
86.81
325.37
760.63
77.42
375.08
407.16
389.01
499.48
584.47
637.71
467.81
56.91
443.06
670.26
230.42
471.73
718.87
701
693.55
103.67
496.46
433.47
274.8
37.41
59.87
593.41
535.12
569.99
782.03
137.17
667.67
244.12
298.2
149.5
691.3
167.13
651.85
525.6
169.37
119.73
211.09
82.55
316.34
689.59
597.84
758.74
538.78
671.82
269.19
240.73
427.05
406.67
499.87
448.75
67.59
763.79
423.63
112.72
724.24
749.11
212.62
53.3
61.25
73.88
714.81
347.65
163.82
151.6
288.45
471.03
213.92
743.43
192.19
333.13
447.2
56.39
564.94
385.92
543.55
369.97
26.52
285.52
773.08
230.84
103.66
339.87
428.42
695.45
312.72
133.86
130.59
348.68
693.1
752.19
202.92
58.89
1.34
138.34
233.74
394.17
562.99
212.08
640.99
608.46
486.68
729.81
371.48
510.15
502.98
351.98
360.91
260.65
34.06
626.73
449.66
239.64
754.47
553.04
108.47
82.86
563.74
346.33
231.59
224.44
338.6
32.13
509.28
184.14
246.34
345.23
82.63
86.78
122.58
560.51
371.9
600.59
541.28
501.47
706.15
336.34
162.94
561.38
369.02
649.98
602.42
669.95
376.24
640.52
216.06
201.19
755.46
294.13
157.7
253.27
756.4
355.69
744.53
210.01
774.03
365.46
706.86
114.8
258.34
702.96
360.01
370.32
687.1
257.42
370.92
115.69
565.7
28.74
608.43
474.17
744.6
206.6
186.78
561.86
389.6
30.43
140.03
23.56
424.73
177.05
669.41
510.13
306.37
27.13
549.09
435.82
110.89
449.15
423.32
754.53
478.19
162.97
754.12
597.45
386.08
155.34
176.96
252.38
525.09
32.46
710.22
519.41
462.99
584.88
122.83
655.9
526.46
421.14
507.33
239.49
540.03
0.06
146.16
79.99
25.6
739.69
114.89
492.63
633.89
551.99
793.48
171.88
649.93
588.53
105.38
427.88
197.84
406.43
473.77
201.73
606.04
68.24
344.11
228
88.77
480.63
283.78
554.49
174.49
326.81
567.96
354.55
717.24
180.02
407.04
80.16
318.46
557.28
402.44
428.92
226.28
540.79
623.88
134.34
498.15
318.77
701.37
200.17
661.93
710.91
71.92
349.53
656.52
52.15
204.45
604.22
116.55
469.87
121.12
570.51
581.79
468.78
638.44
587.72
760.67
733.66
106.99
196.75
477.23
314.22
752.58
245.6
704.59
288.38
751.67
403.32
15.36
605.04
50.92
578.43
398.91
311.49
745.19
623.83
344.38
147.55
671.68
221.05
213.45
591.31
770.47
507.08
19.76
358.63
186.54
243.88
416.91
216.85
539.61
90.18
202.74
103.31
407.2
606.55
250.22
492.59
62.54
745.96
329.51
636.69
798.22
443.81
680.05
142.42
575.7
709.88
326.44
210.62
116.87
251.26
107.66
148.76
347.84
144.28
436.28
372.75
503.59
682.49
45.68
159.75
764.84
119.42
181.85
70.47
98.27
349.07
434.33
238.9
272.65
260.83
430.92
144.64
304.42
586.7
708.61
503.83
772.12
479.65
27.18
18.63
117.55
514.09
740.24
444.67
459.65
530.08
179.19
229.5
9.32
137.25
44.33
450.46
111.76
3.21
750.42
373.04
275.13
18.94
561.58
381.21
368.79
221.28
192.93
234.42
717.78
154.18
429.43
477.8
409.24
477.13
788.44
623.34
636.1
94.3
239.4
444.59
104.33
652.37
256.75
593.01
74.11
652.98
3.54
313.42
736.53
205.95
246.87
411.2
198.71
387.09
572.13
36.61
328.25
641.91
667.3
344.69
731.09
125.63
409.73
278.04
430.04
94.26
345.7
73.86
658.13
306.81
415.43
733.27
630.58
248.88
60.13
742.22
689.11
321.61
694.32
414.88
185.55
78.56
278.72
10.67
501.62
135.63
34.78
268.91
696.44
354.38
70.36
331.62
49.6
493.1
68.83
641.33
760.51
491.79
684.66
59.66
589.17
794.46
704.07
429.92
675.81
467.55
133.86
277.81
563.55
599.94
544.08
741.53
410.13
219.82
556.86
46.02
555.51
241.01
583.56
351.11
567.01
485.76
34.4
317.06
150.24
665.6
664.06
629.82
760.93
414.63
32.39
293.78
245.14
720.17
449.79
326.46
720.28
292.79
526.25
161.57
471.15
594.02
555.68
293.83
362.99
414.03
182.49
745.45
242.6
702.57
621.33
114.39
290.3
287.04
278.31
557.65
556.29
472.35
195.63
520.99
339.4
108.14
697.83
547.02
267.8
570.6
571.42
282.91
791.14
499.41
475.63
599
159.06
507.6
593.63
705.96
663
121.03
340.91
324.8
447.3
326.54
556.35
725
618.89
629.21
160.15
22.82
397.1
752.33
148.23
49.07
518.79
659.96
658.27
274.67
125.77
770.64
705.04
342.88
722
412.4
202.39
417.62
780.49
64.61
528.27
629.12
224.67
291.52
7.56
38.17
650.58
243.17
217.22
733.13
425.67
351.92
446.39
677.89
587.16
295.25
607.15
337.9
421.68
106.96
49.19
792.3
165.85
228.82
696.84
204.62
481.43
713.32
273.98
598.33
621.32
700.25
75.93
641.32
471.13
367.14
405.03
115.34
281.65
255.12
111.77
331.79
755.01
630.06
215.34
720.33
484
158.85
345.42
681.2
565.91
177.2
512.4
7.63
172.5
432.18
591.54
271.64
745.58
623.94
69.09
39.9
293.84
158.42
58.1
83.35
726.89
638.8
113.04
732.23
180.79
435.79
442.42
247.12
667.01
311.01
347
265.04
191.23
777.68
573.74
293.02
87.85
283.86
739.55
16.11
297.39
10.4
616.81
688.87
273.34
61
341.45
338.68
753.35
514.94
717.22
112.58
275.43
382.21
627.02
453.88
164.33
356.27
771.47
468.88
379.02
611.99
700.8
77.7
157.64
162.62
148.03
743.29
669.47
588.08
543.55
799.7
670.76
286.56
707.9
325.58
556.66
212.51
412.39
215.64
249.68
444
511.73
471.44
705.33
81.39
408.58
0.12
96.88
115.61
80.49
203.19
705.51
423.58
115.9
76.32
361.63
744.02
438.91
239.8
114.83
741.82
711.2
709.78
550.47
643.47
496.57
531.18
585.07
325.79
492.1
584.08
429.4
277.33
263.8
192.48
534.76
711.95
428.86
211.14
750.37
751.67
30.86
28.49
354.84
365.08
337.81
379.06
347.64
434.06
9.76
725.58
193.51
696.68
208.59
12.89
569.76
717.87
198.08
223.17
217.43
581.92
389.13
269.46
585.62
414.62
63.88
461.63
289.1
337.88
673.67
263.07
671.82
411.27
111.52
147.94
488
791.52
345.21
777.37
282.09
129.16
311.03
182.71
69.43
456.23
127.43
246.6
244.69
764.11
460.38
101.87
676.08
6.36
405.34
440.69
252.45
591.77
734.73
264.57
227.81
750.2
60.67
330.65
240.09
92.27
471.84
205.09
375.37
90.93
684.55
183.78
592.36
418.91
421.36
96.15
56.07
311.44
26.59
414.64
382.5
399.25
656.76
614.86
59.63
413.57
277.99
254.02
595.69
509.13
639.33
172.77
474.08
553.54
688.81
319.74
335.5
448
195.44
365.1
137.28
538.87
223
112.47
62.37
463.31
646.56
380.84
212.36
287.31
554.46
187.88
449.84
762.03
134.68
414.14
26.59
453.01
373.16
356.23
596
499.7
275.7
784.02
614.21
375.21
383.97
647.81
492.38
405.03
57.12
494.36
249.55
629.35
615.12
769.11
305.81
591.23
545.5
131.41
1.7
748.52
410.96
29.24
127.04
577.43
29.61
406.09
633.78
31.62
498.62
782.97
462.27
703.21
684.76
652.38
137.21
194.88
83.04
40.19
721.19
480.07
548.01
212.69
470.87
320.8
22.46
723.45
584.04
404.56
219.56
584.01
117.75
73.87
509.74
465.59
268.15
779.03
761.26
146.66
36.78
181.85
456.43
733.65
476
478.04
98.56
63.66
253.07
57.76
15.14
146.84
319
256.46
626.49
485.45
266.34
313.47
599.49
763.33
512.28
795.37
606.99
194.15
52.02
526.75
222.54
443.39
351.35
152.21
251.28
625.3
716.84
523.66
0.52
739.69
609.34
553.43
765.28
632.99
423.9
459.73
120.48
22.52
686.29
659.32
681.11
155.03
577.23
320.08
387.2
427.49
339.66
643.72
764.1
142.65
564.92
331.06
217.32
45.12
124.95
792.53
133.64
518.68
720.01
758.04
383.21
676.79
775.77
745.6
604.39
469.36
176.46
271.36
436.52
454.36
333.45
346.55
715.54
7.18
227.49
36.99
193.63
330.48
501.98
51.13
601.08
465.11
406.41
646.54
664.79
61.42
307.78
734.73
527.78
568.26
345.26
773.78
561.11
677.76
487.01
799.43
460.63
651.46
358.98
431.74
359.23
662.98
628.13
745.96
766.35
239.28
386.8
595.32
511.31
192.52
460.85
720.54
640.27
3.34
184.99
302.88
115.89
296.81
129.54
746.61
411.76
560.36
609.95
449.62
273.17
152.65
558.29
475.67
252.09
560
405.39
201.78
266.02
557.12
580.28
622.71
391.12
551.91
376.41
527.39
670.62
384.3
741.37
127.62
42.77
328.37
425.03
331.95
126.63
63.22
571.66
14.68
760.79
168.87
713.59
737.73
263.55
535.45
508.17
755.96
475.51
399.74
509.42
437.13
21.61
590.46
122.84
118.13
229.47
362.39
0.83
725.93
707.26
485.66
180.52
93.62
200.43
377.62
39.39
723.55
639.14
727.35
377.98
702.06
265.72
178.84
57.81
294.81
473.55
207.06
547.62
567.96
620.28
224.06
408.49
754.16
558.99
213.04
444.07
24.15
415.8
127.78
150.86
776.85
387.57
499.92
386.29
405.89
792.07
306.3
570.61
371.51
616.43
80.74
417.27
671.93
570.83
324.5
151.15
287.36
259.28
261.33
72.68
613.37
528.05
128.9
13.65
300.93
91.5
372.05
189
542.32
30.45
66.58
519.82
70.52
430.84
688.62
678.56
0.01
302
361.8
255.39
398.39
198.3
617.77
419.37
579.89
66.09
668.13
709.72
543.53
327.61
586.02
235.17
423.03
232.75
621.97
471.24
543.71
703.73
197.4
532.89
303.49
137.72
83.74
142.2
2.73
336.97
418.4
435.31
571.7
773.16
757.61
332.44
284.58
279.63
674.79
676.61
31.8
136.72
609.93
170.7
9.74
87
542.75
399.97
94.05
381.66
15.59
680.3
154.67
293.04
718.3
355.53
667.7
183.55
428
644.73
599.21
106.86
248.8
522.68
84.66
580.32
15.3
527.48
468.94
68.79
503.64
602.58
492.62
114.44
127.94
289.37
785.07
55.8
455.59
768
145.8
135.14
139.8
796.18
394.94
48.44
337.14
405.49
664.27
738.39
785.73
639.25
750.28
359.96
298.71
107.69
708.95
660.73
549.68
45.38
228.73
419.33
146.84
138.57
278.62
733.09
398.37
646.57
635.31
290.3
477.29
571.68
487.06
707.55
762.41
536.22
15.84
583.59
660.51
474.69
93.22
703.33
578.3
741.21
33.56
229.28
24.62
593.75
627.54
722.9
708.71
206.69
608.48
793.06
161.85
646.39
134.65
79.52
611.96
48.2
324.07
472.04
749.05
477.26
771.91
645.96
44.79
14.81
16.04
733.16
78.2
361.23
370.31
363.72
64.52
396.82
571.7
277.03
424.79
294.02
456.57
230.25
156.17
196.19
134.62
560.73
697.86
362.09
231.02
183.98
384.96
252.63
455.83
778.77
638.06
314.37
691.26
85.33
768.02
358.84
236.58
656.15
524.23
493.52
318.29
67.63
567.7
764.46
389.74
770.36
7.89
366.2
591.81
751.53
604.11
175.28
567.81
41.29
650.29
302.27
666.37
748.61
515.72
549.9
10.91
366.77
555.02
199.88
16.39
23.29
553.86
466.06
172.97
65.53
51.58
66.88
527.49
178.87
720.21
675.69
540.33
184.43
594.07
62.62
143.7
594.49
740.91
314.7
638.58
651.45
763.51
697.76
413.29
455.6
52.15
659.15
304.78
747.12
142.72
115.53
391.72
68.55
125.17
545.47
441.63
390.21
798.12
282.07
714.25
143.9
193.38
230.9
495.35
535.22
754.91
254.41
535.34
781.42
75.61
683.21
406.9
239.98
473.02
307.6
744.59
792.65
355.37
359.01
251.97
545.12
575.12
323.72
702.68
23.79
545.96
102.21
82.19
296.91
442.86
29.24
508.59
79.31
496.59
404.71
547.82
687.05
481.26
348.46
70.82
516.59
162.88
627.84
132.73
50.19
492.22
280.58
547.06
588.81
633.02
748.61
713.5
381.83
90.03
529
95.21
112.13
486.21
417.37
793.23
592.15
66.69
95.88
7.47
589.14
607.63
296.33
551.09
377.69
462.02
89.81
237.79
301.77
468.48
646.78
619.83
21.22
600.12
638.28
255.34
501.8
572.47
228.21
320.86
799.92
371.6
212.37
367.09
241.49
288.22
575.86
611.71
759.86
516.94
515.4
377.79
549.46
134.17
726.56
473.44
682.1
151.27
452.9
217.5
119.88
314.33
441.7
96.83
343.66
513.35
563.73
265.65
671.09
93.41
131.86
750.74
568.93
754.5
301.05
532.52
666.53
740.48
368.27
60.01
318.87
418.5
683.57
41.9
313.85
214.04
248.05
178.69
244.15
627.13
186.94
383.65
210.64
484.7
681.58
162.01
749.13
320.53
590.5
511.68
360.08
61.43
205.81
159.71
284.03
266.94
448.63
649.87
769.61
210.61
165.07
318.28
686.61
552.9
680.99
332.7
365.55
510.14
254.86
115.14
110.35
570.46
486.68
216.05
18.5
80.7
602.43
543.53
53.71
7.26
656.02
707.83
434.82
135.69
768.68
96.48
6.84
452.16
23.7
706.64
429.82
592.26
788.98
597.24
328.13
278.2
415.24
101.06
83.9
160.22
512.17
766.59
735.59
375.15
94.92
579.89
56.93
444.37
471.29
37.5
414.66
130.02
384.84
718.11
87.59
322.63
355.85
45.66
673.31
241.4
399.1
656.84
385.23
698.53
693.12
17.57
738.97
107.25
445.31
430.66
186.65
556.81
587.06
698.1
612.14
274.12
51.6
717.14
42
432.35
260.78
301.34
753.33
698.38
34.9
58.26
772.22
112.75
407.95
602.36
14.67
292.45
454.45
279.95
348.61
776.81
289.7
682.38
615.31
356.99
508.29
309.59
336.32
59.09
516.04
241.17
758.55
710.49
738.97
570.52
34.15
418.45
350.27
788.67
54.85
451.93
799.87
381.44
491.92
57.79
493.54
400.25
523.7
176.94
764.94
497.7
345.02
90.02
579.6
335.96
548.18
243.19
377.56
166.72
87.6
85.91
97.64
257.4
55.05
476.65
189.97
653.67
733.68
260.36
190.46
698.05
629.72
390.11
328.14
511.97
74.92
732.77
242.88
410.75
577.21
146.79
495.17
782.62
660.44
749.51
747.47
79.83
561.09
794.5
728.6
229.85
413.95
8.28
22.11
794.94
394.03
111
687.39
348.46
458.75
747.94
227.89
98.55
714.48
680.28
210.58
600.18
88.7
509.21
275.15
435.2
595.43
89.39
457.33
574.59
563.02
104.06
601.21
664.55
430.03
756.72
164.95
421.33
592.28
604.02
272.06
337.03
140.29
25.69
448.03
84.92
39.5
796.47
228.88
225.41
641.27
729.54
788.26
531.62
413.43
528.73
495.86
146.62
329.94
785.3
645.65
318.29
734.93
250.83
121.97
503.53
639.31
719.72
296.46
482.44
88.82
475.88
98.99
645.66
106.15
181
263.11
174.29
631.27
151.62
507.38
245.68
315.32
646.55
756.25
155.55
582.28
741.55
4.13
265.58
158.87
184.61
661.41
1.85
724.3
380.5
739.81
722.33
728.06
274.32
595.41
725.71
229.57
104.28
176.76
24.5
79.6
544.96
402.05
581.79
92.73
706
478.5
79.96
144.15
151.44
684.19
126.74
718.29
644.93
628.04
455.82
43.83
420.86
719.25
328.06
17.49
580.75
625.81
649.84
663.85
703.33
9.8
623.1
201.82
70
182.05
578.32
462.15
499.49
78.01
707.08
561.64
272.52
340.23
224.21
706.3
650.57
391.43
382.1
251.19
459.16
355.42
477.51
8.43
700.6
142.54
81.31
418.03
226.18
397.76
586.01
631.83
277.39
147.46
43.41
539.93
701.15
472.95
416.96
395.12
292.06
504.41
281.89
691.04
648.11
14.27
176.48
697.07
614.74
254.07
66.91
230.61
247.66
281.87
673.4
358.89
59.69
387.52
605.64
731.01
93.36
289.23
125.65
383.93
141.67
431.38
253.5
727.36
158.35
79.93
576.48
346.98
258.73
23.26
354.01
132.79
35.74
47.93
442.37
764.35
766.12
47.42
46.84
129.06
639.01
576.12
557.29
613.94
727.55
523.04
248.74
789.22
538.7
159.98
139.81
616.98
161.79
213.37
584.94
213.65
138.33
119.06
615.13
223.65
232.32
660.39
726.9
239.57
555.61
260.61
89.65
234.03
365.84
695.77
23.78
80.65
645.58
650.75
235.27
100.76
88.81
195.76
438.25
549.42
271.51
258.03
100.63
749.81
471.08
196.21
607.48
328.42
110.46
280.32
70.77
713.23
533.7
632.15
58.57
9.95
229.46
796.2
180.64
647.01
474.15
706.61
553.67
498.3
478.49
485.14
75.79
228.25
229.9
565.37
146.02
248.22
676.21
371.51
278.55
332.89
651.77
732.4
317.59
783.06
357.34
455.46
794.44
204.98
675.64
441.35
766.11
215.59
686.64
131.05
77.97
428.66
486.85
89.07
373.26
675.47
222.14
488.09
638.62
242.8
30.84
579.79
1.98
586.18
190.55
500.29
641.77
361.74
474.77
624.04
100.82
424.29
56.35
216.66
282.29
550.41
673.72
157.36
386.77
794.03
200.64
364.55
637.38
230.93
773.55
425.06
392.76
444.39
98.82
779.29
523.4
344.31
782.87
286.32
64.87
677.82
429.4
768.85
125.82
587.16
79.83
357.56
338.32
183.81
344.86
539.84
562.41
132.62
292.33
23.26
44.27
415.89
537.81
220.74
513.97
507.42
627.2
423
260.01
128.32
423.1
731.13
203.41
622.39
307.71
64.43
306.02
120.37
343.51
234.66
138.12
59.6
16.27
182.25
291.93
181.32
721.02
298.15
127.6
552.55
785.86
174.85
56.01
0
550.07
693.89
322.48
157.68
607.82
490.69
282.95
268.36
797.47
432.43
80.19
140.66
597.23
208.42
342.69
192.06
224.72
477
788.59
775.97
262.86
700.96
381.86
734.45
441.19
636.04
337.76
380.02
716.97
407.69
578.48
325.65
747.93
359.5
447.95
203.84
650.1
652.5
646.36
104.54
736.59
660.55
600.94
786.59
489.22
305.27
643.44
240.95
597.81
48.28
38.62
392.54
315.14
53.78
492.46
793.78
413.38
34.96
344.33
279.68
354.17
11.28
754.78
523.43
65.35
716.91
76.4
601.54
133.46
720.15
108.67
766.66
306.73
647.57
673.9
409.13
336.79
752.7
398.71
594.45
122.56
569.92
211.47
391.67
113.74
642.92
306.15
46.19
640.49
269.34
105.68
474.69
517.7
752.75
572.74
81.73
9.15
371.04
578.19
103.33
230.24
752.33
178.37
83.1
533.67
366.29
536.27
328.58
773.86
99.73
594.88
400.97
744.11
197.56
14.88
338.08
11.69
604.96
52.56
154.69
728.47
634.15
119.73
488.74
404.26
703.58
222.92
343.07
501.69
6.39
233.51
638
607.66
540.85
35.75
763.59
555.89
506.69
267.57
324.26
40.93
267.7
409.97
451.89
331.2
42.23
492.56
192.45
314.05
606.88
431.87
604.33
204.87
401.26
677.5
746.95
465.2
712.25
667.34
519.86
362.31
384.4
72.76
536.92
176.66
432.04
207.83
461.09
233.87
207.17
224.41
760
660.38
564.94
165.78
604.65
370.85
417.14
663.98
570.89
233.86
567.72
455.03
572.34
106.05
648.87
775.7
219.73
609.27
126.74
495.42
658.98
107.25
51.55
588.47
798.03
466.97
484.38
127.61
299.16
620.7
311.3
784.68
549.73
38.42
601.39
66.6
88.08
786.83
372.86
440.3
252.63
677.74
579.45
748.01
774.85
128.39
609.33
494.13
750.64
541.11
127.33
629.58
496.63
632.18
48.37
537.01
606.37
558.62
32.54
743.25
647.19
56.62
98.95
121.13
349.99
701.12
638.19
44.34
760.15
244.35
215.61
193.01
629.59
391.6
259.43
711.39
496.87
571.54
439.35
504.17
341.45
294.81
407.98
791.62
454.08
387.21
447.45
87.77
561.49
345.01
550.83
3.7
629.21
666.79
73.02
106.71
726.88
562.81
177.97
621.36
455.4
430.65
265.14
605.79
223.31
191.13
386.92
707.46
158.81
356.56
766.68
125.68
367.26
81.9
661.5
663.06
472.09
469.21
121.26
763.85
747.25
263.94
66.81
27.69
391.99
205.58
160.73
24.57
196.66
44.31
521.07
8.23
141.38
557.83
583.49
432.04
505.22
163.71
450.12
513.19
617.31
299.89
257.79
147.82
796.34
19.68
687.28
454.29
348.31
417.73
338.44
5.24
220.87
102.98
583.89
168.86
786.47
378.65
561.52
752.47
482.37
8.11
15.87
469.1
574.91
79.82
700.44
110.36
277.56
607.73
485.28
133.23
555.97
118.91
405.15
152.42
756.86
565.29
291.26
500.5
290.96
695.14
776.63
66.61
694.74
451.34
212.55
208.94
48.27
593.08
63.17
584.72
347.46
82.64
490.59
177.55
109.85
681.43
544.85
459.69
647.54
606.39
784.13
598.45
74.92
197.62
474.3
268.57
633.62
529.49
761.32
780.95
214.17
494.38
367.3
562.58
505.19
420.27
282.51
185.82
145.79
182.89
404.52
691.15
671.5
776.17
739.88
560.45
166.42
95.42
578.06
267.46
572.8
725.83
37.3
459.7
470.57
732.21
615.22
420.45
275.2
55.64
312.55
92.64
131.81
470.3
710.97
759.9
701.95
245.08
636.85
429.73
141.48
116.73
22.67
392.21
770.07
396.2
749.8
230.92
18.52
765.71
650.11
457.5
782.38
433.14
109.22
700.32
457.7
410.41
24.37
530.65
384.47
355.6
33.67
512.15
760.84
648.65
14.27
643.6
624.48
338.8
205.24
19.47
209.8
729.36
794.93
428.16
242.9
510.75
534.63
457.4
38.79
460.22
447.38
700.72
48.01
537.46
519.22
580.38
325.42
318.64
600.74
254.52
451.87
464.3
8.9
64.76
616.16
15.36
306.6
329.83
449.49
241.17
608.07
691.71
783.61
424.42
676.39
111.04
491.45
228.81
53.68
0.84
725.22
143.43
571.51
356.13
766.31
10.18
497.06
560.65
121.24
76.44
378.86
174.55
217.44
268.51
540.17
421.29
147.48
470.69
155.29
76.47
347.78
656.84
682.87
246.07
408.15
759.71
469.6
749.46
492.14
183.58
603.1
152.21
154.55
470.72
78.77
673.52
737.07
315.34
783.02
0.26
743.74
196.51
756.98
495.81
717.92
679.72
309.04
761.41
18.29
109.71
385.18
149.24
740.93
180.32
347
716.89
720.5
667.77
14.64
448.21
306.81
279.33
786.51
671.49
251.8
561.86
133.81
616.69
450.9
277.04
46
738.8
690.21
36.35
476.69
429.73
325.66
30.66
160.96
332.91
5.39
112.64
528.34
623.29
575.94
101.54
139.26
5.27
581.25
674.3
156.88
664.1
516.06
133.22
24.95
617.37
361.75
343.93
153.55
378.25
279.19
195.18
147.75
350.66
159.31
202.33
710.05
679.44
469.39
761.55
452.12
742.27
796.1
367.1
448.34
667.59
571.85
239.76
794.4
710.05
167.81
615.21
305.85
298.91
0.86
771.51
44.88
426.54
597.66
244.61
631.81
546.28
798.41
234.65
618.91
543.15
352.13
149.19
367.29
799.04
282.93
89.04
186.47
649.48
698.42
350.45
422.52
185.25
422.39
438.95
30.7
690.72
195.39
104.28
637.68
450.94
415.44
233.33
414.71
32.2
274.2
33.78
342.18
740.55
74.24
486.06
164.62
217.94
618.14
316.48
548.31
184.04
303.79
240.49
94.05
169.85
401.44
713.19
779.56
543.03
732.37
532.1
635.81
518.76
4.82
750.31
191.92
311.1
509.75
195.47
664.06
417.65
336.34
70.78
613.86
502.58
88.34
293.16
91.04
442.71
239.17
342.73
341.7
729.72
43.47
83.73
167.97
704.35
113
267.92
90.14
444.55
777.67
434.52
497.85
747.17
83.18
64.54
41.75
571.42
369.05
136.39
555.75
71.51
789.15
540.57
227.66
778.74
173.86
96.06
8.65
347.7
3.07
259.29
361.69
199.96
22.97
207.21
381.45
738.03
695.8
381.22
743.86
372.91
345.27
226.5
99.01
585.87
213.06
55.75
196.12
388.8
565.73
343.94
541.1
787.58
682.45
32.12
663.43
308.28
190.98
534.87
685.67
764.9
714.07
570.05
623.08
586.76
319.39
598.85
646.58
400.05
639.09
74.39
701.41
375.01
247.73
86.64
192.47
48.2
376.69
299.17
538.61
228.76
95.44
730.98
523.62
3.83
282.79
477.25
274.53
138.83
391.1
399.36
557.69
413.81
790.1
171.27
430.51
117.63
286.39
45.53
767.91
27.44
531.71
201.64
15.62
193.42
354.9
189.43
743.27
460.83
785.79
255.16
51.16
753.84
311.29
328.9
72.5
495.7
585.18
116.91
528.32
503.73
218.54
113.94
692.65
720.86
720.82
379.03
272.39
549.09
261.6
173.82
238.62
267.49
102.32
71.64
503.04
486.3
799.71
154.35
77.38
449.46
171.22
540.65
368.09
157.77
377.81
266.47
723.39
273.36
127.32
315.36
477.47
84.82
191.13
356.59
38.44
287.19
486.89
546.69
311.66
130.59
597.17
386.09
547.6
148.4
116.73
423.64
531.52
739.64
281.44
126.09
435.86
88.39
415.98
121.97
604.91
574.25
373.92
268.79
121.71
336.45
294.17
605.39
766.85
417.58
576.95
61.86
709.58
182.34
305.73
393.57
487.2
227.56
522.8
765.04
167.85
259.77
526.86
290.74
623.45
626.91
786.68
71.53
451.42
678.91
673.36
267.83
114.9
484.68
215.47
798.99
716.43
608.69
89.29
589.91
274.77
226.71
73.46
534.33
610.04
533.98
170.1
594.83
252.25
761.43
524.76
603.41
670.23
285.37
42.04
266.19
642.5
644.85
662.91
560.89
384.96
363.15
258.88
534.36
539.02
269.31
460.75
549.08
782.69
86.15
775.05
370.61
575.83
129.9
357.02
588.38
241.55
270.2
20.43
380.26
329.22
347.05
111.71
234.73
249.89
268.88
361.94
233.45
489.94
657.97
286.94
258.23
508.81
12.47
529.74
39.54
699.69
309.33
673.06
687.4
539.58
782.65
548.8
483.77
704.18
24.05
520.8
516.82
115.74
534.73
287.67
25.01
575.34
508.47
85.64
579
208.39
300.81
286.32
767.23
570.79
611.58
713.44
712.38
235.68
403.83
659.28
366.76
85.28
294.52
576.29
136.62
144.78
183.37
410.61
664.76
607.9
666.16
176.04
706.78
329.79
648.95
508.93
36.97
698.73
61.05
7.71
42.18
125.01
705.63
634.8
386.41
537.02
618.4
232.87
204.01
651.64
170.05
430.05
237.62
204.98
23.9
621.9
407.31
296.53
313.85
539.08
377.19
571.31
457.97
503.26
608.01
165.24
571.35
579.31
32
449.86
618.34
426.77
471.91
149.39
580.55
432.56
47.97
531.36
346.32
535.55
529.11
138.36
713.37
776.89
263.92
238.11
442.52
550.57
750.7
47.66
622.69
111.15
409.23
604.67
167.84
722.23
592.52
563.11
567.58
770.01
785.85
55.02
611.6
167.75
529.46
278.85
661.22
275.62
449.41
449.04
765.08
244.68
219.34
303.7
292.8
640.29
691.77
632.27
537.69
751.17
50.68
151.08
335.7
107.77
365.36
3.69
222.2
540.57
688.49
506.62
321.06
733.56
573.47
466.86
44.13
629.6
290.81
547.82
412.03
428.21
106.99
448.47
732.89
738.22
504.39
537.98
595.32
273.99
263.31
486.64
455.32
477
714.72
431.37
269.92
556.96
301.55
765.46
79.84
171.55
788.57
362.13
460.53
727.34
259.69
491.09
374.13
241.52
66.16
389.53
100.49
731.55
50.45
525.01
638.93
641.01
299.48
521.85
678.66
434.1
515.58
55.7
524.38
523.33
440.78
193.72
618.62
649.05
352.14
755.16
69.05
581.4
142.11
632.19
16.02
425.42
309.76
536.79
726.11
176.02
118.64
218.87
514.5
90.87
614.56
103.76
680.16
669.29
59.39
59.48
180.1
772.47
151.39
44.48
497.85
752.05
18
395.49
63.33
601.19
67.59
637.03
247.65
414.5
495.67
268.19
534.41
584.36
490.76
784.54
573.3
766.67
680.28
694.64
222.78
118.68
389.39
190.3
372.64
544.21
721.3
428.75
777.2
162.67
767.84
377.71
281.89
242.16
603.18
366.18
579.59
642.28
642.64
483.45
747.89
669.2
427.39
622.14
501.43
91.52
733.53
108.32
66.57
670.47
794.68
502.24
476.81
325.15
671.72
114.09
356.01
281.1
78.18
478.94
45.37
293.15
12.88
225.61
558.33
784.09
154.3
134.66
426.56
111.32
570.38
442.69
58.63
505.18
378.6
70.71
754.99
393.71
232.15
32.07
409.87
729.37
81.63
305.36
117.87
327.86
605.58
341.64
645.05
293.23
682.89
402.15
45.58
350.89
461.96
4.89
435.13
557.95
169.53
466.19
241.94
764.71
306.93
546.78
653.22
335.41
568.27
279.38
292.35
57.23
162.6
217.31
599.87
311.86
686.66
788.38
72.71
301.93
642.71
361.03
302.52
33.78
699.14
58.67
366.77
595.4
531.81
314.75
360.07
140.66
310.02
608.36
185.62
7.91
481.26
291.84
223.62
464.36
288.34
736.71
527.5
180.9
727.44
115.26
659.34
616.61
676.01
425.06
502.62
59.8
143.1
20.3
212.96
450.16
448.3 /

COPY
	PERMX PERMY  /
	PERMX PERMZ  /
/
MULTIPLY
	PERMZ 0.01 /
/
