---------------------------------
-- Permability values for SPE9 --
---------------------------------

-- Permeability distribution visualized in figure 5 in Killough's paper
-- Killough says 'The input data included in the distribution to
-- the participants included a geostatistically generated 
-- permeability field'

-- The values below are taken from Killough's dataset, they are
-- not based on the figure in the paper.

-- Explanation to how the data in PERMX is organized:
-- Under each LAYER (i.e. K-value), 
-- there are 25 ROWS (i.e J-values) under which there are
-- 24 entries (i.e. I-values) 

PERMX
687.02
619.47
173.31
342.65
194.61
572.43
685.21
625.09
658.88
85.81
282.17
547.22
83.62
234.61
766.26
37.44
36.69
340.49
500.23
35.53
284.45
117.37
647.68
533.37
357.03
548.01
346.54
220.15
568.43
408.91
285.6
787.01
350.37
641.07
91.14
341.35
364.4
116.94
579.23
714.68
457.85
26.91
532.32
613.55
639.2
122.09
241
674.8
555.39
262.91
65.36
406.32
38.89
476.07
664.94
246.73
152.42
611.37
467.71
625.5
564.54
575.05
222.03
390.9
313.17
288.62
164.34
515.81
638.02
558.86
380
53.04
18.15
452.61
502.57
298.87
299.49
718.08
302.99
266.87
189.85
431.47
180.74
538.85
526.63
32.67
470.46
586.2
409.03
788.94
374.13
26.13
560.72
97.76
551.4
652.84
406.55
520.33
609.01
517.48
574.41
601.27
92.28
448.19
462.51
595.27
468.51
44.85
794.5
576.8
131.31
157.96
798.5
361.59
38.33
423.75
547.12
453.42
395.54
338.97
631.02
160.2
471.07
152.18
99.49
472.69
672.54
487.93
186.88
490.32
763.48
470.75
46.44
152.38
420.11
674.52
534.88
348.01
337.15
277.98
126.51
753.77
388.93
268.56
702.68
433.12
604.42
108.8
445.78
73.02
322.53
716.26
143.12
660.18
201.26
450.46
527
743.1
624.52
635.85
313.36
738.21
597.86
56.43
348.25
457.1
31.91
432.27
71.24
691.47
205.29
623.6
681.62
596.83
602.74
109.07
515.29
674.22
400.24
291.29
99.58
495.07
520.49
491.41
622.5
760.28
441.44
162.39
575.77
354.07
690.96
38.36
247.4
176.53
760.11
740.19
26.63
465.63
796.15
213.87
29.16
778.7
650.25
454.88
485.55
340.49
741.88
255.94
506.89
423.4
296.98
251.12
497.04
311.82
90.48
227.17
244.86
635.02
715.44
173.45
220.09
224.72
259.89
267.2
732.42
473.46
613.11
230.25
84.01
713.88
668.76
153.55
722.93
200.76
500.97
545.85
178.89
160.23
387.86
287.92
749.56
23.59
434.39
48.12
250.38
790.1
456.13
424.57
40.62
283.96
154.91
615.36
760.02
403.08
694.88
362.48
363.05
19.68
567.53
476.17
209.9
557.56
513.01
746.35
262.69
607.44
295.73
219.79
710.07
155.34
88.14
439.11
694.47
258.89
124.38
508.1
117.3
491.82
125.82
346.78
21.75
247.51
102.23
250.2
107.28
205.11
739.22
289.93
374.46
7.25
473.07
75.74
49.45
685.24
639.55
673.86
146.96
416.24
445.34
332.76
37.64
553.11
443.94
405.4
146.62
406.1
775.92
57.56
659.35
498.03
82.45
165.72
237.86
493.37
422.97
495.44
419.22
787.15
681.09
334.91
402.87
424.64
394.41
695.48
104.2
375.59
480.2
10.78
322.7
354.81
617.46
50.4
706.35
362.98
752.33
5.42
137.22
77.53
471.75
588.07
666.71
260.14
290.89
107.76
762.49
147.65
229.6
311.77
607.8
92
201.59
33.92
83.26
23.93
369.37
517.16
70.53
737.3
72.47
569.24
654.21
545.29
525.35
85.18
548.73
709.59
108.34
385.52
385.19
672.06
648.99
482.52
130.53
608.66
398.58
101.44
299.54
147.78
706
225.97
658.82
583.05
789.4
689.57
383.79
625.59
169.41
152.33
237.45
2.64
101.32
446.46
790.12
191.61
147.01
338.11
439.26
62.87
283.52
731.19
159.98
382.3
710.36
88.01
374.37
621.19
48.39
530.48
475.46
567.24
661.21
95.25
275.2
706.48
705.18
660.92
186.37
494.02
681.81
689.71
361.81
438.58
663.88
577.83
91.86
196.15
161.06
461.29
792.08
363.44
721.16
27.51
278.81
185.19
705.92
165.27
507.73
610.38
75.78
473.7
622.46
41.71
764.58
701.51
410.38
367.41
775.27
272.77
527.15
617.44
188.42
239.42
671.11
325.81
258.03
127.34
282.48
598.25
486.84
544.07
529.88
439.56
485.19
598.06
276.9
619.29
737.35
315.65
606.05
160.69
388.82
235.28
2.97
649.11
706.43
232.94
266.33
715.66
616.46
77.71
305.84
500.82
42.16
167.13
752.12
516.73
593.93
359.42
447.36
699.67
105.42
581.12
149.52
32.82
306.36
213.64
797.98
752.23
92.62
338.98
728.56
411.02
185.27
447.29
235.88
353.92
212.26
47.64
601.24
752.46
727.17
191.38
497.6
590.01
197.99
71.01
60.16
730.22
680.17
326.32
683.76
142.98
629.3
319.15
399.57
472.92
514.75
420.06
253.33
405.43
160.18
92.44
523.72
301.53
569.97
707.4
666.99
67.92
329.66
25.12
790.93
320.02
633.76
181.46
21.69
754.92
496.03
478.89
480.83
268.65
562.12
404.46
107.12
179.74
797.99
21.65
721.97
261.98
481.53
737.63
243.56
410.99
85.78
610.97
415.55
551.68
482.32
563.81
767.87
165.78
452.72
623.07
45.44
263.42
784.18
206.63
424.7
219.44
724.65
594.66
760.72
585.17
94.87
198.58
506.91
206.55
764.43
662.12
218.85
195.86
273.64
754.85
758.97
581.73
456.81
177.09
102.09
163.6
463.85
449.95
293.91
480.42
86.18
636.14
319.78
254.43
609.02
503.71
153.82
40.88
585.65
790.77
674.07
240.15
54.4
189.67
709.67
20.6
736.54
236.64
71.77
713.99
438.97
667.93
269.18
214.49
432.91
226.14
713.41
706.3
196.34
475.76
373.1
104.22
329.16
63.14
590.44
114.55
640.41
376.4
623.68
45.93
638.11
699.38
714.35
525.75
60.61
69.54
697.7
227.77
352.51
476.45
7.09
706.47
505.29
120.68
559.99
418.52
197.05
60.38
491.23
379.86
723.12
480.28
709.37
153.68
32.08
126.18
79.28
754.05
628.28
162.36
662.17
172.73
72.54
254.36
317.99
243.13
560.11
323.94
270.24
615.08
456.15
184.32
347.74
27.43
517.41
408.96
587.96
295.48
529.12
433.95
579.9
209.59
273.66
786.11
696.91
670.6
569.74
461.37
364.36
403.63
366.87
273.48
203.72
156.05
119.23
737.74
160.99
205.97
240.38
369.63
104.56
653.66
765.51
78.2
138.6
621.89
385.08
204.33
400.77
703.77
93.12
788.66
393.53
751.51
206.66
545.28
494.41
583.96
396.25
641.92
89.04
269.66
755.32
755.64
490.92
467.55
592.6
775.75
522.8
627.22
312.25
307.88
419.97
5.75
719.44
737.07
592.23
109.21
316.81
652.74
541.04
436.28
659.65
794.89
241.98
629.57
416.97
81.62
232.57
493.78
542.49
2.42
216.39
579.62
249.66
540.99
766.75
772.2
764.27
728.71
159.24
397.77
656.59
786.08
309.86
351.82
188.49
365.32
637.67
194.99
171
635.73
660.27
733.68
318.15
663.31
353.67
601.62
586.77
102.55
161.34
766.78
672.06
580.76
682.8
28.99
498.1
229.48
719.74
57.32
794.57
294.79
323.16
458.72
518.05
547.22
167.85
790.99
516.38
458.5
156.66
628.61
376.49
9.92
785.77
607.82
482.25
184.56
225.76
326.3
496.17
703.92
711.86
109.14
209.38
380.4
290.33
665.62
213.91
260.73
492.39
360.88
404.65
559.23
570.37
624.54
679.41
609.79
235.9
366.73
10.09
585.77
366.44
63.51
798.05
615.11
383.32
511.17
620.86
714.96
186.46
637.31
505.63
438.96
12.06
434.94
12.56
587.27
557.54
144.68
402.45
653.67
461.43
434.53
333.11
511.71
166.26
559.78
765.8
230.12
127.8
707.96
136.62
355.92
321.97
223.08
333.11
690.42
132.45
560.24
135.53
441.29
731.49
137.33
723.13
156.67
212.46
546.06
114.11
82.51
523.22
471.96
219.42
307.81
211.87
739.06
786.91
60.35
493.82
197.26
678.62
666.65
173.24
266.34
575.5
671.78
697.27
206.17
114.74
736.61
503.09
375.04
463.84
9.53
245.04
773.07
83.94
201.52
198.17
369.27
568.69
475.41
52.76
798.63
126.25
414.9
57.1
427.3
403.69
607.31
754.44
368.79
212.77
749.12
390.02
690.24
336.72
159.82
427.94
302.6
355.81
312.4
401.87
145.51
171.22
164.05
78.94
449.46
211.59
188.66
771.6
596.64
460.77
10.39
33.54
383.42
712.59
246.69
622.98
401.77
136.29
137.67
203.11
107.81
51.46
140.76
673.37
69.42
510.05
80.5
217.38
669.65
516.19
493.05
598.88
256
593.37
525.32
383.7
201.05
88.79
29.74
584.74
451.4
307.38
511.01
194.19
55.63
533.52
557.91
422.25
101.05
778.88
375.27
169.1
644.43
164.16
698.43
405.67
87.19
299.37
480.38
67.83
137.46
481.07
413.49
775.06
254.46
177.02
75.95
156.56
409.29
221.71
405.27
93.97
464.38
454.38
526.22
583.72
695.38
162.11
60.42
74.94
692.04
51.31
292.59
39.19
731.12
207.34
484.13
208.52
540.38
141.08
59.6
707.76
759.11
721.36
576.41
329.12
164.9
190.6
155.53
608.22
749.58
208.7
582.81
2.93
64.91
606.56
194.95
302.17
343.78
42.22
231.95
376.55
170.27
542.6
238.45
105.54
514.65
181.85
678.48
201.62
251.23
358.75
385.67
678.28
439.52
336.08
711.96
589.79
724.82
175.56
245.89
447.82
363.65
320.05
794.35
715.56
478.62
282.98
29.74
111.21
287.37
81.27
549.35
303.67
505.02
160.19
208.3
432.33
659.95
23.04
161.25
647.21
513.17
628.85
388.12
420.91
539.42
424.41
141.09
657.13
361.75
7.12
106.62
171.01
211.3
71.4
124.18
460.9
744.57
605.76
344.7
495.8
335.47
150.25
711.69
728.52
784.14
58.86
114.38
336.1
183.26
439.23
451.49
452.03
599.68
189.19
102.37
109.81
209.68
119.15
779.11
466.41
407.92
4.27
102.06
566.21
619.47
219.11
461.24
762.08
346.77
140.77
425.89
319.73
715.95
303
349.57
219.4
442.69
497.5
341.31
48.36
330.98
226.8
191.34
764.02
568.1
364.95
574.62
310.7
29.74
449.3
420.12
322.58
307.58
71.5
303.41
143.83
106.48
646.64
181.67
484.24
145.63
275.73
443.65
480.72
784.48
568.17
463.93
724.17
390.8
33.25
338.19
277.64
400.21
66.98
625.47
145.55
284.68
698.13
690.82
597.94
113.01
590.94
595.3
37.29
564.93
198.99
727.94
137.27
656.38
759.14
686.29
322.26
559.36
25.46
95.58
573.46
434.08
778.96
189.54
443.98
272.67
551.09
16.01
452
584.43
368.81
101.03
734.6
195.89
265.17
585.73
51.46
137.32
291.13
485.14
448.17
337.46
675.47
22.8
454.51
121.9
236.91
767.77
99.6
539.4
783.43
193.97
207.41
261.92
201.99
335.75
288.01
784.12
142.61
252.47
52.43
160.42
396.71
690.19
137.76
723.04
522.09
594.67
519.23
655.87
345.64
264.75
453.67
182.4
53.66
377.76
232.06
657.95
386.42
670.52
222.13
16.89
763.01
504.07
194.69
587.6
271.46
296.06
67.99
128.85
428.47
529.98
169.77
214.35
60
442.48
383.73
673.9
630.28
159.39
208.65
721.45
114.62
428.58
727.99
449.96
578.23
581.32
288.06
605.6
634.61
597.54
162.47
693.66
551.04
452.75
509.15
12.19
172.41
87.4
380.84
585.45
743.52
23.69
628.71
162.12
23.91
326.63
85.18
188.82
89.71
26.68
532.22
122.54
4.36
145.6
443.32
421.67
61.56
337.34
306.85
612.25
12.25
161.56
185.45
104.15
271.98
204.15
688.54
219.35
183.56
46.83
545.02
560.07
378.73
347.1
348.68
192.64
266.4
221.02
273.3
254.78
624.78
263.06
472.3
334.66
215.55
130.71
80.05
140.78
739.86
372.94
53.33
96.27
353.85
255.7
705.3
17.83
108.62
526.51
542.72
341.8
279.94
308.39
480.37
207.61
465.6
200.48
523.27
382.42
173.07
363.55
124.57
597.1
365.17
432.63
138.72
732.13
396.31
654.04
69.36
23.92
609.07
261.25
455.47
481.24
634.88
552.5
549.11
596.22
180.29
521.24
417.8
612.46
533.65
523.77
565.58
459.5
453.77
662.31
513.13
772.16
321.04
46.71
274.78
578.12
771.24
382
412.27
604.59
46.45
269.51
15.79
722.52
752.33
18.78
62.58
574.52
790.15
495.74
477.74
202.45
450.62
525.27
770.04
346.17
259.1
433.65
518.4
447.65
190.18
558.58
362.68
695.81
430.85
9.06
738.25
644.09
371.71
107.89
383.05
107.25
659.64
676.98
621.81
168.64
296.13
539.8
235.83
669.22
415.18
446.44
308.58
545.81
203.26
532.46
226.46
4.56
625.96
375.52
228.44
587.03
643.15
45.23
376.47
102.1
781.78
214.21
493.01
81.17
633.36
577.99
776.05
289.74
369.86
774.83
502.99
629.22
357.62
197.98
111.03
110.03
245.69
243.33
24.86
639.66
593.64
6.88
237.8
77.16
462.74
359.72
566.99
349.08
64.25
454.53
440.89
584.23
415.88
71.44
13.24
230.32
406.26
271.36
31.55
344.18
495.94
790.42
73.46
417.78
370.51
510.2
190.02
587.88
734.57
317.39
199.1
625.46
266.38
175.09
508.91
316.98
471.67
12.07
659.41
569.55
586.7
705.35
691.61
327.46
77.42
425.77
646.59
401.99
255.89
234.95
370.85
327.05
613.56
467.84
763.5
140.09
217.4
646.4
332.63
739.53
386.93
24.26
486.5
282.39
414.53
587.36
313.57
771.53
203.55
580.41
11.1
693.67
327.05
11.94
396.14
490.12
143.33
444.24
19.47
184.11
603.23
748.36
480.31
400.62
379.3
297.65
699.55
212.82
331.97
445.66
621.37
205.32
134.55
780.38
592.03
72.06
3.96
547.83
344.31
424.43
126.19
423.6
174
184.39
507.69
788.83
512.38
397.25
647.18
662.01
250.75
373.63
342.77
735.7
298.16
309.64
241.46
469.11
688.35
482.13
300.26
467.98
98.22
569.74
471.09
759.93
354.06
605.66
5.14
45.83
609.95
567.94
216.57
398.97
310.67
761.5
170.68
781.72
539.03
16.03
785.66
544.86
766.31
90.49
243.88
657.36
638.01
165.21
311.02
55.64
307.69
579.89
583.4
749.14
505.32
686.02
785.88
596.82
421.94
24.84
477.58
631.85
195.76
377.98
292.13
461.62
639.13
397.3
658.99
203.15
697.12
793.46
48.97
448.89
573.9
660.43
105.91
191.47
267.07
156.98
766.07
443.36
646.77
654.71
451.45
645.72
130.34
755.68
221.42
322.26
502.36
311.97
548.04
99.23
612.14
182.85
38.6
658.45
283.48
623.73
69.84
506.1
456.65
687.7
611.39
571.49
605.58
265.16
441.67
223.18
211.66
205.03
534.81
723.24
216.37
585.14
327.12
142.83
99.05
472.42
6.95
56.07
394.33
735.24
26.83
391.77
146.56
700.79
265.85
669.15
1.47
789.37
710.46
510.79
779.6
48.56
697.99
434.51
529.61
530.55
420.03
125.21
85.47
410.17
440.48
601.98
327.87
455.21
165.1
185.87
233.74
81.7
61.57
585.67
747.96
14.82
135.17
184.83
480.25
388.84
225.06
257.25
239.35
673.32
6.52
52.21
544.99
553.63
595.66
60.92
107.7
455.57
564.23
247.3
85.72
166.56
98.96
792.33
142.25
295.19
145.23
87.35
530.11
483.29
686.67
387.94
707.56
527.03
85.3
554.08
622.22
127.55
33.31
474.77
23.51
525.05
319.42
46.65
228.29
524.13
284.34
746.9
247.74
643.81
299.28
490.08
757.2
341.71
148.69
232.12
749.36
657.98
102.82
613.36
116.6
752.46
466.24
513.07
709.13
201.85
39.63
1.12
551.63
573.37
352.82
298.73
754.84
281.67
498.12
168.97
776.62
313.78
158.47
397.42
788.38
449.31
371.44
275.2
220.48
274.57
203.49
588.83
33.85
121.03
461.08
532.84
735.74
401.07
648.72
337.87
611.47
183.27
329.07
146.04
714.6
63.16
55.1
74.6
651.98
109.86
261.01
38.74
643.66
471.91
384.71
312.98
553.75
663.83
409.76
306.26
139.93
632.06
209.33
15.46
300.43
721.74
536.87
646.76
178.59
579.96
231.02
449.09
750.05
477
121.88
242.17
536.51
117.41
304.84
776.66
394.74
577.24
644.26
522.6
399.73
727.96
276.28
254.09
160.83
173.34
477.24
254.94
530.96
564.99
642.88
347.03
127.38
328.35
83.64
118.94
387.94
145.88
80.09
378.52
793.77
704.58
199.12
409.98
123.75
172.45
229.83
798.99
396.03
608.76
510.45
376.33
491.22
445.18
656
648.3
225.38
41.54
14.71
254.53
663.7
60.63
537.92
663.8
553.04
595.35
295.77
593.81
311.69
49.57
217.85
518.76
24.64
533.9
575.29
392.25
257.53
515.42
34.7
739.06
721.34
99.04
208.12
44.41
641.72
614.62
361.09
423.29
756.78
243.9
186.94
366.67
780.91
70.28
516.7
333.87
293.35
688.04
626.83
474.71
602.6
165.7
764.08
574.78
695.34
197.29
484.92
599.06
562.27
182.58
685.68
738.91
674.89
649.81
639.39
505.9
335.09
698.58
600.25
504.71
15.67
213.6
489.37
370.73
68.49
14.28
420.31
736.81
265.9
795.62
514.6
384.44
592.22
658.65
299.55
123.27
521.65
296.08
636.72
259.07
488.95
664.34
396.86
9.98
12.97
196.98
216.71
483.2
533.75
752.8
741.23
649.02
235.62
386.04
672.89
459.73
673.23
469.24
382.89
417.48
359.34
130.07
10.88
520.26
160.83
418.32
267.04
783.21
16.06
98.7
27.19
136.22
695.87
205.18
290.23
277.5
277.95
332.44
731.87
567.26
339.25
512.68
323.32
432.33
178.01
275.76
45.78
62.42
391.12
562.37
86.24
618.47
501.32
726.6
640.17
342.94
124.33
356.43
187.59
154.55
2.27
99.77
465.86
213
88.03
609.46
8.55
152.42
731.27
235.38
577.82
249.31
319.09
113.54
685.12
526.74
33.09
45.92
597.79
697.21
212.75
352.2
405.33
721.42
798.64
672.45
560.15
473.4
675.01
636.33
596.18
190.85
9.38
716.2
57.05
68.58
492.8
768.79
722.1
556.11
645.95
549.33
421.24
267.37
161.09
416.71
324.93
480.15
640.95
319.35
265.91
454.2
162.77
106.06
136.83
684.74
395.74
777.41
788.59
596.05
428.39
17.63
624.09
213.22
538.56
362.67
686.52
499.49
443.75
300.49
41.77
520.02
271.74
339.88
400.72
98.08
259.79
543.47
219.29
14.17
52.61
290.36
674.91
644.92
72.64
70.79
136.14
382.33
790.41
350.89
360.59
542.79
514.41
715.52
76.94
405.03
12.22
677.35
371
22.67
610.11
66.08
13.15
192.78
352.58
171.22
278.45
603.99
24.6
321.9
716.63
562.82
76.39
367.17
361.94
150.18
735.91
238.14
313.38
452.8
131.93
135.74
34.85
606.65
188.07
725.43
98.69
51.74
788.31
298.8
747.39
748.44
775.89
43.5
281.44
503.56
747.89
580.79
766
101.88
542.75
312.1
665.56
639.94
724.77
123.8
373.25
354.23
8.46
589.7
647.98
325.62
506.22
446.97
409.96
126.32
751.8
735.73
112.94
87.66
166.99
447.65
217.52
622.38
570.11
737.18
111.32
741.73
692.19
34.44
156.67
398.23
75.07
386.47
595.61
291.35
255.27
132.36
528.76
314.88
671.76
318.08
150.55
246.27
320.54
421.06
583.7
362.91
5.58
271.45
671.4
643.47
434.86
540.2
593.27
770.78
576.47
187.82
600.95
550.19
403.76
531.86
459.8
123.78
726.27
366.43
690.3
250.39
216.58
755.75
501.15
627.86
18.18
605.65
653.83
323.81
94.7
547.9
154
224.66
54.72
521.55
140.66
160.22
553.07
411.76
119.97
784.02
44.33
315.11
6
373.15
104.6
236.16
113.38
190.8
322.96
139.71
499.85
206.67
562.26
759.91
447.17
621.75
50.29
197.72
304.38
105.26
198.69
86.62
197.14
484.81
171.2
362.93
98.67
761.78
390.22
333.12
192.16
658.37
443.8
691.37
255.65
609.77
211.89
586.61
734.22
759.49
83.92
566.46
343.58
625.88
554.81
413.69
464.72
573.25
243.27
279.91
584.54
344.3
256.99
669.35
686.35
270.72
54.49
530.42
473.18
737.8
542.95
724.21
224.92
681.91
10.7
404.99
433.96
627.78
151.14
453.69
121.88
114.84
498.39
31.34
95.18
578.68
1.6
216.15
67.36
189.77
358.72
319.73
348.34
409.36
355.09
92.4
746.14
578.88
160.82
562.17
523.48
570.61
580.78
590
105.08
190.15
292.64
156.13
69.03
480.04
578.08
465.57
83.52
348.16
577.05
12.66
184.44
548.42
60.51
23.47
600.08
603.97
153.58
513.71
798
109.39
678.61
189.02
457.73
545.31
218.15
228.91
60.31
313.11
788.24
123.18
84.87
292.69
547.86
265.68
137.65
263.05
410.67
212.59
761.89
394.67
550.81
773.66
63.12
311.9
161.26
600.05
670
153.55
561.82
244.8
568.64
114.87
440.33
375.97
436.02
351
431.37
731.85
100.97
525.83
352.74
495.15
524.5
688.41
766.1
732.64
385.67
408.07
212.75
249.27
697.18
240.75
44.85
754.64
146.02
11.87
150.1
362.46
22.59
777.71
713.21
506.23
783.82
563.85
711.93
778.48
406.35
298.48
412.36
164.75
261.35
330.82
522.5
48.07
225.78
523.95
269.15
417.41
433.32
64.83
619.43
508.35
737.11
674.65
478.6
721.71
586.63
416.28
184.85
779.54
698.12
526.62
385.79
756.56
684.47
771.25
477.82
188.09
368.43
490.38
402.53
398.64
100.55
265.88
122.2
35.68
71.87
384.28
15.73
788.41
762.63
320.4
687.33
527.9
254.14
277.78
2.16
247.39
59.96
693.98
483.33
667.31
49.85
26.43
250.43
755.33
116.42
499.77
135.01
588.56
197
638.48
665.38
116.96
15.43
50.89
528.5
658.42
629.03
481.5
334.64
414.54
196.02
435.16
558.18
329.79
529.4
748
743.46
234.69
37.72
256.64
548.84
530.84
219.03
245.69
100.3
101.14
716.83
221.47
357.67
796.43
135.7
296.1
798.35
624.68
270.13
432.74
92.12
398.28
696.54
404.88
391.9
369.82
292.95
634.24
345.32
318.53
505.44
308.73
602.48
169.99
489.51
102.49
53.99
483.36
431.73
46.42
514.38
367.11
67.79
202.82
776.57
283.51
632.45
517.83
141.78
422.5
172.42
425.15
135.31
398.74
280.02
422.36
398
126.98
674.47
219.71
152.04
431.23
476.68
208.09
714.27
633.56
352.93
722.92
194.92
208.71
21.5
526.53
579.06
229.32
227.18
25.18
495.21
656.17
557.78
616.75
200.62
733.56
376.28
766.95
169.83
433.93
604.27
30.03
750.3
618.46
197.03
83.8
305.7
413.99
576.98
2.28
572.95
31.08
444.24
520.8
517.75
421.34
208.68
348.99
55.77
143.07
744.19
482.21
293.85
569.48
785.21
445.16
170.72
385.32
783.04
466.94
415.05
732.19
157.95
132.59
446.47
23.82
331.23
94.49
467.24
672.44
386.85
694.55
97.02
214.78
175.49
12.87
454.31
628.28
544.46
249.75
669.62
250.82
162.79
421.79
266.1
677.5
617.6
769.46
692.43
289.46
648.25
557.27
494.76
423.11
406.05
181.52
773.79
312.37
541.5
654.32
37.11
618.37
402.33
498.36
478.49
113.93
423.54
621.52
39.41
748.4
440.64
284.77
239.68
482.61
124.19
655.79
794.04
573.9
658.75
32.4
505.16
24.34
325.66
787.66
490.08
600.57
245.63
341.34
464.12
25.9
296.08
173.82
252.38
663.66
641.8
261.47
134.63
397.68
387.69
780.69
298.72
516.76
782.93
733.5
620.35
653.19
649.52
689.4
754.12
455.62
158.2
84.43
693.54
158.92
389.74
91.89
306.3
437
329.65
312.75
608.68
58.54
24.18
464.65
564.45
184
172.28
735.6
515.2
735.09
347.17
407.31
339.09
150.59
404.86
420.33
744.32
734.07
329.38
523.57
193.59
452.92
775.12
256.62
39.05
169.33
123.45
794.24
589.48
14.93
273.54
473.9
676.67
243.33
756.59
423.35
463.59
440.62
707.85
370.15
253.79
585.77
326.22
108.78
269.43
249.81
590.85
408.81
70.67
753.16
769.84
682.93
603.59
464.87
53.95
649.62
220.66
530.92
310.63
374.16
278.91
45.07
95.39
623.14
520.12
131.32
610.73
37.37
279.75
657.34
11.03
722.91
224.22
30.34
324.28
512.73
557.23
194.61
560.29
284.33
708.14
53.75
26.51
439.77
382.99
75.02
260.69
442.22
771.04
18.25
196.38
135.48
171.73
520.43
349.02
537.23
175.8
61.4
4.11
224.55
301.04
547.64
385.24
695.47
613.41
604.67
662.06
694.18
263.17
539.13
179.73
773.24
618.68
560.12
149.87
16.66
526.17
101.14
76.41
438.33
344.51
414.37
274.48
53.97
275.04
476.68
330.17
678.19
82.77
459.2
244.79
629.98
564.23
751.87
54.77
751.74
429.39
325.78
567.32
557.46
504.23
756.79
35
68.61
758.36
293.83
107.04
13.76
510.89
503.9
468.16
60.05
97.29
424.33
498.36
364.21
59.51
175.9
751.89
493.23
344.48
352.18
136.91
502.91
585.4
98.62
734.15
139.19
630.24
712.66
366.71
67.58
734.5
395.33
241.33
752.8
559.54
534.24
776.33
403.32
773.06
792.24
173.75
657.22
617.55
331.38
357.82
335.59
181.25
797.78
401.58
210.95
540.25
119.69
546.99
215.71
732.34
414.12
216.96
441.02
676.05
753.64
556.57
776.07
530.82
548.91
272.94
468.17
63.98
281.61
180.4
284.57
740.54
312.16
615.56
345.08
227.33
472.01
455.51
607.77
65.42
11.27
647.65
507.99
348.81
629.41
237.29
287.09
768.66
136.61
581.05
245.01
698.04
328.07
758.15
684.17
193.09
406.42
767.17
267.64
381.96
541.15
3.49
750.91
543.34
787.6
188.98
312.77
589.73
333.46
794.97
413.41
71.84
318.62
158.29
727.9
403.24
357.01
375.61
507.44
537.97
780.77
353.99
208.13
671.42
786.25
324.11
758.43
371.09
644.81
264.41
462.83
524.74
111.33
19.71
238.72
227.23
60.42
16.79
729.19
16.56
515.42
739.76
343.61
417.44
10.87
274.01
700.17
491.91
324.82
14.26
701.51
195.75
212.23
479.52
29.09
215.67
555.76
63.01
109.94
82.92
651.65
653.59
673.28
101.37
469.35
613.69
461.15
543.18
365.61
323.78
614.44
124.13
479.27
13.54
203.81
107.63
93.26
94.93
468.34
571.64
179.89
637.96
67.21
423.42
304.85
748.11
285.8
12.87
704.32
752.68
414.6
310.12
184.31
63.28
462.93
168.62
262.49
262.55
696.08
205.63
664.82
504.3
690.45
165.61
76.16
147.24
338.97
541.33
415.38
104
786.53
377.5
206.81
117.3
693.67
446.37
512.82
529.37
10.5
309.08
249.27
154.65
657.1
492.88
513.55
79.42
148.29
184.22
376.55
157.19
409.21
272.96
177.64
182.56
24.84
123.22
345.44
126.21
464.18
427.84
632.24
262.91
344.36
54.87
319.16
483.1
742.78
368.35
704.42
719.12
663.8
362.3
90.53
707.97
518.93
611.59
679.47
646.04
574.91
93.54
599.75
281.91
319.3
189.47
687.34
308.53
192.49
574.09
541.58
662.72
100.71
517.8
328.52
393.61
789.49
555.05
546.89
141.1
38.86
277.03
668.29
397.31
470.83
343.18
665.74
767.47
352.5
756.54
197.19
736.47
542.06
724.52
623.74
254.77
751.67
203.85
267.64
446.99
628.5
412.28
691.12
386.18
481.86
114.73
201.74
445.62
106.18
474.94
360.97
352.75
302.24
12.26
784.4
151
660.59
263.22
282.13
708.32
226.08
710.96
738.38
315.1
704.88
373.32
110.01
233.15
198.65
248.77
786.76
224.56
379.81
742.17
21.83
311.68
287.14
356.78
629.79
678.09
669.94
0.96
100.25
419.45
553.58
698.96
393.89
123.04
26.45
442.53
730.64
402.95
343.58
20.07
614.01
484.91
191.74
273.88
599.73
458.16
260.26
10.21
623.26
16.06
293
607.01
219.53
502.98
660.89
528.75
26.64
155.24
131.1
666.31
460.84
152.12
732.74
433.81
334.07
421.67
271.88
130.05
605.58
780.97
386.02
517.2
256.15
598.05
519.41
662.14
695.99
335.77
20.8
358.67
171.54
179.96
319.89
760.79
2.13
80.09
748.61
354.67
356.52
301.39
232.45
77.55
558.9
432.08
152.82
156.61
497.5
659.2
365.4
695.95
218.9
772.64
509.47
675.66
152.17
260.4
729.59
474.62
542.73
573.61
718.87
712.3
70.64
611.87
115.31
504.46
46.8
460.63
325.21
212.02
626.59
516.54
786.38
592.71
667.05
684.06
317.52
355.19
353.41
721.04
385.62
459.5
202.72
372.04
644.76
56.88
384.87
480.2
85.59
274.49
525.18
121.24
624.65
388.01
568.19
657.18
23.1
227.14
399.09
383.08
67.06
307.03
724.04
382.96
406
1.48
786.75
432.44
156.74
499.64
9.11
191.62
130.11
103.27
420.97
580.66
532.28
700.98
435.68
618.42
436.75
203.14
786.14
379.54
80.84
192.14
798.52
423.38
792.7
296.85
51.92
462.41
45.44
395.65
121.09
166
644.93
108.6
550.6
426.57
15.79
649.93
292.94
247.61
338.03
163.65
534.7
573.63
523.7
110.7
212.64
30.83
700.79
785.89
236.12
772.67
467.12
311.63
550.23
209.3
681.55
388.17
411.42
368.14
137.87
743.55
308.21
710.85
570.14
448.76
584.27
68.98
299.59
339.13
505.88
321.37
170.53
316.6
333.64
556.54
698.7
165.65
95.06
217.22
234.57
320.93
2.3
779.21
515.85
95.88
182.3
697.53
634.24
460.81
156.71
493.16
194.5
346.44
34.81
306.9
284.37
61.54
664.64
309.32
459.17
156.25
110.28
455.66
705.28
370.9
768.19
532.73
318.73
426.95
795.2
430.51
581.23
533.89
498.87
672.76
757.58
683.41
344.89
390.65
767.69
697.65
582.68
174.66
14.47
76.98
435.57
458.78
631.04
584.28
767.67
767.59
207.53
636.76
30.28
629.03
744.4
87.65
783.78
737.6
712.9
708.2
758.54
726.87
133.41
739.4
321.06
236.24
81.94
85.79
312.41
604
525.24
772.33
32.7
41.45
338.89
471.29
567.88
197.78
145.19
560.55
721.95
48.88
311.02
558.88
753.07
206.77
224.3
222.26
642.3
102.32
615.63
63.61
339.51
344.85
764.58
458.71
759.68
361.31
23.12
667.37
51.23
691.82
567.41
348.22
93.61
331.03
50.85
258.97
656.35
390.86
422.59
486.65
491.3
12.54
552.04
266.23
453
327.06
689.82
237.82
107.36
435.73
300.18
554.72
62.27
325.49
539.63
323.97
598.52
363.28
789.14
55.47
622.79
477.52
510.89
2.33
416.28
235.41
697.5
309.32
750.29
363.42
798.1
521.17
23.88
272.55
778.22
424.8
77.86
449.93
738.64
113.79
646.27
430.8
448.71
239.8
187.4
530.1
83.64
134.09
450.93
81.64
262.02
275.63
761.15
13.37
312.32
82.83
335.29
518.71
77.42
50.48
117
481.93
773.56
194.22
385.79
677.32
242.9
495.05
582.6
320.93
467.23
91.47
528.79
221.53
106.86
186.9
357.18
574.57
777.94
428.77
30.7
734.24
655.06
311.63
383.38
297.93
396.01
228.2
211.15
690.51
401.89
717.31
672.12
515.15
6.34
39.29
427.19
213.83
687.58
581.3
414.96
503.48
751.87
793.64
493.69
247.33
282.75
138.08
286.03
41.99
426.35
528.38
459.19
583.4
640.9
614.39
451.22
385.91
457.17
689.42
729.16
306.87
14.85
448.3
687.24
276.47
369.98
778.64
656.58
702.77
486.49
370.76
611.68
520.07
726.91
92.42
702.82
481.21
41.97
788.98
75.3
277.54
669.42
783.77
122.88
656.58
126.82
230.12
399.32
380.49
81.57
47.03
200.86
468.55
148.45
733.88
559.4
82.01
61.93
536.78
482.78
723.83
602.66
599.41
432.49
232.22
540.74
332.29
511.33
613.22
38.57
717.13
673.8
213.45
414.76
456.48
621.08
109.95
194.44
526.64
39.64
413.6
456.09
653.85
327.49
71.7
412.56
27.05
338.98
548.67
360.5
59.65
656.15
65.94
235.4
457.69
673.75
197.22
301.62
484.99
540.39
101.17
361.46
658.71
518.28
631.61
464.07
239.73
736.79
665.98
222.53
88
374.32
119
541.56
175.25
222.61
710.74
414.84
385.2
736.61
669.91
216.49
608.55
744.58
65.7
69.97
218.48
32.47
2.53
514.73
364.6
170.63
487.2
586.16
58.1
279.85
758.11
599.33
572.8
597.26
327.99
524.34
724.59
350.07
256.55
673.26
534.44
221.8
436.56
198.71
20.28
683.89
391.82
31.67
230.77
498.32
57.7
584.8
686.03
758.4
621.31
582.61
479.19
118.23
163.55
268.05
325.01
697.54
545.29
517.78
340
311.01
652.59
57.9
533.49
618.85
364.62
764.49
249.91
793.53
124.63
334.8
258.09
480.49
390.24
472.19
587.06
479.54
191.37
672.35
119.19
684.17
69.02
100.76
190.76
398.58
361.93
73.95
694.91
390.93
608.49
229.16
456.93
542.67
528.42
606.89
748.76
645.3
583.92
249.14
285.22
585.24
586.86
255.55
407.75
82.06
151.44
718.68
85.24
425.25
609.2
320.61
164.31
92.32
315.64
328.72
58.91
447.75
782.48
229.67
215.24
105.53
383.61
635.07
678.85
80.62
739.17
429.43
181.85
732.86
146.06
616.89
684.98
185.57
212.76
450.63
546.11
41.89
407.17
393.93
119.97
648.03
154.09
731.8
375.3
539.62
459.69
544.16
491
515.6
565.66
153.13
23.97
208.01
122.45
778.07
435.52
794.11
106.08
784.31
650.04
171.53
153.4
207.82
97.72
407.63
249.35
602.42
468.97
298.48
266.26
656.62
400.46
135.08
585.22
739
620.14
302.42
526.39
769.44
9.99
382.24
291.75
87.59
454.34
791.66
425.83
683.84
686.66
249.08
274.03
45.07
723.31
269.71
535.27
333.09
57.13
424.85
720.79
512.35
306.84
227.56
335.38
492.43
453.91
220.77
259.4
276.79
182.25
158.56
752.73
155.18
794.35
708.42
575.14
491.69
473.83
747.81
418.27
539.25
427.05
100.55
48.06
399.46
95.06
776.8
39.63
91.59
726.83
415.51
299.28
780.65
362.93
216.43
696.82
540.68
790.67
129.6
736.42
483.14
125.37
567.01
256.76
584.39
523.17
69.71
403.02
781.12
430
132.63
324.52
296.07
579.53
745.07
185.95
455.13
494.61
322.82
408.53
787.23
359.43
505.67
530.03
507.08
575.33
543.57
793.68
657.85
0.73
543.02
782.2
5.45
611.47
334.21
727.33
765.27
579.89
280.64
47.91
12.08
585.58
467.99
561.72
215.26
301.73
56.76
704.61
773.95
321.17
648.57
567.19
294.96
163.46
349.04
595.43
493.71
655.14
98.05
290.17
69.56
205.94
197.77
541.66
376.91
220.57
303.81
614.3
574.46
478.04
171.32
583.2
96.92
142.24
126.09
286.86
211.61
728.89
167.56
609.26
153.14
29.3
598.14
791.15
178.52
376.61
479.38
297.81
30.15
25.99
105.74
359.99
696.62
372.03
579.1
671.97
666.26
408.49
387.05
161.21
192.34
334.16
635.61
84.67
105.06
356.74
229.55
147.15
777.14
728.14
399.02
448.97
742.24
89.03
368.72
237.4
559.86
191.46
414.82
536.75
142.03
384.86
73.35
157.28
283.83
327.59
149.9
50.67
769.52
346.5
7.85
401.65
612.19
38.47
397.48
419.73
393.39
124.3
712.5
31.58
709.34
658.39
259.68
555.94
355.85
556.65
566.94
596.12
289.14
506.97
697.5
245.42
643.44
193.67
207.43
140.11
755.75
9.88
188.85
184.24
32.66
719.32
686.6
43.22
104.61
102.8
304.65
457.78
771.57
700.34
163.65
778.81
462.72
177.22
657.46
497.78
356.93
363.89
552.45
518.64
45.72
636.39
602.35
157.25
676.7
125.38
261.59
127.06
324.99
758.93
100.84
554.52
64.43
183.1
35.72
510.5
130.81
253.54
551.22
357.63
661.46
128.63
37.75
45.3
514.46
9.85
340.59
239.07
222.87
215.78
165.38
524.26
56.75
90.82
512.47
69.64
257.82
225.12
49.14
465.94
694.85
156.44
443.83
682.31
258.38
301.41
270.19
236.06
367.95
765.2
408.48
73.8
257.01
246.43
7.63
298.92
563.66
79.02
595.44
542.8
316.08
125.83
86.11
726.44
337.08
326.17
536.11
531.31
615.01
668.34
362.61
646.46
80.52
671.02
143.35
434.25
659.48
696.07
371.67
270.85
627.52
191.96
651.13
17.31
795.1
88.6
156.42
124.4
270.57
725.62
278.11
276.85
620.73
439.99
176.64
754.15
407.86
346.31
747.16
93.73
725.55
153.58
376.26
582.69
592.6
356.68
709.66
784.71
674.61
537.62
298.68
285.26
145.94
555.57
783.02
337.35
699.55
553.36
716.42
118.42
299.68
273.6
722.77
518.36
84.71
26.36
364.14
451.24
384.68
183.5
132.03
699.65
647.84
221.88
703.58
109.73
725.44
700.2
96.41
334.18
761.77
349.13
151
47.24
358.41
568.33
535.57
200.48
479.87
384.71
294.18
378.78
233.32
350.95
589.61
218.11
571.13
687.27
383.2
248.86
510.1
280.4
142.95
445.12
36.58
140.08
190.52
119.9
604.17
55.15
361.96
739.08
404.63
400.54
158.6
92.73
767.97
102.18
316.14
656.44
567.82
352.42
756.89
197.65
358.19
205.14
756.33
195.38
695.47
790.55
300.58
385
130.73
250.52
766.42
232.2
725.33
413.74
562.75
334.56
619.39
330.84
254.47
46.01
679.62
297.05
777.68
340.72
394.67
724.8
106.94
302.97
771.72
739.32
674.24
290.25
592.83
369.55
448.13
796.66
502.93
277.67
63.32
498.69
592.8
636.59
452.34
4.32
249.57
754.81
487.21
484.8
167.75
446.03
341.4
259.95
635.58
673.65
515.06
151.43
491.03
575.95
99.41
19.81
280.05
422.88
761.34
407.9
353.88
668.6
741.1
57.22
98.97
451.67
473.04
700.34
724.57
628.54
742.98
227.32
329.74
572.23
792.98
28.65
743.68
472.08
389.7
155.51
517.68
269.24
615.1
277.52
197.29
316.45
728.85
711.75
794.55
429.27
732.66
343.12
298.57
522.1
247.73
233
394.35
280.18
193.68
132.28
596.63
256.35
255.78
519.61
465.7
413.1
404.35
754.74
151.04
246.06
242.14
320.27
594.34
659
310.06
464.07
242.97
568.37
101.49
68.35
692.94
401.74
457.8
347.82
762.67
544.72
243.11
283.71
341.53
542.22
172.32
660.29
494.38
413.47
142.77
566.82
549.89
540.25
213.99
235.26
252.33
406.28
510.96
758.65
457.33
128.89
399.65
395.24
251.14
751.64
150.33
392.99
765.31
463.54
709.37
300.62
650.01
679.09
786.89
230.22
725.53
259.72
146.86
54.2
248.93
586.21
737.74
602.06
575.23
626.39
99.72
189.72
516.78
491.94
163.17
524.59
37.49
799.81
733.95
297.72
329.64
546.23
275.4
213.97
85.51
639.23
292.58
22.73
766.98
37.19
332.58
674.82
302.41
597.34
762.3
469.22
657.5
771.32
437.81
341.02
375.63
332.4
791.71
579.17
258.66
453.67
241.64
108.55
733.78
628.99
684.2
486.8
523.59
312.94
465.61
441.05
22.22
713.84
225.49
719.41
49.49
516.3
720.65
22.1
387.78
575.78
690.15
182.55
63.6
315.99
720.85
239.54
116.22
409.77
504.39
551.92
659.16
387.82
310.42
472.71
546.35
264.45
139.07
477.64
83.55
579
679.78
118.82
767.33
613.86
266.81
625.78
596.22
322.45
214.29
115.94
450.22
593.37
288.3
701.5
158.6
619.04
732.91
228.13
623.66
250.32
192.28
373.54
487.33
218.76
689.57
182.83
528.92
745.2
222.16
164.37
719.42
339.76
397.67
626.12
116.86
191.56
723.58
210.57
115.61
439.62
551.29
524.66
464.73
652.26
190.18
358.26
217.92
51.11
554.67
551.72
122.54
715.2
449.49
551.77
769.22
431.98
592.55
192.9
261.68
245.22
530.73
84.58
471.9
346.6
497.3
656.58
623.6
15.8
576.73
73.15
255.78
5.68
787.86
384.63
0.41
616.95
790.02
510.69
269.36
182.53
10.6
66.67
324.75
267.13
439.06
318.29
130.24
118.06
476.98
483.25
673.23
441.77
309.12
389.58
158.89
442.26
281.49
447.07
137.85
298.14
374.78
627.82
310.07
333.49
330.25
349.03
466.51
167.08
793.61
19.05
664.33
693.48
76.4
753.92
699.73
135.44
165.61
328.96
59.88
632.89
606.92
692.65
213.08
501.78
442.11
341.85
523.62
745.5
290.43
754.08
155.9
22.1
441.88
463.59
164.04
279.56
605.86
640.99
773.32
446.4
516.95
2.98
499.84
401.09
743.08
30.57
502.88
635.97
567.81
57.31
236.37
332.7
115.02
159.26
100.18
523.04
426.35
58.44
318.95
633.96
214.09
596.46
306.11
267.43
706.95
79.27
196.14
293.54
224.65
240.61
320.1
642.37
746.44
173.7
36.25
664.2
739.39
701.92
454.52
646.65
373.28
285.31
519.47
424.15
18.75
467.86
478.62
576.28
752.98
261.46
784.06
74.57
567.27
658.08
606.23
7.46
491.58
768.35
8.19
1.74
616.37
166.79
274.24
623.4
148.7
408.41
191.15
733.62
250.11
707.98
283.16
349.64
666.48
144.95
334.99
506.87
297.47
737.31
561.8
267.64
213.14
517.4
353.57
259.28
178.34
173.91
169.8
439.6
645.6
507.46
0.02
474.23
670.8
173.94
107.97
336.58
744.36
729.13
759.3
591.98
712.07
185.35
594.98
377.67
660.01
103.74
742.72
365.76
662.27
169.75
716.04
314.58
291.26
265.94
781.41
387.22
203.24
413.31
47.13
429.51
373.17
458.83
1.89
394.47
160.08
88.51
345
67.04
433.01
723.45
773.27
316.92
528.59
367.61
488.47
415.04
519.89
415.01
599.7
507.05
735.85
548.91
496.19
71.03
311.03
437.28
234.11
354.87
305.4
310.62
737.28
59.6
77.24
155.35
75.02
21.11
632.26
219.97
25.46
333.09
600.84
186.09
118.53
9.57
188.19
58.97
497.32
532.79
525.47
401.74
4.35
610.43
424.95
167.35
474.63
400.67
24.11
314.13
107.02
303.09
443.74
143.94
90.22
166.12
343.37
502.63
368.46
483.46
330.97
0.46
346.7
140.99
522.41
278.53
317.51
526.77
625.83
76.57
235.55
518.79
420.1
381.99
698.96
730.42
399.59
497.15
34.45
187.16
48.04
479.9
322.55
529.18
108.49
129.78
73.03
181.83
496.65
397.61
214.4
170.82
248.38
541.35
295.76
341.23
569.83
181.75
795.35
590.73
283.26
727.56
451.54
564.73
321.25
686.35
511.68
422.46
570.96
567.95
555.82
592.03
215.53
185.18
283.2
21.8
722.51
397.34
279.06
572.27
525.09
645.97
396.84
178.64
184.48
195.68
85.44
253.6
648.1
298.27
89.83
777.66
684.47
732.11
536.04
95.1
162.44
684.78
351.45
288.09
213.56
178.04
646.46
482.97
495.56
479.38
359.85
198.22
326.28
560.54
353.71
624.31
97.58
428.1
640.22
437.37
759.66
615.15
19.13
742.05
396.12
273.2
70.14
651.75
394.02
112.03
644.86
304.72
101.19
286.96
127.68
4.14
382.64
68.82
707.3
643.06
227.59
271.32
691.99
273.95
519.84
561.9
392.9
484.65
788.84
545.38
182.31
742.49
489.8
686.3
79.24
163.25
260.37
280.47
355.46
482.84
711.34
58.32
418.03
347.06
639.83
480.47
349.51
534.59
667.6
694.88
214.89
772.61
126.81
642.68
687.4
286.44
763.53
771.71
367.28
224.92
182.88
141.37
209.46
524.4
29.2
307.64
567.7
93.23
313.21
669.11
540.12
342.41
111.35
7.68
203.91
445.68
73.35
200.02
500.25
545.25
586.58
163.99
567
782.48
748.58
727.66
280.35
7.2
24.4
251.74
323.48
248.81
233.35
149.49
186.53
453.92
476.83
332.59
304.68
358.03
77.74
389.48
773.35
110.78
733.78
330.74
66.64
283.53
609.84
760.72
288.38
557.67
87.89
443.37
577.26
446.93
436.31
1.57
72.96
314.48
564.59
85.53
98.61
464.79
237.74
556.81
707.39
85.09
614.21
438.02
153.29
596.82
94.23
791.11
693.54
573.85
396.5
726.4
511.26
51.52
741.23
686.31
549.63
59.47
657.18
330.54
711.62
42.9
654.73
529.57
33.06
579.27
368.27
710.06
409.29
484.07
188.72
639.12
721.36
58.01
209.29
623.55
253.17
384.19
301.32
713.2
545.49
314.09
780.06
676.19
575.48
116.84
372.06
179.98
355.45
453.73
356.07
691.05
86.62
702.1
249.21
46
332.85
432.69
51.02
799.52
146.27
522.32
228.6
281.29
341.06
562.06
548.03
207.77
680.07
668.82
254.47
406.14
325.05
351.31
137.58
678.96
510.02
27.91
179.33
283.97
275.15
58.84
357.42
704.48
704.22
212.54
212.53
592.71
183.26
290.65
709.93
778.61
569.87
357.97
117.28
139.12
190.5
237.49
601.88
29.5
533.51
725.46
115.29
243.71
683.35
396.62
676
409.81
584.88
630.97
788.63
403.16
55.1
612.68
713.01
369.22
127.32
184.65
193.59
291.63
146.46
412.67
640.8
705.24
387.66
514.92
163.42
137.37
346.34
239.62
672.99
367.63
391.75
189.07
431.1
738.76
380.82
65.68
453.15
752.81
699.69
78.02
164.43
783.84
620.4
425.34
552.9
566.08
610.85
490.58
214.09
475.48
133.47
518.91
189.74
327.78
474.57
493.51
481.64
117.59
161.31
418.9
175.75
27.69
761.95
311.33
187.66
266.07
394.4
644.38
86.97
285.51
146.06
729.43
32.61
146.95
753.39
4.19
430.66
24.49
610.14
278.58
371.21
540.31
303.01
351.48
456.98
715.26
16.78
156.49
240.72
395.32
518.47
177.96
635.76
798.7
639.3
305.01
479.42
285.32
759
160.03
760.91
2.34
376.68
159.97
653.22
202.38
622.2
120.01
757.55
211.1
63.21
168.65
182.5
444
676.61
537.92
480.91
697.95
55.33
78.64
256.96
291.89
300.87
78.23
338.59
183.88
563.38
633.09
434.62
487.23
600.7
442.71
545.2
286.33
712.61
48.17
13.1
689.55
430.14
731
135.58
357
532.86
523.88
119.98
543.53
298.77
771.38
691.86
464.82
401.38
790.77
656.74
95.34
213.11
730.65
377.86
729.54
270.39
662
727.41
421.92
755.61
73
698.65
254.31
428
678.42
305.59
712.28
168.38
687.98
156.09
630.48
6.19
154.46
2.36
404.84
194.13
750.41
267.34
570.38
173.94
540.28
101.37
4.92
590.49
130.78
713.98
451.06
247.62
600.74
202.09
624.3
74.95
634.85
605.79
273.22
548.57
356.32
701.48
432.7
725.99
45.64
391.83
724.16
307.28
708.8
216.02
168.85
149.2
173.24
47.19
471.73
67.93
316.17
127.02
125.62
588.71
659.3
747.86
426.7
125.13
145.32
692.91
300.37
468.59
359.94
225.01
523.59
680.56
357.71
449.97
516.87
694.56
725.5
88.97
202.72
785.01
253.83
725.46
154.32
110.23
84.85
622.11
567.94
269.43
329.17
776.06
610.02
511.53
479.17
298.36
722.94
231.36
634.15
779.81
218.87
741.79
494.08
594.56
72.23
54.15
37.56
380.44
400.7
787.61
59.79
357.97
729.69
651.69
616.71
52.48
24.88
378
350.45
442.52
672.41
271.15
432.54
268.1
36.74
663.04
9.25
710.85
278.93
116.72
32.53
227.92
344.34
184.47
715.32
419.23
661.22
209.83
342.93
698.81
534.19
678.22
198.89
163.84
394.25
102.08
111.62
158.81
519.16
226.81
725.17
790.81
626.89
259.23
351.26
773.23
275.26
750.44
691.73
326.68
717.89
594.33
639.45
368.88
420.25
647.7
126.95
501.13
661.73
784.6
71.98
757.17
487.91
640.69
562.55
9.34
3.52
604.75
604.89
729.64
504.76
143.68
246.35
128.38
525.88
335.15
243.14
712.77
508.03
631.44
543.34
677.84
26.43
294.82
400.17
203.17
359.69
259.4
356.17
782.79
175.53
747.25
8.07
292.76
371.03
739.96
795.86
246.67
264.63
195.96
155.74
214.75
328.12
679.27
310.15
793.71
403.48
488.85
623.87
426.32
439.4
630.13
565.5
449.05
684.98
361.11
756.17
178.22
630.77
89.81
113.28
612.8
513.98
266.75
527.37
574.2
358.65
612.82
340.04
69.42
554.37
751.53
319.72
497.84
638.68
526.22
456.93
548.74
325.25
746.36
337.44
431.05
248.74
306.78
145.84
678.77
155.86
662.4
613.47
259.08
396.01
697.91
360.55
574.76
672.47
782.98
80.87
470.27
428.73
273.67
525.49
173.52
723.17
719.25
680.29
665.71
263.72
17.06
459.59
525.37
380.77
683.15
254.49
332.63
50.9
532.69
376.01
660.21
556.98
505.71
721.7
388.13
95.93
231.32
388.48
167.41
233.79
282.67
568.58
481.68
265.53
138.14
698.22
362.36
379.29
713.15
135.55
233.6
534.01
282.34
691.56
687.75
179.06
269.17
530.5
520.6
436.27
277.76
417.6
794.63
229.52
793.15
126.8
786.89
791.01
392.12
623.7
170.59
101.31
531.51
432.85
649.81
189.72
547.45
752.48
52.37
455.05
675.84
680.8
586.84
117.04
783.22
140.64
375.82
62.69
13.59
556.15
673.91
523.93
39.4
587.26
83.61
271.26
514.46
792.38
542.69
670.79
531.1
596.73
783.5
556.58
475.89
205.67
317.68
430.71
584.83
468.94
10.77
303.96
419.03
717.3
257.91
56.9
164.15
51.02
681.91
781.1
644.54
487.96
180.07
232.97
416.28
644.53
61.31
299.47
439.64
616.92
130.47
653.46
265.56
778.22
463.75
122.57
473.58
460.69
555.68
225.64
721.28
230.3
669.42
689.71
186.53
452.97
230.63
323.2
22.99
174.3
486.45
114.75
698.76
104.77
28.93
136.02
380.59
332.7
35.5
478.12
70.72
548.16
325
793.06
249.07
67.39
473.94
127.07
156.2
460.33
530.6
319.6
766.94
626.41
301.7
335.36
632.96
55.64
322.16
219.48
86.52
192.95
683.27
643.62
457.98
365.87
492.34
36.21
529.56
794.35
525.79
625.17
693.5
779.87
298.15
773.71
790.75
388.53
218.3
171.86
564.2
614.82
648.2
126.96
153.72
669.69
522.53
141.4
282.58
549.58
167.51
743.87
55.72
589.67
508.45
620.66
483.86
611.78
345.57
770.84
573.66
565.52
685.65
70.09
540.88
474.99
787.24
375.56
641.75
619.16
649.09
792.34
332.27
296.39
512.94
239.34
596.28
368.42
606.02
629.23
121.51
447.1
5.53
793.75
252.53
377.02
535.14
734.59
381.29
729.34
209.31
143.7
465.39
449.28
240.09
728.09
97.77
143.03
434.06
491.86
687.18
402.26
353.3
162.56
749.76
656.53
129.68
146.37
95.78
127.35
78.5
508.82
60.54
296.18
761.38
137.77
596.93
225.72
502.29
47.78
623.74
635.04
89.41
625.58
646.76
699.95
658.11
614.96
354.29
76.95
127.17
40.45
117.3
619.41
63.33
16.14
671.59
201.78
190.26
443.56
153.32
192.03
45.62
425.61
330.73
588.67
666.95
713.56
644.19
622.8
586.88
173.81
475.04
145.83
122.67
283.28
332.29
172.54
93.59
139.08
600.56
734.7
568.29
618.9
548.74
567.7
249.05
203.55
362.1
512.32
182.39
416.05
215.19
303.71
650.97
495.65
233.95
232.2
781.42
137.8
251.27
343.29
410.64
452.56
485.09
191.67
543.73
15.71
783.95
783.76
474.97
724.74
475.45
470.44
70.82
283.66
727.62
513.45
694.38
794.67
66.17
540.84
704.74
312.94
152.18
645.33
527.46
731.59
782.61
210.61
759.61
582.48
473.48
37.34
491.38
457.84
207.64
742
400.22
167.08
672.99
685.22
733.7
136.37
17.37
437.42
39.45
346.88
676.24
151.76
532.44
443.4
259.15
691.71
332.12
489.32
739.17
494.27
640.16
139.28
452.83
526.13
738.75
291.68
477.4
527.36
426.43
11.27
262.95
795.83
409.75
631.5
31.83
112.8
540.79
572.81
140.59
519.84
606.61
547.99
98.76
218.89
7.2
248.93
714.41
173.64
84.87
118.11
257.53
244.4
302.2
652.51
239.79
80.14
439.87
183.29
683.45
406.79
756.97
159.32
737.34
422.12
775.56
747.85
230.14
790.44
611.98
223.28
219.25
325.76
422.57
281.53
362.91
743.35
537.44
543.04
254.01
642.34
214.44
97.55
614
683.92
299.36
488.47
77.48
779.52
742.38
103.25
681.15
524.42
431.57
659.07
253.69
394.38
584
33.4
134.42
364.87
10.03
550.08
449.89
265.28
631.91
637.68
491.56
269.57
169.23
109.16
33.86
368.82
438.18
466.79
47.05
778.06
679.08
524.5
545.96
254.32
576.47
343.84
181.68
492.99
573.02
99.07
524.03
690.26
234.93
420.49
590.32
61.26
141.57
673.14
144.4
625.82
613.09
57.17
92.54
11.21
491.29
125.62
757.72
94.48
434.88
19.73
348.15
785.8
729.63
184.95
82.85
621.3
683.38
703.35
190.89
606.9
234.13
644.72
519.78
476.8
588.65
254.03
603.89
780.72
693.78
774.73
469.21
51.17
655.18
121.44
174.84
567.36
393.21
301.05
513.83
616.3
296.25
347.14
776.07
637.33
331.86
320.91
474.31
652.28
687.71
77.77
301.66
669.85
244.45
237.77
53.84
294.28
182.34
161.04
632.69
148.24
544.72
53.85
610.14
347.51
466.16
294.9
119.19
246.38
53.55
210.42
603.99
112.64
699.55
707.08
724.92
744.33
477.76
360.78
522.33
631.59
714.37
394.33
278.9
307.82
400.01
383.24
105.64
162.32
151.38
214.01
295.34
737.64
606.71
135.38
692.44
106.34
410.63
465.04
110.27
92.89
607.37
245.36
678.35
775.22
446.69
673.3
330.07
188.86
299.89
97.23
345.78
205.03
90.74
140.27
200.78
681.91
319.56
520.94
532.67
546.42
775.39
677.77
694.24
349.65
613.05
238.08
572.19
195.92
703.41
297.73
6.32
747.45
211.84
529.52
298.49
462.93
470.53
678.69
76.37
609.7
334.87
637.19
527.63
792.44
536.83
555.15
514.64
526
619.2
194.13
675.94
47.28
485.7
80.55
263.69
640.78
66.03
760.5
638.25
268.56
706.47
335.07
787.64
285.33
43.23
572.83
66.89
354.52
82.7
139.75
547.58
372.2
145.1
64.8
151.53
737.97
382.16
478.73
6.6
539.67
3.36
258.66
634.76
151.71
34.13
456.02
200.17
193.4
222
525.75
476.54
797.87
368.7
268.93
612.76
730.95
379.42
386.73
759.78
380.92
464.7
115.64
704.75
224.7
231.54
671.62
340.97
181.58
627.73
175.6
115.04
464.23
196.35
573.89
448.04
27.77
289.21
607.02
548.67
472.25
751.53
617.97
611.44
246.86
348.36
24.95
162.99
236.14
282.59
663.74
414.76
296.79
412.81
101.39
573.61
682.31
726.75
231.11
78.55
765.64
134.39
78.68
461.38
453.45
302.72
482.5
68.56
394.32
356.88
484.98
600.55
307.26
499.22
35.32
269.11
760.53
438.81
229.17
730.58
189.67
517.21
412.98
298.86
633.66
689.43
384.49
652.87
496.23
38.89
45.7
602.85
353.86
30.29
33.21
715.43
384.7
554.33
230.84
36.36
272.21
430.27
147.81
183.67
209.69
452.97
459.9
739.69
746.63
543.5
588.69
481.93
662.95
38.85
596.97
599.41
167.15
796.84
29.65
72.87
332.96
643.01
679.96
152.68
399.33
431.07
354.38
271.91
29.47
237.1
611.12
57.57
203.3
668.08
197.46
445.17
365.07
65.9
273.55
568.11
391.9
3.04
20.11
793.13
760.96
151.16
694.16
254.56
125.21
302.25
164.36
451.59
99.67
600.55
406.49
236.61
754.01
704.15
621.17
770.45
562
676.57
726.91
154.04
462.85
143.25
181.44
85.44
559.26
239.94
388.91
413.18
138.81
714.43
36.56
279.39
98.26
25.38
422.63
388.79
706.85
332.19
192.52
5.59
91.09
710.83
188.59
683.31
464.49
243.27
631.7
109.17
510.04
41.53
88.64
422.47
678.8
446.61
95.05
193.71
499.13
492.69
647.26
366.42
121.08
285.95
147.97
534.05
757.01
298.74
42.68
794.4
681.06
229.89
66.12
789.87
165.77
718.35
161.76
641.53
395.21
460.64
131.46
709.37
369.62
597.5
635.89
357.19
691.54
635.73
281.02
497.15
691.39
196.53
233.01
381.97
296.97
549.1
796.11
525.9
796.95
570.86
188.06
58.96
96.59
131.39
442.54
260.72
38.82
148.82
45.54
194.42
58.49
546.8
79.16
318.5
292.32
270.68
313.68
36.21
653.52
69.68
761.61
760.58
375.76
255.78
611.57
479.65
151.5
329.1
436.33
474.92
312.19
55.76
665.25
539.69
614.1
564.67
453.67
164.21
683.53
344.6
527.47
156.61
85.26
161.09
128.53
380.42
275.03
42.1
680.08
187.57
797.29
640.07
739.99
237.55
623.77
779.7
326.63
588.92
769.93
584.34
724.04
597.98
193.21
446.8
64.51
480.58
537.38
491.14
179.07
439.62
4.54
637.76
216.32
79.69
333.99
268.33
120.3
76.08
332.98
712.93
525.66
74.93
107.34
784.93
374.67
719.25
651.66
282.5
250.2
25.28
205.4
595.85
343.44
563.44
541.5
353.38
627.47
593.73
195.24
106.77
173.79
413.39
32.42
435.32
39.25
373.25
419.37
794.31
371.74
392.32
461.23
236.14
331.44
716.16
2.43
404.06
708.89
283.73
80.1
736.51
528.89
219.52
189.82
29.03
413.52
413.32
547.69
603.5
326.74
580.27
303.63
708.97
296.62
778.74
627.95
139.53
457.27
32.36
611.77
257.09
1.23
661.42
529.81
443.57
275.12
556.73
317.74
139.11
353.47
81.29
287.65
469.88
779.82
619.96
208.97
156.54
616.74
480.63
588.28
791.56
424.62
156.87
626.44
204.65
408.81
656.92
611.87
25.68
44.88
772.94
555.31
105.96
234.4
360.81
414.51
719.97
308.7
310.77
348.05
611.74
774.8
304.27
749.42
5.6
595.81
383.53
627.74
68.59
592.74
86.63
192.22
185.03
76.76
153.02
156.36
310.47
560.97
280
695.1
471.42
8.64
517.46
708.49
724.91
271.21
176.97
753.97
630.09
644.64
683.04
460.6
76.61
695.3
24.63
708.55
333.99
409.61
234.06
660.01
119.17
586.94
262.72
400.91
612.04
705.3
737.46
21.98
316.41
523.07
435.03
756.18
170.75
260.21
737.62
515.63
516.24
21.31
758.76
65.4
328.43
327.99
679.38
509
770.18
137.13
648.56
70.76
29.78
358.69
234.97
622.92
19.35
255.05
547.53
162.3
402.93
611.01
780.86
605.83
130.13
592.61
112.59
191.13
530.63
441.79
237.68
129.96
647.24
702.85
174.36
644.15
227.32
724.19
416.27
388.45
622.97
223.02
699.7
195.73
211.02
95.31
565.74
63.94
380.5
668.25
469.88
529.68
636.28
311.85
350.84
333.52
17.64
667.16
714.46
225.45
636.88
644.49
279.25
119.32
39.22
567.34
584.05
601.69
220.93
80.52
128.91
588.78
531.84
395.81
630.53
175.92
84.66
353.3
63.03
141.27
233.13
162.42
550.82
759.7
232.14
321.14
185.24
780.5
16.87
444.11
388.68
183.01
229.23
715.59
737.68
726.98
296.1
263.92
201.81
71.66
106.81
615.06
246.46
626.29
770.54
428.24
549.16
753.77
723.79
540.48
370.61
417.96
50.03
359.54
593.54
580.38
56.57
4.22
435.53
167.51
360.51
461.81
270.82
88.38
468.49
629.78
281.52
177
47.86
174.56
106.57
436.1
526.91
557.64
344.69
635.71
485.14
570.77
196.27
461.61
388.41
207.36
491.14
593.49
325.32
168.35
381.76
629.75
330.74
298.8
14.75
83.99
649.06
459.4
628.8
299.2
695.67
1.88
559.21
430.93
769.46
35.78
44.95
751.83
584.19
487.22
36.35
521.68
80.21
175.15
746.71
563.99
107.59
682.18
371.65
229.55
90.41
480.17
62.66
43.25
410.32
154.16
26.1
641.98
402.01
662.93
200.96
541.62
347.48
519.6
591.74
226.09
755.52
37.49
651.62
743.23
145.89
653.35
788.14
588.49
29.71
336.54
274.86
120.11
141.32
17.08
528.35
523.91
391.85
691.53
182.24
176.53
3.72
789.36
639.1
274.98
77.82
134
321.31
338.92
171.22
753.97
258.47
278.95
266.63
413.46
532.62
765.32
265.77
234.67
88.56
598.91
303.76
537.11
792.03
773.34
573.8
498.17
731.26
255.52
86.36
172.63
344.79
505.59
734.26
438.75
633.61
116.39
779.23
670.47
517.95
587.23
139.16
139.2
573.97
311.37
77.14
77.11
496.15
275.41
770.51
175.04
449.56
529.46
349.09
571.65
700.57
763.04
585.42
120.78
91.17
552.65
664.59
387.75
14.86
603.64
253.5
543.12
649.8
418.63
232.77
704.3
82.95
638.66
344.26
666.7
789.03
310.71
771.85
515.13
175.62
337.13
336.31
446.78
712.9
379.24
120.74
199.41
463.75
369.66
642.31
292.54
337.52
226.32
468.61
219.94
311.48
344.34
148.03
382.32
171.08
427.65
720.35
87.92
664.61
668.07
111.23
789.77
620.1
177.96
454.31
345.85
364.47
710
36.91
666.11
469.27
24.71
710.43
403.7
115.99
355.75
174.56
79.27
73.96
587.3
694.84
633.24
573.86
679.76
637.51
693.43
303.62
457.21
46.51
151.59
173.09
4.31
143.27
43.41
55.13
18.02
472.06
127.64
306.02
433.26
203.16
85.16
166.98
659.32
657.79
387.05
227.25
160.21
705.24
143.86
683.63
634.77
405.95
445.13
46.53
496.67
645.45
775.22
47.24
396.33
496.12
716.92
171.72
649.54
224.68
672.77
131.83
552.91
364.41
606.57
658.2
411.86
103.52
34.76
285.52
37.9
14.4
521.04
85.26
188.84
93.87
635.72
467.13
531.35
53.85
701.83
752.63
27.78
139.37
81.23
7.85
10.7
687.47
457.56
787.23
459.46
202.29
100.24
389.72
74.03
259.16
39.76
7.06
293.66
597.95
734.83
323.83
682.89
512.34
708.96
58.02
100.6
0.9
152.1
373.81
15.98
718.25
203.22
164.38
376.48
148.34
702.51
236.16
728.3
45.3
534.44
721.19
688.56
85.42
61.5
393.45
360.07
614.41
482.82
626.72
382.01
705.43
442.19
484
195.68
594.06
35.26
113.37
710.75
734.84
9.21
150.5
373.28
395.46
724.42
522.99
574.35
191.26
116.79
791.93
536.07
115.29
192.59
20.42
160.94
343.99
332.96
122.89
512.26
753.64
269.2
559.73
767.12
221.17
110.29
696
758.87
657.33
504.62
66.03
93.31
281.78
50.16
319.22
212.25
142.07
292.1
687.96
294.52
793.85
159.61
594.66
138.71
270.49
413.62
237.01
674.51
238.96
157.82
477.74
567.01
557.03
752.35
180.75
199.58
565.92
571.98
676.54
266.11
426.84
468.83
359.16
280.17
348.71
586.99
253.1
542.58
163.81
288.36
50.78
174.95
654.32
348.82
351.51
229.09
76.13
103.43
602.67
766.78
167.2
426.46
246.24
81.91
551.66
790.31
563.57
738.82
86.81
197.33
246.73
167.71
298.73
157.57
83.38
154.12
76.06
525.23
472.28
585.85
139.89
777.65
253.88
405.81
197.71
28.49
31.38
508.57
144.62
343.09
393.15
184.45
586.16
382.26
72.83
760.99
185.97
562.63
589.87
746.05
463.21
798.14
171.56
795.76
413.71
708.54
494.58
42.74
184.01
202.52
384.71
86.07
104.93
157.38
1.76
699.82
254.1
439.31
38.04
566.3
677.19
500.6
152.83
297.66
211.42
161.31
185.33
228.94
460.28
682.36
204.8
446.42
672.89
456.81
102.81
438.41
719.64
603.56
44.92
641.18
496.94
8.14
297.85
554.78
614.86
384.84
39.16
223.11
126.28
410.14
81.72
135.73
509.99
175.73
433.72
399.37
198.34
351.92
684.48
130.94
707.26
530.38
559.33
769.52
145.78
282.59
277.03
591.12
377.03
384.5
615.9
248.44
368.02
735.16
624.15
529.52
112.23
99.15
33.13
587.1
14.88
274.51
430.53
172.26
756.02
646.65
206.5
541.16
500.3
577.89
375.44
58.48
242.35
247.03
598.26
474.3
111.54
89.04
531.01
734.8
257.42
470.22
178.61
5.09
154.23
546.67
41.09
695.18
714.14
73.28
424.9
391.65
325.56
668.51
587.8
444.23
527.96
252.38
114.41
625.43
210.64
25.85
668.46
485.85
250.78
436.35
624.25
308.11
412.73
107.44
296.42
526.62
417.67
278.87
696.63
395.01
377.55
437.22
81.32
789.48
630.46
277.46
756.34
526.31
687.52
210.41
531.1
576.32
183.88
698.53
135.12
213.03
198.03
761.03
234.69
624.89
253.07
733.05
36.61
170.52
234.8
712.77
637.55
429.29
243.99
581.56
159.61
581.73
249.61
552.62
565.01
172.95
353.96
194.36
716.27
311.68
80.14
183.68
311.19
227.58
678.44
65.96
371.57
342.34
656.39
244.74
459.88
276.07
228.03
743.14
577.39
541.33
215.89
635.47
459.13
747.49
799.06
484.49
28.2
180.85
578.98
440.8
387.17
230.43
134.87
686.54
694.68
56.84
465.65
118.9
740.36
257.69
778.56
568.68
308.14
437.57
164.28
566.23
363.51
623.18
1.17
349.37
65.23
9.24
779.82
297.47
314.1
64.21
238.71
513.06
13.62
33.51
642.9
747.02
289.06
262.71
457.64
48.89
254.03
216.5
716.76
647.61
79.27
711.29
424.14
542.77
128.88
710.22
626.78
210.45
484.83
265.97
179.36
77.96
7.24
785.93
572.53
91.06
545.8
734.79
274.88
71.93
433.25
145.34
360.93
171.91
255.18
765.95
541.11
310.49
706.14
236.52
348.17
302.51
395.92
229.74
108.92
1.83
194.22
489.64
242.69
568.26
554.3
352.22
177.44
391.27
24.96
726.67
265.89
560.29
793.82
505.34
406.48
56.21
92.69
624.98
674.03
314.11
66.86
493.11
476.05
46.07
57.51
602.48
640.11
663
24.5
740.4
473.78
46.37
35.44
209.49
549.37
495.46
404.64
268.66
477.51
52.68
674.89
786.28
591.01
673.7
436.74
159.82
157.86
679.62
697.65
156.89
660.81
737.13
40.07
283.99
477.82
61.79
267.8
668.71
768.49
21.97
401.35
172.05
227.47
125.63
213.44
243.83
587.59
446.24
107.81
271.75
1.24
4.77
630.39
350.22
132.1
539.56
477.63
227.89
280.44
664.62
571.44
292.56
760.87
80.47
205.42
282.72
625.04
753.27
544.65
248.3
288.7
179.09
476.51
119.1
510.35
504.66
403.74
310.47
131.41
616.67
319.52
439.79
548.48
235.8
86.29
286.05
299.32
461.23
258.86
588.01
679.79
78.26
274.64
405
19.09
282.44
503.93
660.3
423.6
780.04
649.12
302.3
59.23
715.9
484.57
192.76
238.86
394.04
625.41
148.85
38.9
706.06
196.45
264.65
270.68
677.03
167.88
589.11
194.16
121.26
606.59
789.7
429.71
656.79
15.63
745.77
268.8
342.55
480.52
711.8
797.6
502.49
346.13
489.68
142.3
404.53
255.06
337
557.14
80.24
549.67
526.97
265.54
63.28
580.32
362.48
321.58
266.41
707.99
21.7
367.26
245.08
733.5
134.48
113.44
238.27
613.55
574.41
117.73
29.08
365.72
315.97
8.13
84.01
784.16
795.86
701.21
754.69
372.44
741.47
38.9
738.44
513.09
755.88
124.26
384.26
770.95
536.92
344.08
661.23
226.01
314.32
731.37
427.28
84.2
380.98
226.68
513.89
734.75
619.5
532.63
339.62
589.23
681.19
135.01
639.86
641.29
16.88
750.42
448.33
632.43
475.89
456.72
91.72
183.19
355.52
465.16
509.67
527.16
771.8
33
311.87
629.02
163.2
631.22
40.69
770.47
191.45
574.9
519.43
379.54
363.58
643.12
58.43
701.47
35.07
102.53
271.28
528.46
2.43
455.74
312.57
453.11
337.96
152.66
176.9
711.81
787.91
279.99
49.17
791.49
18.84
587.5
372.02
17.17
395.83
585.69
442.87
360.22
118.73
359.86
549.88
120.81
198.15
544.2
427.98
388.61
275.33
384.96
704.28
671.83
617.64
581.05
730.7
68.17
755.35
705.55
222.69
441.26
787.64
173.56
438.95
530.55
68.95
174.31
256.81
597.49
693.47
769.49
595.82
787.18
493.14
428.94
178.34
22.64
747.53
93.06
348
169.54
203.04
47.32
555.04
752.85
118.24
62.2
153.09
496.31
599.84
777.48
597.64
756.78
657.55
641.86
357.85
526.21
322.83
340.35
112.61
734
594.51
152.95
47.62
199.48
246.06
32.46
102.21
41.51
139.69
611.12
400.77
308.53
691.59
75.58
217.5
665.22
178.15
443.87
164.06
754.9
162.68
194.33
472.18
173.16
79.89
9.69
294.6
46.31
82.96
604.7
473.36
181.45
311.16
662.73
514.06
754.97
436.78
570.05
794.82
684.37
656.56
559.16
188.05
228.78
287.23
249.04
648.16
132.69
471.34
142.24
402.77
150.8
755.61
30.58
747.13
51.4
613.88
294.65
565.41
26.02
407.26
502.94
692.3
294.38
149.28
405.19
482.75
753.01
101.04
150.34
236.16
702.17
279.93
434.37
368.98
780.67
775.45
94.6
151.18
179.25
306.49
355.5
183.42
127.17
327.61
556.34
59.04
525.36
760.74
771.08
211.16
294.52
24.13
284.82
53.38
538.16
641.89
536.55
59.78
260.07
744.94
593.02
474.45
557.85
564.24
416.37
196.01
525.22
492.73
189.21
642.45
415.16
652.78
302.14
558.93
68.61
596.96
165.98
601.05
75.15
472.28
186.68
603.01
550.52
570.55
517.42
458.75
633.51
759.93
617.79
405.28
563.94
440
235.77
686.25
373.88
131.64
62.71
114.04
11.55
539.61
443.63
89.78
220.67
98.06
566.89
556.51
631.89
636.12
128.64
792.65
553.8
510.64
325.4
160.58
296.4
734.8
149.57
358.16
294.53
759.82
796.14
713.62
502.71
656.08
106.71
367.29
349.61
559.92
109.52
611.72
664.62
480.49
57.48
690.55
213.77
582.86
207.57
645.67
466.58
502.95
413.39
485.15
173.6
226.53
370.6
690.31
367.58
403.21
34.76
511.25
507.14
367.03
51.25
606.82
654.45
576.52
740.38
291.93
571.29
66.54
645.58
193.52
726.24
357.94
522.02
782.54
109.36
207.3
90.58
710.77
753.94
678.19
782.36
581.37
491.99
153.6
662.44
322
363.08
715.5
194.87
154.26
545.24
647.97
438.77
312.19
17.18
333.97
684.76
441.33
457.45
779.41
352.31
720.71
584.71
330.74
197
278.12
337.29
233.07
400.61
234.65
462.12
144.56
531.93
593.99
360.83
471.74
266.22
233.29
658.23
96.32
705.38
586.67
787.94
585.66
696.5
159.11
709.85
409.5
763.71
590.31
74.44
490.61
443.75
739.04
700.32
646.34
104.01
621.06
792.84
790.52
393.94
483.44
675.66
639.38
536.68
764.08
130.93
726.73
254.47
580.99
453.1
278.82
580.14
231.22
627.79
356.04
443.26
299.78
440.67
187.99
689.19
191.39
686.81
386.14
354.76
472.53
787.17
487.99
177.44
400.97
530.34
758.24
589.66
355.54
752.52
44.41
558.29
107.8
698.36
321.17
726.38
223.69
404.42
548.76
26.34
368.32
632.13
758.17
389.04
273.95
476.89
646.89
404.01
655.21
438.98
719.72
571.57
577.73
452.24
21.63
311.19
433.93
322.62
627.7
304.61
537.27
469.69
729.6
402.27
798.78
647.94
312.4
339.65
230.52
415.71
345.67
550.39
140.9
106.8
81.13
608.14
400.27
583.14
635.83
236.13
227.35
231.06
755.77
331.27
635
530.43
179.45
384.57
229.04
525.43
0.75
610.23
466.66
290.59
672.62
313.77
762.22
585.08
643.53
229.69
745.19
484.94
393.5
652.69
381.29
38.82
784.79
62.53
258.1
539.66
356.18
721.51
253.09
20.85
484.83
357.6
84.72
56.86
608.14
597.51
7.2
476.35
478.47
440.38
64.4
614.91
127.99
179.5
642.95
464.79
670.11
423.32
460.5
251.71
40.54
447.51
428.38
160.45
72.07
364.06
488.96
148.23
741.8
610.87
425.68
182.54
409.37
516.97
163.9
710.27
256.69
216.1
765.06
414.58
31.09
586.42
324.88
787.37
317.89
296.29
52.6
52.86
20.67
64.2
195.71
250.03
125.36
259.82
456.7
508.79
108.41
610.38
299.67
733.4
638.23
605.71
544.89
32.27
506.17
259.08
256.6
271.75
199.63
361.02
588.08
403.13
460.79
87.6
454.1
620.35
77.8
367.49
782.62
469.19
191.63
165.56
252.49
767.62
173.82
423.18
690.88
324.98
629.25
243.7
86.74
366.95
278.67
196.49
40.52
709.92
497.26
673.39
89.32
403.63
203.24
661.82
477.72
335.32
469.54
230.5
526.14
745.72
134.38
371.68
60.05
13.43
294.88
575.9
178.36
728.15
52.5
491.48
386.82
652.53
372.57
717.87
77.25
59.64
117.05
215.05
790.38
706.17
657.38
620.84
652.93
272.2
521.31
783.06
262.35
713.52
115.98
576.33
30.67
775.93
676.58
585.04
651.26
502.02
752
314.37
209.7
610.93
54.27
423.72
411
416.79
222.19
318.8
88.7
417.45
405.48
762.57
557.35
616.62
525.3
78.72
0.87
258.72
597.39
793.55
735.55
782.72
621.83
169.97
418.67
496.65
516.53
24.92
569.03
707.65
618.18
623.57
478.82
417.38
273.37
104.11
449.88
289.59
665.27
427.02
735.9
191.58
683.88
270.99
188.26
724.99
668.77
242.94
643.18
771.03
435.7
298.16
789.91
426.44
453.42
337.43
360.33
342.23
727.99
277.75
96.77
669.52
127.48
423.17
407.49
399.44
517
677.19
91.85
555.45
711.1
80.06
708.73
134.52
548.58
762.39
395.09
105.77
628.78
257.73
147.68
30.17
217.8
503.82
297.12
428.71
411.42
280.78
1.05
731.18
728.23
347.23
260.51
727.7
18
103.32
408.24
247.57
81.23
197.09
590.55
421.52
788.73
25.56
443.36
646.51
766.25
153.97
747.75
393.49
484.89
185.02
794.21
214.17
204.47
621.11
303.9
706.89
25.84
102.91
621.84
354.29
746.52
335.55
697.64
247.36
771.59
174.87
76.22
779.64
711
243.66
28.9
769.3
380.53
632.52
720.53
753.21
559.24
461.46
514.62
374.37
622.3
579.86
740.75
718.26
138.03
127.9
263.39
306.2
252.71
546.59
282.54
147.49
642.56
71.26
443.11
212.49
50.07
633.29
618.52
776.66
133.12
217.1
444.81
585.74
334.84
255.41
677.15
670.63
280.8
492.22
648.49
666.89
553.3
339.68
580.39
184.61
243.82
198.94
485.83
102.36
240.48
231.08
183.67
729.44
236.24
688.11
179.54
755.4
577.02
525.49
787.82
292.44
469.51
612.52
141.52
609.93
143.96
41.21
75.92
594.91
43.9
703.03
141.71
626.68
352.13
616.07
59.52
45.86
83.54
348.5
587.08
155.53
602.23
157.59
129.63
607.31
70.81
576.56
691.38
493.52
420.29
167.9
562.21
634.44
297.04
72.52
462.94
762.09
31.48
678.95
186.71
602.63
234.05
253.54
576.09
726.25
763.06
305.59
332.53
620.42
79.2
0.87
492.02
51.39
444.32
465.53
425.83
60.6
391.55
757.04
347.06
790.04
676.07
727.14
288
11.75
29.82
313.53
341.49
202.27
625.37
733.86
142.06
380.18
521.63
684.14
329.51
59.12
279.7
311.91
286.67
252.28
209.07
577.11
223.04
690.57
494.69
702.05
625.41
646.56
744.39
378.56
712.26
12.54
307.2
225.93
591.92
125.73
643.23
326.88
340
16.94
601.62
778.04
285.84
240.05
253.61
583.68
476.63
552.37
347.24
569.98
594.34
712.7
739.3
81.85
215.8
174.58
460.4
404.5
652.37
32.1
117.45
200.66
142.58
424.01
25.01
161.69
10.15
495.46
448.59
644.84
508.13
411.72
200.69
722.5
123.26
351.96
10.52
282.82
377.7
161.83
497.65
791.65
80.19
125.16
292.43
736.66
764.76
268.34
346.73
24.6
486.62
210.49
401.34
369.21
623.18
591.68
461.79
98.57
429.21
602.35
376.17
547
257.1
59.42
288.07
82.59
738.24
446.03
404.3
379.38
546.66
22.94
384.37
710.87
160.83
500.25
38.87
374.76
700.44
83.2
602.95
306.73
120.48
532.7
587.94
304.8
398.14
471.96
137.7
13.83
495.15
445.32
149.8
721.33
139.7
131.32
146.74
254.1
737.1
277.97 /

COPY
	PERMX PERMY  /
	PERMX PERMZ  /
/
MULTIPLY
	PERMZ 0.01 /
/
