---------------------------------
-- Permability values for SPE9 --
---------------------------------

-- Permeability distribution visualized in figure 5 in Killough's paper
-- Killough says 'The input data included in the distribution to
-- the participants included a geostatistically generated 
-- permeability field'

-- The values below are taken from Killough's dataset, they are
-- not based on the figure in the paper.

-- Explanation to how the data in PERMX is organized:
-- Under each LAYER (i.e. K-value), 
-- there are 25 ROWS (i.e J-values) under which there are
-- 24 entries (i.e. I-values) 

PERMX
210.03
468.24
110.94
758.62
502.49
483.11
198.15
677.31
9.5
15.9
732.76
351.84
676.08
285.98
431.16
710.12
456.69
34.69
222.38
665.74
120.83
682.68
608.33
93.01
531.2
150.73
732.38
272.94
156.45
431.68
51.06
386.8
682.08
789.65
74.2
305.63
688.81
74.11
712.08
40.83
689.73
493.77
607.74
590.18
149.54
319.16
35.17
417.56
452.44
44.9
665.04
520.48
177.79
427
223.81
557.09
109.87
557.4
479.07
371.72
738.09
560.92
80.34
388.99
720.21
386.2
58.25
554.32
35.69
76.5
722.54
255.5
587.21
554.9
65.71
31.44
365.47
309.49
565.82
364.58
84.56
511.49
373.81
451.52
139.01
685.15
43.6
202.99
412.11
673.94
733.41
305.9
619.71
43.02
239.92
92.82
528.18
516.54
682.44
395.89
789.21
285.24
588.23
745.62
672.42
615.69
460.55
352.95
452.19
147.55
571.52
640.35
726.29
253.52
338.13
498.68
678.38
69.11
410.18
646.42
279.69
766.3
389.53
635.79
449.68
529.28
342.66
370.19
135.81
785.66
210.56
485.42
771.74
785.24
305.95
617.66
324.06
43.67
127.5
511.37
750.49
798.96
44.93
680.4
530.3
525.28
253.28
515.31
163.45
685.65
561.41
429.95
232.89
691.86
67.61
36.34
531.21
34.21
444.14
775.01
48.38
463.01
143.89
398.46
717.07
25.43
4.07
63.86
554.28
584.95
230.23
694.23
662.41
435.84
477.36
358.35
39.32
433.49
99.4
396.27
384.39
181.65
294.19
741.49
440.3
739.84
575.89
640.86
162.48
511.67
443.64
385.78
94.77
722.2
597.24
5.72
573.88
317.12
714.17
753.66
714.66
671.8
386.82
683.2
122.77
776.61
172.3
162.52
226.28
254.93
4.16
777.68
365
150
28.89
193.14
466.48
211.88
290.19
791.41
77.57
531.85
619.78
204.28
391.18
144.1
135.51
592.2
468.16
615.56
469.52
222.37
115.75
300.23
604.11
703.21
75.95
283.14
455.45
726.81
284.91
341.96
55.7
725.6
713.72
728.59
547.49
552.77
192.33
459.26
674.56
376.05
15.79
74.14
391.85
115.25
275.32
0.54
753.65
306.1
764.62
74.29
289.53
395.74
12.66
394.73
313.37
376.55
679.91
162.55
645.23
235.18
12.01
519.2
156.69
448.49
333.24
80.98
326.82
393.64
535.59
12.69
507.6
610.71
588.08
723.59
244.29
184.9
375.28
186.93
526.12
425.42
699.48
94.36
8.74
206.49
664.42
463.35
390.63
665.6
620.28
15.29
617.87
3.99
293.24
284.87
313.71
622.29
300.38
458.2
114.13
621.1
243.8
749.7
622
637.71
531.21
603.95
326.54
158.5
31.52
428.73
1.66
254.3
540.47
791.81
746.46
661.25
575.21
320.45
230.14
310.82
699.15
761.06
503.08
189.66
201.06
260.94
735.61
315.7
399.36
80.91
752.08
424.9
19.01
199.68
566.61
649.33
203.05
413.65
146.47
436.81
46.3
8.56
573.64
495.89
20.08
645.87
168.68
393.3
675.5
243.07
40.11
635.45
396.31
573.1
733.68
369.4
347.34
339
571.3
289.71
728.86
652.19
776.59
111.29
738.21
640.18
64.46
731.93
9.47
730.25
276.64
233.26
27.35
575.94
130.32
121.49
16.08
277.65
503.98
761.55
734.12
373.53
574.19
648.57
423.53
538.46
671.62
589.76
766.17
740.98
729.23
406.38
342.96
320.47
266.02
155.2
696.33
460.52
507.58
89.44
143.12
464.52
257.99
261.45
79.14
577.47
296.18
184.83
236.76
52.2
449.58
727.25
282.4
347.66
597.01
466.13
114.4
681.87
479.06
380.37
476.84
765.34
178.26
451.74
106.86
768.2
457.2
352.86
488.51
380.01
711.84
690.66
85.43
186.21
62.65
506.06
426.2
560.47
646.27
89.76
236.28
773.79
57.58
671.89
684.62
622
454.82
785.21
523.66
62.02
438.95
293.68
424.95
717.12
515.27
442.65
322.12
556.03
126.14
710.21
255.13
189.34
405.02
49.62
19.79
103.17
599.79
69.02
582.15
383.12
424.22
720.51
530.19
743.34
479.97
272.97
151.92
165.46
631.13
231.11
637.24
247.85
220.27
642.47
522.36
307.67
24.66
367.42
6.22
744.98
601.82
253.08
293.63
136.47
580.18
263.09
333.75
9.09
172.64
470.88
729.21
240.3
783.76
305.62
375.97
548.38
53.08
633.98
598.26
503.23
151.25
488.91
703.99
439.22
600.19
483.68
650.06
779.84
30.71
650.37
575.92
711.25
734.3
40.41
289.62
594
160.59
623.22
245.3
598.3
347.09
640.43
189.38
117
799.05
101.31
721.26
695.82
215.21
589.83
381.99
67.54
483.06
258.57
435.62
268.74
294.9
729.53
75.73
389.19
178.61
115.92
26.49
616.53
605.22
70.43
161.08
613.01
340.49
426.53
574.16
766.16
155.03
414.81
304.66
271.76
20.75
119.33
89.68
566.57
733.03
762.34
179.22
708.93
150.92
740.58
1.37
188.48
698.84
575.98
445.95
502.84
260.99
258.45
784
174.92
212.72
523.42
249.56
225.14
199.61
501.84
350.29
333.68
42.97
69.75
716.33
532.95
262.13
361.92
436.54
300.57
762.09
321.48
503.29
779.51
700.55
352.85
316.07
402.52
504.17
531.79
113.74
427.54
730.62
740.42
366.03
642.26
454.12
159.43
383.44
756.51
362.56
402.25
725.21
357.82
677.44
432.68
239.72
660.48
431.13
746.2
249.3
568.55
724.1
556.42
485.96
52.44
160.49
274.93
276.3
699.07
162.28
171.86
299.64
437.99
730.47
485.46
264.44
410.96
603.99
515.64
326.54
260.77
212.27
608.08
286.45
25.07
624.81
105.88
330.15
419.72
50.24
359.93
380.1
690.97
415.55
653.45
439.24
740.67
645.19
505.28
372.19
60.55
682.28
248.76
168.43
294.76
669.04
748.23
549.73
382.66
739.42
192.45
346.05
259.38
532.78
125.87
159.25
699.25
451.96
540.42
727.52
355.51
108.07
60.89
571.54
611.43
116.35
160.15
524.26
109.7
709.15
143.09
508.86
709.15
296.12
314.09
70.71
632.31
444.07
11.24
68.99
756.28
482.45
43.8
95.31
516.25
750.63
451.15
702.17
113.99
769.3
76.9
217.61
521.42
89.82
79.56
551.99
187.56
675.06
723.06
440.13
740.42
179.52
189.92
389.88
193.34
603.23
383.39
479.91
353.11
65.26
419.64
605.04
731.63
799.09
366.04
496.34
745.92
383.15
788.91
587.6
212.27
624.68
471.98
87.7
726.57
197.52
264.44
771.02
123.6
412.81
171.23
695.36
459.74
598.34
292.52
100.17
105.13
50.18
669.1
571.22
541.71
284.88
109.3
27.17
79.96
518.59
193.06
33
754.9
20.31
497.82
573.52
671.53
91.98
406.37
560.55
268.96
440.17
112.04
143.99
12.73
33.95
279.54
70.44
19.38
255.91
263.01
179.8
632.89
567.6
385.05
418.11
664.42
531.08
235.06
194.32
254.61
280.28
717.95
768.13
164.23
509.46
18.59
707.22
37.73
421.26
118.59
528.77
519.27
581.13
654.6
355.63
130.04
353.7
402.42
674.46
607.78
745.78
253.57
188.16
650.43
298.76
798.19
531.66
449.34
368.61
115.28
377.96
520.07
337.78
301.5
510.74
523.95
643.34
671.61
593.52
66.07
210.52
746.09
81.91
221.09
269.47
457.87
511.49
452.63
71.94
644.69
290.34
718.25
165.01
545.53
635.44
285.06
422.48
758.13
338.63
394.87
465.78
207.87
28.08
224.7
740.77
147.68
298.12
418.77
466.83
226.15
579.5
619.58
27.99
413.88
306.93
122.37
163.35
139.75
277.55
275.21
649.1
24.03
644.92
487.73
562.97
229.11
730.12
40.16
272.17
293.49
778.21
561.25
239.62
335.97
772.57
33.39
292.95
107.04
162.04
259.94
89.57
770.27
713.69
610.58
765.31
82.81
753.81
340.86
557.19
706.82
492.1
55.78
575.03
309.29
406.38
649.29
723.22
556.05
438.29
769.15
760.58
771.97
677.22
662.52
154.57
236.38
481.19
509.97
740.92
723.94
215.77
501.32
670.98
293.65
175.23
798.03
446.51
692.87
386.67
188.24
599.12
553.27
648.95
590.4
322.31
688.04
161.3
191.67
719.4
162.9
296.44
794.3
409.95
594.86
727.48
204.81
577.92
722.71
249.78
162.02
758.42
703.09
60.87
677.15
23.48
253.62
228.3
13.97
594.9
667.27
161.1
673.98
499.86
389.04
190.38
584.97
794.62
567.04
516.36
379.97
685.54
412.84
354.9
1.5
44.8
140.8
468.08
576.55
654.17
384.15
784.04
521.15
306.49
351.42
291.2
454.26
120.95
506.11
33.55
473.03
2.33
568.33
522.33
487.97
214.58
234.37
751.28
770.14
790.54
77.62
269.24
700.01
278.2
350.83
525.24
7.15
562.94
331.81
556.25
471.09
711.63
86.13
14.59
264.21
419.31
427.5
241.09
151.51
226.41
179.84
97.24
115.81
730.61
534.21
14.41
554.17
345.98
694.8
744.64
551.97
203.79
655.28
366.55
670.01
163.52
67.21
210.71
696.52
636.27
156.5
458.96
238.55
412.62
551.56
432.28
619.65
508.45
138.25
659.45
140.22
154.78
603.78
53.89
752.77
93.4
128.51
284.84
4.94
755.2
585.99
23.79
712.98
29.5
360.39
344.11
111.56
717.06
318.55
320.79
419.72
698.77
645.21
524.98
310.47
345.87
266.71
762.33
425.04
511.03
539.6
475.68
368.98
453.8
561.39
426.38
690.54
53.38
631.61
201.07
169.63
278.35
329.15
125.08
392.12
423.49
584.72
676.74
343.55
62.05
559.85
489.82
276.67
316.89
621.91
666.11
15.12
727.18
95.98
791.01
319.58
413.71
110.44
756.18
305.09
685.37
164.95
256.95
666.16
594.77
503.02
221.42
522.18
692.17
543.15
137.84
532.48
101.67
374.15
168.87
663.22
58.72
201.49
544.24
317.05
137.66
60.1
590.21
244.64
517.25
16.64
627.16
222.08
479.91
646.51
349.89
16.94
319.13
576.53
106.75
598.85
194.86
777.66
16.74
507.74
427.26
273.63
453.62
211.75
32.17
534.57
159.26
331.98
16.49
525.78
124.91
751.6
294.38
223.73
535.42
248.45
109.4
11.95
615.25
349.79
541.36
207.01
587.23
5.77
664.74
676.54
382.35
607.74
398.41
6.99
128.37
705.68
467.01
648.42
4.67
291.68
83.12
722.78
39.02
257.06
289.36
587.72
785.42
428.62
326.4
736.15
152.66
82.59
740.07
9.03
180.5
152.43
83.53
331.16
214.35
189.07
721.65
779.53
502.02
422.23
430.16
534.05
764.34
634.58
791.91
242.37
97.15
94.78
748.55
172.78
592.43
35.86
195.32
291.75
593
730.28
542.88
228.27
21.37
544.68
555.28
334.99
348.95
389.67
446.35
165.2
21.78
277.22
79.3
418.2
524.82
230.14
249.66
536.59
565.03
255.6
178.62
628.34
582.41
396.97
724.2
451.71
197.3
358.44
266.31
743.81
455.57
389.34
596.84
349.43
534.58
288.31
19.44
794.3
672.7
387.95
639.73
674.59
746.6
510.95
1.72
633.38
507.46
773.41
632.91
772.53
727.92
717.64
744.46
609.49
81.49
280.26
305.12
591.98
284.59
252.83
470.18
385.12
418.7
494.62
329.11
565.36
102.18
136.25
31.37
249.57
251.66
377.07
257.28
241.54
569.13
235.6
135.37
260.45
506.11
568.22
512.44
486.83
514.64
769.97
431.59
565.39
469.83
790.56
15.86
177.63
116.56
177.07
500.92
225.5
15.13
132.41
704.54
740
313.62
429.42
465.69
723.02
122.31
4.83
709.67
655.12
173.82
112.73
62.28
364.52
609.46
542.49
715.03
14.65
28.94
698.31
353.34
606.58
3.3
159.12
139.83
55.41
138.92
248.18
44
83.75
269.86
189.65
772.95
584.53
489.19
170.71
721.6
132.7
516.69
234.18
793.68
376.58
399.71
328.83
421.48
797.1
478.64
659.08
349.42
129.63
241.3
493.9
471.95
97.2
513.15
188.79
195.69
585.94
98.5
671
486.44
486.68
38.58
736.59
357.48
156.02
637.7
631.48
199.62
451.97
582.1
608.06
478.14
148.24
476.57
626.9
110.13
637.49
699.09
213.46
262.5
343.83
348.69
684.64
11.91
296.21
573.95
717.79
783.97
14.12
718.06
783.38
272.89
126.52
280.6
654.58
60.15
85.56
745.58
682.11
791.85
552.31
319.51
60.61
610.96
527.25
638.63
564.45
730.3
44.63
745.89
18.82
503.14
284.74
482.04
6.59
413.26
227.33
211.23
149.7
324.73
193.42
319.93
421.39
726.87
716.54
52.62
665.59
14.6
212.53
312.73
756.08
679.56
310.03
600.52
739.28
539.36
723.08
644.82
707.83
187.9
666.2
455.97
263.5
792.28
321.61
411.91
253.79
439.79
16.55
278.57
377.85
440.96
76.69
441.65
105.26
195.78
422.47
388.57
540.42
595.85
732.22
774.95
719.15
123.65
777.68
38.35
163.8
777.12
321.33
223.15
370.9
553.68
594.27
446.99
686.15
683.54
235.89
467.96
779.9
794.19
594.48
95.68
659.31
264.74
276.4
679.75
35.78
558.8
512.46
781
772.99
14.28
504.15
35.14
347
296.25
24.18
25.34
672.58
23.25
39.7
772.18
633.36
95.64
541.73
160.65
585.23
713.8
21.29
746.69
739.75
440.35
70.56
665.13
753.53
492.35
123.89
36.1
205.08
119.08
726.98
687.58
588.55
60.5
68.51
745.15
495.68
194.15
512.77
281.12
196.72
733.05
68.34
678.87
585.5
629.46
247.75
549.66
100.84
215.77
531.89
712.15
175.1
298.81
311.32
687.09
153.46
734.37
86.44
207.13
417.84
726.29
529.58
239.14
235.81
511.22
574.79
227.3
329.25
125.76
478.49
641.95
628.13
465.83
442.07
335.41
753.8
237.63
638.09
177.27
286.41
621.21
647.12
363.21
398
732.29
623.26
304.64
758.73
378.58
456.76
129.67
194.62
781.6
382.95
489.41
151.6
794.77
657.44
286.65
521.78
359.32
85.21
740.09
488.2
709.2
621.31
665.38
367.95
627.93
719.67
98.98
582.05
196.06
325.04
498.41
102.15
395.16
680.39
495.98
76.4
233.03
119.71
597.31
513.09
2.11
605.58
313.53
662.95
105.58
565.55
412.44
746.81
461.76
707.69
519.78
201.23
53.7
93.48
15.17
703.54
515.54
366.06
695.09
795
288.35
289.43
318.7
102.22
277.53
428.31
598.36
17.32
758.86
130.35
14.88
524.39
145.22
474.8
791.92
556.07
615.81
799.63
411.47
352.39
283.42
442.12
145.25
322.66
407.81
352.97
479.53
569.5
452.07
362.86
732.4
117.51
776.86
189.38
602.76
11.07
304.07
611.59
297.72
317.94
118.01
419.47
723.51
340.42
690.67
703.51
680.99
547.96
294.97
211.88
677.61
661.56
740.84
354.94
783.22
1.72
444.76
777.86
706.98
2.54
714.23
630.86
437.57
172.76
665.9
537.99
357
162.13
743.79
660.3
359.79
786.73
80.3
122.8
685.91
51.53
685.64
723.97
667.5
143.5
118.58
351.39
123.26
414.81
195.95
208.09
625.06
422.32
424.13
131.06
671.28
357.29
443.96
691.15
33.12
108.61
280.87
181.95
573.2
253.32
256.81
607.8
309.27
778.75
301.36
181.8
678.9
551.67
441.36
34.81
395.08
423.5
136.3
59.56
739.43
265
160.69
252.66
51.99
578.31
222.21
353.44
80.91
757.18
286.64
503.27
435.47
17.66
93.74
395.55
797.97
736.24
402.22
73.65
525.91
654.49
605.78
557.23
277.39
378.46
464.11
162.04
400.29
118.54
86.56
133.17
557.87
324.47
443.71
614.85
1.31
354.79
772.84
737.12
527.89
539.5
48.49
515.88
297.89
420.84
85.34
107.16
623.71
437.34
459.79
686.37
654.56
144.09
550.15
250.39
621.41
110.13
783.21
538.32
545.07
248.92
209.48
356.11
676.41
72.67
198.17
680.59
377.04
6.97
653.28
176.97
364.69
407.76
143.74
344.12
471.11
154.98
790.66
611.86
327.7
694.43
438.86
494.59
604.09
758.42
661.06
223.07
278.95
395.29
638.98
313.44
368.16
12.85
515.39
52.43
350.78
789.15
753.21
161.79
660.7
143.99
505.83
217.68
527.85
640.24
417.41
29.71
757.95
674.67
438.74
100.25
165.59
465.92
128.8
235.72
716.33
266.92
685.83
115.48
294.07
640.31
486.56
276.67
440.22
376.62
240.8
332.8
500.18
270.55
310.69
76.97
287.77
272.93
217.01
183.09
23.16
125.69
478.53
488.3
252.25
134.73
707.74
658.27
489.68
67.82
215.53
702.17
604.23
468.81
606.18
453.8
438.45
654.28
266.65
44.02
561.64
780.79
416.91
345.85
688.45
274.83
496.26
31.8
496.94
682.02
17.91
123.15
691.13
390.86
402.95
290.88
443.37
568.3
192.42
432.56
491.53
2.96
759.39
473.77
47.89
273.33
621.9
90.31
650.5
300.04
61.95
180.13
85.27
654.47
92.16
196.86
453.04
107.47
546.19
47.23
779.07
290.99
724.66
86.03
696.16
647.22
183.35
675.39
414.84
121.54
795.79
572.15
657.62
246.17
240.59
195.72
510.41
20.69
490.69
63
711.71
226.76
623.8
24.55
210.12
415.85
355.77
591.31
293.65
225.11
768.01
792.95
507.88
152.03
421.13
521.94
159.48
786.02
44.38
478.29
695.96
461.3
337.42
478.43
210.22
604.94
415.23
31.46
290.6
792.85
682.8
383.15
41.72
476.72
407.19
556.15
349.22
678.9
788.33
108.96
438.22
173.11
308.02
168.89
440.59
235.24
94.24
688.72
759.87
384.89
400.64
788.46
390.59
664.52
437.71
211.73
672.1
494.29
767.04
61.24
237.23
742.1
758.25
351.91
134.5
120.75
506.43
127.68
752.84
171.99
252.03
213.76
552.75
187.85
774.39
15.89
525.77
587.05
616.27
228.78
329.55
95.66
244.24
710.59
765.99
749.05
738.52
613.49
730.11
56.66
593.23
594.65
420.17
229.52
525.18
77.06
436.68
333.54
367.06
331.24
318.29
656.87
743.42
412.21
264.76
439.63
142.4
688.77
363.07
29.39
645.67
217.66
657.21
128.61
388.15
215.52
794.91
337.07
366.45
172.21
170.92
230.82
642.58
336.02
306.02
201.62
704.81
655.57
599.26
652.53
408.32
262.25
7.42
525.33
585.29
720.05
465.34
239.72
363.17
273.65
654.93
30.24
541.51
495.62
342.1
436.42
22.33
296.46
95.81
715.54
472.7
173.48
555.04
200.55
36.46
81.5
362.35
134.83
71.15
38.92
604.97
339.43
199.3
228.04
376.19
393.57
740.5
297.19
177.89
423.09
560.37
364.32
177.56
549.57
779.88
537.31
676.29
274.96
89.9
675.24
196.62
48.25
4.76
461.65
357.3
204.31
129.6
447.93
798.11
220.11
24.21
257.46
200.11
762.52
654.74
223.24
629.87
79.11
70.29
603.76
325.79
292.01
45.02
193.25
370.64
530.5
587.55
443.73
422.24
61.45
469.52
638.99
605.42
105.36
93.66
712.47
435.07
703.68
510.9
661.43
327.1
48.44
328.25
223.55
789.81
327.27
112.86
276.8
71.72
92.97
558.38
608.99
605.88
45.89
271.55
655.32
212.32
561.66
555.29
720.18
590.9
251.42
94.53
499.84
616.76
438.95
268.95
240.74
384.65
591.63
237.87
575.16
471.11
188.97
245.44
255.8
332.29
706.78
269.94
784.06
435.3
217.89
394.82
466.28
407.96
283.77
428.71
268.38
200.78
171.06
9.93
217.6
555.86
654.52
508.68
630.57
91.57
480.79
797.76
61.72
18.17
244.64
534.63
339.82
436.02
173.15
117.12
306.79
361.08
33.01
271.05
389.01
294.81
36.76
418.05
341.12
566.09
250.63
452.86
233.14
335.35
339.74
724.09
46.53
645.45
253.66
9.58
200.91
108.94
781.55
305.7
255.29
215.96
10.06
385.28
148.69
544.7
710.83
65.23
259.85
568.73
253.53
33.27
64.42
79.95
584.17
481.04
419.66
606.46
67.95
402.76
46.43
331.83
784.21
494.67
612.75
572.52
521.93
237.95
678.76
533.42
771.37
501.07
646.76
540.72
55.29
457.09
637.97
69.78
219.3
312.88
610.81
167.84
31.34
302.37
168.94
331.62
485.99
12.9
108.55
195.09
771.47
513.36
144.94
611.85
384.75
216.07
105.57
276.91
183.88
210.53
571.93
630.49
171.3
155.22
599.26
449.32
35.9
78.94
155.78
345.09
599.54
428.34
286.93
608.87
749.37
184.15
359.56
28.17
83.42
749.72
699.65
699.6
627.97
765.08
578.88
348.68
628.94
15.39
340.37
86.1
525.87
477.08
507.32
242.65
662.53
731.82
503.41
386.81
446.54
721.29
131.81
408.44
189.3
358.94
422.28
729.2
783.26
675.35
169.67
689.28
542.62
745.29
170.58
658.7
204.1
199.24
276
711.77
442.55
397.74
234.19
757
288.22
256.96
419.99
581.19
468.1
61.28
338.36
289.48
728.35
10.13
100.65
516.57
47.77
513.55
153.62
508.2
16.89
325.99
449.45
537.73
57.13
474.84
526.86
388.69
177.99
379.33
90.26
467.22
312.63
390.21
387.69
320.31
490.41
549.76
763.64
775.77
766.38
9.59
793.83
517.28
529.97
179.49
343.08
350.29
669.15
52.44
709.92
199.61
278.49
76.31
631.01
157.3
84.21
703.97
688.68
238.49
586.3
318.45
310.67
690.26
100.6
742.76
81.15
243.84
127.11
748.25
244.33
74.94
399.62
53.11
795.46
25.12
628.13
735.92
481.36
309
649.87
500.19
495.95
328.15
563.18
325
573.43
95.97
535.53
403.99
122.15
67.67
216.33
660.05
101.77
570.91
331.25
728.14
674.33
209.2
30.87
629.68
130.68
369.38
481.5
379.08
463.05
489.99
664.95
590.66
60.67
118.04
788.27
517.23
327.39
631.57
548.38
324.35
137.25
398.65
17.55
683.87
450.77
636.67
51.26
626.26
194.5
703.11
409.89
287.51
739.25
204.54
58
304.12
45.59
66.87
159
287.23
480.97
59.51
46.23
743.48
76.15
137.41
469.45
93.64
642.82
521.95
405.22
350.7
1.39
577.27
4.84
590.92
79.73
248.37
514.18
661.48
190.33
643.97
576.5
667.5
268.27
671.82
8.85
376.61
46.22
788.58
308.98
174.47
576.87
459.55
197.94
346.36
585.71
660.93
265.07
279.52
641.41
730.57
449.67
21.13
277.99
410.95
282.84
202.52
788.76
229.3
136.22
659.38
685.76
209.19
3.77
130.66
780.67
498.66
699.64
705.04
354.79
238.02
339
652.77
393.28
65.9
438.34
584.99
261.02
739.34
283.9
178.17
100.92
622.85
706.31
86.71
756.37
695.05
78.77
732.39
66.28
477.38
394.37
140.67
373.85
509.06
357.95
569.28
617.63
464.11
32.92
384.37
230.63
420.94
462.8
383.72
424.6
384.22
156.6
200.34
795.95
435.66
521.26
455.84
525.36
717.82
33.7
57.38
733.23
426.44
49.32
278.86
463.55
59.02
193.35
581.35
464.16
510.75
544.69
695.83
343.63
477
231.96
273.67
780.03
195.55
591.31
519.84
295.98
62.74
240.3
574.12
641.31
180.96
780.1
557.55
501.16
108.52
776.16
557.28
358.35
147.81
269.91
480.93
515.99
453.94
525.03
704.94
770.73
323.31
575.35
382.22
84.43
722.38
371.72
304.65
551.5
17.24
433.19
81.76
771.93
689.61
505.27
785.87
60.6
94.62
643.03
268.04
509.5
139.58
99.42
230.36
753.55
716.84
280.94
349.71
154.63
506.05
21.04
369.09
206.48
423.95
686.52
703.94
342.71
59.55
143.67
390.94
336.43
345.92
792.68
362.27
238.76
415.54
106.5
169.16
427.73
768.63
226.79
363.6
206.55
472.49
658.03
481.37
343.11
676.78
289.18
575.77
17.51
615.92
661.92
212.11
152.11
332.44
339.99
650.39
15.29
469.53
21.46
167.82
117.24
19.12
659.66
333.03
208.56
292.67
501.71
502.11
403.21
204.45
357.74
140.75
393.76
253.96
16.22
482.55
246.53
377.8
502.8
536.26
286.51
344.47
16.1
527.76
673.88
742.19
208.31
402.99
0.12
372.42
658.71
64.89
561.82
316.35
386.2
455.23
172.03
86.15
28.97
616.16
762.87
781.97
739.87
118.74
200.29
227.32
181.82
435.6
449.79
355.6
491.52
253.3
792.57
395.66
470.25
356.06
31.9
633.86
299.84
741.26
319.13
422.72
655.53
543.86
216.24
726.91
327.03
246.78
271.81
249.21
363.67
421.39
469.43
524.12
122.52
584.41
593.17
118.74
587.63
183.37
600.8
200.32
13.46
330.56
473.88
555.13
284.1
286.49
765.57
593.99
704.52
466.01
592.03
609.78
790.86
655.87
360.17
26.64
227.34
263.9
426.1
463.93
585.74
233.39
208.61
425.72
138.65
67.55
767.2
12.04
562.42
468.68
366.57
641.09
128.61
234.14
436.15
0.26
269.25
563.3
328.8
267.75
462.35
283.12
601.49
321.89
525.95
317.56
212.81
256.44
572
249
136.61
216.07
277.56
559.34
546.78
303.46
650.21
106.49
208.24
766.15
123.55
376.81
624.72
261.54
438.42
409.9
181.41
385.3
211.98
470.24
637.41
552.67
8.38
198.53
265.18
523.55
76.46
575.59
666.81
361.04
133.9
24.82
205.44
222.33
75.55
510.63
554.05
397.92
550.46
60.46
795.65
561.15
250.27
250.07
397.99
495.95
191.11
738.34
268.65
486.1
718.74
405.97
442.52
576.78
786.41
665.16
175.23
437
752.33
646.89
730.76
780.17
12.92
645.37
743.46
344.41
82.22
512.01
206.14
796.99
238.19
283.42
187.79
290.74
3.13
775.33
390.71
565.81
456.35
20.67
541.74
708.77
566.48
18.6
52.13
727.45
126.36
360.47
269.75
12.53
595.2
469.81
363.63
222.15
650.9
163.36
163.89
91.36
560.88
416.53
369.75
311.51
392.38
543.91
431.36
679.8
723.13
797.4
325.35
371.28
537.06
509.82
337.47
347.17
643.54
107.26
549.68
100.92
59.21
768.35
541.59
300.77
476.22
365.19
399.91
264.92
425.34
64.11
130.72
756.17
17.95
206.05
137.87
390.89
542.08
199.24
391.57
666.65
158.9
80.85
439.59
26.69
454.75
110.99
180.22
372.86
421.56
446.83
566.66
732.79
253.09
99.19
791.75
795.56
673.41
45.63
462.55
617.92
32.78
514.74
361.83
420.93
31.64
548.06
150.95
278.57
9.41
405.37
398.07
622.07
278.41
436.85
320.63
210.3
532.49
744.63
564.32
201.38
457.61
525.08
201.99
790.81
378.98
75.96
702.94
188.22
53.97
175.83
326.84
210.6
668.43
233.86
275.16
347.96
434.27
732.83
455.33
580.47
243.71
129.98
627.66
673.1
692.29
641.45
380.48
28.45
288.43
747.65
226.35
56.26
242.13
560.43
277.35
545.15
317.21
224.32
789.39
744.91
424.46
760.46
642.31
48.7
198.4
763.04
260.01
618.95
782.64
498.32
726.54
70.39
288.93
490.19
793.62
718.19
637.32
271.94
757.76
60.25
776.9
264.82
782.77
250.74
52.86
169.2
586.66
313.1
21.69
681.98
467.9
588.08
173.01
159.78
181.15
212.49
187.84
732.88
336.79
321.09
303.19
760.46
376.92
414.08
502.42
792.61
208.61
277.28
387.23
436.02
690.91
539.39
204.96
553.74
201.68
781.67
379.66
740.54
162.94
461.27
251.25
554.08
487.14
634.02
440.53
706.3
102.15
734.57
681.27
263.16
660.75
394.12
503.01
374.57
768.48
24.41
369.99
538.21
381.19
730.55
195.22
413.57
672.25
312.1
572.12
21.96
387.42
108.12
518.68
766.22
211.31
153.38
314.15
658.46
16.48
337.3
426.53
661.62
728.19
480.6
205.89
443.39
193.56
496.81
337.44
624.91
739.3
484.27
603.5
436.01
548.74
341.81
117.41
155.32
467.4
50.71
315.09
556.29
778.37
58.45
278.79
705.57
317.35
36.21
369.27
159.96
636.2
308.83
594.56
116.82
222.29
660
228.17
212.81
422.58
203.02
346.14
19.04
317.17
415.06
314.81
701.67
204.16
145.03
554.18
477.47
7.35
123.15
8.72
302.65
363.85
334.5
193.4
273.13
79.85
640.91
561.47
132.52
541.11
542.06
217.19
614.74
663.94
755.37
533.74
246.78
199.61
45.65
457.84
634.49
511.69
681.12
583.58
28.26
124.5
238.12
176.66
388.28
201.57
628.8
467.44
37.95
146.03
224.79
362.65
338.93
92.28
709.81
75.71
755.05
281.21
184.89
35.26
57.89
609.39
527.7
474.61
538.9
369.12
30.71
143.41
387.92
528.03
764.57
371.43
127.58
451.87
70.7
500.09
605.24
213.14
15.55
351.52
767.86
731.54
8.47
650.12
432.35
595.97
686.75
665.59
744.72
249.3
457.43
627.82
150.53
243.36
301.1
759.3
527.76
47.3
520.63
82.99
403.49
199.27
209.23
0.66
174.71
760.55
682.04
227.26
220.45
118.91
325.96
397.56
448.64
210.91
641.25
401.68
585.36
305.93
273.22
475.95
386.78
546.22
572.14
533.34
606.03
450.09
166.02
198.25
534.23
306.36
599.65
524.01
86.07
761.77
553.26
488.27
747.64
85.64
62.05
179.49
618.47
153.87
275.54
90.1
689.22
243.39
223.62
465.56
3.75
300.35
224.13
0.87
380.67
355.36
768.13
710.03
485.78
328.4
259.56
220.99
264.04
443.05
772.45
390.46
476.41
250.72
788.9
392.15
173.3
503.86
681.24
441.47
481.41
186.38
764.29
725.34
521.39
293.33
135.65
350.5
182.64
473.85
584.57
18.29
160.88
741.74
225.61
88.24
491.18
293.3
96.47
109.61
539.15
216.6
613.57
770.23
454
123.63
80.01
145
282.97
260.72
618.8
7.84
41.16
459.8
503.97
379.86
303.72
170.25
439.93
705.35
366.72
352.08
76.26
404.41
724.48
492.88
527.61
208.11
694.97
358.59
758.94
526.91
500.56
278.1
148.25
99.4
171.95
507.26
25.66
7.86
23.8
365.8
42.08
175.3
679.62
83.92
558.57
763.75
303.09
698.48
259.82
303.78
1.31
633.3
617.61
311.82
287.09
153.42
724.86
110.67
741.63
200.2
780.26
500.08
47.1
505.43
512.89
761.82
588.8
768.99
677.39
30.29
626.29
373.67
592.45
519.3
209.23
212.83
174.18
734.34
132.2
546.28
283.12
180.78
744.38
218.02
764.45
109.64
712.28
510.97
329.11
165.13
134.57
39.05
279.14
785.37
102.48
269.55
610.75
697.7
396.37
315.95
772.91
207.96
315.91
528.79
612.52
319.11
420.65
498.75
234.84
712.9
732.52
615.8
96.31
157.27
372.7
379.56
765.81
613.16
521.01
504.81
233.79
623.86
88.24
470.43
162.99
490.58
703.93
659.76
728.64
432.11
141.47
151.44
733.91
466.72
158.68
425.55
148.48
650.46
246.45
365.21
595.49
688.43
297.06
36.57
235.16
0.66
315.01
513.77
765.1
722.2
679.26
472.78
53.83
9.42
703.67
544.66
456.61
533.03
159.18
782.79
216.3
615.62
120.67
522.42
388.72
235.6
233.75
280.79
723.88
377.74
347.35
393.59
323.36
136.74
354.24
500.52
441.9
779.71
356.81
151.4
653.24
224.23
489.04
166.54
20.14
369.13
676.98
237.7
87.48
369.45
10.74
77.04
128.44
281.14
314.4
686.7
137.84
621.4
65.06
303.64
610.05
257.26
519.54
375
264.63
42.19
654.32
410.35
565.01
469.31
472.74
502.32
755.5
278.56
414.86
377.85
406.04
57.12
401.47
402.58
196.45
323.04
727.15
190.34
38.63
196.95
593.73
313.88
301.77
473.96
112.83
716.14
374.28
512.58
759.28
438.75
434.65
143.96
248.22
257.59
286.82
245.54
726.43
495.38
230.58
146.21
451.36
167.43
371.29
208.02
420.8
538.84
563.66
673.16
445.21
572.22
674.94
788.51
523.66
295.56
371.47
136.51
55.74
153.34
327.11
221.06
797.5
558.25
585.77
374.49
21.28
718.35
597.82
503.15
269.72
335.7
67
39.32
58.68
266.23
318.45
772.67
603.22
219.4
708.87
607.38
189.42
10.2
368.34
141.89
30.98
340.08
790.66
678.28
535.27
72.25
196.77
704.61
338.95
335.63
171.62
364.71
166.82
785.48
732.85
669.92
212.73
8.08
715.06
418.88
156.06
577.81
172.96
727.07
570.35
136.74
355.18
452.56
541.38
225.27
679.67
468.43
488.25
413.97
660.63
362.93
383.27
655.39
460.75
140.49
649.64
210.37
659.23
505.37
799.76
392.94
571.08
349.22
295.55
243.99
472.69
486.15
774.46
392.66
326.1
470.78
349.03
380.9
384.07
612.03
529.31
45.74
556.33
679.63
374.64
533.75
548.52
356.82
159.94
228.19
632.17
173.44
204.26
102.09
583.5
179.48
287.31
224.07
741.59
374.15
47.28
47.2
27.88
130.75
390.39
142.75
676.39
71.55
559.72
260.91
378.94
620.29
535.72
285.37
503.67
469.28
452.07
218.65
380.27
695.39
707.04
739.61
799.19
24.69
783.79
264.38
241.76
179.91
750.13
501.42
437.55
96.91
262.85
389.77
84.01
515.22
642.47
790.04
378.95
191.3
41.75
791.24
367.66
319.56
464.55
10.86
671.05
618.35
239.51
314.77
14.61
464.68
115.78
576.75
396.3
162.26
669.54
360.59
798.18
670.24
424.1
596.53
191.57
465.16
375.23
61.31
357.25
186.21
55.28
173.67
240.34
556.01
192.63
492.12
62.67
181.28
443.24
344.27
536.63
577.74
285.85
502.48
318.51
692.6
512.59
144.32
161.08
599.64
93.71
202.04
307.7
76.57
244
84.67
17.14
385.66
353.21
418.08
655.05
389.25
457.2
210.4
609.22
360.16
418.52
407.38
595.03
272.86
339.8
267.13
200.71
502.97
153.5
128.8
258.71
387.85
20.96
493.05
687.62
763.93
597.5
427.57
152.31
471.28
344.8
263.85
682.51
349.89
535.19
566.29
722.42
268.41
262.46
297.12
762.6
459.53
504.49
742.14
340.89
268.86
593.89
124.94
275.95
274.01
4.54
365.23
415.91
473.95
35.27
274.65
726.03
658.37
578.94
190.66
69.18
175.4
225.95
317.72
627.34
758.41
403.07
444.74
27.91
354.06
777.4
320.2
355.97
535.39
102.78
249.09
282.47
562.86
582.08
69.04
739.57
14.1
686.97
382.3
652.48
754.46
53.73
670.44
490.69
322.94
579.05
793.21
516.7
244.6
178.81
308.04
319.34
42.81
790.2
368.84
442.37
192.43
787.75
738.72
270.35
235.08
668.38
327.18
572.57
114.88
191.95
390.22
761.99
599.47
785.88
509.7
416.45
295.93
564.79
734.67
395.94
496.22
103.42
202.82
451.52
77.58
114.62
19.71
296.77
312.19
609.22
413.53
640.41
405.5
17.92
569.46
713.63
469.21
140.01
107.86
480.01
416.53
404.51
658.6
306.01
193.3
360.42
341.52
448.73
277.07
46.69
395.42
399.03
151.03
269.82
764.87
744.67
617.89
120.07
121.08
5.21
50.48
436.72
695.52
482.69
403.28
450.1
71.73
359.63
142.82
56.93
535.12
254.39
740.51
528.19
255.5
530.66
50.3
322.43
473.55
74.22
355.89
629.93
308.61
411.96
56.68
317.1
740.9
121.3
515.25
101.63
65.13
606.41
628.67
645.08
139.41
734.85
637.45
710.96
762.86
179.5
168.86
707.47
604.81
499.51
629.41
632.89
406.87
644.41
283.53
457.97
467.36
372.83
589.52
81.13
790.33
20.81
190.11
26.67
678.05
644.7
542.78
322.45
531.46
685.39
358.55
585.52
68.98
231.91
402.14
775.46
123.36
343.36
512.32
472.5
21.83
712.92
615.52
438.39
10.41
159.11
58.12
168.15
566.43
122.76
621.67
427.09
124.74
465.6
798.7
474.21
280.67
90.68
31.15
712.32
210.46
241.83
676.77
506.22
418.53
265.98
245.55
743.83
552.73
12.11
705.5
352.68
737.71
349.53
298.8
638.63
371.92
486.04
555.66
321.48
767.07
274.15
281.01
407.55
382.14
42.82
696.27
19.91
16.75
719.02
783.16
547.8
598.65
452.39
163.69
621.55
674.87
405.65
777.19
290.14
614.02
789.93
80.09
63.8
327.45
35.1
31.46
15.47
154.56
406.44
736.91
165.66
655.45
395.25
217.28
676.62
131.46
434.1
87.49
509.4
547.12
336.14
326.08
728.6
716.04
18.78
419.97
29.71
353.51
492.66
42.24
225.41
783.03
409.35
740.18
728.18
402.39
39.13
717.5
7.54
256.65
724.27
226.98
279.35
533.01
639.39
45.45
235.36
697.34
364.89
97.39
529.45
439.94
701.09
526.49
394.83
94.33
627.1
316.17
305.34
745.37
43.73
726.27
560.18
98.16
207.08
361.71
622.76
448.97
207.61
270.33
538.54
506.61
648.7
315.96
104.71
565.98
130.9
404.01
578.29
514.67
49.16
644.35
45.51
642.39
611.16
109.73
770.9
534.63
449.83
689.98
113.97
289.63
96.14
29.07
484.07
460.31
8.73
160.06
231.98
101.26
610.05
351.36
10.29
249.19
241.54
120.51
576.29
479.71
317.18
342.81
385.54
288.48
640.8
265.23
220.31
189.04
15.53
76.01
495.47
535.4
466.83
670.24
384.97
336.68
621.22
492.33
197.64
727.25
400.43
679.7
408.42
315.94
426.36
521.15
516.26
142.73
603.79
210.34
614.22
516.94
798.89
362.95
508.73
416.21
388.43
172.1
613.5
322.7
512.99
647.64
39.84
297.76
204.95
629.17
151.02
34.64
689.3
381.37
371.8
275.53
774.28
750.73
418.25
671.18
59.24
797.49
692.77
99.26
236.28
207.09
541.62
386.98
148.22
492.29
762.51
161.87
349.21
451.58
12.76
93.21
129.04
655.96
490.85
789.51
4.43
377.69
489.45
91.77
104.53
326.99
499.56
133.98
16.5
375.7
605.79
98.44
488.07
128.17
40.83
22.32
529.89
652.5
707.27
190.42
520.58
644.43
57.75
147.26
698.1
119.42
513.49
237.49
148.15
88.45
35.32
555.93
753.04
188.73
714.2
737.01
400.99
498.54
182.7
467.39
402.01
793.05
412.43
345.93
150.29
746.31
752.13
239.05
689.37
63.27
239.12
515.23
399.78
626.96
237.98
291.63
70.97
661.54
261.68
701.55
673.52
417.21
90.97
603.54
714.09
80.43
449.37
212.2
69.03
600.56
269.97
221.57
495.93
112.71
650.36
797.89
255.8
648.73
759.26
589.54
322.77
728.32
641.2
84.75
25.18
229.23
125.95
308.81
337.09
714.64
255
425.52
637.8
652.6
181.55
176.18
344.43
673.2
568.34
128.57
755.45
479.68
552.02
793.39
703.25
79.33
717.2
86.37
777.78
388.37
605.11
168.33
660.39
453.92
756.24
558.82
376.88
536.77
436.05
440.65
460.77
264.39
404.35
120.41
291.55
421.84
48.15
440.65
346.81
563.11
469.85
776.67
420.38
620.51
371.24
612.62
612.61
713.3
89.86
140.07
23.92
115.95
0.57
547.94
569.32
575.84
353.08
262.58
691.53
201.18
435.24
1.72
298.07
679.93
611.25
681.85
479.48
688.02
481.09
502.53
599.48
511
61.93
187.26
330.41
492.87
180.33
627.11
352.01
280.24
174.09
715.71
14.97
681.64
68.97
56.87
146.43
121.88
799.99
321.94
85.61
472.52
650.86
411.35
405.42
634.2
253.49
455.75
721.24
675.38
667.06
448.53
734.34
632.96
606.08
98.95
753.84
465.55
48.72
528.73
331.59
760.24
486.73
606.81
25.38
695.4
511.3
787.26
687.4
496.62
362.16
668.85
206.4
355.44
549.57
272.55
709.95
519.56
448.05
154.16
551.52
538.48
654.76
219.85
409.4
52.44
554.58
600.32
525.11
106.29
727.35
38.07
19.01
312.85
283.43
730.7
363.11
139.25
494.03
220.93
300.14
578.09
590.43
311.88
378.32
169.77
8.87
37.66
431.85
673.61
628.64
418.19
383.91
794.65
259.21
627.75
175.21
281.84
224.34
431.52
290.04
463.11
125.86
532.5
654.29
380.08
754.17
441.43
189.58
402.69
312.98
404.73
731.39
260.59
408.94
551.63
369.17
357.28
313.76
212.32
552.01
198.09
365.01
147.08
658.68
439.41
604.08
600.54
88.19
549.03
299.94
774.89
677.38
28.37
727.78
40.92
145.69
35.97
661.75
134.44
235.51
755.52
412.06
795.78
589.92
322.43
70.06
197.87
155.05
103.81
586.85
797.71
644.82
265.17
84.8
607.18
446.66
596.02
748.02
106.09
406.05
71.68
85.59
619.02
509.74
745.2
640.69
598.47
95
646.03
792.31
328.21
409.41
797.49
427.32
290.83
549.88
207.65
522.91
119.49
584.5
554.59
225.55
156.44
708.87
325.74
332.18
83.65
365.36
627.57
51.71
487.25
602.89
469.13
582.29
477.4
780.43
32.77
600.69
716.06
666.31
304.15
677.81
765.23
763.48
384.39
286.78
458.36
417.69
353.97
201.92
702.79
181.17
472.55
327.79
88.73
131.89
27.16
790.86
228.34
760.6
220.53
418.83
38.16
613.45
539.12
290.47
402.54
179.03
644.26
598.32
434.65
403.38
704.83
515.4
610.59
159.86
98.71
47.38
111.93
244.09
338
263.2
226.85
689.75
296.33
146.84
719.01
488.62
332.23
511
457.12
218.74
427.11
102.69
239.84
520.17
676.68
158.89
61.48
448.98
478.21
696.62
312.9
84.71
59.51
6.14
738.95
224.73
759.03
424
139.1
257.69
296.03
99.67
720.24
643.03
268.3
405.6
660.43
430.28
231.97
49.63
154.85
649.77
650.37
219.32
450.99
599.98
349.69
447.17
495.92
195.58
249.85
80.61
200.74
450.98
85.11
243.13
308.4
159.32
405.59
276.35
716.01
657.13
709.73
293.26
601.59
173.11
559.15
95.94
592.04
352.4
389.31
601.02
508.44
645.46
654.69
579.44
61.97
440.51
521.36
379.32
486.98
9.46
634.37
701.86
562.07
321.67
451.35
93.22
81.66
192.74
399.21
33.55
372.52
297.38
431.52
775.9
710.04
761.54
196.17
261.06
407.66
717.79
578.33
748.97
634.59
463.1
358.9
261.58
296.61
468.81
389.56
490.89
269.67
628.2
256.21
196.88
482.03
234.52
186.3
486.95
540.6
653.41
64.3
363.31
739.24
742.1
789.55
227.55
73.31
422.63
403.52
238.04
750.34
82.8
186.59
202.21
369.3
12.35
4.13
562.73
58.32
171.13
210.54
238.74
92.42
509.14
518.12
339.29
61.32
556.04
2.53
244.68
597.35
97.93
196.6
609.02
663.8
728.74
193.21
234.16
625.64
267.82
474.38
59.86
678.29
534.71
251
98.89
718.46
588.46
58.59
778.65
70.52
725.8
450.4
428.65
714.47
503.49
311.33
202.04
741.77
92.6
226.84
283.07
31.28
401.45
266.55
613.65
630.27
62.89
495.73
27.5
251.7
166.38
797.36
311.96
613.56
89.73
132.15
364.43
454.67
729.09
232.7
570.94
664.59
257.16
233.12
311.96
336.47
324.52
105.32
381.89
222.62
519.97
17.21
65.85
100.7
414.86
711.34
640.03
625.05
692.58
772.7
315.88
788.15
627.12
347.24
500.85
465.12
180.69
170.54
386.4
11.43
627.91
703.28
363.42
13.07
166.19
581.7
329.29
120.58
541.74
601.55
385.03
233.04
353.65
645.61
274.84
135.27
140.3
575.53
370.51
661.89
249.81
475.81
248.19
387.92
637.59
398.02
319.95
409.11
457.77
789.66
35.15
794.57
266.31
57.96
98.35
406.03
561.82
211.79
59.9
112.63
469.39
373.82
392.57
661
737.64
178.19
553.64
541.94
173.85
453.4
559.32
433.56
157.61
536.68
403.42
721.26
795.79
632.6
226.15
782.74
497.02
487.3
196.96
348.22
634.69
585.5
293.92
611.88
631.45
328.99
19.72
344.19
605.71
796.34
569.75
532.13
398.17
636.33
300.99
494.01
333.99
633.07
393.45
404.76
754.89
676.38
416.52
141.96
118.24
324.45
356.37
757.65
559.99
124.37
673.18
533.17
156.72
504.9
672.76
744.4
491.15
504.33
609.37
374.37
732.15
185.54
311.88
531.68
655.38
423.57
590.97
115.44
530.33
614.66
91.79
202.87
414.72
790.48
367.46
353.93
735
555.3
370.94
591.58
334.12
633.58
438.34
239.08
36.53
82.45
602.49
594.75
675.62
53.69
660.61
591.26
692.32
620.63
567.13
77.14
231.92
752.3
319.55
60.9
150.84
68.31
602.53
69.33
476.43
94.34
778.97
202.12
407.79
102.56
419.29
303.56
697.12
287.72
422.86
195.86
124.26
743.85
277.33
266.65
508.74
708.43
128.87
240.68
104.15
498.83
191.67
1.21
131.83
297.47
238.24
128.8
175.02
54.08
351.87
104.74
142.05
173.6
57
742.2
740.1
472.96
505.45
170.29
473.01
384.19
751.29
536.09
89
400.78
200.23
728.1
195.84
339.29
241.01
482.31
63.18
587.44
48.49
573.98
81.26
503.22
161.06
304.52
84.43
576.03
703.63
563.68
681.59
309.83
563.11
752.79
301.29
547.39
526.3
209.17
747.33
574.9
567.1
154.91
122.04
28.3
41.8
195.57
397.32
785.38
207.12
97.11
506.92
210.25
50.3
173.98
325.9
678.09
456.95
312.41
696.61
153.34
243.49
352.63
703
377.53
405.31
752.86
735.87
253.21
645.47
61.01
521.97
71.82
374.49
733.96
188.29
129.74
592.55
498.77
719.3
490.49
650
673.76
127.52
381.4
713.95
351.98
359.69
725.56
62.91
569.46
786.44
781.25
698.73
369.69
198.77
730.88
522.69
628.45
606.49
464.68
579.89
288.41
420.8
255.3
603.52
160.84
143.72
741.43
63.2
213.51
244.65
752.27
559.79
68.04
488.23
269.26
642.34
475.92
568.28
166.27
141.5
84.31
410.41
185.32
126.64
393.07
167.4
261.23
40.41
278.21
203.1
770.84
446.18
270.55
5.39
476.24
211.17
647.29
760.52
600.04
296.4
64.35
406.8
714.97
113.86
519.27
508.96
623.82
403.72
397.06
123.22
414.89
662.15
482.41
227.58
74.61
312.22
126.41
309.47
352.18
211.94
683.38
243.54
566.97
728.9
229.93
730.5
459.33
222.02
603.5
346.51
716.01
553.99
81.28
445.54
337.58
406.8
122.54
762.51
334.99
224.68
597.5
49.98
105.16
453.7
735.4
505.58
206.57
213.61
552.5
65.35
461.53
208.99
543.79
518.4
491.91
535.98
783.36
232.68
712.32
356.9
192.11
757.29
771.39
194.57
11.76
688.7
683.17
87.82
686.77
545.41
365.32
770.63
264.06
480.61
706.96
724.43
30.3
615.44
513.06
31.12
695.16
434.41
162.88
177.05
533.29
786.61
67.88
539.97
154.43
585.55
504.08
701.77
714.6
531.24
24.38
330.83
175.03
763.95
29.98
252.92
85.93
189.08
32.42
246.69
318.1
182.88
267.85
20.88
19.65
387.5
275.62
176.79
664.02
618.17
289.6
426.66
172.94
471.88
763.38
441.76
640.46
108.58
23.88
688.19
610.37
453.93
329.81
287
462.76
71.98
161.47
171.52
110.31
113.16
231.3
450.16
24.39
409.47
596.89
620.02
9.84
208.76
551.41
119.7
535.29
770.3
766.55
269.14
578.67
635.04
4.66
643.64
339.16
256.3
151.08
215.26
603.54
680.19
521.2
107.58
485.36
467.76
479.1
543.5
724.17
235.65
112.83
125.1
155.2
29.37
400.31
750.48
540.58
74.77
97.87
537.26
637.06
423.68
594.65
639.51
704.59
339.24
125.58
456.94
98.34
456.17
554.38
64.94
734.39
799.1
215.34
550.17
206.06
405.2
312.49
566.43
257.4
121.66
126.42
303.84
619.92
185.21
40.38
328.44
208.7
577.52
561.05
120.38
737.93
686.57
178.78
431.8
549.11
658.38
361.25
128.94
787.59
619.99
780.83
504.89
799.07
249.59
490.6
315.07
189.93
671.22
355.92
679.34
350.8
576.52
384.07
316.84
643.4
332.48
320.42
598.19
227.74
453.66
39.28
610.69
716.8
664.65
366.54
360.62
349.05
693.73
503.06
401.44
272.09
765.7
704.78
94.47
571.96
423.2
441.85
66.97
740.75
312.03
386.05
625.47
459.53
156.75
656.86
517.45
190.75
44.94
231.73
102.72
683.11
41.21
755.06
662.79
426.27
266.45
285.04
222.22
89.82
102.75
519.39
140.72
281.44
175.75
796.78
181.35
221.83
706.66
151.35
91.17
92.03
469.21
764.5
502.81
799.14
350.48
140.5
73.67
15.04
495.28
67.64
99.81
312.65
445.74
306.02
2.24
102.24
448.49
710.63
569.66
779.52
22.78
50.29
757.26
375.84
657.74
799.37
417.65
403.11
429.8
254.36
238.19
204.92
454.54
686.97
493.6
622.4
22.98
700.29
455.27
676.81
428.6
527.98
613.92
86.78
13.6
684.41
130.79
671.76
318.77
436.21
73.38
140.55
368.61
550.54
669.8
298.57
431.63
225.93
485.71
474.25
297.76
761.73
728.02
113.82
675.16
149.21
688.63
449.67
426.27
61.47
414.84
467.69
747.95
417.09
180.66
192.18
97.54
726.06
610.58
632.02
716.75
244.52
451.04
240.88
322.34
667.13
509.01
434.07
5.17
693.58
31.06
73.4
549.62
772.72
339.16
246.14
575.67
697.35
145.9
36.54
676.57
156.18
249.04
41.73
435.5
630.38
304.16
228.9
676.08
387.7
747.25
31.78
342.8
642.96
13.5
328.25
206.75
360.3
621.19
579.06
363.32
246.06
228.7
621.88
21.99
712.29
118.8
490.81
774.53
260.91
112.1
692.4
171.6
253.81
150.81
485.46
436.78
346.45
638.78
227.57
325.91
77.32
552
605.59
217.34
689.83
575.71
797.62
611.96
757.9
425.96
513.4
238.98
237.18
336.35
296.91
261.16
721
681.55
136.07
638.61
611.54
331.74
662.31
635.2
590.57
627.69
123.47
23.03
732.9
8.76
312.74
114.34
150.71
196.83
180.7
467.04
451.75
672.05
7.97
656.4
108.83
705.75
647.8
451.2
461.18
348.73
216.79
701.69
594.61
69.27
660.78
36.74
8.05
58.07
350.49
82.73
96.78
188.36
676.24
288.56
683.49
377.52
360.15
41.34
27.2
363.75
12.37
192.5
360.17
408.31
77.59
405.71
569.93
372.55
35.62
150.37
300.58
162.63
459.34
568.54
660.21
747.15
606.92
289.02
463.09
432.43
348.95
257.94
190.07
720.4
498.54
583.23
289.07
574.54
415.92
374.36
205.23
659.79
707.78
497.23
296.17
39.34
143.84
111.8
795.74
596.03
435.09
561.22
426.9
108.34
698.46
557.8
435.99
665.42
239.7
780.94
26.17
369.45
490.84
682.75
65.81
293.32
611.25
371.62
43.92
291.59
90.18
512.9
692.3
149.64
140.97
456.08
649.88
430.72
207.12
661.47
754.98
603.38
419.69
237.58
366.14
143.52
128.93
353.56
701.48
334.02
156.89
257.77
609.32
340.06
198.01
342.76
88.01
504.11
582.02
572.44
552.47
773.58
709.11
298.54
45.12
322.24
794.25
7.8
670.46
233.29
725.15
797.88
9.33
745.9
685.85
695.27
652.72
541.37
313.87
382.53
429.09
580.42
527.35
28.72
340
249.51
119.74
475.85
319.62
144.3
187.22
139.96
328.6
427.92
715.95
300
357.26
753.91
609.42
292.6
129.16
173.88
488.55
712.4
516.98
349.6
596
435.42
260.6
775.3
489.19
429.67
129.6
633.64
474.16
297.86
602.8
602.09
336.62
701.36
103.48
311.39
82.17
507.86
381.2
379.86
386.95
249.03
268.65
597.64
101.51
787.23
267.04
545.85
238.62
274.32
623.28
536.07
431.11
606.07
190.52
666.7
379.33
459.07
728.69
337.51
703.85
120.12
499.63
225.22
7.03
795.07
500.92
93.6
238.89
652.06
754.91
332.41
441.17
7.67
648.02
694.71
289.76
359.78
5.96
727.55
497.45
272.02
630.47
506.07
10.28
55.7
759.14
771.07
418.43
595.45
753.6
651.27
293.83
373.16
58.62
116.1
328.76
466.92
69.07
90.02
340.27
516.45
106.42
369.74
326.98
708.28
522.75
509.55
693.17
384.59
623.67
526.76
560.78
675.41
746.52
599.34
449.5
371.27
291.91
455.38
0.03
432.09
745.91
45.42
510.42
82.38
706.01
269.12
591.49
213.01
300.89
332.45
667.86
299.93
77.42
128.53
57.48
686.7
95.5
568.63
99.41
631.63
262.13
738.43
677.17
498.42
611.83
352.57
141.93
184.44
433.09
623.22
530.01
13.2
775.94
717.87
107.52
747.2
552.77
156.36
225.13
288.41
94.17
795.48
194.95
146.91
584.3
755.81
326.65
478.89
400.95
62.64
604.16
261.21
3.26
729.18
718.64
571.63
160.82
288.82
203.75
512.74
786.76
342.64
185.33
20.03
568.34
796.48
713.71
299
329.35
495.6
671.74
645.17
464.1
59.92
185.13
370.76
696.6
745.11
181.63
372.26
394.61
513.05
24.4
663.57
284.39
452.11
677.24
563.5
56.14
387.43
107.67
423.27
663.12
502.5
488.4
725.18
626.67
296.83
582.43
639.96
701.73
420.04
717.93
361.53
0.92
172.79
304.43
369.94
767.91
664.91
472.75
314.89
117.51
88.12
68.56
283.27
212.37
327.21
437.5
595.65
754.28
35.75
433.72
330.27
76.22
490.98
265.12
532.25
759.35
587.61
148.41
133.39
592.72
640.8
691.6
409.24
654.8
547.83
486.41
236.1
9.83
257.8
720.85
581.4
612.11
172.02
295.38
670.03
473.91
131.31
752.7
381.35
271.33
249.39
270.66
651.92
378.06
213.66
204.08
426.74
478.21
86.7
738.46
408.67
471.55
400.58
226.4
88.22
681.27
587.58
133.87
526.46
266.67
414.12
177.81
588.09
403.59
412.81
360.37
792.99
446.77
47.65
578.16
650.93
347.14
362.49
279.68
439.37
571.36
305.74
311.65
158.55
587.45
657.85
773.3
33.29
584.29
637.14
84.84
99.54
163.47
60.3
645.29
294.27
540.59
522.06
138.49
607.82
312.04
267.94
574.74
596.87
759.38
150.91
389.33
169.87
403.71
328.19
257.08
653.24
553.32
364.71
744.84
74.78
23.73
743.55
442.42
8.29
26.45
681.85
700.28
783.89
395.92
371.92
467.74
742.31
796.6
180.87
92.06
731.04
738.05
528.95
689.29
690.55
736.33
28.23
579.73
56.97
11.74
62.37
62.84
37.12
298.13
175.96
636.53
784.12
429.36
63.21
602.09
768.21
87.7
46.63
186.53
717.53
699.58
483.17
359.83
736.51
749.85
214.94
494.46
148.22
137.97
77.63
103.19
269.87
451.68
146.22
155.24
73.81
583.7
259.3
420.62
495.03
381.31
614.16
599.39
341.05
512.1
245.25
559.81
18.57
279.23
336.24
699.78
572.25
62.09
223.4
101.04
99.78
109.5
156.18
395.48
69.33
707.21
504.07
149.55
42.87
786.81
382.08
96.66
46.27
515.27
87.8
498.89
615.58
596.05
340.18
190.62
413.63
692
216.67
714.6
658.95
269.66
654.79
61.22
23.54
642.68
582.67
592.38
772.46
632.83
614.63
92.25
530.78
148.76
38.25
745.52
484.43
715.11
726.9
765.36
640.57
523.17
566.64
452.15
791.11
430.75
612.02
276.58
239.14
212.37
587.6
334.78
31.57
735.08
265.58
256.53
248.87
593.55
76.18
299.46
76.25
781.98
742.82
614.31
146.57
257.88
18.22
649.53
580.33
778.42
775.3
213.15
113.26
731.89
416.53
183.54
226.06
330.26
785.97
440.62
568.99
151.3
86.18
116.44
683.93
546.79
368.4
8.13
411.76
504.74
40.62
646.09
170.47
593.9
548.33
12.63
158.95
212.68
139.44
240.79
509.92
601.66
748.56
134.92
285.21
64.97
418.32
47.88
606.43
100.97
779.93
246.02
182.44
797.02
676.34
119.18
386.49
665.69
467.88
55.21
760.17
763.34
417.99
55.93
408.06
302.11
617.59
160.07
387.49
467.03
693.26
786.35
250.63
747.13
169.12
32.71
243.96
512.37
554.81
436.87
673.95
468.35
773.6
238.86
203.81
227.31
216.14
160.74
58.44
750.45
256.88
355.77
195.48
50.08
262.21
654.49
539.61
474.39
602.73
123.26
188.9
192.62
399.61
654.91
394.55
687.83
272.94
457.13
460.58
166.55
539.72
746.02
560.61
394.68
512.1
700.8
215.35
689.8
16.21
528.64
88.45
120.23
121.54
738.51
659.32
36.29
508.27
563.92
246.8
86.88
69.24
274.14
455.3
211.1
12.45
480.83
517.52
411.04
308.26
80.06
25.81
340.22
539.36
429.22
399.2
634.62
733.79
6.07
440.46
560.05
486.76
213.78
120.83
654.24
55.38
246.35
744.86
351.54
273.89
180.74
743.36
529.84
553.73
688.65
719.97
615.85
204.8
575.5
62.76
503.4
628.55
477.01
734.59
61.89
455.18
2.23
269.29
515.61
60.15
601.36
475.41
735.25
325.71
204.64
286.05
397.06
683.54
392
63.1
56.71
344.1
637.37
26.53
15.85
158.74
255.2
519.86
297.73
15.59
171.06
493.11
207.98
695.29
97.06
779.81
320.12
716.76
493.5
227.46
416.02
455.56
462.02
329.81
92.13
422.56
773.19
718.45
57.91
780.27
502.98
624.68
516.93
117.51
141.36
37.73
735.71
163.6
497.66
760.1
213.71
269.44
238.1
178.76
305.81
494.4
39.96
68.65
47.09
0.48
647.79
714.56
98.61
285.95
11.9
100.47
662.68
519.36
215.96
435.84
287.89
467.92
458.93
613.68
465.97
23.29
208.36
242.25
119.99
290.73
339.25
600.7
129.92
581.02
181.84
704.72
558.31
386.48
687.74
358.74
730.04
282.98
687.39
454.64
342.1
286
308.19
711.39
753.62
318.62
699.6
760.73
282.68
107.75
123.21
47.71
75.76
493.74
117.71
360.22
409.78
182.58
634.52
794.23
773.33
66.81
568.84
455.52
501.97
547.43
311.46
499.25
35.34
521.08
645.33
204.05
398.13
574.17
699.26
23.96
289.15
135.7
661.7
502.12
700.84
641.18
736.25
562.05
154.1
28.03
694.53
631.02
246.15
305.15
773.86
506.35
86.93
107.19
299.1
373.83
53.68
498.96
556.62
204.66
9.85
776.41
630.32
431.11
253.34
632.17
244.37
335.68
379.12
531.12
520.8
253.28
264.6
255.55
671.99
632.66
463.97
738.83
307.45
693.04
393.77
662.18
48.16
283.84
14.45
87.62
682.27
474.25
158.72
135.4
258.57
410.12
414.95
744.33
512.39
84.62
500.03
194.5
241.8
387.72
6.11
491.5
564.07
46.63
595.88
662.17
668.58
164.75
65.34
575.42
529.21
543.2
172.96
175.46
792.92
82.39
70.43
640.48
269.77
614.59
205.55
70.73
799.28
433.17
137.18
623.41
343.9
208.02
295.15
8.46
200.46
597.47
175.44
446.61
248.1
43.77
312.81
119.37
215.08
273.57
17
329.49
569.12
504.53
313.82
244.48
133.95
525.62
327.3
579.33
596.34
463.33
237.29
283.34
222.55
274.92
286.66
510.31
759.91
773.08
130.03
677.41
494.41
605.86
229.13
234.12
189.52
61.34
563.82
611.28
639.97
738.75
132.28
496.43
252.18
261.22
170.53
117.03
82.2
145.79
100.86
448.56
284.77
121.92
629.57
702.7
644.74
718.54
297.9
365.74
14.61
306.06
458.2
106.71
293.79
518.01
298.88
398.72
555.39
82.66
512.74
633.1
44.38
729.32
354.13
380.71
84.93
762.89
634.77
332.32
335.88
791.33
579.91
515.4
337.47
625.8
404.19
373.02
76.91
500.35
435.81
570.87
466.68
517.31
583.38
564.3
190.2
249.39
689.37
724.37
575.64
590.53
66.09
138.89
400.98
695.24
458.18
9.38
162.56
392.26
151.7
15.93
628.19
747.38
191.67
580.9
396.9
636.5
516
328.63
403.82
299.47
427.54
667.4
131.74
599.73
127.23
635.02
551.78
15.02
559.32
11.88
558.11
517.57
412.62
370.21
492.52
177.27
103.49
118.14
456.4
551.07
411.44
581.36
500.61
638
415.26
407.47
255.6
86.51
264.13
69.88
106.09
446.95
607.71
246.79
376.96
587.94
609.95
203.52
662.57
33.71
652.27
705.63
589.7
523.14
338.1
60.04
688.37
259.93
228.81
648.11
759.89
120.87
709.09
783.45
576.46
95.73
286.59
620.3
243.19
326
200.29
22.38
596.15
234.52
104.42
336.66
501.29
456.63
703.27
562.07
492.42
573.37
144.33
12.11
492.4
598.36
459.67
544.46
564.67
779.4
669.48
660.75
745.92
745.4
271.03
344.53
479.2
702.27
719.22
3.7
490.27
643.81
555.17
243.25
20.13
459.71
703.11
759.47
253.77
211.37
57.07
444.34
522.74
747.62
397.55
541.14
138.39
525.78
506
347.2
456.67
73.3
75.29
591.41
422.52
508.96
207.23
156.08
7.85
755.65
277.81
47.49
473.17
604.6
519.17
177.39
220.45
264.84
418.35
378.35
248.77
696.19
347.86
489.9
403.5
70.22
419.79
450.53
195.65
106.94
376.04
459.02
678.72
699.13
10.04
507.64
246.91
191.21
468.39
95.15
73.45
329.43
85.34
683.02
224.22
237.45
550.81
238.11
312.54
181.98
563.9
681.05
354.22
11.62
659.08
153.3
46.1
330.95
489.75
330.47
351.91
301.83
640.21
761.59
236.51
726.55
682.89
13.46
652.65
377.54
686.99
183.78
297.75
280.38
516.93
120.11
606.08
674.42
486.9
493.2
25.45
704.19
578.34
1.94
353.47
203.61
6.34
158.62
455.22
341.86
191.72
477.46
651.62
206.06
329.58
58.35
437.13
342.44
760.88
599.66
751.8
250.16
520.22
550.01
639.42
789.51
664.2
326.84
764.31
130.97
142.11
288.39
102.67
344.28
716.16
787.61
229.84
374.83
165.13
17.38
227.73
516.12
392.9
429.97
576.07
251.21
207.74
344.71
330.1
208.51
106.89
297.27
43.95
721.79
526.4
195.17
65.75
151.93
726.32
545.91
123.99
40.99
72.72
428.56
700.53
190.85
365.26
623.62
375.96
114.44
719.57
182.93
60.26
99.69
614.01
794.47
188.46
32.97
723.48
511.32
198.02
283.42
316.13
110.15
484.69
313.09
471.35
749.55
613.24
177.04
517.3
791.35
350.9
267.84
61.43
299.9
617.9
109.64
471.24
775.16
87.43
326.21
88.54
25.15
571.71
590.85
699.84
344.59
607.02
250.94
638.68
402.29
416.18
533.28
613.76
79.09
579.28
387.63
369.67
499.1
787.08
718.66
10
244.01
45.12
738.13
167.95
226.54
394.59
126.26
778.7
372.68
422.81
344.42
574.8
615.87
215.06
684.83
289.79
469.7
153.72
89.94
758.4
441.56
314.45
630.54
422.07
466.77
293.84
304.4
92.53
726.94
657.04
610.94
474.97
177.97
455.54
113.29
762.39
432.93
787.26
795.64
456.11
560.47
357.74
130.95
718.5
416.79
226.72
383.53
434.68
425.89
783.7
363.37
120.86
557.09
745.84
295.24
27.56
368.18
90.47
410.32
531.7
322.92
371.12
634.41
654.11
638.92
577.54
669.99
46.11
665.06
750.31
413.82
82.62
793.13
541.11
514.18
732.84
391.11
125.49
541.46
392.03
755.04
26.18
127.54
501.25
229.23
172.62
484.11
44.68
247.54
578.47
297.34
364.03
369.47
402.85
485.36
179.47
674.19
215.66
168.9
153.12
32.12
351.83
521.28
687.64
97.63
618.87
407.99
53.16
125.48
714.02
655.07
112.56
559.28
197.06
798.27
80.8
672.88
259.75
98.62
394.18
524.25
135.72
429.78
608.51
325.45
497.62
382.61
520.85
364.2
493.44
561.08
157.46
686.53
758.09
11.83
46.3
2.39
431.57
232.82
337.47
471.73
798.15
448.18
439.39
449.68
488.3
230.72
128.04
752.78
777.79
138.7
475.38
562.27
684.76
362.28
798.4
69.22
460.08
277.18
119.65
69.08
190.32
628.55
589.42
496.95
141.44
50.62
237.64
170.04
308.8
463.19
438.54
320.27
459.78
762.24
779.38
252.21
332.33
711.95
189.56
65.85
645.11
736.85
202.98
769.27
94.96
618.96
445.7
144.99
43.4
271.06
440.63
417.35
331.23
126.87
77.9
563.33
76.38
493.84
690.96
457.52
109.14
133.42
49.71
506.49
127.09
394.69
200.93
727.02
721.23
664.2
419.76
454.55
358.77
222.1
163.24
452.95
22.04
249.73
437.83
408.69
553.44
444.79
251.67
68.27
465.25
155.04
80.91
357.31
541.11
370.98
633.82
781.36
238.81
543.47
41.88
184.64
565.25
663.52
270.09
474.2
245.2
357.76
149.54
684.38
685.21
720.36
780.25
601.73
204.78
733.78
549.42
153.89
704.61
247.98
550.04
359.94
333.76
475.63
199.3
403.92
554.35
380.29
15.61
163.02
351.57
582.78
355.72
154.3
219.83
439.55
19.25
87.28
437.26
580.06
383.41
479.16
110.97
159.67
80.85
543.9
620.53
599.79
169.02
307.27
574.9
70.56
797.3
214.38
267.02
315.89
485.37
603.09
188.19
284.42
708.12
133.8
401.56
450.5
277.16
576.03
506.33
720.07
12.24
110.65
433.91
345.72
378.93
320.56
339.94
792.91
505.83
371.03
188.63
497.01
178.22
14.38
308.78
665.65
633.02
728.39
735.94
31.25
34.86
236.76
360.65
320.78
649.33
307.53
664.06
423.19
57.99
30.96
322.99
614.42
463.69
610.57
86.63
783.42
725.49
792.47
48.73
705.9
794.07
526.29
152.79
138.73
151.01
620.77
448.84
10.57
3.27
621.85
60.62
225.06
731.91
357.13
258.84
238.93
389.87
332.86
98.3
640.76
235.41
239.66
94.71
51.34
185.17
728.43
633.69
19.72
218.76
315.45
604.5
188.5
669.46
301.12
513.58
683.62
221.4
191.95
628.65
15.29
237.17
455.94
152.3
672.89
96.84
565.66
279.71
356.73
184.88
131.37
792.36
33.91
411.42
26.65
241.69
39.39
553.37
798.67
24.51
776.35
419.06
756.33
24.62
767.29
683.94
532.75
474.69
132.57
615.81
207.84
501.46
156.81
663.84
426.16
735.8
388.26
530.17
221.44
97.59
369.9
11.92
663.55
405.54
269.99
97.78
718.99
227.07
9.11
692.26
213.99
587.8
218.05
709.42
701.31
491.44
598.8
753.78
259.48
656.9
711.57
394.23
182.13
65.43
37.25
464.73
243.14
566.52
395.97
257.82
289
656.18
746.93
718.93
761.22
295.39
343.83
618.97
565
793.99
140.6
631.01
493.45
547.41
690.46
143.86
732.6
415.08
399.52
686.02
400.78
772.49
25.37
749.96
43.11
122.64
750.78
227.41
250.48
450.86
499.6
554.48
453.37
423.61
775.7
10.66
599.84
243.37
273.66
51.92
754.95
479.41
650.17
125.62
320.67
785.36
681.53
695.25
344.87
758.28
649.82
550.46
319.34
276.84
70.41
147.91
532.04
424.7
233.37
266.46
168.11
659.94
462.57
795.7
158.94
580.79
514.18
346.34
722.95
476.76
92.33
93.61
381.93
600.34
31.66
384.11
12.34
745.05
20.92
735.52
10.78
158.7
263.95
748.37
272.16
582.61
256.55
788.15
13.86
5.74
665.87
704.95
787.36
556.91
12.24
78.74
486.19
267.04
589.16
56.52
188.18
108.86
58.41
179.32
80.92
624.4
444.7
252.32
191.97
14.96
298.22
704.14
216.34
249.39
616.48
12.02
244.18
40.74
337.26
258.56
597.75
432.51
109.66
248.64
266.63
21.22
17.87
143.93
594.14
568.22
713.53
55.92
206.76
550.74
549.62
550.29
503.05
626.06
729.33
237.43
490.62
0.9
315.81
391.09
734.63
117.31
692.84
423.83
327.14
764.84
503.36
66.05
242.18
575.4
154.44
192.55
407.3
28.28
366.15
508.63
469.84
649.15
291.52
649.26
660.27
553.52
576.65
253.74
795.28
410.56
633.52
737.06
659.97
314.04
729.82
551.73
209.68
339.11
724.8
286.69
234.89
675.27
537.27
558.55
81.89
97.99
0.58
30.08
735.42
306.12
207.79
518.17
525.31
36.44
652.44
241.25
429.45
653.52
173.97
651.08
785.49
5.9
790.92
653.61
226.14
544.68
445.29
484.59
123.69
246.39
767.42
189.32
264.74
699.97
178.25
676.07
416.96
280.68
594.51
781.69
31.61
76.52
206.14
634.34
52.88
630.45
169.19
505.72
149.17
742.91
308.09
121.11
307.32
645.9
156.99
42.02
593.22
221.95
693.21
592.35
98.1
672.95
564.78
775.42
577.36
37.38
186.46
777.78
296.72
221.77
543.46
444.62
513.97
250.53
642.62
658.07
729.29
388.75
199.96
796.69
608.9
235.73
194.97
650.68
90.51
430.96
787.41
746.25
709.27
767.23
280.08
709.4
635.64
606.96
703.09
685.92
612.12
95.42
551.49
653.92
96.46
590.67
695.89
652.21
586.51
174.49
362.95
134.88
730.97
588.95
382.64
632.13
440.47
564.13
798.67
620.63
653.82
323.69
315.99
382.94
149.21
477.76
473.52
174.2
617.31
79.58
485.32
410.3
61.46
309.83
179.55
252.8
734.76
431.85
6.87
228.46
509.93
759.14
534.22
617.13
19.2
66.16
159.02
164.5
32.51
575.04
649.83
783.14
766.15
291.33
25.27
773.33
521.04
311.25
614.23
31.92
733.59
414.56
552.62
51.98
768.08
779.96
366.99
669.3
479.01
501.54
231.06
167.77
448.51
546.43
504.42
370.38
497.63
670.81
539.69
497.85
274.9
87.65
323.26
179.49
23.65
115.34
443.4
573.19
227.95
617.43
12.98
65.71
400.02
83.32
715.85
267.64
412.28
181.98
325.43
120.17
334.54
313.21
700.25
224.41
67.38
615.38
390.22
54.37
162.34
115.87
318.11
777.13
1.52
514.05
662.62
536.11
250.58
782.16
628.01
771.97
45.46
133.12
94.71
365.07
634.95
82.54
711.12
412.65
508.43
161.93
702.55
292.84
680.4
516.12
757.07
389.29
798.82
245.51
197.7
289.61
738.34
352.29
405.1
496.3
466.8
452.91
208.8
41.23
366.6
93.8
75.1
640.15
759.73
377.24
551.43
434.01
402.31
13.05
342.22
474.57
395.71
263.79
443.06
447.52
128.32
619.55
258.59
585.16
403.9
447.11
758
211.6
132.49
308.29
207.65
43.98
9.37
168.56
173.9
257.55
52.02
623.47
609.15
34.69
562.65
384.32
785.44
681.54
646.02
407.38
511.56
563.12
663.75
251.14
229.27
396.33
14.78
88.8
34.77
25.96
598.47
585.78
283.2
6.52
286.99
508.49
548.14
499.17
122.84
461.49
8.04
581.76
685.58
331.19
367.85
146.04
180.1
311.65
713.91
198.6
461.82
562.7
506.12
706.63
287.73
788.23
258.08
63.45
410.92
422.11
140.53
448.9
377.46
589.28
73.85
714.24
412.56
469.78
710.09
793.89
154.35
445.38
245.7
678.12
245.62
188.87
174.7
465.91
230.38
217.48
352.95
378.45
99.81
495.51
528.41
63.08
547.87
793.98
283.17
87.17
278.71
238.68
235.58
289.77
652.05
751.09
159.56
446.25
533.61
626.69
225.23
273.56
338.98
546.36
168.72
184.13
600.85
88.42
499.62
16.63
203.63
638.8
18.96
798.87
672.12
337.63
163.86
53.08
20.83
341.21
421.89
336.27
29.51
493.32
292.66
610.39
383.29
654.49
727.22
132.62
132.89
570.98
580.98
300.55
372.54
620.3
470.27
452.57
759.76
544.35
458.44
475.29
238.99
350.67
143.45
674.37
733.4
712.32
180.56
614.2
431.74
275.49
487.9
252.71
182.21
310.02
552.89
578.2
395.59
378.97
636.7
21.05
515.8
784.38
390.26
638.94
511.38
689.33
368.54
32.66
215.61
332.32
200.77
330.25
215.42
408.74
679.15
99.73
120.9
694.74
340.88
767.24
631.21
167.8
679.15
280.39
248.52
54.48
523.04
200.71
267.81
294.2
404.46
761.48
65.71
51.98
389.19
793.95
240.41
206.76
188.82
555.08
81.99
659.37
721.86
144.54
453.62
3.48
176.75
593.58
233.23
647.29
427.1
739.61
53.77
605.74
450.38
774.29
126.4
777.61
215.89
175.27
423.69
522.69
21.35
199.17
14.05
247.34
44.32
707.99
791.55
713.37
37.8
255.86
31.36
143.07
330.37
715.73
107.53
388.64
494.58
755.6
79.71
274.39
549.81
429.79
299.26
712.66
174.01
701.85
106.8
475.52
267.12
53.7
777.48
252.92
119
653.1
246.15
698.31
494.02
120.96
523.97
621.71
543.31
543.63
441.14
15.59
593.53
548.8
432.59
89.37
109.61
751.8
268.76
545.21
330.18
129.25
223.13
459.56
326.4
624.35
763.85
559.77
576.97
754.09
740.13
36.87
247.12
161.05
77.11
194.93
707.09
83.1
209.58
122.81
413.12
179.98
301.42
359.6
274.2
361.99
486.23
555.06
671.41
79.44
410.95
659.65
464.21
0.36
558.99
458.45
614.04
537.05
346.62
252
422.43
616.84
303.82
440.34
477.27
653.73
583.21
386.56
534.36
586.95
512.14
701.73
144.7
324.71
585.22
88.26
368.78
618.35
21.2
611.21
348.05
75.04
388.44
394.2
52
697.49
134.77
338.98
217.59
64.41
604.07
256.01
308.23
257.86
610.61
699.56
139.86
214.76
614.97
314.48
773.74
314
616.45
724.06
476.38
641.38
137.61
570.82
86.48
298.48
494.12
657.78
137.88
486.27
650.08
282.16
84.57
250.06
269.2
473.43
772.35
336.45
390.16
621.73
14.98
199.64
415.97
658.18
782.72
251.54
89.22
494.28
234.93
110.7
225.91
336.93
750.64
627.11
241.54
639.04
198.58
452.07
648.07
344.31
123.45
614.57
52.5
405.65
471.2
578.22
339.77
212.62
478.55
129.58
624.83
0.94
380.55
773.23
773.89
504.21
702.18
499.71
73.88
377.16
224.4
215.79
597.8
277.25
765.71
738.1
100.85
360.25
317.78
595.59
272.55
674.01
80.63
119.61
576.45
76.71
725.07
367.05
283.28
521.9
469.77
575.06
427.84
624.66
317.88
518.87
281.9
274.77
664.32
111.78
84.86
285.66
460.68
769.06
554.49
103.33
58.03
736.83
170.61
572.98
8.96
661.12
89.77
441.98
50.87
333.79
77.93
362.14
796.16
464.99
253.07
153.51
278.66
224.15
163.68
192.43
621.03
201.61
453.33
319.01
282.9
798.13
557.37
633.99
744.8
768.14
514.8
694
699.08
669.66
714.75
94.36
621.73
370.51
760.65
214.36
392.5
568.92
391.15
624.46
142.15
27.68
764.5
317.37
783.74
684.27
739.08
200.5
332.96
44.66
726.87
388.58
721.6
515.24
146.57
207.71
343.78
72.58
385.27
223
358.68
380.91
176.94
82.03
619.5
381.48
354.32
86.11
185.23
779.41
168.03
80.66
283.6
541.53
367.76
65.19
59.86
481.69
271.93
3.94
174.36
736.91
130.62
98.82
592.95
238.39
147.11
613.57
771.06
214.32
149.53
573.7
621.52
291.23
413.2
515.79
141.25
703.39
710.7
102.16
376.66
343.87
587.05
64.7
239.46
666.1
318.68
605.8
183.37
446.83
731.12
235.29
339.87
680.14
415.58
32.8
130.12
645.58
272.2
177.2
235.98
346.6
387.81
272.59
321.53
124.19
284.89
78.65
710.88
296.39
539.99
798.23
474.88
342.9
691.5
38.71
554.17
397.94
749.1
667.55
500.68
560.66
651.71
212.23
548.31
255.29
757.57
88.83
697.38
451.94
775.38
712.97
469.2
21.79
282.89
580.21
309.98
7.33
133.98
22.61
792.28
289.18
652.96
619.46
496.16
563.4
637.44
684.92
687.58
141.93
683.68
525.95
368.7
536.78
745.88
574.5
445.71
48.18
445.96
257.03
676.34
126.41
444.04
175.58
96.68
296.13
90.99
6.27
147.85
658.57
203.09
739.83
76.51
393.56
227.68
540.24
335.83
753.84
390.4
699.95
753.37
102.93
388.25
382.16
756.04
160.47
710.65
459.36
373.23
747.72
33.43
711.27
149.37
323.12
640.12
474.62
615.78
511.34
310.49
65.51
771.14
26.55
640.08
399.5
406.94
647.33
690.54
90.2
761.59
289.24
756.26
611.6
252.4
428.87
100.03
306.83
488.45
433.88
461.27
427.62
236.94
517.17
127.69
513.37
481.46
479.38
556.29
173.29
674.36
58.35
470.58
739.15
80.85
562.81
309.68
650.23
375.26
240
288.56
685.48
229.21
285.87
711.41
72.61
552.56
767.03
773.04
199.98
592.94
151.32
558.5
739.01
341.17
114.78
501.02
611.61
489.52
784.4
595.44
59.86
282.43
578.27
214.13
594.58
753.61
750.05
85.96
332.54
615.6
86.94
341.52
87.74
371.91
792.04
38.38
440.18
524.69
782.2
267.71
70.15
563.58
131.99
378.85
616.87
374.95
438.76
751.02
386.99
627.67
373.94
58.19
59.73
413.89
392.74
47.02
62.95 /

COPY
	PERMX PERMY  /
	PERMX PERMZ  /
/
MULTIPLY
	PERMZ 0.01 /
/
