---------------------------------
-- Permability values for SPE9 --
---------------------------------

-- Permeability distribution visualized in figure 5 in Killough's paper
-- Killough says 'The input data included in the distribution to
-- the participants included a geostatistically generated 
-- permeability field'

-- The values below are taken from Killough's dataset, they are
-- not based on the figure in the paper.

-- Explanation to how the data in PERMX is organized:
-- Under each LAYER (i.e. K-value), 
-- there are 25 ROWS (i.e J-values) under which there are
-- 24 entries (i.e. I-values) 

PERMX
588.47
441.93
774.52
408.22
403.15
502.53
567.86
488.79
437.82
600.34
122.79
599.53
61.21
90.77
492.56
234.25
608.7
173.06
718.82
18.79
570.21
531.39
732.02
691.87
721.47
153.16
749.02
90.06
758.22
299.13
268.82
507.58
572.54
778.11
755.67
714.32
503.76
33.19
498.91
336.42
222.71
340.51
461.27
323.64
700.63
20.03
119.24
630.82
249.3
731.26
735.46
173.6
74.53
664.01
355.36
142.91
7.3
244.1
780.24
52.45
511.64
746.14
93.34
485.65
683.77
49.01
527.01
327.66
550.48
559.52
773.97
158.79
716.42
608.79
513.68
394.32
638.95
379.22
675.76
553.42
645.86
567.12
134.91
182.14
64.86
420.18
532.52
684.61
44.25
298.69
537.5
710.09
779.28
283.34
211.91
5.6
307.13
350.39
642.56
163.57
749.2
87.35
335.93
69.3
166.55
5.59
18.17
363.7
742.62
748.57
210.38
174.13
627.29
424.66
508.53
169.93
742.39
43.06
255.93
363.37
217.28
125.07
661.3
363.82
10.92
534.75
504.82
421.31
781.47
393.61
549.65
71.29
608.25
241.68
363.65
174.36
701.23
522.3
191.66
400.57
302.12
139.44
325.42
773.34
629.48
783.61
505.03
447.85
735.82
730.54
583.04
768.51
529.67
235.88
614.66
140.38
554.38
552.78
400.01
661.19
131.07
752.76
191.15
762.29
669.01
18.89
662.71
559.86
175.63
760.62
799.42
277.12
138.51
224.64
788.77
735.04
194.68
429.37
637.74
792.47
703.39
538.31
430.37
782.72
407.22
355.08
60.02
142.04
457.77
351.63
374.12
538.8
386.28
709.75
305.18
379.37
585.46
516.35
653.28
500.67
602.49
253.34
582.81
241.82
34.67
723.86
569.18
324.17
102.59
297.62
92.71
352.18
444.15
507.19
727.58
585.54
264.29
72.99
127.72
34.7
87.53
708.92
271.34
329.78
696.13
244.26
129.21
611.43
601.23
752.61
686.61
89.71
264.5
327.66
261.87
754.31
273.02
781.6
224.09
603.77
462.99
353.95
181.81
71.33
304.82
653.24
307.21
61.07
197.53
573.65
784.49
180.01
276.36
677.44
315.95
489.05
368.52
598.63
781.54
691.75
306
459.31
137.53
183.15
228.71
430.07
438.16
512.34
245.68
286.01
798.56
642.13
177.28
61.14
500.15
791
46.71
747.36
147.23
686.88
580.21
753.2
68.34
798.36
37.44
678.58
366.04
435.55
152.36
237.84
191.27
321.17
211.02
474.18
572.14
232.79
343.16
24.94
725.92
323.88
268.29
791.43
310.68
380.18
271.46
14.61
566.34
343.59
356.08
403.59
410.1
576.84
796.48
332.64
602.1
283.36
640.45
753.54
716.34
611.33
439.62
669.5
162.65
552.17
368.52
494.6
441.75
252.7
162.57
588.65
473.64
217.05
536.37
224.49
303.86
98.46
267.28
616.45
83.73
299.45
93.87
627.79
420.19
240.02
663.18
532.34
329.82
151.01
391.3
387.52
435.68
499.61
530.15
327.85
746
721.24
70.05
556.44
156.97
333.83
780.87
268.02
48.37
519.66
543.52
701.52
209.91
670.95
661.68
77.12
166.68
209.82
645.3
558.83
427.32
294.37
625.43
361.12
273.94
706.64
337.19
602.31
351.76
122.11
554.86
172.57
191.25
146.73
385.14
755.03
319.73
171.73
35.36
116.13
520.48
535.8
208.83
298.62
533.32
456.3
560.08
607.44
42.52
777.07
290.87
589.02
614.4
502.94
207.74
789.76
778.73
425.97
309.15
157.15
167.92
143.1
160.47
403.26
501.58
42.27
744.26
90.85
228.27
490.56
20.17
104.88
279.58
598.5
798.3
201.87
637.51
752.02
725.56
648.15
280.25
737.27
500.69
204.01
750.92
515.68
126.24
90.07
772.32
322.3
454.14
242.83
241.08
639.13
286.45
310.64
481.15
25.53
481.75
368.97
625.09
584.58
154.29
218.09
602.97
703.87
742.84
235.13
143.82
318.01
138.96
627.8
494.03
446.91
81.33
11.99
336.45
752.83
334.96
100.73
643.3
753.89
473.83
687.56
261.4
278.2
445.32
208.19
668.95
725.57
327.06
280.11
127.48
37.18
506.45
525.11
238.11
644.56
201.7
343.46
534.34
286.12
245.92
450.5
271.03
506.32
658.82
370.98
120.31
286.66
140.29
519.95
44.38
95.54
710.82
551.47
666
231.07
26.76
352.1
389.1
589.63
572.84
33.46
569.91
132.45
295.95
798.38
68.26
691.54
602.51
536.66
570.91
435.28
708.45
550.2
655.81
763.52
710.54
536.05
702.09
756.48
498.24
684.16
412.74
390.25
112.92
514.31
605.56
100.54
122.57
319.47
655.54
517.07
246.53
577.83
16.69
601.99
3.98
562.46
15.48
143.68
87.13
277.48
167.12
165.71
386.41
486.66
60.24
780.34
495.92
17.86
342.48
132.01
615.89
287.44
436.58
414.27
799.38
145.78
657.83
287.61
587.15
20.83
121.19
584.24
322.17
177.87
150.3
446
137.19
287.12
712.62
285.8
683.43
297.68
48
494.13
688.18
450.05
512.62
39.81
437.38
705.12
462.76
623.89
344.46
678.7
102.24
286.8
128.24
316.33
56.92
782.51
118
491.94
528.15
634.97
49.56
407.73
403.61
400.62
734.35
695.7
303.94
49
69.22
529.99
267.05
506.03
257.32
185.5
156.91
294.51
126.5
17.63
85.65
728.89
574.92
47.67
370.21
531.99
480.98
26.92
537.56
312.53
5.15
72.82
101.74
467.94
798.25
661.33
480.4
425.65
570.72
303.31
710.32
569.13
734.05
479.15
325.8
265.11
474.11
711.46
290.73
133.81
571.91
169.04
91.63
96.81
784.12
161.8
452.47
457.05
78.81
3.9
695.95
461.4
115.19
365.17
48.6
76.28
439.09
615.23
362.85
437.74
579.67
663.8
221.54
103.59
602.64
551.4
263.29
673.98
76.55
116.17
647.05
795.74
334.37
782.71
304.48
137.61
230.67
233.33
61.9
798.64
536.37
117.83
670.57
322.93
23.52
116.62
240.03
773.99
77.27
688.23
9.53
568.27
19.23
46.26
670.42
59.19
744
130.21
307.15
668.07
220.42
0.48
708.93
696.82
20.71
199.1
373.35
602.9
2.23
87.19
605.36
226.93
265.98
451.53
391.85
180.73
70.32
77.57
157.99
101.39
391.66
378.28
632.67
373.83
204.22
240.3
580.89
473.91
104.46
714.97
728.16
6.55
603.15
434.05
41.49
368.08
597.06
708.74
747.65
580.33
583.23
554.81
478.06
49.98
500.31
103.58
651.28
526.33
136
400.85
574.79
14.84
213.36
773.05
109.64
160.87
179.42
307.34
3.27
688.67
365.49
252.66
692.9
400.13
376.19
629.65
550.72
317.1
658.99
140.28
130.98
634.69
164.79
673.38
412.88
506.38
655.43
492.12
632.35
729.35
234.06
359.89
426.34
297.58
532.58
663.85
465.51
348.72
32.86
236.24
302.68
247.92
512.05
43.27
565.01
728.96
663.37
553.84
520.71
361.44
351.56
252.58
759.94
68.92
281.51
792.01
291.07
611.1
93.98
615.73
266.06
75.38
292.84
317.62
384.67
188.05
621.84
113.98
164.41
12.72
663.46
399.65
458.44
231.6
225.51
495.43
550.15
28.32
300.39
399.31
669.74
750.69
234.6
685.05
285.24
751.18
613.09
792.31
298.32
275.64
421.78
169.13
357.23
603.84
62.82
606.95
292.68
263.51
614.66
703.21
298.75
415.63
20.72
724.25
231.76
362.32
367.63
111.59
553.68
277.13
12.65
447.78
38.77
528.31
601.73
45.72
284.4
796.08
481.56
166.21
137.76
319.38
312.11
101.46
565.84
545.31
380.03
136.11
627.52
653.6
285.92
718.45
247.41
325
718.94
250.37
531.55
220.29
655.3
254.28
653.77
253.72
748.73
411.82
693.17
703.26
234.62
763.97
308.02
439.99
57.72
152.08
371.65
737.23
177.89
203.15
604.38
406.32
367.59
642.95
149.26
31.62
532.54
542.92
641.27
394.39
343.43
441.64
613.27
603.25
376.8
466.38
534.91
799.65
462.35
193.86
255.72
641.81
792.87
235.45
70.76
179.61
489.68
5.26
96.05
266.99
487.74
285.14
67.81
534.25
317.08
725.43
245.92
141.79
567.5
791.81
572.01
62.98
45.44
634.48
555.35
793.16
76.3
115.42
289.69
116.57
234.21
673.15
103.64
715.66
632
305.88
156.32
278.25
486.38
92.26
766.31
70.65
341.27
171.1
235.26
549.19
278.01
342.31
593.23
86.19
720.76
500.97
22.24
320.18
137.74
553.81
330.28
218.06
240.6
399.16
526.5
683.23
348.5
561.25
549.82
262.13
674.08
211.21
516.71
335.1
204.34
12.14
473.83
179.04
472.85
616.09
262.79
703.91
693.95
39.89
648.96
400.3
280.11
518.89
709.68
354.02
378.69
728.96
124.55
472.18
581.2
613.95
473.77
749.33
543.07
129.91
623.48
553.44
317.51
234.72
141.23
597.45
373.33
132.78
490.11
416.14
475.62
117.7
689.46
198.82
671.78
349.62
233.12
649.83
377.56
498.79
357.57
568.08
406
681.53
440.78
283.86
647.66
553.83
301.33
98.5
601.89
379.05
278.73
680.86
547.62
376.14
267.92
19.78
684.47
227.59
133.23
721.75
47.01
354.12
521.4
728.92
496.27
367.91
20.95
76.64
229.37
727.26
376.98
709.01
766.49
745.29
679.93
78.3
524.91
249.44
625.94
474.77
639.32
129.98
434.63
772.94
104.76
311.26
773.66
373.56
154.96
429.8
122.35
81.79
201.07
421.91
493.52
19.31
417.66
175.4
759.54
715.28
666.82
746.96
776.41
25.1
339.13
173.9
256.26
170.34
717.82
551.18
652.62
763.33
454
608.88
617.28
358.31
595.09
399.96
443.73
157.92
611.16
582.01
521.06
742.48
569.02
625.1
355.18
723.39
468.23
106.95
422.57
502.72
757.28
60.24
481.41
348.72
790.25
452.71
690.71
498.99
601.06
600.34
503.7
427.72
764.89
271
119.43
341.43
329.93
461.65
17.82
73.4
581.35
609.48
188.17
438.49
347.23
387.51
355.35
758.74
561.25
156.27
419.91
184.84
709.92
345.56
734.8
435.14
774.4
272.06
110.42
720.12
269.63
346.68
119.67
670.48
572.05
469.21
721.74
13.5
646
280.9
745.89
346.13
76.05
634.32
508.65
670.23
1.06
223.39
240.2
539.25
312.55
267.81
308.9
485.5
47.98
741.1
274.72
4.52
22
573.81
23.68
298.4
589.94
37.49
378.52
358.82
225.05
300.25
309.57
695.23
294.32
58.1
238.05
617.49
73.62
699.71
9.24
520.62
109.33
379.53
445.64
533.03
399.41
432.66
174.16
713.88
578.23
446.56
523.88
664.45
577.58
266.35
440.18
212.5
215.98
690.26
745.68
623.09
227.6
798.19
178.86
120.72
79.67
718.15
257.78
281.92
36.08
765.45
318.7
478.96
98.08
362.05
466
617.44
305.44
319.18
282.09
405.84
633.15
326.39
439.62
391.32
462.97
57.84
561.28
720.26
171.58
419.23
94.86
517.01
137.49
444.39
692.22
48.88
372.96
433.36
720.56
479.7
188.17
572.56
498.55
463.38
777.07
306.75
477.62
75.96
378.22
733.83
406.06
76.25
355.86
326.53
283.79
544.15
229.19
703.19
513.36
533.44
612.33
32.41
302.06
577.24
654.08
344.26
367.85
129.39
141.94
20.31
392.33
240.93
483.16
361.14
328.61
567.8
161.52
791
137.5
438.63
512.14
603.28
415.48
491.94
761.13
538.68
478.44
566.35
71.32
332.75
664.84
312.68
742.75
793.53
339.18
340.24
418.83
113.35
531.71
731.9
755.22
352.02
232.29
518.89
43.53
428.31
376.64
105.87
351.15
780.33
439.09
602.35
224.97
5.9
387.11
654.02
580.88
399.5
184.32
297.65
172.32
465.78
134.89
128.41
380.17
19.08
287.33
333.25
104.29
244.15
710.04
347.76
621.28
369.13
620.91
236.7
196.67
290.64
60.14
207.29
460.25
423.25
673.54
49.92
282.18
526.75
289.73
2.07
163.54
134.86
741.83
314.82
315.48
142.27
475.07
107.69
97.31
473.95
528.02
477.23
319.86
578.97
727.04
366.08
97.36
443.21
651.53
361.4
758.71
517.23
692.68
545.09
799.32
298.36
649.02
686.41
359.22
434.2
155.58
513.08
750.27
653.61
63.13
250.41
381.27
62.49
797.63
538.62
21
143.63
659.35
497.94
590.18
703.16
783.15
595.59
134.74
107.03
678.44
678.58
241.83
337.12
373.34
447.58
698.96
454.23
107.32
596.14
246.88
599.26
592.97
782.11
783.79
301.6
158.51
238.92
799.83
309.82
470.83
440.86
660.92
285.42
181.42
72.45
377.74
450.25
511.12
286.14
175.61
499.02
324.9
201.63
649.31
363.88
754.26
18.43
462.64
124.43
529.7
573.9
408.98
256.43
256.79
101.44
611.48
323.65
498.12
454.98
28.54
72.1
550.56
341.23
639.64
81.66
49.42
184.48
426.95
312.08
564.59
578.18
772.63
454.42
447.22
169.53
152.06
415.04
214.36
516.51
497.37
785.91
741.99
80.43
166.41
101.77
430.74
633.99
621.08
232.91
105.35
137.17
197.44
799.6
659.38
545.6
748.56
178.03
547.85
725.21
164.01
749.07
445.71
454.18
741.92
314.91
507.13
529.9
35.86
502.05
29.54
573.96
410.86
586.05
581.87
299.63
585.54
284.08
571.9
407.13
386.89
685.74
117.66
522.2
748.24
442.44
765.38
194.6
216.95
187.12
735.59
526.42
537.09
586.82
773.19
551.9
134.3
447.02
538.38
327.79
502.86
422.62
428.18
785.02
660.45
148.52
753.77
329.41
702.89
482.13
237
9.81
159.95
445.33
211.91
487.64
418.62
88.65
461.89
510.87
720.06
631.22
535.85
512.14
169.37
620.15
593.22
375.09
221.23
317.28
88.26
719.92
28.08
471.1
707.09
103.63
428.48
230.96
244.64
283.96
678.15
503.3
146.09
228.34
308.55
295.17
164.39
517.08
525.23
455.08
63.47
51.68
410.23
336.06
641.61
238.43
75.49
794.7
309.94
10.18
576.17
746.39
504.56
178.33
36.49
644.97
72.86
70.93
164.04
441.61
63.79
243.37
552.14
779.64
687.37
524.5
781.56
426.75
268.39
592.42
576.94
344.49
603.01
23.4
567.95
193.04
672.14
331.09
112.79
333.69
709.66
391.07
508.41
246.4
711.68
422.87
699.22
195.74
74.26
135.95
758.72
171.69
223.72
247.02
330.5
589.63
744.27
658.19
394.26
307.24
506
191.84
278.83
147.04
415.9
594.7
705.05
697.45
227.79
765.07
298.81
458.64
279.04
775.54
75.56
446.39
400.26
220.01
182.34
753.99
224.48
60.51
637.45
132.49
83.81
385.56
315.45
709.34
669.56
133.11
690.37
170.42
8.26
350.25
72.33
167.51
219.3
339.37
63.53
533.99
533.43
403.63
271.39
798.68
482.37
43.98
257.41
147.51
640.84
701.26
85.81
553.03
101.31
773.31
376.26
642.01
74.54
69.17
296.48
374.26
461.58
268.5
762.73
770.42
665.19
16.73
398.72
331.74
21.71
167.59
536.08
331.62
239.76
719.55
9.01
146.03
352.91
404.54
453.88
38.39
461.46
361.32
34.02
764.42
577.84
218.83
331.82
423.32
376.82
721.33
139.44
769.62
772.57
402.77
641.74
177.59
595.14
295.49
237.04
249.94
492.85
69.61
415.49
603.14
779.21
127.66
729.17
677.93
76.42
493.25
777.79
67.85
504.26
165.88
623.09
659.58
500.75
711.34
499.48
210.81
317.92
642.9
526.02
203.84
644.9
764
2.49
217.19
569.9
417.87
38.18
24.17
369.59
747.14
225.5
167.76
753.56
318.55
223.91
45.05
673.99
266.27
218.86
783
385.76
526.32
765.76
744.13
575.91
537.95
320.22
658.68
138.52
563.32
249.5
302.28
205.91
714.29
528.67
431.81
179.14
598.75
376.7
733.9
560.56
170.39
708.8
555.81
0.08
719.1
785.63
432.15
781.88
197.58
94
82.6
726.33
694.78
82.46
13.46
684.96
29.11
166.03
682.91
596.05
14.48
470.19
660.74
744.85
774.33
790.67
416.23
777.81
97.13
529.46
202.36
428.45
772.17
282.4
354.22
69.5
390.07
238.23
409.73
637.4
612.22
237.71
60.39
628.86
654.47
777.54
178.77
334.23
485.55
561.93
656.01
614.59
780.17
183.04
653.3
131.97
386.47
21.73
366.7
356.43
37.97
773.73
693.48
63.25
300.56
754.21
253.96
568.74
620.45
577.07
331.54
593.14
412.44
520.52
52.97
644.09
617.89
254.36
239.43
179.55
48.02
199.45
122.33
297.25
689.41
262.23
213.97
71.95
376.22
236.91
410.32
348.84
137.21
75.72
465.02
37.4
374.84
406.48
165.58
16.08
566.72
574.74
156.63
14.17
753.96
738.39
464.78
50.75
371.29
733
523.86
747.95
170.06
166.06
174.75
283.82
726.85
411.36
687.6
83.29
608.11
139.81
309.47
751.27
636.98
775.58
480.12
180.39
610.3
439.21
261.19
642.57
399
121.22
524.89
109.73
476.82
472.59
528.55
257.44
292.12
340.28
611.94
728.96
37.53
416.1
417.17
638.21
105.74
614.35
249.11
494.63
621.98
471.03
595.24
600.79
40.6
782.41
785.71
609.6
261.91
463.78
771.15
286.83
290.46
764.66
57.54
636.07
634.41
82.5
488.55
780.51
668.69
192.23
302.11
331.08
705.91
770.57
420.39
303.29
166.58
439.59
283.56
727.77
5.63
535.99
278.96
295.43
633.44
614.53
351.86
378.04
661.15
370.51
513.8
293.77
492.2
352.97
619.84
748.08
480.63
569.64
141.62
276.14
184.97
238.66
620
423.59
736.61
362.95
637.55
39.22
713.25
276.97
302.22
558.47
325.03
115.88
46.6
478.84
631.63
168.67
138.14
605.45
664.7
708.15
527.16
505
695.45
776.72
252.81
40.45
52.44
375
737.7
646.49
604.41
328.74
308.52
63.78
367.15
796.18
9.68
83
270.99
245.49
743.98
422.44
15.99
475.1
781.51
742.54
398
274.1
693.74
648.83
193.24
35.09
685.96
576.65
279.46
346.19
725.25
286.81
691.05
59.39
352.34
651.25
227.73
88.63
606.35
499.65
268.09
547.22
83.26
193.62
320.84
560.27
726.12
181.96
543.44
419.58
312.23
261.79
49.94
430
179.72
272.36
347.44
576.61
605.7
137.55
394.59
244.83
729.28
622.29
488.16
60.9
36.88
614.58
440.32
652.58
569.51
250.34
361.84
400.43
56.08
10.7
222.03
723.3
22.95
207.47
474.77
480.11
772.75
684.58
574.94
146.22
396.23
192.1
410.32
4.79
209.16
252.43
202.8
570.08
331.46
244.15
668.95
435.5
447.82
509.09
487.56
418.43
354.43
692.91
318.05
525.66
603.67
130.59
378.32
351.55
297.28
601.67
86.25
226
324.14
530.24
393.49
599.37
111.39
376.26
538.9
622.06
276.74
414.65
527.11
472.94
688.35
302.3
669.87
756.81
702.24
101.15
777.84
305.48
121.13
292.71
677.33
395.9
610.72
205.21
214.25
664.72
424.95
672.21
572.15
216.53
234.59
570.98
558.18
365.09
716.59
207.08
57.21
631.2
294.39
33.6
312.91
285.43
332.15
192.66
789.35
769.98
477.03
641.68
784.22
134.88
597.11
477.31
345.32
348.73
163.18
623.35
741.39
747.77
196.18
153.91
513.79
137.28
181.57
688.36
452.68
418.49
737.37
491.57
196.84
94.95
383.24
463.49
473.45
444.71
290.03
432.59
651.78
471.02
740.32
713.77
89.93
550.6
737.74
26.39
168.93
381.48
694.9
419.83
81.74
148.32
328.15
77.92
309.69
438.59
92.65
401.39
719.68
110.46
671.42
476.67
361.59
8.28
501.31
122.94
87.68
641.97
769.61
699.28
664.45
576.06
657.85
124.15
790.35
416.73
596.25
209.86
160.57
717.13
249.75
290.66
747.59
221.88
271.59
716.56
174.78
510.47
27.9
177.79
673.22
593.45
494.48
129.32
194.72
216.21
8.76
657.98
23.73
191.43
173.84
17.74
175.73
781.34
714.77
227.52
791.22
3.18
668.29
389.14
687.52
194.72
416.57
24.47
342.17
500.66
796.49
662.41
585.82
473.14
735.16
4.68
202.93
743.03
179
442.08
191.25
640.86
661.67
723
420.39
185.19
495.74
333.83
244.32
787.57
561.48
795.06
150.76
605.02
315.37
78.47
603.74
111.38
511.38
364.16
225.92
346.67
249.74
358.21
118.61
493.28
518.58
204.54
518.49
315.22
377.08
466.06
399.98
240.55
792.97
563.12
210.01
502.53
379.49
493.55
688.36
12.58
602.71
742.04
362.22
582.41
567.93
680.68
534.06
594.41
42.07
239.31
87.73
500.57
745.9
768.85
510.15
153.74
605.8
188.96
365.99
461.92
395.64
387.66
226.88
749.33
587.45
775.84
649.04
307.17
338.36
51.34
47.12
441.79
165.78
308.22
687.2
586.37
204.86
507.51
87.48
604.74
282.22
510.92
130.09
448.07
39.3
458.74
671.88
525.32
178.12
244.68
539.26
197.58
468.62
308.14
781.97
448.51
413.97
524.92
29.01
440.2
503.11
533.92
133.02
383.41
343.72
780.16
211.45
529.66
605.95
665.26
69.41
649.69
540.9
449.11
557.33
535.09
124.15
168.52
241.76
427.31
720.6
518.39
483.27
273.42
140.24
340.99
103.59
345.97
464.95
351.07
572.64
439.13
225.27
535.96
735.45
90.88
651.36
39.15
253.17
226.6
158.56
187.56
20.54
598.36
629.5
71.85
547.02
639.88
283.59
389.59
632.46
563.88
236.71
164.64
27.45
566.22
498.65
232.26
770.14
354.7
612.82
203.64
126.32
190.6
438.57
589.74
458.17
10.36
681.26
731.8
8.14
635.86
721.96
541.75
639.17
231.65
144.95
214.96
190.49
124.74
627.98
635.13
757.32
248.5
242.36
209.51
377.71
692.39
732.8
235.21
206.34
362.63
77.74
739.06
469.71
338.83
231.79
371.41
656.38
319.57
459.75
448.51
297.29
169.19
684.18
372.47
122.75
569.04
141.68
261.02
350.34
257.51
287.86
217.58
519.67
590.17
470.78
531.21
288.8
599.08
274.49
378.63
188.83
268.55
341.44
349.81
599.12
35.75
720.2
120.92
263.42
16.47
797.57
214.33
169.69
132.12
302.57
562.01
392.62
441.32
298.38
448.47
780.18
44.61
3.92
371.32
736.51
244.85
771.14
266.03
266.57
485.1
785.71
543.23
118.51
472.29
684.22
334
609.41
149.63
10.56
616.46
587.14
192.88
787.39
641.76
550.12
431.33
29.13
599.23
437.3
45.54
296.33
742.17
202.47
157.53
120.66
284.13
179.72
183.97
511.53
667.43
286.79
628.95
212.9
42.53
41.22
203.32
716.85
452.26
189.74
423.94
349.23
480.47
635.85
506.81
359.47
460.1
213.78
619.2
504.61
617.61
434.51
602.05
752.84
243.02
57.3
122.51
127.33
615.85
3.75
89.12
585.32
436.92
784.52
309.4
779.74
708.96
766.34
437.8
90.96
670.05
346.02
162.6
399.75
766.97
155.59
39.74
193.39
465.36
288.65
585.71
368.54
164.36
177.13
320.39
235.07
401.89
122.27
577.79
38.59
140.07
762.91
318.91
287.67
56.15
413.59
416.65
447.41
357.13
679.5
423.29
505.56
496.66
107.18
199.14
765.14
789.62
395.52
340.86
278.49
466.21
579.89
387.44
475.22
359.08
403.48
501.6
484.44
43.88
646.39
388.55
168.95
104.19
756.8
284.29
459.11
34.77
214.02
53.29
698.61
120.41
261.39
429.74
491
351.25
565.59
97.95
664.22
58.93
212.23
450.59
194.15
787.27
464.96
416.26
291.31
256.7
378.56
309.3
2.07
311.92
765.2
58.91
415.22
271.43
603.02
372.87
110.98
749.76
501.57
424.89
691.52
701.4
100.72
223.85
335.85
149.82
715.13
62.68
141.85
73.2
478.62
613.2
739.28
63.58
591.41
382.43
488.33
785.82
122.36
515.99
419.61
618.66
688.17
205.55
205.14
177.65
325.77
140.54
346.42
790.02
375.95
662.48
748.65
714.05
567.9
616.21
481.1
7.28
629.08
547.43
544.57
342.09
431.93
582.47
165.91
312.89
68.44
736.09
724.91
290.92
401.44
641.99
492.86
695.27
313.64
175.95
17.79
696.16
32.45
550.15
512.57
213.54
77.92
640.35
437.55
57.29
451.09
718.74
276.22
631.55
245.26
349.28
669.5
357.52
367.13
643.19
494.64
36.67
164.46
633.83
685.87
775.61
24.56
11.72
191.55
752.11
90.32
216.86
119.57
202.05
500.76
715.04
413.23
43.16
261.31
529.69
565.42
323.28
312.59
784.45
152.8
779.98
245.51
397.34
59.22
81.97
274.74
432.31
639.52
472.09
497.87
387.25
611.72
427.82
409.33
657.44
52.32
582.92
207.19
407.63
4.14
393.51
183.51
473.07
377.34
630.67
633.13
252.35
470.22
381.9
633.98
562.99
310.89
690.25
667.11
351.51
551.43
642.24
462.06
351.01
187.55
208.79
195.67
194.16
147.58
533.8
469.79
599.28
27.47
362.26
594.27
571.44
682.64
347.43
408.07
420.45
229.97
666.98
499.66
409.96
496.77
419.21
408.15
710.4
33.51
561.15
123.07
425.01
78.04
244.65
496.36
600.33
126.86
261.66
123.49
369.45
555
559.66
722.47
30.48
61.57
795.34
328.54
168.2
76.33
428.31
517.98
22.87
290.02
323.48
84.34
236.16
306.09
165.99
141.24
223.18
56
555.96
544.09
272.94
208.39
726.32
469.87
726.35
663.84
695.61
444.87
586.64
493.87
643.16
411.12
144.9
487.82
663.52
410.84
157.72
447.47
438.42
187.87
74.32
752.76
193.45
54.11
557.49
627.01
433.25
702.71
799.52
437.89
723.59
464.17
381.82
477.35
749.51
371.39
644.77
410.61
244.05
250.74
506.03
735.41
267.78
391.3
323.6
682.31
609.86
59.08
47.81
242.36
211.44
544.79
133.16
140.24
38.79
177.4
702.37
247.33
780.26
37.48
258.35
446.67
406.09
390.71
211.73
265.39
132.75
375.13
598.29
550.08
67.17
483.03
232.86
113.44
745.71
641.08
360.86
262.01
192.17
414.96
95.82
166.23
185.11
316.22
468.22
507.15
735.41
166.49
230.91
222.18
553.04
669.61
599.91
169.62
318.09
493.87
174.78
159.12
196.63
563.95
230.55
771.03
407.69
779.89
706.1
377.18
492.83
552.12
149.1
41.05
677.21
321.97
364.48
74.66
263.79
490.95
105.97
651.96
113.69
68.95
585.99
636.3
729.91
422.39
263
10.26
68.74
281.57
168.02
590.37
88.02
734.02
689.93
174.42
17.33
169.04
555.04
662.85
520.28
339.76
83.93
466.85
471.22
526.45
627.86
272.38
778.13
416.96
616.28
259.12
508.47
453.47
585.08
362.56
352.22
463.7
714.89
306.26
573.57
197.75
598.68
277.45
257.13
517.35
560.71
13.34
299.07
731.22
709.82
22.26
375.3
648.83
639.83
142.03
209.06
456.24
736.44
31.98
210.48
587.69
187.47
345.66
237.42
553.99
435.73
732.46
713.77
755.97
577.25
154.52
473.31
240.53
479.54
246.16
609.26
215.33
697.03
466.72
581.84
230.92
166.18
233.45
597.8
385.11
758.42
61.32
592.02
759.78
736.99
581.91
722.95
44.4
134.08
272.57
135.53
335.75
627.2
399.5
623.7
275.28
491.55
504.78
448.76
367.1
663.79
615.78
327.36
721.37
490.98
236.57
41.5
0.74
27.26
786.67
189.66
53.78
148.79
264.98
447.73
750.47
644.61
712.62
221.36
625.1
220.97
486.45
60.67
786.36
110.08
664.98
469.88
273.94
566.2
338.32
670.34
395.08
605.83
629.67
350.68
443.39
716.33
760.77
38.29
268.87
171.29
446.27
430.86
2.91
114.88
642.24
694.78
169.55
71.43
142.27
661.39
128.79
30.84
494.72
645.24
583.32
484.57
31.31
696.5
699.34
607.61
383.39
185.14
316.91
51.8
384.66
692.83
469.42
278.6
382.31
258.92
97.9
206.96
291.88
479.91
539.44
411.92
165.17
657.85
164.2
214.17
6.53
576.22
139.61
437.32
112.63
416.62
605.53
706.35
295.56
450.66
327.35
75.29
566.63
371.13
695.69
122.88
790.74
606.07
271.37
26.16
314.79
346.21
558.62
99.91
676.85
478.58
292.08
195.49
154.57
13.29
57.13
200.35
86.58
78.21
481.25
756.22
748.13
553.62
527.83
13.94
403.31
204.43
94.21
531.86
51.94
702.96
699.44
401.19
697.41
187.23
390.99
2.91
150.83
711.45
776.62
110.13
63.57
392.13
208.6
656.5
61.92
254.27
751.23
725.95
35.01
589.46
192.01
366.01
327.59
648.92
92.55
544.91
332.86
81.76
494.03
192.74
553.41
414.23
162.24
140.99
308.44
402.21
121.78
708.52
605.22
681.96
571.13
628.93
167.93
221.29
459.19
629.38
675.57
9.17
68.23
297.59
700.74
237.55
554.52
579.44
291.73
19.58
2.17
428.04
217.87
162.88
746.73
50.43
627.73
288.88
636.01
797.93
473.77
110.41
195.54
715.12
190.08
362.03
551.45
672.01
652.34
318.3
404.4
561.93
268.06
39.23
74.55
423.72
799.45
693.91
260.39
232.52
308.67
621.05
469.24
441.48
343.96
193.64
82.24
153.97
193.38
475.52
91.36
72.08
126.85
733.05
287.79
160.49
153.71
103.78
574.38
99.41
658.09
611.59
43.2
586.99
161.52
232.31
107.22
510.11
240.44
451.48
675.19
266.74
197.44
43.64
429.78
752.97
276.74
120.67
59.52
235.04
572.96
49.62
241.48
175.4
165.68
286.89
21.81
41.63
80.02
99.91
160.73
316.1
682.69
244.33
265.64
35.88
346.64
470.37
79.59
443.12
514.96
677.19
474.04
370.86
446.4
727
127.94
537.04
610.8
681.75
430.76
619.48
100.68
197.27
635.08
20.69
760.95
359.23
636.4
288.76
681.73
785.83
23.41
492.79
376.48
466.28
357.13
651.3
15.25
266.06
737.72
496.89
736.42
603.39
780.05
136.27
265.49
595.74
769.06
57.56
742.81
4.3
413.38
299.18
94.94
722.34
120.44
754.53
91.48
697
90.87
63.71
652.33
367.56
298.48
273.93
73.54
179.43
675.03
421.9
743.3
183.75
663.91
535.23
52.5
101.81
563.71
222
794.34
9.64
479.82
454.72
324.79
404.03
553.94
135.3
793.58
678.24
336.31
279.56
510.98
303.7
536.67
657.23
585.15
342.1
650.66
53.08
200.41
604.09
521.09
439.9
488.16
91.87
420.82
426.22
26.89
408.47
299.65
107.82
57.26
620.26
269.66
375.74
754.79
319.1
559.99
207.51
459.35
676.59
11.76
459.01
461.71
455.4
616.14
608.58
320.81
113.34
460.75
388.02
641.89
500.31
733.05
132.65
190.69
563.21
508.65
711.1
13.39
16.08
151.68
661.35
511.58
144.79
464.03
319.74
213.99
685.67
251.92
531.31
699.24
395.05
615.75
591.12
658.36
742.43
487.93
248.12
77.93
598.45
9.16
632.04
651.05
141.5
650.51
129.45
372.53
457.61
263.4
154.04
306.54
449.5
341.61
89.8
112.02
123.24
209.04
480.65
728.23
436.08
530.14
373.15
385.46
220.03
153.11
265.21
680.86
357.5
710.37
754.53
202.06
413.27
361.81
570.58
383.88
297.27
483.47
497.85
423.36
685.35
345.48
239.44
430.66
320.3
580.89
105.61
188.41
93.42
54.18
582.73
371.14
319.96
132.28
58.34
326.41
303.6
83.21
551.54
176.65
292.94
703.67
690.2
636.03
689.13
54.47
455.66
737.45
744.82
261.38
130.54
683.38
52.35
363.97
453.54
424.34
575.8
179.46
453.27
681.42
73.25
575.38
7.91
678.26
439.1
652.98
33.18
415.14
158.35
799.89
72.62
589.44
749.13
645.2
614.51
114.64
689.44
163.2
517
565.1
105.33
663.66
793.59
443.57
599.74
406.53
387.99
532.06
159.48
317.96
146.74
693.46
352.82
770.71
381.71
452.7
87.33
594.2
473.21
24.9
602.05
164.08
643.66
12.22
711.97
228.86
158.21
790.33
795.44
383.15
713.08
81.8
786.71
262.89
50.37
691.51
266.8
381.24
330.85
528.45
764.68
460.52
530.85
131.4
369.22
730.99
790.97
199.38
233.95
737.87
22.51
669.69
590.34
380.27
468.25
143.17
238.95
31.14
117.45
399.61
632.92
291.35
522.3
718.61
675.27
304.66
769.25
233.14
79.45
114.09
582.6
580.62
699.59
151.36
643.33
406.47
124.89
62.5
561.72
63.37
507.52
766.51
327.82
648.66
532.52
248.6
257.38
271.3
152.44
417.67
772.68
421.52
2.99
527.03
306.1
313.22
704.17
478.65
571.91
425.05
584.04
159.09
361.14
622.57
184.87
592.28
553.11
327.89
130.53
374.64
68.58
508.49
368.34
351.17
690.13
720.22
767.3
9.52
751.97
331.23
619.09
624.35
633.78
712.97
691.94
1.93
691.7
227.69
143.15
296.06
486.78
322.84
611.18
595.97
393.7
788.49
226.27
240.46
422.18
134.44
125.3
575.24
693.54
106.11
231.3
161.53
663.32
247.33
566.38
433.34
206.48
273.34
727.66
575.56
322.32
238.16
361.64
608.9
610.85
778.85
254.89
268.28
614.47
388.64
295.96
609.8
464.36
57.98
327.71
275.64
408.43
659.04
695.46
659.88
787.08
313.96
228.83
427.54
722.49
705.06
143.43
735.41
619.96
412.54
254.16
745.42
246.62
665.7
281.32
72.27
134.67
658.83
88.99
495.57
24.26
191.55
523.88
128.99
464.39
726.24
507.12
55.54
126.99
183.71
738.76
406.55
355.44
134.9
511.29
224.95
594.93
716.2
490.1
293.12
75.58
187.19
585.39
353.21
308.76
797.09
251.71
46.41
228.46
383.19
114.62
438.1
169.2
448.93
357.44
635.67
204.2
525.01
637.34
380.19
408.66
783.88
676.64
98.03
335.7
378.73
224.04
737.77
487.5
149.95
372.84
366.66
373.23
189.35
152.38
465.35
788.97
597.32
17.53
77.48
281.34
118.53
265.41
789.37
668.76
306.87
128.27
364.91
154.33
503.84
16.37
590.81
531.57
182.75
432.7
231.59
261.76
396.53
504.1
709.43
683.52
484.93
599.06
537.36
383.41
678.91
662.05
66.83
480.68
713.82
16.94
703.6
731.81
687.09
301.68
551.46
135.82
464.47
765.91
156.99
166.63
538.69
119.67
303.47
312.08
57.91
422.97
178.8
689.24
210.85
685.41
101.52
711.39
250.38
790.46
199.05
15.38
661.53
532.86
25.67
579.58
612.89
142.79
386.61
723.94
699.16
442.3
521.66
381.94
468.27
289.38
148.15
506.94
227.57
616.14
410.3
723.04
143.99
581.58
309.56
434.75
663.09
134.92
207.94
486.19
638.25
49.77
680.33
50.91
561.61
338.4
240.67
384.72
393.6
328.86
232.13
143.43
467.18
559.78
258.15
647.5
82.43
560.72
662.5
1.47
575.95
541.2
201.64
796.19
522.08
17.31
445.31
6.59
445.06
766.68
156.6
294.25
469.46
162.48
180.97
374.65
750.25
774.89
589.15
701.44
472.77
328.11
606.81
300.47
7.12
616.17
452.35
47.59
414.45
534.09
110.65
93.65
729.51
527.02
483.3
465.7
559.24
635.05
66.73
491.46
338.29
267.09
512.46
199.61
175.12
692.36
491.34
81.41
375.41
125.68
457.52
633.72
429.77
574.24
405.2
605.69
634.54
667.68
37.13
217.2
328.79
561.09
541.97
28.13
439.5
170.88
342.08
593.82
569.78
138.93
593.75
530.84
368.63
65.66
318.47
671.64
697.66
594.45
615.78
760.18
7.52
116.94
185.31
692.06
298.27
638.77
224.64
556.6
168.83
341.89
176.06
112.36
746.64
512.87
641.72
731.45
565.15
161.35
297.44
338.07
325.91
353.56
594.24
482.18
574.02
203.25
174.54
282.08
441.17
220.19
539.25
403.28
255.94
776.31
140.7
747.93
625.73
83.53
428.83
236.86
578.43
263.7
532.7
359.25
712.14
639.03
445.97
670.33
447.49
75.12
192.07
170.72
182.7
364.84
456.83
233.82
395.34
243.98
153.72
439.14
792.04
318.73
730.45
27.37
138.48
152.87
12.44
219.09
758.32
182.68
203.59
50.91
239.54
682.71
175.75
769.11
143.1
538.18
548.18
260.95
297.95
530.39
237.08
227.72
704.12
460.73
189.68
652.79
345.58
788.01
98.36
113.53
737.19
305.74
95.77
443.83
582.94
764.4
269.17
10.18
317.49
632.24
511.85
574.92
404.68
420.86
555.61
109.93
176.7
309.48
512.62
127.73
744
244.18
648.81
643.94
670.46
188.67
564.28
368.35
375.43
670.11
761.8
551.05
97.3
11.87
463.72
688.99
308.32
32.27
708.67
714.36
690.47
395.53
387.33
534.74
492.56
648.44
612.09
618.38
733.98
614.59
235.17
660.95
648.87
637.34
764.91
257.05
312.35
31.05
252.59
408.97
607.91
460.88
453.9
136.17
273.69
520.21
162.39
330.31
126.46
72.62
557.02
370.74
317.23
367.31
537.02
401.99
112.77
524.84
467.47
35.96
402.53
773.6
111.69
651.7
776.03
329.3
450.86
3.23
699.98
785.97
528.11
327.29
759.89
681.05
119.38
10.39
350.32
502.76
720.88
689.4
670.11
678.4
302.26
163.04
446.05
176.31
304.15
737.4
545.71
437.15
195.26
452.23
394.26
14.24
12.99
510.07
604.32
168.56
689.82
313.74
794.13
192
563.59
320.01
505.3
459.85
0.38
241.56
337.62
641.66
647.5
673.99
28.32
597.67
243.17
535.88
501.78
700.41
558.69
155.53
712.48
295.03
387.46
22.28
568.81
599.85
77.87
45.16
797.38
277.63
287.57
326.39
223.04
96.86
527.87
96.26
92.81
70.76
25.75
342.84
184.65
393.36
484.76
421.15
280.85
416.11
720.12
125.79
423.74
30.68
211.66
514.32
632.19
780.43
795.33
183.98
188.24
749.44
311.11
144.89
510.41
34.53
330.71
629.77
155.79
276.34
569.3
65.87
616.84
211.18
782.59
621.93
756.77
557.72
770.06
796.78
379.33
375.52
560.2
211.14
269.92
217.5
697.54
72.86
217.49
236.81
83.21
650.64
530.07
608.26
187.5
661.13
320.06
119.98
259.96
788.75
265.65
278.99
619.33
566.41
560.68
178.95
775.24
154.87
196.69
329.62
56.89
569.77
593.24
440.32
134.92
76.43
267.52
614.93
513.16
349.61
12.33
17.57
486.47
579.14
164.69
593.38
569
413.67
242.99
756.66
706.97
17.93
475.1
566.84
681.1
381.02
76.42
229.05
309.31
186.54
511.53
714.97
668.82
524.82
469.46
662.9
457.24
354.81
294.62
302.46
761.68
520.6
727.72
788.16
249.03
289.5
152.21
31.53
223.44
31.5
498.68
289.74
551.41
200.2
568.9
489.08
646.01
134.04
28.82
193.77
459.3
720.92
485.53
110.79
167.86
585.48
607.31
607.2
212.24
215.73
39.1
94.75
217.83
68.3
48.2
206.28
274.91
243.76
671.48
798.08
276.04
775.91
349.75
4.84
645.86
148.05
508.46
536.89
442.03
497.99
409.55
335.7
130.8
592.16
124.43
420.51
136.94
468.99
693.16
700.33
792.22
124.89
629.97
483.16
342.61
27.9
518.16
59.03
707.8
765.74
115.31
480.14
36.92
730.75
445.84
154.36
387.88
251.93
416.26
314.23
391.37
517.59
468.82
328.86
315.02
641.35
34.41
172.72
560.6
107.84
379.96
511.31
726.16
596.14
329.6
573.5
462.85
757.72
463.5
432.56
228.17
62.63
217.19
227.34
718.39
681.12
599.78
184.21
420.99
522.22
565.81
358.02
641.45
512.51
767.06
122.8
300.59
168.4
18.46
50.28
178.84
33.13
550.52
60.03
593.69
178.59
452.51
793.57
7.4
258.24
97.74
434.59
342.57
438.2
194.3
648.54
372.82
778.2
790.2
409.1
464.8
729.05
185.61
651.82
737.11
643.65
345.8
33.42
118.82
612.27
752.4
403.49
404.12
467.25
755.58
227.46
440.85
664.77
564.42
441.73
738.96
727.82
754.37
693.81
595.13
695.71
707.7
356.83
620.88
373.64
456.03
254.58
678.84
24.33
644.57
735.84
612.12
737.04
418.54
267.75
691.92
669.39
124.74
604.03
510.59
732.46
701.77
156.09
274.73
275.31
752.77
588.71
686.31
171.28
432.89
24.22
330.25
116.78
130.76
722.96
395.7
7.31
126.88
655.66
217.81
735.09
37.46
760.86
83.87
264.49
359.59
747.19
243.78
787.71
97.05
47.15
546.35
552.55
576.39
86.21
585.46
314.27
512.22
202.53
504.84
170.65
478.18
303.27
734.12
220.96
625.34
775.76
431.33
423.72
287.75
406.97
594.69
227.13
461.51
281.31
259.45
101.16
545.54
105.75
550.01
242.1
470.15
762.29
156.28
431.25
575.57
95.53
54.84
493.28
745.82
527.21
49.23
334.62
238.69
670.12
642.2
567.73
488.74
512.82
67.28
570.42
224.12
742.63
227.69
167.96
335.81
53.15
293.54
249.57
653.48
469.01
665.66
444.29
579.68
799.04
636.44
141.32
519.52
793.03
307.46
506.47
323.77
114.19
769.33
351.13
94.91
13.46
62.33
257.11
565.13
572.42
653.14
318.49
363.08
546.79
545.92
386.28
475.68
581.65
629.11
312.05
515.27
510.4
675.29
606.63
43.12
537.93
268.66
794.18
86.28
392.64
685.47
726.97
778.53
702.32
210.1
641.81
688.17
407.21
353.42
292.07
126.56
23.98
588.81
90.05
609.71
357.3
202.88
526.47
745.72
200.1
678.79
255.96
97.62
110.12
419.35
107.22
653.47
401.58
676.8
159.61
253.91
736.71
635.12
95.16
351.6
380.43
356.05
278.94
105.85
423.59
161.17
221.41
23.39
622.16
350.83
585.73
509.93
13.87
412.78
773.04
487.41
662.62
147.74
733.53
444.78
645.48
328.49
233.26
160.81
744.03
105.25
357.65
286.17
553.4
431.62
352.45
412.96
94.29
446.57
407.98
712.31
475.31
301.34
228.53
429.26
146.47
663.13
422.88
425.66
24.54
711.25
368.21
11.8
59.95
756.92
53.01
360.89
456.83
462.91
184.37
346.07
364.63
412.24
577.39
367.98
404.17
746.65
372.89
564.32
667.24
31.13
237.23
139.98
49.06
135.22
497.77
476.76
190.86
632.28
396.3
505.34
392.94
102.56
188.89
759.41
176.99
435.6
431.88
510.02
253.96
378.36
658.66
238.45
149.66
43.67
101.04
533.86
66.77
668.18
592.37
106.19
785.83
179.59
67.63
5.8
321.93
481.06
688.64
42.07
556.89
197.95
317.65
677.43
614.67
578.72
636.19
48.39
250.73
485.05
379.66
236.89
752.69
756.6
457.84
448.05
568.43
103.77
701.88
698.85
663.59
8.86
434.7
329.05
414.77
771.74
153.82
652.95
462.78
275.64
1.49
315.46
640.34
512.67
462.87
115.15
67.86
699.96
659.95
540.07
620.65
215.39
57.11
400.65
75.03
388.66
560.95
659.98
302.05
58.12
203.83
315.58
151.53
32.05
719.94
525.31
585.45
480.77
54.91
440.88
796.64
399.72
637.77
176.44
413.13
536.94
355.51
94.19
476.74
243.85
707.67
299.34
743.72
322.1
120.83
369.92
316.97
324.06
491.29
711.94
65.59
390.76
776.04
83.67
402.27
243.55
580.7
392.21
88.71
411.49
46.28
0.5
654.28
521.27
28.79
656.52
760.09
462.77
11.78
3.56
669.16
56.05
337.37
267.93
316.96
741.29
204.87
325.81
689.63
633.15
237.33
786.49
315.1
383.14
270.65
289.5
258.42
403.17
133.53
221.57
358.48
620.63
423
223.4
187.07
663.43
729.92
28.82
407.45
496.83
438.37
200.74
400.17
757.47
245.36
551.65
343.01
660.46
725.13
629.18
270.9
772.33
379.26
255.75
497.41
758.78
168.76
733.51
304.29
11.43
540.13
353.86
259.53
706.54
270.37
280.86
565.8
352.3
173.53
615.07
214.49
493.02
239.08
606.67
128.35
37.78
413.93
795.31
304.98
121.58
621.98
381
607.16
715.65
790
646.21
519.8
201.99
730.33
132.62
164.69
109.69
429.03
640.22
707.65
485.28
487.9
203.5
751.99
175.89
605.65
511.55
170.64
134.25
725.05
376.62
372.9
556.5
275.88
662.6
657.96
279.72
590.53
539.92
595.53
319.75
39.42
435.52
253.36
796.14
654.63
247.94
151.56
177.54
668.08
102.37
620.25
147.22
58.51
303.63
649.01
478.61
435.83
483.81
698.34
583.5
672.4
333.01
216.59
563.23
281.12
493.7
733.05
65.34
218.72
713.56
164.17
384.7
381.78
672.57
221.34
658.91
133.27
358.21
219.1
78.41
316.34
1.84
316.2
575.79
584.38
733.75
170.42
343.57
330.93
478.61
599.03
428.58
332.57
298.9
608.21
360.9
445.87
220.51
668.72
674.33
704.15
5.94
203.12
99.49
681.61
551.6
256.62
339.18
311.85
139.72
93.04
636.32
665.73
94.32
108.51
469.22
102.56
285.08
508.21
289.15
158.03
26.19
401.3
523.83
280.77
242.18
639.29
49.05
235.72
731.79
579.81
24.98
276.6
690.17
656.58
181.88
557.5
632.87
0.56
394.83
549.27
195.72
126.86
642.22
630.04
518.72
516.27
275.35
750.03
163.83
78.59
307.46
682.58
224.61
44.33
691.96
262.4
369.2
629.81
66.68
513.32
82.6
628.45
460.62
429.34
595.39
477.6
88.16
465.77
227.2
151.9
540.75
378.05
674.93
478.27
185.54
247.91
458.89
737.58
463.52
451.15
625.47
676.06
394.19
140.1
30.72
720.23
534.93
203.43
311.76
306.41
112.94
559.38
330.73
379.2
718.21
554.12
586.56
102.9
134.37
69.83
101.84
119.25
242.25
604.27
736.95
145.96
717.84
102.89
148.33
688.56
264.16
249.03
10.42
756.78
462.74
42.47
543.19
1.22
316.6
325.36
231.65
250.95
720.27
357.72
3.54
245.17
653.28
31.84
671.79
579.9
638.54
471.14
543.81
165.66
127.53
698.9
424.81
536.96
363.96
446.09
292.78
618.37
797.9
780.2
447.95
105.09
601.73
131.21
767.68
554.32
634.75
84.25
257.31
481.36
131.05
318.32
602.15
280.5
687.1
153.01
756.34
466.96
548.33
548.08
185.94
434.04
162.56
347.77
228.81
218.48
30.85
678.71
270.02
106.33
563.93
677.61
744.25
362.13
339.72
233.98
749.83
558.16
253.09
48.74
297.41
142.85
658.64
50.58
34.04
210.46
493.48
639.97
98.21
65.57
780.4
331.93
95.21
401.24
484.49
505.48
299.76
659.34
524.6
445.8
224.04
383.38
73.29
410.2
671.17
74.24
691.99
150.07
412.53
726.18
517.49
370.47
190.99
123.68
221.96
294.94
790.17
223.19
422
651.42
9.92
449.71
188.15
634.73
83.28
212.89
276.93
74.63
391.74
350.28
662.19
653.07
291.57
382.81
482.87
32.64
422.1
694.86
532.38
795.76
482.26
192.66
441.53
68.78
250.53
207.59
313.91
516.96
640.94
414.19
109.19
75.84
786.05
419.79
634.77
56.93
254.97
520.93
772.17
166.54
55.64
671.68
240.84
175.92
39.53
127.91
17.17
446.05
550.94
76.35
479.37
378.13
657.63
719.54
773.34
56.78
553.54
467.62
528.33
671.57
201.15
369.23
621.69
666.51
326.51
401.3
407.68
89.19
125.53
529.29
531.45
66.42
375.98
761.63
683.71
68.77
80.03
323.53
679.51
555.28
105.83
408.35
408.12
52.97
175.45
683.95
762.9
293.73
52.18
0.88
547.22
636.39
612.08
652.34
609.59
631.66
305.8
635.98
388.66
398.67
326.71
59.92
275.55
393.49
57.38
321.51
265.03
768.9
284.05
777.01
674.89
251.99
704.54
457.1
70.66
136.93
144.34
701.3
773.05
739.28
140.16
128.87
482.48
4.64
662.95
633.24
673.25
164.99
338.07
786.9
119.88
657.76
287.14
50.74
259.49
20.35
575.79
270.3
613.47
593.95
127.33
733.83
405.05
713.92
436.57
214.32
550.63
605.81
770.36
450.58
164.65
45.56
444.72
519.61
521.3
726.21
684.35
209.64
730.92
662.5
403.15
246.06
264.2
209.59
581.26
12.21
596.3
458.26
446.85
521.34
661.63
600.17
34.26
162.63
776.95
446.24
105.95
612.83
98.71
798.98
717.39
94.63
33.84
612.6
442.56
782.23
602.22
389.38
467.72
237.64
294.33
44.36
564
229.05
233.47
346.45
90.68
187.58
546.48
536.94
254.46
69.73
249.48
737.9
166.27
46.25
394.28
685.68
421.72
435.16
61.44
204.91
520.98
136.05
204.88
469.56
793.55
661.4
208.38
469.56
237.68
469.28
168.93
761.66
391.36
473.06
727.02
62.3
761.7
748.64
767.78
417.77
547.88
21.69
420.11
546.69
557.64
373.79
107.86
495.88
237.88
443.03
677.16
136.66
799.15
68.39
764.91
278
216.07
65.75
314.65
93.95
79.69
160.33
725.92
279.86
348.07
19.64
561.31
475.22
8.67
402.66
186.12
293.28
5.28
661.98
210.89
769.23
530.38
341.3
76.25
317.75
572.96
555.07
587.38
567.85
134.78
133.94
413.59
128.81
123.99
222.62
82.72
46.08
626.97
131.98
391.44
16.65
450.35
138.55
19.13
177.47
584.94
361.52
1.95
428.13
293.14
594.2
211.8
558.5
493.37
371.82
608.09
768.26
571.89
339.35
149.02
157.98
459.78
151.27
192.12
429.75
164.22
145.24
560.12
623.63
36.18
676.05
668.06
190.38
264.38
487.84
26.88
209.52
582.16
13.42
58.16
175.67
355.53
563.25
465.67
157.19
399.95
562.18
258.48
85.42
556.66
346.48
576.47
240.12
40.71
579.11
273.69
313.74
703.06
381.72
69.46
181.51
615.81
790.12
23.47
354.92
315.01
765.91
449.65
366.61
682.71
380.9
128.36
109.19
59.47
754.84
224.79
160.48
437.2
287.56
704.15
389.01
211.3
381.34
422.39
755.25
392.51
527.11
325.95
38.65
112.63
540.45
295.49
198.68
626.56
305.39
384.72
780.89
356.36
52.5
116.22
456.17
68.22
742.67
763.41
60.47
594.99
255.79
73.55
141.73
493.03
203.78
19.35
247.45
4.5
176.43
181.12
464.81
227.69
49.54
34.26
55.03
553.72
456.04
48.63
228.39
374.95
216.7
594.13
560.66
448.41
714.41
269.16
714.25
11.79
63.81
144.57
718.33
353.82
160.31
292.62
351.97
447.09
674.07
186.71
568.12
717.51
416.27
589.76
208.29
771.66
266.75
384.32
475.76
600.37
791.41
139.77
588.88
427.04
300.89
219.46
248.49
641.75
753.33
166.17
465.17
559.02
324.93
34.47
739.98
498.01
217.52
528.11
666.07
24.5
483.68
424.5
183.33
339.41
349.23
116.04
629.78
774.44
650.49
403.54
99.87
61.75
15.99
94.17
225.97
511.08
736.76
477.06
12.84
787.91
590.56
266.81
381.43
211.6
263.36
224.93
408.48
543.36
90.85
790.31
519.68
550.36
547.45
234.66
186.11
336.42
204.04
283.94
275.15
241.25
469.71
684.76
275.32
400.62
160.87
648.61
485.78
521.1
323.86
339.04
520.5
71.12
145.62
623.32
3.77
510.73
226.45
307.04
149.48
48.35
219.35
457.9
417.48
212.37
127.44
365.32
721.62
180.32
383.67
695.2
105.05
375.06
660.13
375.7
14.35
352.59
635.95
132.4
619.95
421.84
550.92
362.87
435.12
146.1
558.34
323.18
20.19
401.83
352.66
49.06
261.41
730.88
1.91
184.3
696.94
699.34
685.42
303.35
561.09
583.78
360.4
728.19
609.92
159.33
217.31
740.03
269.7
636.22
189.83
465.76
313.43
437.81
506.85
784.56
175.48
632.87
711.61
780.58
211.85
379.82
90.2
85.4
395.38
459.83
149.57
746.34
747.51
368.25
206.14
590.94
258.71
9.34
333.8
130.82
392.77
726.14
125.54
513.89
537.46
378.7
142.01
308.73
178.52
590.85
62.06
403.56
249.96
49.28
543.41
772.08
544.61
342.43
661.89
779.09
189.53
400.91
100.17
229.29
246.96
271.55
355.21
424.81
138.35
530.85
137.83
737.53
691.84
347.59
708.06
67.04
794.82
499.48
608.11
645.88
268.88
78.15
217.35
594.23
184.33
501.82
163.98
151.82
267.62
217.5
384.86
246.21
24.15
507.87
712.99
523.82
422.19
771.06
42.09
93.95
319.74
471.44
111.8
50.42
60.56
504.96
189.23
506.35
319.72
555.42
697.52
444.51
441.16
526.95
224.79
122.12
390.64
291.94
438.23
334.46
76.83
36.22
69.47
398.84
771.03
16.04
226.71
712.29
364.84
508.32
38.17
405.21
312.69
513.93
359.79
553.53
70.11
551.33
176.6
537.7
614.99
339.31
376.91
99.1
466.89
133.16
55.59
99.09
187.5
370.18
359.07
481.47
776.37
723.17
19.33
41.5
111.82
125.5
236.83
600.57
22.08
191.8
87.15
25.7
249.89
96.6
649.63
331.76
239.69
715.25
464.66
510.42
644.67
348.61
613.43
740.35
707
377.22
421.67
465.04
124.27
212.93
733.36
309.45
492.31
786.5
487.68
511.65
348.13
647.44
380.83
709.56
155.33
66.11
121.2
370.21
56.83
0.03
634.1
486.64
743.7
435.3
424.32
736.36
435.67
347.26
500.11
242.48
636.45
691
397.34
555.45
194.51
36.91
421.99
454.67
326.21
752.82
228.79
758.35
656.52
62.56
138.6
470.97
241.63
238.98
128.71
111.21
733.28
326.93
481.09
355
473.88
282.65
203.83
703.88
296.05
655.37
376.6
34.35
96.68
690.33
615.23
201.34
117.64
240.8
354.52
756.39
656.09
336.72
434.29
500.44
278.77
404.64
162.05
254.87
575.55
480.19
446.32
789.8
686.62
37.48
766.69
732.74
193.25
366
643.04
632.32
690.93
293.6
236.48
769.29
592.9
116.72
23.79
343.17
64.12
262.99
415.95
475.26
700.25
90.75
766.86
727.29
739.3
494.94
655.25
238.14
18.79
307.43
419.36
395.76
688.47
2.63
365.91
710.07
587.73
174.68
573.87
94.9
285.85
42.6
555.26
672.65
516.93
43.18
270.01
660.83
13.59
530.39
167.71
159.62
732.95
729.82
234.95
646
199.43
137.23
746.54
750.87
720.01
80.14
322.68
45.2
701.79
129.11
563.13
795.8
662.26
221.19
146.97
344.24
347.81
271
313.68
571.36
132.89
781.83
139.59
180.75
352.88
782.68
583.15
347.67
297.61
382.29
158.91
317.23
256.53
279.56
772.11
61.45
418.85
396.58
747.35
541.4
746.33
139.44
417.42
607.68
321.34
440.94
769.17
649.79
460.76
247.53
679.48
556.86
798.59
632.3
468.91
423.35
332.43
506.38
782.02
400.4
559.4
66.72
573.92
782.75
786.59
784.61
275.94
729.65
799.91
163.56
107.01
137.77
184.61
575.97
137.97
776.82
253.68
515.08
557.57
367.68
645.44
570.32
333.6
107.56
745.15
287.45
372.47
156.87
21.48
443.13
48.8
551.57
724.8
719.92
190.18
536.98
105.15
217.1
545.62
64.41
434.46
45.67
747.12
113.02
86.81
292.83
662.14
381.48
222.71
33.97
695.79
726.15
698.45
9.85
623.17
501.28
726.41
780.6
100.93
22.61
445.85
700.5
584.11
193.86
56.54
75.22
388.34
489.43
551.57
453.46
555.73
628.06
271.62
256.26
144.2
471.63
82.24
211.62
186.66
706.54
587.44
66.24
204.57
201.75
498.88
356.21
649.37
142.75
604.01
389.89
434.47
591.27
615.92
154.63
313.8
228.06
465.09
438.98
704.59
1.92
247.62
770.38
726.47
274.25
386.11
406.61
227.52
645.69
773.02
540.98
132.69
398.64
563.61
628.45
513.09
473.23
443.34
295.58
751.82
668
558.48
5.35
285.12
300.8
630.59
376.76
513.1
250.39
594.45
416.48
466.11
99.42
626.8
786.34
614.27
146.03
268.56
652.1
480.59
90.59
383.53
598.67
507.95
44.74
57.21
681.01
403.57
82.25
104.53
720.22
274.79
598.77
634.55
397.64
31.22
610.56
656.09
55.43
179.72
754.18
317.96
515.57
19.01
87.26
201.46
376.61
446.45
651.81
254.87
348.2
348.95
40.05
587.8
17.73
421.78
352.51
232.33
116.19
271.98
18.71
593.38
605.46
371.37
267.03
508.84
201.95
597.93
140.18
52.52
166.96
420.86
136.92
269.19
233.66
533.14
731.44
521.37
526.03
258.86
761.22
199.24
690.16
393.34
738.96
438.5
686.43
146.92
247.51
638.07
1.86
483.93
67.19
6.16
728.04
479.32
511.16
530.3
459.04
108.45
486.87
345.29
285.33
39.13
134.62
543.58
203.49
753.26
205.87
601.27
397.9
254.34
474.5
415.26
489.08
445.32
373.73
599.96
762.24
461.53
7.81
291.59
751.54
53.17
752.64
617.11
503.77
205.22
145.34
278.94
765.62
403.24
76.81
99.95
176.32
331.41
605.8
785.38
711.76
7.99
157.68
108.67
234.89
196.95
499.71
438.5
297.79
620.74
445.85
157.99
406.1
606.56
240.25
42.08
51.08
546.93
692.36
108.37
320.76
322.24
796
659.69
116.74
635.76
302.32
668.31
48.85
274.53
12.46
50.15
468.78
25.6
291.06
345.77
689.66
87.65
149.37
362.91
482.35
779.4
90
791.89
333.29
107.94
326.3
266.11
511.55
294.58
543.48
182.44
270.24
127.85
395.53
172.59
725.19
797.36
250.09
80.91
399.48
48.94
472.32
368.57
29.96
645.25
547.9
199.69
331.06
403.02
98.23
429.37
464.45
310.48
692.4
156.6
199.41
632.21
595.19
411.09
204.32
344.23
303.53
556.91
424.55
623.65
232.86
108.86
548.75
554.23
41.06
32.5
99.35
725.75
13.03
708.77
121.79
168.51
792.52
136.59
57.19
59.83
501.22
101.55
236.44
556.92
161.35
566.74
126.76
638.06
165.14
737.95
3.84
443.43
333.27
626.17
698.9
229.45
718.87
600.66
500.53
244.19
438.77
285.53
162.72
63.53
431.95
611.96
598.68
302.91
572.85
610.89
743.13
64.16
546.59
32.34
356.84
137.86
526.33
444.24
186.67
660.68
171.21
225.63
408.44
193.44
613.39
31.18
798.87
741.34
724.61
389.14
690.93
767.82
629.38
670.28
152.8
645.45
471.26
477.48
173.9
718.58
666.86
273.97
539.42
793.13
69.69
370.37
416.87
436.23
368.21
114.47
86.21
607.46
394.48
425.18
193.76
429.64
555.1
657.55
29.01
336.66
263.74
597.6
366.78
45.26
671.04
468.6
286.78
26.11
521.61
450.09
218.97
216.86
297.2
299.98
635.62
525.19
493.25
629.72
363.99
64.3
614.56
583.46
161.79
203.29
115.32
512.18
516.79
141.39
166.15
247.9
710.53
374.17
9.4
369.99
575.23
664.37
536.53
432.7
676.36
458.38
546.9
444.91
599.56
353.73
535.66
311.65
52.81
594.78
33.87
533.87
242.56
22.73
781.76
64.05
206.76
49.41
234.99
489.31
778.59
641.69
541.12
775.17
320.97
665.45
321.52
217.96
7.78
655.59
454.32
157.11
645.66
712.36
44.22
156.02
110.59
0.23
370.55
241.45
257.73
172.5
340.7
134.98
201.52
110.93
628.22
103.33
765.17
797.93
51.98
49
705.57
175.84
656.46
9.19
194.59
182.74
667.33
572.95
589.08
497.54
720.62
751.81
684.24
704.3
668.99
463.98
189.4
311.07
466.89
349.6
55.33
18.05
650.38
755.78
639.12
153.31
201.89
787.62
679.41
358.47
748.77
555.75
53.72
756.19
316.08
384.5
107.22
465.87
170.48
308.83
607.43
297.74
392.76
152.86
607.11
539.13
415.53
399.67
140.5
380.22
115.21
102.88
727.57
647.14
456.3
778.22
44.41
660.09
262.8
590.97
649.11
698.5
385.77
727.31
642.43
539.34
5.65
680.72
643.72
41.11
623.04
70.81
51.09
485.98
629.88
68.85
706.44
87.58
667.64
617.16
88.27
696.78
352.26
721.23
573.77
327.45
148.58
403.63
557.74
476.01
395.91
55.09
6.7
117.03
201.37
418.6
284.58
718.63
728.79
106.95
611.47
679.48
523.41
630.22
112.41
721.16
561.15
557.65
36.44
22.15
510.89
381.97
640.19
451.42
300.04
468.63
447.89
711.09
607.13
262.86
366.89
567.31
361.09
768.61
640.14
776.83
283.01
662.8
301.19
449.78
222.62
480.12
552.64
224.41
642.24
58.18
460.31
295.73
385.89
195.86
539.52
13.07
461.89
338.86
274.48
256.55
287.83
460.1
432.53
329.56
553.73
228.79
770.6
136.74
564.43
711.95
210.78
792.8
306.1
1.5
598.82
248.62
201.27
736.62
659.27
336.11
177.34
371.22
619.47
627.83
690.61
656.29
614.58
694.83
269.1
492.54
485.43
694.72
436.67
218.33
596.41
655.75
735.56
530.43
756.84
4.85
173.47
187.1
84.1
527.18
165.33
405.03
433.23
691.34
451.56
639.35
532.57
687.93
45.41
166.32
271.09
483.45
410.14
650.28
153.06
377.41
585.42
605.99
196.39
97.63
721.91
739.48
185.42
149.78
37.08
467.28
253.06
503.28
93.91
684.27
494.28
280.67
114.72
367.07
292.99
606.32
595.69
438.84
59.85
603.27
99.61
384.92
251.85
225.21
320.09
260.46
53.04
781.97
66.56
87.35
714.13
398.26
771.95
500.57
644.22
473.88
498.67
511.25
452.14
572.93
237.71
258.19
18.34
476.9
437.94
50.48
192.48
519.43
202.34
523.15
130.87
12.78
666.84
326.43
394.22
178.51
36.49
357.52
247.15
684.72
63.22
742.71
621.59
137.11
662.46
724.87
158.98
74.75
439.02
468.34
104.2
688.97
255.25
656.5
477.4
672.27
639.42
682.78
766.49
263.9
80.84
726.23
482.56
507.64
435.27
93.05
766.45
673.43
112.48
108.1
334.72
790.15
656.76
519.81
487.61
229.85
605.86
778.73
452.33
250.38
362.62
296.62
103.11
210.41
686.61
44.24
456.76
341.49
560.35
313.27
792.68
307.1
695.45
515.14
349.42
323.5
401.21
611.27
379.08
207.81
679.46
2.41
334.09
745.76
582.74
427.04
569.41
409.39
55.71
467.92
596.34
137.61
700.11
103.87
421.63
121.74
778.24
190.34
681.17
433.71
566.59
213.34
523.86
119.62
34.39
594.19
46.19
680.72
756.72
583.25
279.17
765.03
10.35
224.82
176.9
546.66
795.83
81.29
430.62
797.21
72.28
353.78
542.08
444.18
250.54
684.79
693.22
77.06
3.5
208.9
3.06
702.52
94.48
661.36
560.83
617.01
414.26
472.82
716.37
719.27
570.21
739.88
58.86
443.75
195.37
521.9
771.29
755.92
48.09
754
280.24
204.58
443.83
197.9
274.59
396.54
606.54
114.23
340.53
468.98
744.85
28.16
694.37
652.25
322.93
83.16
731.6
710.12
259.67
181.01
538.35
178.05
512.33
16.59
749.33
384.92
354.95
5.44
431.26
561.32
632.32
622.16
139.07
678.9
98.28
678.86
120.23
111.75
417.1
584.77
59.41
606.78
344.73
100.01
631.11
366.97
237.9
66.79
84.13
432.33
314.57
219.94
768.1
341.32
464.44
170.54
53.62
264.85
562.32
622.7
417.04
82.53
167.91
625.58
654.9
273.86
649.55
2.41
20.57
561.58
555.75
276.1
323.22
415.9
511.19
440.66
706.07
186.14
584.66
26.56
400.06
457.32
231.08
434.03
570.66
434.58
202.4
651.28
592.88
704.33
508.68
260.82
333.27
799.82
548.72
135.56
281.39
197.44
450.1
373.78
491.59
764.47
775.5
432.85
627.07
115.46
408.38
562.42
510.23
365.27
187.53
146.22
212.98
87.51
306.51
420.26
287.93
258.48
632.02
105.06
736.53
646.88
118.55
397.4
312.24
444.28
188.58
120.63
401.08
175.72
789.49
448.67
199.67
402.61
639.49
299.53
678.24
398.38
627.71
730.76
375.76
512.92
115.49
306.42
764.37
37.97
113.19
387.47
84.69
190.02
754.53
704.85
462.71
288.78
341.97
765.52
539.79
277.91
399.55
609.32
95.81
521.52
456.25
764.82
440.65
234.08
83.37
686.46
110.85
579.63
766.11
551.54
513.72
371.31
272.85
602.8
480.7
480.02
285.37
770.06
541.59
631.62
142.8
701.23
68.57
134.74
325.76
441.96
381.58
570.56
449.54
42.12
695.68
538.79
167.18
741.35
558.31
47.66
793.61
789.81
715.83
305.69
121.33
702.38
303.62
267.43
191.53
647.98
545.79
529.67
268.37
56.41
479.45
310.37
372.69
108.94
464.06
156.72
613.68
763.19
161.97
395.31
123.83
515.84
455.19
262.55
763.75
146.13
41.3
408.79
668.53
496.24
554.41
480.2
644.63
534.91
391.85
370.96
234.61
580.66
506.19
150.55
64.8
694.1
400.93
574.99
267.03
58.09
654.4
651.25
145.59
343.81
175.87
779.43
194.67
760.72
755.63
204.76
658.23
352.94
569.36
716.34
720.29
786.71
790.36
54.34
609.93
240.09
608.13
703.29
523.62
16.9
479.1
316.75
351.23
129.81
533.65
767.24
368.29
379.07
188.45
604.65
641.98
152.89
150
350.8
34.48
674.93
481.44
117.13
330.71
293.03
154.19
267.65
743.03
567.66
798.04
431.08
439.16
84.34
146.29
527.99
439.63
263.26
292.35
540.45
254.95
654.68
700.19
373.45
683.13
645.25
28.52
554.68
286.13
558.24
653.67
650.87
90.27
58.03
55.05
603.62
542.7
304.43
174.54
628.22
302.65
328.06
105.42
463.97
348.83
283.99
144.85
96.07
766.51
219.23
142.28
433.38
537.61
572.57
373.82
684.33
127.03
499.53
2.08
6.29
44.15
274.85
539.41
613.02
659.26
124.36
44.32
794.49
760.76
779.15
788.85
45.89
169.76
435.82
158.62
380.3
459.69
306.94
588.31
136.8
345.22
287.08
79.37
297.85
270.95
748.83
772.08
528.97
551.53
679.63
705.06
279.95
667.99
592.21
167.77
200.01
564.23
441.22
754.39
9.05
8.79
273.45
696.05
168.9
558.33
217.91
156.93
454.88
422.48
566.74
430.99
424.28
501.89
213.91
401.03
711.26
671.92
391.25
90.91
765.2
169.57
505.79
486.32
723.78
240.64
519.97
290.21
228.6
360.78
117.64
231.83
693.85
737.96
671.78
233.81
142.4
728.4
484.11
791.73
35.97
491.61
490.65
5.62
570.16
188.88
555.65
705.86
476.33
102.63
576.96
355.1
524.72
781.31
670.79
495.74
456.46
607.04
253.9
117
707.95
163.85
542.32
31.17
685.95
609.1
581.83
719.89
190.08
161.06
722.2
641.34
395.74
374.22
202.6
7.68
404.06
266.89
528.52
141.36
241.06
254.2
111.51
69.19
100.5
28.46
228.6
88.36
582.22
472.39
416.58
758.4
508.74
298.45
588.39
510.01
471.75
546.73
598.8
0.32
86.55
490.63
152.17
147.39
137.66
366.25
69.9
316.34
474.13
347.01
244.04
611.61
545.34
174.8
406.81
665.27
456.15
172.68
639.09
791.94
22.95
562.64
742.26
502.33
156.23
158.07
582.77
569
230.12
686.4
173.94
392.82
740.83
473.53
499.41
650.97
701.6
666.77
412.84
619.54
413.36
20.61
781.89
594.12
225.18
377.9
345.24
182.95
616.9
573.99
227.59
345.32
549.09
547.52
644.97
680.06
418.18
467.78
79.51
657.32
632.51
780.33
4.56
754.27
588.33
182.9
538.43
208.95
202.99
24.36
709.16
6.53
610.95
783.79
493.11
628.61
688.57
330.29
189.45
246.12
348.12
323.03
619.36
217.45
367.47
304.65
430.53
158.94
655.8
750.29
239.53
333.62
41.88
513.84
599.59
580.49
750.52
765.9
524.79
577.89
750.17
298.51
291.53
202.14
661.2
131.89
616.38
388.94
241.41
787.3
457.56
662.96
152.34
584.27
339.19
748.39
361.44
347.51
720.17
633.12
28.19
569.82
448.52
221.01
612.74
614.09
390.78
661.71
108.21
424.41
747.16
767.22
490.52
385.86
226.85
257.69
307.68
565.19
609.29
781.09
664.34
24.01
82.62
523.79
29.25
249.13
497.66
554.73
713.16
262.33
295.81
565.11
99.6
408.1
278.08
622.81
321.46
784.21
47.24
555.85
678.02
551.27
53.43
396.83
663.73
319.22
557.7
185.07
649.79
0.12
595.19
454.18
313.04
56.9
406.52
705.53
565.2
236.34
412.1
0.88
381.51
546.29
281.32
700.42
23.47
322.92
259
676.04
375.5
263.29
684.35
533.7
183.14
620.61
129.18
772.43
521.4
781.09
162.71
311.79
52.36
772.65
553.29
102.71
782.15
380.84
790.02
793.9
417.46
663.6
222.74
33.87
442.05
119.65
160.77
272.96
315.82
41.2
400.06
324.11
596.55
739.34
302.19
328.19
766.87
775.83
167.22
574.76
708.01
744.45
511.2
25.16
75.46
303.39
211.03
588.68
124.06
215.09
660.84
157.2
756.04
532.18
633.65
758.43
782.71
113.6
159.21
362.63
419.24
31.8
228.29
138.52
399.71
527.83
95.91
133.17
264.73
155.21
774.43
648.98
587.35
60.68
337.13
615.23
791.74
657.69
84.27
498.27
174.38
691.1
243.59
155.95
683.45
292.82
539.69
241.63
509.09
789.08
121.11
541.71
233.11
32.23
587.63
638.86
632.46
509.4
0.68
723.83
540.33
379.75
59.21
581.83
556.26
500.52
379.28
468.94
38.14
49.2
110.68
328.44
497.27
599.68
392.86
317.7
693.61
92.18
313.42
256.66
408.88
489.62
334.75
361.23
352.82
756.05
511.67
510.08
568.49
587.81
796.78
168.38
15.21
413.54
776.93
188.51
775.16
206.22
240.93
90.11
572.59
301.29
255.06
666.7
274.05
585.62
180.77
306.63
344.37
396.89
398.79
187.65
231.65
133.33
402.13
51.21
591.3
338.89
95.18
517.07
33.42
22.52
532.44
633
104.54
255.43
738.4
118.98
339.74
674.31
622.1
703.8
365.09
275.39
123.64
386.53
738.02
106.71
591.15
230.82
470.91
434.31
272.39
444.89
397.37
129.92
655.68
673.79
215.35
95.94
613.62
754.45
187.35
246.19
280.72
451.48
84.39
3.66
430.26
708.78
165.91
98.15
171.01
161.23
643.94
650.26
220.82
683.91
557.8
340.06
537.83
495.08
773.97
441.57
725.61
328.8
566.92
230.32
452.37
693.28
409.55
607.77
116.89
266.13
494.68
698.87
329.36
307.02
249.62
648.98
255.09
92.95
590.82
660.12
21.07
131.25
514.36
487.19
186.16
407.82
255.74
764.89
184.86
25.77
93.89
7.17
51.24
690.06
38.08
730.55
324.6
30.69
207.67
43.14
298.79
10.9
332.9
609.58
748.33
768.84
620.4
117.72
656.56
159.41
494.95
627.87
674.51
272.93
513.18
385.27
219.75
606.02
370.91
652.9
270.68
675.13
30.16
723.09
98.56
215.54
617.33
123.52
120.33
549.53
300.62
13.46
636.8
699.74
217.84
539.27
378.79
438.42
92.34
567.49
271.53
444.3
29.16
668.65
37.06
133.73
192.38
236.29
76.7
362.11
66.38
708.56
736.14
749.18
502.37
291.97
507.01
710.79
150.51
422.59
745.39
718.26
1.42
673.31
488.63
209.78
512.33
98.56
187.3
197.08
103.21
480.43
664.73
709.73
649.84
348.38
437.65
683.23
120.54
618.21
104.92
137.7
706.22
242.74
210.98
798.89
739.56
409.53
425.23
360.79
745.5
137.75
82.75
128.87
785.24
730.44
158.73
112.25
756.6
159.66
339.94
243.75
768.49
144.79
570.99
54.03
251.97
90.55
615.81
241.22
10.58
530.78
71.62
483.63
711
677.34
526.1
605.41
415.91
490.11
393.26
116.04
654.32
769.32
659.83
130.41
15.42
304.34
700.08
588.18
362.79
270.97
430.43
464.23
506.85
327.93
570.52
261.65
95.32
23.68
677.27
42.83
142.77
573.68
108.72
10.18
234.09
289.92
145.76
169.34
551.26
242.37
517.93
256.76
766.07
489.49
523.14
9.83
99.55
511.9
330.27
794.27
367.68
466.17
477.4
356.41
79.13
791.64
3.78
337.36
138.52
164.69
286.96
116.02
22.44
742.48
87.9
511.35
618.02
676.57
581.17
117.61
69.13
539.95
200.38
501.09
492.35
157.11
1.35
376.5
376.57
225.36
103.26
145.15
48.11
570.76
420.96
621.21
402.65
547.92
410.85
282.23
202.88
664.82
397.15
222.31
653.9
632.26
517.87
710.28
785.41
611.25
138.87
253.91
555.48
157.93
626.66
608.5
684.63
348.5
285.3
393.05
478.59
153.42
774.65
195.8
268.87
381.21
608.66
502.74
309.77
771.77
20.42
24.38
170.47
585.15
309.19
404.82
179.48
266.33
11.89
493.24
378.61
398.71
391.65
406.98
662.05
362.32
456.62
684.18
604.8
30.39
384.31
468.83
189.21
695
559.3
695.97
273.18
295.15
163.47
64.7
138.05
572.16
183.46
717.29
702.02
562.21
347.72
116.33
498.77
324.74
528.27
545.68
608.53
496.95
278.72
743.05
777.57
775.63
711.17
439.58
778.29
301.71
186.56
366.62
397.83
222.98
723.85
627.18
537.36
128.36
642.76
602.94
257.9
445.54
51.25
211.49
70.7
493.09
151.07
236.45
776.75
283.53
737.74
393.61
706.86
754.23
44.73
617.81
492.5
647.3
766.44
606.46
379.43
305.72
361.65
98.89
61.32
25.55
486.88
753.38
386.94
204.16
475.24
319.96
157.13
216.94
410.4
765.98
677.21
626.11
418.19
334.9
16.09
563.26
77.94
482.65
311.06
715.68
461.84
745.34
570.49
99.19
12.64
638.72
767.26
229.16
768.8
505.22
760.61
193.17
13.61
221.48
521.8
720.35
722.67
647.49
670.81
109.78
512.17
277.03
239.02
136.01
274.02
710.73
363.08
627.11
63.12
639.96
263.1
238.08
730.76
411.32
656.22
367.9
237.55
151.62
342.6
246.08
526.52
477.71
599.87
794.78
694.18
627.75
248.23
14.95
662.23
532.15
732.08
725.22
717.91
539.74
779.54
193.85
696.42
443.31
318.6
93.76
687.44
56.86
566.18
468.25
1.75
654.09
670.64
459.93
226.8
693.75
150.2
169.52
0.98
190.72
470.02
465.85
570.39
445.46
544.75
263.3
118.88
659.44
549.36
277.08
12.86
579.73
519.61
588.61
412.25
351.3
715.87
559.97
745.66
60.56
748.15
392.44
186.25
257.22
758.69
127.3
221.99
295.01
748.26
783.3
111.75
338.55
626.62
455.82
62.57
393.64
563.08
246.53
760.24
728.69
674
698.21
347.68
245.16
100.54
672.5
383.03
101
209.41
589.47
253.23
126.69
621.22
518.89
161.62
786.94
328.23
244.75
424.43
587.53
189.12
326.08
364.95
153.6
510.01
434.84
620.17
566.59
69.16
707.68
191.71
559.73
480.37
165.06
778.14
629.53
317.12
745.92
148.11
71.08
88.14
296.38
569.53
41.37
595.84
283.11
117.07
664
38.06
61.53
315.44
83.98
306.42
193.45
412.52
303.48
237.11
577.42
366.24
523.49
63.22
558.45
410.46
681.39
689.32
381.1
22.86
266.94
327.62
289.93
168.67
496.22
555.68
636.7
151.58
351.75
228.55
361.29
383.37
181.92
689.62
793.23
91.01
9.92
267.25
494.28
475.81
427.33
164.49
544.34
53.46
467.43
7.84
542.52
261.25
101.71
564.59
175.59
747.37
676.93
789.63
672.96
349.6
778.42
410.82
390.51
26.77
281.8
687.79
543.6
355.11
393.86
673.43
212.48
237.11
388.17
89.14
74.53
78.74
761.38
431.19
708.19
529.05
616.37
605.05
251.32
253.75
200.02
128.89
424.66
275.72
24.21
431
631.12
273.25
511.09
543.27
487.63
716.76
578.76
57.26
126.77
58.45
662.87
65.5
428.11
436.56
136.25
297.9
737.96
658.65
291.92
361.27
650.59
333.74
318.56
731.75
703.2
353.56
740.25
306.48
784.35
584.92
226.41
289.53
735.67
589.17
771.99
520.52
125.85
138.56
412.84
322.61
721.26
207.84
156.73
50.61
428.19
213.98
212.61
436.28
617.55
119.1
43.99
329.33
428.37
564.22
717.59
58.69
52.01
661.67
703.04
475.51
539.76
715.45
99.84
330.72
182.37
785.81
459.12
727.27
657.33
311.13
274.4
142.15
704.26
472.71
190.41
677.19
187.37
2.74
367.71
413.07
174.33
218.69
689.9
15.79
373.21
72.77
171.35
653.3
566.38
535.88
257.46
606.79
637.02
252.37
673.97
157.71
775.62
5.1
701.79
238.29
481.69
156.79
797.59
672.84
8.27
220.77
368.05
700.67
244.24
294.6
259.98
216.77
320.27
455.83
54.91
456.67
170.96
322.44
11.51
469.07
409.13
525.08
338.41
299.33
185.09
398.8
515.83
169.1
734.7
211.28
425.07
705.51
622.53
388.13
672.67
294.12
462.13
137.51
59.09
592.41
429.8
289.33
447
715.98
594.69 /

COPY
	PERMX PERMY  /
	PERMX PERMZ  /
/
MULTIPLY
	PERMZ 0.01 /
/
