---------------------------------
-- Permability values for SPE9 --
---------------------------------

-- Permeability distribution visualized in figure 5 in Killough's paper
-- Killough says 'The input data included in the distribution to
-- the participants included a geostatistically generated 
-- permeability field'

-- The values below are taken from Killough's dataset, they are
-- not based on the figure in the paper.

-- Explanation to how the data in PERMX is organized:
-- Under each LAYER (i.e. K-value), 
-- there are 25 ROWS (i.e J-values) under which there are
-- 24 entries (i.e. I-values) 

PERMX
554.82
663.75
516.66
532.86
173.61
41.06
251.63
112.38
764.55
672.86
736.9
772.72
138.85
353.91
796.86
282.39
678.68
111.77
755.19
152.31
577.95
539.88
624.41
155.39
503.99
523.56
316.9
236.82
282.77
455.93
583.26
724.45
372.77
183.8
110.94
592.26
477.26
294.7
230.92
744.41
466.31
406.95
656.67
403.49
636.85
505.8
508.26
561.18
402.1
209.17
483.51
443.9
197.52
766.6
562.98
726.74
277.53
563.87
632.7
52.55
64.41
237.9
485.71
561.78
269.06
95.4
270.62
22.29
669.26
588.17
639.05
261.7
638.49
521.76
394.24
456.47
175.27
290.98
120.76
532.41
87.7
540.58
10.29
569
211.18
181.75
165.62
124.7
221.53
589.03
288.73
724
767.94
92.39
253.11
210.74
313.19
37.59
323.07
764.22
455.41
683.33
405.54
769.1
281.77
325.25
209.65
705.81
762.49
51.6
784.41
13.49
797.68
190.82
736.78
492.94
626.34
618.54
698.18
726.31
42.82
95.54
405.88
410.92
112.96
615.87
82.09
5.54
530.38
2.89
176.23
211.07
794.61
300.91
525.98
105.03
302.17
476.47
93.54
367.03
766.14
435.63
653.14
422.37
757.12
453.66
676.9
275.7
461.41
645.77
27.86
207.4
744.22
719.05
278.78
654.33
602.04
87.24
593.3
593.88
352.42
75.26
387.11
433.12
603.53
277.25
436.38
553.41
182.55
594.26
591.89
6.09
346.16
587.14
496.86
576.62
83.66
774.96
164.59
251.31
703.44
164.26
288.54
531.69
717.82
754.11
220.63
508.73
624.44
407.72
497.02
78.44
65.54
764.98
81.25
749.21
553.03
252.7
178.82
230.79
602.48
329.95
492.12
651.18
354.78
454.26
732.7
300.56
775.32
394.36
741.67
696.03
677.93
71.9
213.34
261.61
676.6
608.95
65.15
41.97
116.08
154.07
415.4
248.36
527.1
330.22
300.15
390.13
311.09
162.82
444.82
219.86
366.82
264.9
381
226.19
270.91
293.1
274.25
728.27
776.21
138.82
354.23
674.2
597.45
366.86
585.69
290.34
475.27
247.49
191.1
683.19
326.95
208.19
500.84
720.94
666.67
387.11
10.81
287.49
15.16
311.83
77.33
70.73
701.79
468.96
60.07
109.89
112.89
716.87
715.52
364.23
601.17
232.5
704.47
617.71
207.01
41.79
357.17
286.03
86.07
226.85
414.86
235.69
246.72
649.09
254.48
90.82
58.53
63.74
277.01
377.51
215.52
488.39
99.84
167.23
582.02
588.61
702.52
167.26
686.92
404.05
233.24
743.42
595.67
786.88
553.69
366.42
401.41
701.04
280.76
269.49
169.25
686.67
66.03
187.46
334.59
425.06
360.46
661.92
767.43
171.29
334.63
329.14
243.48
578.23
520.05
503.85
224.15
127.1
527.22
653.18
275.54
548.52
263.18
441.61
278.63
768.01
693.72
611.55
214.08
665.25
736.68
250.05
551.13
487.66
680.86
42
539.59
355.21
56.34
245.45
16.96
710.3
559.23
242.37
614.07
551.56
409.13
17.68
20.36
150.76
183.34
444.56
419.39
354.07
199.37
445.47
645.6
118.33
200.75
769.12
540.53
542.93
708.4
522.31
655.28
610.01
355.25
678.87
367.45
177.71
78.63
41.76
646.05
138.6
669.1
326.43
162.6
207.99
267.12
400.89
697.26
512.16
348.11
602.39
105.94
719.81
284.24
722.92
265.57
360.34
165.12
567.94
53.55
739.42
47.08
606.52
793.54
738.52
618.66
402.97
299.33
58.61
176.61
441.42
244.25
394.48
150.19
302.82
281.43
455.1
421.08
221.81
276.84
120.99
360.41
117.84
777.07
241.13
235.21
302.87
469.82
633.16
332.62
664.53
249.29
660
736.13
294.03
605.15
64.51
447.54
56.29
349.95
56.73
642.11
286.6
556.22
611.18
16.28
395.35
740.78
96.41
290.52
551.83
625.56
641.53
110.02
48.92
711.17
380.89
420.06
63.65
609.75
277.85
494.09
48.75
385.33
201.06
129.27
446.84
359
660.1
457.25
402.88
658.99
258.39
666.38
104.28
282.76
524.94
75.79
220.02
646.4
546.56
151.07
132.8
367.38
599.22
706.62
508.06
757.05
557.98
518.94
68.39
636.85
496.01
336.1
197.05
304.97
793.63
738.36
669.02
254.66
523.97
404.35
784.8
209.69
780.75
682.17
419.18
627.02
590.05
152.48
220.39
96
231.94
587.3
655.56
255.43
227.21
0.95
639.24
753.64
593.65
748.06
220.3
781.71
92.76
387.9
729.39
696.88
20.14
418.07
613.84
722.8
510.51
441.7
694.3
496.67
773.98
62.78
421.03
324.6
545.95
576.28
157.06
238.54
703.93
43.53
441.93
271.69
766.15
280.51
90.87
154.9
581.87
208.31
263.61
356.65
144.83
334.26
493.7
112.94
200.04
784.56
43.23
655.78
36.55
561.56
449.92
448.24
120.16
730.29
723.32
652.31
438.81
605.08
108.72
768.82
160.28
211.9
358.64
644.15
220.66
279.81
586.98
599.37
703.95
273.78
743.1
727.86
363.31
91.58
675.21
560.29
580.54
610.6
263.42
282.01
312.08
639.37
340.35
507.94
737.38
791.78
33.15
30.61
391.65
690.74
384.28
552.54
463.82
631.6
597.62
33.85
60.79
133.18
56.63
712.14
407.61
333.74
659.94
292.92
603.21
596.83
698.27
68.12
716.14
119.33
366.99
147.18
167.94
281.79
550.85
241.15
506.28
751.93
332.62
3.03
397.18
508.36
300.03
387.05
593.7
690.34
655.21
34.96
41.48
141.09
74.75
286.92
119.43
293.47
413.53
676.73
361.99
390.84
487.78
472.14
470.8
121.6
23.72
513.56
607.65
599.81
118.57
313.83
458.1
549.69
266.62
616.08
456.69
3.03
641.25
643.55
203.21
387.74
779.91
408.34
503.33
611.12
560.06
244.45
482.22
258.61
503.71
597.18
27.31
791.33
422.9
223.13
509.19
314.93
280.56
684.39
450.95
316.18
531.01
332.18
567.7
138.01
145.85
778.95
794.87
643.88
171.25
744.35
310.35
568.03
767.07
463.85
405.8
311.6
322.86
3.1
644.15
473.35
188.83
578.81
667.97
701.96
634.38
608.24
784.19
795.09
173.16
160.35
180.72
685.77
688.98
621.69
673.39
308.11
145.36
192.08
340.28
41.81
648.31
132.26
656.19
137.34
709.75
675.74
268.27
175.49
148.93
415.52
99.25
757.11
40.27
773.96
219.92
332.22
37.88
42.44
708.71
384.45
320.04
451.69
618.77
511.82
680.86
158.34
320.5
780.28
339.17
485.43
57.13
10.33
145.45
202.41
123.22
175.28
684.51
320.35
722.6
210.37
516.32
755.11
628.95
216.74
394.42
552.06
764.25
443.91
216
154.58
576.71
137.18
154.13
645.26
598.43
328.26
759.93
780.34
303.84
100.99
259.41
502.82
396.81
383.45
509.46
794.9
575.68
447.39
167.08
547.71
221.62
117.32
657.67
635.72
92.99
764.43
648.57
285.88
442.72
466.79
746.54
328.39
196.18
425.26
609.27
61.92
48.02
23.96
586.65
795.95
757.03
645.4
740.45
638.69
440
319.62
744.02
698.64
84.38
643.28
429.22
224
719.68
211.95
376.03
487.81
449.59
503.75
423.38
517.39
651.83
428.9
92.54
399.68
716.28
149.07
264.48
169.16
106.57
688.44
455.76
492.42
126.69
403.21
33.68
591.28
8.08
80.81
40.75
184.45
263.34
558.71
38.11
692.31
333.05
605.53
564.02
530.89
585.2
691.64
260.83
30.16
638.51
222
774.47
552.99
93.74
726.81
664.87
526.72
326.95
324.23
489.71
775.42
179.1
292.39
294.92
538.36
103.59
721.16
56.99
300.72
186.11
301.44
103.56
381.43
318.05
447.98
284.16
267.59
180.88
531.26
577.19
330.74
438.81
320.75
798.29
639.21
786.46
781.19
721.95
69.8
323.41
609.31
223.72
274.95
335.13
446.84
80.87
722.36
225.95
518.19
693.42
222.35
473.31
544.37
16.29
422.83
493.16
98.22
290.23
75.39
564.48
669.91
764.99
535.36
196.18
619.81
413.49
267.64
600.84
60.6
763.55
482.41
100.19
712.48
779.77
51.94
8
537.69
640.94
249.62
700.87
381.44
231.91
618.87
277.67
35.12
306.98
463.47
722.15
730.54
92
715.11
167.51
722.57
656.69
248.71
648.45
109.63
542.54
188.88
285.93
771.91
678.71
305.42
169.11
180.86
417
280.99
330.49
277.65
326.38
584.15
357.35
382.93
504.87
39.43
792.97
93.15
229.81
519.49
134.6
719.62
403.38
644.03
792.6
760.1
508.95
181.62
174.07
373.53
523.08
389.03
499.22
204.7
394.45
187.77
352.66
155.91
646.01
767.11
355.24
562.35
642.75
682.4
134.76
668.31
349.86
56.51
404.87
483.93
741.18
178.41
769.87
514.67
73.42
163.59
382.22
615.01
405.78
244.7
81.23
657.23
11.99
691.7
360.15
238.48
199.27
626.67
745.48
732.31
689.34
598.9
222.77
510.03
592.27
748.75
515.49
390.4
561.39
549.72
116.12
417.76
55.25
41.31
410.05
761.4
314.49
565.56
755.4
35.31
408.26
314.82
410.73
167.46
562.22
556.79
370.46
142.94
235.48
375.45
220.01
280.19
209.31
535.52
312.97
754.49
140.95
475.24
781.92
358.07
511.03
744.78
746.8
153.45
775.87
446.44
124.44
100.49
414.99
780.8
283.88
180.95
134.15
545.58
276.3
296.6
583.59
718.36
195.34
103.78
792.8
196.28
343.25
257.06
9.29
453.53
687.37
692.45
44
663.87
66.94
325.35
190.3
600.94
694.01
321.92
267.53
653.16
792.5
95.04
769.68
686.45
401.28
739.19
165.86
410.84
67.89
200.48
590.76
233.1
229.64
150.74
235.68
162.93
391.21
699.57
563.41
336.3
54.94
529.48
749.67
331.09
360.11
258.84
145.63
605.25
724.61
365.07
645.44
84.01
508.71
761.59
297.13
36.98
78.89
744.24
222.58
602.28
243.78
189.4
726.1
450.79
544.8
450.88
174.46
156.1
233.58
489.32
411.43
508.49
536.29
639.52
677.26
183.66
238.54
674.4
202.17
581.33
87.86
523.15
554.49
570.25
385.33
521.48
628.47
51.39
383.21
75.37
16.13
98.62
372.39
561.57
639.46
644.09
151.32
594.01
693.89
312.32
43.31
541.37
795.71
281.09
566.5
641.88
438.98
554.93
33.75
305.79
450.91
269.71
476.5
283.56
589.18
577.23
671.93
251.7
255.62
188.69
576.94
335.72
637.09
266.82
679.91
308.01
503.88
777.95
352.52
308.44
174.45
651.46
578.3
58.28
302.9
673.57
241.35
418.93
144.57
524.88
109.65
93.15
345.54
642.59
430.44
263.86
693.32
748.89
282.73
639.36
87.91
334.77
207.5
395.76
555.82
711.81
548.46
460.97
621.28
229.62
395.84
278.5
684.19
414.07
92.34
573.93
74.48
171.76
724.25
615.03
194.5
41.06
583.55
17.69
61.3
416.78
788.82
594.12
738.13
287.43
321.11
351.9
765.71
442.44
552.05
568.45
437.74
791.97
684.1
93.15
129.84
297.73
237.78
651.8
561.62
790.3
41.54
291.74
307.83
647.58
608.68
139.26
681.15
319.91
438.28
406.8
444.72
272.23
257.72
281.02
594.97
536.53
785.21
323.72
471.24
699.57
18.84
614.13
621.6
712.59
214.63
439.65
658.29
3.11
110.98
165.86
528.65
364.79
210.21
1.03
380.16
454.81
653.01
462.17
291.13
502.52
118.97
172.7
129.5
297.21
555.59
696.58
347.51
283.27
442.95
354.45
298.13
20.21
734.28
326.44
348.57
262.72
238.8
390.78
181.05
236.1
709.42
90.82
640.07
729.82
234.48
99.91
201.47
687.68
509.37
568.87
285.75
234.92
757.91
756.04
685.97
183.6
614.37
295.09
571.45
416.81
501.59
28.37
348.85
126.71
704.11
486.97
774.01
580.31
433.71
544.18
327.83
440.76
486.54
382.38
270.38
534.14
497.05
491.88
199.77
488.69
301.82
157.39
186.96
538.88
683.94
266.26
259.21
231.26
249.42
720.03
16.45
6.85
519.21
104.16
488.43
168.75
101.59
719.43
684.46
694.87
749.09
398.24
421.11
392.18
359.49
244.18
173.01
10.17
737.22
335.24
374.2
795.67
234.68
69.42
196.8
242.19
126.74
230.01
480.23
491.98
290.26
422.75
283.87
659.61
54.04
583.82
192.86
503.13
161.04
433.96
505.2
15.18
181.56
330.73
176.48
248.84
745.56
76.87
224.68
316.15
761.2
254.98
487.56
341.29
726.47
31.11
276.43
472.06
458.28
361.65
546.5
184.02
479.39
357.15
675.84
429.94
747.17
646.91
120.23
287.15
767.37
324.38
524.33
687.92
578.85
466.92
164.41
580.25
228.55
617.05
364.45
222.38
350.41
410.86
633.91
585.65
626.82
16.8
205.89
630.39
181.11
564.91
385.7
313.22
296.6
769.32
427.18
24.78
433.27
89.86
337.42
187.25
639.6
655.29
546.5
540.22
163.99
417.25
36.93
58.36
467.77
136.5
108.14
52.55
414.88
642.82
464.14
318.91
369.51
243.57
149.09
789.33
585.9
174
591.23
491.9
308.91
315.56
59.47
714.84
480.56
504.37
421.23
440.95
721.84
195.01
222.5
603.56
70.03
441.13
698.92
765.42
732.33
55.38
206.19
612.13
140.6
517.53
186.86
475.88
79.15
744.98
393.8
125.39
446.65
46.8
161.63
372.9
272.18
740.11
775.12
367.99
142.27
769.69
573.5
738.8
475.64
139.03
292.29
320.93
361.39
148.02
497.41
242.2
252.2
1.27
774.39
272.88
669.83
531.74
121.3
205.43
475.54
289.03
286.4
453.2
684.14
482.54
256.62
530.98
29.88
573.28
101.45
60.89
122.56
353.43
195.94
616.82
564.83
756.07
341.15
677.77
472.79
659.61
701.31
529.65
535.06
532.98
685.06
269.91
71.39
223.52
617.05
445.03
378.44
251.72
25.52
17.17
427.62
103.82
433.76
89.71
275.96
438.93
218.96
761.97
253.95
519.85
352.87
683.59
569.96
549.94
528.16
585.15
763.74
7.97
271.77
157.99
209.75
455.22
99.03
561.57
263.71
626.03
444.25
4.42
599.39
781.02
216.31
728.43
497.09
148.61
438.59
319.31
705.32
588.58
673.3
315.87
227.36
662.86
663.37
197.23
369.99
757.06
500.04
491.06
402.44
694.09
292.95
336.62
490.21
237.37
607.01
459.63
136.83
41.66
298.06
321.77
700.88
518.62
700.48
702.14
651.21
658.39
218.66
514.43
775.84
683.03
244.44
55.74
425.78
56.91
596.1
268.68
550.11
566.38
58.76
247.96
148.84
149.93
681.9
708.84
502.73
27.79
181
202.63
21.62
791.26
170.04
102.1
474.38
62.2
773.79
553.87
674.61
700.95
354.77
219.51
236.47
145.14
190.02
173.04
690.14
794.12
459.2
27.89
756.32
418.69
496.9
474.45
435.54
211.77
718.35
115.67
276.42
687.05
392.09
49.81
554.38
577.68
670.97
355.64
649.53
597.29
250.53
634.9
9.71
600.09
672.18
637.75
114.94
774.8
385.46
638.27
144.41
584.52
222.5
642.12
711.35
145.99
609.06
289.35
314.2
242.31
148.06
508.52
738.73
166.73
405.36
335.37
699.44
303.93
394.68
140.51
688.58
392.08
274.97
639.73
291.6
266.73
66.77
33.93
267.74
433.18
465.97
668.89
103.58
294.15
408.71
735.51
113.23
236.09
278.83
439.61
598.58
206.58
439.55
180.79
117.58
495.56
334.14
674.09
207.52
279.74
634.98
670.58
6.23
254.47
188.59
257.91
212.76
363.46
449.28
603.93
378.8
261.93
364.04
536.9
237.57
732.34
21.65
600.75
770.96
293.61
189.29
335.53
57.83
212.68
640.95
354.55
290
788.24
618.63
672.85
733.36
117.89
331.45
402.85
573.15
8.34
121.7
508.58
416.01
742.32
73.26
402.22
279.16
98.56
375.36
90.89
156.35
42.75
667.55
530.1
765.13
468.47
670.82
124.54
417.62
405.97
41.47
441.03
452.42
220.64
268.98
610.35
546.45
45.9
561.25
789.19
175.07
267.69
299.9
426.11
154.12
281.58
704.87
63.1
330.96
604.99
182.8
484.16
140.23
527.33
66.12
521.79
541.95
598.8
46.32
605.17
441.11
134.21
136.69
645.72
17.96
729.2
374.04
796.45
711.12
752.33
512.89
157.17
210.62
591.33
727.77
19.62
177.33
473.49
674.62
6.67
515.28
299.65
291.36
704.39
355.41
147.89
796.21
755.97
322.03
729.73
559.7
438.33
101.57
274.81
281.07
750.26
227.44
146.24
683.85
371.74
67.08
38.09
378.71
725.81
95.64
495.4
580.1
305.07
117.06
549.63
634.36
567.81
329.39
203.51
355.33
699.23
126.98
45.32
677.57
433.95
155.94
176.5
153.91
555.19
540.57
166.25
370.43
307.38
689.58
339.13
597.7
681.86
550.82
403.73
81.78
794.1
182.85
487.66
3.55
376.84
581.65
352.24
384.73
715.21
167.36
533.41
416.38
110.26
450.77
577.36
775.94
453.68
344.39
335.33
234.76
372.07
625.99
467.94
794.91
251.81
767.25
114.32
549.16
215.4
320.98
648.65
421.28
585.23
232.78
153.39
488.21
177.06
727.55
375.04
408.31
654.71
387.7
790.97
343.07
626.12
334.41
373.17
436.19
634.72
457.78
732.48
117.4
103.14
334.92
342.47
167.73
406.59
748.05
548.4
206.97
209.09
576.19
722.83
795.02
380.88
441.85
304.66
518.17
488.4
617.61
120.17
761.65
370.61
225.35
115.95
653.72
706.32
9.07
547.63
732.59
279.21
360.7
514.38
697.33
534.71
309.33
553.7
745.07
106.74
90.72
327.53
257.38
114.26
670.13
86.35
496.81
757.51
197.71
662.69
730.4
681.44
496.14
262.77
739.87
160.9
177.72
494.49
618.03
52.91
665.46
448.59
616.02
368.94
631.1
462.44
659.68
49.43
660.23
505.33
641.44
594.33
534.82
12.01
149.38
559.9
335.96
164.52
509.07
619.3
228.54
19.94
177.27
334.11
58.64
613.86
519.67
168.24
684.65
743.39
158.78
329.01
773.35
677.51
323.52
16.69
433.46
630.55
471.99
594.57
59.93
665.72
773.38
179.73
123.03
360.86
353.74
217.19
55.33
295.64
331.84
439.8
80.26
15.33
383.77
494.28
461.13
280.49
163
745.41
791.71
13.84
533.47
288.22
60.62
78.66
236.68
89.93
59.91
289.25
416.14
451.32
119.91
732.64
397.41
402.06
590.67
44.91
0.54
727.31
199.25
470.51
589.43
694.46
389.3
704.33
393.1
352.17
627.89
329.4
740.22
732.92
497.33
748.88
795.14
477.74
423.66
318.87
791.5
311.23
174.21
308.28
665.68
130.74
368.45
540.04
511.86
708.29
543.95
80.01
680.23
248.66
697.28
376.08
618.1
647.52
499.11
3.43
641.7
767.29
419.97
114.3
339.41
577.5
84.44
154.17
209.79
67.18
356.52
45.35
233.89
679.86
697.86
461.58
10.86
171.88
233.17
153.25
654.05
339.28
243.35
790.69
563.27
470.13
702.19
13.54
559.05
220.47
475.19
249.34
542.96
437.42
691.13
450.43
723.36
671.26
337.5
703.83
646.14
61.93
657.05
126.9
470.52
190.5
370.54
292.74
319.55
432.59
428.32
713.48
337.05
770.46
784.02
525.08
545.33
608.72
358.56
682.29
307.77
614.68
730.06
11.82
530.64
85.2
207.22
391.3
509.14
796.79
778.99
760.59
454.53
90.07
189.94
493.35
663.65
752.08
456.71
98.04
124.23
650.11
720.13
555.63
382.21
733.4
81.04
329.43
96.04
544.54
663.44
169.31
7.9
123.17
621.22
158.23
458.72
269.32
563.23
488.1
308.18
110.83
105.49
406.94
558.24
356.98
300.65
480.33
324.64
448.81
726.75
112.45
269.91
461.52
372.83
413.6
194.02
95.43
172.88
743.35
371.92
486.91
524.59
162.11
15.69
71.35
360.11
60.83
545.78
366.23
234.92
493.36
174.01
379.62
134.17
435.41
412.5
760.09
117.52
431.3
489.17
134.05
209.3
557.87
398.35
411.82
761.85
628.09
30.05
266.12
280.46
633.39
567.71
441.36
751.1
410.35
23.58
758.91
441.98
674.8
313.03
526.48
477.12
537.26
622.75
454.02
798.89
214.62
460.37
239.46
542.65
507.83
485.55
741.86
655.73
88.36
400.07
83.58
576.17
454.68
786.85
28.95
727.51
540.25
320.13
132.06
353.02
756.66
737.73
128.56
506.48
598.07
623.39
486.21
496.55
641.6
476.96
527.95
373.82
111.19
168.46
399.02
341.99
730.88
77.31
438.59
47.01
67.84
784.62
14.87
134.94
441.53
571.77
458.8
107.16
474.08
633.22
637.31
417.44
285.51
250.59
131.42
529.67
627.11
320.91
23.6
179.49
627.39
113.69
250.7
224.73
779.73
337.42
196.87
333.67
711.73
80.5
635.46
92.94
646.74
482.23
266.23
502.68
183.41
248.17
705.44
665.97
330.69
246.26
482.94
468.89
250.85
525.96
530
441.38
247.76
268.92
632.45
453.88
189.35
440.67
799.51
443.59
569.82
783.45
81.86
436.74
153.52
83.41
75.24
448.72
413.13
384.24
141.23
389
473.77
596.55
784.45
187.95
175.26
574.95
465.67
693.15
239.26
218.44
226.66
552.1
597.95
466.63
7.23
616.14
154.66
377.19
745.96
627.47
360.21
765.37
585.14
82.45
400.45
784.45
568.62
98.46
409.14
680.04
415.26
662.09
130.25
585.95
723.06
379.35
110.33
387.37
346.23
252.91
637.21
199.59
493.81
718.33
797.07
114.86
17.54
656.66
503.6
68.69
555.21
529.64
54.36
0.95
383.72
616.15
238.42
701.43
626.58
403.03
33.44
745.65
533.92
606.88
454.42
381.71
523.8
632.19
215.99
293.38
703.51
428.98
458.76
532.57
330.31
303.36
745.54
173.86
659.41
741.47
706.29
741.56
565.13
492.26
405.2
788.86
245.97
165.86
11.96
242.98
684.4
220.32
305.2
355.39
335.21
469.62
419.67
179.06
416.73
582.54
19.34
57.8
132.6
541.31
125.97
762.5
216.02
652.13
795.48
383.37
339.71
702.65
708.7
342.96
447.95
91.33
356.1
219.98
790.33
536.36
149.42
678.65
184.04
6.97
692.03
475.75
16.96
616.46
66.83
707.45
42.55
668.8
296.15
188.48
130.25
267.48
173.67
652.14
87.12
511.89
123.09
564.38
362.75
622.23
452.93
575.28
728.56
62.01
697.43
772.33
782.04
361.95
494.45
533.38
611.73
247.77
360.3
723.21
747.93
573.16
767.59
262.1
177.5
651.5
294.03
389.8
774.55
436.99
295.34
169.32
763.14
45.2
204.7
500.85
45.8
551.83
695.42
421.51
300.82
146.96
235.82
463.14
583.19
379.34
293.82
614.83
430.86
574.01
47.21
562.79
122.04
326.35
625.35
278.32
560.96
330.93
781.41
446.25
611.22
233.99
349.99
130.16
671.49
490.01
591.75
792.99
347.05
556.48
436.8
307.17
460.8
490.27
786.55
122.65
138.83
691.93
221.81
454.35
59.65
300.96
33.89
115.35
69.03
71.38
163.75
187.67
427.01
510.98
580.2
298.27
552.67
371.69
681.81
696.3
381.57
766.56
784.26
344.22
452.95
726.03
425.11
700.6
556.09
581.8
375.76
689.94
659.53
762.57
712.87
13.15
642.84
402.16
611.12
273.62
24.62
426.54
6.27
559.13
314.91
650.2
652.75
515.31
396.24
189.8
680.22
216.69
358.33
563.94
102.96
86.05
645.5
443.19
294.98
117.87
32.72
353.56
299.68
76.57
271.08
599.49
182.63
640.26
721.38
691.66
652.24
104.31
414.83
763.71
592.23
305.21
85.76
451.45
732.48
662.83
416.26
375.61
79.36
349.25
474.96
687.55
644.07
98.12
412.25
348.39
658.31
612.44
613.87
425.79
295.89
484.22
780.69
550.43
74.1
305.62
372.58
79.25
721.39
399.64
347.08
89.56
309.04
488.1
733.3
154.73
773.94
373.62
168.26
50.36
219.72
252.73
408.31
693
596.78
421.01
165.52
621.82
651.19
200.25
382.38
259.57
322.91
754.4
327.81
198.49
622.99
38.95
169.86
763.9
666.22
200.29
343.11
608.23
167.17
178.28
501.34
721.01
416.08
650.21
367.6
480.52
643.07
533.03
213.02
17.65
790.78
214.17
625.57
674.3
545.08
419.55
119.41
192.44
471.26
630.77
687.31
105.35
671.78
272.21
776.99
471.82
682.17
499.47
695.68
356.85
68.26
366.8
293.18
294
572.64
20.72
208.49
426.04
686.42
589.53
363.51
176.71
613.98
684.16
559.8
132.89
582.19
660.08
274.65
447.04
191.08
581.07
184.07
653.48
176.69
396.98
284.3
67.27
572.85
251.54
589.19
696.69
607.62
300.67
114
346.79
104.81
252.7
492.53
113.28
777.81
736.78
81.62
423.55
634.51
768.23
269.35
697.55
731.96
218.66
796.9
744.84
142.09
399.26
116.33
521.1
239.54
619.6
624.93
609.35
491.83
18.2
296.98
624.53
738.66
182.83
798.66
405.59
633.39
65.71
264.59
708.55
299.9
395.5
202.75
179.19
597.61
129.73
176.39
760.93
698.36
412.11
122.3
776.4
635.37
379.91
626.16
704.18
544.53
740.22
657.24
666.73
279.07
348.76
702.55
424.89
512.53
495.73
403.04
770.55
708.21
211.98
391.75
548.56
759.96
390.76
206.71
702.39
548.53
192.75
274.73
686.3
768.53
746.16
224.02
565.06
85.34
595.61
269.94
706.11
386.15
74.71
598.4
313.97
99.46
195.48
26.66
718.82
629.2
165.01
101.71
46.49
115.32
501.06
435.12
587.4
252.41
111.41
762.76
87.49
469.26
756.24
546.17
549.07
381.2
148.84
786.67
604.63
590.71
327.84
14.24
146.07
628.26
14.88
208.96
20.37
307.49
482.63
577.1
464.77
772.25
281.14
260.68
107.42
130.13
307.96
288.47
638.3
669.47
78.4
635.32
317.82
373.6
59.48
307.84
103.29
773.53
157.09
508.05
591.55
792.71
625.69
479.56
351.66
337.35
171.93
326.01
379.7
141.34
553.4
385.74
275
111.72
688.58
765.28
14.55
462.57
252.03
728.85
87.78
650.31
674.14
270.2
402.08
673.05
712.41
378.15
381.01
303.86
575.23
437.22
772.96
671.73
680.85
135.64
534.47
67.03
706
545.15
773.21
59.5
115.13
142.76
775.17
88.63
172.45
470.74
136.44
659.22
581.94
112.09
230.76
742.79
556.41
645.17
678.44
780.62
643.72
710.21
349.86
605.43
513.21
716.43
548.31
166.93
673.41
207.12
279.9
645.36
434.45
682.76
605.12
275.95
568.36
482.89
798.53
793.28
319.87
646.32
601.9
71.98
563.65
130.92
151.81
354.63
280.09
404.87
97.69
158.54
712.38
749.91
302.72
48.54
395.07
55.71
582.84
691.95
614.7
341.96
638.58
33.95
204.02
569.1
68.66
670.67
170.84
195.9
574.82
184.31
240.27
43.32
723.11
516.93
148.76
264.55
428.78
799.56
410.85
225.77
305.59
421.11
255.74
16.56
173.06
415.03
118.39
261.58
519.29
721.49
709.16
750.54
65.03
105.49
197.38
564.15
112.19
37.62
268.02
112.56
121.14
621.06
707.93
241.68
321.6
195.57
530.49
16.54
636.94
196.66
407.2
162.59
715.41
539.79
186.27
118.58
264.21
455.36
472.41
750.62
75.16
294.08
426.93
653.44
157.81
694.77
341.36
38.67
40.81
669.73
292.9
538.47
528.43
215.67
193.7
342.97
617.58
209.96
505.77
343.14
25.94
596.16
466.19
172.17
628.78
469.2
277.94
603.85
736.36
344.46
27.85
324.19
84.66
566.15
373.58
192.06
787.64
779.57
381.55
729.43
702.82
639.63
168.64
254.68
441.16
228.95
442.39
439.65
284.59
315.92
674.16
173.5
293.25
676.17
109.75
700.21
167.54
173.22
259.02
25.84
403.07
458.23
67.26
44.9
224.6
258.73
599.04
83.92
76.61
381.94
117.2
65.04
663.93
643.68
348.08
457.41
400.46
746.15
49.02
432.5
416.17
787.87
649.59
249.54
23.47
771.8
764.7
19.59
415.41
190.74
445.79
379.53
284.8
700.35
75.88
665.62
631.82
714.49
566.59
712.17
556.38
434.35
378.07
780.35
735.05
600.73
314.14
478.55
62.8
518.67
589.01
378.01
527.3
643.17
289.74
41.08
683.11
411.4
45.15
124.45
607.02
282.61
382.96
703.09
643.18
621.33
389.47
598.04
4.7
191.71
668.74
661.8
447.43
222.89
295.66
208.3
133.23
228.03
728.45
1
596.68
476.33
274.52
454.72
141.93
79.17
237.38
285.93
348.77
648.42
303.92
298.26
13.7
430.18
487.72
9.16
434.96
325.16
544.6
758.55
204.3
511.85
508.69
329.36
698.56
437.46
480.73
173.4
479.43
227.87
669.73
660.41
667.9
54.5
72.74
538.39
416.98
460.2
315.17
544.1
540.99
347.7
185.72
440.93
585.6
512.58
312.56
24.51
649.35
531.64
615.89
116.36
341.03
738.45
429.8
367.85
438.69
682.5
236.26
131.98
787.42
651.82
270.13
777.37
71.27
448.25
477.52
387.86
120.63
786.57
102.52
495.26
272.05
160.69
518.89
28.28
782.46
425.82
247.71
444.24
766.11
735.73
572.28
515.48
748.57
529.58
69.43
650.27
181.44
120.15
74.05
37.87
4.82
757.65
724.84
369.77
465.78
763.16
477.37
118.15
171.85
490.45
443.58
407.94
213.17
59.3
514.11
560.2
784.37
292.06
59.68
678.43
276.64
755.59
475.89
247.08
633.72
710.68
277.98
473.71
299.4
52.38
230.95
608.7
171.67
447.42
144
489.8
518.27
73.47
110.33
301.15
312.56
194.81
1.75
738.37
678.21
619.23
88.03
327.12
701.62
97.34
330.14
14.1
575.65
676.03
360.06
665.77
163.52
61.15
473.03
471.42
518.64
183.65
74.16
743.64
214.9
56.32
578.92
160.48
328.45
604.29
462.24
141.44
563.67
649.52
553.96
546.85
728.01
459.92
555.82
379.27
442.92
789.57
147.42
333.54
582.76
776.94
254.28
8.94
412.19
45.62
30.22
616.86
283.53
575.34
386.93
708.45
78.99
691.49
650.02
469.63
199.76
650.69
465.12
642.69
90.69
426.91
469.03
366.53
397.6
660.57
445.11
764.6
364.26
707.22
265.4
230.02
325.1
386.15
304.57
529.3
159.68
538.27
157.41
554.81
479.15
713.9
152.64
459.2
15.21
334.32
604.32
478.48
690.38
553.16
108.3
334.21
689.1
43.26
115.99
780.4
69.41
274.75
23.09
229.44
768.4
322
332.04
660.45
489.13
366.64
773.39
393.29
236.62
12.97
757.15
698.06
458.92
403.96
179.48
593.87
301.39
639.12
751.53
296.51
149.67
700.42
102.44
571.08
430.73
788.84
315.79
119.68
225.73
712.84
461.03
762.11
550.94
720.88
13.89
261.81
744.17
728.31
396.85
564.38
437.79
79.93
380.73
13.89
475.66
19.29
603.87
696.87
711.4
458.73
282.49
243.05
134.49
235.91
606.43
399.13
764.04
20.41
424.23
516.89
386.43
15.69
717.26
244.16
284.45
67.64
304.12
425.57
531.98
232.07
294.24
90.63
286.88
621.01
793.53
40.45
409.39
429.18
420.24
593.42
775.3
434.84
469.91
291.62
796.92
783.9
606.56
228.13
400.94
82.43
764.02
328.82
764.3
225.66
282.19
632.69
525.29
568.22
640.36
565.72
630.2
339.39
649.47
792.68
552.8
620.83
6.68
45.24
692
567.01
792.79
717.79
253.84
247.82
229.86
720.21
120.66
226.26
5.49
323.43
673.66
745.55
210.64
553.46
257.48
636.52
274.63
367.97
66.4
37.45
101.42
310.21
519.29
742.87
501.23
215.85
163.08
724.3
61.3
603.16
366.69
274.24
380.59
111.21
341
746.22
33.11
611.6
356.11
260.29
557.48
373.36
45.51
285.01
108.75
234.66
696.7
795.19
221.43
213.34
536.85
69.17
385.92
183.65
606.51
752.18
0.19
685.7
789.58
35.33
431.88
481.64
539.3
167.71
563.7
738.79
101.97
546.55
660.6
160.42
246.63
280.67
635.57
430.29
516.59
286.24
559.88
21.35
557.56
157.31
467.94
87.73
432.82
435.03
158.43
87.18
156.46
290.46
23.42
1.73
99.55
344.81
148.17
624.89
666.66
341.95
261.81
444.71
3.27
727.76
377.08
194.59
631.21
330.12
213.21
230.73
14.5
676.39
438.12
416.04
256.21
387.67
764.56
573.12
174.36
639.11
702.72
700.06
565.29
513.41
283.4
554.92
85.73
236.65
366.98
418.5
236.09
422.62
472.05
147.79
526.17
187.9
783.87
464.24
248.86
282.41
546.64
191.92
346.44
387.75
461.81
539.82
142.47
56.33
597.94
263.03
328.08
404
259.04
739.91
759.5
663.19
417.99
688.33
607.02
182.16
496.81
593.15
666.75
99.21
216.11
719.52
47.07
137.78
655.12
790.12
161.64
404.8
667.26
349.3
72.62
398.82
6.43
46.73
60.55
187.03
130.23
773.91
735.5
253.78
35.01
504.74
435.35
64.19
302.25
521.27
109.34
706.25
11.52
60.03
353.05
709.68
569.41
495.03
256.78
404.43
664.48
621.89
399.11
452.03
256.32
534.09
739.37
55.44
94.99
309.8
539.12
781.2
539.68
297.41
699.87
308.64
459.98
621.47
760.05
693.55
115.44
562.45
696.84
298.94
236.1
658.43
251.66
485.89
781.07
286.54
424.01
674.53
16.26
729.4
299.57
428.96
163.11
579.3
132.3
113.52
275.27
487.77
596.67
274.19
289.4
52.65
630.89
102.12
239.41
496.42
605.48
764.78
567.44
61.56
701.44
510.4
114.57
99.24
497.59
388.51
263.19
578.33
729.47
440.05
59.85
748.64
128.55
273.02
219.92
65.51
216.8
514.7
490.16
745.9
69.24
292.88
534.4
648.47
491.85
483.57
243.76
311.95
427.76
358.32
389.83
357.77
290.81
484.9
352.78
390.71
453.83
728.42
101.34
157.7
552.06
353.09
743.71
264.18
750.53
246.77
205.22
423.19
201.59
235.83
199.24
784.03
639.01
591.81
29.3
196.62
43.78
550.76
404.99
762.96
517.31
546.7
494.42
649.78
28.64
775.27
500.51
172.08
102.46
469.83
590.95
70.6
39.19
482.13
793.6
431.46
779.4
447.69
261.15
214.89
745.64
345.52
554.86
728.93
221.8
209.27
308.4
135.36
4.96
762.41
322.12
726.45
525.12
238.57
159.74
215.13
538.92
645.63
141.59
211.43
662.28
753.36
327.99
702.04
400.67
762.61
314.28
757.7
784.6
260.69
213.36
312.07
440.33
527.66
327.72
210.54
229.57
396.6
411.29
219.14
393.39
314.44
294.09
156.84
625.81
376.37
136.72
281.3
610.84
159.2
620.33
476.27
140.48
590.88
426.04
389.38
755.64
639.84
247.98
51.8
273.42
573.7
649.52
421.86
602.51
202.81
389.56
476.46
579.49
487.47
331.66
768.42
34.51
364.52
479.78
355.49
82.14
90.32
178.75
12.34
562.16
163.25
209.31
652.58
744.96
214.83
646.29
77.07
570.32
112.26
779.67
380.71
285.47
762.91
86.35
20.23
612.29
356.09
397.8
35.76
348.91
386.5
231.94
216.86
569.55
446.52
712.86
134.1
355.99
579.09
644.04
375.38
742.65
3.22
415.84
193.72
49.74
730.86
389.91
231.29
775.58
310.31
301.37
497.35
106.94
383.08
490.11
300.14
114.5
464.86
647.12
648.47
607.79
349.03
552.53
784.7
412.74
524.26
512.5
363.71
336.77
436
64.92
161.49
700.22
616.55
255.43
405.89
702.49
493.28
547.38
220.33
1.25
380.76
466.66
463.76
225.19
583.97
193.75
372.12
14.1
184.11
351.15
61.56
245.71
652.89
279.97
488.26
462.11
365.88
287.41
614.75
32.41
89.89
655.15
669.47
284.76
137.65
97.33
476.68
271.99
768.37
696.42
83.01
765.47
233.87
17.43
799.75
542.38
744.79
40.2
349.55
749.98
555.08
143.19
209.5
301.14
614.65
455.52
123.87
737.39
516.99
410.07
476.27
189.01
537.24
732.81
304.6
40.64
664.1
757.75
224.92
99
622.49
671.8
69.55
170.98
226.49
336.12
285.72
359.87
134.19
331.52
708.36
223.55
429.92
546.73
455.09
373.09
274.97
366.9
451.04
459.39
381.2
339.46
527.42
5.14
161.11
517.85
651.99
127.1
308.65
420.83
697.19
512.73
21.77
34.53
456.73
40.34
13.61
233.07
358.14
712.73
422.84
426.45
724.76
408.08
500.73
524.76
309.78
183.23
105.33
450.27
794.09
221.64
92.08
55.8
355.31
113.1
572.47
157.15
275.41
186.85
635.8
11.66
513.78
446.76
313.97
198.63
737.21
7.36
723.38
133.36
740.21
490.49
764.95
0.09
457.95
493.53
368.98
709
149.6
129
179.4
287.14
348.54
174.06
30.87
686.97
783.62
274.8
125.49
19.38
126.52
627.37
442.61
539.96
191.21
5.44
271.54
584.08
574.56
203.44
236.9
132.01
780.65
620.53
463.77
308.04
736.96
263.26
261.45
594.72
338.99
75.73
327.35
259.26
541.18
258.74
684.32
109.37
369.37
720.6
546.7
73.16
568.74
589.03
152.04
381.83
194.17
429.29
650.61
95.29
297.93
538.44
169.92
672.97
118.96
559.22
169.37
338.67
322.66
785.36
608.84
175.45
685.83
29.99
94.44
244.33
511.55
281.63
700.05
448.12
327.76
312.03
350.01
641.12
473.06
401.69
198.65
778.32
527.36
42.6
586.21
572.89
587.44
180.71
757.61
169.36
339.07
380.07
81.71
604.32
614.63
611.72
108.01
129.09
697.78
695.34
727.53
53.92
387.28
795.46
736.31
75.68
157.14
565.19
44.34
791.82
129.03
628.87
79.3
104.48
483.71
694.71
214.94
757.02
239.07
51.23
209.03
634.9
779.72
119.31
649.26
292.7
320.06
125.84
467.67
113.41
14.28
420.39
721.34
268.65
130.92
75.28
625.28
520.4
724.72
616.05
270.4
655.68
180.2
430.44
86.5
468.82
154.51
572.95
778.84
32.39
208.18
615.3
284.89
391.11
764.29
165.02
443.6
709.09
369.27
675.03
404.08
149.23
554.3
306.79
791.7
162.18
60.89
702.54
402.24
153.45
686.25
751.19
372.55
532.26
610.02
52.53
92.93
7.17
408.7
336.04
310.06
27.51
428.23
394.28
361.08
414.5
699.22
5.62
664.48
749.16
117.09
283.38
141.55
140.62
358.52
752.98
483.34
177.13
686.73
188.91
674.34
39.94
773.1
335.88
665.44
469.2
432.12
6.65
142.38
465.8
511.56
332.32
84.23
195.77
258.07
434.34
729.65
505.88
412.68
786.64
65.01
93.42
236.64
374.97
450.22
51.36
25.21
284.16
497.17
660.88
277.43
793.12
388.86
380.91
209.97
757.3
99.05
630.26
666.5
446.72
350.91
739.81
723.52
542.32
303.9
750.15
28.26
226.65
125.21
635.22
546.65
594.62
58.9
143.12
215.89
346.04
682.57
372.47
552.59
41.89
578.51
117.53
94.48
6.65
24.52
140.41
114.68
77.16
27.78
733.62
744.85
359.5
698.72
125.24
319.06
582.32
712.82
612.45
172.86
164.97
76.88
285.13
363.06
144.62
580.12
410.6
226.82
73.99
300.9
791.85
233.75
126.23
500.54
598.12
729.03
636.24
141.61
171.71
330.57
185.38
467.27
683.9
127.84
471.92
729.21
217.39
298.04
311.25
485.15
765.79
91.36
608.67
786.14
73.28
723.56
52.92
606.44
245.81
489.68
34.13
742.75
319.89
356.03
697.73
747
309.91
749.63
643.55
629.36
575.18
790.4
258.47
17.89
582.33
619.54
531.97
548.03
459.73
300.5
478.7
106.67
351.89
117.49
785.69
740.86
468.13
260.53
339.59
158.66
307.82
743.12
661.75
387.72
409.42
387.45
516.78
416.94
567.58
404.19
447.45
275.95
452.76
434.22
754.43
645.87
596.71
172.73
536.74
374.61
565.78
457.75
283.59
761.98
40.45
350.17
766.79
361.78
391.86
467.57
127.19
148.39
523.48
540.11
603.45
140.39
323.53
238.7
502.96
711.86
180.65
256.84
447.34
336.42
371.39
635.05
485.86
168.31
696.25
495.52
391.76
523.43
124.46
705.96
165.78
225.86
116.39
646.48
37.28
26.85
416.82
514.11
418.26
727.73
552.54
210.31
547.32
331.97
225.13
149.44
94.04
469.13
399.23
478.67
162.53
524.77
659.79
83.7
696.42
700.5
757.41
575.19
67.05
499.98
358.92
744.87
108.56
543.09
677.09
573.47
402.42
213.38
713.7
182.77
55.67
287.44
669.81
213.5
584.93
290.71
686.45
255.84
581.47
57.56
70.45
10.04
692.41
189.47
535.04
82.9
299.55
57.46
345.39
722.59
550.62
321.15
551.37
273.49
636.73
80.13
115.98
578.82
736.35
159.89
350.99
350.83
667.07
296.17
195.63
594.94
601.27
312.59
121.19
357.25
136.01
779.53
611.08
673.23
467.97
733.32
503.32
675.55
699.25
382.82
152.24
785.36
618.73
717.78
189
752.69
314.32
409.36
761.85
662.65
533.68
451.44
241.46
744.55
19.54
45.02
294.27
743.09
121.71
457.32
606.98
363.05
720.37
232.7
667.84
617.3
582.24
543.93
353
356.38
772.01
764.37
379.1
789.51
347.19
213.07
437.71
787.12
596.46
225.2
490.52
1.07
273.11
2.98
646.95
604.71
19.66
23.82
434.02
623.94
331.92
429.37
423.84
195.65
529.22
553.55
431.66
387.55
737.94
620.27
101.9
544.18
400.87
197.66
74.22
787.48
222.99
775.5
260.13
180.51
744.97
724.17
590.76
703.39
213.1
633.12
163.23
383.21
654.22
123.94
309.05
84.03
741.19
561.72
139.71
22.08
770.62
70.22
336.29
601.51
357.83
263
197.49
797.01
613.74
447.78
360.44
60.52
606.05
142.97
174.21
654.99
635.67
160.94
249.6
168.17
788.43
181.54
260.38
237.93
763.02
647.79
29.08
781.38
310.43
746.81
704.08
361.23
500.61
477.19
397.11
338.55
651.67
462.44
586.72
115.96
39.44
492.09
221.32
627.07
287.38
442.43
739.43
478.39
137.99
360.47
310.92
28.03
357.29
434.68
345.52
482.33
779.95
568.57
270.79
292.49
727.34
276.07
136.09
150.95
106.52
81.02
441.53
637.67
51.93
278.17
709.52
491.75
513.77
473.87
267.45
231.9
361.51
158.34
202.37
697.62
418.6
51.05
760.3
669.57
413.08
772.93
740.9
233.37
295.76
90.49
735.37
591.14
656.7
671.42
394.61
544.92
154.54
408.33
16.24
780.94
318.71
271.19
447.56
525.32
325.62
760.76
237.83
562.39
121.07
87.89
799.1
85.88
102.71
344.77
176.27
647.98
655.67
227.13
646.68
779.6
681.43
246.67
304.49
102.96
84.49
455.06
336.08
683.97
795.83
260.56
488.64
746.47
257.84
199.65
135.58
318.82
422.48
382.33
596.54
282.1
432.08
438.83
147.51
374.61
105.32
431
647.29
567.1
401.42
574.68
457.71
129.34
131.5
257.68
130.97
193.38
101.93
732.62
499.05
44.79
639.94
23.58
439.42
406.31
613.46
233.74
351.78
732.57
574.86
642.01
245.52
66.02
93.61
555.38
763.41
661.89
776.5
583.57
288.14
127.08
651.77
638.7
23.75
473.25
293.4
657.85
512.3
146.93
704.5
513.91
438.61
659.3
649.56
659.49
227.21
304.35
593.99
596.72
524.85
299.25
214.01
623.78
112.58
128.13
463.61
506.77
89.74
602.34
577
251.9
319.64
544
235.31
173.39
66.21
627.76
482.28
264.19
561.39
177.26
742.58
244.97
80.24
744.49
424.44
681.46
396.53
388.08
657.07
337.23
394.78
325.56
426.61
209.87
349.88
293.4
2.1
748.09
296.99
497.97
673.21
197.5
504.29
344.03
250.87
55.14
672.32
674.46
318.98
369.66
674.92
609.25
92.07
54.55
509.09
249.27
399.62
219.09
99.52
378.56
631.81
63.31
501.08
634.18
40.98
64.71
208.91
13.62
9.92
797.59
152.32
364.53
377.53
489.36
145.71
87.56
675.39
84.04
785.21
664.36
120.42
89.17
500.76
44.62
448.8
444.77
302.07
666.03
182.8
364.52
133.55
567.3
491.17
596.97
292
343.23
216.51
635.26
67.73
298.13
497.84
126.3
583.26
8.66
562.9
102.79
544.52
490.92
349.61
616.78
547.14
583.4
286.79
177.51
32.34
473.75
586.35
172.67
435.61
195.44
329.38
704
581.5
679.81
562.79
224.2
96.53
168.67
287
176.43
745.89
616.18
27.23
461.33
782.3
369.45
115.05
209.78
716.52
408.37
164.75
312.4
578.38
535.47
582.25
605.39
332.06
516.05
303.4
672.92
19.02
123.29
796.91
228.62
503.49
355.52
782.2
315.11
380.88
339.46
451.24
138.89
536.56
377.16
576.13
374.9
486.46
627.59
714.45
138.55
155.78
485.51
653.55
454.49
633.58
100.35
356.64
550.14
452.18
49.26
300.48
236.51
669.64
709.35
20.86
570.41
185.58
499.29
408.08
235.97
609.44
212.14
326.67
118.5
96.96
494.6
356.81
501.73
763.13
183.35
356.34
588.8
617.25
460.83
134.59
415.1
325.52
572.73
631.4
582.29
277.91
259.34
281.11
335.96
498.35
538.17
700.77
2.51
539.93
118.91
686.26
750.29
415.58
746.58
250.74
40.21
730.95
649.87
429.41
347.28
365.25
509.72
775.59
112.12
562.57
395.52
557.72
299.5
409.09
797.84
198.24
188.12
200.24
471.33
529.82
34.09
480.13
324.72
241.31
88.74
748.3
14.9
316.93
143.42
75.93
655.89
136.49
279.69
352.53
590.4
330.78
131.54
9.23
502.56
239.27
20.99
423.94
404.38
438.77
112.3
692.15
773.52
397.62
539.26
162.12
362.1
425.27
73.31
616.68
241.61
264.04
365.96
264.96
711.68
662.94
53.65
327.18
420.5
285.64
23.89
450.1
464.46
563.64
413.76
738.71
24.66
501.23
2.37
651.14
7.88
117.71
279.89
10.2
252.92
223.49
119.77
312.1
755.22
466.03
168.86
503.63
343.41
541.62
323.75
134.62
481.98
148.46
281.12
321.76
235.62
237.12
504.75
743.32
230.71
450.75
135.16
318.52
146
616.09
465.64
267.7
338.24
577.18
137.76
744.59
594.14
791.18
181.71
379.13
542.89
459.08
580.62
718.82
694.05
443.26
729.41
545.43
396.78
706.58
761.26
242.49
569.71
24.84
92.26
740.56
455.9
130.65
488.01
29.55
392.95
71.98
18.5
127.21
327.65
420.28
298.16
598.67
137.37
792.77
413.77
648.49
260.45
721.34
695.31
727.57
374.57
84.24
115.28
241
357.48
782.8
594.66
200.07
88.22
472.56
45.2
284.35
78.67
38.37
268.19
789.87
681.96
475.81
281.92
712.9
357.54
460.28
509.94
608.7
630.35
205.86
465.91
410.17
667.43
142.59
230.91
527.5
9.73
562.29
289.12
112.02
206.43
673.72
593.98
507.48
429.81
122.84
481.48
733.14
1.68
318.79
100.71
745.48
293.18
283.82
519.69
131.96
650.07
599.52
742.62
726.01
284.31
433.23
668.58
214.7
149.9
204.1
71.6
667.73
80.15
89.05
7.5
326.61
542.46
558.98
666.08
225.17
551.37
664.16
401.04
492.86
7.63
507.33
282.83
306.06
222.4
126.39
574.18
642.12
781.59
440.05
426.68
720.96
563.69
33.06
724.89
546.5
736.46
421.67
393.98
632.94
155.93
568.92
55.42
490.18
140.52
571.13
24.98
397.65
479.86
378.58
528.23
153.29
50.92
203.26
551.83
504.66
582.08
413.57
346.11
573.31
94.19
785.9
700.97
2.03
147.9
248.37
126.36
720.11
296.93
80.25
586.93
632.12
399.6
428.44
186.9
204.32
351.42
161.94
97.84
380.81
576.64
72.48
562.69
331.89
442.25
211.68
456.44
570.71
668.29
566.33
218.03
537.93
163.67
50.47
35.55
187
295.73
547.73
331.9
16.25
387.31
669.47
684.29
630.42
201.68
752.36
113.18
32.04
563.97
526.74
175.65
600.37
784.05
176.8
127.93
452.28
341.36
363.08
401.15
237.11
23.83
179.29
622.16
528.01
708.04
556.83
520.28
427.92
437.37
365.43
516.59
134.2
369.39
399.23
190.99
460.65
704.62
391.41
95.64
258.02
418.31
384.04
340.41
709.77
489.78
391.55
376
743.47
485.26
551.07
622.51
408.27
696.47
65.13
386.43
17.17
409
84.18
4.93
71.59
392.16
147.03
342.02
211.1
392.66
269
148.57
551.17
615.23
388.31
412.88
211
675.21
122.06
672.86
8.42
641.47
289.56
234.84
703.95
34.28
253.13
635.29
451.15
115.36
49.26
113.1
701.83
270.32
135.36
66.19
275.49
204.18
768.53
478.16
52.22
350.26
324.42
259.33
457.59
261.62
479.76
374.71
713.29
346.02
418.42
729.51
531.55
112.41
709.9
352.82
10.38
566.77
13.21
76.27
579.35
562.65
365.73
546.95
71.24
441.3
162.3
316.27
147.14
25.09
29.45
445.92
41.04
491.33
628.21
611.26
733.98
167.93
252.58
282.06
127.05
25.65
61.85
76.62
725.43
652.42
172.4
384.22
782.42
115.59
369.48
110.57
186.62
389.69
660.93
454.35
105.54
20.1
573.91
94.96
622.95
421.15
534.83
424.2
409.1
94.84
466.96
90.17
607.48
573.76
197.91
493.4
39.74
520.55
594.44
112.15
173.2
5.98
212.97
326.38
765.59
169.07
58.63
520.15
703.91
516.35
238.93
706.98
755.11
251.64
301.98
389.29
507.8
323.42
455.54
60.57
117.16
105.73
40.26
490.67
443.21
701.79
589.2
9.98
609.29
464.79
270.38
140.22
470.69
574.7
206.43
257.51
644.32
157.85
495.64
251.27
751.15
579.46
558.92
89.99
151.37
338.46
166.18
682.18
525.17
298.25
598.72
52.25
131.25
460.52
793.74
109.67
533.74
142.49
376.03
210.79
45.67
247.19
260.97
527.64
321.37
754.08
662.05
158.91
67.08
523.99
384.19
602.08
393.73
494.49
544.16
160.9
688.1
177.39
81.37
554.98
102.95
83.1
331.45
83.92
773.52
62.49
254.55
240.5
267.3
338.16
633.51
502.79
610.88
24.38
54.81
118.88
718.57
666.41
597.66
327.15
696.84
16.76
518.7
666.52
139.72
496.21
404.9
128.12
189.54
251.87
413.21
197.07
702.84
8.19
404.31
290.13
324.35
486.58
344.61
105.13
297.09
21.5
181.96
49.96
72.67
453.57
711.61
620.91
412.61
668.81
36.52
508.84
477.13
747.12
213.05
383.27
85.2
99.67
368.09
382.72
708.51
776.85
237.2
775.8
3.55
94.61
447.43
465.65
97.68
517.18
523.04
519.68
596.7
480.49
786.37
295.65
620.73
535.35
3.6
593.07
533.09
601.62
332.62
635.86
380.29
14.73
39.84
696.72
199.94
129.29
116.62
504.76
489.91
14.81
164.96
297.28
83.21
65.54
171.62
64
85.64
284.55
647.26
182.37
129.75
412.24
15.82
635.57
355.44
581.74
687.18
629.37
771.74
438.52
43.29
375.36
435.66
462.61
550.85
316.5
326.38
566.53
205.3
400.92
93.07
269.65
459.21
492.54
172.47
691.22
719.73
241.43
135.49
369.51
268.55
467.62
225.77
111.83
793.58
419.81
699.11
730.58
557.52
763.01
333.41
525.01
424.96
677.03
387.98
659.32
792.37
641.25
386.55
419.84
633.95
429.76
461.41
772.79
384.49
605.27
413.95
350.83
754.84
32.75
90.25
392.08
458.84
218.01
774.54
312.42
29.26
598.28
213.78
20.65
110.56
374.06
246.88
157.93
562.36
221.54
353.57
498.88
171.29
396.63
192.67
639.95
580.12
325.41
607.3
773.17
443.37
713.25
164.87
581.99
474.33
4.03
66.14
757.37
63.72
417.92
471.77
583.92
252.92
257.51
78.18
279.73
48.32
42.81
605.47
778.47
259.71
585.44
98.82
218.4
366.46
147.18
198.95
588.46
571.57
112.3
680.47
370.29
419.1
564.6
25.11
680.59
55.34
777.46
346.71
541.42
706.55
581.46
345.77
691.39
212.54
782.13
716.2
9.56
13.71
77.34
645.1
73.83
85.06
477.49
34.68
309.2
163.05
325.33
426.02
237.18
434.31
373
582.64
477.54
348.44
99.32
776.66
544.48
695.07
525.08
168.6
570.74
659.22
407.41
483.94
273.11
288.43
21.46
33.05
649.15
512.81
365.87
502.57
465.67
47.79
593.35
419.23
408.39
161.6
477.33
328.35
794.68
139.27
701.11
695.72
254.39
440.01
604.52
93.84
153.79
644.66
259.87
742.44
108.38
442.29
725.28
646.91
622.9
730.15
553.65
442.72
280.52
514.91
401.3
385.6
530.66
685.63
700.92
685.28
404.06
444.67
442.93
477.95
66.92
734.71
460.72
282.71
738.55
287.05
281.57
548.75
15.98
720.59
122.25
383.43
124.98
605.76
219.26
152.62
145.62
673.19
340.39
184.22
105.55
555.05
520.55
217.26
31.58
710.41
51.95
301.97
128.81
759.98
565.27
792.98
112.36
387.17
601.58
531.67
431.19
577.21
414.04
762.05
433.62
488.01
565.87
617.83
133.26
562.31
153
22.44
538.54
511.11
642.48
222.13
792.55
250.13
487.19
309.36
614.96
444.68
198.71
456.71
219.74
525.27
176.35
631.08
398.24
776.52
444.89
179.81
4.85
145.27
614.88
45.64
511.96
33.43
678.61
757.25
778.13
321.93
359
679.14
703.43
455.96
79.9
219.09
25.32
737.72
206.44
622.81
287.52
187.45
743.41
342.8
223.32
613.31
258.18
766.44
100.28
708.64
104.88
548.35
568.3
117.41
278.66
647.26
172.21
530.36
425.33
429.78
632.81
749.79
30.31
649.31
65.66
473.2
522.81
456.23
188.09
102.97
474.23
623.23
346.17
449.7
74.22
635.35
567.36
258.32
348.08
689.2
436.9
299.25
80.69
205.97
80.44
182.58
251.85
202.63
629.2
169.54
701.58
388.82
623.46
790.28
41.23
180.3
238.95
480.24
693.58
436.78
39.52
121.42
12.45
127.66
294.86
150.46
457.37
143.76
206.09
344.98
521.84
340.86
43.71
52.63
633.94
71.89
263.63
393.52
204.86
310.82
329.34
299.85
312.46
704.23
64.38
532.49
279.81
0.52
396.01
228.6
623.24
148.01
635.96
528.45
580.93
222.48
294.69
112.82
429.58
213.9
601.21
154.33
166.18
714.12
271.05
424.5
411.4
169.78
676.95
291.72
750.04
215.98
368.48
729.15
445.31
484.03
528.4
547.14
596.03
127.52
35.98
427.93
707.39
522.81
569.07
447.65
431.95
556.35
407.63
762.27
74.49
784.14
527.31
261.83
460.22
467.52
691.62
774.5
447.75
192
575.83
311.99
448.3
88.54
445.97
135.31
85.57
389.06
44.11
531
461.98
646.43
97.04
246.89
549.11
623.73
150.39
307.53
344.32
272.08
693.01
750.16
453.88
430.15
107.59
546.23
722.84
643.16
231.2
733.36
46.86
25.57
314.45
348.8
349.2
262.35
671.94
793.45
469.43
576.6
523.74
414.08
585.91
194.22
442.9
464.31
495.47
289.11
16.18
673.24
752.17
231.55
788.35
302.37
746.82
498.01
794.69
27.04
96.69
189.18
217.82
721.1
270.93
549.36
357.59
580.23
94.56
119.55
479.77
668.66
158.9
580.68
235.86
547.67
725.25
214.34
676.4
64.63
65.54
165.81
624.96
787.8
23.64
248.69
431.97
716.98
420.2
603.02
650.18
604.65
790
402.52
238.02
63.95
526.22
405.05
347.41
723.33
620.07
279.74
394.61
192.81
699.4
187.18
712.94
555.34
766.13
758.73
786.52
795.66
793.94
102.79
195.67
398.1
292.6
454.1
741.13
414.26
378.9
782.09
348.58
347.26
636.36
771.23
317.93
490.9
775.31
370.16
313.78
109.2
414.36
182.25
618.81
784.32
714.81
432.09
673.61
792.22
544.3
38.24
164.95
74.92
148.94
91.56
639.7
579.98
47.24
97.83
542.98
321.71
512.36
28.99
366
294.44
220.25
248.88
203.96
300.14
448.59
391.42
493.04
582.31
293.76
750.68
466.91
642.85
516.96
605.95
550.73
251.57
45.84
768.89
467.7
381.75
116.29
212.08
468.38
23.21
106.3
421.88
334.68
634.86
777.3
497.81
14.46
637.98
442.47
793.27
510.71
720.31
234.48
397.52
544.57
786
97.82
634.79
92.88
33.81
4.11
1.34
538.23
95.76
55.1
744.39
303.96
273.43
55.2
458.9
507.53
268.22
443.19
461.85
543.89
491.25
530.08
261.73
715.48
28.51
74.47
796.71
473.13
73.44
637.71
464.59
562.09
445.07
169.04
50.58
161.85
580.83
600.31
613.78
779.13
376.34
56.52
434.02
500.31
770.17
93
68.62
379.44
463.69
696.46
24.21
53.42
95.92
432.89
211.96
156.19
393.82
376.17
705.9
61.14
156.83
699.87
489.62
349.46
21.23
244.14
473.45
595.91
17.11
62.79
481.92
480.37
705.88
48.61
5.22
50.5
346.9
368.06
624.56
767.79
95.62
195.32
121.84
51.82
249.22
385.17
357.07
622.01
520.42
269.27
176.17
232.67
145.91
785.01
220.56
163.05
644.53
261.59
772.43
67.09
61.98
473.81
493.87
380.19
249.05
646.27
533.84
148.44
418.33
579
630.94
794.12
677.15
80.46
383.12
403.72
178.23
443.48
12.34
379.7
291.65
545.22
53.49
525.5
313.83
50.92
593.02
729.33
641.65
795.09
503.24
32.56
17.31
587.26
294.65
98.2
206.54
330.27
721.02
253.65
126.44
151.16
442.3
312.98
338.73
614.39
77.9
27.69
630.16
393.03
303.42
219.3
550.88
339.19
328.5
482.12
181.46
44.3
86
304.04
48.23
223.31
423.71
630.91
330.46
308.32
726.42
54.39
759.49
46.6
138.72
87.21
420.46
327.13
442.06
620.6
797.67
409.47
190.54
591.69
445.09
249.35
22.03
519.82
543.75
387.84
325.68
638.53
298
272.39
30.32
191.45
77.21
107.87
726.46
278.3
340.82
610.65
778.21
105
730.64
394.84
7.04
754.58
593.18
179.09
535.71
751.86
344.3
370.25
284.9
341.47
619.49
539
13.61
590.85
336.51
40.92
501.28
626.24
154.12
215.88
77.86
331.13
6.91
473.89
300.73
540.97
470.59
484.49
390.59
234.47
28.8
287.15
2.35
759.03
319.88
486.44
732.12
66.55
304.78
546.13
703.28
93.83
201.87
389.78
417.79
319.56
89.12
142.21
551.18
170.81
61.42
522.28
74.15
604.82
307.49
442.96
628.78
32.45
109.58
78.58
271.62
312.94
767.05
645.27
784.52
282.54
15.13
137.82
647.86
168.28
527.92
247.64
260.82
109.83
662.44
655.96
499.66
275.21
157.45
558.35
270.07
523.73
386.75
464.12
731.78
381.08
412.73
704.58
331.45
300.17
508.25
479.63
555
138.72
711.03
621.93
725.45
489.16
668.58
742.18
101.26
643.41
31.75
570.02
763.82
39.31
8.31
244.37
279.3
131.15
660.04
589.55
526.41
175.47
252.15
589.17
744.46
150.09
363.93
374.44
615.72
474.4
774
188.21
18.05
414.33
648.38
122.57
144.91
298.23
592.72
481.71
719.62
153.12
724.38
393.89
64.03
420.11
626.67
732.42
585.54
641.04
450.75
35.75
380.42
550.99
671.65
202.8
448.21
711.68
39.93
436.13
512.16
280.08
18.88
167.59
391.04
526.43
8.53
792.8
209.77
679.95
140.97
310.45
542.62
151.53
394.21
509.4
631.53
346.76
534.88
767.37
241.8
500.95
83.59
316.06
234.27
532.65
546.14
724.34
596.64
542.04
313.3
183.34
425.72
171.74
754.61
641.93
456.83
212.4
583.91
14.35
611.78
250.15
267.87
310.89
112.9
709.87
36.82
554.8
67.15
712.95
563.81
128.82
550.27
397.76
485.68
206.22
511.57
633.5
558.77
541.96
156.22
348.77
352.91
613.59
378.06
148.88
155.84
732.19
704.79
119.88
334.73
550.48
142.72
755.02
99.54
225.28
246.81
472.38
699.89
782.95
590.29
164.25
717.96
343.41
710.35
567.34
126.25
560.58
222.58
640.3
320.07
388.45
331.96
756.99
543.69
582.96
437.24
34.15
697.05
99.42
45.27
312.89
60.2
271.81
309.08
516.93
548.25
319.1
333.77
264.64
277.95
784.92
117.69
528.59
488.47
624.97
376.83
669.65
572.91
198.49
737.53
250.79
360.16
654.56
124.8
693.54
390.19
539.27
240.85
788.15
234.52
18.32
406.71
450.14
109.67
517.75
724.86
414.28
248.14
569.93
267.43
218.01
689.1
670.54
235.92
283.77
143.04
455.38
716.03
493.21
528.03
320.15
331.87
701.54
641.54
527.95
526.58
67.95
671.07
613.68
114.14
433.32
8.08
182.28
252.19
229.38
255.11
592.86
159.9
273.13
504.92
578.54
47.73
215.5
298.12
233.24
16.22
161.26
90.68
156.72
46.84
43.31
587.89
231.21
430.06
758.37
701.95
403.83
183
107.28
739.5
81.59
783.23
309.76
310.16
12.1
30.9
204.98
434.43
150.76
589.79
285.38
173.71
645.66
527.86
121.75
615.48
188.87
751.13
69.27
313.56
446.62
496.93
438.39
577.35
495.2
696.43
118.88
536.43
460.95
511.78
157.77
184.86
794.11
733.38
102.15
438.69
716.34
212.8
198.04
26.37
23.97
644.53
383.01
226.71
164.18
356.38
567.89
763.94
532.2
537.92
92.84
692.38
612.48
622.42
507.17
336.09
714.15
157.56
208.05
289.38
575.43
400.07
795.15
443.5
81.01
180.16
1.45
104.68
662.86
504.1
19.37
360.69
317.28
169.22
357.49
579.2
229.62
157.59
639.78
308.83
522.46
600.91
428.4
666.08
229.38
32.33
270.47
351.66
544.76
709.82
738.15
438.79
583.63
168.59
708.2
767.88
552.1
785.45
783.65
171.36
553.38
65.85
677.23
352.98
489.29
248.75
351.03
231.21
515.28
483.55
477.72
198.66
305.09
748.48
725.56
392.25
138
448.23
448.15
766.89
746.05
397.61
574.84
7.08
434.04
422.38
330.29
83.8
681.09
173.71
363.21
381.25
514.81
37.74
794.88
668.56
162.32
209.56
164.9
705.53
230.46
288.73
418.56
797.5
153.98
649.9
228.81
769.71
641.02
174.03
231.02
796.31
763.13
423.63
229.09
750.65
32.5
266.73
563.45
603.91
37.49
771.7
206.88
407.57
705.52
703.39
248.46
475.69
645.11
447.23
655.15
458.1
728.41
361.95
482.16
640.69
144.72
196.11
379.63
459.22
337.56
49.94
631.33
499.9
782.59
496.84
653.46
744.45
681.42
657.98
448.09
410.95
511.59
678.63
294.54
11.73
758.41
330.17
508.32
302.33
329.58
35.97
561.93
243.99
541.23
140.27
23.75
506.33
671
663.58
713.43
317.49
265.18
155.67
394.04
573.34
575.9
733.65
324.8
152.18
507.99
628.54
451.33
305.65
368.1
799.89
17.62
233.87
509.4
410.89
605.13
304.86
580.43
244.23
183.41
111.62
643.52
593.39
696.3
63.21
41.71
792.42
388.48
636.85
616.89
536.26
277.06
444.48
662.89
298.78
739.54
637.76
796.58
566.79
299.16
184.4
407.83
264.74
165.44
633.73
386.88
221.65
766.49
265.2
698.89
490.05
402.47
798.21
145.48
422.86
764.64
80.51
687.87
545.47
592.29
17.8
485.75
581.32
216.63
204.33
668.36
331.36
122.91
503.65
732.4
237.99
766.02
529.55
221.56
458.01
504.41
442.21
462.44
324
744.02
471.34
540.48
52.49
64.57
515.04
148.46
89.04
44.6
404.37
396.86
481.99
646.61
443.17
556.97
240.58
601.15
693.47
459.1
239.1
199.11
286.56
729.44
584.14
587.81
206.1
305.23
137.55
96.43
374.41
791.19
60.32
516.5
782.45
1.5
11.22
763.89
782.47
191.45
225.63
326.37
453.25
287.27
9.08
113.6
10.5
376.19
329.15
353.62
177.17
505.92
677.72
293.64
332.02
286.42
295.96
188.33
728.48
254.18
185.88
29.04
552.09
348.46
64.53
173.56
515.13
350.27
700.95
213.06
326.01
443.87
741.35
664.61
420.14
342.6
399.94
751.33
103.67
189.13
430.81
761.39
173.33
24.65
532.56
598.69
457.02
482.35
36.11
325.89
605.12
385.47
757.96
277.43
214.45
118.23
33.11
481.34
142.1
84.36
106.48
259.41
1.21
652.76
625.31
58.69
722.8
677.27
744.53
496.71
249.21
91.91
104.68
534.22
674
399.56
755.69
743.7
755.09
754.68
147.44
193.65
485.13
150.8
222.16
91.82
753.92
526.26
348.47
133.27
504.78
720.39
385.89
120.13
152.66
229.35
578.32
383.73
592.47
482.74
336.15
694.17
144.45
563.42
794.37
375.64
98.1
64.7
719.17
85.25
556.46
517
56.16
211.86
279.59
546.43
667.36
774.57
404.73
763.46
288.17
461.46
359.22
119.18
287.68
107.9
11.67
564.63
259.7
509.46
444.77
617.41
53.45
791.86
291.45
37.18
264.9
135.81
288.45
131.61
325.63
635.13
775.35
731.56
239.38
220.28
670.76
389.58
6.78
469.69
361.72
75.14
427.96
525.82
361.53
600.47
648.47
174.16
770.47
458.06
581.33
789.75
506.95
799.47
113.14
592.73
239.75
113.85
799.93
294.91
222.46
581.05
67.09
582.25
727.46
313.62
8.52
198.12
702.73
537.86
666.29
207.6
448.5
285.83
22.44
710.65
658
385.04
421.55
22.71
692.68
263.54
241.51
573.48
732.27
473.88
102.17
346.2
275.79
640.5
370.34
513.24
114.53
228.68
743.96
589.71
421.94
238.4
793.78
400.46
254.18
292.84
175.7
746.33
390.76
472.29
221.47
51.8
266.03
161.35
6.96
756.17
447.5
560.21
40.64
624.16
88.57
567.5
539.99
743.83
42.35
94.58
54.31
413.07
334.07
236.94
384.91
699.8
703.97
4.08
181.53
388.78
467.25
769.61
438.91
418.56
576.31
567.87
608.59
302.12
696.85
176.17
600.55
454.41
779.11
68.97
262.13
177.85
59.66
187.12
254.48
13.3
528.08
600.43
261.55
758.83
671.65
224.98
177.86
395.28
183.72
216.68
773.95
75.72
449.06
578.51
542.36
33.65
714.74
465.09
235.98
84.45
392.96
435.39
558.58
248.45
696.04
209.08
80.01
493.25
172.3
548.02
417.42
773.62
349.03
592.49
547.14
198.61
732.96
577.12
775.65
595.19
120.66
83.76
164.43
663
430.73
288.25
687.45
396.94
497.42
365.74
588.5
708.09
798.46
548.64
173
754.28
118.89
278.15
302.35
440.39
383.85
469.86
150.28
223.33
749.4
312.3
321.03
572.51
472.23
633.17
684.27
555.63
161.5
405.08
769.09
535.73
744.31
438.47
445.93
491.62
356.34
579.77
108.8
116.78
680.48
781.66
670.74
617.19
120.21
217.41
199.85
766.5
273.21
539.34
240.24
788.17
162.28
209.89
695.77
194.82
360.54
763.85
480.09
496.17
252.31
578.23
610.71
792.55
393.63
368.71
788.81
93.32
513.42
426.55
730.3
375.64
353.23
105.75
256.38
224.8
770.3
189.22
145.6
422.39
629.54
362.98
505.57
95.45
273.34
31.96
429.41
755
532.92
318.44
790.24
325.47
126.62
654.73
689.09
525.08
319.91
694.86
639.01
745.89
47.38
79.26
425.46
798.44
613.97
741.15
271.58
38.32
384.58
400.21
692.63
622.57
210.12
746
335.68
584.65
293.98
555.58
28.15
774.32
509.04
275.68
455.73
717.53
409.19
553.73
412.09
632.89
17.9
512.08
696.61
69.53
406.95
86.72
494.74
377.92
158.4
3.88
114.86
681.64
479.3
170.68
215.69
451.57
337.95
758.61
247
389.13
494.85
406.38
371.78
698.65
650.57
119.35
105.7
153.47
254.81
193.54
748.19
345.94
573.46
581.65
138.06
240.81
119.2
378.36
281.77
787.32
341.33
34.06
325.79
94.68
590.45
221.25
203.84
614.58
384.5
617.99
443.64
244.38
585.41
38.1
41.38
149.26
384.89
588.21
539.99
71.17
226.93
572.08
748.36
572.01
787.47
720.42
765.39
268.95
197.82
78.11
12.66
215.07
739.73
755.54
310.5
151.65
80.08
416.9
448.77
366.8
491.45
212.6
219.12
518.48
482.07
42.82
335.63
312.11
654.77
427.82
420.92
162.33
204.64
382.64
650.53
127.24
557.7
363.99
517.5
98.38
617.07
62.29
760.13
383.63
91.91
112.79
773.4
529.63
132.89
54.56
208.55
635.38
742.98
32.59
606.97
291.55
487.84
767.68
664.27
595.51
669.17
798.36
582.65
288.67
719.23
96.15
177.9
426.3
232.56
727.92
104.34
405.4
3.15
55.3
320.29
59.33
772.35
401.5
447.25
370.72
142.7
775.65
311.67
449.79
793.97
481.29
693.1
744.57
102.17
120.74
171.93
686.39
395.27
1.25
85.91
687.02
756.49
459.41
395.96
537.67
343.14
294.76
57.62
703.4
430.79
192.72
735.9
488.6
114.94
204.51
302.04
7.91
573.38
434.28
786.64
6.11
650.62
328.99
583.41
427.51
530.82
745.89
284.96
753.79
655.45
29.65
146.42
534.45
707.06
437.59
40.64
493.09
414.39
92.53
79.2
772.91
565.93
497.36
93.67
32.83
521.62
369.05
296.19
796.23
298.37
591.15
450.74
729.22
605.6
132.38
680.73
378.63
395.94
278.87
638.04
421.04
788.9
402.44
467.41
702.02
643.04
633.19
648.57
596.24
283.92
717.01
543.73
241.74
151.76
82.78
635.77
685.66
786.88
560.83
335.42
518.08
63.16
573.26
217.25
84.21
192.03
342.15
332.97
511.42
327.4
53.35
499.67
330.54
314.2
737.59
416.38
38.32
504.71
10.89
473.09
162.08
567.17
771.71
115.71
490.87
654.11
538.02
721.04
499.7
13.8
117.59
729.47
582.75
725.63
372.55
325.23
602.55
520.52
410.52
596.86
27.61
502.67
474.57
557.46
605.2
41.47
751.61
76.65
334.09
129.84
419.1
317.59
204
162.19
127.01
517.21
355.12
668.73
360.04
326.39
100.38
702.5
137.05
17.22
56.8
77.99
634.94
257.97
330.92
714.6
243.3
622.72
346.54
659.12
133.26
790.85
786.13
78.92
798.6
542.02
81.56
412.54
517.95
99.14
600.56
153.27
133.6
103.8
365.83
580.45
690.53
114.11
267.86
362.23
234.28
295.5
433.23
40.23
289.14
799.38
474.79
257.15
638.41
531.02
4.35
781.79
753.4
199.75
398.23
23.31
247.58
727.07
542.74
414.47
623.73
11.09
717.74
649.12
327.15
289.63
208.08
194.44
512.43
535.8
292.31
194.2
102.29
21.53
261.42
150.86
328.42
713.38
613.62
764.02
119.87
474.46
101.52
524.69
156.53
695.08
379.21
362.85
10.86
337.67
351.94
712.15
221.93
261.99
250.82
345.02
221.19
596.53
143.18
447.6
193.62
281.9
420.19
89.5
604.37
573.95
501.74
641.5
247.56
519.17
254.37
559.09
372.35
637.54
727.34
507.15
617.35
58.41
424.29
748.51
384.37
526.17
476.75
273.93
588.75
520.36
741.39
628.47
600.24
496.81
435.51
500.44
752.49
121.25
680.85
576.84
262.69
397.5
566.8
118.2
665.25
311.35
691.29
363.8
284.79
143.38
530.21
141.45
165.37
193.89
7.24
196.02
690.51
444.06
131.54
630.66
377.07
469.61
699.32
798.17
490.81
528.77
257.32
719.69
798.13
255.36
55.49
289.17
662.17
331.62
627.32
401.3
522.55
363.55
448.25
771.68
35.49
155.59
91.59
557.05
205.32
656.8
693.79
732.91
445.79
505.59
494.61
583.19
282.52
154.83
787.1
415.86
369.13
511.54
723.16
434.96
413.76
603.9
326.02
612.32
492.28
388.07
684.21
777.37
632.17
294.67
338.95
99.61
459.09
335.07
638.5
399.53
469.32
230.23
102.35
763.88
747.19
250.7
775.19
565.85
621.97
712.48
76.25
245.8
381.31
373.14
284.62
554.44
104.97
613.11
344.77
420.65
189.6
140.17
507.55
488.25
286.7
111.3
697.12
50.73
128.42
253.89
264.65
291.08
291.09
432.82
203.41
238.52
623.68
413.91
551.89
382.54
309.01
609.84
526.08
127.8
409.74
130.03
717.92
581.57
242.73
735.09
469.44
752.98
762.93
227.3
538.79
614.35
335.75
196.22
25.58
774.56
475.31
581.78
642.57
489.52
689.94
85.18
784.93
779.63
328.92
699.84
731.07
157.2
215.35
792.16
702.56
179.74
796.86
365.14
485.89
65.76
710.06
355.19
728.69
13.73
195.9
23.15
411.27
418.72
776.82
21.05
647.69
264.31
408.27
543.46
128.54
517.34
391.5
746.18
771.47
789.4
221.69
243.98
319.19
251.39
716.65
606.39
254.01
576.13
719.54
604.48
239.63
420.19
485.37
422.99
510.49
193.42
226.77
413.09
247.21
71.51
320.59
738.7
328.9
638.23
74.89
472.12
120.89
89.9
558.88
644.89
458.93
2.39
256.97
695.88
555.85
650.48
184.06
630.87
236.78
495.11
725.54
586.9
232.02
603.64
783.87
707.39
324.14
696.69
674.4
290.37
199.86
438.17
569.75
174.02
146.72
68.65
86.17
418.48
372.25
161.58
230.98
330.22
781.46
417.54
470.78
51.26
19.12
514
777.34
273.96
366.09
118.85
62.1
258.71
113.28
415.49
31
618.85
81.74
452.05
548.12
317.83
792.68
393.49
427.93
630.93
33.79
91.51
353.24
306.46
186.39
392.52
764.72
181.72
91.32
512.71
254.55
312.71
137.24
407.56
507.56
401.97
549.64
12.96
281.87
597.17
586.32
752.95
71.89
664.69
22.96
464.55
403.89
356.24
142.8
43.17
125.94
723.53
145.89
171.4
145.72
120.33
684.04
287.78
574.39
497.84
48.21
767.34
361.5
518.24
364
304.03
377.65
251.71
504
111.15
772.65
398.64
2.08
559.2
373.13
50.65
700.07
92.16
88.9
354.35
659.15
427.47
638.64
498.42
470.85
182.12
768.81
86.13
194.55
488.61
272.23
369.34
694.12
646.36
176.51
202.48
162.19
4.66
70.75
67.29
526.35
41.22
339.99
304.64
95.98
589.12
303.73
730.33
251.68
653.83
120.44
536.81
550.53
671.07
518.13
726.83
345.57
21.1
352.89
369.93
199
772.55
419.08
705.7
426.67
330.23
278.51
663.96
598.69
208.96
419.37
209.62
52.54
132.67
556.67
152.86
586.19
15.69
201.48
456.13
222.74
171.67
132.39
384.37
515.83
467.48
473.73
454.72
500.56
157.3
579.08
482.27
168.65
662.25
524.07
797.13
718.98
337.5
132.43
767.77
760.94
463.04
247.98
184.01
464.31
636.01
298.91
69.76
537.71
244.49
344.59
240.08
734.7
191.03
548.63
431.43
32.41
339.94
579.78
385.56
290.16
400.88
20.25
486.12
164.7
132.62
366.21
730
645.31
446.8
89.25
187.22
702.19
395.94
23.66
581.1
168.76
71.61
619.13
228.86
509.66
77.81
791.65
782.66
358.14
617.35
358.5
547.95
222.75
109.59
693.4
734.4
356.58
485.78
751.31
515.45
678.02
122.76
486.64
483.66
149.78
25.18
784.39
390.5
104.92
412.63
135.61
757.93
304.57
760.63
738.85
126.09
276.66
420.13
628.45
412.75
693.46
744.82
207.5
64.87
283.91
356.78
105.46
669.27
719.85
642.16
17.6
295.11
520.37
14.83
218.25
561.58
629.68
217.54
495.08
417.86
750.65
41.67
296.85
577.18
477.94
760.31
593.86
590.35
356.67
515.87
565.05
484.04
332
470.42
374.8
217.68
325.8
225.02
766.76
764.78
554.54
233.22
419.71
568.1
615.16
312.76
512.25
213.18
246.27
232.39
687.59
683.85
124.75
143.23
554.7
415.39
192.72
271.47
91.86
204.98
32.47
177.64
161.26
732.83
404
533.79
659.76
102.16
539.78
791.37
472.71
520.9
162.43
589.52
470.93
88.62
695.55
505.25
763.95
135.94
723.34
95.97
112.02
452.07
550.5
755.05
542.77
307.88
496.54
465.81
561.77
410.1
618.64
398.95
440.59
551.77
305.02
368.62
99.64
693.97
266.79
546.74
638.2
644.65
680.3
10.06
730.72
139.68
309.82
515.69
442.87
433.5
119.35
118.45
187.22
187.26
244.44
791.28
280.34
555.14
642.78
463.24
324.26
770.43
756.35
661.06
297.97
765.13
795.98
40.26
677.02
380.09
13.67
754.79
775.63
339.94
127.45
195.39
226.03
256.54
467.61
606.34
204.49
789.03
80.35
752.16
406.5
451.63
261.61
690.36
31.32
403.98
443.72
343.16
191.25
733.3
375.25
734.7
389.05
122.5
732.73
559.56
3.9
669.03
23.25
534.22
376.21
461.28
607.9
430.71
444.06
230.45
617.83
234.73
142.01
324.04
690.48
503.57
88.54
451.78 /

COPY
	PERMX PERMY  /
	PERMX PERMZ  /
/
MULTIPLY
	PERMZ 0.01 /
/
