---------------------------------
-- Permability values for SPE9 --
---------------------------------

-- Permeability distribution visualized in figure 5 in Killough's paper
-- Killough says 'The input data included in the distribution to
-- the participants included a geostatistically generated 
-- permeability field'

-- The values below are taken from Killough's dataset, they are
-- not based on the figure in the paper.

-- Explanation to how the data in PERMX is organized:
-- Under each LAYER (i.e. K-value), 
-- there are 25 ROWS (i.e J-values) under which there are
-- 24 entries (i.e. I-values) 

PERMX
795.52
145.43
733.29
450.92
359.46
360.1
241.82
556.68
179.34
31.93
326.56
65.11
274.29
792.57
621.06
83.58
18.37
465.41
145.54
259
464.45
90.3
747.77
625.72
90.99
339.06
687.48
343.28
477.36
39.24
332.84
488.17
496.84
129.23
554.06
376.24
730.07
691.11
647.34
654.07
722.7
66.03
459.81
455.23
407.42
375.26
428.74
490.53
597.81
583.18
377.98
331.85
617.6
414.27
181.01
125.17
41.74
538.49
348.26
229.26
48.41
447.99
404.7
770.83
354.41
564.95
757.78
445.31
235.48
69.26
297.75
531.92
662.34
5.71
401.62
474.89
126.31
243.02
189.13
24.1
193.52
429.68
446.23
140.28
579.21
659.25
671.9
466.18
700.46
237.61
434.43
449.57
550.8
374.93
18.97
331.57
498.23
19.88
97.26
161.25
67.32
431.17
26.75
76.42
176.37
618.45
79.68
311.47
652.55
577.95
610.82
260.84
740.06
771.76
564.53
78.58
65.36
61.53
248.98
793.21
248.23
329.4
734.86
667.67
761.56
776.33
154.44
141.89
236.43
21.3
549.07
730.97
258.75
163.75
551.42
337.27
51.05
320.94
616.29
285.43
450.35
711.31
774.9
210.41
262.92
81.59
378.49
307.36
376.74
116.07
201.66
215.72
329.28
503.24
59.9
731.12
470.52
554.09
200.83
71.73
557.17
374.59
271.55
157.83
244.37
465.84
15.07
278.18
198.68
161.6
668.23
616.4
438.95
245.57
477.88
186.14
136.52
119.96
678.39
284.62
557.11
599.73
82.86
222.87
370.13
174.18
625.74
595.79
195.99
513.43
133.26
599.34
507.64
439.62
305.87
333.94
670.58
482.75
207.49
330.55
442.7
791.42
165.62
616.13
606.87
440.6
624.64
262.16
204.27
650.38
26.05
508.09
237.66
721.64
546.45
291.58
210.14
287.58
582.79
253.64
496.33
43.52
446.49
469.93
431.28
715.9
186.57
514.65
64.9
299.45
566.26
11.2
540.94
157.08
478.32
89.16
517.04
687.72
173.55
619.96
499.57
166.09
191.96
6.79
259.26
798.84
15.43
178.53
722.03
682.92
703.48
492.58
579.76
25.3
191.43
727.27
518.05
656.52
459.63
567.14
89.35
573.77
587.65
445.07
601.37
224.37
749.97
361.24
681.5
428.57
379.12
6.23
549.4
168.34
76.52
472.62
176.74
122.5
792.66
779.54
208.26
412.06
777.3
75.08
152.55
469.23
218.1
0.77
703.59
458
249.85
583.93
573.97
318.83
158.12
757.97
678.71
605.48
45.11
224.38
43.82
197.43
62.56
177.27
75.08
201.79
384.26
362.71
792.29
333.09
349.95
538.49
12.66
363.86
129.4
427.08
547.95
589.54
743.52
473.69
2.03
693.95
240.04
586.82
354.29
32.81
778.39
271.9
722.97
284.63
612.43
654.37
149.26
701.25
170.96
122.02
166.45
1.26
406.77
478.41
6.32
303.77
316.67
444.44
74.38
395.53
50.71
335.98
180.24
671.53
279.54
123.04
630.05
359.35
218.15
268.41
480.02
299.32
485.83
539.67
226.94
428.36
294.89
45.11
536.77
470.37
428.34
206.78
68.87
103.11
469.45
493.08
636.71
488.72
565.43
170.48
349.5
323.94
554.36
775.28
797.72
279.13
234.21
665.44
478.33
196.76
228.22
30.51
22.42
182.37
750.87
105.07
32.46
244.13
245.17
150.03
679.91
473.33
548.7
347.46
300.67
76.95
411.57
712.37
144.03
221.22
780.56
712.1
168.65
212.75
418.78
133.77
651.88
138.08
123.73
483.38
331.7
192.29
472.81
620.72
759.97
526.38
783.51
110.72
507.76
183.35
613.67
555.2
633.98
390.23
75.62
206.22
275.98
203.85
225.79
584.23
756.68
492.82
183.17
315.19
165.6
500.99
93.24
335.34
293.31
740.25
518.39
780.25
773.01
127.35
662.89
537.07
427.55
107.26
339.2
628.03
744.74
104.29
184.34
783.75
566.97
23.61
391.33
658.98
289.61
356.9
258.01
337.78
77.22
478.09
773.08
476.02
174.99
157.89
295.78
330.14
256.33
366.38
497.83
718.42
694.79
691.38
389.8
444.92
148.07
461.11
161.96
307.32
300.14
780.64
178.23
772.83
491.95
519.98
670.31
364.72
29.26
22.82
496.96
466.71
726.58
155.74
41.95
733.04
540.95
708.56
694.56
276.63
201.6
799.43
177.59
483.59
705.17
137.33
330.3
648.3
563.37
566.37
295.1
494.43
328.96
584.55
494.56
546.53
336.69
397.26
727.39
543.99
707.43
718.5
155.62
79.96
547.8
174.7
460.83
182.58
666.93
543.37
271.32
423.48
344.91
756.16
66.93
554.7
165.17
476.85
271.66
502.04
215.18
498.97
689.96
331.13
154.24
395.79
112.19
618.71
15.36
188.81
660.15
283.39
726.35
255.89
499.61
579.97
299.62
650.81
585.84
397.72
797.57
25.73
586.11
343.97
563.44
526.95
713.92
82.26
379.67
173.91
76.02
582.71
766.32
46.66
16.34
134.84
465.68
230.27
29.1
54.81
153.63
683.86
106.26
687.89
12.81
789.37
222.54
184.32
80.12
282.29
792.24
485.28
380.61
657.6
755.22
372.54
73.83
727.95
660.86
552.12
199.39
89.33
712.24
495.35
230.15
648.07
764.73
503.82
702.11
367.02
383.24
313.23
228.48
143.77
659.42
9.01
432.05
552
760.8
435.9
462.71
434.18
9.37
688.26
409.06
83.72
277.13
78.98
408.53
604.1
269.37
782.62
23.05
220.79
251.66
518.6
610.41
714.17
683.95
494.09
449.99
77.21
765.81
766.78
137.95
226.27
235.37
141.76
111.86
305.6
11.31
609.11
133.92
218.3
131.17
273.01
128.4
368.44
279.04
45.2
188.84
234.68
425.5
12.94
499.54
286.64
164.69
124.4
470.24
594.69
451.12
362.53
199.93
532.96
58.02
759.2
728.7
216.2
633.9
514.28
589.74
612.84
95.19
268.72
751.34
634.9
6.22
158.95
591.95
459.58
181.89
641.98
559.92
734.89
460.27
528.66
456.37
16.38
451.66
97.43
468.75
178.59
28.66
310.6
758.59
647.26
460.79
249.03
471.15
504.66
332.5
195.72
640.63
6.33
653.92
649.94
662.96
730.87
464.75
108.73
394.14
754.27
727.32
183.83
266.74
586.21
406.04
5.66
195.57
776.61
608.47
652.92
304.71
78.82
236.11
397.6
196.09
764.73
556.46
437.25
437.29
527.66
223.58
178.38
135.4
419.51
414.86
520.1
462.49
727.38
137.11
462.61
328.59
611.52
569.92
238.77
213.1
763.09
305.81
672.39
113.73
20.82
435.86
794.88
109.87
294.9
787.57
653.98
268.78
426.37
601.7
468.76
435.23
409.26
301.38
49.6
743.27
126.28
131.64
415.66
331.27
534.44
43.55
288.48
98.63
479.2
789.45
612.2
94.71
532.41
215.8
277.01
298.96
591.72
497.03
463.69
461.99
76.9
8.2
748.06
82.62
609.35
184.34
722.39
582.17
413.71
164.98
783.95
68.31
771.65
385.34
325.65
331.14
501.09
315.49
192.64
321.15
532.63
501.56
96.19
370.48
443.8
782.99
183.32
162.76
581.69
211.17
154.41
577.26
220.69
504.31
12.83
186.04
403.67
400.46
99.1
675.35
289.5
60.77
645.63
492.71
624.9
106.95
714.88
655.2
241.25
784.34
785.82
214.9
346.8
283.53
402.27
333.16
29.1
497.25
439.29
506.58
353.44
646.69
234.97
229.3
541.8
185.24
125.85
474.4
84.93
683.01
752.85
600.33
404.8
124.46
716.2
625.2
273.3
696.18
306.66
409.88
419.88
418.09
630.31
685.27
598.81
366.2
258.1
156.95
297.65
194.18
786.85
306.75
65.45
527.21
673.4
244.96
696.1
212.48
676.21
651.85
672.44
705.29
104.47
8.78
396.5
426.65
67.68
749.04
27.78
237.25
99.66
607.82
526.06
394.63
777.31
610.27
280.18
726.7
72.18
722.68
528.37
527.87
295.14
591.73
728.13
159.73
439.17
648.52
558.84
504.65
776.41
525.24
187.11
359.75
755.52
406.78
602.33
22.95
506.56
22.24
731.13
632.32
37.29
169.47
476.96
65.56
611.23
199.31
344.97
497.73
783.73
201.45
646.13
603.25
532.49
432.28
45.29
531.46
595.6
400.06
12.86
216.22
195.63
409.62
455.01
735.1
230.89
475.92
46.99
376.48
150.13
176.6
36.51
48.53
254.3
366.95
71.52
391.62
94.81
210.74
349.9
347.57
619.85
330.11
619.11
472.59
623.22
767.29
75.15
474
265.76
17.28
675.11
153.47
365.81
558.34
299.91
409.95
225.92
17.05
652.95
373.54
723.42
377.41
288.33
778.39
461
471.1
214.78
152.3
149.28
12.94
737.18
651.93
610
485.16
311.68
9.46
595.11
114.08
477.01
689.97
632.1
102.82
96.3
771.41
122.81
743.01
86.28
227.73
795.07
113.43
588.94
191.15
642.78
258.67
40.69
565.97
33.5
695.63
769.12
491.78
646.2
691.4
695.88
53.05
397.05
28.38
289.24
271.48
68.29
668.21
564.52
554.01
148.94
330.74
624.12
790.15
237.37
563.78
108.45
433.38
174.09
223.53
418.45
79
227.29
35.29
634.24
782.78
784.95
627.33
789.45
151.94
427.73
234.87
553.76
538.34
419.57
142.06
364.71
402.92
68.36
758.45
685.46
434.49
153.1
365.95
546.93
442.41
445.72
130.33
372.12
657.15
331.05
412.63
607.18
4.84
588.99
327.48
382.07
117.55
336.56
765.56
714.75
355.69
362.95
461.48
172.64
476.49
358.03
672.04
35.43
668.67
723.34
454.96
124.29
410.45
758.03
156.75
660.23
425.48
685.62
193.02
16.9
308.07
477.95
516.43
601.75
75.77
728.73
81.44
187.56
744.4
285.2
515.14
308.34
140.49
602.25
257.55
403.04
165.29
381.62
498.46
422.09
337.19
153.42
361.67
474.89
454.04
648.55
317.88
206.25
647.05
696.43
431.41
327.93
534.89
658.96
179.51
99.51
787.48
448.9
182.6
531.09
293.01
472.49
396
431.9
481.72
348.16
500.08
257.01
353.99
389.98
418.78
671.43
685.02
669.9
675.97
233.65
569.94
394.13
539.78
521.7
17.82
618.67
46.34
720.7
669.84
566.81
184.3
556.97
16.04
26.91
0.95
720.31
343.35
167.03
113.04
351.61
673.24
548.74
29.41
756.99
449.49
39.1
489.53
343.93
316.44
409.2
559.63
46.06
717.84
544.36
576.39
146
563.83
496.89
95.37
761.92
438.3
424.78
291.85
258.82
797.82
292.01
406.44
551.22
256.6
101.8
463.04
123.82
529.54
777.57
650.83
366.5
114.58
417.18
267.38
678.63
308.02
289.09
257.28
307.81
241.16
39.97
742.99
342.96
511.38
101.49
44.16
94.6
730.74
178.17
450.27
165.68
676.18
602.88
771.92
321.45
326.37
386.09
23.63
261.74
112.66
267.85
673.53
720.71
263.19
275.65
81.59
347.21
430.43
113.88
666.74
414.14
799.48
709.46
398.08
771.62
198.28
288.09
56.04
337.9
55.71
209.72
98.52
63.85
790.23
595.19
275.51
648.17
190.08
275.9
199.02
428.86
507.19
387.76
704.4
730.34
230.21
281.15
470.34
562.01
17.99
608.64
412.29
118.69
41.15
105.61
471.87
727.79
159.42
78.16
634.22
303.26
609.63
414.64
58.17
386.93
447.18
172.91
575.9
502.88
632.23
677.8
566.95
621.99
259.58
711.87
533.35
52.13
423.05
541.1
596.01
226.87
126.26
65.99
234.3
73.85
369.6
756.72
17.24
447.6
35.36
605.79
193.66
522.72
335.3
419.31
602.94
375.43
771.22
732.39
107.86
427.21
371.81
469.9
0.2
582.22
679.08
193.02
603.23
147.41
5.65
261.16
743.35
549.6
420.36
597.63
70.46
362.56
87.89
791.17
757.72
640.56
176.13
345.56
758.88
142.16
770.71
583.93
347.32
500.06
187.33
232.31
284.66
90.25
342.61
388.44
724.4
559.04
365.53
464.3
531.28
193.28
3.39
264.8
258.62
149.82
653.79
310.96
761.57
314.25
260.07
81.57
156.51
218.81
530.39
341.14
237.15
379.32
168.27
323.44
368.77
709.84
19.73
390.07
83.06
274.13
492.46
357.86
532.85
288.54
623.16
542.59
789.96
545.09
526.75
337.2
727.03
342.21
793.27
745.28
796.87
17.61
308.92
188.76
535.71
294.77
766.35
168.06
524.36
426.68
793.74
532.05
8.67
5.03
142.86
266.77
168.25
315.74
659.23
406.52
771.44
292.83
638.95
435.31
621.54
279.03
61.67
734.9
484.19
396.51
664.72
457.04
5.36
142
686.43
440.23
432.48
191.71
92.95
265.75
614.81
6.68
214.86
404.56
130.06
618.91
586.98
229.27
388.21
595.48
642.76
234.39
443.25
88.88
400.31
760.05
459.81
799.2
480.09
349.7
479.83
535.44
391.12
699.35
788.86
508.51
301.84
415.05
389.88
711.99
394.01
407.17
197.37
535.52
678.86
693.66
717.7
392.53
674.4
736.6
505.91
644.59
636.85
208.06
217.88
148.04
131.33
259.65
140.17
328.72
424.29
47.75
460.43
764.12
659.64
546.4
102.41
159.64
211.75
193.35
299.28
414.03
459.32
674.76
547.98
666.69
180.82
679.23
66.44
516.09
237.52
255.62
705.69
119.01
672.54
347.09
415.75
521.39
78.41
437.44
778.8
407.38
88.17
48.31
154.83
673.44
156.89
219.26
42.93
562.52
425.37
774.97
123.53
396.91
39.81
344.72
271.02
254.89
764.21
561.93
706.87
347.04
156.45
293.31
647.22
679.77
334.03
339.12
558.62
397.07
403.54
491.19
365.03
463.97
263.53
175.07
455.89
20.86
366.93
587.55
278.28
228.91
714.42
525.57
374.95
95.9
122.76
452.59
13.7
622.6
683.88
52.71
515.45
250.86
660.7
692.86
44.7
318.13
216.01
254.7
786.75
671.29
645
474.06
357.01
564.7
551.11
143.21
122.76
706.81
261.08
798.12
203.42
78.54
498.62
550.1
47.97
426.95
731.35
263.65
787.11
660.81
207.63
395.12
231.72
555.63
630.59
590.53
762.27
226.16
242.98
771.69
352.51
360.14
320.78
342.72
556.7
58.07
88.16
274.7
762.85
229
167.03
480.3
114.62
571.42
241.58
86.61
10.34
685.18
464.79
781.12
381.2
362.19
50.2
66.7
16.25
498.79
409.55
516.5
366.69
630.56
492.12
308.94
247.81
273.57
468.01
440.07
210.22
755.94
635.61
498.05
631.63
314.85
7.09
707.8
288.87
253.76
578.25
674.09
243.22
621.16
9.14
114.35
193.35
756.23
48.17
76.67
777.4
55.1
746.64
505.32
589.87
286.47
484.6
626.66
784.02
495.04
174.54
239.53
519.9
711.82
700.14
517.6
193.92
40.82
677.35
669.48
96.93
590.59
183.02
565.86
363.9
412.91
196.78
0.48
8.04
741.71
263.87
133.2
114.22
27.37
403.65
160.5
750.61
601.35
633.68
500.38
66.1
502.12
666.44
50.1
488.67
49.22
154.04
657.47
559.38
596.66
761.65
461.99
23.17
535.12
188.24
768.57
376.7
167.76
603.86
524.63
216.49
711.09
702.65
690.63
502.11
33.54
235.04
714.49
654.97
253.77
798.62
457.8
32.34
55.96
256.94
536.17
697.44
362.09
183.1
206.43
634.18
404.8
140.36
455.76
775.92
169.65
776.37
274.52
84.68
691.62
480.43
21.27
56.68
218.52
377.76
85.07
615.93
734.04
567.26
767.14
568.38
503.11
682.05
445.25
664.68
422.29
660.24
797.15
618.96
270.47
305.12
231.75
352.75
498.79
207.85
119.92
55.85
744.51
371.81
536.22
208.54
745.93
421.94
144.5
288.72
126.8
415.34
194.88
552.98
200.51
340.55
134.01
667.4
306.13
603.43
203.55
724.02
628.11
326.55
328.98
313.74
585.92
388.26
101.23
712.66
744.54
673.37
733.71
356.05
40.23
685.61
321.81
151.63
396.22
285.07
211.48
551.37
32.81
453.95
760.7
403.38
628.89
583.4
208.49
393.1
717.59
450.19
13.43
389.2
754.05
292.26
46.7
784.9
555.09
233.74
7.41
275.84
572.84
520.6
253.94
543
255.02
73.11
741.31
361.38
523.53
90.86
610.58
774.74
206.81
114.12
607.37
589.56
181.68
676.78
558.71
660.96
262.2
244.32
179.43
175.32
357.93
306.22
699.09
84.24
297.92
566.45
459.63
7.26
641.95
497.12
15.63
699.1
414.6
197.4
798.42
159.81
57.83
649.75
31.8
83.33
641.64
503.14
595.93
402.96
187.33
541.74
263.81
345.69
742.54
168.73
29.34
176.85
271.49
709.75
262.07
164.58
741.51
724.01
628.52
467.95
75.99
252.34
528.8
448.97
242.07
508.32
683.17
651.79
348.83
255.55
449.35
256.02
704.1
659.72
224.77
347.51
683.39
340.81
781.32
173.25
610.5
172.98
222.06
222.26
473.84
656.24
456.76
222.04
540.34
603.21
763.03
599.62
100.46
357.92
511.16
507.83
423.63
697.66
157.46
464.76
374.55
204.38
514.16
717.36
768.39
231.17
245.22
310.06
289.84
774.37
461.26
52.41
279.05
157.64
494.18
651.63
770.44
352.5
274.7
675.84
535.45
702.54
161.86
265.7
296.54
296.77
594.81
669.34
109.55
426.29
209
452.9
240.24
30.51
235.83
344.07
317.81
206.63
437.67
706.08
464.35
359.24
515.43
210.83
333.51
245.35
380.48
514.81
653.33
170.07
312.6
639.98
520.76
681.49
276.53
272.92
728.42
715.88
148.81
416.82
0.42
556.81
699.78
184.93
26.99
379.79
85.24
443.46
472.15
344.95
313.21
95.64
272.68
466.24
211.97
377.14
445.9
77.36
785.3
129.41
673.32
695.89
88.21
476.14
457.98
447.75
288.58
263.51
607.88
686.37
381.45
125.44
661.91
399.77
191.69
403.63
297.49
215.59
464.88
7.85
585.72
202.47
282.3
593.24
357.75
239.56
699.08
501.52
697.09
512.18
575.66
331.54
265.47
736.97
375.73
284.74
12.4
179.25
315.45
503.81
69.99
468.42
695.48
324.11
677.17
632.56
63.88
658.08
526.59
346.12
401.07
239.01
623.86
245.22
85.18
711.29
72.34
727.35
498.92
332.09
553.56
600.49
610.97
301.54
543.72
39.84
102.89
302.68
48.79
612.21
166.95
596.39
316.89
711.93
120.1
269.99
720.72
136.3
40.04
689.65
492.93
552.62
587.05
730.58
292.72
507.35
565.37
783.24
414.58
763.52
465.7
103.21
97.77
746.27
288.51
281.89
471.04
719.1
722.73
230.15
216.18
265.14
435.27
721.93
522.22
466.84
213.59
379.25
644.95
718.07
689.13
43.16
512.03
386.89
12.94
34.61
787.94
627.82
749.36
488.82
383.99
430.6
333.63
108.1
98.94
650.82
135.63
158.21
318.93
582.27
303.44
605.52
233.1
53.67
409.29
691.22
668.25
492.13
195.77
150.58
658.84
21.71
507.59
555.06
465.88
188.57
548.91
353.66
44.77
790.96
662.16
427.55
717.34
632.38
753.23
618.33
105.11
128.16
189.37
597.61
573.56
596.8
227.89
183.96
6.23
793.96
360.02
741.24
63.33
337.05
710.79
359.9
150.26
526.59
391.41
465.63
119.34
126.81
327.79
532.02
113.84
502.83
95.6
144.87
683.74
616.08
10.8
709.79
21.01
394.69
362.11
0.4
498.97
269.6
798.83
137.87
443.65
791.08
290.92
446.28
373.95
417.23
246.64
359.95
721.69
161.72
546.97
656.16
320.66
721.89
6.43
210.41
495
462.71
242.95
451.91
303.58
316.54
782.81
456.18
733.01
514.12
750.77
798.15
515.35
516.74
164.22
776.45
484.9
469.7
80.12
55.8
154.16
593.55
663.33
747.46
258.74
546.58
88.89
591.57
289.56
753.2
681.22
621.97
462.23
135.05
350.99
312.68
593.43
183.46
322.17
509.84
661.35
594.3
292.23
133.01
325.84
271.69
363.69
346.42
332.51
794.3
748.55
760.55
403.2
799.31
140.27
335
241.4
132.03
315.82
35.62
380.68
569.97
152.94
68.39
415.87
558.02
78.88
506.91
546.73
590.7
738.84
280.51
221.53
212.7
131.22
558.59
438.98
689.96
417.39
732.63
664.15
607.93
552.23
153.64
193.68
319.65
71.27
544.9
681.37
346.16
5.76
372.97
340.46
771.12
718.35
122.96
648.37
110.29
211.36
121.85
461.92
48.6
257.86
178.86
197.81
69.96
777.71
226.23
149.06
393.06
447.49
488.35
752.54
647.14
325.22
204.98
213.16
672.64
442.56
438.32
705.79
223.83
779.35
746.96
606.43
498.2
338.46
479.53
194.73
344.78
48.42
768.71
782.32
571.27
629.37
751.64
709.47
450.19
306.2
330.07
521.8
268.42
223.48
341.86
356.93
366.37
462.36
593.28
285.66
107.27
131.27
26.2
89
578.86
668.66
178.34
268.57
689.9
799.58
334.8
394.93
777.94
198.23
745.19
764.35
235.3
357.94
105.92
387.24
36.09
205.01
107.02
664.58
253.25
697.24
512.53
205.04
247.72
611.75
781.31
553.23
306.84
752.51
306.86
161.19
706.52
720.12
369.57
725.13
453.26
564.76
350.52
27.05
137.93
270.97
673.04
532.95
758.44
534.31
167.63
471.23
790.57
64.26
421.38
616.05
48.98
52.32
166.4
136.2
595.48
639.11
531.97
780.95
69.95
279.33
775.51
389.25
666.65
331.11
422.92
116.51
612.51
163.1
75.86
453.71
192.59
277.37
658.07
730.55
600.54
555.26
697.75
456.53
94.7
666.35
524.2
155.55
382.93
368.08
467.73
519.7
610.63
48.36
502.64
381.3
305.2
749.04
736.83
362.96
215.34
273.26
785.98
773.44
290.38
188.03
125.61
538.21
257.02
332.44
789.73
576.77
152.16
75.13
415.54
272.42
105.75
65.24
63
754.03
80.94
603.91
739.35
734.48
356.41
15.23
428.55
314.47
111.99
677.91
330.82
367.12
32.36
173.05
164.79
206.22
261.31
304.86
320.92
71.88
611.41
403.44
433.97
357.4
693.36
291.26
669.42
161.1
312.53
702.19
93.45
176.18
290.65
702.06
494.05
221.02
443.87
112.06
89.23
389.78
102.32
386.33
558.78
508.91
656.78
103.79
751.64
779.16
515.86
71.67
63.32
34.95
603.78
387.17
383.94
17.14
449.55
743.71
211.25
453.26
49.91
748.72
39.26
546.72
568.66
426.68
760.82
89.7
281.07
250.41
430.17
663.68
573.83
442.81
623
309.51
626.9
456.81
460.49
614.34
776.2
738.05
589.58
106.69
58.51
428.11
589.72
799.02
31.15
633.59
87.78
179.35
481.33
602.08
686.44
419.41
570.64
10.98
672.22
84.69
125.82
68.02
295.83
561.96
544.45
45.66
792.11
627.04
98.88
227.15
602.91
7.43
462.75
652.86
60.22
473.02
363.28
451.48
194.85
435.86
397.61
121.59
372.8
530.01
139.64
351.17
615.11
439.87
459.91
772.46
154.85
8.39
567.92
449.66
192.8
642.32
561.73
727.21
617.09
329.32
396.15
71.48
302.03
109.29
374.56
477.77
554.99
734.77
228.91
591.31
457.08
404.7
637.4
692.82
423.79
291.75
352.55
460.26
212.88
180.89
360.46
425.75
641.55
238.29
199.43
103.14
299.6
677.75
29.66
112.04
305.59
507.1
794.86
660.59
669.32
709.64
681.63
470.2
697.03
749.2
327.24
698.88
60.65
295.86
319.85
754.95
537.96
756.98
164.51
371.94
28.88
249.83
595.58
586.98
471.78
158.4
756.52
445.77
400.39
773.42
293.59
422.06
410.34
734.03
190.08
220.77
795.34
356.67
799.27
614.73
612
373.13
447.87
724.28
189.89
765.23
757.72
276.25
350.48
731.81
275.31
182.98
576.32
203.35
233.1
756.58
252.19
296.92
408.58
628.2
72.89
600.87
489.65
634.79
795.58
520.94
299.18
152.1
8.27
428.16
22.68
344.2
87.43
254.65
50.11
760.73
156.05
761.44
325.28
523.06
196.43
403.94
313.66
590.66
150.34
40.28
524.06
164.33
129.42
719.28
214.06
560.15
420.8
612.75
759.58
762.52
405.35
659.41
186.03
523.99
154.09
207.86
214.41
87.42
472.84
310.31
695.32
608.21
205.89
225.95
764.12
747.53
35.09
91.16
433.7
93.62
60.24
382.45
103.24
237.08
116.6
211.01
707.47
772.82
4.29
576.74
543.69
333.84
217.95
795.71
340.49
777.89
242.71
335.5
232.66
314.46
193.32
719.19
726.62
2.66
490.28
514.6
387.76
789.57
588.84
437.61
90.2
586.22
619.35
494.15
742.05
656.28
472.98
490.74
390.02
502.19
145.82
567.61
692.66
735.31
278.42
287.68
388.59
381.01
667.48
102.51
141.54
784.16
99.67
788.97
645.13
140.81
333.61
560.53
547.77
554.66
562.32
435.8
599.34
585.85
772.54
552.69
137.47
723.53
190.62
607.79
487.56
674.67
611.39
396.93
614.7
216.95
177.9
468.26
570.67
307.51
298.25
723.85
637.82
799.35
572.84
236.11
549.81
298.92
583.7
486.84
291.88
58.32
390.06
328.68
331.43
458.96
736.27
695.3
510.17
478.83
18.47
217.35
333.36
676.9
14.47
118.55
10.1
49.03
563.29
321.5
429.67
268.11
200.43
363.06
581.96
704.19
228.87
344.72
95.04
630.68
460.59
183.86
788.3
537.33
477.23
522.03
159.55
558.64
560.66
489.72
431.27
348.15
256.44
398.15
711.76
83.38
650.25
473.71
718.68
461.2
111.29
164.13
382.76
550.74
249.06
213.19
763.23
87.14
92.74
532.21
351.27
168.53
490.17
453.74
240.79
317.22
61.95
373.56
218.81
358.77
642.86
475.57
643.71
118.53
458.72
739.36
79.98
535.21
559.75
612.27
275.15
734.8
7.12
515.42
423.52
53.43
35.09
408.95
99.69
547.42
19.55
124.48
28.02
20.96
563.59
603.34
693.74
152.42
252.01
352.14
91.53
224.33
238.84
167.82
519.36
80.65
571.97
381.2
624.27
85.38
625.45
306.78
236.55
651.04
261.39
545.06
480.81
573.66
352.08
453.44
601.89
743.65
438.23
52.93
337.47
504.42
173.99
219.5
659.49
612.3
585.84
524.48
798.27
720.74
143.93
245.93
33.42
296.31
62.08
63.13
13.46
783.59
527.83
532.71
470.93
781.62
588.06
659.08
694.66
44.36
543.8
310.93
534.02
457.76
763.85
414.83
666.89
464.44
286.71
778.7
583.92
376.98
632.23
353.73
708.2
183.69
249.44
281.09
449.32
166.55
561.22
3.11
687.94
319.58
660.22
207.19
597.64
625.2
196.72
753.58
400.2
377.65
46.5
352.16
594.1
323.21
731.45
395.3
749.25
294.58
492.3
404.28
96.94
164.81
397.61
163.71
91.26
354.19
308.39
535.54
455.14
123.72
784.95
53.04
226.16
268.37
321.45
373.2
82.74
511.05
83.84
489.78
395.97
169.1
637.45
474.6
341.74
295.49
334.07
346.07
383.82
451.84
66.34
322.13
53.71
69.29
280.21
413.93
341.51
323.11
267.51
452.03
746.85
372.72
702.21
208.22
197.97
350.39
651.87
297.84
225.56
278.53
336.53
427.47
225.83
446.27
13.45
654.52
372.42
545.02
100.84
721.81
315.25
403.21
516.27
625.47
274.98
321.12
611.71
748.81
710.62
297.08
123.69
0.8
692.78
738.33
520.17
576.25
471.48
677.03
485.65
793.05
470.66
132.63
364.32
409.45
133.48
577.59
368.18
527.69
162.55
445.17
293.07
638.99
124.14
347.04
167.02
656.88
650.88
657.28
70.12
246.66
281.53
725.47
416.39
619.81
114.54
93.15
567.02
350.14
347.73
111.95
108.3
192.18
341.38
42.7
783.59
187.58
88.31
539.62
302.94
752.4
276.59
559.33
738.62
636.73
240.34
379.81
99.4
37.68
571.6
677.15
493.05
359.61
404.3
443.49
588.79
255.41
1
311.42
107.13
651.81
475.3
734.38
773.49
348.58
118.63
68.81
249.16
346.25
623.05
157.41
220.24
4.33
702.52
775.69
689.55
1.99
678.02
693.36
554.41
573.27
616.8
682.55
94.06
392.4
280.63
557.01
774.82
442.69
775.84
63.46
274.04
590.75
553.72
638.27
598.95
710.86
371.75
290.15
687.85
320.3
110.66
579.1
746.31
618.65
127.39
298.3
675.89
479.26
146.67
140.36
213.57
462.46
278.56
297.48
540.19
743.18
239.55
202.56
514.86
614.72
141.85
171.47
442.02
693.58
511.26
6.27
108.32
146.1
44.46
281.2
125.01
419.18
274.04
630.93
522.4
691.28
47.45
224.23
316.08
172.41
703.44
707.01
6.56
303.04
493.96
702.16
274.36
290.16
350.74
708.1
579.34
458.86
79.78
725.98
560.78
555.01
645.16
105.44
437.06
300.33
700.93
419.01
175.13
153.39
409.57
662.22
654.75
206.73
510.38
32.89
539.97
11.04
152.81
792.8
620.92
744.42
765.42
791.99
618.16
272.22
403.37
177.29
473.72
132.75
388.42
496.88
730.34
523.67
768.77
495.11
682.03
227.99
506.31
16.32
200.92
540.94
731.91
207.97
40.77
490.85
187.91
779.71
578.64
430.94
729.41
477.5
534.51
124.39
718
687.11
566.29
321.94
622.59
369.62
96.65
597.65
322.22
22.31
671.06
648.19
707.15
286.74
66.08
517.48
142.75
549.45
754.13
200.17
507.44
789.71
67.93
61.35
742.67
90.37
220.54
22.55
588.95
261.89
40.46
224.42
766.02
183.06
197.19
749.18
217.82
50
579.01
539.58
597.96
462.36
243.57
554.77
710.19
496.14
477.51
22.28
37.75
596.25
362.77
95.14
620.4
343.19
752.43
626.77
295.47
237.68
298.75
51.07
336.74
335.45
729.19
244.89
753.93
321.54
789.72
548.42
169.23
729.76
202.55
1.6
786.67
141.54
755.12
738.33
42.19
619.94
646.69
481.8
707.48
770.16
792.74
47.91
309.11
570.88
7.49
698.39
203.92
315.88
466.89
388.89
432.28
618.08
340.15
554.84
199.8
474.6
606.58
67.9
624.52
238.77
21.31
104.04
187.39
54.92
789.01
634.45
672.46
508.12
683.62
505.39
546.26
677.65
32.43
492.95
350.96
19.5
796.3
591.56
136.32
157.91
616.29
663.87
30.64
0.97
352.92
140.25
116.79
278.05
40.59
432.84
199.9
774.61
771.95
574.34
667.3
352.84
394.44
196.32
468.34
224.87
301.69
346.39
609.6
396.28
575.03
406.03
65.55
520.34
59.56
183.15
456.96
101.78
33.97
139.24
470.25
475.02
23.83
567.84
234.78
36.26
85.34
525.49
12.37
342.29
631.61
650.42
118.26
560.9
61.14
778.95
753.69
92.58
47.41
651.47
799.31
241.9
753.76
589.79
467.85
232.7
25.68
394.47
491.89
732.15
651.92
186.92
720.49
753.48
346.22
511.62
578.61
68.44
658.76
411.71
302.27
511.56
258.43
483.6
247.74
618.9
552.51
255.26
703.03
550.92
313.39
596.18
268.63
431.29
434.21
119.67
473.27
383.92
81.75
365.71
686.06
425.99
252.94
515.61
262.18
211
665.02
735.66
653.01
474.36
419.82
124.06
795.13
406.43
51.41
363.93
209.32
45.19
255.11
326.01
238.08
634.66
745.86
783.66
596.97
500.3
675.32
305.95
542.95
516.56
269.34
64.35
768.31
292.69
746.64
195.47
234.33
569.14
376.02
134.75
780.61
770.54
115.16
550.7
513.89
94.33
623.21
23.88
280.83
550.4
661.77
109.81
386.44
617.73
682.28
314.59
296.59
745.89
234.53
177.32
149.82
280.48
701.77
139.01
363.41
785.55
734.89
690.87
625.15
110.68
362.07
313.03
186.57
250.35
488.9
494.76
384.19
682.1
649.73
511.38
622.46
138.59
282.49
120.33
605.62
562.33
794.29
220.35
302.86
694.12
203.12
528.85
52.95
503.61
20.58
301.9
470.53
793.78
340.61
56.6
117.54
634.89
341.99
601.27
448.07
463.34
293.57
638.89
551.48
718.09
524.51
58.51
188.7
650.56
617
566.31
464.99
639.77
330.19
264.71
497.93
764.95
354.68
74.37
386.9
568.12
453.98
193.96
565.34
425.81
369.33
385.91
171.85
486.53
58.51
616.28
697.3
105.6
593.25
768.74
193.01
7.08
727.96
708.24
470.02
414.45
545.33
64.05
570.27
90.9
405.59
403.8
215.33
384.63
746.15
623.59
260.64
669.23
621.27
760.08
416.98
151.03
473.14
347.32
483.99
590.59
313.15
305.92
165.26
598.21
531.48
600.33
517.44
555.12
444.6
535.53
518.56
452.34
559.13
666.5
240.1
383.95
59.77
454.84
389.08
509.53
13.94
707.34
362.72
721.33
64.6
347.51
776.16
686.5
504.01
515.85
620.05
700.11
386.39
599.57
218.9
741.1
334.43
512.27
748.34
242.38
560.08
591.46
335.73
63.39
542.37
706.92
733.38
312.07
725.63
377.18
75.19
265.43
409.85
628.91
467.04
57.6
654.12
610
304.51
511.98
544.88
466.74
26.43
211.34
215.13
243.28
31.85
170.52
353.58
253.78
72.97
87.99
301.98
167.66
83.48
706.91
593.29
751.4
437.68
253.07
737.38
639.84
318.63
670.13
712.69
273.67
23.8
773.76
517.44
215.65
481.88
688.85
604.68
175.39
246.53
685.59
645.41
565.96
229.88
465.02
144.91
329.48
55.71
239.57
754.73
540.73
406.64
94.05
233.98
726.45
606.4
135.73
751.36
343.86
35.34
321.15
439.38
772.71
122.6
356.13
158.86
691.9
613.12
664.08
505.34
685.26
125.38
549.38
426.65
752.89
59.46
98.38
517.57
225.32
284.91
75.08
346.41
374.72
771.32
755.93
666.93
367.68
624.05
251.2
487.7
109.58
428.12
564.91
409.86
115.51
277.27
610.35
396.54
438.79
414.75
70.85
589.17
533.94
265.43
326.79
115.02
30.65
560.39
393.18
586.12
382.73
255.96
672.37
88.35
145.72
700.63
734.63
222.92
171.67
332.33
630.27
521.03
19.26
194.61
711.69
555.77
580.98
133.3
408.3
675.24
44.14
193.07
349.55
312.1
699.63
612.2
737.38
529.8
798.66
128.24
481.93
337.02
453.58
735.64
305.07
220.56
483.46
194.3
627.59
260.09
557.78
521.21
698.95
88.2
616.72
520.35
572.22
660.07
734
196.67
310.35
410.78
723.31
759.19
558.71
205.88
779.94
743.76
790.75
30.26
394.37
59.53
748.52
620.62
141.18
144.74
58.94
618.25
446.83
410.35
228.66
765.86
394.1
629.04
594.81
154.24
223.69
723.58
665.79
156.95
426.83
151.35
617.61
176.9
388.24
393.97
422.9
735.12
12.84
500.87
224.77
401.71
411.01
479.25
199.82
456.96
292.76
584.44
19.01
501.46
27
185.08
467.9
111.75
711.64
51.73
333.8
182.53
562.05
496.84
535.86
380.52
379.41
339.69
312.81
722.01
255.43
750.58
56.49
647.95
606.49
79.59
671.94
632.72
273.26
402.91
338.45
542.21
239.63
466.2
789.62
609.71
705.28
372.74
665.92
360.42
705.17
727.98
529.24
268.54
690.96
212.18
145.07
551.76
749.95
517.68
753.37
324.91
36.41
247.29
197.59
2.54
765.87
142.51
655.27
497.37
288.45
264.77
164.47
780.72
534.84
136.88
498.75
333.44
385.94
212.32
724.32
281.52
496.5
574.35
172.64
255.41
418.24
596.25
758.84
567.69
113.51
752.58
773.51
663.12
604.15
482.18
553.68
424.26
655.02
702.14
181.76
151.95
368.03
778.39
252.05
409.48
398.03
297.06
796.93
20.83
15.77
430.79
153.4
258.82
575.76
515.9
734.34
85.05
451.76
533.06
48.56
107.05
78.81
724.41
49.07
656.11
780.98
637.16
196.62
679.45
96.9
755.56
31.35
617.89
556.81
182.99
34.28
1.17
118.23
29.87
676.71
47.05
28.7
120.1
691.9
781.02
355.4
80.7
346.37
46.12
44.47
609.71
504.47
165.83
644.7
258.82
78.36
40.8
351.05
457.3
9.04
390.51
113.84
131.44
42.33
74.02
213.14
29.56
100.92
487.38
731.09
156.7
690.35
522.17
508.54
74.87
445.38
471.24
52.76
350.57
37.26
313.69
654.07
247.1
345.25
25.09
425
692.07
47.12
628.23
127.06
313.55
676.27
530.68
430.48
717.92
588.5
18.07
364.76
357.14
225.46
687.75
276.2
661.22
233.14
532.8
495.58
61.05
32.01
366.44
503.13
661.92
528.01
392.75
377.01
557.04
397.96
55.78
343.55
310.37
436.17
399.04
634.4
425.67
773.67
337.73
282.86
450.39
270.05
667.97
382.08
159.43
31.94
69.38
204.76
435.04
235.32
593.1
438.21
558.52
522.06
460.72
199.18
260.29
788.14
73.09
12.65
13.9
240.44
437.38
285.28
231.05
547.24
693.59
615.51
52.28
359.03
721.43
750.49
673.01
65.48
672.33
241.45
638.01
313.26
744.82
76.78
515.67
292.17
595.28
483.46
487.65
360.37
738.19
542.07
366.98
213
520.17
599.05
475.04
614.94
593.14
648.75
285.6
642.19
403.54
729.2
503.25
436.09
303.6
757.87
92.41
562.2
754.69
259.57
76.9
746.5
726.88
447.2
171.79
719.37
725.38
354.63
168.36
523.93
432.26
565.44
24.15
68.72
14.98
114.51
610.02
158.03
440.99
694.25
346.92
373.27
380.82
463.02
125.08
411.34
66.45
593.88
684.75
377.36
339.35
659.58
703.76
528.08
757.9
566.75
782.89
795.99
176.39
737.18
249.69
514.92
552.43
481.59
360.54
41.37
789.08
50.5
549.76
546.85
579.62
533.76
443.89
592.18
586.93
206.21
630.81
691.87
751.38
67.3
423.29
645.68
159.23
210.58
402.63
13.67
660.65
715.38
97.21
176.1
654.07
463.11
126.05
119.96
189.37
131.34
127.67
192.77
545.97
362.99
510.52
4.28
425.58
15.85
63.41
108.68
637.76
345.52
693.43
660.56
781.75
2.74
254.28
525.75
580.97
311.23
764.82
484.31
202.56
53.42
6.21
507.02
468.51
77.71
521.29
281.64
60.5
119.53
77.9
80.53
715.29
683.77
530.14
469.68
501.94
675.11
634.03
120.05
240.05
170.41
253.9
575.36
151.48
427.54
197.55
183.95
481.57
272.13
325.82
582.29
36.15
326.28
670.2
293.47
55.23
357.91
94.63
451
244.92
209.72
312.16
713.25
243.33
683.48
261.34
471.44
92.38
473.03
564.01
517.63
551.18
716.41
214.28
695.96
548.73
352.97
512.35
32.54
397.62
708.71
291.23
378.4
481.87
116.57
231.43
132.34
395.33
265.26
200.2
169.75
243.95
731.38
159.17
76.26
602.79
294.81
252.73
569.28
242.69
545.21
671.36
485.61
544.86
247.54
267.63
279.94
787.57
552.18
529.15
479.94
268.31
498.04
119.28
313.35
354.51
327.58
133.12
252.49
241.3
353.61
734.69
425.89
124.9
606.05
601.88
82.41
689.11
221.94
483.5
343.68
74.26
622.78
231.88
621.42
486.71
227.28
206.97
183.88
24.38
247.25
640.28
227.07
586.01
248.28
713.48
446.82
95.03
8.94
174.61
467.34
677.18
336.38
22.01
186.27
328
189.09
518.42
439.89
70.12
62.37
357
483.67
517.89
299.64
0.5
589.5
482.06
444.96
417.97
440.89
471.18
787.68
245.84
236.18
60.62
476.15
70.97
699.51
560.02
693.72
606.03
470.25
611.75
99.54
88.67
374.36
586.93
426.15
596.33
791.13
447.73
279.7
350.86
102.45
685.45
90.15
321.78
234.69
367.22
556.42
14.21
274.6
613.7
35.51
635.47
204.58
216.4
395.33
498.7
264.15
710.48
667.99
445.82
196.75
583.63
630.82
751.82
549.64
230.7
767.34
587.06
459.53
652.34
313.81
371.89
266.05
740.5
328.03
761.54
148.99
709.27
691.34
121.55
222.81
74.47
141.11
667.53
399.49
244.02
777.62
231.87
481.2
543.86
335.56
456.01
106.7
249.99
797.79
284.98
694.17
238.88
730.61
565.97
139.89
615.3
699.4
106.77
63.36
311.28
785.07
143.56
200.17
566.51
128.87
61.96
38.19
362.82
627.92
499.06
281.53
696.4
430.46
564.18
195.38
391.84
292.25
514.3
518.73
511.19
101.67
606.05
782.78
135.11
625.46
326
335.37
300.23
200.11
110.53
431.64
169.83
455.42
373.4
279.87
424.96
22.39
267.71
260.62
322.81
659.41
645.96
330.59
560.7
209.01
489.07
269.49
399.25
366.53
487.05
488.18
414.64
53.06
157.93
246.72
583.25
649.67
606.08
784.98
681.89
153.81
540.97
546.7
626.77
269.19
344.34
698.42
27.82
162.01
180.47
497.66
535.81
276.44
333.9
417.39
629.13
329.16
64.42
278.99
692.03
462.36
327.14
110.77
719.04
63.87
780.01
371.82
14.71
55.6
312.78
210.85
466.07
661.7
742.83
149.42
93.75
724.1
181.79
718.12
591.84
668.91
241.33
52.41
521.95
173.39
273.09
264.62
722.8
116.6
386.23
549.81
554.26
198.56
669.48
197.59
361.52
405.95
31
192.72
595.89
702.78
716.12
360.33
121.17
502.85
130.76
663.17
634.78
347.08
201.8
412.09
296.01
124.03
733.3
32.8
512.42
635.98
155.41
526.63
321.01
754.77
24.04
53.32
749.14
222.07
285.34
516.18
613.4
164.79
731.6
451.94
341.53
649.18
311.51
510.64
335.26
265.12
412.75
638.78
244.75
765.93
91.93
321.5
19.44
756.64
660.87
755.4
334.85
670.65
728.47
514.11
352.61
640.71
698.86
34.58
785.48
486.64
94.46
109.69
207.74
741.27
570.99
794.87
691.11
484.79
665.05
445.78
25.82
24.79
115.78
289.83
619.72
176.58
256.2
615.09
146.86
411.21
571.25
73.32
637.73
545.87
337.52
637.5
35.62
400.9
767.22
583.23
528.11
690.83
575.53
414.7
515.04
773.87
611.87
653.35
390.03
496.02
649.72
365.86
570.93
285.77
491.58
348.93
686.84
371.73
573.76
785.1
788.4
434.17
618.98
98.82
274.06
440.42
585.83
779.81
111.28
704.23
533.05
163.55
141.64
580.16
640.43
534.62
114.48
587.38
144.05
608.78
594.51
383.37
260.55
260.54
165.15
190.49
586.97
690.16
223.47
153.56
606.89
249.37
387.06
167.09
319.87
700.69
492.31
721.99
192.63
344.46
325.38
653.32
673.11
633.84
153.19
512.41
513.96
27.24
141.31
80.86
535.71
750.38
339.52
275.91
216.4
730.15
174.51
83.05
602.42
371.16
574.43
431.1
602.91
173.65
596.34
694.43
378.47
603.55
194.6
530.28
23.35
664.27
512.89
247.59
223.86
475.47
320.99
110.37
174.19
722.67
456.84
294.65
588.37
554.62
690.39
196.53
401.35
360.62
799.3
103.5
561.05
54.17
366.17
96.66
554.54
166.05
377.05
623.6
413.42
473.99
22.38
37.16
411.25
8.14
503.33
294.48
757.22
73
369.84
138.37
469.62
690.65
93.58
417.16
580.49
505.21
310.18
486.56
110.78
286.45
779.67
794.1
45.7
38.82
489.45
445.73
97.82
169.71
43.36
754.44
269.68
393.85
101.35
259.65
209.86
22.61
613.53
748.18
619.82
328.81
28.05
589.78
783.66
242.22
98.56
220.13
378.74
370.67
142.54
499.34
701.56
19.99
794.91
759
533.57
127.04
264.63
714.59
0.24
77.78
543.86
735.56
546.07
501.31
215.14
348.9
162.76
416.63
754.46
460.77
466.54
309.1
427.72
770.89
579.72
544.06
163.98
475.85
2.17
206.14
571.66
31.54
779.84
361.28
472.06
227.08
152.31
202.68
156.18
621.94
539.88
654
71.86
493.76
204.14
376.45
37.63
153.44
618.08
525.5
380.11
771.98
494.64
729.53
102.76
501.56
133.86
110.29
244.44
178.23
60.23
670.46
545.29
546.36
605.77
23.33
224.16
110.49
199.29
725.12
461.37
288.86
408.76
603.86
628.33
479.51
168.19
613.19
400.18
151.73
554.88
294.47
443.76
749.69
94.4
514.75
435.9
23.65
698.92
475.07
358.53
221.88
285.37
471
104.15
340.76
734.73
140.64
527.32
643.83
400.7
683.67
596.08
137.57
407.85
700.81
38.68
230.13
601.45
337.57
301.13
424.44
370.13
8.59
245.18
696.83
91.99
359.96
173.81
198.04
714.99
382.91
605.33
249.84
486.97
304.65
610.54
645.96
622.62
551.68
323.03
665.98
718.78
62.99
284.08
236.71
302.41
686.28
642.67
617.15
467.6
80.61
507.8
493.45
3.2
255.69
555.22
111.79
334.29
747.26
107.54
433.09
708.05
787.34
431.95
444.6
460.96
670.16
785.43
507.93
70.82
793.16
386.04
361.87
619.05
107.2
374.33
699.81
445.15
496.51
141.05
675.47
103.6
335.8
592.22
581.39
153.26
390.46
102.69
701.89
713.07
373.56
96.7
243.54
176.53
512.78
251.83
762.33
262.49
789.66
253.6
513.05
592.07
282.27
562.44
39.68
84.83
235.81
584.12
587.08
617.48
383.37
456.43
414.59
784.95
370.2
665.11
524.05
678.52
290.32
425.88
724.13
644.2
624.57
154.85
405.07
308.16
75.68
280.84
213.15
594.99
258.96
194.06
463.03
243.97
487.71
548.08
474.44
734.34
420.11
168.38
738.17
774.26
40.85
93.84
314.8
352.72
311.5
778.53
274.59
567.25
475.25
475.65
643.17
304.57
689.59
759.31
713
346.82
239.22
223.7
137.94
315.5
211.05
441.44
720.01
87.8
272.14
388.98
149.51
548.99
79.49
355.89
293.17
344.7
112.02
510.62
408.12
695.34
11.66
353.48
514.4
23.82
142.7
3.92
381.47
429.68
494.77
520.99
301.34
120.3
105.04
273.58
156.88
775.09
553.12
590.9
393.25
692.54
513.62
177.5
47.25
382.92
376.41
334.12
361.63
81.12
530.75
314.92
69.83
518.87
496.93
331.02
243.42
417.61
86.43
488.95
478.18
616.39
233.21
572.21
700.39
9.77
441.08
529.53
45.98
708.37
154.03
152.33
80.04
573.4
525.53
48.33
780.61
491.31
136.03
28.49
574.89
230.63
740.61
229.1
21.96
707.02
131.17
42.19
556.19
282.06
194.37
62.51
80.54
179.85
494.54
609.27
174.05
35.57
582.66
522.96
694.72
741.32
557.71
654.7
372.3
798.64
572.9
791.74
558.55
581.25
254.89
198.31
82.65
700.9
504.93
248.89
190.9
242.17
272.82
799.93
615.72
772.41
153.77
112.66
644.6
241.52
529.71
458.45
557.17
142.58
669.75
261.42
602.08
99.81
685.9
261.11
100.12
154.36
671.21
670.84
334.75
154.92
552.77
653.62
24.72
603.54
576.36
334.75
87.68
515.53
2.71
504.43
546.41
137.6
577.03
130.58
516.36
456.25
174.29
467.59
129.95
583.07
583.13
355.01
175.94
719.14
551.01
431.23
453.59
779.4
198.98
290.32
16.64
107.8
263.88
9.29
212.31
502.38
612.32
126.97
717.73
418.9
139.36
7.29
206.79
535.22
448.92
525.52
119.86
241.79
47.86
330.34
361.07
510.42
506.75
408.83
624.23
468.29
361.31
262.46
475.26
411.36
344.99
175.02
232.97
347.7
204.55
483.03
714.46
730.11
548.18
613.34
521.58
244.96
582.7
582.14
585.14
45.92
787.05
653.28
36.63
654.84
268.5
488.37
409.95
737.29
272.65
770.05
463.32
677.63
694.75
630.24
601.71
633.9
101.26
326.88
524.59
483.25
554.15
777.78
27.45
126.18
177.42
417.44
732.22
508.91
111.14
748.3
554.07
257.34
796.47
121.04
406.38
173.11
367.83
392.64
148.18
13.34
427.89
655.84
363.71
688.65
234.86
369.35
612.81
581.55
581.39
228.08
679.27
724.19
572.54
523.75
615.09
50.86
460.08
265.07
426.16
25.68
220.99
796.68
326.85
755.27
476.21
206.98
406.31
592.11
746.82
467.23
89.96
503.94
197.48
741.65
715.48
356.99
642.95
80.2
795.12
493.98
209.38
261.15
213.22
649.01
218.88
700.29
677.55
584.57
220.72
771.22
524.04
352.58
137.21
412.44
150.75
125.81
717.45
199.39
754.83
88.43
538.29
710.98
496.59
460.06
186
664.37
666.9
614.89
85.84
451.8
355.02
90.4
175.79
268.58
350.9
510.35
94.43
573.96
537.13
417.86
752.81
217.44
316.63
452.89
761.9
657.48
200.91
196.15
700.85
572.71
223.11
604.08
297.52
433.47
463.89
638.92
263.55
643.88
183.71
48.98
411.48
382.59
235.9
107.46
593.45
222.04
531.16
544.57
61.42
375.23
135.68
634.43
161.49
359.21
9.37
158.26
287.76
732.12
317
586.64
183.56
644.22
194.49
524.62
359.05
296.75
181.89
456.54
320.75
771.16
16.69
433.73
556.79
647.69
423.82
361.95
0.73
285.7
288.94
714.42
569.68
315.23
291.06
369.31
311.59
692.64
694.09
286.37
701.07
242.55
306
750.59
730.92
644.46
288.76
260.9
530.35
161.25
546.71
459.65
561.42
588.22
201.42
361.65
731.66
671.18
482.85
181.04
200.26
433.67
658.06
72.99
730.32
346.72
120.57
414.77
89.18
392.24
717.87
768.75
421.03
504.57
43.7
641.5
161.07
462.45
660.22
250.77
103.09
782.39
507.46
786.79
308.6
180.67
292.09
288.95
60.63
438.08
734.95
30.54
694.37
527.77
535.26
171.73
660.22
210.93
690.98
430.19
493.86
231.54
191.07
319.5
496.97
687.82
741.36
113.62
467.16
4.19
721.98
354.65
38.44
772.06
684.23
682
381.11
68.08
339.57
666.71
443.65
98.43
236.31
562.22
336.41
650.67
167.69
692.01
774.96
183.63
155.38
546.57
503.82
620.21
213.75
196.37
216.38
593.91
352.83
370.59
262.19
780.51
2.71
798.24
484.1
30.35
512.68
730.44
106.62
349.82
627.86
79.99
57.24
249.26
419.15
98.27
374.75
704.42
659.66
350.86
783.37
790.78
774.24
364.56
289.95
123.08
119.54
612.21
767.97
188.26
98.95
663.2
530.06
684.23
609.8
307.77
401.07
75.68
255.7
701.26
227.43
46.84
161.79
685.21
184.65
437.67
794.56
681.97
558.33
78.59
680.51
51.2
704.27
420.42
525.17
173.53
151.65
104.7
601.52
741.57
478.19
676.86
478.51
484.8
759.06
78.05
661.68
247.83
793.66
723.48
484.11
427.37
535.95
521.05
455.2
511.45
471.07
366.84
771.61
357.14
385.76
90.67
624.06
750.18
537.16
534.31
713.23
438.07
697.4
373.64
5.71
758.77
13.36
33.57
549.75
552.27
394.57
577.33
727.84
584.03
282.25
743.31
220.14
183.77
332.46
674.38
225.93
589.5
276.17
513.67
676.43
1.11
20.88
124.28
699.39
358.89
254.81
796.65
586.17
259.12
554.47
608.33
728.96
565.39
543.01
504.06
170.41
177.08
136.88
215.15
334.98
566.17
244.04
543.81
2.98
775.59
43.66
385.39
52.34
297.26
694.57
348.5
797.16
268.35
421.86
158.95
615.02
142.08
790.45
231.43
622.13
124.01
452.1
99.58
531.19
715.1
144.04
461.48
294.59
146.23
48.67
385
298.24
660.21
441.92
428.79
799.41
476.36
771.71
279.1
173.81
233.1
585.78
487.4
125.72
374.9
99.83
213.03
650.43
34.05
138.59
349.78
467.15
582.95
794.74
761.66
52.8
77
271.78
584.35
12.61
47.16
510.73
653.9
198.51
714.11
232.05
398.23
432.9
330.04
694
354.51
583.68
641.77
166.46
180.87
593.64
791.98
506.14
612.34
34.04
684.6
397.22
771.51
595.21
687.97
16.41
553.16
370.63
621.2
460.44
774.33
208.93
717.96
262.25
340.03
384.23
647.86
206.7
343.32
752.18
389.82
752.59
172.22
555.82
5.41
84.79
423.22
449.08
46.46
345.09
165.25
7.05
241.48
312.95
221.38
385.7
366.76
4.43
376.59
331.54
170.48
113.84
469.74
188.04
744.36
6.39
299.24
353.98
295.1
444.89
400.23
564.37
717.72
41.5
542.73
667.67
793.09
527.01
137.98
308.59
267
612.15
46.49
243.8
86.62
795.07
665.28
720.31
729.36
584.82
310.02
437.73
600.69
198.16
70.1
649.96
188.68
444.38
217.73
577.46
328.45
257.01
269.97
519.5
444.58
296.71
539.49
47.15
125.17
439.32
440.64
38.01
218.02
680.84
672.51
682.92
614.58
759.81
91.59
39.9
535.71
460.47
422.22
344.28
28.59
713.08
160.81
391.31
345.39
104.29
599.51
193.55
355.99
784.67
529.48
519
758.15
477.03
265.74
496.3
664.51
329.53
5.66
335.29
691.82
239.74
183.18
44.13
278.45
131.13
455.4
186.39
314.03
187.99
251.37
716.47
666.15
469.43
304.88
793
405.38
97.02
592.18
571.5
680.07
688.2
581.94
607.17
32.23
687.5
722.75
153.1
527.2
123.86
713.75
325.95
716.16
622.33
233.56
710.85
709.18
418.29
325.29
347.49
510.99
595.35
292.18
208.39
669.98
699.06
157.51
708.95
332.32
141.88
790.07
430.84
585.35
161.38
51.05
483.96
377.14
463.18
694.93
533.51
231.52
432.44
460.08
296.92
372.62
689.66
24.05
553.08
545.55
312.01
427.34
225.35
354.29
606.39
9.35
600.04
588.01
307.83
673.39
531.51
635.72
656.16
93.14
511.63
343.04
565.23
511.72
588.2
475.45
97.35
384.64
168.9
92.73
790.58
268.37
434.25
304.74
741.69
796.71
58.54
40.84
176.3
668.72
411.04
524.12
582.76
694.32
162.88
699.2
233.55
280.71
243.4
121.44
612.43
132.42
399.27
447.11
695.64
467.05
481.82
237.17
422.72
22.13
246.45
653.28
760.87
752.29
642.93
393.24
278.87
686.49
364.1
299.47
114.38
656.82
526.36
77.82
125.28
506.45
372.15
442.71
349.58
653.12
682.84
75.19
317.78
741.94
670.21
149.08
177.93
420.72
12.22
26.94
372.33
683.4
43.47
603.5
177.09
163.09
268.59
94.68
306.81
468.51
601.38
41.74
9.82
585.34
367.58
86.84
104.29
594.69
300.08
312.38
221.9
461.87
125.69
253.71
698.83
186.17
486.93
291.63
516.98
130.23
496.74
564.06
775.57
318.77
596.29
118.2
206.27
135.35
96.52
205.66
745.36
581.85
27.51
91.93
538.72
370.43
411.86
19.29
284.19
46.55
795.1
617.95
561.24
260.6
458.34
645.14
312.63
741.65
324.15
796.15
248.04
524.04
219.54
481.49
160.48
458.99
16.86
243.57
402.12
292.27
310.19
749.37
306.41
333.91
171.04
24.62
741.91
511.52
275.58
122.69
63.19
187.38
583.15
421.95
157.16
406.61
541.43
428.7
523.58
402.51
494.76
311.99
266.62
598.91
410.29
577.59
702.95
339.3
484.01
658.05
590.69
448.88
458
614.12
754.52
97.46
3.15
108.79
298.22
750.67
26.62
765.65
763.43
153.78
224.55
673.92
141.2
703.74
594.91
600.74
99.64
696.84
122.86
698.22
341.34
11.21
202.17
666.25
203.46
560.08
764.82
152.23
683.67
19
700.12
309.98
49.2
0.84
156.91
412.76
477.58
28.83
477.31
8.82
781
667.28
699.71
448.26
280.1
676.6
662.81
598.12
124.01
368.01
99.26
441.23
675.21
335.11
479.97
670.48
32.24
235.78
605.87
698.19
456.57
663.47
784.13
499.33
569.16
313.7
725.59
723.64
123.64
563.38
564.28
410.34
794.6
270
20.14
788.13
641.59
108.09
135.01
398.4
411.46
271.2
679.01
138.67
70.73
137.42
578.27
703.73
232.16
328.47
49.32
796.42
130.12
75.08
729.76
99.15
763.78
672.38
210.61
119.17
528.05
136.62
541.71
705.86
279.52
609.77
368.22
182.18
4.35
511.3
769.31
14.73
729.83
94.3
44.48
45.88
431.23
165.3
750.77
169.73
571.33
509.31
692.42
225.3
351.88
557.37
300.64
538.02
420.61
652.09
555.02
671.24
640.44
281.71
741.19
766.37
185
524.95
202.75
453.6
78.41
118.02
419.35
328.99
684.67
158.27
471.11
404.03
188.54
482.71
20.95
586.86
311.54
662.4
256.89
750.97
18.91
725.4
198.25
584.44
756.34
220.58
694.66
62.32
359.98
423.58
68.9
763.07
75.13
448.55
60.2
411.19
167.93
232.31
102.39
701.31
438.02
42.11
535.43
771.59
142.42
672.97
662.13
684.56
310.01
181.86
59.75
642.98
637.44
335.01
567.25
620.33
456.28
416.75
783.21
120.48
750.52
655.53
698.44
608.61
761.06
174.87
725.2
760.03
427.51
445.35
12.46
632.02
543.06
67.85
195.92
681.29
128.73
183.54
18.37
169.55
247.98
788.52
226.31
347.97
570.57
9.09
31.08
725.31
726.99
429.76
708.78
70.69
529.66
556.49
353.71
513.64
202.74
157.67
234.23
562.57
94.01
352.25
541.88
479.52
223.62
192.75
716.15
574.68
235.05
551.63
310.44
325.13
549.23
799.25
404.57
656.87
466.17
793.98
477.96
123.66
173.51
554.81
27.19
196.31
593.75
736.26
774.7
541.12
359.52
556.16
379.23
226.86
538.59
293.3
4.55
564.28
33.68
581.87
671.46
305.98
190.69
86.3
110.39
770.9
206.42
266.6
472.69
178.75
279.65
431.54
142.58
47.6
758.91
72.35
583.97
83.45
666
741.86
406.6
459
489.56
384.48
189.8
479.83
61.26
115.82
657.18
111.45
721.59
242.41
160.64
527.77
144.72
762.03
571.86
627.35
691.78
686.36
310.96
725.16
533.57
368.29
476.19
731.7
570.51
576.8
0.51
661.69
284.25
302.71
723.39
666.52
180.02
622.28
130.93
325.59
354.52
494.76
472.25
398.95
305.39
606.34
46.65
514.54
315.29
610.91
593.8
6.46
127.62
728.38
742.49
538.79
529.14
758.93
218.08
673.93
251.01
654.66
48.29
552.74
79.81
336.19
79.21
22.72
295.71
185.81
590.17
197.86
492.5
433.08
421.8
206.53
394.51
342.61
712.1
453.01
467.34
326.89
150
709.65
463.06
522.65
122.56
610.4
313.17
155.45
677.11
676.52
774.82
217.67
647.09
792.38
760.55
468.13
533.93
380.6
120.39
145.37
243.53
4.65
130.47
84.64
697.64
252.53
487.95
268.98
397.42
58.28
122.65
516.61
280.19
740.21
157.23
269.05
579.54
461.91
298.49
289.49
767.93
731.92
298.09
205.62
297.89
666.96
295.15
124.2
187.97
504.71
476.79
611.07
132.08
747.48
707.38
155.05
487.65
472.02
420.16
782.8
552.74
794.74
743.08
529.22
62.36
594.51
67.41
307.67
312.73
279.77
612.48
140.42
600.99
787.03
683.75
446.79
293.02
313.02
438.85
468.99
371.05
740.59
290.85
116.16
212.1
719.08
648.89
217.82
638.47
285.5
230.6
212.82
120.58
152.74
148.49
504.21
450.54
667.4
556.8
44.56
584.34
239.92
455.59
771.86
261.4
21.53
302.88
151.47
18.12
690.33
235.97
741.64
149.78
619.58
595.44
627.42
71.72
211.21
24.02
671.43
504.87
774.29
297.65
308.41
657.33
277.28
233.37
49.73
622.12
316.5
371.22
457.35
120.95
276.35
754.83
118.97
401.34
277.65
395.88
240.36
723.34
415.77
249.32
568.25
572.34
680.96
482.94
111.36
151.2
227.33
567.05
591.63
539.65
495.01
382.68
732.66
594.66
484.97
792.41
9.95
236.61
218.37
685.54
597.33
251.62
716.19
767.01
317.82
318.84
687.88
799.95
284.42
202.43
400.19
424.83
138.95
559.34
483.72
606.7
101.43
131.22
450.73
78.08
305.08
664.21
600.31
42.68
369.02
619.61
481.79
358.94
637.07
465.48
573.24
517.44
519.77
791.24
132.4
14.26
473.07
695.59
633.64
494.02
738.15
47.17
29.37
620.25
309.58
647.29
385.83
533.74
106.58
509.28
557.23
82.1
174.71
481.5
545.55
143.91
301.89
306.6
536.25
188.14
796.48
646.86
257.04
15.44
392.02
273.43
791.35
526.58
162.83
606.9
721.66
746.14
746.35
302.54
299.7
539.55
248.18
751.53
484.84
577.26
65.95
94.12
619.53
26.61
742.56
469.73
116.46
696.46
604.2
122.73
72.17
526.46
417.78
65.51
691.87
665
560.33
643.18
176.04
757.65
638.66
126.48
18.17
547.11
318.73
122.12
588.09
248.05
481.77
517.05
750.12
67.89
787.96
45.76
688.47
105.8
430.83
575.91
18.65
323.63
431.85
739.92
58.09
584.67
646.5
651.24
267.52
67.34
262.46
27.65
236.69
363.64
691.68
549.26
739.2
796.89
198.92
86.57
397.65
718.81
553.05
144.56
242.88
221.38
541.01
739.22
711.77
371.36
410.2
259.99
89.23
674.45
718.29
513.66
409.62
643.27
254.11
289.79
497.71
55.13
528.4
434.3
114.3
51.64
797.25
70.37
643.55
394.32
146.78
479.55
231.01
479.47
293.73
28.45
53.71
766.72
131.48
415.13
542.32
410.53
626.2
200.88
274.56
543.14
393.23
663.1
602.67
159.07
448.09
214.72
471.3
91.36
521.48
532.53
19.6
363.86
428.24
62.02
196.96
304.75
476.09
329.59
649.23
527.74
10.81
741.04
786.19
581.84
265.18
517.13
391.81
269.49
190.67
412.56
174.9
282.53
99.44
344.02
744.62
257.56
400.78
310.22
179.03
95.77
548.76
432.14
249.3
376.82
363.9
559.72
308.61
460.21
178.41
628.69
720.36
615.32
534.98
67.55
732.49
114
747.06
708.67
207.88
570.32
542.02
746.05
44.26
756.14
296.08
371.22
306.25
257.84
533.96
162.42
563.21
648.45
599.42
358.16
746.85
612.3
123.79
63.73
251.44
319.88
2.08
186.39
612.25
492.71
61.94
409.41
115.43
180.99
58.18
157.37
49.78
23.81
194.44
376.24
480.93
721.68
693.59
581.13
585.63
786.43
279.93
362.35
458.14
614.57
206.18
415.59
300.62
56.16
79.62
282
433.46
319.39
27.72
300.78
179.81
354.32
470.6
734.55
434.61
661.38
130.8
578.03
13.99
544.54
540.34
466.26
436.37
580.54
217.03
51.41
371.91
43.74
477.65
495.23
425.21
751.85
734.29
291.23
46.92
479.53
739.78
511.11
241.55
191.48
561.94
421.27
601.06
381.14
633.16
76
487.01
470.45
429
443.02
463.55
600.52
10.67
236.84
355.35
265.1
85.15
311.72
384.44
610.91
522.13
40.8
148.9
209.79
170.58
646.58
694.42
796.73
721.53
696.95
340.11
610.86
307.85
604.25
375.61
546.08
44.55
389.73
299.87
65.79
328.44
777.31
5.48
118.35
379.95
562.89
612.11
116.97
642.47
735.42
793.4
216.94
489.98
325.99
388.66
465.19
569.13
191.25
294.19
632.61
337.28
508.62
330.88
323.89
620.93
730.95
82.55
20.36
453.32
211.06
185.65
136.79
16.27
243.77
215.35
358.68
355.46
477.88
523.69
594.21
568.98
580.83
387.1
582.24
597.28
373.08
442.25
47.79
306.42
775.35
485.8
770.26
490.75
557.6
348.64
325.46
12.66
263.18
65.48
465.71
586.04
369.15
215.35
221.17
142.58
332.79
738.51
97.47
765.05
255.99
331.79
747.47
756.45
519.09
208.49
368.08
545.21
100.03
298.7
395.7
314.95
759.09
785.67
768.48
340.3
337.76
745.68
209.33
135.61
98.59
269.54
346.21
37.55
185.91
162.86
732.15
148.74
755.84
337.68
434.19
278.63
594.62
683.73
500.03
49.61
3.7
702.82
728.74
380.65
147.89
37.17
403.2
711.92
584.38
230.88
284.88
725.71
571.56
487.81
293.51
260.78
588.11
548.69
663.34
726.85
146.17
665.82
415.71
39.72
306.98
746.13
97.9
557.48
113.86
226.63
311.79
59.62
550.4
685.77
271.2
210.57
627.58
383.89
296.96
500.25
254.8
777.18
775.67
382.85
305.92
105.36
249.46
755.41
619.85
419.29
244.44
85.76
701.71
71.81
106.65
253.54
241.32
282.37
670.56
761
591.16
120.92
252.6
290.09
356.52
290.19
689.04
288.54
95.99
652.69
717.27
168.63
388.78
764.56
736.2
307.09
499.84
666.26
752.42
31.64
469.22
217.03
761.9
50.3
529.67
2.37
137.29
456.96
134.53
154.83
479.6
98.72
170.45
42.15
90.36
524.3
541.04
261.7
157.3
405.14
243.29
457.01
80.06
773.06
280.46
604.96
712.18
579.35
38.95
360.02
80.14
175.64
111.95
390.22
246.69
182.01
464.77
386.15
287.25
359.23
692.19
202.48
29.99
2.42
62.8
762.73
729.3
376.32
597.54
751.19
505.62
389.09
174.02
357.65
99.74
375.97
421.56
213.68
145.87
764.08
226.04
759.35
688.89
679.49
531.15
195.69
462.54
373.12
681.86
210.69
728.91
423.75
455.85
590.22
398.94
462.61
258.59
61.14
649.9
389.95
99.09
141.33
112.55
400.58
776.89
412.31
572.38
453.54
492.58
662.92
765.43
699.05
59.82
554.22
533.03
434.55
7.81
569.56
669.89
772.18
361.38
519.55
518.21
654.31
8.41
322
752.65
66.38
243.34
674.45
532.69
220.14
614.34
182.99
70.75
239.25
434.87
630.81
718.51
452.96
340.75
156.34
746.3
503.53
470.99
4.26
389.01
327.92
3.41
434.29
539.89
755.36
522.88
419.06
452.09
712.8
643.26
468.62
369.03
592.67
742.57
786.15
12.01
228.58
368.31
55.15
352.33
353.61
173.81
530.12
414.97
656.6
725.42
466.96
274.5
116.54
357.74
95.88
66.89
725.05
613.62
424.41
672.25
127.05
31.16
580.79
175.22
87.68
177.55
650.06
530.18
94.94
447.6
479.76
272.47
758.24
81.63
127.09
16.98
590.39
671.32
282.84
157.87
192.67
157.53
156.5
514.83
20.15
153.05
541.36
698.54
524.65
336.34
587.11
635.64
609.9
94.71
679.4
420.48
346.93
161.19
286.89
219.99
479.94
291.35
592.95
394.5
494.85
467.02
510.62
798.79
762.44
202.34
730.61
132.96
553.11
634.43
232.2
381.66
585.77
425.99
103.24
617.88
264.5
439.39
419.51
134.15
440.1
374.51
724.39
595.46
59.17
15.51
521.56
741.4
154.62
568.12
793.9
77.97
467.19
278.26
713.3
217.45
546.87
651.73
634.86
756.11
260.91
492.39
255.52
526.23
20.26
568.99
622.92
246.65
553.33
36.06
661.96
679.85
251.43
378.55
119.81
438.01
776.87
768.58
384.58
346.16
504.45
495.95
670.44
381.3
502.5
223.23
566.97
38.79
646.34
278.6
722.72
533.12
718.37
88.67
433.76
538.39
160.02
326.27
208.71
581.32
434.71
253.35
133.41
580.87
37.19
317.19
368.16
534.48
571.68
495.69
223.17
316.9
337.88
166.63
363.75
376.29
416.65
389.56
499.73
639.8
318.2
719.87
190.17
219.87
594.46
234.86
209.82
779.65
735.46
97.15
405.21
268.16
662.09
555.07
75.19
16.11
431.52
218.36
626.83
177.43
496.26
380.97
322.96
220.92
426.83
526.03
111
577.8
333.92
365.89
474.62
628.46
113.47
289.01
502.18
75.36
406.46
47.83
739.45
409.37
94.02
693.45
419.68
633.16
539.86
737.7
720.03
359.36
240.13
397.39
234.09
590.39
53.54
627.2
521.39
135.67
498.91
150.68
645.63
768.63
418.11
628.21
374.56
13.76
750.3
509.69
796.66
609.57
449.96
311.88
230.86
27.3
615.63
732.96
664.4
458.53
462.33
354.07
436.95
269.46
103.09
790.02
754.55
771.17
170.45
565.67
502.58
216.34
613.18
22.19
260.67
11.95
733.08
151.69
624.72
339.88
697.73
484.1
36.25
776.21
646.26
499.93
476.47
495.86
777.23
375.35
744.69
160.78
229.99
268.44
486.71
188.89
298.27
155.24
509.35
329.2
92.76
422.18
12.13
618.63
209.45
80.39
102.82
784.74
694.22
637.92
655.55
347.58
543.85
599.95
39.16
221.86
303.21
556.34
306.51
645.75
158.55
758.89
12.43
560.51
688.5
779.81
693.93
244.81
108.71
29.38
370.18
69.82
156.58
255.61
758.69
620.61
743.39
60.64
712.83
272.05
630.09
310.95
27.45
190.95
442.16
358.65
670.08
756.24
768.07
719.08
394.29
681.04
124.67
379.24
554.67
520.23
133.03
758.7
635.48
79.55
695.49
188.9
599.24
753.96
65.69
343.77
458.32
601.08
512.35
380.05
249.45
233.6
23.67
119.27
345.32
182.87
474.11
515.7
707.1
11.45
442.59
118.51
36.94
412.89
722.62
445.06
627.78
198.39
418.98
727.98
724.03
472.49
269.19
685.54
422.83
414.19
289.89
434.31
398.44
565.56
134.5
566.45
306
664.87
776.25
13.88
70.05
458.26
542.6
449
235.67
731.88
595.11
179.97
630.18
344
591.31
282.02
137.38
479.83
719.67
773.82
172.5
584.76
395.38
312.55
187.43
744.03
702.53
582.8
475.49
685.47
760.85
141.93
480.18
53.96
733.35
682.21
196.58
7.27
740.32
503.89
122.02
500.41
92.29
215.86
478.79
392.62
441.24
620.74
239.97
176.61
283.67
2.6
91.99
752.5
402.32
350.01
302.26
444.63
472.3
247
565.63
548
15.28
689.39
791.31
591.17
733.52
165.84
329.55
510.55
183.45
484.67
364.09
104.94
750.95
222.8
526.92
684.98
264.27
289.49
265.83
236.23
54.2
206.02
530.78
165.36
308.84
5.71
512
554.11
436.43
598.19
767.04
466.36
61.37
529.04
92.7
386.57
241.05
291.66
349.4
618.16
573.63
183.54
301.22
297.16
616.73
224.22
328.58
718.16
605.94
478.82
158.4
716.71
283.32
250.76
443.92
88.84
173.17
624.28
482.84
84.91
180.97
79.35
359.58
714.06
178.39
395.77
270.49
481.53
453.14
299.84
55.65
642.64
330.68
679.09
287.28
469.62
393.46
657.89
705.43
424.85
4.1
66.41
677.01
598.01
266.32
392.67
720.17
344.34
220.3
476.73
64.87
123.07
324.32
477.56
638.22
697.61
304.21
31.62
228.59
11.25
442.98
698.28
65.05
471.72
264.81
667.12
409.27
217.75
542.09
544.51
483.2
713.96
759.09
45.97
178.6
508.02
774.97
192.1
138.4
339.11
363.27
680.63
448.94
572.67
450.14
90.42
659.61
761.17
633.24
84.97
400.96
232.3
367.19
25.42
329.59
262.17
2.4
282.82
661.24
679
723.23
407.86
569.64
113.99
641.54
192.14
559.97
644.09
223.88
782.48
748.13
44.3
777.77
97.58
242.59
447.67
363.57
339.66
62.05
298.28
46.57
477.3
530.53
543.69
529.71
30.23
66.44
27.51
561.15
265.71
132.44
378.21
125.04
638.42
583.64
313.16
123.6
683.34
648.5
698.01
50.93
590.19
421.01
351.68
332.15
332.15
345.79
568.34
104.78
205.73
271.17
324.04
553.72
719.69
578.04
782.72
347.71
222.13
395.72
708.31
20.8
623.52
544.46
535.79
485.25
36.48
303.37
751.26
389.62
655.3
104.86
797.95
251.32
161.85
713.64
671.82
510.01
652.15
544.72
160.05
121.68
57.57
261.61
611.56
380.19
167.14
26.23
551.92
185.25
107.59
335.85
560.8
585.81
524.22
482.66
744.63
707.5
659.06
637.32
279.3
261.41
20
382.95
692.61
452.4
333.44
22.4
262.11
277.26
693.93
653.12
146.99
46.12
782.17
566.15
513.09
768.53
779.7
345.97
243.58
614.73
525.01
495.83
185.5
1.18
405.79
163.69
759.75
661.5
583.82
646.97
680.18
352.91
376.33
783.82
9.35
685.67
730.47
649.67
327.62
220.75
550.4
609.42
434.83
251.42
119.39
411.73
359
758.48
755.87
543.29
392.45
767.17
538.52
677.12
83.33
317.16
79.36
636.47
294.11
46.84
713.4
191.24
261.75
485.1
214.12
338.15
126.48
244.84
588.78
696.89
269.4
252.64
213.37
170.39
101.9
145.56
97.54
688.29
457.27
33.8
572.96
94.4
606.41
149.03
631.39
241.96
698.77
409.56
121.81
51.07
106.27
478.55
97.94
426.79
328.28
615.9
43.49
38.8
223.29
45.24
681.07
279.04
328.28
620.23
239.22
734.54
278.07
765.32
237.96
402.06
171.03
321.56
570.9
240.45
582.05
497.25
749.83
512.61
458.64
411.65
481.83
445.21
167.64
551.84
390.93
455.41
406.43
742.96
604.56
384.92
120.48
688.6
487.09
537.85
795.29
88.7
234.98
660.08
60.13
586.34
735.73
63.08
532.3
379.47
2.04
737.08
556.59
307.22
435.31
324.09
115.78
629.67
364.7
54.54
363.67
467.55
677.39
799.94
721.07
88.1
71.87
571.84
18.43
202.84
355.62
591.18
501.18
122.19
358.62
603.57
151.61
506.05
48.87
184.24
162.69
797.14
6.84
690.01
299.59
775.62
542.09
240.09
293.49
760.89
81.69
11.04
15.11
532.79
496.2
290.7
268.41
110.28
255.66
466.29
342.89
379.18
780.18
749.64
81.19
603.13
249.14
533.06
582.72
118.2
588.52
590.07
556.7
24.19
720.4
641.27
757.28
434.4
566.5
206.73
335.21
451.82
389.7
618.76
393.39
101.63
173.82
522.02
660.92
531.42
299.66
422.82
236.4
58.46
49.08
416.15
109.22
467.57
4.09
717.18
62
684.73
546.24
358.27
45
344.42
43.75
344.46
598.74
80.76
454.27
82.42
158.92
244.34
545.99
782.61
694.17
654.19
787.4
706.47
268.82
68.75
237.63
371.66
542.48
342.76
261.79
58.37
49.49
53.17
538.15
5.54
393.39
153.33
765.63
280.78
625.3
372.16
570.04
718.85
616.55
313.97
274.43
485.72
127.4
597.89
171.97
371.76
134.52
722.91
242.29
343.68
572.17
87.73
249.72
178.72
148.84
492.14
244.59
134.12
381.4
57.75
322.35
768.49
385.51
257.82
332.43
81.42
502.98
313.98
206.09
672.46
216.36
481.58
503.99
763.57
21.12
687.01
474.58
699.42
405.87
505.16
386.76
691.4
114.71
249.37
525.84
597.83
411.84
55.96
702.35
214.22
783.74
127.39
475.15
219.62
209.55
327.56
2.74
642.68
310.79
31.92
120.75
485.13
264.54
489.62
159.94
662.71
301.5
334.38
520.37
13.92
722.39
397.39
741.81
153.82
572.92
419.79
543.61
163.94
553.07
579.29
387.94
188.7
227.2
648.46
386.57
731.79
761.87
151.03
587.55
584.18
621.39
264.37
656.85
88.84
190.31
355.18
713.93
88.59
256.7
768.82
100.84
170.36
331.95
180.37
26.96
711.09
121.6
432.92
580.52
178.03
200.88
108.16
484.54
93.5
129.36
35.81
4.84
139.96
513.19
120.99
380.56
168.28
572.21
345.29
603.81
199.64
348.39
375.33
174.55
690.41
599.12
151.88
797.75
252.87
180.36
299.88
15.48
100.26
260.42
174.15
572.24
504.59
591.29
280.08
35.81
42.53
352.27
347.52
470.4
135.86
619.73
335.24
503.13
33.99
279.48
426.5
583.38
97.8
555.84
160.24
340.23
278.14
539.29
343.1
319.74
611.47
122.14
388.24
725.12
631.36
338.13
241.66
420.43
17.88
260.24
783.78
269.64
621.41
383.71
599.19
646.46
275.11
755.38
290.67
426.89
16.72
712.31
122.36
213.83
517.43
316.25
758.49
760.7
76.67
318.15
275.41
672.48
290.42
406.68
717.05
173.24
246.3
356.17
591.89
83.77
564.11
57.43
501.26
531.35
694.91
517.47
637.59
575.63
481.66
390.32
454.38
612.09
622.21
767.69
442.35
46.62
17.17
513
275.48
726.31
146.68
286.29
90.41
700.04
727.27
398.06
127.23
758
172.96
121.7
305.46
339.4
216.18
666.74
327.67
796.08
378.57
212.5
700.85
563.05
281.94
71.09
82.24
361.41
352.59
291.95
298.37
307.7
23.59
511.47
673.38
473.54
465.37
792.38
522.75
28.57
160.99
782.36
261.28
538.01
372.97
461.73
383.94
190.14
540.27
786.16
44.43
127
615.92
360.41
322.62
303.47
775.98
422.83
90.18
454.27
110.99
261.42
394.99
296.51
331.66
34.86
507.4
163.42
730.58
378.28
328.76
622.7
356.71
430.51
393.84
331.65
554.66
356.12
533.99
160.74
318.37
547.56
665.68
563.87
367.35
166.46
598.44
638.64
176.32
203.8
114.5
686.5
707.13
496.24
610.64
93.46
368.93
639.87
628.34
786.42
243.58
266.63
586.97
316.23
752.84
186.57
778.91
406.63
343.65
448.01
132.68
420.18
202.49
715.15
76.26
187.47
403.32
420.54
552.93
266.24
439.09
323.44
443.45
315.57
128.39
742.26
605.26
179.63
247.53
418.62
38.52
176.52
665.12
624.1
241.17
266.52
669.83
190.29
216.62
639.29
657.9
279.35
254.25
241.01
2.97
422.55
565.48
546.65
538.31
172.7
596.91
669.14
181.04
522.02
259.03
182.8
227.53
375.89
14.37
367.4
514.69
421.89
384
30.73
156.49
619.23
508.61
619.55
770.25
743.62
223.45
680.65
622.77
479.56
411.27
312.45
543.54
735.85
151.26
5.16
502.15
51.73
604.2
542.4
701.32
407.95
129.69
635.72
497.14
348.71 /

COPY
	PERMX PERMY  /
	PERMX PERMZ  /
/
MULTIPLY
	PERMZ 0.01 /
/
