---------------------------------
-- Permability values for SPE9 --
---------------------------------

-- Permeability distribution visualized in figure 5 in Killough's paper
-- Killough says 'The input data included in the distribution to
-- the participants included a geostatistically generated 
-- permeability field'

-- The values below are taken from Killough's dataset, they are
-- not based on the figure in the paper.

-- Explanation to how the data in PERMX is organized:
-- Under each LAYER (i.e. K-value), 
-- there are 25 ROWS (i.e J-values) under which there are
-- 24 entries (i.e. I-values) 

PERMX
153.26
331.84
697.47
695.42
606.26
360.4
82.63
713.53
431.59
99.97
273.92
89.99
567
433.17
292.6
669.82
386.37
474.69
106.64
601.04
607.09
152.55
247.21
766.54
286.44
317.11
741.79
160.59
663.06
415.34
68.92
103.79
138.49
288.36
639.44
97.66
401.14
405
672.68
36.72
561.42
83.37
703.83
708.63
727.58
404.6
347.39
129.05
763.57
40.19
123.56
757.24
184.91
76.67
152.98
614.14
655.06
31.24
705.1
739.08
641.88
419.45
100.15
173.93
783.68
699.57
50.1
222.57
71.57
742.82
227.58
767.43
15.1
32.66
199.22
457.58
278.1
202.76
207.61
133.8
215.45
691.93
224.02
460.9
218.58
440.4
363.64
374.9
733.88
633.86
598.6
387.24
327.35
232.4
624.21
644.43
176.06
699.98
743.65
56
472.04
746.17
765.45
160.22
159.57
798.01
421.62
545.78
504.53
571.43
117.8
297.39
373
730.6
685.89
456.06
115.93
480.28
560.41
787.63
78.65
682.99
131.44
785.86
678.02
424.85
307.32
559.89
568.27
538.66
661.99
714.06
147.2
15.09
73.7
25.84
313.71
334.49
89.06
257.99
582.97
601.7
51.63
634.93
552.95
279.28
269.9
376.85
25.09
60.44
751.17
652.4
614.13
418.82
235.91
570.25
114.47
295.93
497.9
569.3
211.91
375.13
439.95
313.62
378.07
650.18
485.18
322.49
192.39
360.19
623.52
103.57
782.89
3.51
510.83
396.8
588.29
623.88
493.49
730.5
403.84
110.39
287.86
549.08
332.74
527.4
583.01
40.7
203.39
388.34
524.76
628.2
440.38
207.03
686.2
493.88
603.65
602.96
232.57
396.5
322.43
137.12
581.28
648.89
785.44
281.69
77.73
221.35
645.38
143.46
793.09
287.01
93.69
68.24
284.28
352.56
428.77
510.41
281.47
604.21
322.43
237.67
313.39
200.49
76.06
146.37
769.21
262.93
261.68
613.8
27.23
313.09
592.97
482.18
739.91
331.75
255.86
381.61
145.9
736.45
417.73
366.7
398.31
561.59
634.65
309.59
74.58
473.31
227.73
542.88
763.54
86.51
763.31
375.78
430.82
491.47
553.74
296.45
337.01
432.24
430.94
607.08
762.57
652.81
788.94
183.54
757.65
446.05
371.04
556.68
437.19
775.47
332.14
657.23
27.11
748.29
60.47
449.33
741.14
67.47
50.78
792.22
83.36
706.89
779.57
404.22
715.99
341.38
463.22
554.24
352
45.54
396.66
505.65
687.34
658.12
229.59
126.87
251.59
414.78
505.79
172.87
725.93
764.32
297.84
575.76
496.38
781.77
649.99
507.67
260.21
121.75
159.29
98.76
71.62
101.31
312.9
264.22
24.98
655.75
145.28
763.87
3.27
232.91
769.34
642
664.87
498.87
632.78
528.69
588.57
353.36
334.15
790.3
750.24
745.32
599.44
585.37
643.03
564.96
750.29
641.95
123.72
529.54
517.38
522.83
410.8
544.57
154.99
168.87
699.58
296.57
148.1
215.13
732.51
359.37
67.3
226.83
50.31
613.83
353.81
415.57
515.4
28.22
773.6
452.98
785.12
237.4
342.83
710.53
79.92
339.46
448.33
561.21
607.21
670.23
185.21
114.59
44.28
741.53
684.77
459.78
306.98
471.15
614.54
59.88
781.03
200.18
79.52
182.42
765.98
790.36
14.8
315.7
103.76
6.21
117.38
467.87
457.97
425.35
230.77
507.29
418.84
491.7
512.23
635.68
609.92
204.62
332.31
498.15
383.66
310.87
222.31
323.65
744.81
534.54
115.18
142.28
224.38
18.19
407.06
744.24
797.45
291.43
198.22
739.99
489.4
616.64
462.34
105.93
377.64
451
354.06
438.21
525.87
759.47
645.93
393.47
284.23
750.44
627.59
155.57
53.38
130.03
614.21
355.45
689.6
554.1
616.38
194.44
768.06
214.77
239.85
594.59
110.32
17.77
555.94
155.03
380.06
44.04
347.4
368.06
311.56
402.84
500.74
473.66
343.84
320.23
781.55
346.58
694
700.48
497.73
115.74
56.4
18.09
302.61
756.42
771.63
551.44
666.52
700.82
337.54
476.67
381.79
592.32
29.45
533
276.54
467.48
43.15
360.84
267.59
686.9
652.65
159.21
35.03
332.19
764.81
783.33
307.04
371.79
546.08
323.6
503.55
222.17
770.07
472.91
14.74
484.89
57.49
128.75
699.33
650.48
95.05
409.53
317.68
675.84
459.01
648.43
329.23
220.39
38.15
743.47
106.05
463.08
646.41
106.63
170.46
710.7
405.75
779.75
175.51
653.19
103.23
374.96
423.09
389.13
769.12
56.94
120.29
758.82
420.91
22.01
408.16
176.71
247.79
469.52
774.16
505.64
71.86
151.8
634.91
223
790.23
380.88
599.29
296.06
323.46
243.76
653.91
648.53
540.6
604.37
87.8
788.98
146.34
127.31
398.45
4.61
231.28
49.7
486.92
510.09
300.47
609.16
113.95
667.66
21.79
529.42
280.24
20.9
440.79
384.16
320.42
404.93
180.47
1.22
591.35
526
796.73
591.32
205.91
680.97
298.25
409.48
119.43
24.54
560.34
353.81
188.54
527.07
117.24
418.83
506.85
205.55
580.38
403.63
303.56
48.01
53.45
78.42
275.51
378.53
275.27
726.1
741.39
597.8
20.16
707.93
713.92
620.06
21.53
176.95
794.52
135.31
680.77
611.44
604.99
425.98
568.7
243.41
762.77
672.38
585.31
293.25
135.25
577.19
429.55
293.83
397.84
393.76
160.54
62.5
122.9
733.43
476.82
119.79
214.67
759.59
87.98
695.46
395.7
789.19
491.63
141.57
78.3
799.78
154.54
322.66
101.53
128.5
45.98
478.05
779.68
215.39
743.36
126.45
793.75
453.47
600.15
495.1
630.86
60.01
421.76
771.6
569.56
662.75
687.29
748.08
671.98
713.12
608.35
397.62
289.61
145.35
659.11
486.19
46.89
692.99
779.86
432.87
776.64
390.88
557.14
157.72
95.77
438.49
332.51
525.43
72.82
710.4
496.25
191.11
772.06
468.61
690.92
734.63
257.78
398.81
266.55
519.8
78.58
611.85
166.08
666.31
392.19
219.81
373.38
147.87
8.33
241.22
779.67
790.73
798.74
737.65
293.14
612.73
532.31
252.2
364.91
277.08
539.9
401.33
135.29
544.76
146.4
318.51
561.28
190.97
141.62
577.28
320.23
511.88
26.05
782.42
135.37
790.93
636.26
560.68
605.04
350.24
535.56
760.67
162.73
485.46
722.44
89.69
732.49
536.61
425.29
541.43
185.18
113.93
590.93
93
199.97
305.43
602.68
509.7
122.24
538.5
793.98
245.57
357.38
700.75
228.23
417.24
618.98
785.48
514.59
478.87
463.88
65.36
373.43
373.45
553.72
202.32
33.22
436.65
88.89
126.19
278.36
481.28
767.41
421.84
129.23
572.95
54.72
732.27
154.7
276.16
46.92
229.31
274.15
107.72
464.69
542.65
428.18
20.6
379.71
188.83
198.89
628.84
527.04
414.37
754.55
145.57
57.66
161.64
1.8
68.57
361.89
364.84
297.74
664.94
267.39
44.91
452.14
84.52
772.34
241.3
278.06
770.34
455.33
15.91
492.37
380.28
714.57
315.01
36.64
336.19
295.61
537.02
448.01
267.87
13.71
740.15
332.2
399.78
36.04
35.05
17.25
114.26
173.05
634.58
581.36
437.67
351.02
346.76
118.24
461.82
505.29
785.01
468.07
270.45
702.16
39.9
279.58
190.63
602.45
378.15
733.58
77.31
216.48
695.03
336.48
668.83
604.59
350.56
544.85
54.24
202.32
409.71
392.52
148.71
686.46
661.99
679.55
360.63
488.73
336.24
158.22
80.11
659.96
179.51
664.83
594.57
321.56
504.87
298.31
89.3
55.96
747.65
657.74
477.73
496.02
96.16
247.9
669.49
11.05
233.43
96.3
444.53
590.31
648.5
196.35
430.29
704.87
593.5
261.18
89.22
357.18
363.54
12.36
337.03
186.97
696.67
626.25
715.34
579.57
156.43
366.84
770.21
701.22
31.72
571.33
591.52
265.41
603.07
389.95
372.09
605.42
221.75
304.84
8.82
88.69
380.37
528.53
206.99
490.04
386.03
133.6
728.69
445.59
84.83
637.31
188
313.69
105.73
282.13
448.51
274.14
383.48
612.64
95.04
325.96
696.96
704
186.76
608.91
787.32
223.02
698.43
190.61
102.04
696.87
356.17
98.92
563.16
733.28
707.57
234.51
449.82
259.73
778.33
54.21
797.59
610.29
731.68
627.1
43.26
611.95
222.9
40.06
243.22
277.02
472.69
232.16
484.07
89.85
694.65
0.72
306.14
583.31
699.22
426.65
447.59
580.94
711.59
0.65
591.43
188.52
585.56
493.1
292.01
388.26
146.57
351.36
416.3
798.22
198.15
171.39
474.61
98.18
674.24
153.62
720.88
114.28
348.97
238.08
57.36
683.63
211.95
256.97
286.57
740.94
599.46
142.42
455.42
167.56
211.79
722.43
422.03
510.19
661.82
414.71
598.04
25.35
534.55
27.35
248.43
56.31
416.46
46.35
565.43
470.27
440.34
426.52
738.19
105.33
612.93
728.8
96.95
483.69
398.64
609.39
7.51
302.65
39.32
168.44
143.39
633.91
270.88
338.63
136.45
533.23
380.52
328.09
71.52
655.37
345.5
464.04
769.31
504.57
92.66
171.95
313.28
392.24
193.63
502.6
401.48
580.63
44.28
444.85
515.7
99.51
70.31
748.12
270.04
359.25
108.99
372.72
740.99
619.81
477.46
440.07
327.38
798.83
522.06
552.23
717.53
785.6
414.49
486.82
554.3
675.14
568.1
58.87
548.32
80.01
514.83
648.16
286.87
717.35
371.63
789.02
38.8
606.02
775.49
175.16
142.51
506.15
665.44
452.24
479.77
447.33
208.12
522.57
462.97
724.7
637.04
687.95
135.13
647.03
579.51
113.57
684.09
567.18
402.69
116.6
363.9
778.83
743.98
666.51
744.38
401.82
634.87
617.84
765.5
0.84
225.48
133.38
111.72
677.42
693.74
474.41
746.6
344.69
198.08
353.74
541.89
738.11
655.66
542.02
681.09
294.71
237.3
83.52
752.56
511.74
18.25
785.48
253.35
205.2
538.44
511.46
592.22
545.41
690.64
646.04
156.18
697.71
394.93
142.77
596.94
526.67
159.42
735.76
494.4
663.98
719.49
760.53
674.76
414.22
136.29
706.15
438.86
164.51
753.27
617.16
360.27
502.63
25.29
45.56
471.42
678.45
679.8
596.36
732.84
760.74
613.49
195.45
586.75
374.85
587.47
436.56
158.67
715.94
140.8
609.65
607.13
272.36
424.17
462.15
169.75
203.1
269.21
756.87
166
600.91
570.49
25.26
317.66
306.22
638.53
162.27
764.78
472.97
748.39
517.34
309.86
137.44
370.24
340.87
354.51
361.53
785.63
566.34
302.79
210.13
344.6
46.97
744.66
670.77
675.03
243.23
60.35
760.92
181.12
309.22
534.95
193.6
12.2
500.75
98.17
465.86
153.45
797.49
397.13
502.22
147.57
223.87
2.87
631.66
559.95
276.06
544.89
314.09
228.28
261.69
231.04
25.38
721.35
684.03
425
768.89
116.91
611.36
48.87
299.31
522.8
709.99
122.74
545.71
216.02
50.19
690.91
723.06
294.99
759.02
376.47
438.49
761.65
740.08
358.6
261.28
1.33
794.74
617.3
115.28
303.08
91.55
416.42
708.22
124.4
792.07
437.85
386.1
766.17
78.86
118.84
592.71
10.72
451.03
754.31
99.59
608.86
522.94
569.92
646.26
310.85
413.37
486.84
182.87
520.74
533.48
318.71
417.61
184.18
529.44
394.05
75.91
319.26
403.28
749.63
389.27
119.29
697.15
109.98
547.23
1.59
771.5
257
519.67
552.7
344.12
683.1
699.17
314.75
277.26
638.26
683.59
159.8
340.53
133.47
594.88
504.86
722.34
419.83
320
108.92
45.31
497.36
585.84
34.74
131
607.61
687.56
471.96
532.75
121.14
181.18
413.22
742.5
226.81
405.93
251.44
616.78
584.69
283.31
26.22
87.99
342.86
753.8
171.57
512.54
634.12
70.46
299.46
611
468.9
75.58
111.49
468.58
273.26
558.08
363.29
307.31
214.39
687.14
443.21
114.96
727.75
381.4
552.02
772.8
573.12
372.08
640.07
329.42
491.09
734.16
102.14
716.58
536.28
91.58
58.36
557.94
410.36
694.98
644.64
756.34
611.11
582.52
270.86
463.51
518.53
293.05
416.21
538.73
502.32
2.74
312.46
644.84
74.63
198.4
188.52
384.4
46.98
228.61
68.82
147.89
411.48
140.09
183.67
434.24
669.94
476.69
572.21
82.03
495.06
655.83
621.04
177.81
610.46
433.78
165.46
608.91
509.57
735.06
478.42
263.57
443.7
75.31
258.61
696.7
577.6
692.64
629.29
759.54
378.67
7.62
193.5
636.66
238.84
431.05
275.85
66.89
61.89
696.99
561.67
77.02
797.33
24.01
368.7
688.4
40.45
747.63
751.25
787.31
422.07
97.37
26.44
528.93
455.65
7.91
347.16
100.36
408.2
600.91
534.89
786.4
97.85
82.92
751.48
293.41
92.21
796.34
590.17
431.34
126.22
787.08
345.91
253.96
500.88
192.28
543.55
35.89
324.74
421.41
203.82
536.15
425.64
492.88
247.1
422.43
133.56
178.88
133.39
402.14
536.1
414.98
628.31
322.69
768.13
786.82
106.87
281.13
525.64
555.55
403.49
263.59
32.31
92.13
410.68
629.59
361.51
41.35
324.59
507.55
120.1
775.65
126.71
172.59
765.36
320.74
519.2
295.36
95.89
108.71
108.57
604.63
582.75
507.02
343.56
582.2
95.98
432.13
778.54
370.64
405.24
187.99
218.53
33.28
507.46
286.74
311.34
732.17
696.27
782.05
508.64
237.12
69.84
382.37
487.2
321.98
312.6
311.47
573.44
42.59
229.1
556.55
476.62
615.47
339.71
686.56
48.52
228.19
498.86
237.77
363.68
377.68
595.63
50.92
691.83
191.92
58.6
640.09
423.66
749.75
696.34
453.36
767.72
62.16
511.64
346.77
750.47
476.2
283.06
427.66
655.28
526.01
717.9
344.01
605.55
674.13
18.63
114.71
400.88
769.26
767.74
102.63
499.88
90.23
57.24
786.77
113.8
551.06
640.77
465.63
317.5
412
697.24
632.49
536.45
428.43
18.39
756.29
177.91
127.43
446
289.88
672.83
280.92
576.75
271.88
225.43
693.2
769.19
55.11
382.13
793.34
44.78
488.07
701.61
173.2
117.45
28.42
218.41
494.61
301.24
268.69
180.9
143.48
689.04
624.2
786.12
250.82
496.79
353.18
478
664.81
703.5
520.37
102.48
132.83
586.81
220.85
586.73
81.54
67.3
541.14
682.2
489.38
430.82
650.28
509.14
591.22
400.81
452
231.13
484.61
558.78
251.82
593.86
171.92
569.58
1.16
43.11
703.39
733.34
415.78
122.54
505.99
659.24
277.68
621.99
434.42
573.44
330.75
540.07
501.61
387.61
157.41
793.12
737.64
291.98
774.08
95.18
742.55
594.35
522.16
629.32
541.05
496.69
580
167.46
383.12
413.04
88.18
738.96
491.53
536.02
498.84
626.7
175.1
484.76
420.63
507.68
439.81
374.92
601.97
71.36
11.71
680.38
748.44
135.93
399.78
28.15
336.86
775.77
363.26
568.58
20.37
534.46
673.6
413.76
258.38
117.81
83.35
628.36
152.85
458.08
464.11
512.15
534.33
257.97
225.03
273.48
5.14
483.51
117.54
260.16
369.05
781.81
281.81
606.39
214.44
3.55
140.89
640.73
132.06
304.28
513.57
70.61
460.12
373.38
63.66
420.37
624.55
128.53
594.45
614.46
635.55
585.73
57.9
662.76
677.36
523.2
1.08
761.81
702.69
282.69
759.92
61.6
249.18
682.4
292.64
629.94
775.98
666.01
547.75
21.3
706.03
774.34
153.73
226.23
284.92
745.58
651.32
257.58
135.84
515.89
38.91
579.64
16.74
652.09
629.54
548.07
43.53
520.99
485.47
261.83
168.99
674.54
685.12
398.91
551.68
574.83
322.31
523.98
672.64
672.25
195.83
713.51
666.77
174.31
569.25
59.22
215.03
677.74
298.74
635.84
45.16
324.36
491.22
484.4
617.49
704.62
333.88
600.91
109.45
659.23
10.11
389.32
371.07
744.97
741.29
796.34
367.23
113.12
577.5
549.87
548.87
96.76
160.75
170.28
181.27
786.01
600.73
220.77
717.68
608.72
493.59
363.31
461.43
269.69
539.49
474.65
236.34
715.75
331.89
652.2
247.33
443.37
97.54
275.86
240.16
777.8
530.09
675
183.22
119.42
681.26
781.19
163.4
81.26
298.18
28.17
612.52
458.8
792.35
266.76
133.62
502.72
291.03
116.55
8.69
11.92
607.95
219.73
409.23
476.08
660.78
702.83
786.14
774.1
92.53
291.79
532.24
382.78
305.15
188.61
379.67
483.01
226.22
389.99
73.21
799.19
691.95
52.48
377.16
87.5
750.3
654.42
726.14
444.36
61.87
560.04
726.44
648.8
376.18
431.5
511
438.74
620.26
28.42
241.81
278.23
443.07
574.89
604.29
226.45
212.39
555.16
553.32
597.26
354.6
476.88
171.47
780.13
758.42
272.75
97.82
778.52
714.5
513.67
461.26
631.38
344.65
14.52
72.16
529.04
718.02
272.23
515.65
405.48
565.16
118.71
33.42
418.29
206.37
156.78
94.15
701.13
295.54
630.64
388.28
93.5
591
139.8
281.55
774.87
277.96
263.04
293.14
91.99
22.72
570.14
610.42
619.98
490.89
495.29
49.47
451.16
699.89
522.31
647.94
384.43
185.15
654.25
245.3
458.59
467.47
607.76
478.89
762.89
199.15
529.49
76.42
793.58
464.55
57.51
104.86
28.09
756.63
115.61
263.11
7.36
394.74
701.53
534.43
637.53
668.13
84.18
724.42
675.91
355.08
491.44
514.06
548.69
317.37
492.58
693.79
586.07
355.18
469.16
392.07
703.6
754.34
365.57
65.36
385.07
233.86
255.52
564.32
287.14
78.86
21.85
218.96
399.15
406.92
1.2
687.14
291.47
545.36
590.99
503.19
768.93
209.67
471.43
657.24
537.19
385.74
308.84
411.48
128.71
549.26
739.3
223.38
699.14
733.43
232.92
723.12
388.84
312.86
376.95
776.57
496.83
234.15
146.17
781.53
792.2
455.62
494.13
247.01
539.51
384.09
626.9
40.93
573.39
454.22
106.85
595.3
147.6
287.63
748.72
51.14
523.14
661.09
322.82
132.97
615.29
387.91
252.49
713.89
15.82
80.64
473.58
32.01
794.25
545.4
353.83
606.16
787.31
17.72
543.1
95
595.11
290.51
374.31
115.95
466.4
9.64
456.58
663.07
139.77
471.41
189.83
486.99
246.5
267.09
407.77
158.72
252.83
284.72
686.03
707.67
713.25
2.27
773.48
294.99
725.29
332.56
686.12
450.71
603.14
783.23
259.18
675.36
470.15
540.28
549.52
141.7
82.43
727.87
320.4
306.01
181.17
201.64
254.8
382.85
598.25
696.32
140.09
359.49
107.56
478.87
783.35
480.52
739.94
0.98
272.16
79.33
8.67
77.83
259.77
774.12
203.87
717.3
384.78
79.3
95.62
792.92
240.89
752.81
529.34
372.18
153.83
108.61
381.78
366.12
640.48
519.05
310.76
329.36
386.64
117.06
11.89
696.16
120.1
345.56
747.62
75.5
204.15
235.03
483.65
664.46
544.31
749.43
7.31
130.5
275.86
397.81
28.97
798.26
523.61
395.88
171.01
741.35
269.63
237.62
720.14
762.86
387
625.34
513.51
695.94
443.86
13.28
42.06
656.32
618.92
408.06
178.42
610.1
710.78
684.31
156.63
770.61
479.71
460.75
590.45
399.27
452.12
595.53
297.87
157.15
181.63
507.02
787.42
413.97
599.71
408.38
67.95
447.96
588.82
700.81
636.72
260.59
118.24
317.9
156.68
411.01
518.84
515.78
372.01
436.43
591.39
110.99
179.99
712.62
151.74
563.14
258.86
572.51
502.88
559.47
321.61
600.18
634.66
700.57
503.22
47.77
738.05
524.49
789.83
61.93
617.32
737.98
716.6
706.18
100.4
739.21
438.86
757.72
299.48
501.37
227.18
641.48
389.95
380.05
22.41
237.44
597.26
368.14
682.73
522.57
507.34
162.18
28.47
366.16
199.36
224.85
351.66
51.92
379.17
521.71
274.82
47.85
404.76
767.75
506.94
292.2
391.65
194.28
346.88
131.36
414.19
556.47
688.33
712.07
24.53
617.42
171.48
220.76
615.77
691.89
621.09
402.64
497.87
559.13
66.51
419.99
691.04
477.36
292.29
778.69
774.14
762.99
623.01
21.26
789.53
798.34
256.91
16.75
279.35
250.62
683.03
236.29
144.6
551.06
629.46
588.46
496.42
348.57
484.63
383.27
719.72
260.35
558
659.11
250.44
170.46
244.63
177.95
244.87
775.18
406.84
779.26
401.27
216.71
505.87
268.44
760.07
730.99
170.34
106.33
164.42
23.43
101.16
195.46
539.64
713.87
524.32
521.36
548.35
469.83
440.07
313.7
322.29
11.79
653.94
550.48
94.25
260.37
752.71
158.63
178.98
572.41
268.11
382.55
594.78
606.21
0.1
416.22
286.14
244.46
156.63
660.93
372.42
403.92
210.46
436.04
734.4
727.57
505.58
502.33
105.45
525.74
644.49
774.89
219.43
280.44
652.51
173.78
585.8
165.13
758.86
232.49
352.13
219.25
387.07
14.74
62.49
173.56
204.71
734.7
187.47
709.94
371.11
644.59
556.16
711.91
392.87
60.32
463.37
474.12
661.24
246.29
478.8
615.7
318.42
604.54
794.87
44.66
281.04
604.9
544.95
772.74
675.64
110.25
304.35
252.62
132.21
115.86
33.61
110.2
757.03
283.76
163.67
23.58
747.64
185.84
277.73
759.94
739.19
43.28
681.3
332.9
611.17
715.4
514.88
429.67
755.64
238.5
602.95
46.09
107.05
429.15
464.39
470.09
539.78
429.95
512.55
141.79
6
567.06
326.29
71.03
470.41
510.24
330.87
76.16
367.16
789.38
723.09
139.13
760.08
28.48
797.92
296.29
78.5
763.99
87.21
605.43
165.64
111.79
158.94
101.53
230.64
232.86
524.77
455.98
630.54
347.31
219.29
666.38
82.26
386.74
25.45
306.61
470.72
114.67
518.47
383.02
240.65
333.86
442.29
8.53
266.78
101.26
188.85
798.67
641.79
356.65
690.24
145.09
674.09
485.33
198.81
29.05
295.89
504.99
320.71
43.9
484.15
10.47
462.19
750.74
324.79
300.75
543.2
210.15
277.13
725.68
469.81
190.22
241.8
757.71
778.96
288.78
442.08
292.31
63.29
401.49
743.96
441.95
230.39
166.65
289.52
263.87
400.26
771.87
565.5
154.21
472.66
71.77
75.54
324.12
5.49
549.81
675.35
614.83
357.1
459.34
494.89
405.28
547.11
143.54
586.44
178.31
317.28
702.14
608.95
657.84
28.56
259
687.69
715.6
150.04
130.77
380.18
737.66
433.47
172.18
782.29
51.13
648.34
42.92
717.5
642.78
317.93
164.16
495.15
126.73
117.16
162.52
270.46
481.02
713.43
569.97
658.85
481.77
190.14
183.14
195.49
687.19
534.1
435.67
436.66
622.23
690
86.76
546.21
725.37
441.01
433.74
780.3
26.61
107.08
445.95
494.24
96.16
491.15
575.1
744.38
789.62
74.88
228.42
487.03
516.59
165.95
266.98
415.13
85.74
285.02
606.52
122.47
252.16
517.79
493.16
450.88
220.44
401.17
777.07
429.82
132.64
460.95
3.6
409
494.37
407.53
396.54
725.37
454.61
243.14
228.05
450.21
331.3
762.51
109.96
170.96
522.96
675.71
275.34
706.13
110.79
562.76
514.03
347.56
44.89
283.3
562.29
82.67
636.98
484.6
447.42
564.51
679.06
423.55
118.92
585.83
471.79
737.68
656.35
3.6
8.99
258.55
615.14
34.03
719.79
16.77
343.57
665.03
48.99
359.42
221.67
320.98
429.81
162.68
346.69
77.9
632.42
421.69
294.32
120.45
775.21
351.31
208.82
646.75
57.5
432.02
596.51
763.12
737.49
73.56
267.28
382.32
385
579.9
143.32
505.04
787.5
532.59
667.85
679.26
704.94
690.99
79.05
166.01
54.5
770.18
108.31
228.34
485.03
538.41
23.38
620.96
297.23
239.42
596.33
211.98
278
770.56
348.57
531.84
142.99
263.12
616.62
329.68
582.43
157.98
672.97
242.52
39.55
583.95
178.37
186.68
630.3
75.89
92.8
119.87
111.35
69
100.58
98.47
469.82
489.9
414.43
101.94
482.55
117.88
98.76
465.16
241.89
560.16
181.93
623.73
157.99
214.3
388.69
226.14
184.85
773.99
463.05
636.42
122.94
51.72
531.6
476.3
215.74
189.87
608.98
248.62
353.24
394.5
190.88
439.74
334.66
360.88
739.41
476.55
352.66
196.47
516.87
704.56
39.79
774.16
529.62
569.4
649.63
0.02
540.28
475.73
380.32
786.43
24.7
186.2
559.78
289.99
687.02
49.32
705.38
444.04
723.91
346.57
741.77
347.04
763.73
438.57
387.45
475.76
453.47
566.15
281.75
727.56
546.5
714.27
100.46
722.99
567.76
135.57
760.34
508.24
673.57
88.1
354.38
292.81
380.61
175.02
729.41
429.52
573.29
107.65
324.3
404.5
353.59
333.72
85.46
787
196.64
625.95
327.23
335.47
173.08
594.51
551.08
545.74
377.82
666.65
139.82
484.43
466.78
318.11
641.13
485.11
764.49
72.29
459.19
515.2
268.35
272.16
537.03
551.78
297.4
637.05
104.83
542.43
27.05
38.86
473.25
208.95
598.41
222.1
549.99
247.56
169.37
507.91
294.21
636.52
278.12
421.3
470.24
518.74
656.43
274.81
80.5
105.67
637.7
721.86
195.48
486.86
592.12
73.67
485.75
610.22
65.88
665.71
199.34
545.51
625.42
568.98
560.33
570.05
540.96
554.51
366.89
526.99
669.05
131.08
665.32
610.15
616.5
26.41
624.65
280.1
74.53
122.83
636.06
456.35
372.3
178.38
321.65
96.92
668.11
696.31
165.08
217.51
184.83
410.97
768.52
37.23
726.41
467.9
146.11
283.69
559.88
157.78
796.82
231.56
739.64
134.51
798.47
122.27
622.91
772.61
628.18
251.48
794.23
385.03
102.56
412.59
47.45
746.39
728.85
657.45
684.19
213.44
279.65
555.9
229.21
19.21
547.9
476.24
31.15
531.54
275.67
426.99
511.33
785.48
400.02
203.3
207.08
173.3
372.55
457.26
601.39
509.09
133.29
219.46
675.68
241.38
226.92
70.45
187.66
727.77
481.05
87.66
670.89
111.56
54.81
730.24
177.08
260.18
452.35
220.76
762.91
89.34
124.41
91.84
538.68
97.39
463.7
60.43
96.79
97.69
712.38
514.5
489.75
232.92
522.97
318.01
726.38
271.88
603
261.22
759.67
51.93
617.7
325.61
165.66
747.28
339.31
324.45
107.56
94.04
183.44
31.2
498.13
749.94
223.24
382.13
340.99
58.5
493.56
325.22
365.86
114.2
661.4
468.1
501.73
316.5
252.6
115.38
481.75
515.44
763.1
17.78
216.84
475.98
8.52
504.25
557.38
282.84
364.33
150.63
518.83
441.57
560.42
145.23
795.17
191.29
120.66
240.51
228.97
506.85
254.6
604.88
516.05
524.26
654.73
79.29
158.7
529.53
1.62
407.7
730.42
769.68
27.04
629.42
795.68
246.52
204.46
554.5
298.31
157.36
496.34
233.89
757.07
340.61
765.94
134.44
578.76
575.62
589.32
503.01
384.28
83.04
362.8
783.53
68.32
381.13
415.13
549.17
704.22
429.91
220.99
151.95
296.71
613.42
195.14
655.79
91.52
688.5
405.06
342.57
773.06
439.55
475.46
377.34
269.33
317.16
299.57
170.63
331.16
743.21
66.33
35.22
573.93
91.1
198.13
553.79
586.88
531.2
580.63
358.27
479.01
377.93
148.47
474.91
709.51
777.25
794.06
185.57
130.03
562.65
132.91
463.85
159.32
346.21
792.93
458.85
248.19
569.75
507.07
270.68
373.03
433.52
136.1
478.64
530.28
303.72
571.01
789.71
281.45
444.6
10.34
278.98
693.5
484.2
433.41
574.13
341.18
165.99
95.69
96.12
662.07
327.97
757.17
22.36
318.8
58.8
779.46
321.66
798.26
728.74
403.79
734.67
330.38
740.7
409.67
87.98
535.61
741.55
790.09
184.41
769.03
346.29
50.39
446.02
177
138.41
467.83
626.03
656.04
258.14
316.09
754.83
265.18
4.35
394.1
633.47
330.79
444.08
306.02
274.99
291.75
755.13
739.42
766.19
232.17
512.93
40.03
736.54
354.49
433.89
784.2
479.35
505.14
298.65
58.09
616.53
104.17
536.67
641.38
546.04
73.35
530.67
334.95
745.68
125.42
217.84
488.07
598.01
689.41
793.76
251.49
252.62
31.13
192.61
507.8
734.81
612.58
143.06
751.16
449.27
557.53
71.69
20.19
660.91
516.12
378.91
752.28
149.71
433.85
224.78
529.3
45.42
341.87
588
420.85
291.12
53.59
725.25
90.63
241.8
554.43
396.9
799.66
133.82
204.8
191.33
364.17
636.35
432.7
426.93
266.73
127.86
616.66
653.25
708.53
570.1
566.95
187.49
450.22
258.25
481.94
545.7
297.05
70.09
518.48
540.61
635.86
58.62
531.15
136.76
261.6
79.08
351.63
412.84
621.14
751.34
117.34
334.82
715.92
369.39
268.78
791.44
11.63
513.05
290.56
364.47
54.94
668.64
570.03
366.14
642.06
628.35
409.94
281.81
792.63
336.81
277.65
467.7
624.59
778.7
492.79
394.87
251.2
467.19
359.26
377.29
603.57
218.36
623.2
256.63
404.81
51.53
177.74
484.36
24.43
426.45
37
469.18
602.57
442.68
545.52
123.61
465.01
723.65
424.09
753.68
581.06
144.48
462.05
386.47
268.5
683.66
562.47
247.66
256.09
351.19
95.07
175.62
457.9
606.04
124.51
105.49
579.51
43.6
202.93
770.28
491.54
360.42
664.26
774.92
429.69
359.37
418.35
434.67
271.79
310.5
527.26
497.91
330.26
102.7
765.92
594.4
702.98
419.94
670.01
386.77
693.09
142.44
300.91
225.37
631.9
176.15
553.34
76.65
687.89
752.89
287.35
761.44
527.77
163.62
687.36
626.85
683.28
446.02
455.53
612.57
18.23
55.12
380.7
38.7
209.99
295.79
472.8
766.73
214.02
407.82
483.59
96.05
220.95
427.76
513.11
353.62
215.67
670.02
316.44
631.59
345.41
315.87
154.97
526.96
362.31
17.84
386.83
749.21
585.91
771.37
586.17
318.38
429.22
293.58
650.25
258.61
731.62
234
601.03
490.6
443.27
106.75
627.76
458.05
162.57
304.52
135.76
408.13
466.47
621.22
154.12
588.07
710.05
677.84
521.38
252.39
30.15
142.62
255.89
594.49
151.66
421.56
89.2
444.93
281.51
41.18
366.07
457.37
328.95
706.23
540.08
794.18
193.97
586.39
443.29
9.2
248.54
534.95
291.11
597.92
700.23
754.93
233.74
77.79
677.47
729.5
453.49
786.23
764.21
94.36
117.39
658.83
215.11
382.45
675.81
296.86
737.67
31.94
107.9
508.3
188.19
469.07
286.57
627.03
147.48
0.85
467.85
757.83
726.9
125.86
726.76
79.64
496.95
159.84
663.53
285.81
587.09
514.06
533.53
480.61
49.34
43.88
355.62
357.57
585.51
618.9
509.63
700.81
107.03
424.36
125.65
186.59
201.16
41.52
192.51
703.78
785.07
397.66
693.93
486.84
33.8
425.06
76.46
220.35
161.95
154.78
8.97
732.93
516.67
100.19
262.41
519.11
91.97
613.7
292.21
170.75
386.19
489.8
575.4
582.85
645.12
592.33
756.1
15.02
196.51
483.9
685.44
248.72
599.35
607.44
765.56
494.85
296.58
790.78
1.87
713.07
470.8
128.63
126.05
77.21
285.8
722.07
184.01
300.56
314.69
786.83
123.37
65.65
28.92
521.86
114.69
448.65
572.57
90.17
229.91
424.54
455.4
248.12
527.44
324.61
649.37
422.13
370.06
497.23
150.89
732.33
25.11
315.72
246.63
471.9
710.89
57.95
270.65
454.3
310.54
120.77
270.08
109.36
477.34
712.99
132.07
212.19
78.92
33.55
525.5
621.97
575.83
498.96
190.43
368.97
466.71
638.83
243.14
697.76
477.65
348.4
528.85
9.78
625.52
758.58
29.38
58.81
2.88
640.48
502.11
734.59
161.16
271.84
791.44
518.82
391.06
769.95
580.02
689.19
350.72
224.91
446.68
717.43
59.5
464.3
478.71
421.33
190.49
636.16
93.53
266.04
451.33
539.71
354.16
682.18
105.71
48.57
334.32
348.16
227.89
355.61
244.69
700.17
478.93
469.95
500.32
772.05
763.63
639.81
146.62
344.06
607.71
478.18
582.72
471.13
550.58
614.74
501.75
140.28
609.41
214.88
635.03
379.2
306.39
429.33
119.68
469.6
275.03
585.94
443.32
628.41
134.72
758.35
356.78
577.07
588.01
79.51
567.55
62.81
453.23
497.36
69.57
62.93
71.39
708.56
234.99
370.86
247.5
262.88
237.79
596.95
307.67
649.34
173.26
204.77
390.37
357
719.4
383.74
488.64
171.28
484.17
569.83
134.82
638.26
489.96
516.65
293.03
181.06
118.47
245.55
518.13
195.69
169.06
26.4
567.22
509.98
415.1
487.06
198.69
393.6
788.93
749.11
702.31
492.56
759.77
213.48
429.1
523.67
771.11
785.76
691.18
148.19
71.88
491.23
548.38
736.74
52.43
543.36
739.03
255.5
557.5
223.66
718.57
582.58
52.89
194.37
278.87
287.56
710.44
328.6
512.39
465.46
314
162.09
196.06
343.27
434.89
675.73
14.3
697.36
79.3
384.75
426.2
539.76
764.06
745.84
362.04
717.46
506.28
446.13
321.32
77.74
586.3
767.37
439
674.93
380.86
342.13
131.44
653.87
386.89
739.99
112.06
138.43
270.4
485.74
705.95
512.08
146.14
798.67
59.54
718.72
372.17
684.81
471.52
734.2
194.43
523.14
157.69
22.59
567.48
483.3
347.71
192.87
181.73
490.2
413.51
612.56
604.63
410.49
247.49
487.58
173.46
643.87
58.7
691.06
545.75
112.4
638.01
311.29
334.6
331.7
233.84
312.88
66.83
479.68
545.99
305.1
95.38
64.7
752.64
374.05
472.57
782.96
510.42
761.81
442.52
203.26
52.18
748.89
166.45
92.43
19.74
422.05
355.74
77.61
450.39
53.69
449.06
437.56
418.39
81.74
383.99
294.91
172.52
15.33
400.67
10.61
360.31
455.14
658.17
632.01
168.76
72.67
563.53
485.49
149.16
386.69
429.72
438.32
679.77
619.66
402.43
378.81
586.8
292.02
674.44
799.53
753.01
723.65
363.45
327.34
505.35
771.08
504.05
624.77
713.71
758.61
428.19
479.11
511.97
607.78
543.82
159.4
361.2
447.07
319.52
104.65
574.58
427.81
443.24
199.73
171.21
218.19
759.82
346.79
758.88
585.92
159.35
629.65
739.7
599.36
102.17
325.4
757.43
546.47
382.2
702.78
73.31
588.17
248.35
352.29
283.15
530.91
362.72
725.81
465.66
22.59
547.99
561.59
735.45
41.01
643.92
217.13
269.53
595.7
293.98
770.15
799.6
123.12
277.99
47.83
469.21
506.45
198
775.66
591.89
311.16
792.34
737.21
337.13
750.28
166.64
472.05
535.33
203.17
797.56
615.31
628.66
385.33
95.8
626.16
112.78
725.86
551.26
246.15
710.78
316.96
36.91
154.73
178.25
185.52
637.96
422.39
36.29
691.05
740.16
545.23
509.88
162.71
694.09
436.16
86.73
260.06
778.51
192.61
35.93
308.1
245.14
708.48
262.07
215.47
779.01
792.23
29.42
147.5
266.44
501.55
279.95
191.88
188.26
262.52
303.48
230.33
139.06
71.26
625.38
359.18
356.99
2.54
166.83
467.4
662.74
30.54
20.97
701.82
156.34
681.39
620.86
650.01
183.66
760.11
81.83
479.39
768.11
744.79
104.09
415.12
434.79
210.39
37.86
598.49
668.99
202.39
160.79
570.02
146.96
400.16
199.67
293.47
647.22
491.02
682.73
501.08
341.41
244.9
379.88
513.58
577.3
581.63
509.5
682.14
183.01
595.24
660.05
708.29
281.37
544.59
351.53
675.82
376.67
202.25
27.44
270.62
53.22
259.04
165.09
231
378.14
276.19
482.09
234.61
265.48
354.39
776.77
725.68
551.64
457.44
793.4
618.69
85.73
369.05
196.04
131.89
47.22
361.75
364.33
346
502.65
371.28
363.56
731
728.9
610.13
109.28
83
139.84
133.61
8.78
206.21
223.12
81.97
47.49
404.19
439.69
604.98
81.6
689.11
624.46
97.4
798.95
493.6
562.81
368.59
778.38
325.14
315.22
646.68
540.91
614.56
78.09
100.46
154.46
159.65
455.92
259.22
83.39
149.43
777.72
338.87
608.93
358.94
494.03
192.83
32.16
351.93
467.7
243.75
309.42
72.99
774.38
596
776.15
728.37
723.91
538.8
282.51
702.39
337.52
219.97
305.36
472.95
461.84
466.22
497.33
780.96
290.89
774.24
445.96
315.25
113.77
213.51
615.76
20.47
19.96
497.01
31.5
794.33
422.06
262.98
444.1
760.09
508
16.99
632.07
468.18
71.58
642.85
659.72
254.39
237.65
3.31
498.19
726.68
285.79
517.7
332.46
35.45
569.88
634.28
104.29
792.33
606.71
435.89
561.75
103.68
649.98
645.73
640.2
745.48
695.53
599.18
596.01
95.64
551.94
501.93
328.09
627.13
432.27
384.57
540.73
529.56
420.59
23.79
225.93
194.87
769.25
315.75
139.95
240.88
30.11
128.41
590.58
306.8
182.51
652.91
615.86
648.56
65.9
301.58
435.21
364.43
411.12
505.94
299.94
425.77
459.72
199.89
296.81
497.98
700.66
473.09
15.89
399.57
361.07
338.57
196.56
236.13
280.08
181.6
721.12
12.09
38.5
601.6
548.54
42.45
387.25
466.85
246.94
757.62
426.24
679.05
498.41
549.21
39.52
276.83
716.79
168.64
269.24
77.31
527.15
540.74
731.02
203.55
561.93
436.76
187.64
720.19
394.42
300.62
290.6
509.9
75.01
455.61
540.48
518.66
765.61
652.74
360.49
604.29
322.35
318.56
268.98
477.71
224.49
199.33
79.18
353.56
318.47
504.03
571.03
551.68
95.29
208.55
625.83
169.96
571.93
256.18
199.61
571.4
725.51
360.63
164.02
621.88
697.85
796.47
388.8
396.42
480.94
718.35
211.44
319.67
745.69
356.72
168.66
43.82
449.13
649.03
332.21
350.46
620.44
776.34
616.3
258.42
466.07
73.32
588.62
110.46
102.75
424.66
453.1
238.57
198.14
20.25
484.22
71.14
211.22
141.44
681.76
332.04
432.7
706.05
18.39
325.05
319.63
83.17
642.83
745.23
56.67
566.14
287.06
373.12
51.44
732.81
246.06
607.43
564.15
423.58
181.53
133.55
227.82
614.34
497.25
631.32
488.93
119.25
16.05
513.4
730.45
376.9
735.05
155.59
403.89
149.36
45.52
737.37
396.28
345.63
105.31
473.81
191.95
340.46
725.05
390.46
130.08
425.74
307.83
357.38
756.6
717.14
493.48
152.2
465.89
582.59
315.94
432.16
415.55
79.48
160.43
167.18
161.66
413.31
742.56
249.66
100.47
63.83
195.87
666.56
141.62
163.69
218.37
432.45
722.38
463.05
460.08
383.74
797.51
402.29
502.17
602.5
712.34
541.58
177.34
446.56
13.67
620.48
286.07
42.65
345.09
548.84
204.95
508.74
119.56
396.56
614.54
660.94
236.18
576.12
98.12
317.33
353.56
689.33
558.45
797.44
389.64
786.58
462.73
407.62
327.92
91.35
140.93
296.6
563.14
686.38
496.44
534.55
529.95
339.52
431.65
610.77
278.85
115.61
448.33
449.72
268.81
464.21
213.69
61.28
464.11
738.25
623.35
689.79
684.41
544.93
157.49
75.97
725.14
513.13
488.24
473.15
414.7
355.03
303.52
82.45
54.61
125.99
731.36
531.69
22.8
100.52
267.66
525.76
159.63
158.34
737.42
639.26
564.79
4.76
762.23
9.33
278.41
622.36
677.76
482.91
295.94
89.71
358.31
731.39
770.62
215.16
92.81
563.84
593.86
582.73
139.21
473.46
765.49
99.49
568.12
348.94
16.22
630.01
610.05
10.33
602.77
724.02
173.97
407.7
495.4
281.87
769.93
644.92
764.11
250.27
49.61
674.11
28.85
95.5
679.54
716.21
386.65
396.46
10.18
677.02
75.57
740.8
648.34
334.49
287.07
395.74
235.9
183.77
525.8
775.9
212.24
519.14
652.87
621.66
264.74
11.28
770.79
457.07
737.09
25.22
271.75
433.97
725.2
523.03
531.97
502.85
759.15
451.38
622.09
63.84
555.94
755.19
652.86
520.89
415.76
781.32
207.55
609.82
587.32
21.4
769.37
177.88
337.3
736.51
91.27
194
251.05
657.78
570.62
793.98
42.14
289.66
119.91
460.45
239.35
442.88
681.26
385.94
749.57
563.32
438.03
376.03
418.86
525.58
188.3
196.94
554.1
37.73
76.66
254.06
343.31
661.83
123.18
254.77
381.58
174.7
397.87
664.53
550.57
340.03
454.13
421.64
786.08
723.9
630.18
730.79
200.02
226.32
90.15
106.16
453.33
662.96
687.22
5.85
345.22
505.75
200.71
182.22
687.98
574.01
510.66
96.92
342.51
63.99
786.69
24.52
360.84
417.41
514.51
630.16
280.1
507.9
648.21
75.25
322.14
327.02
539.59
290.93
395.3
361.71
785.89
255.63
674.89
796.46
80.33
569.69
714.24
564.95
510.28
208.9
99.62
104.37
72.02
36.79
447.32
303.66
248.63
765.35
799.11
209.77
799
589.48
296.35
135.45
524.04
249.17
703.03
338.68
592.47
455.51
34.08
34.57
264.62
374.92
606.31
564.41
557.03
342.07
194.75
296.18
462.26
152.43
499.51
705.2
707.5
340.23
337.03
487.79
193.35
69.98
306.41
718.18
43.65
80.96
343.2
787.3
517.5
662.48
56.65
695.71
279.96
760.66
252.31
645.98
284.42
597.56
155.27
188.87
332.9
597.8
547.06
375.77
335.27
148.72
330.61
340.86
193.7
480.65
160.94
709.14
642.91
745.44
514.09
433.55
339.49
453.8
617.62
544.24
775.92
1.7
48.43
620.01
96.99
253.6
246.62
730.6
81.09
284.98
423.83
722.03
190.17
117.48
571.75
439.25
390.87
106.82
764.45
87.53
14.2
53.8
77.18
635.94
505.02
155.25
586.12
497.83
626.39
498.66
745.21
689.18
702.73
761.51
429.45
794.52
150.53
463.65
386.91
718.74
762.61
706.17
259.33
133.23
735.8
396.39
498.61
341.6
716.69
124.57
374
655.63
532.08
497.85
112.52
281.32
299.64
544.09
745.16
619.94
434.55
222.39
483.3
538.34
370.52
592.5
269.01
107.59
420.3
660.74
693.91
326.18
375.39
495
304.66
174.7
429.25
447.19
552.52
1.67
17.32
427.52
463.16
28.59
604.15
710.22
508.34
38.32
530.89
692.89
41.84
701.52
420.22
121.17
491.61
395.5
605.1
589.07
291.69
438.85
737.41
695.97
331.25
144.33
199.28
270.37
590.63
61.81
8.62
491.69
122.34
205.79
433.66
608.88
422.57
296.82
161.66
331.87
502.47
49.74
317.14
132
518.73
778.03
371.01
312.73
115.86
581.45
78.58
773.86
619.29
624.75
680.98
428.12
421.62
83.49
466.9
246.43
381.55
99.33
12.23
332.99
745.65
231.45
320.79
107.24
751.72
625.49
736.41
345.05
232.74
352.18
71.26
268.19
599.74
187.68
383.2
671.33
317.42
454.66
468.56
784.16
688.89
2.79
524.51
708.04
610.17
613.37
722.91
34.94
124.22
190.94
736.22
404.58
58.79
769.39
170.5
450.18
551.61
366.94
28.98
352.16
159.63
95.79
642.88
674.32
648.36
125.58
756.71
172.61
725.11
265.27
529.34
561.08
219.8
578.29
7.88
515.47
672.66
145.89
382.02
333.31
202.84
780.71
14.16
403.73
484.75
300.54
219.99
360.71
721.26
382.55
259.11
538.75
255.57
195.27
168.23
754.14
495.38
655.01
178.09
652.37
16.97
642.45
261.56
348.58
636.93
235.36
769.6
416.73
799.91
758.75
670.36
313.66
517.67
217.17
781.18
493.7
413.62
27.65
116.79
28.3
720.02
59.67
216.27
343.12
218.99
366
216.34
754.73
19.12
274.91
499.12
792.62
30.49
338.57
39.6
432.99
35.84
298.19
245.38
531.67
468.53
367.1
243.23
414.6
526.11
758.83
60.76
576.77
333.03
189.44
33.2
256.36
455.29
24.94
89.57
267.31
337.83
388.88
360.24
85.43
361.14
757.65
734.46
582.27
463.73
143.68
388.57
145.88
299.04
255.87
660.32
285.04
451.26
454.79
366.36
353.55
31.73
793.05
128.08
770.55
712.71
574.19
425.08
422.68
6.74
379.05
775.96
128.24
335.05
441.28
0.88
417.72
179.45
588.15
777.97
680.7
135
176.4
29.02
130.57
507.48
41.34
0.41
10.78
254.75
350.88
532.09
741.83
597.24
4.12
494.69
593.99
731
233.77
593.25
691.76
444.54
232.89
614.86
106.88
22.2
263.87
666.94
214.61
659.92
535.45
789.3
435.33
250.73
346.82
361.46
601.21
789.29
183.48
18.64
735.16
599.83
493.61
507.31
1.6
103.94
647.07
466.12
9.85
651.25
412.71
559.35
331.12
640.79
392.22
270.78
450.67
305.14
444.82
206.19
378.57
64.23
735.16
712.36
770.04
34.18
564.23
347.19
355.33
63.43
270.47
21.95
201.99
749.01
544.44
599.74
390.74
281.61
659.42
292.56
489.64
406.85
273.89
661.12
478.01
594.25
509.71
457.8
522.38
556.5
79.27
606.58
380.44
592.73
558.73
228.35
537.46
698.93
30.55
486.59
485.39
468.49
109.62
162.94
66.36
69.27
168.34
545.68
694.17
268.45
58.81
565.62
461.79
202.21
222.09
168.33
727.56
560.63
423.55
538.96
449.42
734.45
84.32
193.54
240.09
35.69
553.65
566.09
130.33
633.46
794.9
649.29
663.92
130.75
34.11
516.2
419.38
720.8
65.78
759.49
744.99
676.84
720.98
726.13
573
590.12
116.56
533.27
621.58
435.17
551.12
37.03
134.32
463.25
466.96
135.47
765.14
305.57
259.71
610.93
705.81
367.9
389.71
18.94
591.84
769.81
101.19
488.28
657.08
738.48
383.03
128.01
436.25
695.83
138.69
695.91
773.93
78.47
484.53
534.49
763.49
630.1
336.91
694.24
286.11
180.97
72.97
292.69
82.2
757.5
716.66
43.91
784.85
675.95
135.53
688.58
148.51
528.07
691.55
311.92
689.75
651.89
567.42
112.78
321.44
193.1
491.68
644.1
464.07
23.89
357.97
551.84
715.87
489.91
430.01
599.13
205.91
393.1
121.29
667.66
442.76
341.32
15.37
581.29
441.5
767.94
207.45
744.8
261.86
122.97
664.97
268.05
744.78
734.4
429.68
441.77
616.33
376.7
61.59
249.04
271.63
778.93
239.19
72.28
665.64
428.17
154.24
380.82
46.95
565.15
714.42
464.81
342.46
200.18
524.51
314.81
136.24
762.79
496.54
656.57
62.02
264.59
764.35
699.68
94.23
397.27
280.46
53.89
420.66
610.1
78.54
667.55
381.34
225.92
439.52
667.17
272.3
258.28
326.4
494.94
78.87
575.01
537.07
716.67
112.73
180.12
759.89
66.31
260.33
328.59
248.96
338.06
86.77
358.25
193.64
426.56
24.51
454.84
87.08
252.66
457.55
778.64
375.43
227.53
469.26
580.12
82.6
296.52
747.1
461.31
534.42
194.86
253.93
396.41
480.34
364.97
102.51
251.55
721.86
300.76
651.36
708.15
500.25
272.42
644.35
539.98
712.43
288.25
624.11
42.16
48.39
512.8
179.41
302.69
130.5
472.96
8.23
644.68
736.41
778.27
296.84
615.3
9.33
783.49
224.1
567.75
592.54
378.72
10.08
342.58
148.22
695.56
305.8
630.1
29.93
209.75
478.18
552.22
709.42
652.24
511.37
285.6
466.32
87.2
477.59
327.26
184.45
396.54
562.61
515.78
221.69
165.26
124.76
652.35
409.36
192.3
181.88
493.01
694.14
539.55
207.57
298.4
797.24
74.14
461.2
222.76
239.93
364.75
20.48
399.58
586.47
365.93
711.13
272.01
451.79
680.91
94.92
215.45
617.68
415.09
428.7
740.34
746.06
477.92
664.18
423.76
290.06
690.36
372.18
90.59
691.29
626.49
447.43
400.58
112.83
658.54
392.2
718.27
50.88
151.95
227.69
247.82
708.56
80.8
189.91
346.93
588.21
301.21
175.95
308.67
237.57
755.98
244.93
320.9
717.5
545.04
594.45
201.52
326.26
167.29
295.09
106.82
118.76
530.33
759.64
48.66
161.47
668.49
503.18
762.1
101.49
381.42
250.67
396.69
291.76
70.12
689.46
296.12
21.5
232.67
357.06
791.13
63.3
605.2
59.6
251
326.93
338.34
520.38
534.55
774.21
497.47
366.35
735.78
147.49
481.29
19.19
602.31
621.97
668.29
752.03
92.9
32.62
286.09
184.66
565.84
351.52
52.89
69.44
153.96
358.01
283.39
383.45
790.58
488.43
204.64
270.96
388.18
609.7
32.91
229.12
320.35
560.18
569.05
788.39
305.9
687.56
84.31
781.68
21.13
57.17
359.91
127.92
12.96
151.85
8.93
468.79
252.59
349.36
454.86
398.49
748.19
73.79
496.36
93.38
558.05
715.86
275.01
730.9
687.96
417.33
231.43
254.62
150.44
279.73
120.93
127.4
302.38
647.28
265.74
84.57
780.7
743.73
86.07
799
48.29
616.33
345.3
78.66
134.26
543.61
471.76
292.11
386.76
379.12
587.84
259.71
606.36
420.02
665.54
271.35
242.05
600.8
677.45
370.13
512.59
677.52
648.79
190.4
90.56
570.43
209.76
452.49
768.93
574.28
609.41
340.28
43.1
275.14
173.93
279.64
383.42
410.83
585.26
178.1
598.84
266.25
473.7
287.31
73.44
130.02
117.47
209.52
42.2
432.29
309.54
328.09
522.82
730.79
463.84
172.07
263.37
193.85
645.33
763
103.86
6.88
445.6
389.05
639.2
557.15
483.91
57.52
610.18
798.61
403.78
544.83
540.11
767.52
744.53
539.31
263.72
303.34
188.39
334.1
390.88
742.19
449.49
296.83
551.15
378.92
153.74
781.12
314.09
254.91
92.13
134.75
719.06
626.42
616.2
459.77
463.65
247.43
165.24
412.51
470.6
307.35
453.76
282.88
451.34
435.6
677.22
453
745.19
503.26
542.49
595.91
246.04
22.18
352.92
448.81
311.28
119.21
661.38
419.32
631.19
400.76
231.05
687.84
543.22
687.43
575.6
455
527.51
87.62
458.36
560.14
655.9
523.77
366.7
741.2
260.87
529.87
600.44
733.4
556.12
665.51
256.41
457.88
650.63
206.97
528
753.5
583.32
152.57
117.77
312.36
686.78
309.26
622.9
217.6
417.84
484.72
61.94
65.03
10.44
214.6
383.1
242.56
627.57
515.46
125.83
636.77
84.46
56.41
767.41
512.4
351.4
153.51
370.6
308.9
718.23
790.67
457.85
737.83
30.81
340.88
491.32
292.76
574.56
109.07
544.04
212.87
465.71
35.25
265.25
678.48
537.38
4.04
477.23
551.13
164.67
569.11
289.73
775.23
136.71
274.95
297.58
400.11
695.41
344.11
181.34
351.6
453.43
388.03
792.61
368.85
19.68
73.66
28.38
161.51
490.73
632.22
135.57
0.4
396.5
790.14
349.97
782.76
402.72
764.52
341.2
189.9
110.87
248.98
207.23
746.31
649.31
528.16
746.24
110.3
328.27
73.63
232.43
740.12
671.57
727.92
2.3
585.27
517.88
26.56
409.46
347.5
689.59
102.35
11.74
449.91
224.47
31.66
506.18
429.5
425.51
564.93
40.54
730.59
334.61
138.44
793.08
143.59
100.2
221.82
461.87
256.05
537.26
575.33
127.11
84.19
346.69
220.22
257.23
384.29
218.98
445.48
457.88
284.3
86.48
495.29
659.82
665.3
321.2
470.85
337.55
485.31
116.21
161.47
507.24
77.68
394.43
612.92
119.27
610.48
122.02
548.86
353.07
444.39
674.06
611.35
192.94
267.59
750.92
547.46
543.47
163.25
754.66
19.23
380.64
348.74
19.05
394.54
481.24
704.85
626.18
451.72
389.89
662.23
148.97
311.79
21.31
495.05
781.63
434.28
153.95
69.7
675.23
447.58
282.29
419.17
101.55
77.13
565.24
240.44
78.49
728.99
182.29
617.77
734.59
294.37
320.82
83.58
411.33
347.93
186.78
566.34
324.88
143.08
307.63
445.26
728.67
624.9
507.55
673.48
155.07
37.29
302.88
462.22
330.8
200.2
536.81
11.16
736.05
388.57
405.43
166.92
232.64
550.99
551.4
461.87
629.67
89.55
560.64
634.01
92.62
377.53
678.91
794.56
196.43
716.66
242.15
135.83
355.98
247.51
405.27
347.29
68.34
29.33
124.62
795.63
170.81
336.65
737.19
399.25
692.77
680.55
258.88
694.53
399.46
126.52
582.52
29.57
720.97
49.19
455.15
196.8
541.1
572.44
715.5
139.19
752.66
489.08
285.26
659.72
480.6
108.64
515.89
288.29
522.2
191.56
355.52
326.42
488.24
184.26
699.07
7.42
280.9
731.72
789.62
200.93
737.74
523.25
547.63
11.1
61.21
170.63
495.23
543.39
310.84
727.16
686.69
590.99
691.82
310.63
10.76
784.25
438.77
687.19
499.27
540.08
247.12
737.97
104.85
234.42
1.06
475.24
738.09
666.37
473.74
448.26
492.71
757.6
604.54
238.07
272.66
355.83
113.12
666.68
352.48
96.3
243.94
472.32
672.91
319.28
765.61
358.56
266.05
95.15
120.43
21.05
421.5
341.59
525.11
295.66
641.16
714.74
333.36
127.63
687.43
271.8
434.49
217.3
297.44
760.45
369.45
400.81
667.25
646.34
425.65
82.58
176.39
743.95
623.34
420.05
744.84
143.33
500.63
539.01
586.8
183.49
663.45
91.52
94.8
608.52
56.82
20.14
320.62
478.62
15.64
188.75
408.63
731.48
353.68
777.47
414.72
0.72
641.32
548.19
8.9
410.25
278.79
471.4
178.8
256.73
699.73
502.09
513.17
550.55
569.53
580.61
712.36
773.23
312.66
48.34
137.42
111.71
115.53
456.21
124.66
391.43
562.19
397.31
557.67
167.68
489.94
727.39
733
285.67
481.26
195.2
570.96
477.32
191.94
595.34
559.83
32.67
445.31
431.34
70.91
560.59
563.86
694.81
565.25
285.46
55.73
424.56
338.61
516.13
361.13
560.44
747.98
659.82
327.43
721.07
742.52
42.56
543.56
410.07
279.83
335.76
609.42
686.51
293.84
391.24
197.19
150.54
661.98
449.92
276.34
115.96
554.14
673.85
111.5
534.88
527.45
667.86
34.47
20.29
662.51
299.85
788.75
23.31
565.54
760.58
711.12
730.71
513.59
271.21
351.29
298.54
170.41
565.53
647.02
122.97
332.4
230.1
798.71
419.05
269.61
793.71
242.3
671.04
742
344.85
252.57
426.37
234.93
201.21
455.14
26.9
593.92
425.36
669.66
34.64
110.34
179.31
36.86
650.89
81.51
752.19
367.31
715.72
84.43
52.46
572.68
211.24
678.06
62.35
644.62
291.87
726.89
335.66
216.34
563.01
325.74
18.92
179.72
256.99
102.85
455.45
525.57
779.76
415.9
603.84
93.49
321.1
76.34
252.2
175.42
296.48
189.29
56.51
434.37
466.59
590.74
255.9
173.87
563.22
362.11
760.8
662.71
781.22
756.2
352.7
495.58
539.8
337.8
160.18
784.02
453.61
729.36
327.62
283.4
352.16
690.24
496.21
649.86
37.37
49.62
316.59
77.46
215.89
68.19
317.72
27.75
682.3
236.28
541.26
440.27
595.85
598.62
500.54
267.78
343.36
609.97
304.73
582.18
383.81
776.69
127.03
757.22
665.14
791.28
484.85
560.35
90.09
383.1
648.21
704.77
29.1
557.82
358.18
694.88
316.44
766.72
102.48
680.77
260.63
235.33
395.5
511.8
280.28
78.68
62.58
660.62
292.75
761.24
482.98
725.15
623.91
702.12
162.87
454.06
488.89
203.62
377.91
287.53
594.07
161.19
622.18
286.86
328.8
723.59
103.66
35.11
200.48
794.19
212.01
585.15
238.13
424.53
102.41
779.04
741.8
404.02
517.34
168.68
270.89
224.27
661.81
689.3
438.95
629.84
33.4
700.43
32.59
411.31
653.34
770.12
392.51
370.66
90.92
761.64
749.78
608.58
721.23
573.96
422.03
770.08
31
709.59
316.51
342.97
305.83
603.15
269.27
686.4
478.87
537.56
290.51
491.31
734.49
38.99
372.28
0.58
46.18
41.05
712.56
586.93
757.16
255.13
664.24
647
128.96
618.82
453.16
292.13
124.48
18.57
412.14
730.22
334.23
443.91
563.69
640.42
513.69
688.62
784.98
344.48
393.7
358.14
239.54
311.91
267.34
208.81
657.12
678.94
272.74
7.05
617.68
516.06
262.66
702.03
151.62
605.74
353.03
465.05
471.74
529.75
334.65
703.94
307.36
181.45
556.71
792.55
358.34
249.64
506.38
267.2
307.13
546.93
3.95
238.62
513.39
612.15
133.05
264.94
131.92
630.24
447.15
704.52
92.09
77.14
44.93
348.37
123.1
53.04
91.99
374.48
791.52
743.79
409.83
608.44
704.39
269.66
703.23
284.31
417.14
785.73
697.05
371.1
133.07
671.91
62.51
226.35
277.31
513.09
144.47
424.93
179.38
593.23
304.09
777.18
377.16
507.25
161.19
200.88
348.47
135.65
439.5
581.57
764.06
174.63
232.19
75.96
709.87
549.11
388.17
640.87
715.79
23.3
649.12
481.95
457.27
134.9
128.48
757.95
277.29
18.39
256.03
573.5
68.6
315.57
786.89
694.46
99.36
470.34
719.53
48.45
652.14
310.66
65.73
240.47
706.48
105.58
59.29
295.41
290.94
656.06
169.28
647.26
390.01
651.52
369.85
556.53
272.3
438
485.24
288.23
336.19
653.05
558.65
417.11
266.7
739.45
208.75
6.89
85.46
380.36
116.82
484.38
632.51
642.73
337.44
537.57
421.36
53.78
160.7
319.7
454.48
632.39
20.26
580.16
606.18
116.07
754.84
299.76
73.57
480.66
406.78
273.7
565.73
324.3
148.91
379.97
12.89
251.37
51.29
10.88
379.36
176.77
752.68
376.92
526.23
244.9
195.14
99.05
417.19
670.24
343.48
620.72
646.46
315.16
152.99
336.74
363.94
585.73
651.45
171.82
698.89
616.71
407.33
692.75
713.57
0.39
739.58
95.62
221.81
314.81
653.53
218.88
761.6
162.05
544.09
18.76
518.59
0.63
587.33
771.19
100.65
780.16
202.77
4
363.3
316.41
603.57
466.94
568.01
764.45
149.56
773.36
495.34
391.78
755.82
506.74
487.98
78.91
417.88
248.46
314.29
100.24
536.2
726.97
454.26
709.97
754.23
121.56
120.9
178.63
784.76
477.92
120.22
48.02
617.15
113.03
94.54
345.08
392.45
239.37
364.03
656.51
459
748.52
474.77
408.78
233.11
119.28
148.56
759.64
766.12
167.07
299.01
510.32
565.41
713.09
372.01
729.14
182.49
338.87
211.58
702.5
751.98
299.99
599.01
13.74
300.62
130.09
439.84
675.49
270.9
652.24
379.9
455.31
720.96
458.39
666.13
10.47
188.44
164.01
517.28
782.82
657.02
89.84
319.13
667.98
289.82
729.27
680.79
347.65
713.39
263.8
541.14
404.23
199.94
625.68
499.3
43.8
657.5
593.53
555.62
631.94
223.31
685.27
565.03
273.18
635.52
579.34
86.62
468.06
649.5
366.57
349.79
519.4
344.27
514.2
274.69
136.55
122.5
796.73
705.55
754.64
676.74
478.59
788.31
291.18
719.02
778.15
30.67
433.91
376.94
183.7
311.61
612.45
29.96
0.25
159.63
529.98
46.66
300.28
463.97
431.13
489.38
735.71
228.54
156.22
167.46
658
464.69
82.7
357.19
507.05
659.99
467.42
584.61
279.69
679.94
668.79
799.12
138
677.03
224.8
160.59
382.87
399.74
262.52
66.7
356.1
305.13
560.57
626.98
82.67
321.16
729.65
526.75
91.13
389.38
483.17
248.27
104.99
34.92
346.52
19.86
280.83
396.6
573.64
558.86
457.58
324.38
169.52
156.56
440.19
601.23
509.95
673.78
755.68
158.97
72.28
443.73
438.42
360.6
621.14
594.49
178.69
453.1
462.5
210.81
449.12
369.91
274.32
772.37
602.74
586.35
436.67
576.16
655.6
316.1
408.32
545.93
791.35
382.3
755.56
22.05
649.18
402.06
571.31
50.04
108.28
255.2
689.63
384.33
402.34
709.43
344.01
707.83
400.15
127.38
548.05
616.36
415.42
299.37
421.37
547.72
633.37
653.42
324.3
463.97
500.38
499.54
376.12
710.17
376.19
172.73
479.88
549.67
384.16
383.54
144.62
625.28
679.64
48.68
487.74
690.79
325.39
195.07
321.18
519.36
56.25
376.51
107.33
689.09
423.71
106.03
253.03
783.85
242.47
368.91
609.87
742.53
437.71
720.08
249.53
554.43
595.71
281.28
511.95
155.44
57.83
664.59
371.55
766.37
139.31
176.89
413.39
401.45
14.47
289.95
252.14
403.88
476.29
68.63
712.51
182.47
761.6
745.26
438.26
396.63
280.91
259.86
30.16
684.92
729.45
756.47
705.91
133.37
697.25
84.42
637.12
245.33
51.3
258.24
378.03
59.35
531.27
666.36
693.53
550.35
425.53
273.73
4.84
356.79
232.09
508.32
139.55
564.21
744.42
156.49
729.49
558.79
434.71
564.89
794.51
293.94
1.05
565.23
498.05
626.49
648.34
125.94
794.75
89.11
668.23
288.11
729.66
131.59
616.11
342.84
306.88
403.16
418.84
487.44
731.57
332.47
448.77
637.19
208.43
660.14
643.31
138.4
752.24
304.78
747.09
54.57
171.79
191.44
635.31
644.54
489.65
645.52
408.09
675.89
148.84
601.95
434.34
269.78
798.92
481.37
390.53
717.19
734.16
603.68
460.29
629.1
646.02
722.74
194.05
250.22
150.41
400.25
555.96
464.81
729.24
251.32
461.55
94.53
744.32
692.23
287.7
351.07
140.88
456.94
180.81
619.45
623.51
247.92
178.62
114.6
577.97
429.27
65.3
381.5
767.54
658.25
486.3
752.13
561.12
757.68
252.78
155.15
452.18
154.38
604.22
313.69
781.17
362.24
60.85
326.76
520.65
360.03
71.35
436.55
655.66
401.23
224.58
556.41
604.84
46.36
736.33
312.64
33.51
338.86
329.42
415.48
479.13
755.17
646.17
462.85
284.05
563.09
784.35
420.3
383.16
272.45
145.24
418.94
294.17
374.64
636.58
114.68
384.33
556.62
677.86
455.97
641.99
776.48
742.19
10.95
38.23
405.69
546.71
101.35
239.46
595
236.56
220.42
449.03
40.2
202.55
41
501.93
301.59
47.63
370.31
573.4
759.67
110.58
644.66
577.7
373.36
511.22
695.95
208.88
296.66
46.2
114.53
565.7
199.03
563.71
527.34
416.17
471.6
298.94
734.84
414.72
415.92
571.06
337.2
64.72
258.08
446.77
440.24
493.53
365.24
329.41
166.68
215.2
572.21
530.19
323.49
400.9
127.52
111.63
81.52
397.12
700.4
517.16
323.01
610.77
64.24
284.25
652.48
689.42
496.95
305.43
712.96
278.48
702.41
572.94
603.86
537.65
347.5
686.07
337.47
392.04
644.71
651.23
351.84
391.91
358.34
411.91
40.07
638.33
541.64
560.99
157.23
211.49
266.74
100.02
401.79
461.79
50.93
467.93
53.45
462.81
88.47
638.03
201.96
433.87
612.69
504.1
616.88
592.83
192.31
53.73
240.31
557.96
473.49
46.76
667.78
233.11
68.86
504.01
607.84
249.77
140.49
39.82
71.15
772.39
521.52
339.99
159.17
176.81
519.12
741.36
472.66
182.98
107.92
580.74
105.31
400.83
744.8
260.59
265.38
485.35
620.21
713.22
97.19
309.98
536.76
340.47
170.05
130.98
324.09
325.75
200.98
74.79
329.3
187.24
461.67
479.65
660.12
593.41
272.41
307.95
337.66
210.53
374.93
48.15
134.8
697.29
531.25
269.1
450.66
266.76
78.77
511.62
488.6
558.95
248.57
726.33
31.91
269.49
608.68
572.1
222.67
223.73
293.54
767.06
83.03
329.74
631.47
12.98
570.01
336.71
424.81
658.77
188.62
53.87
92.97
199.62
504.63
493.51
203.68
371
632.56
532.57
684.69
694.22
47.79
620.71
308.83
272.08
39.27
665.32
10.79
596.85
265.99
84.56
170.77
672.65
14.43
272
204.4
424.87
74.81
186.83
63.01
719.98
604.95
65.85
478.62
686.95
740.07
609.83
796.03
216.16
142.45
249.8
391.7
380.97
458.56
251.99
170.15
324.39
710.73
582.53
46.04
729.88
27.2
8.28
215.26
799.28
359.46
544.62
360.15
524.88
261.83
526.36
509.57
625.15
405.77
705.19
223.36
622.27
27.53
262.59
537.25
641.13
83.96
182.97
89.65
159.3
126.96
704.8
780.29
433.2
146.53
181.49
111.5
446.68
734.28
390.78
577.58
732.26
233.65
468
491.06
499.12
6.06
561.61
52.11
70.25
324.55
362.98
16.13
444.83
122.11
56.21
171.39
182.82
639.57
569.53
692.79
385.65
95.23
512.42
564.93
32.83
686.48
504.41
316.24
325.12
436.82
589.3
288.69
763.65
674.65
318.52
443.98
605.38
784.22
324.4
121.91
239.52
479.84
527.31
409.65
483.47
475.69
368.05
710.25
733.03
576.74
676.06
214.58
658.98
167.03
597.72
793.64
758.58
639.67
369.95
469.99
201.51
503.72
568.76
718.29
604.43
104.25
703.59
510.88
117.48
640.83
718.6
257.76
476.89
512.19
680.98
338.42
58.34
319.85
598.37
703.31
783.22
98.48
557.3
640.5
335.49
436.81
594.2
702.73
278.23
71.98
687.6
628.77
222.23
9.59
437.07
479.16
266.86
220.9
623.28
740.85
600.32
686.5
120.29
781.67
487.86
586.64
632.7
653.61
608.24
518.56
361.03
229.8
320.21
718.12
228.63
45.69
735.21
679.69
212.56
113.05
521.33
657.04
303.09
132.04
141.12
558.32
427.14
655.66
579.9
218.93
655.48
739.82
47.94
712.51
146.71
324.39
544.5
608.65
313
509.41
190.44
574.5
335.92
267.6
347.67
454.25
308.17
690.5
89.23
341
243.53
37.87
72.29
789.72
150.88
386.95
743.95
20.13
669.72
463.94
475.97
753.23
37.2
537.1
749.8
149.86
749.3
640.63
720.66
142.98
215.82
690.41
798.84
321.59
278.95
512.33
23.36
394.86
13.52
144.89
585.97
253.31
480.1
47.11
451.73
130.91
336.62
372.65
232.83
446.8
101.92
103.45
796.01
622.97
313.41
595.35
688.79
16.46
423.58
305.3
450.71
621.61
304.33
35.18
335.35
158
37.39
433.02
343.2
41.57
513.99
736.33
599.18
510.96
12.94
112.86
755.13
329.58
83.25
125.53
74.11
225.48
264.4
129.02
601.99
746.15
212
676.52
41.57
45.84
739.08
560.27
271.55
482.78
146.87
48.46
225.56
402.55
641.95
146.21
583.27
402.43
422.03
63.93
34.17
17.11
541.2
581.37
479.77
351.92
696.48
71.56
574.84
190.87
239.49
665.05
323.04
660.99
563.39
13.55
285.74
256.06
529.7
294.08
741.14
342.59
667.38
623.03
573.24
751.6
646.19
168.02
560.57
706.41
98.15
186.04
709.5
679.75
739.29
758.01
299.45
155.68
670.73
690.43
568.5
99.44
259.36
645.56
208.65
416.93
751.48
90.82
577.44
539.86
741.1
159.13
54.31
637.48
241.3
753.74
185.37
535.45
311.92
793.86
9.55
470.01
650.33
730.31
317.67
366.75
479.9
590.58
655.39
243.71
364.09
672.85
574.24
629.63
663.57
491.01
323
480.03
746.78
548.91
291.74
497.86
378.08
739.47
574.94
257.53
102.28
22.59
23.87
355.12
793.29
33.35
583.55
772.29
211.64
205.35
270.61
634.09
246.06
675.01
310.96
756.54
684.21
335.97
731.78
681.65
449.74
216.6
786.16
792.14
481.83
508.28
481.45
675.21
558.11
32.6
255.52
282.48
282.93
771.64
656.28
585.87
85.05
31.12
593.14
539.12
8.12
482.85
73.09
263.49
642.26
86.88
713.96
325.56
235.76
635.58
80.23
128.66
308.99
792.53
476.24
158.1
681.7
250.38
602.79
704.86
614.87
285.71
406.97
75.57
40.9
550.34
708.67
489.48
215.08
426.63
366
121.6
620.21
705.61
569.73
138.95
62.8
76.07
32.57
486.12
624.27
796.55
659.3
110.41
174.2
183.23
386.31
751.76
621.16
430.85
762.24
52.17
364.04
750.3
548.58
588.33
552.78
152.86
526.99
19.9
314.57
407.58
579.36
731.25
71.53
543.95
435.32
324.55
762.48
655.94
352.67
31.51
641.91
56.31
441.22
438.17
233.41
717.36
760.09
608.36
383.81
92.94
711.4
606.75
709.23
84.81
720.29
10.88
134.32
76.25
308.46
653.47
2.67
654.9
297.28
607.91
183.46
258.74
500.8
526.54
69.1
396.79
147.37
123
355.99
173.13
371.93
157.73
410.54
782.05
286.9
153.25
119.16
573.54
684.13
621.71
658.17
484.3
432
448.18
617.79
454.65
63.13
674.65
511.8
130.72
75.58
20.03
0.86
203.22
70.91
339.38
324.84
349.67
190.74
393.81
688.45
611.53
688.45
477.07
774.66
159.32
544.67
13.8
675.55
167.27
682.02
499.45
502.86
393.52
192.42
644.61
758.3
777.11
447.84
267.11
491.48
144.55
795.4
59.99
88.88
470.34
243.85
358.63
652.5
628.63
276.23
445.24
201.75
270.41
612.71
731.69
40.62
502.11
627.08
674.42
309.06
631.84
573.59
135.53
541.15
117.37
392.06
156.23
287.68
3.34
201.25
694.56
174.76
220.51
84.43
530.56
157.51
520.98
162.61
373.22
395.73
215.03
572.31
257.91
169.9
637.93
779.21
710.41
322.29
771.31
295.8
351.41
401.87
163.12
147.09
293.88
98.05
83.25
657.36
249.87
526.73
776.9
446.83
301.43
551.91
492.94
390.98
240.26
597.14
293.79
139.69
468.33
250.95
627.65
368.94
10.61
340.86
390.69
133.54
541.75
336.43
270.79
764.75
147.65
597.84
338.97
330.02
272.69
201.44
524.75
158.82
407.02
456.95
606.1
404.51
659.05
742.82
735.85
602.44
790.66
466.5
59.7
528.15
573.31
473.06
491.79
273.63
788.57
711.84
404.92
733.44
362.87
227.42
484.42
175.15
422.11
462.14
635.8
537.92
545.98
655.06
552.12
666.88
477.73
170.22
425.03
83.2
543.38
646.74
241.25
48.55
142.1
604.65
691.04
779.66
4.89
398.65
144.85
66
730.14
636.51
212.68
72.03
752.68
763.43
476.13
440.29
737.9
309.82
16.92
173.17
78.71
658.92
388.66
761.3
356.74
790.23
521.92
521.73
730.42
341.58
526.74
498.83
22.44
528.37
628.1
786.96
28.8
81.67
107.67
476.82
541.47
329
185.36
521.6
57.54
637.3
605.55
745.62
119.12
187.41
690.89
603.76
579.42
305.86
764.21
283.39
52.5
300.06
484.24
150.37
329.11
205.24
174.59
73.43
70.02
562.91
740.28
496.73
721.5
361.61
217.75
207.33
213.65
204.21
594.98
568.69
381.39
529.97
72.62
789.13
472.51
55.57
130.44
63.95
161.88
381.65
559.18
260.97
96.45
10.34
336.46
30.26
283.25
798.03
655.6
180.37
30.19
692.57
454.37
794.82
402.56
355.71
717.63
522.13
141.2
138.87
791.8
103.25
449.52
194.02
70.61
34.37
205.19
661.35
705.02
369.91
783.2
698.83
219.08
276.13
299.03
556.45
457.63
715.62
633.53
98.98
10.42
408.61
692.56
355.01
237.47
80.73
199.75
439.8
226.92
314.86
312.89
439.32
521.97
768.75
6.81
756.15
605.6
791.18
139.97
725.41
265.07
119.67
141.51
485.93
41.97
633.23
506.46
79.38
771.45
447.12
770.36
310.48
144.48
789.08
420.02
612.73
643.81
620.2
15.02
656.02
254.38
448.79
390.49
239.88
677.93
194.6
513.69
408.89
258.81
534.7
636.31
540.29
635.11
121.44
755.07
94.49
703.92
664.57
167.72
242.54
614.5
764.95
234.5
704.27
431.01
563.87
50.99
111.4
242.09
264.69
100.69
748.21
484.16
269.46
294.79
362.18
125.21
524.17
194.37
88.36
680.42
235.64
267.12
557.08
722.89
241.23
395.85
396.44
699.42
38.53
756.36
388.23
464.35
787.73
501.92
406.28
258.29
43.68
456.2
201
130.18
284
466.6
6.77
323.24
759.47
613.05
52.55
771.83
83.65
179.05
523.98
611.34
64.77
660.63
461.74
273.25
67.18
248.34
86.33
118
102.26
546.09
743.11
790.69
293.8
101.22
716.85
90.82
492.95
717.64
413.2
320.48
530.96
247.23
567.63
319.83
77.21
593.41
131.33
683.9
398.36
714.88
66.01
73.01
170.67
335.85
148.5
350.88
47.03
520.93
437.62
110.98
126.85
454.95
424.77
711.68
81.47
749.52
174.79
5.92
490.53
296.76
132.25
689.4
544.14
484.7
757.54
737.71
776.14
131.2
766.69
344.12
688.85
696.25
44.02
234.22
114.41
696.14
564.05
318.31
598.09
655.62
366.07
554.53
431.24
572.94
280.92
602.4
522.58
677.71
399.67
107.43
286.95
736.84
79.41
329.84
225.81
227.79
799.37
526.72
110.5
155.02
401.66
127.8
503.92
635.01
573.49
79.11
489.93
148.19
594.92
483.08
559.1
635.82
349.73
655.09
567.93
404.39
418.41
136.13
384.22
19.21
309.49
362.45
716.06
126.36
545.5
70.42
695.82
33.01
316.72
142.39
677.48
205.33
610.14
694.23
182.86
479.29
56.51
196.77
170.77
83.13
589.26
609.26
199.34
57.74
84.09
57.37
594.14
329.9
418.36
250.42
751.84
101.85
537.99
480.28
109.4
160.15
366.38
485.61
417.6
153.37
132.18
745.42
663.03
543.79
579.02
454.83
793.81
238.04
663.97
164.26
288.02
637.7
384.59
661.18
755.02
201.28
516
566.17
549.41
484.01
229.9
631.68
570.67
370.24
658.88
203.2
48.36
520.65
7.7
44.55
9.9
216.39
542.49
233.23
214.82
456.76
331.19
581.1
364.67
572.51
118.69
280.59
695.31
662.2
136.27
511.3
670.29
745.56
529.57
643.51
375.36
739.32
654.21
188.95
370.13
21.34
646.58
538.07
642.1
416.63
94.31
60.53
758.86
393.61
373.04
171.43
205.87
665.86
269.44
528.26
301.28
568.91
584.41
415.69
498.17
526.31
330.99
559.85
374.23
143.79
397.65
696.49
201.79
309.31
671.69
35.31
316.53
487.04
731.75
668.69
44.58
237.35
125.71
498.28
525.75
424.35
570.64
766.6
454.8
129
764.3
58.42
108.77
28.35
553.12
136.73
305.48
106.71
147.38
329.88
604.3
672.56
482.1
702.44
434.26
491.1
789.39
753.94
627.73
202.55
739.74
494.25
612.63
381.41
54.45
128.47
98.99
431.2
149.4
767.41
471.99
363.52
250.51
709.63
508.82
695.15
767.85
728.24
663.75
262.09
195.83
653.11
121.7
472.64
319.63
239
126.58
425.9
730.98
361.39
77.5
654.91
689.47
778.15
328.81
596.62
209.57
0.3
349.8
562.9
469.04
118.51
461.02
283.23
14.86
691.03
386
287.97
214.45
211.11
713.28
738.07
647.44
189.2
424.26
462.3
39.55
258.65
344.33
71.73
282.23
563.59
433.76
396.4
778.65
197.15
201.75
218.76
312.07
153.86
174.41
729.8
64.09
698.53
316.91
701.35
451.92
208.65
410.73
196.4
516.76
316.38
593.02
282.79
373.33
354.02
426.65
735.33
577.05
252.86
744.31
733.01
685.84
674.02
227.9
98.97
298.73
593.59
27.55
299.1
128.95
158.63
176.37
364.07
201.79
457.8
125.75
541.87
750.95
683.45
328.63
182.26
428.2
441.23
569.88
327.92
630.09
550.38
110.81
676.13
450.77
294.1
601.89
232.51
772.84
108.57
654.02
628.84
231.01
47.43
663.57
78.83
241.19
178.74
578.47
738.35
556.73
333.35
268.76
721.41
771.24
632.44
163.77
7.61
117.79
728.31
644.81
70.75
330.59
171.99
54.67
369.26
236.95
798.56
544.11
310.58
718.99
782.43
148.15
732.26
373.26
534.04
678.73
373.86
113.95
122.81
489.51
745.15
736.27
572.6
212.68
221.13
759.63
753.93
683.62
341.01
707.38
695.1
457.04
312.52
85.3
377.53
401.77
168.17
454.88
72.8
360.65
187.81
108.46
364.25
428.53
329.84
193.28
640.57
618.67
583.66
240.1
678.23
150.56
155.07
630.44
364.43
510.77
107.36
382.94
274.89
198.89
168.42
209.67
363.02
167.66
390.92
170.46
727.77
648.69
12.62
698.33
788.32
289.56
565.92
480.94
127.34
691.49
88.09
412.42
174.14 /

COPY
	PERMX PERMY  /
	PERMX PERMZ  /
/
MULTIPLY
	PERMZ 0.01 /
/
