---------------------------------
-- Permability values for SPE9 --
---------------------------------

-- Permeability distribution visualized in figure 5 in Killough's paper
-- Killough says 'The input data included in the distribution to
-- the participants included a geostatistically generated 
-- permeability field'

-- The values below are taken from Killough's dataset, they are
-- not based on the figure in the paper.

-- Explanation to how the data in PERMX is organized:
-- Under each LAYER (i.e. K-value), 
-- there are 25 ROWS (i.e J-values) under which there are
-- 24 entries (i.e. I-values) 

PERMX
776.52
561.93
344.25
57.22
401.28
312.99
26.25
163.13
693.39
796.16
97.66
151
630.08
363.23
299.63
629.7
187.72
559.2
79.19
722.4
367.39
587.94
333.68
561.44
640.67
411.06
423.85
558.93
93.36
746.97
677.3
107.34
114.2
285.94
533.87
239.16
73.93
420.79
348.7
708.65
281.1
582.11
592.29
362.17
153.9
609.91
495.54
181.31
343.24
566.66
476.85
371.22
254.9
713.71
420.53
440.26
396.13
716.59
740.05
563.1
737.99
224.69
648.26
483.12
476.84
592.07
338.97
489.86
621.98
749.58
767.26
140.22
261.39
737.94
434.93
344.4
272.56
168.39
516.6
780.15
512.69
688.31
446.93
280.29
73.48
192.09
386.09
408.79
673.46
369.49
243.83
420.77
384.05
676.62
400.02
623.36
156.72
741.96
792.58
786.28
289.93
533.15
480.83
294.48
220.9
705.44
398.08
192.32
518.21
564.2
27.04
94.05
118.83
319.66
265.57
726.99
767.91
539.64
11.72
10.71
314.66
386.36
597.79
567.38
474.13
756
680.54
408.88
735.23
743.95
285.32
83.38
100.78
670.46
410.76
291.28
40.91
655.75
605.2
590.72
4.5
550.58
756.32
611.46
81.96
751.39
134.99
173.6
109.8
119.98
520.3
198.29
294.73
695.99
224.77
564.1
577.65
687.22
458.67
798.13
153.92
707.87
785.11
622.13
418.73
711.07
78.53
700.1
642.05
55.54
758.92
575.32
91.98
184.87
585.46
81.37
752.19
199.08
223.26
30.5
279.89
577.37
668.55
391.91
278.18
71.96
25.48
591.27
481.97
768.79
357.62
79.4
268.65
67.03
261.6
381.07
166.34
779.52
319.97
590.87
669.41
382.05
104.72
507.43
738.11
634.16
303.53
493.86
395.24
355.77
589.43
195.81
53.58
338.48
603.87
122.07
142.2
777.73
770.93
131.21
669.33
775.8
85.79
602.79
507.23
143.86
339.2
221.41
86.94
485.09
194.96
153.35
233.69
348.71
603.73
77.77
630.8
31.49
138.07
674.11
533.81
79.76
8.81
160.25
407.32
639.33
729.91
122.52
298.88
281.8
64.03
577.17
35.5
52.34
86.41
375.04
51.11
783.1
117.18
523.77
552.88
10.03
227.27
306.79
416.31
419.03
764.14
487.7
273.08
431.18
332.54
547.38
695.48
730.37
768.15
564.37
762.09
777.7
357.52
739.26
417.46
446.64
530.37
477.88
617.73
51.25
652.37
195.08
752.42
372.29
343.22
663.13
766.76
392.03
415.47
795.9
661.83
494.47
238.03
684.32
175.28
166.72
122.58
614.95
629.56
442.59
209.56
408.82
219.85
750.45
235.61
163.47
336
121.34
187.28
678.05
563.45
54.12
180.46
150.34
65.27
411.84
285.06
424.06
401.34
780.89
509.93
445.61
165.62
388.96
83.45
341.63
467.83
746.68
82.93
144.24
350.24
519.88
290.87
72.55
606.98
681.69
775.99
199.21
752.45
196.77
104.9
56.89
616.53
134.11
125.34
256.51
197.93
19.13
236.66
341.73
92.05
196.49
222.37
161.12
50.27
456.77
112.67
520.41
206.38
652.93
778.27
25.39
771.45
333.33
435.47
700.71
65.95
658.86
731.21
518.5
321.57
450.49
220.75
632.63
543.19
29.23
517.4
274.92
626.5
633.16
22.93
151.02
359.65
539.92
494.94
45.33
716.65
94.2
108.82
675.74
120.76
404.74
424.55
70.85
150.95
620
150.46
743.82
188.55
525.54
780.44
115.45
421.29
391.86
577.97
624.41
522.88
314.64
72.16
549.03
86.78
435.34
210.95
571.41
229.75
176.93
733.45
144.31
435.48
246.9
523.08
514.28
263.28
78.62
449.32
320.4
275.17
247.08
119.49
351.65
664.06
521.38
326.8
420.45
160.9
143.37
528.93
740.34
786.89
298.81
340.75
101.02
310.07
497.31
677.82
533.45
750.48
70.39
138.68
257.32
207.71
455.84
755.36
340.54
167.86
450.54
259.75
762.36
588.08
558.31
418.99
256.05
220.8
354.17
22.17
390.93
40.14
490.27
208.25
667.48
265.22
451.97
47.49
331.52
607.15
141.63
161.51
588.31
505.76
157.7
449.5
421.96
44.88
137.71
462.06
27.44
762.03
83.08
7.95
101.21
530.73
69.17
335.31
541.82
550.32
109.45
121.14
238.07
124.79
283.12
533.82
529.61
286.4
431.99
258.82
289.51
496.36
730.03
128.08
10.37
716.15
28.14
176.06
573.72
134.83
774.8
444.75
772
729.35
636.53
223.87
72.3
371.9
788.1
231.26
718.82
780.17
725.75
726.48
298.38
531.48
396.36
741.72
215.64
364.22
72.37
249.25
185.92
123.08
270.21
379.79
483.88
270.21
163.69
558.47
557.06
301.41
668.08
467.92
233.61
464.11
282.86
51.65
38.66
272.98
513.56
451.46
673.81
743.11
103.49
260.28
218.97
558.59
337.93
690.22
750.16
547.8
101.36
429.59
790.55
708.94
750.51
589.76
788.79
141.05
654
300.24
613.46
584.52
794.34
285.05
612.59
771.86
371.39
353.36
134.81
526.31
706.02
523.75
795.99
137.19
331.33
252.43
637.18
737.08
2.72
37.16
694.06
343.24
680.85
640.54
490.75
482.39
537.16
242.92
719.4
741.73
611.66
446.55
475.57
772.05
549.22
402.99
63.78
171.38
500.96
664.02
308.2
421.11
487.37
378.55
486.46
339.4
725.23
184.56
797.75
518.52
246.16
261.43
698.75
207.48
41.84
165.79
176.05
171.62
115.56
356.9
627.46
519.23
254.65
462.13
491.22
138.39
466.96
669.09
707.66
112.11
304.68
441.69
90.64
46.68
248.5
562.51
419.47
298.68
133.72
109.36
590.43
381.36
113.83
385.9
435.04
688.73
586.02
199.68
681.35
382.6
576.01
118.38
391.46
692.43
208.03
72.31
365.15
678.81
687.21
398.67
461.69
335.86
221.96
543.09
191.98
378.58
447.77
6.27
796.22
301.03
714.19
356.1
775.98
385.12
543.9
471.93
638.97
73.68
228.63
137.7
437.57
105.93
709.62
373.47
759.23
701.36
546.13
780.57
787.76
583.89
520.32
737.54
49.07
603.93
269.29
162.17
108.95
760.98
321.23
146.6
513.41
141.31
564.18
323.61
7.12
11.86
373.22
783.39
360.27
699.02
796.63
645.56
50.18
85.43
27.98
104.33
798.46
644.46
646.15
727.35
422.15
290.07
139.05
330.69
343.64
602.1
80.32
276.61
109.1
731.77
130.93
639.94
767.96
746.39
83.7
321.94
743.87
342.47
485.57
714.85
741.53
502.07
91.25
436.52
562.16
91.01
728.51
763.92
721.83
162.52
545.22
793.59
297.42
514.97
141.65
598.3
431.27
88.36
317.98
90.81
562.31
51.99
757.23
630.03
485.99
133.61
527.33
262.13
362.87
150.52
442.33
258.23
731.65
681.52
513.36
467.95
134.3
616.98
210.6
446.72
157.27
308.07
263.41
754.82
297.43
382.62
434.6
283.42
334.99
451.35
550.67
799.47
552.84
679.57
283.57
629.51
208.21
782.05
344.44
630.88
174.67
136.07
341.41
551.78
206.1
306.07
520.47
208.22
69.12
748.11
724.11
687.17
90.83
421.72
91.21
556.19
80.67
591.03
130.34
792.59
570.67
238.51
375.54
586.07
676.2
703.27
636.45
655.56
620.52
658.39
390.16
299.83
347.9
149.9
633.01
322.87
348.14
615.82
535.47
496.56
570.88
47.48
455.32
497.34
658.67
742.82
386.77
521.4
464.63
623.75
193.72
392.61
322.07
246.03
190.7
466.47
48.61
574.49
690.81
632.2
287.72
207.91
692.33
92
420.5
672.28
509.83
482.05
107.04
433.41
450.57
173.72
246.42
176.43
735.69
742.02
642.92
95.42
521.16
491.52
89.16
79.2
9.46
233.24
88.25
393.84
135.29
615.69
412.83
69.04
119.55
753.8
71.73
212.82
760.12
662.52
714.86
610
100.07
736.14
447.11
272.75
306.29
427.09
45.22
220.45
449.27
620.96
22.16
122.03
129.45
206.21
559.9
71.66
399.36
86.32
550.67
16.36
792.46
303.44
72.28
4.2
555.02
301.1
250.09
529.41
592.7
724.89
573.99
692.19
206.24
252.71
34.19
548.19
782.29
104.87
544.31
437.24
243.31
656.08
513.12
439.77
410.91
776.36
160.86
398.18
753.21
294.59
340.68
671.07
525.43
89.95
355.97
425.4
754.47
734.25
415.98
714.66
519.78
47.85
41.45
292.07
470.62
374.4
653
557.96
56.54
191.96
508.78
315.8
27.94
219.14
187.95
94.99
72.15
590.97
319.6
167.34
710.94
9.79
80.8
85.97
696.95
490.92
714.13
75.8
530.69
623.89
139.35
460.47
12.36
665.4
700.84
619.11
685.26
509.42
721.24
290.19
15.24
511.72
606.01
749.86
284.63
670.43
643.81
458.39
240.37
219.07
224.41
415.25
425.77
361.76
106.04
50.97
456.7
731.09
292.33
285.74
452.32
158.7
37.63
745.85
33.19
368.59
610.01
712.01
279.04
677.75
181.02
416.55
267.06
261.64
676.7
447.72
79.59
460.45
637.28
104.42
124.32
375.77
316.39
444.76
260.42
437.75
480.85
191.61
174.6
266.17
303.56
661.47
668.88
553.09
635.09
731.11
556.57
610.31
18.38
182.01
642.5
40.93
269.74
337.16
430.08
286.06
152.53
257.93
463.43
722.83
49.27
199.76
774.09
137.07
783.44
351.43
215.69
443.5
185.15
4.86
204.64
762.88
538.54
198.66
734.35
751.13
612.68
149.18
782.02
247.05
17.07
314.59
683.68
451.65
438.76
766.42
698.23
770.23
314.43
31.03
95.7
17.52
173.37
454.49
485.52
396.53
5.33
603.49
737.61
757.79
120.28
496.33
282.31
252.99
141.86
723.7
719.54
496.05
488.23
110.61
712.59
89.84
434.91
289.79
571.01
615.89
43.42
246.96
340.07
625.82
207.85
45.53
344.09
567.4
347.62
535.16
539.15
365.91
146.12
323.88
207.23
252.5
479.74
206.8
730.69
519.65
547.75
713.91
557.54
367.02
68.45
598.69
499.23
781.36
133.25
530.61
346.77
343.08
599.87
214.11
424.19
518.35
471.92
200.9
263.71
337.19
630.6
498.89
625.14
43.23
624.84
397.2
411.52
591.7
743.42
564.43
536.11
551.28
32.03
108.35
54.61
653.26
48.4
175.98
703.41
124.97
247.04
688.96
281.33
289.4
773.96
50.76
364.83
675.54
105.22
419.57
460.47
382.28
187.98
547.32
399.55
622.16
568.73
119.08
794.6
153.65
68.64
202.97
407.86
362.93
271.05
625.96
2.37
413.3
758.32
171.99
674.03
205.9
355.77
461.46
288.88
387.38
642.9
530.94
382.17
610.95
325.15
138.85
383.74
539.65
374.17
778.88
235.78
486.38
349.52
766.2
32.95
528.22
80.44
79.11
572.03
54.34
398.32
674.25
353.36
584.26
209.08
54.3
12.03
55.36
101.22
612.46
95.77
584.8
648.9
608.23
659.94
593.22
504.49
427.01
417.66
766.57
437.24
725.12
152.09
459.88
715.32
581.16
418.86
512.33
339.77
644.83
114.54
371.81
390.47
588.13
500.11
188.77
55.99
663.32
383.76
525.43
752.92
509.31
48.63
419.72
427.75
719.1
298.48
691.13
0.32
787.46
630.28
272.23
196.48
123.12
639.58
669.49
481
130.62
479.78
696.27
381.32
513.36
652.63
247.62
586.31
680.52
88.02
788.95
158.74
388.33
4.96
79.64
172.14
736.3
141.94
308.95
231.39
545.6
790.6
309.34
270.04
612.29
771.76
435.64
423.34
204.93
91.31
350.69
701.62
351.31
638.85
59.2
319.56
356.01
159.93
653.28
344.53
737.29
713.16
392.91
620.22
150.32
516.71
384.91
470.28
86.41
659.3
697.8
795.99
332.59
738.4
704.37
299.42
104.25
143.95
372.14
115.93
447.97
31.2
463.72
627.77
377.54
153.56
728.25
411.12
536.67
765.6
172.14
746.21
678.81
449.06
91.21
591.34
447.25
675.99
507.19
191.65
648.04
297.63
702.22
688.94
10.25
564.2
740.16
434.17
63.94
280.69
198.26
585.17
256.29
632.76
224.97
82
178.62
16.89
243.22
450.46
437.6
753.84
343.43
408.11
370.21
798.7
393.52
544.3
248.23
292.49
322.2
490.02
12.27
49.45
733.56
399.41
736.4
509.71
396.57
283.69
654.78
387.26
273.17
493.44
464.59
195.82
57.07
745.07
317.4
7.37
395.43
107.7
76.57
195.96
719.09
298.55
225.29
39.3
702.29
341.44
135.26
718.8
581.37
338.51
480.73
711.62
691.51
239.88
103.91
60.7
771.49
751.65
717.78
629.6
770.92
399.24
226.7
237.59
364.75
512.6
387.5
572.2
382.03
416.58
368.75
454.67
788.49
445.28
330.99
525.19
463.4
337.8
363.66
246.06
319.48
414.74
0.27
743.36
534.66
133.82
795.99
382.73
367.92
447.95
536.32
466.75
557.74
485.88
259.62
2.8
204.15
622.22
495.57
790.77
297.95
72.18
433.35
311.73
94.45
114.29
122.3
400.17
137.38
697.95
521.26
751.17
197.9
340.77
705.91
504.85
539.49
153.61
412.79
258.33
530.57
499.5
110.71
263.14
39.34
46.28
590.45
363.2
545.58
347.95
420.78
320.93
521.87
418.23
65.97
778.52
631.44
200.72
174.67
297.99
127.34
23.78
363.66
458.47
777.81
777.61
567.55
343.34
518.57
453.58
221
610.2
773.92
771.64
300.03
510.97
783.21
658.86
603.27
720.73
769.28
412.92
705.8
281.49
291.78
569.82
157.78
196.5
298.97
657.05
433.21
517.79
525.8
406.11
167.85
410.9
593.99
790.98
443.5
434
312.66
557.55
195.57
273.38
411.67
557.39
390.44
412.51
18.66
743.5
600.43
228.38
34.88
64.32
593.48
630.32
317.88
378.69
513.65
581.43
308.42
568.68
489.43
90.87
519.89
720.29
727.35
315.79
139.52
564.16
396.69
313.04
1.32
387.38
770.84
461.4
288.12
219.2
571.3
415.46
241.72
442.68
275.74
126.01
96.97
344.32
470.32
413.28
445.11
719.08
352.77
561.98
489.19
631.29
760.28
33.59
706.95
155.63
5.24
345.57
321.35
444.44
24.99
180.33
580.12
648.36
658.41
358.85
8.48
463.69
704.07
692.83
152.24
790.85
200.6
455.38
285.51
313.28
665.17
634.97
437.74
183.53
138.35
184.94
620.35
3.64
341.76
367.46
479.39
576.52
488.59
274.45
657.95
108.02
683.99
683.81
502.93
290.49
612.24
295.25
443.67
406.6
589.11
144.38
481.95
27.31
82.33
312.69
124.66
451.96
287.38
630.41
498.88
633.48
794.24
58.41
716.37
75.66
581.55
309.22
272.92
248.79
141.67
278.71
352.91
452.24
536.64
230.38
500.68
292.13
738.23
554.33
655.12
244.31
336.64
365.78
127.74
158.56
559.11
157.99
607.36
520.59
592.84
788.96
351.4
598.12
15.06
6.92
343.62
303.42
271.45
276.31
233.59
302.48
284.33
379.55
265.92
300.09
373.4
742.84
553.62
101.52
269.41
117.9
196.89
168.38
225.46
624.91
485.1
730.79
371.04
169.19
225.79
45.09
604.08
383.24
388.95
578.51
507.54
282.06
6.35
144.71
82.51
380.28
745.82
17.63
149.69
788.32
83.8
472.14
317.22
244.19
625.58
66.13
433.57
105.7
642.14
383.65
660.34
511.45
723.59
723.9
403.43
545.32
28.67
153.61
72.47
254.7
742.74
739.48
792.03
415.84
110.73
450.77
150.21
599.05
465.03
55.46
101.17
493.62
668.19
259.46
553.84
503.55
324.99
604.75
304.88
235.19
756.16
344.1
610.4
533.6
280.27
439.48
794.57
671.23
393.31
782.99
194.08
618.55
431.29
362.21
18.07
739.47
690.79
49.1
110.19
313.93
238.37
276.99
700.39
756.83
231.82
144.22
90.25
185.39
234.92
453.44
761.09
405.17
221.63
297.5
291.2
626.26
364.69
692.11
746.3
662.39
424.42
783.67
553.28
147.22
200.89
107.62
172.15
138.55
581.35
388.8
122.49
772.75
658.19
33.7
115.64
618.85
68.58
19.18
249.52
653.59
82.95
620.52
279.27
699.13
654.96
288.71
211.37
351.5
92.94
619.93
431.61
130.46
723.86
245.4
232.67
119.68
667.54
758
289.56
432.14
666.12
311.21
304.19
475.74
99.43
788.95
405.58
213.03
629.31
773.7
198.41
774.75
190.26
716.21
345.4
12.33
166.22
630.2
34.14
81.5
415.37
764.82
734.26
219.73
777.13
376.91
205.99
511.04
217.23
270.29
261.68
662.13
126.76
266.13
355.44
604.19
180.79
467.56
186.84
533.59
689.41
615.41
792.03
79
56.65
410.06
429.42
179.29
269.73
447.61
431.17
72
6.6
240.01
23.73
352.9
212.69
537.8
73.11
409.1
470.6
560.61
48.16
12.78
312.66
448.2
58.86
720.66
691.48
322.63
656.72
262.78
543.34
528.79
662.77
598.2
708.83
779.32
654.29
105.31
259.21
79.13
3.79
416.05
580.51
736.11
799.23
636.71
412.21
280.19
474.19
650.04
656.99
251.7
153.64
542.67
309.49
20.73
647.07
350.8
330.65
94.5
326.07
541.81
708.67
797.59
457.88
261.34
21.76
203.95
405.97
734.95
187.12
212.18
237.05
590.87
452.99
766.13
184.28
711.64
176.45
498.83
3.72
251.5
480.13
83.7
785.5
206.44
106.23
232.29
659.7
755.13
161.8
496.53
175.2
619.19
782.35
177.95
761.55
460.96
560.35
699.01
347.3
666.09
527.05
414.92
669.39
190.36
44.47
645.36
276.02
792.48
553.78
797.35
78.05
197.7
406.81
254.33
667.42
10.55
772.32
614.54
33.11
747.1
66.04
324.5
736.61
738.02
251.14
451.66
136.15
664.95
308.25
567.93
74.07
10.72
371.34
666.65
533.3
520.03
80.51
560.93
467.01
237.42
299.97
265.88
318.41
360.29
326.97
506.72
171.72
779.71
466.48
564.67
612.18
433.62
270.68
325.63
564.51
701.11
681.9
625.28
209.73
366.18
508.18
726.82
758.97
184.65
657.59
689.51
601.08
7.1
218.76
478.59
446.79
290.65
767.57
431.47
738.79
577.59
23.97
364.3
373.56
463.41
381.33
366.52
511.41
743.8
545.64
215.29
137.08
703.29
755.66
762.93
599.29
782.8
96.75
674.37
503.02
153.55
482
151.75
439.25
768.94
627.09
262.95
146.11
206.11
563.78
182.15
719.47
107.1
571
487.63
347.18
315.95
680.6
538.02
598.81
540.63
179.03
793.62
355.44
584.88
366.24
423.13
568.67
637.21
223.31
185.35
722.14
120.95
300.85
456.27
231.04
637.87
133.79
153.16
35.3
715
523.01
449.61
616.19
404.48
777.15
167.85
51.2
411.38
238.54
652.2
484.66
30.59
337.58
163.18
570.02
648
435.91
760.73
185.72
427.34
705.63
416.15
662.54
184.3
420.21
536.31
655.29
196.08
306.4
365.45
80.32
751.06
745.27
542.42
114.62
421.94
437.48
18.57
383.07
423.88
108.98
383.19
622.41
493.04
76.68
63.14
297.34
765.87
226.72
561.73
697.83
32.41
83.59
712.46
513.51
470.23
493.37
481.33
692.74
209.04
135.73
701.45
29.11
612.67
148.87
564.93
459.54
665.36
86.95
638.35
601.59
179.75
213.81
361.15
338.15
20.04
93.25
473.78
235.79
632.49
396.34
244.72
24.87
350.26
139.97
568.13
353.36
225.23
556.73
227.96
47.43
123.26
107.92
625.6
674.36
665.51
251.95
661.14
50.89
589.98
46.97
746.28
583.03
185.75
484.1
79.28
466.94
281.25
478.91
591.46
749.6
587.46
692.27
184.56
29
469.96
322.99
292.91
275.98
388.48
526.37
196.39
616.16
554.03
206.84
676.11
35.46
17.9
756.74
233
334.76
624.16
242.88
310.49
532.34
215.92
421.27
248.44
272.09
621.75
286.13
726.98
379.22
50.13
569.61
18.81
203.82
199.14
167.25
641.78
277.96
343.73
491.59
139.03
408.62
576.84
209.82
193.95
476.4
375.99
425.63
555.99
370.93
389
507.75
304.99
596.73
723.53
226.29
324.22
118.78
52.72
682.09
291.14
444.77
632
740.75
520.12
572.25
255.7
22.4
796.1
493.05
642.56
613.08
738.86
21.64
493.53
108.42
761.63
163.55
251.17
118.51
724.85
112.12
598.13
786.93
659.32
255.5
121.15
9.67
254.35
340.12
422.75
662.26
527.68
763.8
387.93
432.92
362.3
701.74
711.24
779.46
249.1
623.46
155.09
597.18
191.78
204.19
79.4
279.2
40.7
606.76
681.28
154.75
503.45
375.3
24.54
96.99
136.01
283.24
309.59
505.54
13.43
103.74
468.99
392.34
598.71
410.59
33.8
624.85
264.14
218.65
509.93
486.03
336.94
625.14
358.34
392.62
133.95
203.55
547.78
479.71
101.78
281.61
758.56
333.07
74
12.5
715.52
194.67
589.93
47.52
594.78
529.61
299.41
183.13
329
256.76
714.3
752.35
13.9
559.35
166.16
223.19
158.88
448.13
267.14
318.06
184.5
619.5
499.18
686.11
143.7
251.53
81.02
575.81
201.84
95.21
174.05
733.93
39.93
660.02
580.12
674.33
766.77
442.43
357.32
661.26
468.35
168.48
44.88
400.87
768.9
683.05
330.49
441.13
583.8
451.09
417.76
466.55
609.87
293.09
278.03
304.56
251
372.33
697.08
770.1
658.55
418.31
436.5
584.59
440.57
416.77
316.34
311.36
339.93
558.16
387.81
276.36
549.36
525.94
592.76
187.89
398.19
554.35
328.8
216.29
582.27
490.49
411.79
423.45
72.51
656.11
272.51
352.54
457.27
612.33
129.49
450.98
115.45
210.87
775.85
262.36
488.82
421.46
694.18
690.75
553.26
669.74
62.56
142.76
566.63
375.15
297.38
75.58
461.04
575.86
415.48
158.12
453.97
205.18
292.75
209.24
202.59
112.52
623.26
178.4
244.16
554.97
305.97
727.53
17.74
669.94
486.9
227.8
276.94
152.91
310.95
704.33
12.12
429.26
491.58
168.99
71.45
607.54
550.97
453.71
206.67
229.22
738.66
326.71
565.13
545.75
147.59
116.93
240.06
558.6
230.22
35.52
168.02
260.16
660.18
704.92
437.99
543.68
776.57
692.41
94.78
464.48
186.08
250.97
762.54
382.27
688.73
203.39
525.16
457.42
162.52
21.18
652.04
380.83
143.22
791.18
146.85
55.18
75.6
82.44
192.05
690.76
223.31
209.84
252.18
119.94
154.4
343.29
425.74
73.19
22.18
199.29
617.79
239.15
773.59
772.7
457.2
226.27
293.92
569.29
50.37
601.05
698.87
208.58
328.94
65.75
197.01
324.81
170.69
488.63
213.27
648.54
403.44
390.05
571.52
670.93
660.23
525.79
490.22
296.03
287.38
635.81
438.07
73.1
405.45
321.14
569.42
687.26
419.82
724.72
120.97
198.86
82.39
527.18
363.11
503.87
186.48
272.76
62.37
151.17
474.62
406.39
420.28
569.93
479.81
564.02
355.91
55.33
710.42
228.86
583.96
145.09
715.24
74.89
138.01
638.92
466.16
524.41
743.39
157.29
344.24
50.06
623.56
754.8
727.37
764.94
486.95
18.73
519.47
126.68
440
662.86
318.19
342.81
40.09
226.81
132.01
319.65
456.36
739.4
774.13
294.01
341.7
676.24
180.06
394.35
765.46
311.15
141.53
186.08
537.38
560.87
716.81
498.72
721.58
375.16
658.64
337.74
748.14
364.58
775.41
747.28
595.22
454.86
277.61
30.53
233.42
382.11
217.14
86.63
463.94
276.71
415.9
346.01
48.57
178.26
597.38
319.34
70.27
6.5
244.98
545.8
649.95
416.7
77.4
330.88
24.23
731.2
791.27
483.23
176.3
123.78
529.61
467.03
145.02
797.2
187.06
389.59
617.69
74.34
25.8
660.02
239.92
442.19
201.3
492.81
355.9
568.89
731.29
761.4
628.32
7.77
333.68
626.33
421.61
474.2
668.97
134.36
461.42
739.17
298.54
488.22
260.57
615.7
370.48
389.87
256.87
516.69
73.41
744.52
73.78
526.28
147.23
630.08
237.33
226.2
267.53
590.69
311.62
419.84
530.51
189.94
51.65
632.49
424.02
392.19
402.38
231.22
736.29
788.77
175.34
618.28
500.44
328.79
671.36
784.79
15.26
29.13
494.54
543.73
461.65
475.73
778.24
696.66
39.72
278.38
48.68
634.98
701.46
501.46
512.58
722.61
450.24
236.88
167.12
339.62
485.14
310.44
793.23
34.21
520.28
751.62
636.59
201.34
777.74
337.18
119.48
97.38
266.29
123.7
622.28
463.58
438.01
569.19
116.18
20.44
683.31
500.34
38.42
605.11
414.36
9.91
419.06
507.86
753.83
510.61
185.85
559.22
357.85
702.13
424.09
242.61
414.34
530.62
224.4
97.38
84.39
650.47
328.17
453.56
306.05
133.9
9.49
425.1
776.33
72.94
469.01
581.63
650.04
633.95
526.53
54.02
318.04
121.37
441.9
441.03
606.35
326.64
135.42
409.31
605.31
188.7
403.65
295.05
49.83
420.94
688.49
294.87
111.7
677.71
278.47
633.6
514.77
771.42
65.87
179.5
120.06
730.43
685.29
519.43
398.3
10.95
151.52
599.5
72.98
670.55
126.44
687.43
539.87
125.16
306.35
114.69
441.73
663.3
768.3
497.28
225.74
188.25
12.76
424.01
786.74
241.68
264.11
52.52
71.14
292.26
669.16
608.88
472.76
360.79
216.78
409.45
206.25
267.07
477.38
38.99
253.43
756.04
257.6
496.83
705.78
442.67
294.18
551.1
465.65
521.64
493.21
333.38
291.17
708.76
54.42
636.01
340.53
539.1
29.89
211.22
124.01
593.74
297.43
50.87
583.47
535.06
459.03
677.27
404.47
745.88
604.62
544.6
83.2
683.77
492.99
5.43
26.97
357.07
98.08
746.11
395.57
496.72
340.69
81.18
410.09
579.54
730.39
97.18
316.97
598.4
684.44
394.33
218.74
157.21
402.29
81.2
268.57
63.86
345.29
704.26
714.94
608.31
454.24
156.12
615.3
394.03
552.3
541.48
8.54
177.92
20.18
203.83
147.71
604.69
352.66
189.93
375.12
156.32
582.98
700.3
568.49
141.23
434.17
401.28
703.16
38.01
389.42
660.6
560.53
695.41
257.39
282.56
763.32
173.39
1.91
63.91
291.87
625.51
330.83
223.02
102.97
439.09
253.44
244.1
435.82
412.6
48.6
0.61
358.39
163.4
156.07
99.54
726.4
607.59
483.85
662.93
396.89
439.45
348.92
94.54
615.86
465.61
760.63
655.44
318.03
673.02
20.01
567.63
452.33
304.23
285.67
505.76
572.24
769.18
699.22
34
787.21
570.24
694.96
790.01
248.12
294.06
460.37
46.34
303.68
573.75
331.37
221.47
674.8
761.83
268.28
680.41
688.49
350.64
788.45
222.54
628.66
285.71
147.69
235.43
675.89
446.33
625.39
571.3
311.39
153.6
434.88
134.1
134.37
305.65
192.75
62.24
141.43
611.19
629.38
116.46
634.61
493.23
733.61
458.95
747.75
407.39
792.43
49.47
253.26
319.23
8.08
471.34
68.38
740.32
796.66
624.87
784.32
176.77
23.11
465.64
373.36
46.26
522.14
730.46
390.54
297.05
464.18
617.9
243.84
327.7
4.73
653.85
205.23
60.58
591.65
100.66
757.86
485.44
54.11
78.46
671.96
59.49
176.83
203.51
280.44
719.72
230.04
350.4
438.42
647.66
349.6
227.84
323.85
503.36
138.51
464.59
223.33
407
338.29
655.75
298.61
424.74
534.59
69.92
730.43
300.91
304.46
415.23
721.24
182.39
565.46
759.53
9.6
94.97
431.57
150.75
629.34
698.96
792.01
373.58
671.77
763
393.42
535.12
115.67
455.7
592.51
205.51
608.89
669.49
773.72
362.1
375.24
370.11
547.14
326.82
550.06
347.06
337.09
51.09
133.47
103.04
131.76
32.31
117.87
585.25
563.72
14.15
539.22
120.4
75.45
460.91
88.04
32.59
377.31
383.9
748.63
743.63
175.54
91.42
785.62
437.64
312.68
304.76
105.88
64.4
673.82
673.21
320.07
447.85
533.82
520.57
205.53
204.68
580.01
285.02
27.14
441.09
46.59
17.4
506.18
345.32
475.89
702.71
459.8
129.71
458.7
618.67
652.48
7.4
617.63
196.96
213.32
320.41
238.39
390.11
602.49
180.44
539.48
321.44
769.4
308.72
161.56
743.1
799.07
220.82
203.46
678.76
190.02
99.45
229.38
138.11
513.82
105.96
363.4
318.12
517.26
202.63
305.86
235.71
439.26
119.97
24.94
794.88
53.01
792.71
51.17
394.32
193.07
45.37
425.82
366.88
294.47
576.67
426.8
172.47
651.35
358.51
345.85
399.48
566.61
337.32
499.9
394.57
64.67
200.45
15.72
197.53
529.99
396.19
518.65
709.82
577.64
602.74
555.6
52.09
790.11
790.03
248.76
774.56
649.34
56.85
388.99
445.08
276.19
19.76
600.1
630.03
284.49
66.5
262.51
460.28
558.15
166.34
341.42
445.56
405.3
70.14
469.41
183.06
72.83
121.3
741.16
449.06
608.05
466.67
183.45
351.08
387.04
190.81
79.17
657.82
249.22
143.63
758.87
50.25
452.27
790.42
211.54
590.15
80.61
769.47
573.4
311.07
276.58
454.22
17.13
320.27
114.18
461.84
34.76
107.45
108.65
414.51
394.48
716.15
720.08
231.54
657.68
731.15
636.52
637.2
136.95
343.09
377.17
594.49
80.33
195.69
698.24
322.53
106.95
192.25
700.55
542.48
445.73
732.9
195.59
89.21
362.05
575.1
528.85
203.12
106.09
627.9
336.01
29.67
471.75
63.62
628.52
134.52
319.46
750.24
713.28
750.52
784.96
570.18
190.7
723.59
255.69
419.72
271.36
307.2
200.9
705.04
703.14
335.95
775.74
253.27
266.19
68.11
179.79
798.57
83.75
742.73
665.42
179
566.35
744.41
523.44
278.17
155.9
762.51
623.31
46.34
506.84
190.11
457.51
490.19
85.98
365.49
697.18
383.08
501.27
497.39
212.78
581.89
490.49
557.03
423.36
128.48
394.72
653.82
156.24
454.21
230.61
603.29
100.78
664.83
212.33
610.22
628.29
149.84
786.45
0.44
216.19
763.05
311.79
703.22
51.23
60.92
361.18
59.74
309.67
389.61
433.76
146.58
642.98
339.84
169.11
196.27
278.28
430.25
620.46
718.14
401.88
534.64
71.36
412.21
70.91
446.81
397.52
368.77
383.46
747.55
608.22
584.59
488.63
472.09
561.6
636.84
423.5
395.88
44.16
727.31
370.2
78.14
250.64
105.02
275.4
497.41
136.8
235.96
630.31
327.28
653.04
296.98
174.89
481.66
54.59
118.5
578.84
384.56
760.27
303.44
554.66
487
118.32
115.64
169.52
718.11
436.53
465.66
594.89
645.13
333.92
724.96
111.24
124.82
285.46
385.17
490.26
485.13
503.2
600.12
420.98
566.57
213.02
782.23
266.11
396.6
737.65
380.32
143.05
329.54
676.52
267.09
491.73
535.54
534.32
556.63
781.71
517.86
662.92
236.97
75.57
32.35
455.13
411.29
426.19
492.7
508.65
334.34
136.92
773.91
340.6
16.39
619.33
375.32
380.23
791.5
202.75
441.28
609.82
473.2
759.02
447.49
503.31
271.19
54.79
252.58
420.31
455.02
336.59
81.19
489.88
467.08
695.6
291.43
743.22
655.41
434.95
303.6
157.92
336.26
241.25
102.93
755.55
654.42
237.73
464.27
670.14
603.48
219.85
374.99
107.39
589.57
22.93
158.09
299.25
280.36
316.87
50.19
752.14
11.65
716.37
68.81
617.85
513.47
366.48
249.55
533.88
660.71
565.56
624.88
290.56
616.67
785.06
309.67
280.87
523.88
451.94
677.19
548.97
710.98
640.43
691.39
446.11
660.05
773.46
544.74
296.23
177.7
615.37
416.37
116.12
622.91
368.94
566.88
529.43
492.78
789.61
244.16
350.09
277.79
756.44
5.11
235.39
607.41
77.36
178.47
398.77
682.74
193.49
110.28
537.72
581.8
231.86
770.44
671.37
341.72
583.95
523.09
379.89
589.36
381.24
763.31
672.78
713.79
367.83
29.89
290.57
393.39
681.37
499.9
721.76
415.45
675.73
388.25
171.98
266.61
17.75
82.28
194.48
175
441.48
489.69
704.83
272.02
645.74
557.8
472.53
58.67
734.32
788.05
694.96
293.38
661.53
299.86
96.74
337.58
235.77
644.94
233.04
761.78
61.94
242.14
430.47
745.65
451.62
516.88
32.06
439.01
458.25
58.05
317.15
93.87
764.17
268.83
221.28
48.45
345.84
282.21
328.06
588.32
520.12
509.56
276.96
697.27
581.47
131.27
515.54
108.58
397.51
132.38
458.08
751.32
409.84
748.16
387.69
269.42
71.67
386.59
231.47
386.03
324.52
258.78
115.71
445.56
253.65
344.69
186.79
133.15
587.87
132.88
769.44
248.76
674.27
100.29
462.1
151.28
261
412.65
291.23
601.38
255.22
68.43
265.64
403.42
494.56
661.32
717.83
367.23
578.41
313.91
585.31
167.13
90.73
253.27
380.63
90.7
514.05
41.61
568.49
336.44
764.4
745.9
296.98
256.04
218.35
193.52
432.75
278.33
587.34
416.07
680.3
191.08
442.69
658.73
373.85
273.49
43.3
382.49
303.31
32.01
105.26
59.47
776.9
432.46
159.06
530.36
466.45
587.55
508.89
39.54
680.93
718.29
101.9
385.41
559.81
425.53
472.5
551.09
512.48
359.38
549.77
241.17
39.64
279.12
371.3
582.87
739.6
635.4
639.39
296.79
314
504.94
632.91
361.27
267.46
2.19
673.39
39.55
599.12
353.61
578.21
181.31
756.83
169.26
549.04
390.68
548.02
726.7
108.4
218.51
84.01
447.68
507.94
267.27
176.96
402.5
697.73
569.45
403.03
16.73
624.88
116.48
596.77
552.27
406.39
58.14
385.33
600.96
695.04
214.3
144.23
495.33
229.43
687.46
176.6
670.79
687.65
216.33
707.31
246.33
753.8
691.65
94.53
94.53
474.66
168.25
749.68
98.57
694.84
221.05
454.81
320.58
712.34
699.58
404.78
101.81
606.01
489.76
527.66
330.29
7.72
638.05
250.48
422.75
219.09
371.36
301.73
201.43
466.79
360.92
651.89
534.29
567.4
279.04
476.48
19.31
690.73
432.49
782.8
82.83
524.44
569.4
221.63
698.57
402.59
659.23
213.14
240.5
758.59
435.93
294.14
624.49
245.55
114.89
282.01
138.09
561.69
738.87
446.43
264.89
491.95
419.87
534.46
478.65
794.94
67.68
534.1
485.31
222.36
684.63
497.55
466.06
519.41
14.02
208.51
612.73
272.8
787.23
68.48
569.47
619.87
608.07
223.24
238.55
54.24
628.38
482.17
296.1
472.07
783.28
327.44
205.79
226.41
364.81
117.05
550.56
190.32
224.16
354.14
120.48
731.91
365.14
190.54
331.18
699.58
756.95
396.69
766.82
290.53
155.79
680.31
779.82
598.39
711.93
445.73
441.22
738.96
273
535.52
537.17
480.35
114.5
756.06
381.87
41.68
627
231.56
309.94
81.61
501.38
561.36
503.55
793.48
763.99
649.89
291.74
206.33
781.62
444.05
645.54
560.23
729.96
743.13
630.87
677.63
323.49
369.61
193.39
665.07
693.52
730.45
459.39
436
600.24
584.69
23.89
421.61
439.5
302.53
189.59
734.93
456.92
264.06
124.15
384.89
227.75
550.22
294.34
49.58
400.14
391.6
772.81
483.1
413.36
269.07
564.56
652.14
127.51
80.94
423.75
558.82
612.57
508.49
95.94
782.52
780.17
312.68
130.91
423.04
653.43
375.29
401.56
446.35
48.4
522.44
459.43
561.68
435.25
679.12
72.07
439.38
126.14
548.59
458.2
585.82
473.35
395.21
679.13
799.3
32.56
572.64
146.55
263.72
669.65
177.75
597.17
190.11
447.75
788.44
325.52
737.53
297.47
345.57
38.49
768.71
105.01
521.12
526.49
227.91
713.8
717.25
654
543.13
509.33
104.23
183.88
688
724.31
448.97
285.5
358.65
502.62
45.82
589.06
672.64
347.02
610.98
490.01
387.56
580.85
554.63
221.25
195.04
551.95
61.87
116.73
468.33
721.2
235.32
57.32
83.95
535.87
795.71
235.56
596.8
330.23
420.13
241.17
654.33
668.47
326.6
659.2
610.69
357.12
180.85
659.72
101.58
23.38
98.88
220.8
551.74
627.08
591.78
254.32
625.87
686.71
696.02
258.29
176.08
409.05
128.19
200.79
463.54
298.41
98.93
536.59
243.32
233.23
456.68
625.16
776.77
397.75
581.41
499.11
311
760.44
622.86
536.21
334.47
510
675
650.09
448.51
473.5
340.69
431.3
426.45
696.86
287.03
479.7
241.02
780.95
746.36
146.66
522.61
742.83
530.42
337.49
164.84
312.95
89.23
213.29
461.48
628.45
658.67
155.71
203.2
473.76
26.92
577.44
615.35
781.32
611.54
604.25
471.02
710.65
732.43
538.3
660.7
7.67
614.16
234.03
704.08
47.1
463.77
213.32
410.31
88.58
793.14
245.08
154.67
763.35
748.71
582.87
375.71
55.51
787.59
54.01
402.17
653.61
727.29
282.35
102.01
60.76
321.17
209.94
311.59
129.57
131.71
119.75
300.42
435.84
145.29
587.08
135.64
452.58
65.52
707.67
263.66
211.35
61.28
191.72
238.48
653.4
705.1
321.61
376.1
257.03
148.64
552.86
731.24
406.02
111.63
664.57
324.64
660.4
661.66
83.08
643.58
389.49
65.7
548.05
139.76
564.38
230.86
69.22
431.69
40.56
781.43
477.69
693.19
446.55
238.58
630.74
42.95
396.84
253.94
31.52
718.96
791.42
11.97
551.61
143.01
251
26.58
508.91
726.92
283.59
613.08
294.75
494.38
103.99
682.39
97.9
676.4
705.81
635.63
676.28
335.87
667.33
194.78
73.23
731.57
458.1
368.45
604.14
386.8
731.19
747.36
743.42
322.02
650.31
54.28
256.24
668.14
527.65
594.08
162.22
105.5
422.24
99.57
591.2
402.74
618.47
627.58
191.94
787.06
312.01
248.43
24.13
596.86
482.89
21.15
487.1
413.54
467.08
368.62
177.86
414.08
653.99
397.84
726.96
740.71
498.72
538.18
448.14
508.3
456.73
681.55
80.35
58.08
235.73
21.94
119.34
242.22
538.42
730.09
681.3
150.13
517.32
667.1
286.65
724.69
469.06
776.17
369.35
33.28
357.05
311.74
296.83
32.21
541.4
692.06
124.91
430.55
686.4
50.86
153.82
182.95
296.83
246.23
228.89
748.12
243.72
496.86
348.26
384.73
704.96
114.31
751.16
738.58
591.03
52.6
706.28
678.43
606.7
273.85
751.22
214.02
590.86
624.51
351.48
264.06
18.71
772.48
87.24
310.16
505.29
798.46
292.48
0.71
302.42
679.76
696.85
190.01
646.89
764.43
550.92
309.37
469.07
680.04
359.04
32.24
64.23
140.14
157.27
730.55
54.31
301.92
42.79
709.14
402.87
120.69
253.08
748.62
580.37
343
122.44
605
626.26
121.22
305.19
253.64
8.61
453.91
267.29
324.74
415.89
518.99
275.78
397.2
619.68
109.98
741.79
81.99
666.17
520.75
607.15
231.88
256.37
543.11
127.88
425.17
77.52
372.06
324.35
767.71
166.93
500.52
704.69
600.86
326.31
628.32
602.94
443.96
131.29
278.76
404.35
266.37
669.23
108.07
188.84
318.71
375.79
440.37
273.45
140.21
416.76
194.73
430.74
67.67
666.39
686.14
170.41
595.17
669.22
366.56
15.93
258.92
781.07
274.16
252.39
236.88
601.68
648.61
294.65
470.82
289.52
496.43
187.77
325.85
649.52
351.87
80.28
371.85
280.68
434.19
389.19
294.79
137.2
722.91
511.04
77.34
661.31
69.18
44.04
675.14
39.66
404.97
222.11
237.84
607.23
89.95
365.85
37
193.14
94.82
449.23
14.82
566.27
392.93
448.9
612.99
411.64
550.45
668.35
174.7
369.04
668.72
358.24
235.13
747.57
694.49
655.07
211.76
43.03
113.8
68.52
183.08
117.29
355.62
186.68
40.1
666.67
624.77
510.97
472.58
213.4
626.08
115.76
690.76
168.91
252.35
453.94
686.8
162.81
367.32
645.67
469.7
263.17
797.83
752.69
277.7
622.12
782.47
529.98
22.57
53.79
755.76
308.04
527.25
44.62
237.99
38.11
428.46
468.41
86.66
75.44
94.94
219.17
38.7
688.84
14.51
589.59
49.71
741.05
665.78
552.45
765.76
366.37
327.14
619.58
611.65
605.73
364.97
258.55
300.62
599.84
257.55
31.62
399.18
563.03
185.48
203.58
404.64
287.16
489.78
420.93
235.03
407.68
384.57
105.59
229.83
426.85
122.36
772.52
438.6
475.4
780.2
44.39
498.1
324.28
195.06
221.22
674.4
599.03
460.16
347.14
765.99
757.19
308.05
99.36
594.78
457.76
112.09
350.28
400.08
566.83
484.77
655.96
461.29
787.6
416.18
395.25
297.89
125.61
616.39
286.83
63.64
590.47
576.64
27.97
255.78
250.04
471.89
680.28
488.55
666.55
786.17
59.25
27.64
49.42
762.78
465.43
688.02
347.17
53.73
363.97
318.43
100.77
748.58
349.85
227.54
421.64
507.26
745.28
641.42
445.4
562.19
235.65
389.27
373.91
240.19
784.32
690.35
228.04
621.26
766.93
662.79
694.14
418.58
776.7
472.61
628.57
708.29
784.88
100.59
624.8
169.18
618.09
362
213.06
305.76
208.93
306.18
65.91
264.19
761.85
728.41
186.8
742.93
79.56
246.75
614.47
178.46
49.27
658.64
253.36
41.95
557.58
720.2
502.15
596.93
482.13
313.04
747.77
249.77
702
511.73
707.89
386.12
427.8
165.69
48.77
69.3
227.74
296.41
409.43
598.1
399.53
413.56
318.68
10.36
109.77
240.91
603.17
60.78
543.62
484.45
738.7
415.57
781.32
78.29
663.23
330.52
74.88
783.64
507.52
560.95
242.69
720.95
361.96
439.76
720.14
617.1
183.13
12.38
739.35
339.57
20.01
571.1
568.97
731.67
123.51
162.13
714.75
221.6
672.66
509.71
280.92
696.1
97.96
675.21
740.96
146.77
187.2
191
655.15
118.36
371.09
21.47
749.68
321.53
797.85
286.3
188.18
791.99
410.45
357.81
61.95
371.41
540.26
612.76
347.55
655.34
690.75
37.97
209.71
715.69
580.53
231.56
257.43
4.8
27.42
216.56
382.42
626.24
507.68
196.56
575.08
590.46
79.59
718.39
443.94
734.63
789.42
271.91
563.17
258.52
422.31
424.5
168.45
623.1
648.09
643.62
16.68
608.76
604.88
216.3
771.49
78.84
391.83
147.79
682.95
650.35
501.03
721.23
65.15
239.36
177.48
241.43
525.34
208.24
36.53
294.29
156.57
107.6
692.53
564.63
279.97
606.17
442.52
546.31
51.96
506.01
196.91
468.48
547.22
772.2
8.75
502.38
210.79
576.37
482.34
679.97
605.39
553.38
187.67
622.7
158.11
52.79
145.11
574.74
702.52
48.77
139.91
472.63
232.16
502.5
407.4
305.51
547.13
366.22
700.48
550.46
716.96
115.93
579.53
111.99
446.33
642.05
339.63
231.74
606.68
380.13
744.48
240.28
250.94
235.88
178.74
215.87
181.75
752.66
343.75
457.49
737.69
641.61
364.78
495.81
278.07
193.39
225.45
395.78
766.26
660.34
552.87
455.11
545.48
682.55
204.08
117.43
626.44
64.36
760.4
676.03
539.49
235.25
632.2
303.53
472.89
334.98
47.94
159.05
596.17
409.52
242.09
753.64
679.32
777.67
319.8
434.41
296.37
728.99
279.93
542.13
388.11
460.94
94.07
798.39
664.8
380.79
669.5
400.1
16.46
75.96
241.54
200.11
496.3
331.26
407.84
531.15
145.44
69.41
361.31
142.58
451.35
386.11
665.54
374.92
324.82
360.81
149.63
624.46
410.35
678.96
57.97
324.15
497.19
585.08
296.76
469.15
581.93
743.08
486.42
263.86
80.72
192.36
588.37
789.9
513.3
133.33
166.61
266.81
0.19
476.36
540.16
428.58
485.08
388.26
107.98
469.5
129.36
209.81
488.38
750.77
467.52
216.04
551.75
538.99
149.89
489.63
183.83
237.31
717.45
290.6
33.83
314.88
321.92
681.27
184.95
790.99
222.55
4.2
505.98
228.09
366.81
317.26
565.25
107.03
295.31
358.33
327.54
70.35
592.25
489.73
336.48
189.44
703.47
366.81
355.94
590.55
171.1
755.01
663.47
743.28
703.29
262.59
285.75
690.54
644.98
253.87
105.69
253.54
748.74
796.83
480.14
665.34
441.44
639.84
317.06
416.93
396.99
102.24
227.51
528.21
708.51
207.82
767.07
674.67
32.21
123.44
362.13
638.59
424.83
631.95
490.45
745.02
713.29
614.05
333.87
724.57
369.52
484.44
303.66
26.76
785.56
700.49
61.23
676.64
436.38
786.39
675.26
466.86
169.39
255.24
233.23
614.83
82.7
398.97
535.24
405
526.18
777.35
98.05
434.49
385.46
131.83
219.42
30.86
622.38
336.55
681.51
495.83
593.57
229.72
764.25
428.82
676.22
18.72
530.21
614.82
318.29
786.32
177.66
597.28
257.68
573.94
719.32
415.9
479.4
118.99
227.59
661.72
258.21
197.45
81.17
405
279.72
103.11
740.38
368.7
699.61
499.35
162.98
692.33
369.6
144.79
752.57
792.24
701.7
65.64
104.55
598.6
106.54
135.22
155.32
424.1
524.08
248.83
609.68
454.56
596.66
757.73
195.03
437.18
458.51
363.32
366.23
731.57
2.77
613.19
265.29
365.91
196.49
660.38
44.35
454.47
331.16
302.1
744.72
742.73
677.74
388.86
307.57
460.38
221.97
256.97
563.35
542.32
25.87
622.24
635.32
284.32
43.39
791.91
410.04
481.77
414.59
272.45
221.19
653.63
619.53
402.46
496.8
735.59
467.45
187.3
214.13
446.05
149.53
691.36
108.63
220.5
388.21
63.18
339.54
503.11
600.69
152.97
274.49
12.39
187.41
166.34
35.65
275.11
93.92
284.67
165.11
762.97
513.45
508.44
171.89
495.65
600.62
96.15
622.71
16.82
265.46
95.96
5.33
593.2
525.97
339.67
736.76
541.35
195.04
245.77
526.72
213.92
348.16
232.89
8.65
679.92
103.67
566.17
261.7
423.05
459.15
42.74
173.93
597.79
597.35
194.71
492.8
675.26
141.09
772.12
529.13
80.29
584.68
497.66
19.88
248.43
528.06
710.86
520.33
138.68
790.83
617.58
631.6
218.81
269.72
52.77
703
391.99
555.48
730.95
43.9
51.79
245.75
729.61
669.15
110.58
798.9
17.65
677.07
619.87
127.01
131.01
580.77
761.43
597.65
146.64
361.31
469.37
227.5
94.27
173.35
544.89
718.34
358.73
516.77
399.55
647.23
431.77
2.72
545.45
799.86
224.06
241.12
634.1
733.51
381.06
194.94
772.4
55.58
118.08
760.28
783.1
44.47
684.99
391.09
339.71
345.49
68.22
711.74
412.97
127.84
588.08
589.68
167.83
235.48
213.64
405.33
406.31
161.04
602.05
422.27
431.95
658.68
270.39
788.84
116.04
318.08
385.02
170.11
80.8
306.83
124.63
55.24
48.45
372.29
453.25
456.2
392.83
793.84
300.87
372.93
166.31
312.41
414.97
747.99
631.91
85.5
98.96
277.89
157.68
261.8
224.58
154.54
293.17
755.69
753.94
343.89
108.63
440.33
723.9
88.74
543.66
624.72
194.94
211.38
209.16
719.85
109.7
273.07
313.93
50.62
334.74
660.3
424.22
285.6
397.16
510.98
207.57
500.66
306.83
551.98
284.75
302.64
662.37
730.16
128.77
33.04
386.19
754.33
233.73
147.62
171.24
385.1
366.03
542.17
308.44
537.81
691.08
626.55
681.52
695.55
143.21
32.67
210.57
604.49
130.59
738.24
143.5
532.68
371.46
327.04
336.67
615.7
597.93
339.78
654.2
392.66
202.1
641.49
792.24
275.53
288.83
698.57
591.81
782.71
129.92
1.67
315.1
713.73
2.59
601.16
652.2
154.99
302.55
534.12
302.1
264.73
710.11
295.45
175.09
233.18
84.18
344.21
35.38
465.45
623.61
752.89
273.78
622.1
65.07
514.31
673.95
562.38
19.49
358.56
252.34
546.5
660.5
195.48
319.18
300.86
381.94
519.81
221.6
512.51
261.7
452.01
524.64
475.32
507.59
439.81
27.67
193.83
432.3
73.59
356.3
631.51
753.01
735.07
784.78
565.97
496.68
146.13
376.56
246.89
398.56
433.05
439.33
522.55
393.31
241.6
50.93
585.16
523.7
709.23
797.39
759.79
234.87
782.11
492.33
680.75
89.51
398.9
578.34
280.45
127.52
368.85
230.51
768.98
94.71
578.34
200.43
235.88
737.88
605.64
165.86
74.44
229.51
174.25
616.18
733.4
511.58
354.69
201.57
39.55
418.72
329.12
352.06
140.68
245.59
331.08
385.69
643.08
274.55
666.77
787.99
552.62
674.91
10.49
395.88
796.11
755.08
481.12
2.55
688.7
784.4
176.41
46.5
489.95
590.83
733.78
349.38
6.31
188.05
690.84
187.32
701.28
398.26
343.92
200.51
302.98
199.07
238.35
158.64
478.77
736.63
79.39
228.97
596.06
338.83
667.38
51.16
385.1
396.9
518.83
692.11
84.95
523.53
587.72
426.11
342.68
187.97
752.62
496.44
123.31
260.84
767.68
318.18
151.51
767.03
635.21
518.32
411.92
674.57
416.71
17.76
205.65
555.48
113.21
731.4
445.33
166.69
568.18
572.44
648.5
288.85
264.56
730.19
322.71
451.37
780.51
724.51
170.12
478.75
477.26
607.9
184.4
711.66
228.2
430.12
93.01
584.49
415.45
479.16
747.75
100.54
124.11
135.8
799.86
302.47
530.42
775.07
410.96
690.97
741.48
763.46
289.46
277.31
396.76
6.61
640.07
702.12
734.17
501.03
1.21
120.24
329.47
419.53
495.2
700.62
397.72
272.41
26.78
799.61
633.99
546.97
744.71
115.08
729.31
311.58
290.48
565.89
249.03
137.72
455.16
481.45
34.55
226.44
791.15
608.65
713.72
390.31
753.47
386.4
607.99
46.68
191.09
605.21
465.52
663.25
175.39
33.13
456.34
725.85
534.52
422.65
678.23
231.91
622.08
480
622.02
799.05
729.61
3.99
52.88
589.13
604.82
182.78
552.08
181.21
567.89
343.44
623.12
658.19
627.22
784.12
422.65
30.15
321.72
718.82
226.29
348.76
694.81
340.12
442.17
102.21
351.82
516.33
366.56
257.76
371.42
600.8
413.94
68.57
750.75
700.17
484.69
146
513.14
252.23
300.98
761.35
197.95
481.94
764.72
225.39
692.32
429.87
101.28
772.48
228.04
571.32
265.13
787.24
429.4
450.44
90.37
26.74
650.69
137.31
324.8
488.38
71.73
527.4
513.3
379.64
670.63
66.39
525.81
731
92.47
725.94
715.91
510.87
14.33
342.1
300.62
478.61
152.07
793.91
192.16
490.48
190.92
512.97
688.3
412.12
104.78
721.73
693.87
67.27
108.25
226.44
762.17
293.08
617.72
464.82
45.3
276.02
623.72
411.27
497.66
299.38
633.51
400.08
647.15
62.7
129
772.66
598.99
3.96
637.32
693.92
34.51
338.64
539.1
643.03
36.19
573.32
119.13
76.75
328.34
237.65
93.51
470.12
133.75
415.85
50.41
188.44
114.6
108.72
115.04
657.03
154.77
245.05
797.04
124.68
456.96
254.38
487.94
602.08
460.12
73.13
586.67
609.35
619.39
259.26
533.57
127.23
43.42
572.14
170.52
382.76
597.72
145.14
260.89
521.14
662.47
219.53
58.56
767.89
123.77
82.35
345.29
791.18
744.29
770.71
5.36
464.79
612.27
463.63
434.37
504.31
379.81
141.45
743.94
104.56
762.17
532.44
633.38
371.84
371.64
716.42
505.18
364.11
415.38
626.78
202.68
412.22
727.03
536.24
689.3
266.88
114.76
109.57
268.05
463.33
25.49
605.19
289
425.79
724.21
371.19
363.3
301.86
320.78
160.45
262.18
646.61
340.66
622.12
58.91
373.06
509.18
12.65
755.37
227.31
637.03
492.59
230.75
117.21
84.39
647.45
582.2
182.41
629.01
593.41
352.27
798.65
767.63
601.68
676.55
215.68
716.35
456.52
201.47
248.09
421.65
29.2
768.59
558.59
185.1
57.66
595.09
131.47
25.01
526.74
781.64
542.12
122.67
552.04
249.88
689.51
648.69
189.83
233.1
545.73
517.88
571.83
97.23
55.72
414.96
114.05
151.56
603.17
726.8
160.15
211.26
187.49
613.71
297.62
775.49
282.72
256.79
69.89
551.13
72.16
780.77
694.34
398.33
51.34
361.91
365.01
667.7
23.95
466.12
663.55
788.82
361.13
179.59
406.46
764.31
326.8
69.23
622.11
620.05
416.42
587.15
70.1
797.15
467.72
696.29
605.55
346.97
773.7
76.22
751.02
82.54
340.26
206.76
61.37
394.42
64.55
669.25
363.96
792.07
597.14
495.76
204.75
68.15
430.93
243.78
68.36
442.62
184.49
314.36
505.32
15.47
168.75
376.7
799.69
457.6
380.65
736.69
301.37
580.95
21.31
234.95
388.33
6.37
323.02
264.99
40.87
263.02
479.74
576.3
165.51
66.88
516.78
363.35
98.2
470.17
46.28
470.31
390.81
62.3
267.91
118.91
760.86
685.97
557.73
496.62
717.58
600.05
59.36
2.47
739.16
117.24
539.19
745.19
268.38
651
197.17
377.61
185.87
600.22
385.8
713.02
480.61
732.45
785.63
594.2
627.78
636.8
550.01
430.36
218.56
37.3
536.99
562.33
542.27
36.62
207.71
547.86
589.63
253.52
414.35
789.89
64.21
653.04
96.31
429.59
399.13
225.68
669.81
196.85
563.61
525.04
425.95
220.43
433.28
95.28
39.36
702.87
189.81
586.34
665.67
325.92
99.34
720.77
313.73
498.47
712.64
440.89
39.09
438.83
595.89
431.59
84.1
602.48
438.47
197.95
16.17
26.64
794.34
137.23
165.61
169.6
239.97
151.36
654.76
560.56
471.52
169.82
18.46
202.39
207.25
643.93
220.2
222.96
171.47
540.91
499
338.61
796.94
110.2
17.45
531.88
705.05
671.77
684.89
547.93
98.25
191.96
363.67
346.84
79.09
789.23
221.31
361.16
349.97
450.73
349.96
417.61
210.8
9.8
509.32
9.06
748.84
378.15
17.8
607.83
707.62
590.6
530.36
761.2
396.96
87.33
734.03
445.16
784.07
585.56
452.55
56.68
477.12
60.66
264.17
786.42
320.37
234.82
518.92
691.9
318.82
726.39
251.99
109.76
387.14
747.44
396.6
375.31
311.05
387.86
453.12
14.01
131.72
679.76
405.6
277.89
396.02
786.25
635.64
687.02
712.4
249.17
535.21
193.86
180.34
547.05
374.13
535.23
148.92
338.16
486.38
374.43
562.85
595.2
788.18
466.4
614.58
187.32
244.03
632.34
560.03
23.57
410.86
651.22
539.83
64.99
663.72
526.91
59.63
739.98
625.57
596.09
59.36
506.87
357.92
797.17
306.19
3.72
638.82
493.7
732.98
586.47
308.7
118.47
691.18
112.61
455.39
215.56
441.29
80.24
346.23
788.92
398.21
502.85
491.12
777.18
229.07
701.9
608.03
565.1
215
679.47
284.96
413.19
232.83
701.46
439.01
771.46
404.36
224.18
35.09
712.86
494.06
767.1
602.71
139.51
510.4
520.21
439.58
26.82
100.44
499.96
384.6
278.9
31.9
155.94
747.72
336.93
34.4
777.73
646.43
15.14
217.35
520.24
411.36
324.53
664.81
766.4
75.31
766.91
122.97
513.58
794.55
365.76
613.75
648.43
797.43
77.76
97.97
534.05
377.27
396.39
313.91
422.58
407.6
280.21
466.91
509.63
680.52
335.3
693.15
615.32
33.48
163.61
790.77
130.65
369.83
600.87
240.12
273.8
736.88
187.22
199.85
6.07
726.5
763.6
612.67
504.45
323.79
499.16
459.06
19.09
231.41
120.43
99.62
490.51
535.64
499.55
180.01
338.43
268.97
430.49
637.6
184.14
41.3
689.26
32.05
43.67
508.31
254.65
419.31
433.16
606.44
195.6
519.6
629.35
767.83
527.52
136.4
149.49
56.68
483.99
516.96
621.18
388.88
114.66
689.81
297.34
213.08
521.78
29.15
344.04
380.2
304.9
515.47
119.87
431.95
794.47
633.75
104.4
740.62
322.8
459.98
103.06
51.2
514.1
715.89
101.64
330.22
750.14
25.08
758.59
190.46
228.94
376.45
701.13
161.07
646.96
146.73
444.93
703.85
730.57
566.56
477.04
499.91
469.1
353.56
488.84
789.41
200.32
796.48
357.63
410.57
268.02
131.19
402.36
315.42
309.92
755.19
428.43
615.49
58.82
348.48
111.64
58.55
174.15
664.36
253.07
701.07
535.9
529.31
546.08
545.39
750.97
503.72
374.67
123.04
292.36
292.88
7.63
265.09
105.27
616.92
251.55
500.18
421.91
395.94
46.77
620.97
45.19
543.34
78.16
244.69
299.01
254.9
495.35
764.49
147.06
57.76
181.9
632.03
4.06
252.55
88.91
561.67
269.6
233.61
577.03
538.74
152.17
761.28
499.11
250.48
45.29
301.03
265.93
5.67
61.59
620.78
723.93
551.58
757.32
594.96
79.03
719.52
452.13
755.61
691.94
760.23
686.4
462.27
334.45
465.08
396.69
378.69
734.83
471.43
39.58
632.99
580.11
713.64
446.8
762.76
21.03
67.08
293.92
190.44
353.79
78.87
401.26
664.25
707.95
729.85
106.03
218.4
392.4
586.52
645.31
443.44
401.52
72.58
501.87
616.74
394.75
146.22
437.38
724.4
194.98
215.05
503.34
341.04
730.7
5.65
216.94
734.81
545.6
98.87
76.65
105.36
412.83
765.99
748.71
163.69
267.16
49.37
565.15
728.84
99.71
364.74
238.19
782.54
452.56
701.15
595.81
24.73
39.8
389.09
456.76
709.6
709.94
613.57
704.33
673.52
726.25
97.75
71.86
654.35
62.69
562.74
109.36
749.27
123.94
722.27
707.52
645.58
791.43
599.09
765.39
151.84
67.66
452.17
170.44
390.22
643.13
134.15
168.05
449.71
46.09
654.8
283.12
215.47
623.73
765.19
697.85
291.76
589.61
7.05
213.98
117.56
791.34
618.63
422.43
166.93
43.4
570
392.08
457.44
627.43
472.37
775.32
755.94
176.72
125.56
181.48
454.52
588.67
646.04
706.14
705.16
759.79
797.6
523.67
418.41
3.93
763.54
483.52
276.85
305.2
360.49
598.56
391.51
712.34
679.6
240.07
679.3
209.84
730.28
181.91
444.58
116.39
511.9
783.61
85.73
5.23
743.62
420.05
64.69
135.16
732.42
397.95
165.58
380.23
621
35.66
654.43
359.8
385.28
408.8
46.32
727.15
774.74
13.5
506.16
38.5
428.31
386.49
673.84
246.49
418.66
134.18
33.14
58.28
764.87
525.21
217.77
264.72
291.42
274.14
422.78
57.93
390.64
751.6
455.86
367.39
303.51
218.08
348.78
428.8
704.72
592.71
775.85
62.46
765.83
16.13
212.65
88.91
34.18
425.67
242.82
162.88
485.42
514.37
78.65
661.48
632.05
272.93
26.86
747.67
286.83
798.06
696.6
700.77
688.42
205.06
541.87
216.59
180.27
311.12
647.49
475.8
796.23
113.4
607.5
337.93
246.99
133.98
477.59
463.73
92.94
499.63
159.02
642.57
727.11
539.8
65.68
429.56
690.73
672.92
326.23
311.65
686.64
798.98
495.58
229.88
421.78
339.64
302.68
129.61
46.18
751.91
59.95
212.92
755.04
517.96
642.2
28.43
332.67
178.87
581.75
793.9
447.17
271.75
439.22
104.07
69.05
637.67
561.2
192.05
359.82
256.02
732.65
299.03
41.15
652.66
19.28
196.55
658.29
548.04
221.24
45.11
136.79
147.15
771.61
421.53
139.7
709.71
393.41
503.34
433.96
726.71
156.33
670.24
727.02
262.01
143.28
301.28
265.74
602.3
694.83
297.1
6.26
745.56
651.58
676.08
699.65
549.96
215.22
629.16
645.81
356.71
133.68
15.44
461.31
70.22
299.44
344.19
567.42
36.89
260.51
783.22
463.41
583.66
663.57
547.01
642.53
409.49
786.28
63.43
16.46
52.72
206.98
106.94
167.22
599.41
160.44
772.19
241.09
226.4
653.42
524.91
107.68
192.56
218.38
278.31
139.8
409.45
54.57
553.67
238.18
596.8
60.11
196.04
533.45
454.91
518.48
214.62
507.84
175.62
657.72
147.61
569.5
255.11
449.99
545.75
430.92
133.87
665.78
433.02
373.19
252.32
303.14
436.09
96.57
278.65
0.52
282
537.13
678.62
709.95
383.57
363.43
302.12
145.21
703.09
428.06
307
475.33
96.24
250.84
596.09
191.98
30.74
116.8
297.97
468.08
261.73
80.93
212.44
390.99
729.55
104.62
781.29
514.03
316.31
633.89
797.58
573.57
91.84
330.21
457.43
472.28
344.2
366.79
686.92
21.55
136.26
133.41
469.26
655.85
260.05
653.45
51.89
268.49
366.1
232.09
693.62
2.23
169.23
476.55
427.92
174.57
478.65
483.43
277.4
120.68
428.91
711.46
343.06
90.02
532.69
558.79
74.13
209.34
31.61
742.6
109.31
281.81
17.66
695.88
471.87
680.29
106.14
640.71
445.57
86.08
325.47
134.01
143.26
96.32
364.02
284.99
440.6
359.49
648.97
603.28
344.41
103.52
54.43
146.68
74.06
495.57
381.57
211.52
560.91
104.95
315.27
142.74
582.2
195.92
170.02
250.52
735.01
539.7
26.68
94.92
187.75
192.68
603.4
524.4
234.54
493.65
752.82
197.95
10.01
507.39
509.85
332.38
184.37
180.09
315.28
53.36
21.21
668.18
654.75
616.29
483.82
185.19
307.11
401.51
267.66
99.47
769.99
445.43
405.58
204.9
574.93
771.41
50.88
320.17
543.7
333.07
650.97
52.95
189.36
714.98
269.21
79.3
451.24
551.5
564.43
609.64
186.67
751.22
653.48
245.04
535.12
618.1
341.25
478.17
780.78
62
614.89
610.05
465.04
385.31
477.42
435.69
796.4
573.32
697.32
614.21
730.75
141.97
234.83
602.71
523.14
36.39
286.53
238.53
30.49
547.1
428.17
93.41
504.02
389.2
86.75
781.83
22.53
223.74
226.86
196.49
225.07
725.57
371.64
702.32
570.59
115.89
626.74
385.38
719.09
342.76
744.79
584.53
104.72
354.03
535.79
600.66
473.04
507.81
462.96
519.8
356.87
344.02
457.8
74.36
241.37
292.67
650.22
694.02
268.73
147.88
238.92
381.62
684.12
530.05
170.1
765.59
542.52
766.74
21.69
567.94
33.71
84.67
108.85
377.19
754.12
46.56
44.57
174.69
782.5
649.16
621.48
455.27
491.79
543.85
90.77
309.38
37.81
668.93
98.17
210.39
527.54
617.19
791.8
47.3
522.61
281.84
436.22
673.19
46.25
94.83
313.67
158.53
31.02
670.52
123.09
550.69
717.51
60.47
287.53
562.19
124.56
658.01
421.57
599.24
790.08
447.13
720.6
443.79
381.25
21.86
359.27
664.03
22.86
124.28
143.78
111.05
294.29
498.06
304.38
172.73
769.66
551.98
514.83
113.19
407.47
108.37
490.75
572.93
83.75
299.83
22.92
577.86
574.69
616.38
425.36
718.94
622.91
342.95
470.13
496.52
130.21
459.12
671.17
755.94
58.39
576.33
760.37
281.87
61.15
370.54
145.05
794.44
508.06
24.64
439.27
342.13
479.52
193.41
181.37
218.39
771.67
322.9
632.9
745.91
225.59
371.83
315.68
123.09
539.64
718.6
88.8
218.01
780.61
36.34
711.15
371.04
191.46
699.16
141.81
187.29
355.46
433.78
121.4
796.39
72.37
484.88
475.09
16.1
492.67
330.29
414.63
12.94
708
581.73
285.89
666.97
159.87
726.82
155.35
628.77
381.95
150.31
501.48
283.22
235.27
368.87
153.43
78.04
81.59
560.3
133.16
448.19
224.95
709.4
475.07
241.15
198.66
229.14
462.06
781.4
178.19
38
651.29
552.98
759.51
148.8
401.16
564.82
268.39
264.41
266.92
450.93
361.21
496.15
487.71
98.46
632.21
739.05
212.69
665.89
688.57
437.75
524.53
291.47
585.31
72.47
200.48
129.71
21.52
188.89
293.35
676.67
68.14
419.09
69.19
370.36
31.23
740.61
486.43
9.79
160.86
409.63
425.04
516.85
462.61
624.98
55.08
538.86
676.61
595.79
560.44
191.67
661.96
392.48
0.32
221.2
172.77
141.53
82.84
7.03
743.44
718.54
486.38
123.45
125.51
517.24
683.47
143.48
639.7
357.05
486.34
531.4
532.18
788.95
628.32
554.18
383.72
342.12
373.4
190.36
406.47
66.44
398.45
726.87
143.46
770.98
239.29
600.75
323.6
203.76
256.34
33.1
329.86
283.81
615.07
194.67
165.3
762.44
392.84
524.62
773.88
300.14
714.99
333.13
10.19
515.82
86.84
27.09
75.93
362.86
630.11
103.77
10.44
699.13
662.93
438.06
427.68
700.95
226.91
21.66
209.49
448.61
670.29
685.58
545.87
752.72
156.43
691.87
535.66
487.65
731.27
480.4
187.65
450.9
648.86
659.15
677.46
191.95
366.07
587.15
689.64
111.21
689.99
313.44
379.31
764.9
561.2
338.34
695.17
44.19
314.37
209.37
4.31
95.36
718.8
351.54
612.12
354.47
564.83
356.23
363.62
615.92
576.76
211.02
466.71
509.93
423.11
191.58
493.81
603.07
537.22
226.96
650.32
153.56
634.83
631.24
184.34
146.4
772.57
131.71
513.13
239.37
408.95
716.12
675.38
20.78
175.51
790.31
291.57
30.45
283.78
628.94
477.3
270.89
183.15
486.46
21.32
403.08
468.15
360.47
473.86
575.49
40.59
469.2
790.76
149.23
77.5
465.3
149.83
120.75
433.52
335.89
131.15
18.57
37.83
721.02
436.91
791.24
441.74
224.59
469.39
453.81
298.95
377.88
518.69
56.4
343.44
24.5
286.12
69.67
286.15
123.2
354.63
19.3
13.87
657.85
483.31
718.23
551.8
701.27
612.08
435.51
293.81
112.18
213.31
787.81
525.69
305.33
768.76
248.67
212.92
183.06
487.48
473.36
164.63
179.04
624.89
321.65
396.43
0.51
53.64
759.99
60.43
447.32
628.44
89.33
461.76
215.13
283.57
476.64
3.79
473.32
315.75
750.44
464.28
283.19
514.75
70.78
246.79
205.35
706.4
738.37
49.74
587.35
315.9
96.81
718.08
67.93
198.88
138.38
477.35
293.5
76.73
235.66
575.38
50.46
507.23
223.04
418.12
538.3
316.95
28.76
221.39
649.93
132.65
314
398.63
565.15
606.1
274.11
109.08
5.63
92.76
49.29
229.51
677.58
731.12
522.58
234.34
252.46
56.93
732.41
619.29
341.18
448.6
392.15
178.35
560.07
632.06
362.73
539.49
600.92
444.29
753.09
697.72
93.77
148.1
223.31
689.21
503.09
374.57
366.58
97.25
569.11
184.62
794.69
410.12
162.99
236.33
280.52
750.75
574.69
575.13
606.86
155.98
682.53
120.6
390.45
388.43
412.15
586.6
672.91
194.54
219.23
194.38
782.43
57.44
216.87
136.53
528.59
64.28
313.62
779.2
654.06
491.99
79.18
612.04
647.15
784.23
99.09
526.13
299.48
468.65
286.83
728.56
363.81
671.52
744.44
509.11
765.8
358.74
297.59
713.1
646.83
168.07
500.19
139.27
492.99
419.86
36.89
734.81
459.23
374.28
421.07
420.45
447.83
283.11
256.69
395.61
163.83
373.8
587.94
444.58
719.18
274.88
197.92
447.01
25.11
333.33
211.6
759.45
85.94
427.05
412.8
385.75
513.76
588.8
125.15
523.35
526.95
444.27
402.81
657.97
587.82
630.68
264.28
384.06
303.98
745.41
303.73
230.63
30.87
760.36
664.11
786
517.68
270.66
585.72
708.53
352.72
195.78
500.21
768.99
424.21
544.19
170.25
623.65
178.42
85.87
641.76
37.32
260.1
125.05
141.81
6.17
430.21
783.76
578.54
478.52
396.03
622.77
590.57
289.79
756.33
741.01
608.75
601.96
140.12
371.4
148.02
319.56
776.45
574.89
423.47
95.76
38.85
610.22
493.28
435.34
770.82
767.17
496.8
424.9
457.59
389.63
289.78
212.7
774.6
397.61
563.86
55.24
170.91
24.39
506.56
310.77
400.59
153.18
231.18
23.91
239.28
770.22
747
515.18
553.71
543.34
9.74
308.91
230.35
665.42
441.3
310.47
239.32
547.86
545.27
177.64
78.79
298.36
418.41
67.01
465.99
452.33
437.84
797.58
781.83
510.46
609.48
217.09
417.51
490.14
43.68
482.22
400.77
471.83
114.64
126.09
130.74
464.84
392.16
477.57
466.39
542.19
385.65
79.2
129.66
542.2
113.28
749.85
488.69
296.36
271.62
3.75
180.95
324.24
185.44
126.42
501.69
73.64
109.66
628.78
387.51
277.79
710.07
771.89
29.83
550.54
393.58
704.66
622.54
378.09
189.8
303.55
128.98
796.92
419.25
356.9
153.43
701.6
281.66
500.03
8.38
166.51
247.68
635.17
727.66
126.62
587.4
371.09
745.51
393.64
55.82
19.63
740.42
101.89
95.12
191.11
130.29
154.03
725.2
53.95
52.47
358.49
197.73
179.03
676.42
452.61
173.69
318.53
513.37
780.2
47.96
264.31
794.36
365.8
543.47
276.16
411.41
215.69
667.79
11.55
544.24
227.77
251.47
793.5
563.88
665.22
391.66
632.43
197.1
128.79
516.12
220.86
481.11
74.87
316.88
68.15
107.91
251.42
564.58
404.15
76
699.5
725.75
101.32
325.82
284.49
695.71
602.12
550.75
295.42
168.97
90.91
222.47
723.9
558.1
266.75
585.59
733.52
0.18
42.93
252.31
471.2
516.82
123.36
352.71
278.13
436.18
213.99
44.48
691.03
735.37
468.59
408.34
513.43
518.72
485.92
263.1
558.85
112.22
738.33
252.21
521.64
769.24
308.41
765.07
119.83
293.77
283.43
699.09
291.19
18.34
642.32
295.91
208.7
515.01
644.67
594.44
631.34
721.65
470.91
50.29
736.9
158.05
3.42
399.01
201.33
712.2
797.2
736.98
546.02
490.46
675.97
420.12
25.14
737.73
373.9
664.93
65
567.12
292.52
466.61
641.17
444.56
283.25
237.79
165.92
554.59
340.57
444.77
108.5
184.4
297.77
123.92
86.24
255.63
252.73
200.44
494.91
124.57
113.09
448.75
775.87
436.72
757.25
452.95
385.36
408.5
300.89
9.83
657.44
536.57
297.36
339.86
410.17
753.81
703.95
172.46
466.17
232.66
527.78
412.81
286.65
182.4
438.26
454.74
711.47
151.32
449.65
22.97
160.05
198.27
354.76
612.33
173.96
323.6
674.04
755.03
754.81
179.64
179.29
796.59
286.61
616.73
291.13
386.82
796.74
618.51
553.72
295.18
191.64
355.68
135.9
88.11
279.54
376.96
755.54
641.65
259.54
670.47
356.53
7.11
706.72
797.13
201.33
22.81
343.18
693.32
727.11
81.05
574.97
472.35
7.96
518.33
414.81
124.86
54.99
681.79
568.64
509.3
5.06
47.75
298.75
107.37
602.76
138.18
53.29
472.88
787.35
670.35
621.65
499
109.48
288.81
729.98
523.64
398.41
562.13
299.97
0.8
168.82
44.24
743.39
411.21
605.02
358.33
794.63
732.84
219.07
24.67
48.13
504.84
248.25
495.15
262.66
409.08
735.12
640.57
725.84
525.2
236.55
234.09
333.17
217.03
424.46
689.65
291.67
480.93
747.04
139.21
631.44
225.94
609.61
325.23
562.17
285.02
352.82
87.32
269.86
570.36
16.1
351.51
454.53
662.82
744.93
1.48
668.3
637.68
762.06
589.54
128.48
614.17
787.36
299.72
648.15
583.7
749.68
236.88
674.6
436.06
66.88
211.56
550.37
328.67
460.05
223.9
30.89
35.97
788.84
138.77
298.4
711.55
164.23
301.29
39.56
345.04
571.23
31.26
597.93
238.54
47.02
633.3
75.2
753.54
82.77
105.35
170.37
290.25
762.58
237.33
623.12
549.95
108.06
427.4
502.93
82.47
798.53
432.61
618.45
489.11
646.3
326.13
212.49
704.94
95.65
202.56
425.26
218.13
141.37
142.23
726.04
787.85
733.5
245.43
29.75
780.56
204.18
67.67
252.14
510.59
563.32
245.25
770.88
614.23
286.13
655.22
723.83
111.29
13.1
383.72
25.18
57.74
271.43
228.67
345.19
408.74
94.98
542.7
73.47
343.18
667.39
657.78
409.26
277.92
312.93
132.83
555.8
431.84
212.72
474.07
449.87
251.59
459.92
333.89
424.23
753.85
169.3
612.35
447.1
634.1
284.64
158.38
707.06
431.3
159.83
434.76
40.13
611.99
621.85
332.63
515.6
275.82
301.13
626.38
428.26
63.2
49.79
123.37
351.35
723.38
783.07
156.42
186.13
484.09
787.98
672.74
465.02
285.85
169.23
246.37
269.59
722.87
725.86
268.79
592.87
469.85
787.2
148.78
6.99
277.8
575.83
602.08
437.13
620.53
67.38
403.18
223.23
696.63
679.96
782.37
304.72
80.01
302.65
98.33
248.71
610.42
369.95
149.64
406.55
202.21
150.7
752.49
706.17
653.55
597.62
763.99
192.93
376.67
153.6
529.88
346.48
795.1
224.85
141.47
717.67
725.82
488.77
285.8
15.89
321.41
603.66
100.97
104.62
304.96
25.39
739.66
577.41
558.02
647.62
144.38
382.39
633.47
305.99
261.03
584.71
456.13
649.29
604.93
37.31
644.99
216.85
190.88
480.56
781.69
641.69
377.41
690.41
330.38
395.27
118.23
496.25
682.33
258.67
480.51
104.76
560.64
396.68
578.54
555.84
587.29
39.56
664.56
742.3
493.38
676.95
342.04
377.85
38.17
430.97
256.07
775.85
41.21
350.16
642.37
416.06
243.79
133.85
616.14
719.11
150.43
323.72
27.68
12.6
230.7
223.07
640.08
755.78
356.71
28.12
633.31
20.91
0.97
480.62
16.45
676.57
532.69
102.57
170.66
261.75
584.94
144.19
1.36
345.55
437.36
92.11
130.44
585.62
615.64
467.65
16.11
394.93
699.72
486.07
232.33
543.6
706.4
750.89
255.68
396.8
56.66
578.72
681.62
120.69
762.7
349
369.53
676.51
273.65
335.18
798.99
698.58
5.09
666.87
441.53
684.32
643.72
758.08
708.32
332.96
507.14
272.43
186.3
32.86
417.63
312.32
572.72
73.64
438.78
447.33
143.57
284.7
48.65
360.08
371.13
416.38
487.76
282.09
753.32
582.54
678.06
353.65
725.33
721.4
732.22
798.96
363.88
761.65
14.67
252.01
377.23
751.88
149.74
456.4
775.57
345.21
251.66
763.3
731.14
99.91
29.55
470.5
696.16
521.95
90.08
385.04
524.21
46.54
40.47
508.16
235
557.69
726.83
623.48
540.97
76
582.17
279.29
272.36
235.84
655.44
572.31
371.19
674.69
651.79
459.2
602.41
538.2
468.44
56.77
131.12
579.96
47.11
455.9
659.3
213.01
169.19
436.91
386.39
2.57
42.02
232.2
554.21
277.56
409.54
499.65
126.51
716.26
677.75
27.87
99.8
57.29
740.97
765.28
741.41
694.4
360.59
757.71
499.16
245.46
760.39
104.17
649.08
207.48
115.63
92.49
487.57
542.77
430.2
732.82
621.37
236.17
81.56
55.78
25.16
479.66
750.24
642.24
280.5
250.44
59.61
58.84
798.04
484.9
345.81
181.83
33.31
405.81
125.81
774.04
475.69
373.38
355.25
684.11
175.01
229.1
640.44
153.7
763.5
262.11
354.08
397.81
438.56
120.09
73.76
273.19
748.42
64.05
243.66
24.47
300.93
754.95
364.91
157.31
799.81
680.96
233.96
574.77
670.94
707.99
777.87
758.12
532.45
743.41
191.43
549.51
684.77
393.3
794.86
757.28
67.37
284.42
652.35
580.63
557.34
64.04
520.01
142.86
364.75
220.78
376.4
639.24
99.94
603.56
704.88
481.62
25.89
99.56
526.36
326.77
448
468.66
422.75
628.41
557.8
653.95
318.38
178.15
662.34
143.21
55.6
92.54
109.08
391.38
215.71
85.29
529.61
215.09
249.59
221.38
10.72
410.85
576.06
192.46
478.58
705.94
622.13
304.4
792.78
601.74
280.45
360.93
183.13
185.9
544.19
438.2
296.43
258.89
446.78
719.29
759.06
389.87
294.53
782.84
118.81
21.98
124.44
651.58
550.55
569
187.27
547.91
577.09
693.7
752.99
99.89
489.15
121.68
677.55
304.72
789.49
666.83
786.25
402.52
660.72
562.84
458.07
649.17
429.7
631
121.96
377.74
589.47
422.29
571.09
693.31
703.24
739.44
282.91
651.81
632.67
607.13
167.02
717.63
324.49
615.56
570.94
495.06
780.43
264.3
480.51
397.1
634.17
13.55
703.98
711.01
728.58
52.06
341.2
13.75
384.63
145.34
362.93
567.7
14.91
103.98
672.47
587.22
23.2
794.73
605.2
631.59
131.19
616.62
661.26
655.86
159.44
127.75
583.14
344.65
325.15
320.85
59.45
549.77
486.42
691.68
640.45
691.6
637.55
94.6
731.68
234.15
431.64
145.64
479.99
452.75
224.45 /

COPY
	PERMX PERMY  /
	PERMX PERMZ  /
/
MULTIPLY
	PERMZ 0.01 /
/
