---------------------------------
-- Permability values for SPE9 --
---------------------------------

-- Permeability distribution visualized in figure 5 in Killough's paper
-- Killough says 'The input data included in the distribution to
-- the participants included a geostatistically generated 
-- permeability field'

-- The values below are taken from Killough's dataset, they are
-- not based on the figure in the paper.

-- Explanation to how the data in PERMX is organized:
-- Under each LAYER (i.e. K-value), 
-- there are 25 ROWS (i.e J-values) under which there are
-- 24 entries (i.e. I-values) 

PERMX
597.43
134.88
781.5
691.71
126.31
59.21
783.65
422.42
607.52
363.97
78.7
612.25
134.87
99.8
164.97
617.21
709.32
631.92
333.39
378.24
285.22
764.07
456.59
456.91
236.52
518.95
351.94
574.7
573.02
443.91
567.88
1.37
294.87
313.96
431.78
247.72
189.16
388.1
637.92
270.92
693.33
417.07
724.05
260.52
391.92
290.66
80.97
194.36
24.09
394.61
112.53
555.34
316.23
610.34
515
54.8
734.48
34.78
103.7
163.23
247
555.36
512.49
760.23
518.07
546.65
249.36
427.74
170.53
377.44
506.26
10.64
647.89
468.71
538.59
430
198.27
33.81
609.67
532.55
631.56
329.35
75.64
747.43
701.96
330.26
708.28
212.1
637.38
640.82
772.51
102.13
312.79
188.58
591.66
768.88
585.3
510.8
674.77
645.49
258.75
364.23
150.47
442.62
461.8
499.05
475.13
702.29
181.29
161.26
457.43
366.82
276.71
749.26
61.4
301.5
335.7
340.66
287.59
214.48
725.18
153.31
771.99
214.65
69.26
133.26
185.81
744.97
163.72
653.76
587.54
334.65
248.32
139.64
262.59
599.37
621.65
635.94
593.97
103.93
463.16
679.98
25.67
343.12
558.9
4.15
319.72
767.02
346.44
761.99
463.38
151.25
14.85
609.37
242.16
686.76
488.1
386.71
97.82
119.55
456.76
435.77
93.66
415.92
399.33
657.48
39.39
681.6
315.53
551.56
15.88
194.62
26.78
349.07
347.94
56.48
434.19
533.31
218.08
177.36
403.39
154.37
464.73
58.41
283.55
576.42
376.84
102.03
425.01
205.6
681.11
303.32
361.19
619.16
422.02
435.28
209.83
573.7
553.53
21.68
522.25
189.59
435.32
168.03
425.03
502.58
488.76
798.51
299.99
732.97
684.08
455.64
62.33
495.49
376.59
27.75
173.15
7.41
610.19
399.18
204.82
485.57
419.31
464.57
798.54
288.59
160.43
664.95
403.93
772.15
162.83
117.55
753.36
583.88
71.88
278.64
623.03
436.86
429.83
262.31
241.35
535.89
653
317.95
526.95
441.77
411.48
430.55
206.1
246.59
94.81
606.63
571.69
620.07
73.39
453.23
110.21
433.78
637.59
711.95
441.73
495.46
657.25
601.54
417.5
12.87
22.04
794.83
686.2
322.88
125.63
336.48
590.91
421.34
596.33
148.46
275.1
706.11
311.48
555.82
686.01
375.58
409.88
467.85
289
291.81
520.83
397.6
621.1
431.6
587.42
342.68
782.1
398.4
725.15
478.98
585.08
497.41
303.64
264.21
500.78
650.59
397.92
289.22
247.89
503.34
359.04
610.06
384.15
362.13
112.83
509.65
560.33
363.53
42.62
682.39
183.46
658.37
214.06
257.9
26.91
258.51
216.37
166.47
200.07
413.51
528.58
764.96
787.4
758.88
114.05
566.2
291.95
5.29
691.61
6.11
156.92
339.12
40.43
313.27
152.63
523.59
628.74
593.36
74.56
290.77
607.53
60.78
16.83
493.31
42.84
728.93
535.8
215.47
617.5
708.31
520.7
178.59
380.02
90.06
559.99
725.25
756.83
722.83
72.7
111.5
372.86
638.04
385.19
729.24
669.64
429.82
567.12
358.98
197.84
729.65
362.45
613
558.25
425.52
243.64
313.26
24.42
592.89
389.28
650.34
294.18
613.42
535.28
6.69
708.42
266.42
417.33
88.18
128.87
634.63
266.57
718.82
178.13
99.73
79.56
430.52
461.59
600.33
236.04
218.6
231.88
653.1
698.52
18.82
659.13
693.24
139.86
247.01
86.2
733.96
694.97
144.98
233.52
557.41
254.71
237.21
298.82
187.54
24.49
752.36
283.01
695.11
681.93
32.98
583.45
599.43
531.7
675.38
314.31
304.51
346.18
781.64
376.67
323.01
637.54
784.35
645.06
291.28
504.6
179.34
102.99
350.85
645.72
129.7
755.64
530.66
144.59
272.19
788.09
98.66
782.38
362.23
672.94
569.5
205.64
158.3
591.4
324.58
15.29
158.64
262.59
455.29
429.2
153.71
158.05
178.26
157.3
339.33
282.39
185.32
748.93
329.4
363.21
784.54
203.72
432
204.97
330.78
374.41
741
369.8
83.66
320.3
752.32
426.5
665.31
120.15
76.98
104.75
725.28
658.17
334.4
381.79
30.34
241.27
622.76
438.06
531.75
264.81
715.64
72.55
276.06
353.89
342.27
403.81
697.01
139.63
434.73
310.9
479.08
681.88
779.9
481.52
648.36
659.71
449.79
772.43
564.39
675.34
647.58
476.14
521
751.99
734.82
540.02
417.7
524.97
341.67
680.13
22.79
243.11
140.16
705.82
458.44
758.67
425
674.65
424.41
526.91
468.75
10.38
640.24
787.48
782.11
701.12
273.17
286.2
754.77
181.61
315.74
219.82
660.44
652.08
176.78
720.35
24.91
47.71
553.39
386.39
20.67
46.9
118.98
246.88
31.25
306.3
366.9
23.4
631.93
444.36
392.46
76.45
744.86
722.82
378.7
778.95
411.37
384.84
25.71
492.62
126.04
654.3
754.17
78.02
320.57
710.05
38.06
455.45
614.8
271.46
374.61
452.02
672.59
289.18
504
106.58
705.46
201.06
485.54
591.95
704.66
666.94
115.11
357.05
257.29
668.78
514.75
79.36
384.08
381
31.31
227.38
721.1
725.45
315.13
264.97
681.45
576.77
302.71
582.16
141.46
357.87
148.71
635.37
471.5
391.93
50.36
168.34
709.81
624.96
192.85
637
548.39
111.27
684.48
716.18
284.29
628.43
405.87
300.93
293.62
363.02
152.24
720.89
111.78
305.6
589.08
568.6
500.48
629.89
534.09
445.67
701.02
637.53
2.82
609.27
56.8
703.42
621.39
246.21
166.99
699.91
627.07
288.76
627.44
603.97
376.15
608.23
442.51
769.7
111
690.39
201.62
236.15
575.72
111.96
729.38
599.23
682.43
159.11
216.03
604.31
164.19
514.47
490.6
731.96
51.05
779.85
660.38
440
571.11
565.79
333.35
667.01
645.63
798.35
716.62
439.75
108.59
604.81
448.99
489.02
720.41
671.81
427.92
321.93
649.79
698.96
125.42
770.38
285.32
200.62
594.7
437.39
553.44
124.62
49.33
26.82
195.95
154.01
119.19
66.64
501.45
56.62
367.28
71.22
67.89
217.64
288.63
173.57
766.1
292.7
104.13
161.39
623.38
711.63
274.74
195.4
396.07
466.38
605.85
720.9
477.37
277.31
200.76
46.3
295.54
724.54
588.69
745.62
479.06
485.2
468.56
509.61
650.35
265.39
397.12
183.14
339.96
655.28
708.56
202.53
317.27
385.74
25.13
209.03
287.54
718.81
703.91
630.53
77.93
346.69
513.87
155.58
541.23
152.73
258.7
51.51
483.89
267.91
197.83
733.93
759.95
240.94
796.96
418.61
64
508.49
403.39
169.1
54.39
574.67
457.67
716.44
774.02
530.52
372.4
531.7
259.16
674.35
113.95
262.98
238.84
306.08
300.91
234.88
288.2
370.08
774.24
318.99
616.89
11.27
202.64
771.69
366.03
553.79
325.19
66.58
761.11
75.69
271.79
641.71
131.85
76.61
346.32
163.88
758.59
262.64
468.84
380.07
182.62
497.42
493.19
413.93
783.95
465.49
550.25
414.86
794.97
20.38
155.06
323.3
107.13
419.18
606.8
660.53
161.29
399.48
700.33
0.04
477.54
220.47
106.78
622.99
545.82
694.48
81.48
492.32
549.53
517.55
152.59
746.63
655.07
644.09
78.83
20.13
54.92
163.44
549.39
342.61
233.4
484.51
330.48
207.4
515.46
26.51
231.39
214.49
180.93
668.49
134.02
262.32
555.78
720.37
258.14
269.28
468.36
496.21
778.19
663.89
589.08
724.98
593.12
444.01
763.07
574.05
629.79
331.28
142.77
625.27
440.61
282.9
684.06
739.38
362.44
54.83
414.53
240.56
619.08
73.37
282.03
788.8
107.71
603.45
780.48
441.45
775.21
600.67
200.98
163.55
545.81
348.25
573.87
307.5
507.78
537.16
221.22
790.86
196.26
565.32
306.88
324.4
573.97
615.57
546.79
232.94
471.38
791.28
704.42
601.17
332.51
627.46
104.68
17.84
488.92
243
179.83
444.68
610.48
219.82
368.81
726.94
574.5
535.77
175.6
770.12
392.12
443.93
780.5
744.19
100.17
750.64
387.04
590.64
436.26
135.19
523.04
112.55
78.09
626.48
31.59
603.51
126.79
417.53
523.96
650.31
449.13
26.48
19.37
563.88
219.82
690.94
696.98
747.62
9.43
420.87
670.88
753.15
640.52
748.5
312.17
358.14
126.15
642.45
36.37
744.86
629.94
353.88
513.96
304.54
138.74
662.57
355.95
631.97
117.31
242.59
479.06
780.27
342.52
125.61
515.09
255.55
511.22
467.38
326.38
36.39
735.09
672.84
780.02
13.43
312.57
0.08
480.02
215.95
562.44
15.3
175.38
56.37
560.76
83.42
161.97
535.49
141
580.36
187.89
187.58
95.39
42.29
352.93
374.99
435.07
8.15
530.16
431.19
625.23
156.71
419.22
25.01
677.07
396.49
307.2
10.28
221.07
607.08
524.35
704.04
730.07
192.59
222.03
121.45
229.86
217.13
292.64
621.63
654.1
86.15
659.11
658.24
389.31
82.31
258.05
257.96
277.84
464.13
109.71
780.29
67.26
717.74
359.52
51.99
524.85
532.18
86.52
583.91
182.02
335.76
227.4
93.4
11.78
645.64
466.02
83.48
236.46
191.51
596.3
163.63
300.8
619.66
176.81
524.08
319.18
637.83
143.44
99.43
567.83
410.13
89.34
211.19
192.55
31.51
68.12
593.95
602.79
372.2
596.01
419.99
227.96
172.25
82.16
291.99
678.84
545.21
603.4
346.68
668.32
651.68
444.81
752.62
473.57
688.55
736.14
334.67
195.34
432.21
300.28
532.99
603.77
502.98
296.25
377.7
116.7
618.59
378.34
557.91
102.91
580.04
62.98
331.05
712.02
771.64
319.32
583.89
141.68
642.31
507.29
194.92
393.59
587.16
544.45
10.65
775.6
669.66
6.52
691.35
172.52
185.52
537.37
631.63
735.42
588.53
133.41
664.82
750.7
275.93
285.19
89.65
381.32
539.42
428.13
597.82
216.14
629.56
204.44
314.07
195.32
582.24
680.3
473.8
467.42
466.99
355.65
442.36
112.89
47.19
783.86
292.72
789.18
66.59
349.81
247.2
79.39
305.07
18.38
595.98
17.91
61.78
566.24
721.3
210.49
734.66
281.57
151.67
476.43
686.68
768.3
404.44
429.05
416.34
783.76
262.06
128.05
553.73
464.46
414.44
760.91
162.76
100.99
578.05
326.95
126.4
38.08
505.82
110.6
763.56
495.51
577.43
341.94
746.38
557.94
527.28
574.79
248.26
133.83
81.28
271.13
345.88
626.88
690.84
125.95
72.77
637.36
608.51
553.17
680.36
771.2
373.08
226
702.98
586.99
410.01
22.34
493.48
754.56
134.51
234.48
389.9
392.06
396.48
420.95
724.88
691.75
276.46
631.57
552.84
225.59
55.76
452.28
272.36
41.03
676.28
154.52
529.25
319.02
745.96
110.28
442.62
620.45
643.72
292.98
213.62
324.69
69.42
552.04
416.59
331.34
324.11
482.22
100.44
358.97
248.99
790.77
325.99
776.49
771.11
463.41
179.25
506.08
319.72
611.21
639.76
156.45
493.32
120.01
246.11
328.55
236.6
619.75
243.25
605.85
481.77
396.51
706.56
462.93
538.51
257.48
85.79
159.76
247.76
414.83
294.43
26.02
211.84
447.28
713.31
463.19
793.23
107.01
509.49
783.47
102.05
619.29
158.36
631.11
705.24
696.92
799.03
15.46
265.27
615.45
377.1
11.1
577.07
54.99
177.45
16.48
759.37
81.41
698.68
447.02
62.33
589.68
361
320.09
771.81
43.97
702.26
7.1
352.92
357.95
218.03
350.36
264.46
651.96
163.43
381.25
653.58
541.91
396.95
115.2
241.88
757.29
622.99
785.95
760.31
775.23
47.98
600.8
640.1
635.55
528.89
94.16
259.54
643.95
369.95
57.53
571.88
2.22
160.59
507.36
41.02
99.15
174.81
487.99
422.71
453.02
490.62
401.06
749.11
346.71
640.5
609.46
186.48
335.86
34.68
25.54
230.31
519.23
375.7
595.96
395.62
558.94
135.78
426.13
88.67
755
449.43
502.62
403.16
483.57
290.61
114.32
767.78
2.22
551.15
391.36
308.3
107.5
591.18
273.96
723.73
217.3
102.37
8.57
208.48
144.03
382.45
256.38
154.3
280.87
492.6
711.91
390.54
388.22
471.21
477.85
576.53
380.33
674.52
188.77
127.59
494.83
80.78
453.39
554.99
749.79
684.09
411.78
527.17
238.97
91.05
288.94
201.97
177.48
446.35
354.78
303.4
321.79
250.66
565.74
133.51
64.85
784.46
144.54
157.17
194.78
556.31
412.59
339.14
362.38
14.56
616.33
313.96
75.07
140.28
552.84
720.42
513.44
617.98
680.2
330.22
514.55
180.4
115.41
545.13
692.99
446.46
246.88
426.02
546.26
335.46
504.9
170.37
562.36
626.57
491.4
414.77
33.67
494.85
212.4
280.72
510.05
794.68
503.24
683.58
748.25
528.85
515.18
555.85
368.32
371.36
682.12
48.33
612.83
126.62
267.49
429.44
589.1
452.48
234.77
589.21
677.19
24.27
187.69
28.86
197.05
787.76
411.72
148.31
264.81
139.6
364.75
77.49
62.72
158.64
608.21
698.94
8.45
33.78
791.64
614.64
320.22
555.07
165.64
320.21
59.23
278.85
731.55
552.88
14.46
360.51
93.33
348.61
524.99
128.2
113.81
326.37
290.48
81.62
462.05
591.27
631.07
142.71
344.98
367.38
360.62
388.27
383.91
42.09
7.04
259.13
365.43
56.02
106.07
115.74
140.92
162.83
424.54
30.8
429.92
445.98
30.08
342.47
430.98
561.51
462.11
617.32
664.26
405.34
108.28
104.21
571.86
535.06
441.91
260.61
371.6
738.9
343.83
616.9
768.59
145.64
50.58
646.62
763.49
200.44
54.22
285.7
729.93
130.84
259.66
687.65
371.29
716.66
607.28
778.4
574.12
228.71
661.59
422.23
794.2
363.88
165.33
505.66
83.32
263.77
292.68
98.86
575.99
73.37
734.24
534.16
410.98
266.72
291.2
138.88
77.79
373.97
770.18
201.6
328.02
52.89
629.35
630.21
244.46
136.49
207.41
585.25
522.58
554.98
337.61
527.43
629.14
275.33
133.83
529.42
760.58
737.01
432.43
316.41
103.64
544.98
439.58
784.93
53.57
753.26
198.14
256.96
639.38
792.29
140.28
734.33
660.85
661.68
506.91
514.97
771.97
406.04
111
148.54
403.08
461.91
27.24
489.84
27.53
714.13
379.04
653.84
145.25
320.69
738.42
259.51
82.57
63.06
425.89
549.37
254.57
756.61
59.83
479.41
343.86
491.3
718.44
443.14
157.99
658.73
519.99
625.35
583.72
319.38
586.88
583.28
703.29
665.04
647.51
464.58
248.96
624.64
667.98
423.85
347.16
763.16
701.65
533.4
111.53
626.89
555.13
83.21
687.36
769.08
536.38
54.16
50.03
648.17
751.7
423.34
417.3
271.52
342.64
538.96
388.46
493.14
112.64
728.9
591.65
48.25
689.22
434.31
476.53
122.07
786.17
74.3
54.5
207.36
384.64
472.77
473.36
331.89
197.43
202.43
439.27
19.77
468.64
61.09
402.87
511.3
667.85
182.65
272.91
313.19
128.38
457.75
427.68
4.08
156.38
711.21
570.17
128.76
243.19
611.02
676.6
355.76
590.57
370.66
85.82
723.82
183.86
650.06
657.43
638.03
202.79
177.66
766.52
295.68
485.53
579.36
700.05
388.29
57.47
717.37
423.21
19.32
750.3
482.99
18.07
730.94
159.2
174.56
62.61
546.94
295.98
115.47
643.37
731.08
229.74
751.65
784.82
246.5
333.51
783.91
701.54
711.74
75.56
228.5
404.91
232.73
129.18
578.89
374.8
255.41
387.33
187.89
446.02
169.88
456.16
194.3
224.52
684.3
272.49
722.9
234.59
480.03
411.18
311.54
100.87
448.59
486.03
332.2
260.39
368.8
182.77
155.61
611.44
17.04
403.31
605.15
609.35
123.66
632.24
740.57
764.73
521.99
211.68
442.48
225.94
55.83
741.12
256.94
573.12
786.65
296.27
242.76
166.86
640.79
725.85
76.25
703.18
486.05
172.06
467.09
102.72
738.36
20.12
749.51
432.18
546.56
250.66
222.93
233.88
490
1.86
458.55
576.41
592.72
496.97
349.29
261.67
196.32
219.42
790.11
130.93
663.62
410.12
700.53
502.07
610.6
668.97
728.54
475.2
798.01
661
769.09
640.08
40.78
233.81
0.13
140.98
547.58
325.89
39.17
699.73
727.63
576.07
174.51
582.76
127.32
308.79
122.25
461.28
151.58
744.67
254.31
469.5
96.8
796.54
99.79
636.36
77.6
64.85
520.06
462.75
133.09
477.31
571.26
3.75
650.11
765.46
521.25
709.43
703.64
552.23
470.39
4.49
155.12
648.79
725.87
264.81
565.22
712.05
638.6
290.66
661.18
179.98
388.82
715.72
373.52
293.11
725.24
145.22
28.43
291.76
735.72
190.89
500.29
247.15
3.05
533.92
141.31
24.69
451.76
659.91
370.61
33.57
503.9
680.26
312.27
109.11
210
564.86
569.66
505.37
491.91
683.04
620.85
680.88
712.14
623.46
677.7
321.12
537.15
477.2
56.87
468.97
244.91
27.03
121.12
647.77
69.39
684.99
208.41
705.88
653.81
605.99
25.73
322.61
351.1
290.85
163.32
706.28
450.48
723.27
96.98
756.43
193.36
698.23
189.25
291.54
499.54
428.61
271
368.51
782.41
533.73
300.06
339.19
703.73
8.58
20.09
95.43
674.53
607.42
58.93
186.18
160.41
677.39
16.79
51.65
725.18
180.22
182.46
201.8
217.23
760.12
206.58
259.34
128.98
42.72
365.27
37.11
182.24
121.01
253.31
730.77
543.62
372.02
779.44
117.95
321.49
786.42
19.93
295.11
773.4
457.04
507.57
438.99
523.02
265.85
500.24
89.52
697.06
40.78
777.16
469.93
78.55
635.77
420.03
470.52
162.28
460.91
88.78
609.97
784.04
100.88
732.36
180.57
408.63
626.08
651.02
708.47
254.98
561.7
522.66
373.08
563.3
278.64
156.65
515.45
337.15
143.33
796.15
178.69
1.14
783.74
269.89
744.81
132.23
514.39
174.79
71.19
668.3
670.76
101.7
586.65
648.73
396.41
222.65
143.87
601.74
554.75
701.74
469.09
792.06
767.13
501.28
373.2
377.34
33.5
210.84
385.88
221.06
164.59
624.08
606.83
607.66
443.13
488.47
51.04
752.64
547.84
125.56
326.76
428.95
590.26
70.36
325.39
274.41
531.07
443.99
8.18
547.21
629.69
323.68
483.87
45.61
454.65
406.45
598.26
356.03
504.83
310.82
376.5
524.61
394.82
415.25
721.68
586.73
713.79
478.84
290.2
510.61
429.8
165.8
122.67
791.61
25.55
195.78
605.22
72.67
380.21
4.4
107.83
158.63
445.45
107.52
435.44
239.38
290.58
104.72
504.77
81.55
616.55
521.85
105.99
157.82
354.51
345.12
713.18
262.01
470.68
754.65
435.29
666.14
69.38
178.79
293.58
292.79
335.88
151.14
465.68
746.04
541.04
235.59
783.76
773.89
537.92
775.45
334.91
272.04
289.2
682.78
240.53
703
533.58
694.18
2.64
19.36
507.77
774.12
745.28
58.13
404.3
671.74
738.93
358.14
117.47
642.56
31.77
704.37
529.1
159.64
685.79
723.14
353.92
767.78
54.86
727.35
334.52
98.56
799.34
129.47
351.22
696.48
716.36
449.09
106.94
399.3
586.73
105.63
431.08
720.45
646.16
112.34
475.14
52
626.67
203.1
747.1
661.35
387.07
601.55
518.52
476.87
169.62
505.34
367.14
324.9
291.31
269.87
306.06
530.18
55.69
477.38
735.18
717.19
341.16
427.34
726.17
267.58
27.41
137.32
564.61
439.13
106.34
790.47
563.96
237.17
172.08
65.86
220.71
688.56
754.26
513.24
518.57
307.31
565.38
458.96
634.95
13.29
441.99
189.94
285.12
571.31
85.14
520.39
542.13
473.79
492.11
307.35
437.87
487.06
364.96
139.77
272.03
769.06
601.95
0.42
169.55
613.51
215.24
438.57
565.53
57.02
687
355.38
413.98
112.61
237.81
551.03
322.84
429.91
315.21
718.72
292.28
501.37
116.51
343.4
373.51
795.31
261.98
394.8
197.04
798.28
28.48
283.86
523.56
484.81
252.14
130.24
356.95
244.68
427.83
786.65
262.74
250.99
286.52
561.29
331.13
652.28
666.23
725.99
555.37
247.53
726.74
340.19
477.59
324.06
103.69
359.11
465.76
192.35
343.16
82.69
429.73
632.61
325.52
82.93
718.08
52.64
338.99
215.63
88.94
568.69
508.58
235.07
27.76
577.21
696.4
697.99
269.84
222.86
375.74
789.2
227.03
702.11
477.54
301.67
490.68
43.24
220.68
27.51
714.66
244.26
35.79
534.07
684.32
194.61
502.44
343.19
485.29
371.71
401.82
158.31
734.18
515.83
259.1
0.22
573.96
596.73
767.38
450.02
608.66
726.76
662.68
593.93
507.47
496.24
359.34
432.03
425.97
397.91
473.64
561.42
340
4.19
129.68
506.9
197.06
351.63
789.03
548.75
43.36
245.82
580.23
318.78
376.84
413.16
481.8
58.85
462.41
624.14
178.75
260.11
431.68
651.32
425.68
366.54
539.91
337.42
73.73
327.99
378.64
212.47
79.27
793.37
265.26
722.6
348.77
553.87
773.89
457.2
784.88
588.5
793.74
60.67
27.35
78.63
217.36
283.6
473.37
435.86
431.26
270.08
756.99
669.89
177.79
257.02
728.99
269.16
393.97
262.41
111.9
402.8
564.66
62.12
208.67
371.14
480.86
646.36
426.78
574.38
750.47
153.97
455.86
336.89
308.79
641.01
219.44
631.76
118.83
287.43
710.49
317.54
726.23
190.87
508.93
303.77
622.81
53.95
16.29
438.76
242.72
434.12
674.11
330.91
206.31
154.79
510.73
413.48
787.79
797.51
554.99
697.56
476.94
447.74
320.4
123.29
84.21
562.71
657.67
212.18
348.64
309.99
43.99
26.19
96.21
431.41
424.65
79.99
706.61
99.26
152.7
668.51
393.41
375.54
757.49
657.47
658.31
229.91
506.04
790.81
287.8
391.81
451.05
6.44
732.25
604.26
173.32
373.9
14.93
1.76
34.71
579.23
368.36
57.65
709.16
574.14
416.66
507.82
291.04
738.92
604.78
389.9
619.63
110.22
225.13
611.89
372.08
101.92
53.84
259.45
157.09
77.83
403.67
681.68
292.29
747.7
480.88
585.79
502.41
592.66
362.69
183.88
733.88
199.17
734.58
328.4
343.11
332.84
779.99
511.14
418.84
646.16
67.2
315.41
178.66
690.7
797.1
458.35
532.46
428.87
544.95
103.29
416.17
339.21
473.62
403.1
170.51
790.78
745.84
360.45
373.64
118.09
33.01
560.76
700.05
455.39
140.49
130.8
352.17
654.21
272.54
535.24
56.05
90.61
22
732.44
2.5
481.79
667.79
599.77
737.41
727.17
554.92
779.23
175.4
461.87
694.56
176.12
702.22
508.95
615.53
754.03
407.37
69.33
153.45
288.35
12.06
247.12
567.04
555.67
47.77
662.91
721.12
149.59
484.71
351
623.49
81.61
397.5
211.51
446.59
578.53
200.28
81.87
640.13
202.55
281.78
129.48
154.03
156.95
326.32
696.73
146.9
62.81
437.44
603.88
437.36
794.62
637.15
302.01
207.8
71.08
698.52
284.08
596.76
666.59
763.85
428.96
445.67
17.32
726.91
71.91
124.82
100.55
592.93
423.63
541.89
276.38
645.87
124.82
650.14
614.29
106.81
679.8
176.51
625.12
65.97
153.43
471.51
550.93
433.51
725.08
232.3
538.17
690.98
489.64
500.12
597.13
385.72
506.29
580.79
89.57
429.47
612.4
265.09
158.41
346.83
128.15
130.56
363.4
352.02
395.36
591.08
103.15
678.01
138.36
285.52
500.88
15.44
214.8
740.92
514.13
470.3
374.65
71.04
388.17
317.29
409.11
332.77
549.07
99.28
601.03
523.18
582.91
125.27
235.59
270.47
613.47
160.99
349.01
629.85
481.45
84.03
382.18
193.65
643.49
314.38
123.43
707.03
748.92
705.38
259.94
201.74
683.2
478.19
581.3
667.25
762.98
299.42
262.69
576.75
188.64
774.32
340.13
634.82
182.46
72.05
570.52
638.83
625.23
467.15
590.16
15.86
148.87
154.16
692.58
315.51
381.46
183.93
326.59
415.59
324.2
10.99
370.99
565.55
765.64
693.04
749.75
33.85
277.07
504.94
435.56
380.11
300.01
588.75
375.73
49.09
482.02
294.58
429.17
424.7
718.65
250.51
221.17
370.51
204.47
256.5
735.26
303.87
293.96
425.89
521.64
6.1
293.44
247.19
260.49
151.22
162.58
604.92
298.23
536.23
299.17
431.3
708.78
148.24
423.17
475.01
390.35
149.84
647.73
72.87
83.47
689.64
619.81
697.95
620.56
367.27
438.95
770.5
467.89
372.68
131.27
724.76
524.07
522.43
458.26
259.29
654.32
616.77
780.21
637.11
248.37
335.93
7.2
166.63
41.5
420.89
710.01
656.94
712.05
388.57
690.76
663.85
767.25
304.33
762.26
553.46
794.61
488.38
112.73
242.66
117.88
225.08
122.85
477.86
330.91
483.35
396.53
48.23
87.37
796.33
596.64
292.87
349.27
6.21
309.15
709.98
742.78
543.18
539.98
165.53
690.19
281.71
75.04
131.6
670.75
320.94
791.4
352.09
242.26
100.82
261.34
437.03
275.69
174.74
555.28
224.47
575.67
511
98.76
266.24
577.51
173.87
109.58
278.54
369.47
29.51
25.01
674.77
718.05
645.94
785.42
170.89
434.18
723.43
165.51
418.97
123.18
121.8
697.04
74.08
496.5
756.84
118.98
730.84
88.19
586.89
665.07
471.81
22.06
586.89
539.87
586.7
214.91
779.02
248.67
633.9
250.74
790.82
121.38
2.9
629.15
189.17
568.28
664.4
4.04
486.57
469.29
160.82
180.64
418.84
54.38
313
496.7
225.03
298.2
790.74
525.62
157.39
161.74
72.23
212.77
512.97
347.67
570.59
112.17
260.68
160.04
269.02
654.63
332.73
175.77
49.31
718.55
719.61
209.98
166.7
127.04
218.51
1.42
118.26
385.69
278.95
596.63
596.61
388.08
133.42
158.35
391.41
715.44
114.07
36.85
79.42
184.15
24.6
333.66
649.34
781.25
83.47
227.88
437.93
202.09
344.08
676.77
193.47
90.04
397.38
48.89
675.76
8.75
269.78
366.98
95.24
698.57
178.37
589.08
598.83
346.05
200.34
698.15
277.77
364.35
21.45
523.77
235.2
342.38
680.96
120.89
454.32
147.51
180.95
537.11
651.49
479.38
92.68
473.1
760.8
106.79
10.93
128.29
315.36
338.39
671.81
782.13
695.66
620.09
758.56
576.89
547.96
198.54
238.38
528.85
624.13
379.69
34.61
557.43
133.86
438.91
344.06
70.57
97.17
190.39
178.41
619.74
456.7
45.67
715.48
20.45
37.5
108.05
623.65
574.61
636.58
592.41
136.05
688.51
102.04
418.85
479.55
706.23
122.32
174.86
384.05
696.4
21.77
609.94
525.32
575.43
70.74
567.57
407.1
558.55
576.46
162.11
730.11
663.71
661.59
598.91
625.95
259.14
456.99
724.45
430.52
111.89
245.69
756.63
538.04
465.84
18.53
341.59
304.89
254.87
290.15
533.52
276.64
467.87
600.79
739.73
70.8
790.04
100.2
665.8
71.21
14.76
671.64
293.01
657.64
240.38
308.1
333.34
608.76
541.15
279.2
638.55
644.86
446.2
385.05
664.03
51.46
137.53
203.3
157.25
358.93
212.78
406.42
579.58
525.93
629.28
473.36
584.6
231.58
193.31
41.59
402.59
605.58
368.87
32.64
27.04
431.25
351.06
17.63
328.56
404.49
392.78
199.13
790.96
259.01
554.26
751.54
793.64
724.38
219.73
403.63
613.85
769.21
531.49
321.69
416.04
742.66
758.81
615.84
667.91
424.91
323.98
64.54
22.57
537.6
103.72
717.39
492.28
422.91
551.73
584.4
757.95
125.76
352.63
675.34
547.96
742.6
473.14
693.87
163.41
236.87
341.32
720.07
330.44
192.37
468.75
308.73
340.52
99.25
16.84
413.69
634.18
183.6
561.29
733.86
315.1
736.14
87.99
178.56
394.6
749.46
2.08
406.37
634.43
623.23
468.5
84.44
533.91
471.3
688.66
193.59
78.71
203.62
753.11
277.17
93.72
527.7
518.33
72.88
394.94
390.36
536.94
247.14
40.38
621.84
519.12
391.71
34.44
450.89
211.89
634.64
276.4
440.83
125.59
347.75
388.77
430.25
595.99
530.45
566.18
665
762.09
378.97
414.31
165.63
514.48
361.99
32.68
429.91
605.01
567.64
422.87
612.71
419.24
519.51
115.68
579.66
484.22
691.45
442.49
617.05
277.08
577.7
792.26
678.75
361.05
590.44
622.66
355.12
466.26
637.05
721.61
338.77
33.03
5.92
138.62
246.9
92.99
528.68
298.1
222.84
702.88
220.41
766.81
794.33
125.15
738.76
153.99
159.19
424.72
796.53
107.6
755.84
3.52
355.52
756.64
107.65
403.17
784.51
521.54
677.44
576.68
78.18
474.58
94.45
391.05
83.02
98
340.78
161.11
663.12
353.55
339.81
390.79
749.48
251.95
586.38
73.69
274.51
653.68
185.11
668.94
484.21
238.54
311.97
279.61
355.55
265.9
712.68
419.39
5.3
152.44
498.98
500.46
763.76
731.18
765.11
527.42
50.11
132.15
164.06
182.09
139.32
235.92
20.86
224.6
722.63
415
582.92
257.26
676.05
210.23
244.12
331.85
539.33
795.66
282.83
741.47
259.02
126.12
25.31
628.99
565.69
590.51
524.96
175.92
689.8
1.35
165.56
365.95
334.11
328.96
475.1
192.31
2.11
610.65
151.38
361.08
589.64
796.83
740.42
443.69
451.62
355.28
265.39
402.08
696.58
455.3
431.68
118.26
182.95
525.44
680.72
488
551.04
187.01
552.52
252.37
123.08
309.45
319.19
665.82
559.93
58.02
216.76
223.52
708.75
408.58
229.89
693.77
574.42
735.25
439.65
351.6
234.75
522.08
401.29
17.7
281.05
77.33
107.59
484.58
685.68
149.56
441.25
765.52
187.34
354.96
438.57
689.75
204.37
17.43
229.59
542.67
169.22
312.57
778.78
13.45
334.24
662.07
201.92
509.11
277.92
484.57
209.52
615.74
529.7
370.93
751.4
720.41
445.39
634.25
162.7
285.28
755.2
313.32
44.41
503.22
488.66
487.81
303.41
190.83
752.92
113.62
771.12
127.29
482.31
392.17
131.92
340.26
660.56
668.17
39.29
217.98
495.01
122.06
728.96
151.5
350.39
298.35
161.44
115.39
15.63
381.46
117.36
473.79
731.42
436.4
619.67
310.3
446.87
797.19
454.5
295.06
486.7
694.07
377.05
313.62
710.83
359.91
733.32
86.95
539.01
108.68
165.79
628.04
797.19
302.67
441.2
87.41
311.67
220.38
626.67
612.32
491.93
477.79
737.49
797.57
82.79
260.58
45.71
51.44
693.89
241.38
442.27
409.29
93.24
773.93
703.13
416.72
259.27
607.61
512.8
45.98
93.75
45.27
455.93
134.21
155.66
245.97
578.72
645.21
603.68
473.55
526.61
297.04
210.99
179.61
495.31
66.67
775.12
333.48
333.14
459.54
94.29
446.1
96.32
412.1
623.95
83.07
500.85
689.39
530.13
356.82
573.07
7.67
143.66
16.79
793.12
368.04
444.59
627.66
125.54
110.83
165.08
73.27
315.87
536.42
420.32
26.41
134.63
267.56
95.19
691.57
498.38
116.31
428.97
473.14
576.81
398.92
486.09
649.76
52.81
17.58
381.11
378.88
16.71
94.46
107.28
35.57
123.61
150.02
122.71
321.89
679.15
795.48
467.32
776.81
792.85
286.99
260.34
174.42
414.79
493.84
88.66
595.39
451
48.37
69.81
131.79
733.77
309.04
530.79
18.02
91.39
154.19
659.45
137.6
599.02
39.93
582.46
39.06
738.28
259.06
558.75
653.63
640.62
569.36
182.1
410.32
104.25
209.35
294.81
647.16
755.13
541.36
681.03
53.3
495.27
467.77
552.35
27.07
671.73
246.06
747.01
64.83
293.61
43.93
779.87
725.56
336.06
304.38
434.41
690.26
89.67
520.09
618.22
496.24
363.01
59.41
501.89
540.08
384.79
220.53
654.1
715.24
176.07
681.81
262.39
491.99
520.79
697.75
602.34
214.96
46.39
729.59
508.69
281.09
777.81
212.61
574.13
615.59
98.41
514.44
664.27
682.67
208.58
648.51
597.91
580.75
280.17
426.89
25.76
790.43
796.94
304.95
482.91
537.84
684.97
430.29
341.72
313.82
223
614.53
735.51
649.13
138.31
345.68
428.55
4.58
678.55
7.97
274.56
288.15
486.06
382.05
642.53
81.81
146.5
556.22
480.95
95.15
667.82
116.19
471.85
116.66
576.59
684.83
740.49
136.91
392.17
708.67
733.42
121.42
58.63
353.1
539.22
195.86
200.1
210.35
446.2
298.44
720.74
385.78
247.28
598.73
618.86
782.17
632.89
524.15
506.02
575.93
335.5
186.27
68.32
673.78
483.98
165.35
438.35
70.28
557.35
188.5
746.45
359.38
74.97
369.68
555
773.82
134.75
124.45
315.2
198.34
550.36
494.19
709.99
382.88
573.53
621.42
734.3
554.25
698.56
639.08
694.99
630.87
785.03
130.67
505.45
494.57
75.15
282.56
52.22
455.46
429.83
419.7
312.49
623.45
1.39
500.63
493.13
21.38
496.49
119.59
290.82
60
360.57
606.31
30.06
667.69
579.66
63.84
295.37
280.67
581.62
378.62
420.43
282.24
496
393.28
64.66
236.56
166.57
607.42
640.03
89.53
608.01
206.05
796.48
466.16
562.61
205.72
452.73
740.01
633.66
484.41
460.62
753.45
272.73
249.5
798.6
374.59
721.47
193.45
42.88
523.76
21.02
442.6
781.88
668.96
151.18
435.71
14.96
625.67
55.54
443.44
230.13
305.72
795.13
551.37
380.06
164.7
666.71
141.44
114.84
337.38
284.63
603.36
644.36
210.64
24.21
388.55
517.34
657.69
364.31
765.73
789.89
501.25
687.17
737.69
655.64
422.22
17.9
430.89
627.09
136.42
397.36
245.95
317.88
539.59
247.36
763.64
33.89
454.39
454.36
338.38
579.61
313.26
507.91
129.79
407.28
147.66
609.42
68.74
127.59
514.58
89.54
682.8
437.67
0.91
146.35
246.84
297.7
655.9
241.13
195.26
136.8
176.38
554.91
755.56
130.36
388.73
670.31
160.82
756.88
447.38
541.79
265.86
526.24
734.36
603.64
157.71
371.65
244.45
636.31
65.24
102.42
627.79
783.65
117.83
230.39
533.28
415.76
426.69
409.78
298.23
774.31
654.76
438.56
391.27
693.09
212.17
669.04
659.04
668.86
793.81
241.52
419.56
95.09
240.47
266.2
733.32
458.6
419.48
532.6
226.7
453.13
243.16
539.99
66.13
73.84
629.37
345.34
14.64
130.18
755.02
377.08
761.16
49.64
405.93
491.79
756.69
57.95
459.5
200.39
32.12
402.7
509.29
375.71
786.64
671.37
307
396.12
564.2
382.56
463.15
756.31
450
681.12
701.77
566.03
709.99
634.42
23.68
428.26
451.11
485.05
331.45
542.31
62.94
107.17
659.84
50.55
76.16
535.19
335.92
625.24
624.32
122.34
168.68
573.76
235.66
164.88
338.1
344.37
777.59
398.49
390.08
758.87
554.25
636.7
230.05
749.88
340.42
92.13
568.31
17.98
628.35
61.67
49.58
422.96
119.11
281.25
667.87
374.82
116.48
56.43
4.83
183.36
290.06
47.42
709.68
467.95
247.69
247.31
648.04
85.79
746.14
725.56
92.05
36.48
796.77
658.14
771.42
711.28
266.32
483.25
781.95
408.84
773.27
392.25
16.94
59.05
163.05
491.92
354.23
90.88
481.44
121.92
458.13
752.38
403.14
675.69
198.81
775.42
396.25
755.84
265.46
287.96
381.95
710.49
667.38
16.54
134.81
718.96
373.31
659.86
327.52
589.27
109.33
289.97
665.64
293.76
705.49
648.42
701.64
712.51
594.85
713.08
669.67
680.26
55.91
665.6
59.99
65.89
338.04
505.72
445.49
127.42
129.02
488.7
691.1
356.08
736.48
682.49
368.58
763.08
106.96
219.38
283.66
233.46
764.7
326.9
523.05
529.04
645.71
519
462.05
555.43
735.08
202.63
655.28
50.97
570.11
712.89
291.76
493.01
637.44
405.52
335
56.46
179.2
452.56
55.77
217.11
782.29
111.06
321.98
551.02
61.35
445.69
215.29
47.76
706.56
319.3
354.67
491.6
464.03
460.21
563.39
550.16
83.99
190.07
714.53
358.77
64.65
107.13
16.89
243.85
143.61
254.25
146.16
453.4
187.28
507.96
759.92
141.27
298.71
420.79
244.27
305.98
203.89
684.71
274.84
226.39
13.56
305.73
358.61
29.24
568.95
259.66
91.28
756.37
447.67
742.72
304.68
432.74
316.57
383.83
85.09
376.43
478.49
664.73
773.55
240.53
105
39.9
87.62
784.13
194.35
83.49
715.32
298.92
202.88
640.37
570.82
619.94
588.59
788.23
32.35
1.73
528.79
511.6
549.64
368.35
396.57
607.03
576.15
511.01
145.96
147.85
183.77
282.6
403.18
269.86
81.97
484.24
577.01
673.6
197
304.93
390.63
432.25
680.44
505.89
20.17
341
245.74
344.25
536.78
175.25
360.43
383.5
109.91
384.2
389.63
297.48
298.13
268.7
677.24
599.54
669.05
223.72
84.17
584.31
19.39
395.28
227.4
673.33
506.04
204.08
224.19
757.8
246.53
328.65
228.03
466.23
738.66
48.02
456.58
178.13
70.58
494.37
414.19
244.89
390.28
354.77
533.61
151.32
560.06
697.19
202.3
191.51
757.4
477.23
779
640.88
609.4
422.57
124.31
607.98
150.08
526.12
569.72
746.26
618.13
719.75
5.07
332
643.31
415.37
45.6
448.65
186.16
567.65
100.32
332.84
508.66
141.22
374.77
621.68
152.16
449.03
730.84
368.18
478.09
152.9
361.84
573.19
8.25
87.4
207.59
690.77
105.48
699.93
141.98
542.66
553.02
606.92
253.51
97.54
651.19
189.68
195.24
95.68
23.35
579.96
63.9
247.58
321.93
725.73
601.83
393.9
10.05
653.14
714.08
370.48
644.2
66.97
446.72
522.27
377.68
50.63
750.13
435.37
261.75
583.94
282.59
267.68
12.12
622.8
194.74
163.03
284.39
547.54
722.8
424.58
736.44
179.35
775.65
407.03
104.76
403.22
605.24
527.38
224.67
116.23
697.27
286.27
645.07
189.92
725.91
491.61
704.99
565.73
269.64
233.31
720.81
73.63
267.07
740.51
214.17
552
192.72
695.78
397.47
316.04
483.37
103.46
183.34
694.92
169.16
349.31
20.39
493.31
645.45
227.82
662.56
707.14
401
26.64
710.32
589.04
389.41
648.57
20.63
668.3
318.38
391.57
737.19
384.82
239.71
457.18
265.26
116.16
644.6
470.14
642.39
284.87
89.71
788.82
740.68
785.61
447.83
504.62
326.79
239.81
198.08
87.99
700.07
132.27
306.74
30.38
329.16
135.33
22.98
527.81
394.21
245.34
319.48
710.24
489.08
350.1
681.04
158.93
448.18
475.24
790.54
409.01
701.3
259.63
548.09
770.62
789.05
686.39
485.92
728.23
533.85
775.49
376.61
70.62
615.34
763.43
53.78
213.23
253.09
356.97
0.53
84.93
349.89
380.14
240.13
237.95
548.57
242.63
771.78
507.85
714.14
434.63
113.53
69.25
750.28
628.76
139.67
725.38
431.86
147.05
37.3
613.85
142.78
467.63
93.18
577.72
441.73
117.73
545.81
507.36
432.99
688.12
680.42
298.93
219.49
298.02
615.68
687.18
797.35
606.91
438.15
597.45
651.99
155.46
755.56
549.08
474.25
389.66
4.87
239.95
785.61
578.5
385.71
15.45
459.78
312.19
760.34
203.63
421.1
764.26
69.89
558.18
499.31
358.35
549.77
625.17
788.21
776.48
238.16
674.34
583.29
753.06
295.85
94.99
282.43
719.03
294.01
388.6
242.09
746.4
769.32
721.08
189.21
46.18
58.67
580.57
637.15
239.27
673.46
58.28
208.16
375.66
173.44
135.38
577.09
477.97
37.21
728.27
570.77
575.29
556.13
392.33
726.76
454.43
718.15
255.93
518.8
681.63
552.23
130.75
597.71
620.95
157.48
28.4
582.09
220.43
638.57
162.31
48.54
467.54
759.11
435.42
478.44
604.37
513.28
199.81
555.29
379.89
355.48
296.29
786.09
532.83
153.12
341.44
626.83
707
345.54
373.69
38.66
270.67
787.48
300.3
181.41
280.23
588.42
712.51
288.06
149.9
236.94
417.31
775.29
599.34
215.15
268.84
416.94
56.27
196.67
104.71
260.04
270.59
338.44
763.08
666.28
32.8
445.07
170.69
110.36
791.97
197.78
478.28
161.08
204.23
447.22
226.61
13.4
426.37
693.4
504.16
518.14
273.02
412.1
106.41
611.07
150.96
428.11
391.66
694.85
658.79
644.36
605.46
352.52
233.78
226.18
755.74
755.36
389.37
170.47
581.27
530.05
516.11
787.55
535.63
595.72
87.03
694.91
659.34
552.97
178.56
694.51
737.83
654.46
746.5
163.73
726.99
272.22
708.53
668.91
758.69
524.54
720.65
681.33
662.9
433.09
219.39
628.47
72.46
62.81
348.28
163.1
740.45
199.68
510.26
220.03
80.2
663.05
754.66
106.81
56.59
21.7
141.22
204.1
290.43
474.33
714.51
503.03
177.21
622.65
115.14
160.34
610.82
569.4
330.66
339.2
555.04
140.39
104.51
74.14
343.37
675.81
98.06
637.57
518.86
541.65
62.17
454.06
441.57
53.38
489.89
793.1
767.74
111.61
589.73
13
574.31
735.76
112.54
479.88
553.52
293.28
64.16
710.91
466.63
648.73
415.6
606.59
571.14
370.83
459.92
623.18
419.88
460.84
52.1
261.51
341.78
432.15
754.22
558.62
364.45
140.83
382.31
340.38
769.37
274.94
720.76
47.81
73.61
389.26
784.97
709.32
604.36
624.74
112.84
716.99
599.42
789.97
414.17
303.03
160.67
18.01
793.27
54.08
683.12
473.16
124.29
222.79
406.1
253.5
657.93
652.81
16.77
698.31
154.7
522.31
580.14
414.48
750.96
37.6
556.61
337.09
261.8
787.57
703.28
88.49
386.91
700.6
207.53
356.21
178.73
673.8
346.38
743.74
490.35
691.7
43.08
716.55
597.09
633.8
62.82
446.01
289.99
550.26
643.2
51.99
165.04
463.57
465.57
209.29
468.57
586.23
384.23
338.29
304.13
457.87
628
789.16
257.16
72.35
533.39
210.62
367.47
730.02
8.71
798.13
644.84
433.03
127.92
648.06
191.84
435.11
308.75
772.27
61.23
719.09
191.16
504.03
744.15
269.81
17.36
43.15
419.2
54.08
326.02
152.01
211.2
373.95
501.89
484.4
205.74
292.04
105.02
484.7
704.46
623.89
573.1
689.15
684.78
475.84
294.82
736.38
757.53
143.18
393.48
602.37
586.66
686.77
715.22
732.46
548.69
313.82
667.05
44.78
311.88
785.32
304.43
754.66
354.16
372.8
276.33
519.6
129.16
326.99
774.08
268.47
518.51
129.78
578.86
89.06
544
88.72
2.62
306.03
558.27
749.46
632.41
590.25
312.59
684.66
131.08
22.2
253.63
367.98
625.77
554.92
671.94
248.79
329.33
569.44
733.01
346.15
779.81
705.24
564
141.74
767.72
711.74
299.71
19.96
278.43
673.13
428.43
165.68
32.39
799.94
64.46
602.46
750.53
733.99
594.94
19.3
77.64
485.15
494.74
122.65
641.58
229.74
514.52
387.93
254.64
607.2
260.83
574.72
71.74
647.01
485.63
526.79
119.9
254.45
590.6
509.86
514.68
0.44
612.08
439.81
157.52
43.24
585.93
380.83
569.47
779.11
389.57
615.11
465.35
178.31
770.63
450.64
762.88
120.22
222.47
229.11
711.1
771.39
555.56
726.5
45.72
384.18
13.2
268.36
566.53
714.69
216.84
483.42
167.31
687.93
585.97
603.93
648.81
548.39
569.36
488.71
569.01
287.56
330.15
185.89
649.63
380.42
203.69
271.98
547.22
337.52
726.24
47.43
420.5
111.74
676.08
320.32
663.39
8.33
36.18
239.72
767.5
632.51
14.59
418.49
614.68
127.31
510.58
11.48
209.48
395.19
757.68
199.73
30.24
590.93
101.25
799.16
446.88
430.67
30.67
142.98
786.58
416.25
305.75
407.11
580.45
597.83
200.55
793.8
418.03
176.36
765.66
333.55
342.63
526.09
262.61
429.58
22.35
222.83
729.02
306.89
674.23
299.17
578.08
331.14
30.43
210.44
560.94
450.22
767.35
396.51
505.27
630.38
584.75
513.25
541.41
439.36
47.96
474.94
140.33
483.73
298.76
89.63
297.03
652.64
178.82
37.72
247.58
495.16
229.94
472.14
185.34
705.45
331.6
228.89
231.39
393.37
797.14
694.99
158.19
351.15
447.58
513.33
96.54
312.73
186.56
72.95
257.01
106.45
413.54
755.15
152.9
23.19
777.03
795.59
416.72
571.27
201.12
514.64
65.3
457.91
571.73
599.41
75.53
510.84
121.21
515.55
303.3
636.29
663.07
649.6
671.2
187.5
571.76
73.02
22.95
477.88
799.88
551.69
300.83
604.48
327.07
718.82
424.08
213.77
795.95
729
201.56
710.91
119.6
767.99
435.9
666.55
603.67
66.62
635.95
506.22
217.92
163.53
225.44
742.12
167.71
250.08
243.94
232.15
105.06
352.39
126.2
5.92
799.34
63.86
464.09
538.41
20.71
730.41
706.29
586.24
216.73
219.62
315.48
46.8
22.9
109.29
223.45
790.19
481.17
180.79
143.42
559.98
290.94
141.13
575.85
492.66
767.88
470.14
458.53
279.85
629.24
390.33
487.17
385.75
341.1
750.88
465.01
504.5
537.8
116.14
194.47
71.15
675.59
313.91
330.18
276.94
393.27
746.06
103.25
263.74
229.8
592.45
79.57
68.98
726.55
743.2
638.95
770.17
365.24
458.15
361.1
735.26
560.98
757.37
338.92
608.72
248.31
446.91
717.01
713.22
662.16
605.58
97.85
294.39
524.98
579.54
473.07
570.79
254.58
629.93
49.51
795.44
384.19
107.02
131.62
763.47
72.47
484.35
170.35
377.48
247.86
498.67
309.6
469.37
601.5
395.88
186.08
500.6
72.62
556.13
181.2
67.6
152.79
205.35
39.66
529.67
248.66
554.56
642.48
344.51
536.11
182.48
314.72
727.53
608.95
263.77
237.41
541.28
332.18
684.05
460.68
493.64
751.57
175.18
568.49
268.65
421.53
299.21
334.34
387.9
756.42
65.44
171.44
154.27
147.16
248.29
139.22
288.04
130.21
355.31
128.47
87.76
61.22
103.49
111.47
798.06
184.54
32.31
677.63
361.32
554.53
134.9
422.19
411.84
678.16
677.96
174.67
189.16
283.13
323.09
393.58
560.23
420.17
711.85
428.29
58.33
373.38
95.97
492.37
703.55
203.08
533.83
755.8
374.11
514.59
781.62
61.62
174.57
783.52
481.85
373.68
43.25
777.97
136.97
61.02
167.55
598.17
537.63
109.84
55.46
663.61
219.66
155.67
571.71
631.85
490.61
555.83
431.13
578.93
144.65
145.34
503.24
653.85
257.88
148.86
427.72
627.75
625.04
630.64
63.77
493.93
471.13
10.96
773
566.56
544.83
316.54
752.37
55.1
89.05
208.41
776.91
71.23
362.6
427.53
226
494.6
463.46
596.37
696.66
35.48
588.08
393.25
678.39
579.31
476.71
223.4
793.15
669.3
114.87
433.19
388.3
34.22
640.75
623.83
311.85
525.54
622.21
312.3
449.95
227.56
658.88
360.35
620.08
247.33
85.05
268.29
81.33
456.08
301.78
55.78
201.42
764.86
759.32
32.99
6.16
709.89
137.15
658.63
266.88
737.09
664.14
3.53
759.1
711.26
691.88
377.83
345.83
58.53
177.96
415.82
767.08
113.47
209.09
760.94
335.39
121.86
714.99
194.84
778.15
569.85
237.91
678.57
491.6
639.66
84.01
794.56
383.29
544.41
482.68
704.43
722.65
91.11
2.84
708.31
379.74
505.64
67.42
52.22
678.58
60.55
664.69
525.95
407.22
159.17
324.43
257.6
390.37
439.63
618.99
608.76
242.45
209.19
201.56
710.78
7.43
721.32
593.58
442.67
645.76
60.68
552.87
559.06
547.86
79.15
585.83
107.9
670
57.04
763.33
254.84
757.62
118.07
41.44
550.02
458.36
436.74
9.96
320.36
492.36
242.42
552.07
618.08
709.73
436.68
366.08
407.5
525.65
8.9
515.87
61.77
348.78
707.03
772.89
121.23
320
770.21
139.25
375.74
767.93
291.79
464.47
455.95
455.87
28.49
772.84
161.16
394.31
503.01
647.11
406.8
411.13
101.64
704.05
155.59
791.95
243.7
238.31
530.26
766.75
496.28
264.56
46.4
83.87
23.49
146.28
353.3
232.85
796.79
260.63
73.57
491.59
97.8
491.52
108.24
568.07
60.88
393.66
428.01
780.47
776.2
243.12
470.46
210.83
477.79
125.19
387.74
185.93
423.16
32.9
705.66
597.11
698.77
278.32
540.33
569.17
129.16
373.58
406.34
664.99
456.4
67.03
101.04
447.51
693.21
155.42
339.81
589.83
560.38
502.9
270.35
83.16
663.39
664.79
371.46
399.81
85.46
342.69
352.81
5.34
358.19
64.35
242.3
730.16
766.84
479.54
84.79
584.15
83.11
736.48
98.62
520.06
210.58
715.69
110.26
368.27
717.06
13.82
239.6
512.27
46.67
4.08
537.65
197.21
750.85
432.01
510.09
787.75
664.5
745.47
461.65
388.53
605.49
676.38
424.92
685.55
190.54
584.88
597.01
666.97
700.23
745.77
253.26
245.96
310.01
575.47
287.17
639.55
493.46
487.97
259.53
697.26
675.34
438.97
51.75
660.95
191.67
188.83
52.09
197.47
480.92
298.76
365.76
775.87
553.71
755.48
13.31
441.57
422.49
267.61
776.44
282.34
188.13
19.9
24.18
14.52
456.17
107.95
404.1
578.78
509.57
130.98
452.71
20.31
548.5
462.23
673.32
376.1
420.48
72.55
308.78
538.19
151.64
369.88
764.32
98.82
556.63
193.78
421.66
419.89
452.55
296.02
349.91
454.04
275.52
216.3
390.91
145.75
341.11
163.54
699.28
340.58
623.3
616.6
154.3
608.87
735.85
176.06
463.65
677.17
130.74
482.97
25.1
787.32
290.9
526.53
798.26
74.38
151.67
697.81
198.96
206.22
524.47
616.18
505.24
784.8
560.96
174.9
457.32
390.26
208.71
793.38
542.01
354.58
113.49
91.98
458.1
620.59
543.21
71.4
757.36
624.05
460.46
153.22
177.3
513.99
179.16
413.59
273.34
706.75
663.77
148.7
270.6
61.98
525.45
38.54
441.27
195.84
335.6
692.98
531.33
167.12
785.59
350.14
28.88
715.87
483.18
697.49
52.36
108.32
183.26
112.51
733.74
473.37
701.9
391.32
672.14
716.89
750.14
485.17
240.13
752.72
14.1
118.3
637.58
581.8
629.25
65.58
641.65
601.25
123.92
295.73
284.02
481.77
49.28
246.75
564.78
209.79
62.19
243.74
652.93
323.42
523.91
359.12
596.28
784.5
350.62
646.79
43.83
677.17
758.53
471.03
121.09
412.06
687.22
539.25
404.04
721.56
67.91
748.49
255.28
796.17
685.07
701.47
92.87
611.67
700.05
683.35
523.77
389.4
252.73
434.88
465
492.51
790.24
333.86
345.25
230.88
477.39
684.8
329.88
622.83
657.21
216.67
767.76
383.48
374.62
546.73
515.73
323.63
670.13
230.35
744.9
170.25
695.58
181.16
661.04
533.77
262.74
380.22
674.96
546.97
797.3
687.33
258.37
462.68
668.31
473.91
779.73
358.34
44.01
234.27
387.9
422.33
218.81
104.73
146.59
696.73
87.2
717.91
35.62
671.8
382.32
99.86
797.87
71.89
253.76
466.13
790.66
452.68
101.69
750.94
310.62
690.52
395.83
240.77
679.53
608.07
535.4
186.92
302.28
662.83
223.07
320.33
743.13
637.33
120.91
362.2
663.11
608.62
685.27
522.99
620.34
154.33
407.34
484.63
450.53
404.86
791.78
306.75
130.13
130.59
101.37
251.39
387.22
22.73
338.01
758.07
704.04
213.03
565.2
522.55
239.06
555.43
22.32
57.26
66.51
218.35
733.16
311.43
210.68
138.82
29.94
169.71
469.1
214.35
168.78
614.41
605.75
3.38
292.37
742.06
168.74
140.95
210.48
682.74
553.65
735.74
74.2
780.04
22.06
602.22
559.68
353.77
604.37
79.16
570.09
67.22
287.12
92.16
430.51
428.43
105.95
653.95
117.89
305.28
725.62
521.67
728.51
764.9
70.2
623.53
659.09
270.45
3.69
389.32
182.41
708.13
615.06
449.09
286.19
38.99
273.63
90.8
32.13
129.05
673.73
110.3
511.74
346.07
525.02
152.08
79.11
349.91
432.62
607.91
31.82
514.42
328.01
450.09
125.98
492.13
353.82
577.44
160.37
115.05
418.58
638.95
191.14
175.48
600.29
752.75
794.62
60.88
731.37
687.8
500.42
32.59
541.08
9.36
356.29
320.31
220.72
384.08
92.04
728.66
395.02
108.44
398.94
485.2
613.35
388.65
726.68
510.15
446.62
184.88
45.28
504.31
643.33
747.07
580.9
585.47
696.19
773
746.54
282.87
593.57
315.28
337.87
382.69
563.35
635.49
658.85
675.15
679.47
498.1
733.57
658.31
274.06
615.38
79.99
583.64
504.73
701.26
285.82
557.59
445.1
152.62
627.15
186.87
383.51
720.69
28.42
484.91
730.3
480.19
193.36
602.9
683.34
454.06
321.79
336.12
376.88
620.7
798.14
666.01
763.21
184.37
472.54
429.57
720.04
575.6
132.36
698.11
346.15
329.19
524.95
448.23
273.28
699.19
507.11
13.61
302.15
131.73
306.66
149.99
700.6
214.66
777.33
718.8
790.92
499.74
579.17
489.02
143.55
86.9
578.98
426.87
462.33
722.84
683.91
257.56
529.66
565.16
304.46
95.45
169.86
609.68
413.69
136.71
202.1
29.61
234.98
204.55
588.74
779.8
552.6
687.51
293.56
161.18
22.67
179.1
787.74
9.05
194.8
208.04
133.09
277.11
202.22
24.85
666.29
406.36
443.75
705.73
187.94
608.8
260.38
557.6
499.04
243.43
727.59
23.49
515.91
765.47
626.68
784.32
109.38
463.94
791.13
56.6
659.89
621.04
162.4
493.92
655.07
251.41
494.38
679.97
782.59
526.39
594.94
277.34
473.75
796.88
545.55
429.12
204.9
698.57
617.74
734.52
75.16
584.56
258.19
592.98
585.43
238.95
93.39
330.72
687.03
145.59
624.2
553.25
600.99
466.31
367
419.2
619.41
783.69
97.07
754.22
435.05
225.75
767.48
258.25
81.82
249.24
314.73
344.66
624.17
594.29
577.26
635.72
292.5
624.14
582.34
781.53
737.42
381.17
499.67
585.31
186.19
67.18
221.2
102.44
170.15
599.78
235.34
603.8
201.21
166.23
656.9
294.99
593.82
442.43
40.5
782.35
624.51
454.76
439.37
434.97
227.5
26.98
583.25
128.87
490.08
753
501.22
33.61
37.61
667.04
133.56
759.13
154.55
53.29
214.1
272.99
223.24
664.79
67.02
2.86
367.08
553.96
515.15
118.5
635.72
559.72
712.54
645.14
295.3
152.27
203.53
528.42
716.79
519.36
238.03
729.11
38.9
499.95
492.58
453.41
245.18
378.67
667.32
634
434.11
415.06
67.31
540.01
718.59
593.29
197.16
319.79
202.9
687.02
778.26
376.38
667.27
457.79
596.03
120.69
474.7
280.25
673.8
364.58
286.86
154.01
423.41
387.73
369.75
442.46
240.94
437.6
199.63
671.84
608.26
581.96
158.65
141.88
722.08
258.27
32.51
358.13
182.53
739.32
120.27
773.75
79.2
582.11
157
742.29
487.24
307.39
36.84
474.32
205.43
113.87
405.37
414.74
431.08
256.69
83.13
351.23
289.02
269.32
531
501.9
731.39
436.94
554.8
383.37
384.22
665.15
58.73
333.05
151.39
268.85
476.22
683.48
568.59
289.74
670.24
607.69
503.89
519.2
778.35
384.22
302.32
612.51
191.62
791.01
645.2
571.97
732.36
67.08
319.35
145.22
220.4
72.52
491.19
276.9
517.56
716.81
343.84
320.42
44.52
264.72
162.75
383.7
39.08
209.87
541.48
279
270.25
45.02
76.63
146.24
24.58
109.53
737.51
148.8
739.7
487.72
718.82
38.54
41.27
331.23
377.45
262.42
578.77
485.51
170.72
17.31
222.7
568.21
43.5
518.47
212.17
93.85
274.07
210.93
705.9
664.78
389.15
394.36
175.8
231.47
466.71
562.6
779.34
141.25
212.13
560.22
94.64
244.43
533.56
229.85
330.46
542.1
397.95
586.43
557.07
727.5
86.59
134.42
262.51
679.27
569.82
615.38
166.6
36.12
333.64
289.28
149.5
744.5
773.56
470.51
317.87
347.77
113.75
383.33
343.03
564.73
798.36
124.88
722.73
625.51
183.71
412.32
406.99
458.16
479.08
626.69
440.22
75.19
398.94
110.97
771.43
214.11
82.76
485.13
366.5
19.23
776.82
511.73
535.38
351.24
333.51
707.41
394.68
362.17
754.11
494.25
493.83
739.67
451.44
394.59
186.84
210.54
39.3
597.91
400.27
231.49
350.69
121.42
121.18
143.74
571.2
474.98
650.46
690.19
399.41
771.22
355.79
399.41
799.66
335.02
734.77
220.87
785.8
356.26
299.95
435.94
225.33
750.75
662.31
32.57
493.3
754.67
228.43
670.08
736.42
242.31
333.35
127.46
565.64
417.51
630.82
198.73
262.3
170.58
153.21
131.86
749.29
798.45
537.77
433.49
285.32
548.71
316.31
582.1
510.23
674.06
544.94
436.96
67.41
102.74
488.19
565.78
358.65
161.91
295.4
107.5
280.78
143.1
470.49
792.56
414.95
648.33
588.02
737.14
365.8
542.69
116.37
591.24
348.3
620.39
664.55
673.13
719.85
13.85
400.63
210.39
324.17
622.93
702.11
73.87
176.22
756.04
160.15
656.34
63.37
717.28
389.96
758.99
211.04
192.57
360.46
454.28
49.44
603.9
714.3
13.06
794.77
799.43
343.21
424.65
529.25
25.8
730.93
499.51
540.72
588.02
356.34
673.3
384.07
98.88
433.94
417.56
651.05
658.44
550.75
663.67
492.55
361.48
756.96
119.19
195.83
273.08
586.82
54.72
361.28
289.1
18.55
499.73
542.27
361.64
718.06
246.92
498.49
735.31
213.69
514.17
418.5
601.19
688.19
753.58
15.38
285.12
208.2
557.43
661.95
345.35
746.69
17.38
500.64
438.73
12.05
679.39
767.81
16.58
434.96
179.01
705.43
446.06
520.84
250.04
611.64
582.42
172.67
61.36
263.66
674.15
375.6
665.47
184.09
552.28
91.42
188.52
124.93
717.74
513.9
276.3
471.82
24.05
714.63
437.34
156.45
475.05
626.57
465.24
677.65
689.66
582.48
569.79
761.83
185.94
409.64
774.47
496.6
401.28
690.33
372.1
538.3
205.87
580.64
654.98
0.36
455.24
25.39
251.45
547.53
695.76
103.96
547.23
679.47
226.33
305.9
5.64
526.02
113.94
391.17
719.47
391.42
583.15
306.51
748.56
437.14
644.88
799.35
680.32
733.38
32.9
464.19
678.54
712.79
191.44
754.88
382.58
408.95
291.6
382.09
685.71
70.97
186.85
116.08
221.59
707.57
447.84
263.02
8.6
627.19
328.56
528.62
377.94
169.49
44.54
42.36
230.24
295.75
763.93
192.57
33.58
189.27
514.99
371.58
168.01
277.63
482.1
598.68
646.49
443.42
675.24
739.74
454.91
487.51
596.83
52.24
54.14
763.52
640.85
598.11
260.83
144.9
560.4
20.81
339.02
648.52
335.83
777.42
359.5
602.36
589.92
389.68
547.78
339.84
700.46
326.02
712.65
385.12
556.25
375.98
602.62
132.06
771.55
627.56
632.09
740.77
30.1
233.18
336.16
434.17
599.63
737.4
457.04
454.52
28
739.67
176.22
595.26
217.29
625.44
407.55
688.61
324.16
787.63
794.53
241.03
429.58
354.2
496.16
312.95
561.19
140.95
417.38
134.53
73.5
501.79
679.24
133.47
309.15
189.63
291.82
359.33
223.24
785.12
431.27
614.21
626
87.92
676.66
192.41
461.61
486.41
60.01
708.74
403.53
552.66
86.88
289.93
173.14
364.89
412.83
288.68
554.98
194.32
324.2
216.96
462.22
309.07
422.74
160.01
597.74
575.17
777.26
180.03
758.76
694.36
611.93
799.81
105.42
397.3
580.62
291.39
727.15
779.63
88.18
684.71
93.3
423.46
458.98
417.12
166.14
548.51
598.24
508.56
57.31
623.51
702.53
242.12
585.3
462.13
281.28
227.73
127.64
328.48
626.38
508.49
649.86
157.04
770.39
587.56
136.65
363.48
230.16
0.16
790.96
651.27
327.95
442.69
744.54
134.48
338.79
59.21
526.71
210.02
677.34
271.21
633.19
619.67
242.3
590.92
138.08
38.68
596.2
650.88
48.73
653.21
426.88
287.74
477.85
404.99
122.4
777.5
64.39
251.25
175.5
411.37
455.14
425.69
286.24
98.37
167.9
565.15
536.03
547.78
101.21
20.89
444.32
533.43
158.26
564.6
488.54
58.75
689.51
675.56
88.87
17.61
524.79
410.52
199.2
133.55
220.22
253.92
503.06
131.83
588.04
591.91
720.98
232.69
761.59
328.53
20.24
322.8
511.76
447.16
665.93
363.8
365.63
40.93
675.73
597.5
11.49
132.33
573.31
556.63
124.96
188.28
220.12
569.05
719.87
75.69
250.68
769.41
250.51
623.45
460.69
441.01
18.25
19.16
48.36
511.31
247.99
730.94
595.17
447.85
184.04
157.61
664.85
473.94
538.28
146.71
390.7
717.68
297.09
217.42
12.49
471.14
252.7
495.95
186.99
457.21
192.3
593.57
379.88
254.87
435.48
604.75
385.39
308.81
437.8
354.48
424.81
718.92
781.21
477.21
24.3
735.72
668.74
728.76
754.68
160.7
490
714.45
317.59
336.56
570.43
376.65
225.02
436.73
298.57
465.05
105.22
633.65
320.46
38.79
734.28
628.97
404.51
349.05
708.01
759.55
674.12
25.35
286.44
143.92
579.02
418.96
631.7
539.56
788.68
18.69
86.79
745.52
483.92
269.88
723.99
71.62
3.74
536.8
66.77
177.72
151.96
12.78
146.23
193.63
568.7
600.44
246.11
7.86
37.68
753.98
764.74
207.34
632.06
490.1
292.52
622.91
305.99
171.71
307.7
320.21
392.96
379.04
460.34
248.68
407.12
705.23
739.61
342.37
449.08
636.46
291.62
81.63
35.27
666.03
660.01
156.56
184.22
610.4
668.31
611.73
398.6
738.99
56.28
421.52
782.7
491.82
86.27
605.23
12.7
696.31
174.44
683.97
441.16
323.35
485.26
206.92
489.55
580.1
340.91
36.84
536.01
466.13
178.73
560.12
697.95
735.99
262.21
195.44
404.55
198.56
760.23
2.63
761.32
168.79
705.45
562.64
713.11
588.79
715.51
280.4
84.03
709.24
37.48
747.6
28.17
648.5
704.18
706.46
76.47
260.67
622.55
515.05
297.11
20.86
750.64
60.02
630.32
554.73
123.6
571.48
262.71
371.66
48.86
610.4
595.18
620.02
109.99
307.06
63.12
464.83
627.04
554.48
766.7
6.47
9.1
555.25
147.86
576.8
686.82
409.71
416.86
618.33
295.75
510.82
156.28
10.58
290.28
571.78
768.43
674.87
388.73
623.7
90.1
521.22
570.37
741.86
655.14
239.12
73.6
750.46
773.86
405.59
430.77
463.92
283.72
646.52
375.7
74.46
205.03
111.37
37.8
109.65
498.45
372.48
582.51
112.5
376.1
143.24
402.35
248.93
258.59
615
443.56
356.87
470.37
782.65
286.7
679.85
12.39
525.81
602.26
441.96
551.86
308.93
452.54
516.66
688.41
752.01
515.86
36.97
484.35
77.07
553.71
5.52
322.93
360.22
671.2
433.48
630.12
12.54
108.52
521.47
615.19
168.32
246.92
143.95
499.65
96.68
488.63
0.67
131.45
352.06
76.03
642.6
227.87
420.07
361.06
68.56
274.42
111.81
736.21
409.79
698.86
798.76
345.15
378.23
433.36
52.67
385.21
309.83
150.64
320.13
248.82
604.27
68.29
254.44
656.64
582.89
92.41
364.76
187.67
695.08
669.65
436.71
282.03
624.23
620.65
6.78
294.75
332.23
112.04
540.7
91.61
261.07
657.15
341.9
52.37
83.15
340.89
247.74
400.2
288.83
496.66
722.11
454.93
618.62
395.62
511.39
604.51
498.57
305.58
366.97
591.31
239.72
732.27
648.49
382.15
418.48
526.52
564.11
247.8
158.7
284.2
264.69
556.05
783.34
289.45
125.85
729.94
193.52
438.47
357.5
422.28
54
172.38
568.46
150.84
653.31
773.56
202.47
364.84
262.77
488.16
72.98
598.25
238.16
754.43
419.84
312.83
94.37
259.71
653.01
208.77
395.77
417.18
39.87
791.6
215.23
236.96
373.62
606.51
317.45
202.95
580.83
659.36
787.12
354.33
306.37
165.22
312.98
753.48
596.8
415.39
650.78
256.86
734.81
638.71
595.94
719.81
80.39
700.5
607.96
663.53
481
505.99
441.32
563.09
200.19
748.93
165.22
276.56
218.98
710.05
432.47
448.49
767.33
95.96
289.23
515.14
740.95
278.36
419.29
353.66
370.71
175.96
180.25
186.68
347.35
58.88
765.08
301.16
248.67
143.99
29.88
16.22
455.99
686.79
96.01
707.74
340.5
598.92
302.3
189.03
237.82
566.03
529.69
191.73
605.8
720.57
541.24
783.73
792.98
763.43
167.26
197.08
602.1
115.21
655.21
325.39
100.82
136.3
476.62
444.02
268.51
89.5
710.4
234.38
543.61
452.45
261.73
514.2
642.57
471.38
528.11
429.25
535.46
138.31
555.8
87.22
458.18
702.83
585.92
25.59
253.7
705.71
695.47
119.08
580.27
740.91
382.18
1.25
618.16
619.18
340.54
189.55
421.87
469.66
698.55
389.35
100.41
320.73
697.49
354.94
775.01
383.39
24.47
753.81
154.93
148.58
198.71
619.79
408.71
350.9
368.33
447.92
139.91
655.37
479.61
141.55
416.89
96.19
126.02
357.53
129.39
353.75
205.99
247.12
724.88
29.37
134.4
788.53
420.08
407.81
131.96
8.06
37.95
786.22
395.43
530.52
572.53
274.77
292.57
192.28
243.12
133.9
428.77
150.54
366.56
1.45
659.07
181.84
115.96
776.29
568.24
689.43
375.92
720.11
183.89
286.55
248.6
530.26
563.13
420.71
598.77
640.32
537.97
48.79
152.09
34.01
527.83
519.93
480.19
328.66
577.22
8.88
550.49
676.08
31.4
793.58
23.14
664.16
282.89
478.19
63.73
760.02
86.47
375.03
75.81
788.95
771.43
398.31
740.68
222.01
314.53
476.46
573.6
6.3
26.23
662.65
84.83
124.31
18.4
688.27
387.15
87.5
730.68
370.24
74.66
481.31
311.86
7.5
12.99
507.5
313.53
735.75
680.3
154.41
336.23
586.08
638.31
510.38
70.27
760.13
144.76
368.93
38.34
308.35
611.5
424.06
269.28
623.68
488.38
661.56
685.55
568.68
590.9
423.11
206.39
665.84
543.37
731.59
448.63
370.97
414.92
666.64
134.61
686.05
610.53
539.11
403.57
181.59
676.1
222.29
218.75
237.23
298.93
31.81
98.64
790.34
583.07
610.75
450.22
790.59
481.75
235.01
560.82
331.36
425.22
87.07
366.47
240.96
693.02
37.17
75.63
227.25
337.47
770.24
350.28
681.4
494.9
407.46
646.11
581.66
177.1
409.41
324.95
246.81
131.44
28.02
644.87
666.46
382.42
73.99
153.95
686.89
783.05
151.04
170.58
88.06
254.43
630.49
125.55
370.91
769.7
83.61
575.2
35.88
381.3
637.1
15.79
664.32
514.46
565.77
339.99
190.91
79.96
190.66
202.61
743.74
543.34
361.98
527.26
501.68
698.08
663.98
487.56
259.33
608.67
652.3
257.9
119.98
333.65
250.45
300.21
579.72
554.43
342.73
602.99
380.49
387.61
641.14
437.3
322.89
274.53
580.72
39.79
300.98
515.14
303.12
376.46
21.75
516.39
778.54
341.73
519.71
126.74
102.67
631.53
774.46
362.72
525.29
545.64
30.98
631.68
274.98
148.71
274.32
29.6
416.39
347.31
26.49
755.04
260.33
728.91
98.19
785.9
504.67
556.62
4.23
291.69
524.02
529.6
779.06
779.5
757.52
375.52
147.25
263.84
612.8
470.16
285.28
357.6
296.75
635.73
302.56
104.74
587.83
494.12
715.93
600.15
314.01
306.77
92.95
314.25
589.04
784.38
81.81
255.34
241.57
290.69
201.12
345.09
132.24
443.92
615.48
555.48
49.19
186.34
412.93
634.98
279.24
166.51
333.82
707.01
185.9
768.48
491.4
0.16
235.28
639.02
695.56
326.89
322.94
323.07
17.47
621.41
260.38
158.99
612.15
10.76
13.59
157.23
431.88
82.32
714.06
329.38
122.63
236.77
494.27
524.02
357.46
604.59
129.36
180.32
491.94
747.28
148.49
11.22
651.3
224.21
791.55
243.65
405.93
475.88
118.09
418.66
552.87
245.11
79.73
774.14
207.58
790.31
255.06
344.31
639.78
793.08
440.95
85.14
151.01
750.4
417.09
123.14
438.8
738.09
467.61
567.95
737.64
308.37
71.12
277.77
507.27
409.58
250
89.71
438.73
346.13
44.94
172.1
434.56
514.31
608.23
675.8
749.46
444.09
205.52
628.98
370.9
511.42
124.14
249.89
404.64
76.4
793.89
392.04
267.01
591.95
579.23
714.45
494.73
271.36
580.52
752.47
763.42
420.69
578.69
208.61
769.14
62.72
220.64
708.4
621.28
20.5
19.32
183.43
699.29
522.33
738.51
515.96
126.39
66.37
50.24
277.32
29.32
484.19
270.06
595.8
328.03
248.86
766.17
222.5
262.75
462.65
168.14
636.59
414.19
406.35
694.26
651.6
496.68
408.98
661.01
320.33
196.71
13.18
516.21
41.3
301
743.39
215.68
790.31
318.26
750.2
456.81
749.63
755.2
106.62
349.33
641.05
115.11
273.81
430.19
624.85
389.83
631.55
396.6
779.06
488.47
510.42
498.91
540.24
188.41
765.95
516.94
326.75
504.12
729.07
336.16
739.52
147.74
557.96
420.4
211.76
657.19
731.43
613.4
483.71
201.17
391.3
565.79
379
476.8
714.2
143.42
750.11
505.73
696.4
512.89
786.33
23.01
583.69
547.38
560.28
681.48
502.04
67.61
239.89
177.57
461.57
285.25
641.08
461.89
145.39
781.48
365.19
167.92
233.16
489.8
82.66
142.74
284.75
579.97
212.08
569.61
484.21
72.74
398.59
118.81
281.29
313.98
762.96
723.62
107.35
189.58
310.51
423.73
340.49
368.64
511.53
765.27
156.78
22.33
763.22
38.13
782.2
43.85
272.68
216.77
370.02
279.48
160.74
384.01
415.14
299.61
213.54
573.96
775.46
550.25
630.68
251.01
537.34
42.55
798.6
403.85
716.87
370.21
422.28
450
477.67
500.33
76.12
161.28
311.69
676.96
144.9
604.22
255.24
518.14
92.87
340.06
179.42
768.23
196.55
58.25
253.43
367.97
160.06
212.67
324.66
721.52
597.03
327.12
424.62
443.14
381.35
295.17
700.52
637.4
264.29
593.99
673.98
161.87
613.2
716.82
363.78
441.99
74.38
234.69
283.09
394.8
404.27
286.59
507.67
304.77
279.96
243.12
539.78
167.73
753.83
330.37
753.71
137.56
240.21
502.44
207.38
324.38
561.18
16.31
722.73
225.49
336.7
31.02
194
459.12
420.07
231.45
256.7
703.03
335.1
711.8
583.2
390.39
616.98
220.66
383.95
154.5
669.89
531.57
419.85
56.23
51.79
321.47
759.98
597.76
325.26
430.79
737.17
263.21
432.95
406.96
551.85
388.14
611.06
623.47
694.97
239.33
506.7
545.37
52.69
440.47
14.69
329.45
76.81
735.62
5.82
668.58
115.76
415.55
198.14
401.08
546.55
275.22
585.82
130.93
308.89
583.66
201.37
793.33
362.29
132.76
682.24
85.25
763.93
236.96
347.35
299.29
63.14
410.85
673.48
358.69
134.51
469.34
462.07
89.82
243.71
141.17
678.56
790.26
572.01
521.98
30.5
674.12
150.04
37.42
244.54
94.37
578.73
141.96
614.08
306.3
776.98
528.56
541.51
629.04
561.54
281.22
587.61
669.29
763.51
345.28
59.94
552.67
772.97
295.34
438.48
564.62
422.86
779.33
385.79
127.37
236.39
538.87
551.5
329.98
543.91
63.83
127.26
531.84
220.1
160.03
285.98
146.55
219.89
575.5
410.26
57.42
705.05
95.28
641.86
604.35
365.72
370.21
555.29
626.28
754.86
528.82
529.28
459.22
725.07
787.85
198.85
198.41
553.96
152.15
630.32
73.71
752.86
799.72
348.99
735
286.94
361.41
563.36
381.27
517.24
625.14
446.35
491.66
772.46
621.41
189.33
641.71
115.81
483.11
777.95
260.26
209.65
9.84
81.9
369.41
219.92
512.75
553.11
477.53
145.02
273.68
775.1
178.33
442.24
597.67
574.84
667.85
398.83
537.33
249.26
265.78
425.04
104.74
36.16
585.97
423.26
84.94
465.67
434.27
55.6
715.28
308.4
497.39
101.44
432.25
316.14
404.32
502.06
771.74
259.03
530.81
750.01
198.54
196.8
161.27
598.09
527.37
742.75
54.52
790.71
249.71
0.98
159.34
432.4
14.02
145.99
49.4
386.58
396.94
407.89
358.99
410.97
192.45
639.94
162.71
428.59
425.64
264.91
467.38
783.04
282.44
649.76
133.11
460.69
605.83
463.24
256.86
650.18
418.2
550.75
792.3
325.26
156.37
12.52
250.74
3.58
428.42
168.54
268.39
266.82
541.48
253.02
35.92
125.47
190.24
675.06
555.52
765.79
348.7
151.73
294.12
600.32
762.7
500
142.57
265.19
652.36
453.01
163.86
126.61
728.34
326
534.93
582.86
454.17
418.14
432.44
729.27
96.05
612.34
377.54
72
59.66
570.94
46.64
268.06
51.98
686.57
593.36
278.82
471.14
677.76
738.42
584.23
72.02
664.13
220.04
118.75
453.42
118.53
730.84
182.6
140.53
785.97
28.76
33.35
617.99
282.11
92.26
658.23
455.83
533.21
639.8
234.17
747.64
96.76
28.95
268.41
7.53
765.3
452.62
79.56
331.87
788.35
149.81
766.3
634.84
335.67
789.89
330.44
313.28
449.62
425.58
244.77
530.07
578.89
176.27
24.83
347.9
729.53
697.11
122.59
741.93
376.24
16.61
676.94
421.98
32.29
236.24
745.54
570.88
484.1
231.72
500.04
374.07
93.39
413.52
149.42
602.04
11.43
615.45
222.44
790.43
179.16
314.81
754.11
531.54
650.39
72.1
509.48
276.3
20.06
568.03
163.55
512.02
756.94
390.52
652.8
719.04
194.67
408.56
617.44
393.08
36.33
140.48
58.16
595.87
662.71
151.73
113.89
398.09
106.96
254.62
742.48
457.5
789.79
344
70.97
437.91
168.8
278.52
518.23
411.97
720.96
226.42
700.78
385.3
410.79
484.67
762.47
278.06
272.09
572.16
555.57
604.76
267.71
277.59
565.03
291.39
143.67
509.42
628.78
423.03
380.89
649.56
446.04
269.14
756.51
398.33
51.16
261.9
617.61
63.26
380.32
407.09
28.66
774.29
255.12
647.62
535.14
298.98
102.63
461
612.25
109.58
256.12
764.95
671.34
14.27
272.56
247
610.31
600.04
547.19
704.18
124.47
498.84
724.62
500.09
288.94
786.8
183.98
40
741.41
599.12
756.29
217.08
650.4
143.13
525.95
347.52
294.43
725.43
422.14
563.84
464.61
782.5
70
258.01
520.17
375.29
569.64
171.8
168.79
712.86
41.86
710.51
618.46
494.56
488.72
21.08
276.4
32.15
683.12
310.02
426.7
143.2
566.76
540.62
762.76
335.13
452.39
114.56
413.49
292.5
755.18
456.29
385.62
247.36
642.54
326.63
256.15
243.15
624.12
283.89
738.21
257.33
122.51
136.54
87.51
746.31
464.28
673.82
279.91
550.3
678.37
778.46
420.83
53.03
260.97
785.82
300.28
403.04
329.83
279.41
209.71
618.59
249.25
541.98
674.23
588.54
146.28
617.33
712.77
641.01
261.75
175.03
95.05
14.9
514.39
116.07
52.42
524.24
529.25
49.83
185.99
279.55
683.11
279.49
298.42
352.34
286.67
219.78
273.53
139.4
182.03
597.04
634.84
160.67
270.24
641.53
252.94
575.77
545.95
101.47
711.87
208.5
219.55
263.5
330.36
431.89
69.22
740.09
550.37
488.66
138.17
552.72
482.66
636.73
491.89
470.3
715.86
63.24
365.21
448.26
711.71
334.17
464.52
106.73
738.42
175.17
621.52
530.04
325.03
314.46
521.12
573.67
231.82
423.25
409.44 /

COPY
	PERMX PERMY  /
	PERMX PERMZ  /
/
MULTIPLY
	PERMZ 0.01 /
/
