---------------------------------
-- Permability values for SPE9 --
---------------------------------

-- Permeability distribution visualized in figure 5 in Killough's paper
-- Killough says 'The input data included in the distribution to
-- the participants included a geostatistically generated 
-- permeability field'

-- The values below are taken from Killough's dataset, they are
-- not based on the figure in the paper.

-- Explanation to how the data in PERMX is organized:
-- Under each LAYER (i.e. K-value), 
-- there are 25 ROWS (i.e J-values) under which there are
-- 24 entries (i.e. I-values) 

PERMX
222.49
385.34
672.35
319.49
74.48
140.19
588.85
518.99
268.06
673.23
12.2
322.83
216.42
613.44
724.68
70.92
51.56
152.39
493.59
485.51
625.81
464.01
566.24
18.61
780.58
24.69
767.81
38.4
402.83
117.52
722.15
344.77
615.9
7.25
189.24
705.75
359.45
316.27
739.36
714.63
525.63
617.34
722.89
669.98
657.47
294.87
474.49
680.8
546.67
112.73
737.6
348.17
43.32
184.12
539.03
668.01
795.01
291.06
564.03
255.01
126.06
631.96
747.78
237.33
303.17
158.95
553.24
45.75
154.05
81.71
640.74
361.49
114.05
716.21
535.66
338.14
119.24
635.1
379.27
274.18
749.68
33.17
721.19
287.71
153.09
157
747.11
414.32
745.69
92.13
655.48
340.83
543.01
239.35
205.97
301.96
744.69
440.85
385.61
318.79
636.53
130.19
320.83
192.08
404.88
322.05
223.09
729.2
431.45
243.61
455.52
265.77
373.79
697.07
360.66
116.32
63.3
232.75
796.92
356.99
60.77
443.2
686.98
693.73
3.21
21.84
750.55
156.17
329.52
526.49
241.74
193.02
411.19
315.47
650.91
200.1
715.88
487.21
387.06
396.53
204.42
3.61
584.18
492.65
758.01
502.2
248.86
513.9
639
253.96
265.57
654.45
714.42
277.35
217.67
501.79
544.66
323.83
412.65
412.09
789.91
10.01
219.44
784.36
483.21
467.65
136.16
42.04
400.53
453.18
360.7
532.74
144.48
62.03
680.14
712.06
183.65
116.47
524.79
549.03
334.1
773.06
433.31
610.46
568.85
137.62
511.89
343.44
77.82
620.38
450.38
319.49
215.94
146.85
516.37
715.64
162.75
618.07
244.14
375.71
613.9
596.56
469.74
48.51
339.86
571.36
698.82
597
387.26
10.24
546.82
392.87
765.58
616.56
658.31
208.08
309.68
365.39
527.49
376.38
389.08
253.19
231.73
88.08
127.66
503.48
705.22
125.92
371.23
229.99
66.7
584.97
369.99
513.38
635.34
196.98
124.93
539.87
470.97
84.96
14.51
492.1
461.03
148.86
689.71
390.49
36.99
433.21
91.54
732.62
653.83
155.3
1.81
198.44
464.66
416.63
599.43
29.9
574.14
332.02
601.46
81.66
401.71
769.81
148.5
391.47
132.57
201.51
286.48
761.4
559.16
196.43
527.21
532.81
625.74
507.2
4.59
371.67
785.86
256.09
771.99
733.66
675.36
692.98
54.82
197.63
77.84
71.4
556.44
627.14
431.07
155.61
27.56
634.32
11.4
2.31
359.43
749.07
247.36
285.43
544.64
352.57
463.86
743.53
137.81
779.14
526.5
250.47
420.09
480.67
248.72
0.53
571.5
567.57
379.68
786.52
490.54
669.71
353.28
39.32
718.94
74.84
763.34
299.29
21.55
310.22
265.81
150.54
370.64
262.89
460.8
185.2
703.43
634.25
546.25
317.38
585.31
336.99
87.39
579.21
696.42
213.22
542.3
608.83
78.73
227.59
259.05
58.89
105.09
496.42
301.74
631.32
687.64
89.79
317.78
306.95
620
690.27
424.95
472.97
413.24
525.76
289.59
511.46
43.71
48.73
633.98
9.58
546.83
360.81
659.97
272.84
696.5
782.42
345.97
42.33
455.72
609.73
313.34
40
576.06
403.51
204.76
327.97
403.36
65.76
454.76
168.35
680.48
154.53
454.34
426.04
516.23
39.71
521.35
185.74
684.83
512.08
464.03
797.11
690.98
351.25
441.63
57.95
743.32
384.28
524.77
122.87
369.75
557.75
445.65
55.33
97.69
739.59
18.42
561.72
527.55
648.86
559.79
325.81
289.32
571.76
719.09
795.75
94.12
121.28
451.12
223.08
737.56
744.99
436.88
651.69
773.9
298.98
778.72
458.37
69.8
302.04
524.11
725.09
699.26
391.73
494.41
773.81
172.75
128.89
621.34
243.56
625.3
341.87
693.21
575.24
236.75
38.26
136.78
386.75
561.59
570.85
426.12
317.62
443.48
108.78
698.4
797.53
612.14
115.74
87.39
59.89
774.4
592.35
616.71
328.67
277.46
374.27
114.7
154.22
95.49
302.56
228.85
79.16
360.11
435.29
521.94
705.37
778.54
238.89
370.05
370.1
161.86
536.7
634.37
626.06
105.75
172.93
80.32
528.02
334.96
524.72
410.01
478.53
538.89
177.91
665.61
215.56
103.6
54.5
660.14
352.28
600.42
466.57
111.61
469.41
95.53
619.19
403.11
550.01
8.66
505.26
555.16
646.67
588.04
773.35
581.56
688.9
731.2
199.37
87.03
527.03
606.47
383.83
619.77
288.6
332.38
637.58
84.9
140.72
696.77
473.85
572.74
213.87
299.87
121.28
544.32
419.15
470.27
534.98
283.46
40.79
389.58
567.18
421.81
572.85
0.87
720.12
744.84
737.81
692.58
244.46
305.79
281.51
272.9
648.71
573.2
239.46
547.96
721.29
246.48
418.93
532.54
640.52
629.42
31.45
695.14
511.54
561.09
605.03
645.21
167.1
626.14
634.55
171.28
347.97
692.76
84.2
723.11
425.37
338.22
236.95
348.14
204.62
585.82
585.19
401.79
329.24
606.49
473.77
126.4
105.96
30.79
646.76
740.94
309.83
552.56
379.12
419.19
73.84
457.48
124.49
646.97
148.32
340.62
75.89
47.86
243.86
605.74
107.38
326.91
156.45
116.38
514.86
299.55
294.2
653.87
328.76
758.66
770.04
174.39
431.12
591.97
560.18
776.8
731.67
500.71
526.92
454.43
201.62
172.21
546.82
542.86
421.6
190.85
397.36
71.09
160.93
543.99
775.08
443.3
20.73
690
182.35
583.41
522.34
784.88
703.1
188.18
169.56
225.46
766.32
406.85
588.52
531.21
207.18
492.11
787.4
782.16
73.92
343.46
550.4
284.45
264.02
432.16
301.13
624.37
520.65
340.66
350.81
547.93
470.61
528.5
590.79
9.39
181.36
773.27
285.16
229.66
323.6
272.01
761.83
387.55
616.02
356.2
588.48
524.98
264.79
33.37
605.26
719.15
677.08
671.97
180.02
307.08
796.03
379.78
87.44
137.02
568.17
773.17
223.05
455.49
294.08
620.14
32.55
460.07
242.13
240.3
731.27
564.75
380.73
78.49
228.4
544.87
95.15
181.05
783.91
257.17
289.71
205.04
320.29
754.97
739.45
767.08
772.27
358.04
604.67
755.86
93.25
675.4
715.41
622.69
116.54
613.54
163.98
277.62
571.09
758.38
195.6
409.78
553.74
86.68
149.64
434.85
488.16
196.53
793.51
330.39
190.47
120.67
379.37
116.52
405.67
180.63
393.25
7.4
450.81
114.53
618.62
199.56
685.85
372.72
260.86
132.14
470.18
747.96
33.22
774.93
545.38
87.87
513.02
481.77
711.49
121.18
242.32
781.64
687.26
6.13
455.34
755.74
522.93
793.59
311.47
492.8
148.5
533.39
484.96
655.52
35.5
55.23
134.21
227.83
144.61
393.24
218.17
254.53
47.84
601.12
401.1
709.38
100.39
60.68
423.31
254.83
755.04
161.71
311.65
480.98
216.97
677.05
535.36
405.9
498.06
702.06
152.51
508.91
209.4
146.21
82.08
690.29
61.4
23.79
513.58
703.84
779.84
420.04
436.36
439.55
495.09
0.17
707.16
778.66
49.77
32.5
682.68
285.93
574.42
668.16
666.09
451.88
268.71
778.78
252.28
148.83
502.65
648.65
187.85
708.58
538.58
350.57
779.56
542.86
628.31
319.06
231.43
168.93
167.29
94.15
371.7
436.03
631.94
608.78
269.96
524.73
186.46
291.7
62.31
258.95
53.46
254.94
223.02
25.56
414.74
2.51
708.77
54.88
233.4
178.42
133.74
586.54
364.06
296.89
267.19
733.83
142.43
223.66
575.4
258.35
236.14
272.42
501.31
371.19
521.77
720.19
774.16
691.16
424.89
63.85
62.37
767.08
673.8
586.31
287.36
329.4
364.5
87.03
122.49
676.34
214.06
705.81
402.5
566.31
622.9
44.94
571
217.06
149.75
207.14
685.72
464.98
163.3
17.03
57.6
749.18
392.88
109.46
711.45
311.17
224.75
119.64
209.79
762.82
220.26
339.44
252.94
659.47
665
442.22
657.15
421.43
340.09
277.38
38.43
149.72
247.93
218.5
545.94
672.21
229.21
366.01
575.71
340.76
8.63
147.21
563.37
236.17
79.3
240.68
521.31
4.68
546.37
187.39
123.07
579.18
173.73
379.79
464.7
8.74
496.8
654.09
26.98
185.55
578.81
298.31
32.25
391.69
522.5
468.55
547.59
28.09
430.89
215.4
522.27
453.41
264.14
382.5
134.27
606.13
693.18
126.64
710.33
315.95
144.7
370.16
771.98
426.82
100.72
337.45
264.21
591.4
222.72
622.05
451.09
555.94
404.71
754.03
468.37
477.06
390.36
250.02
116.37
159.13
734.37
791.31
223.82
739.62
563.29
594.7
438.09
291.7
632.42
712.02
232.97
224.88
170.13
101.89
538.62
596.74
390.9
587.85
203.5
257.84
447.9
136.76
529.89
35.54
445.62
232.33
402.6
426.74
525.11
387.94
662.4
279.82
309.43
392.13
543.23
445.52
206.43
146.94
128.7
465.53
340.83
728.67
651.68
14.2
778.84
64.15
602.63
266.3
422
778.8
107.4
412.08
0.08
255.64
70.22
380.62
62.55
157.3
477.63
357.26
126.6
153.46
311.29
448.99
751.01
533.95
100.51
603.26
214.88
741.1
492.12
161.61
708.32
394.13
714.04
304.32
182.82
744.51
27.84
102.84
765.95
565.29
14.91
333.35
312.68
690.07
335.32
532.8
300.07
578.54
756.98
305.28
729.21
108.41
684.91
601.59
630.03
736.98
795.83
781.48
547.49
168.85
432.57
433.52
102.94
192.45
622.88
684.7
469.96
677.32
206.05
104.72
39.77
571.5
84.32
770.29
232.75
576.96
210.89
779.12
730.07
568.3
736.84
248.83
517.93
30.71
472.16
83.27
669.43
649.77
325.11
9.6
598.86
700.11
641.14
416.81
217.16
116.58
710.09
600.03
265.43
249.28
553.02
677.37
231.62
723.65
270.28
650.39
39.96
109.04
713.77
127.85
480.49
170.3
146.38
304.54
543.36
683.66
95.2
243.04
266.91
511.02
368.71
656.05
731.61
372.7
151.29
108.27
467.96
590.66
473.52
660.16
35.31
12.78
103.52
103.66
71.45
181.69
678.06
118.07
175.19
410.55
624.98
523.4
18.72
564.18
412.87
36.19
392.13
42.18
436.99
43.02
176.57
659.69
663.85
550.3
547
514.15
410.8
291.8
8.22
707.96
436.42
104.9
374.03
580.54
695.46
157.26
627.74
668.63
228.12
42.86
162.46
103.96
672.35
48.27
301.4
573.61
86.6
795.73
512.72
733.07
320.37
580.09
291.48
91.24
666.57
36.51
115.18
348.26
560.23
205.47
278.07
82.36
462.51
621.68
107.09
94.25
123.91
710.27
751.84
658.63
19.56
732.26
31.27
775.25
333.4
408.19
421.24
367.97
489.3
527.94
481.45
99.12
448.17
680.39
419.44
793.19
709.51
297.17
672.65
761.87
538.29
539.3
774.76
555.79
193.74
29.94
449.59
659.11
246.14
233.28
437.81
41.27
84.8
326.47
171.18
266.27
398.32
82.27
636.89
480.01
86.88
5.03
711.68
543.63
45.6
24.49
83.16
757.25
98.32
120.01
171.58
585.54
225.57
630.69
318.11
202.88
133.72
744.7
324.1
203.39
38.54
110.93
401.31
726.05
407.56
303.5
303.78
267.67
292.68
98.4
358.06
75.82
781.25
515.38
332.24
573.77
781.6
137.97
366.02
586.94
676.04
430.73
754.02
740.37
686.52
158.82
106.59
597.6
158.3
498.82
33.34
49.24
175.73
712.8
664.89
798.04
480.59
437.32
188.84
383.25
648.87
417.5
415.23
651.13
203.25
477.29
596.65
590.34
501.14
500.44
175.81
583.19
123.43
14.89
203.93
737.65
716.29
579.16
235.21
588.99
631.11
17.59
236.18
222.3
591.62
336.48
194.72
749.12
575.75
411.84
621.1
401.75
141.69
521.51
408.31
742.4
299.46
372.52
110.3
709.98
96.27
207.64
78.99
64.95
597.67
31.81
551.95
135.73
274.21
448.03
211.54
269.04
608.24
648.85
222.46
777.14
665.65
370.69
54.88
752.68
5.12
165.17
9.53
538.88
435
567.23
717.71
700.64
508.53
355.18
457.1
214.81
217.08
663.95
508.56
424.8
588.68
541.07
354.83
364.26
707.33
500.74
538.52
733.49
345.95
425.23
129.27
778.25
390.89
505.66
375.04
638.4
608.81
371.46
281.5
640.43
135.98
107.94
503.02
34.55
609.97
234.38
168.15
439.42
272.78
757.27
359.1
518.46
717.35
251.85
361.56
779.2
40.16
318.3
151.01
33.36
661.69
599.63
12.62
673.06
245.35
751.54
329.49
303.51
534.48
163.85
724.22
220.42
783.25
498.76
629.48
552.86
308.78
329.43
624.37
795.49
415.35
369.91
86.33
447.32
372.6
464.5
552.97
100.49
791.19
462.45
7.81
685.04
270.19
592.49
176.95
616.87
325.45
4.11
123.71
454.99
71.78
112.97
511.48
441.55
689.91
489.07
554.73
541.96
197.39
112.32
339.65
221.13
345.62
778.37
745.88
359.91
746.8
324.13
107.86
509.49
7.11
670.36
448.3
258.19
615.78
534.29
133.58
257.98
566.04
454.82
724.14
122.86
341.65
631.42
682.51
141.9
59.86
678
35.88
91.51
31.41
466.57
447.71
766.11
294.11
156.45
279.12
466.23
346.33
72.78
31.69
213.4
528.83
285.46
761.08
244.78
63.5
302.64
248.53
391.37
367.32
509.17
360.88
7.35
227.8
783.4
740.29
131.22
748.43
451.72
73.02
187.25
589.18
231.83
375.79
177.06
343.86
395.43
290.71
635.41
721.03
698
364.64
716.7
421.15
694.28
658.88
688.84
30.15
486.56
548.32
482.74
97.21
461.71
765.07
120.11
567.22
649.77
558.31
503
523.69
244.47
335.4
643.88
105.02
422.7
623.84
700.68
266.21
550.86
539.89
618.7
715.35
222.25
107.05
96.19
165.96
105.13
581.57
475.54
390.5
123.02
485.68
214.96
364.34
781.68
287.51
550.53
644.03
311.08
126.06
272.73
125.71
245.36
55.97
119.61
310.06
232.16
561.18
24.52
531.91
79.2
64.55
773.07
490.19
419.8
496.56
288.36
470.96
506.93
558.28
128.04
279.84
614.39
771.47
708.46
301.67
594.34
475.92
401.87
124.95
782.89
492.14
393.96
491.05
644.61
304.46
309.18
307
744.92
470.49
128.73
522.87
496.89
225.1
553.19
536.48
567.63
62.93
654.1
787.71
336.58
139.34
113.31
312.01
706.03
633.78
394.76
79.2
78.44
491.79
568.54
496.71
730.7
495.95
121.57
705.53
527.37
629.68
792.32
145.8
642.66
563.52
175.07
772.75
570.44
575.61
616.73
538.56
114.45
36.55
543.73
278.77
504.48
132.07
5.43
650.01
301.86
584.11
765.95
739.9
256.93
564.49
222.3
262.43
172.43
687.82
512.69
178.58
242.09
500.42
4.48
39.61
762.56
367.63
153.87
297.68
347.9
720.93
310.73
99.43
508.36
581.41
595.18
57.59
533.79
608.02
746.06
45.05
371.11
665.1
349.28
5.84
432.44
612.82
767.54
596.88
536.96
618.51
707.33
750.88
557.7
652.86
577.34
518.26
391.89
364
97.99
768.05
795.96
26.09
344.43
233.49
641.83
102.45
386.27
267.68
448.61
305.08
460.9
570.13
166.45
102.86
95.28
157.71
638.23
414.51
498.85
614.07
430.78
34.42
279.35
54.34
251.2
263.62
116.61
580.65
556.14
180.45
214.39
710.84
786.49
66.09
14.48
523.12
69.01
540.53
195.94
645.55
226.64
544.79
141.77
379.41
783.03
323.28
94.98
478.45
253.66
177.9
580.99
163.02
54.11
261.55
657.19
596.82
69.01
155.83
234.53
60.17
728.72
248.5
519.93
503.57
634.81
238.39
336.57
544.16
324.4
218.81
425.44
713.69
458.8
331.88
287.32
222.19
753.68
133.17
784.6
248.73
747.31
409.39
283.43
785.92
216.97
380.62
52.54
57.83
405.72
84.91
608.9
563.07
546.69
550.99
691.43
410.69
327.12
345.07
198.09
162.6
538.99
21.35
26.93
410.11
569.62
705.53
129.76
192.3
638.82
165.69
276.62
141.17
126.4
89.07
208.88
364.61
151.15
473.57
586.98
21.03
105.57
799.03
280.96
614.11
351.41
615.33
771.34
186.93
78.39
581.76
445.66
603.11
595.01
663.31
303.41
49.26
251.61
544.43
119.43
150.87
235.39
360.03
30.29
423.64
197.02
544.12
234.6
250.78
181.12
172.9
102.17
786.39
79.47
347.33
628.72
12.66
729.26
432.99
42.51
364.78
435.05
714.89
352.89
616.68
34.21
792.7
711.77
555.84
213.85
521.58
492.25
722.31
18.36
369.93
223.4
31.35
611.33
494.14
475.11
163.84
753.65
699.56
63.89
261.67
423.45
422.24
236.28
213.21
269
488.13
343.52
729.81
157.52
430.52
275.5
636.7
633.83
200.73
759.34
269.42
762.15
733.6
35.39
162.99
66.62
138.36
575.07
295.86
592.33
781.75
21.11
190.76
432.67
114.89
291.41
788.03
722.6
81.91
468.32
376.16
651.38
352
791.37
435.34
605.83
32.01
563.04
309.12
90.22
11.56
55.98
394.47
787.79
643.85
3.26
597.6
289.09
298.07
185.38
187.06
224.76
573.56
272.56
285.51
171.46
250.66
425.21
140.87
448.2
345.35
759.63
130.31
545.4
345.21
444.71
723.1
756.69
689.07
257.02
298.19
308.99
573.74
551.1
660.5
555.58
539.35
504.56
90.91
123.69
306.92
584.03
650.82
21.18
406.56
104.45
72.45
17.29
597.65
561.92
90.84
610.02
487.11
651.45
413.23
272.44
56.38
411.27
622.3
183.08
443.34
148.81
133.15
419.51
370.51
634.2
651.27
273.09
101.22
151.57
750.81
143.74
394.28
129.47
713.76
25.03
558.14
68.13
272.75
406.83
350.16
386.29
404.39
718.4
727.12
405.36
396.55
208.9
335.71
599.02
416.31
626.62
120.42
515.28
403.16
252.14
17.65
386.28
40.58
259.05
431
45.8
739.06
190.21
322.04
402.64
46.51
394.98
184.4
496.65
683.58
590.94
166.42
789.09
30.2
719.06
249.37
392.15
543.12
569.2
744.9
642.35
237.21
68.91
764.46
453.08
29.09
672.34
225.74
453.7
301.2
608.89
546.05
617.31
784.91
265.75
307.29
293.66
109.82
88.95
280.08
51.78
320.78
770.9
571.28
61.9
25.29
82.71
119.1
393.3
664.01
442.65
30.99
592.23
310.35
41.59
110.49
482.21
623.93
220.56
21.74
724.23
462.59
437.63
435.14
662.15
633.45
530.13
53.4
0.75
78.32
551.81
46.92
421.84
189.37
547.96
61.39
50.02
798.84
13.1
508.11
560.08
292.86
762.52
442.87
121.76
467.35
241.12
439.37
151.88
8.8
564.01
1.31
750.06
260.56
621.51
647.86
156.35
799.98
75.44
748.57
635.14
301.93
605.39
528.37
228.02
105.25
105.09
726.61
459.15
471.31
368.87
590.8
568.05
469.66
441.34
185.54
357.87
91.98
723.15
126.96
228.69
459.8
555.64
651.85
225.01
190.45
523.45
698.45
583.64
426.51
571.77
493.16
234.95
281.31
100
390.59
398.71
459.66
24.15
239.43
741.31
244.63
777.94
648.96
277.43
482.73
717.38
174.36
622.34
257.77
457.16
152.65
593.65
360.94
533.54
543.65
90.41
151.56
94.53
83.94
35.98
151.13
417.43
222.69
466.57
659.54
312.58
504.82
293.75
561.22
753.16
295.18
218.67
453.22
203.05
202.29
207.33
585.93
160.83
509
789.82
478.54
530.88
784.35
645.48
347.42
591.05
370.72
454.02
274.05
39.75
182.02
121.75
608.52
452.14
221.2
532.41
600.02
542.96
73.04
632.34
77.18
440.98
373.14
599.45
685.04
289.71
76.8
241.89
689.44
632.59
133.86
212.14
490.69
420.41
174.91
542.53
113.79
783.38
766.47
585.2
140.08
454.04
479.8
345.16
97.03
386.59
216.72
178.35
114.56
106.9
60.25
100
96.61
693.45
181.19
431.31
456.85
559.19
9.09
453.16
30.86
746.93
382.56
616.92
250.76
282.72
620.43
675.12
615.07
36.96
136.57
3.13
177.56
394.96
563.82
61.83
411.41
184.24
649.41
788.52
148.53
735.58
766.55
606.46
146.37
22.99
427.12
53.17
506.07
182.67
426.71
468.7
790.26
502.68
128.31
594.55
548.62
469
780.44
276.84
511.96
380.71
778.87
357.67
640.17
239.47
150.87
167.14
149.71
10.16
593.07
595.9
677.18
196.35
567.62
50.79
211.02
651
263.73
708.2
730.25
379.41
684.55
347.27
654.04
242.04
141.73
68.72
654.08
13.35
697.33
119.47
710.32
227.54
460.33
297.57
422.4
253.92
724.64
55
711.13
771.47
783.81
571.36
523.56
746.21
320.26
344.34
261.76
640.99
31.57
17.36
472.89
442.02
578.48
347.19
304.86
717.43
633.38
461.37
410.12
457.25
111.64
293.63
8.75
646.89
641.58
513.47
403.63
502.76
548.8
179.99
346.88
549.92
46.93
219.64
137.9
467.74
650.65
651.13
118.18
263.88
506.37
281.08
522.7
350.26
141.08
691.39
718.35
359.72
343.38
362.84
617.25
769.59
744.89
739.63
785.32
19.13
285.98
732.09
509.86
407.78
478.4
738.08
61.2
154.18
81.44
588.62
537.39
553.63
547.23
252.28
169.46
358.41
502.43
788.63
444.47
344.71
771.28
456.15
656.76
420.86
12.64
273.92
793.9
739.67
154.33
262.35
582.51
581.97
314.32
177.66
207.67
654.94
342.33
33.76
417.7
669.99
597.73
663.2
399.79
63.79
109.64
233.59
339.02
340.39
97.87
274.01
345.78
72.92
403.31
667.91
277.12
186.08
398.63
3.34
160.19
409.78
694.47
736.91
647.43
564.95
295.39
86.49
648.47
237.81
462.4
657.65
459.82
666.72
783.54
136.69
308.17
594.7
180.45
632.58
646.31
729.04
446.18
261.83
467.15
608.08
181.53
652.21
230.06
640.73
617.61
260.62
447.05
321.04
249.44
572.1
716.22
487.51
566.24
712.41
371.29
679.93
1.35
475.18
764.48
10.45
751.42
711.58
177.99
758.24
764.46
494.03
98.87
524.15
634.43
251.94
371.27
137.76
303.11
134.22
261.89
521.54
529.42
462.89
552.76
462.19
356.04
122.19
18.15
54.58
19.61
124.5
74.16
623.93
78.17
315.52
418.91
408.33
489.19
695.81
475.69
269.14
616.07
239.04
583.63
26.2
64.74
318.55
561.16
236.55
482.03
331.87
216.41
768.71
636.6
421.46
120.49
710.02
151.47
167.95
223.81
527.75
246.42
463.93
43.91
699.18
725.42
276.52
344.85
314.96
249.44
267.83
66.32
59
244.91
694.54
787.75
80.74
680.55
668.43
232.87
426.31
619.86
438.68
722.17
47.63
180.76
293.16
511.93
629.71
34.84
779.6
434.1
246.23
249.47
429.78
735.03
35.06
358.29
285.54
197.89
248.67
327.76
399.06
408.34
700.4
213.34
640.77
378.75
5.37
457.31
728.97
466.62
107.49
110.28
656.7
425.57
699.63
261.28
355.12
101.35
761.61
666.54
431.76
634.36
263.32
658.74
622.32
128.98
296.12
54.26
644.77
518.22
209.29
392.11
247.96
799.09
490.41
493.6
300.66
159.41
19.79
73.37
114.86
70.61
346.62
628.01
701.32
283.05
1.47
222.32
284.59
37.86
104.58
564.73
117.81
91.27
459.68
681.5
589.68
491.73
526.6
104.75
719.47
723.71
583.5
695.09
166.56
156.8
312.56
163.49
200.39
341.12
517.48
201.89
149.58
569.14
395.84
196.64
663.86
153.4
683.54
718.83
38.21
584.75
264.27
799
679.52
504.16
288.01
462.17
155.07
574.99
750.76
376.46
671.51
140.72
133.74
607.63
423.96
10.88
310.54
10.08
39.75
16.1
697.29
570.21
777.69
718
374.84
22.99
695.78
296.3
1.35
437.81
21.37
146.55
450.75
574.61
352.02
153.19
23.26
775.08
419.8
468.22
227.11
98.7
216.83
743.53
232.97
714.9
154.79
496.25
584.36
158.75
472.56
274.52
536.76
669.85
277.65
695.83
384.94
660.54
603.41
605.29
24.58
565.79
85.63
249.96
450.63
632.31
412.91
251.48
51.32
616.94
237.77
470.86
59.92
534.63
42.66
555.87
751.75
348.42
319.83
532.01
780.34
320.49
411.75
363.31
665.46
463.84
466.73
581.6
630.65
557.73
735.01
57.61
775.4
17.64
339.44
82.32
437.27
798.25
745.95
261.24
223.02
603.29
384.66
665.22
257.93
180.38
129.82
696.01
693.53
565.56
320.24
300.8
417.24
753.54
742.71
690.5
616.13
405.85
675.46
189.83
631.55
209.94
286.85
628.83
646.25
288.24
118.62
34.17
596.93
496.62
360.31
65.61
389.78
292.61
639.66
783.91
619.62
395.23
207.11
267.32
490.84
57.83
671.71
350.51
499.58
485.6
622.7
466.79
124.79
217.41
246.96
548.86
376.51
666.94
718.5
224.91
267.38
584.67
378.84
19.58
678.8
338.07
44.39
75.32
494.62
700.17
441.84
39.53
398.35
143.02
454.91
520.67
364.78
607.26
652.26
540.33
332.74
281.57
637.5
606.66
421.09
32.02
792.94
585.52
242.09
586.52
420.72
371.86
375.1
78.29
184.28
175.38
407.36
558.61
58.69
519.31
731.01
631.12
668.33
61.6
703.9
126.61
492.2
729.55
181.31
429.42
61.27
104.16
484.08
775.59
320.85
641.66
436.65
122.36
604.41
377.65
254.57
164.71
390.83
674.97
714.79
611.21
243.66
346.26
25.4
201.8
395.13
552.51
155.14
495.71
792.24
415.73
435.99
191.03
291.24
319.8
648.02
202.32
96.08
338.6
693.61
603.6
752.54
665.93
348.78
111.05
715.57
420.22
237.82
196.45
704.69
192.83
638.19
456.02
710.15
237.81
408.48
677.41
207.18
55.87
491.7
714.9
647.36
366.66
119.48
107.44
33.34
770.53
85.44
278.75
717.88
125.95
22.46
74.66
763.26
53.86
136.02
144.91
269.87
676.64
206.08
557.25
677.63
174.37
656.28
48.58
673.96
546.65
62.71
708.09
131.51
417.14
64.79
525.1
391.69
394.42
187.48
324.8
463.15
171.32
23.36
748.15
22.29
597.56
723.35
631.74
494.73
765.79
233.6
798.71
268.37
667.79
719.68
326.34
701.95
467.44
637.04
240.09
662.2
629.95
732.17
227.9
382.42
418.38
427.53
725.12
222.51
252.84
140.45
31.26
479.33
459.7
450.28
771.47
609
316.9
219.27
313.76
787.16
797.15
269.81
110.88
145.22
521.93
669.85
280.77
37.3
45.4
424.52
519.02
35.43
205.25
418.93
238.95
472.91
798.02
36.3
552.81
198.92
398.67
348.41
180.62
799.95
359.51
458.88
408.75
67.84
20.95
657.89
324.43
104.89
559.8
282.67
227.97
361.58
291.29
212.23
143.27
621.62
556.91
39.65
681.03
200.69
664.81
651.71
296.46
598.42
340.55
498.22
624.3
424.46
229.19
630.96
184.33
173.14
83.64
574.3
672.83
43.87
677.56
637.82
501.19
513.98
264.47
616.77
329.72
696.77
88.64
332.06
38.9
489.03
147.95
635.11
182.63
577.46
278.35
339.22
38.19
21.66
270.42
738.69
324.12
528.06
462.69
687.21
476.76
692.62
561.98
248.79
774.68
770.04
607.14
232.91
469.17
645.42
469.81
381.82
380.86
732.98
595.78
468.01
146.99
408.52
718.88
221.45
471.93
109.94
301.67
427.23
394.97
372.31
563.23
316.69
688.38
321.49
611.34
425.31
432.33
723.79
677.44
377.81
669.74
27.22
11.42
765.55
611.06
444.54
256.19
649.23
787.4
418.6
330.08
749.52
406.38
741.27
400.26
713.01
324.41
43.31
388.03
0.85
307.9
141.7
280.89
174.27
733.37
231.52
355.44
26.54
177.97
36.24
4.11
626.32
690.07
125.51
609.01
55.84
1.55
105.51
178.04
141.76
40.17
414.09
17.1
671.67
683.44
164.26
17.49
174.09
692.78
164.95
760.03
183.91
40.24
450.49
399.73
15.85
621.83
104.08
607.12
290.31
447.89
88.7
343.89
741.85
683.18
456.36
128.18
142.23
170.49
707.27
255.95
617.67
404.84
725.2
414.22
625.99
303.4
247.53
775.43
542.92
213.86
48.96
77.93
509.87
509.14
511.94
82.16
396.14
691.96
61.07
158.52
623.47
466.5
763.24
747.24
412.57
401.42
751.48
47
338.11
716.3
452.97
439.8
760.29
619.15
612.29
54.27
137.15
331.73
593.43
727.63
716.52
372.37
769.59
72.61
425.2
139.7
516.56
399.18
409.33
530.08
350.53
176.44
685.29
242.68
689.59
496.68
111.61
435.29
709.17
234.88
440.18
364.57
62.28
776.85
514.68
445.05
745.11
216.65
568.7
252.36
160.87
171.61
569.22
710.54
637.53
703.56
1.91
139.49
525.32
2.34
692.3
719.17
699.55
203.21
726.04
17.06
631.48
746.67
497.76
401.9
8.83
575.9
317.87
165.94
735.01
258.73
706.16
67.74
284.7
555.27
541.75
623.78
664.71
296.07
514.13
705.55
364
128.99
589.42
203.15
294.52
88.65
772.85
541.79
9.37
721.75
189.77
61.51
644.94
652.97
403.99
57.96
470.34
193.1
410.07
2.22
551.45
413.59
178.27
514.16
400.53
786.59
541.62
188.07
618.22
584.62
537.6
456.24
567.72
455.69
640.78
53.59
128.17
5.04
132.2
521.33
563.01
783.06
415.01
133.55
112.14
443.8
526.16
632.42
735.18
402.6
252.83
644.33
43.68
455.8
429.89
638.26
701.87
280.49
322.58
164.93
446.81
401.26
479.62
662.64
84.37
527.65
669.66
606.23
114.23
536.23
489.39
304.6
257.89
321.19
793.92
69.05
128.92
679.36
350.03
533.2
269.31
64.69
483.53
192.53
310.47
558.47
434.89
459.33
168.59
158.27
180.15
232.11
116.36
328.78
259.55
117.71
651.41
726.59
599
297.46
85.08
510.3
630.68
137.89
217.98
725.99
210.68
674.68
796.16
463.13
124.7
778.7
676.16
368.99
476.87
627.59
212.65
299.16
2.8
429.39
583.91
626.22
758.96
735.91
132.06
721.58
760.19
397.92
661.71
174.3
16.66
182.24
754.77
591.2
432
723.11
389.66
278.88
279.79
699.22
353.26
100.97
41.02
11.15
106.48
405.46
250.84
496.22
229.09
490.46
681.37
177.23
312.48
275.01
365.63
754.89
707.44
364.28
519.48
160.73
109.57
775.01
640.86
168.97
155.9
212.4
341.74
799.82
236.72
208.53
621.14
565.02
480.87
617.6
632.23
383.66
550.81
545.11
45.04
705.82
143.13
589.88
330.55
25.6
627.45
643.08
562.15
715.89
72.38
719.81
580.01
647.3
321.03
66.51
195.48
459.54
524.63
700.11
262.28
88.69
588.28
91.61
703.6
209.39
446.9
566.81
630.84
165.24
664.38
106.31
319.29
123.58
83.13
679.85
128.26
507.14
649.97
198.75
758.7
368.78
10.48
685.42
290.62
732.65
643.78
562.94
774.69
83.18
123.17
480.03
98.75
568.62
701.09
85.67
215.92
358.92
750.27
555.4
797.21
566.05
215.58
56.82
124.44
665.35
755.54
619.63
400.14
731.6
738.2
668.53
485.31
139.59
128.4
520.72
131.57
518.51
317.39
766.53
345.77
453.91
229.54
536.84
227.52
365.13
114.36
323.68
492.55
578.59
98.24
34.17
533.51
284.93
784.8
225.02
476.01
558.19
242.11
111.57
202.14
766.5
153.05
293.03
675.95
314.25
687.88
304.42
562.37
149.67
98.5
201.76
749.83
110.19
794.46
14.34
14.62
629.2
659.81
627.93
282.7
232.42
712.55
142.55
521.67
679.77
206.51
51.08
38.18
518.69
89.75
458.24
189.64
243.14
105.93
624.97
565.2
396.16
75.41
621.52
483.47
452.35
478.76
68.59
176.31
134.71
33.47
372.76
106.08
697.13
567.62
214.79
430.38
640.71
797
71.38
667.03
207.34
762.08
253.34
273.61
72.14
354.92
543.74
230.22
288.19
418.51
378.81
371.55
459.87
761.65
580.69
524.41
286.78
685.45
721.16
534.78
191.21
533.14
519.44
224.56
410.62
302.26
457.24
230.89
212.82
751.79
557.72
29.82
97.66
641.33
324.19
673.83
553.43
87.04
635.29
393.06
762.33
521.71
673.64
288.41
48.17
788.57
0.31
753.58
378.97
134.98
232.77
657.03
340.6
193.08
604.02
157.4
298.63
791.41
59.61
341.49
671.18
548.66
784.04
484.65
441.89
229.92
479.21
551.74
158.62
782.45
754.06
641.6
287.41
546.88
75.54
246.3
593.32
522.5
548.1
336.73
666.47
288.71
450.32
779.62
289.68
756.95
64.54
663.07
71.49
143.69
185.51
276.99
738.86
682.01
14.76
228.82
427.54
387.22
44
260.55
579
720.57
266.27
526.16
62.3
736.38
394.23
151.7
219.35
548.64
627.61
203.14
386.32
333.77
366.15
414.9
225.73
289.49
145.8
262.09
642.24
84.38
666.64
342.55
409.4
389.27
190.68
316.3
173.91
341.08
12.78
576.75
462.08
686.67
508.68
732.76
588.44
40.73
634.25
715.32
57.6
236.9
627.91
325.27
361.98
136.08
603.78
689.73
13.24
87.61
682.98
191.38
111.45
611.58
515.22
476.05
129.74
205.88
327.53
329.81
572.55
445.46
452.29
689.46
247.45
761.27
84.7
764.12
111.77
79.23
279.78
294.04
566.41
114.92
672.18
280.11
12.95
233.85
369.76
689.9
452.09
793.59
339.96
670.01
332.85
102.47
634.25
734.92
423.83
587.75
289.93
172.1
777.54
603.16
107.2
379.09
188.67
224.53
365.06
432.25
268
182.62
182.05
562.86
671.46
348.56
519.65
657.3
413.27
435.94
240.46
44.58
638.82
398.93
794.4
141.33
588.8
333.41
571.09
550.78
253.64
288.73
231.14
681.62
419.22
317.48
41.06
473.22
439.18
340.74
242.65
318.66
670.17
265.3
682.6
365.51
205.88
737.86
23.92
523.19
192.96
387.31
760.66
775.13
423.97
267.75
91.63
107.49
617.53
286.24
594.71
711.54
473.52
309.65
477.14
103
195.69
729.59
554.94
83.53
631.31
144.92
649.59
451.69
537.44
792.23
661.42
532.01
654.68
762.63
493.12
798.62
29.35
472.24
428.29
771.98
69.13
134.05
34.27
262.44
12.68
383.8
397.62
109.94
621.78
141.81
732.5
115.7
360.57
400.65
488.07
708.57
289.77
608.35
581.24
523.05
223.85
330.56
88.76
471.94
792.2
200.85
645.99
208.93
782.47
236.74
751.82
199.01
312.81
127.14
114.5
332.26
73.56
741.56
742.21
194.21
531.27
311.79
438.18
201.55
390.62
180.37
641.51
45.71
546.54
237.35
284.74
768.52
396.59
13.1
97.83
699.99
112.05
178.28
410.92
469.44
787.96
209.7
692.25
764.9
325.78
237.85
637.21
139.07
378.55
131.46
65.21
115.49
694
428.4
476.6
340.72
426.44
732.85
540
587.62
111.17
481.65
129.68
652.29
451.16
742.1
213.32
626.04
242.08
506.9
664.76
584.63
47.65
551.5
511.44
110.38
266.09
272.9
409.73
200.19
210.61
73.67
395.45
165.24
167.08
477.77
458.45
203.58
370.31
605.43
416.4
543.03
339.14
47.04
631.19
113.22
234.85
109.88
767.42
309.29
777.18
527.67
224.79
695.6
709.67
641.32
73.62
691.03
48.03
205.75
368.53
290.13
685
566.04
259.59
754.05
522.88
241.94
674.27
489.25
571.01
718.56
165.88
421.22
413.61
4.53
459.43
739.52
534.88
400.22
345.38
557.31
206.2
745.55
746.65
598.91
460.2
561.83
714.49
694.83
153.93
249.94
147.49
559.71
527.96
352.15
531.95
72.43
709.11
565.89
595.98
697.71
470.53
488.33
0.35
117.12
206.9
187.12
470.47
513.21
183.7
95.41
374.74
49.53
771.67
718.65
296.01
234.59
227.51
461.93
172.97
79.34
743.1
544.5
276.18
739.89
504.83
97.94
769.68
670.33
261.05
662.97
20.39
672.34
242.1
82.87
354.87
448.96
437.74
33.67
164.93
299.62
522.93
640.75
360.53
177.71
618.39
135.74
357.99
106.75
290.15
567.78
230.3
4.95
642.87
460.53
764.05
761.15
790.78
767.77
727.26
799.81
454.29
764.39
651.63
488.58
49.49
406.23
372.1
41.25
248.64
703.98
250.8
280.52
200.94
9.88
556.54
731.41
409.55
174.21
407.03
448.49
21.1
189.81
427.2
624.41
541.75
210.59
360.06
407.68
274.68
185.4
127.65
741.42
194.2
474.61
722.54
143.57
228.54
4.56
39
489.98
705.26
538.37
122.16
52.31
234.19
712.87
690.16
75.67
104.08
64.34
73.28
506.05
115.87
247.61
91.22
439.2
766.7
581.98
797.91
317.11
540.48
287.78
17.14
401.76
8.38
78.22
268.72
786.48
641.78
243.59
416.02
104.16
401.67
744.81
691.56
137.49
652.41
180.81
270.36
118.99
506.78
32.35
337.4
196.76
160.13
61.26
572.23
194.79
129.3
522.31
128.54
714.71
373.46
230.38
416.45
420.77
630.63
742.66
613.76
169.44
516.82
658.99
683.81
651.89
71.82
25.38
340.11
369.96
709.55
591.95
245.11
745.28
510.54
305.6
304.01
560.08
550.17
777.48
180.07
33.05
792.95
123.32
300.44
616.3
788.29
197.72
262.87
477.43
169.75
364.3
724.1
17.84
229.59
795.67
558.85
68.86
36.88
41.88
316.57
721.79
637.69
423.14
458.07
345.43
440.26
15.16
261.99
434.27
626.05
327.48
11.93
413.87
664.93
253.88
498.23
199.79
364.4
614.83
151.25
354.1
33.01
472.33
439.18
326.37
724.71
492.86
108.55
700.58
322.62
415.95
30.27
201.1
432.77
460.1
51.13
310.83
726.24
734.6
477.78
686.69
761.28
102.49
673.99
430.21
470.53
529.82
419.96
204.22
416.36
231.14
352.99
600.07
774.31
775.11
208.29
306.01
170.45
725.01
485.77
371.84
226.35
524.25
663.13
560.8
146.85
345.33
51.81
301.06
212.33
750.94
678.68
66.43
637.31
120.74
546.3
641.21
423.9
359.89
448.56
698.82
468.98
593.41
729.89
37.53
342.07
91.05
394.16
14.05
469.27
558.41
308.13
396.01
273.55
323.54
627.46
493.59
490.58
622.84
576.16
74.35
548.31
242.97
395.08
148.5
233.65
211.75
529.35
797.64
116.76
670.34
731.07
735.26
204
17.9
702.58
133.09
651.54
60.66
547.44
99.12
649.41
403.72
614.83
532.92
82.98
463.68
647.05
733.77
345.87
435.19
615.93
580.92
11.58
132.19
508.86
798.49
588.02
425.07
126.04
421.41
244.96
91.99
133.07
358.36
626.04
274.09
665.95
453.73
586.48
634.25
742.57
707.44
185.22
528.4
347.38
501.7
183
107.39
270.46
403.6
561.15
713.42
794.93
655.53
722.24
743.85
516.8
252.79
131.27
486.8
739.85
28.52
134.76
588.74
13.85
263.48
397.21
13.46
185.34
476.94
556.42
337.27
407.49
546.27
484.88
169.25
281.42
755.85
289.12
544.46
471.59
410.97
172.22
461.39
384.62
503.07
594.71
366.35
673.25
468.26
392.52
541.04
118.28
300.1
132.96
596.5
217.25
125.41
684.81
187.86
727.47
9.95
201.74
220.48
695.79
784.87
268.31
747.17
185.34
732.16
487.38
190.48
705.4
171.22
154.5
362.71
156.03
282.68
289.09
62.06
341.48
698.27
327.45
586.36
297.18
636.62
481.65
657.75
118.11
509.04
465.68
79.08
683.68
603.59
68.67
426.2
46.97
582.27
639.2
708.04
21.61
684.63
142.98
404.38
659.72
699.71
629.38
120.41
737.32
384.35
461.49
354.81
517.06
436.15
639.94
98.49
200.56
493.31
370.6
40.25
54.89
387.91
372.75
729.09
735.4
588.49
493.11
369.94
365.53
180.49
713.61
477.31
386.79
254
371.88
511.69
677.51
664.23
468.46
356.5
428.48
510.91
141.97
407.73
308.72
400.07
669.83
45.68
615.8
221.81
437.34
574.16
357.12
501.79
217.63
743.27
521.71
755.91
540.06
332.45
169.12
690.11
196.88
285.91
714.06
254.28
674.77
797.61
503.31
123.12
578.38
476.72
108.11
207.7
797.73
9
358.2
737.55
113.48
772.01
246.95
775.53
112.9
396.99
41.5
732.31
440.73
321.03
404.55
490.19
750.01
725.14
196.96
598.11
637.3
721.99
346.25
95.13
600.24
512.93
392.49
584.27
789.35
468.64
660.47
268.8
194.95
229.58
415.21
479.02
787.54
477.15
201.98
386.44
712.37
389.4
565.46
423.57
381.29
220.17
744.99
420.94
273.34
59.68
733.51
73.85
8.57
248.7
226.03
174.45
787.79
43.42
639.32
109.27
516.28
625.82
260.59
403.43
707.78
457.24
238.74
206.51
433.83
39.38
712.55
119.67
284.57
307.55
7.06
634.35
338.75
552.02
478.24
521.9
69.46
451.97
78.12
381.73
799.12
288.52
349
614.28
593.99
399.47
718
175.81
472.87
581.37
11.15
206.82
257.73
143.39
250.36
265.22
772.61
379.4
785.92
788.72
641.79
501.92
443.77
10.97
373.98
731.01
591.27
290.53
432.84
103.54
161.31
524.4
799.97
304.19
234.24
239
196.79
453.15
143.39
673.03
665.93
359.93
276.38
526.11
334.81
297.19
87.87
52.89
490.16
695.58
184.71
765.87
477.59
274.12
605.81
227.57
583.58
447.23
128.13
669.98
140.02
411.13
204.41
766.1
749.88
192.58
264.37
231.01
739.87
788.49
139.73
507.58
159.11
556.73
32.45
565.14
87.19
177.44
664.51
635.9
304.4
210.07
481.52
132.91
537.18
477.11
706.23
34.97
439.45
734.12
413.17
526.2
789.55
64.39
515.11
320.49
489.37
546.9
299.18
652.72
49.2
692.48
794.89
574.94
349.39
91.11
591.82
570.55
755.71
628.97
262.26
181.72
246.7
398.09
155.32
141.86
449.67
211.13
443.6
338.9
526.4
583.75
799.21
763.14
593.91
602.63
727.02
356.4
547.52
795.03
666.22
540.27
195.81
261.6
179.9
159.36
566.55
704.16
638.15
67.61
769.41
97.85
70.8
556.14
682.24
170.85
557.6
630.5
357.36
172.77
519.2
257.78
345.52
434.82
627.67
770.04
205.83
785.66
543.7
187.58
249.5
463.58
308.75
356.67
739.17
118.8
627.5
664.46
610.77
557.21
533.35
87.04
345.56
362.62
251.38
598.16
462.47
418.07
660.77
156.58
75.66
491.67
675.67
784.68
652.78
159.48
503.02
597.71
5.71
772.59
686.03
386.16
769.86
782.64
789.34
244.65
0.4
791.6
759.23
741.41
40.59
450.72
152.16
399.62
701.86
693.02
586.34
344.8
460.98
183.41
466.5
434.21
766.98
346.78
257.52
306.46
492.27
418.54
663.1
259.83
10.26
193.05
344.55
192.96
703.89
364.11
302.32
95.05
179.32
660.06
36.97
428.5
630.8
308.55
693.41
65.45
697.51
555.33
649.63
325.84
773.23
142.53
380.16
487.64
126.62
667.07
601.55
799.56
501.44
407.99
517.05
392.31
422.58
356.03
648.51
264.69
379.64
362.33
295.52
787.69
75.55
752.65
659.94
242.07
376.59
305.88
65.89
266.18
539.1
727.47
636.81
603.22
279.36
116.5
601.01
260.28
220.08
615.68
617.44
550.15
748.35
455.81
435.57
480.27
517.69
425.28
243.93
768.57
418.79
196.66
133.84
181.54
119.59
105.91
230.16
362.1
766.7
394.1
384.81
114.58
506.67
218.58
417.3
665.68
411.3
555.71
748.89
304.78
561.45
506.87
84.52
360.15
314.22
148.93
658.6
373.6
259.56
55.34
519.38
516.38
243.67
758.35
257.27
292.07
458.52
623.11
568.7
224.22
650.71
511.36
585.73
740.54
40.72
229.58
303.69
738.01
98.85
531.47
145.77
110.84
285.9
313.37
664.51
474.65
470.79
483.08
361.65
304.09
466.3
280.96
256.34
397.02
763.21
480.76
627.64
34.33
73.74
200.24
731.02
741.61
742.94
162.79
665.92
493.05
15.21
340.41
160.1
492.1
395
789.21
297.76
317.53
559.5
441.97
604.75
634.94
631.22
40.58
691.66
765.73
687.12
295.2
581.92
428.43
591.25
743.63
772.75
434.94
601.17
761.69
495.39
413.77
62.94
372.62
721.49
223.2
40.48
26.46
405.13
5.79
665.5
295.62
379.28
116.24
499.31
716.54
758.49
423.76
470.95
474.6
556.93
455.66
782.03
282.01
33.32
397.37
703.97
322.83
397.6
739.84
167.32
55.9
703.06
299.76
311.27
547.07
188.39
186.7
179
133.23
319.58
511.11
71.2
13.01
732.08
151.36
501.6
715.74
592.4
789.29
368.58
703.46
36.37
744.99
336.26
798.96
476.21
717.52
343.45
689.25
274.56
246.57
120.32
317.47
367.02
209.7
792.99
438.72
579.28
178.65
510.41
363.23
596.09
144.78
395.21
754.44
536.27
429.99
51.3
749.22
275.14
728.78
561.99
380.31
567.66
159.21
528.01
622.07
531.38
571.19
385.77
727.2
225.36
263.86
411.98
99.11
742.3
48.72
675.78
147.61
325.77
468.19
469.59
403.32
203
725.74
299.98
637.98
731.3
526.16
454.39
773.75
673.88
251.81
363.22
368.3
128.34
53.25
732.09
441.23
84.91
322.36
48.2
332.69
426.57
543.48
55.62
544.46
657.24
605.1
559.82
355.72
727.93
499.09
751.08
69.74
314.15
37.94
249.54
7.78
673.63
558.18
642.51
688.96
603.01
105.99
126.36
444.58
571.42
595.79
764.06
332.31
449.72
354.38
376.45
26.27
541.76
437.77
67.4
212.45
84.79
468.73
375.92
446.37
271.4
351.75
586.68
370.19
300.24
432.52
663.02
358.89
361.86
573.23
620.14
205.38
449.45
684.09
443.6
146.46
326.68
76.4
510.36
335.56
247.76
598.38
241.58
2.94
665.71
509.93
495.6
728.43
268.57
166.26
306.63
539.69
593.72
398.33
400.26
770.1
797.44
444.17
159.55
766.51
119.87
624.02
376.67
583.19
371.65
215.95
488.06
495.52
106.79
188.61
684.11
420
465.87
284.68
44.14
694.53
15.12
81.43
4.02
37.4
535.85
157.17
528.17
398.14
619.97
745.98
551.31
289.39
446.03
780.89
99.47
390.01
423.31
64.14
485.01
602.01
33.18
177.71
422.51
232.5
516.34
227.14
8.25
1.92
662.35
295.98
402.28
34.28
35.54
478.73
609.96
62.3
107.9
485.02
310.21
605.19
650.46
479.62
391.98
202.33
21.54
183.68
218.86
559.01
35.47
115.91
490.15
577.86
761.4
208.2
354.81
551.76
531.25
229
600.81
790.31
47.21
28.47
212.58
422.46
658.78
574.83
296.9
603.36
475.11
656.43
698.35
717.24
484.46
400.97
238.09
359.25
70.38
349.77
212.91
320.11
619.06
174.89
247.39
261.06
225.26
240.49
566.04
274.62
103.62
761.01
301.92
538.73
201.17
756.53
628.58
20.19
691.09
619.44
204.18
387.34
148.42
718.46
464.27
304.71
264.23
445.14
538.01
723.96
743.87
372.84
785.88
417.98
588.45
692.32
104.35
287.04
94.1
241.69
761.22
175.58
568.72
435.87
4.6
50.66
124.59
164.04
169.51
659.26
764.46
351.86
497.72
473.3
302.19
133.51
316.03
526.68
0.89
700.63
437.68
653.46
30.77
49.3
112.41
233.55
304.35
270.79
108.25
688.76
609.51
639.15
162.73
639.62
591.58
631.53
356.32
265.36
741.77
431.04
137.7
1.79
655.62
576.57
408.44
53.91
359.49
459.56
567.16
75.76
107.27
396.21
51.87
679.14
633
330.75
676.11
121.53
371.64
371.05
7.88
452.95
767.16
155.42
290.49
638.7
364.09
533.16
30.1
561.53
483.86
116.52
553.65
439.41
408.35
655.44
367.48
689.73
611.87
788.41
781.45
554.97
447.93
494.54
3
320.17
184
517.26
508.75
402.03
89.43
323.04
354.51
98.31
750.95
568.11
676.55
579.87
592.46
783.46
104.6
371.92
668.99
612.01
525.84
176.63
19.2
698.56
284.67
791.24
756.29
482.69
640.41
709.22
469.23
588.87
166.61
139.26
114.58
699.01
463.33
502.87
301.98
733.09
584.73
370.04
436.15
467.46
599.3
93.21
178.99
45.49
173.5
381.84
750.02
669.24
371.26
490.9
586.5
698.65
551.57
324.52
431.77
562.5
20.7
382.94
721.69
205.57
206.8
702.25
713.1
215.12
174.29
274.63
384.93
108.32
272.68
221.05
544.5
197.25
347.86
154.37
495.75
177.07
93.63
783.56
172.48
712.11
698.75
623.54
414.39
165.02
119.07
506.36
274.53
216.73
258.55
527.09
61.17
94.21
687.77
189.3
52.26
206.33
627.43
82.03
411.25
192.16
421.8
582.2
286.17
106.16
209.33
757.19
241.51
383.51
332.77
173.7
196.52
495.49
119.47
350.86
333.66
640.83
588.72
731.99
376.41
23.44
609.06
52.59
290.82
677.27
521.19
639.28
782.06
31.46
563.55
60.7
689.56
57.55
181.95
768.54
211.52
792.15
675.27
705.96
745.55
611.58
584.7
504.32
477.86
511.7
332.62
173.69
221.39
366.11
262.86
398.02
785.66
793.24
409.52
191.24
390.52
22.2
404.78
47.87
708.54
274.55
371.97
385.41
263.69
793.9
638.75
219.65
576.86
628.19
80.71
356.74
714.18
732.9
542.88
143.71
74.62
86.81
537.93
587.92
406.19
86.22
248.68
278.16
363.58
361.87
406.44
415.89
620.76
587.78
391.19
91.26
346.97
461.14
578.32
458.61
469.38
742.73
66.36
566.67
481.55
297.97
576.3
476.58
33.86
683.95
455.53
320.87
570.41
703.53
304.37
19.21
729.27
640.56
3.72
304.33
477.32
654.97
392.69
751.45
216.91
634.09
530.93
398.06
355.64
254.96
797.27
664.3
741.71
235.75
68.43
506.43
731.19
549.51
134.44
115.96
121.97
769.9
617.98
246.55
183.85
477.25
80.1
446.69
546.19
347.67
502.24
128.14
145.74
336.33
596.45
219.85
343.88
718.03
187.69
96.28
465.73
212.47
463.55
483.43
738.46
469.59
510.49
215.66
39.26
528.37
673.59
166.91
707.4
459.26
398.38
156.95
716.53
156.91
324.05
162.76
134.85
679.27
460.34
299.56
517.95
336.81
436.98
157.42
660.87
64.23
376.94
743.33
496.64
86.84
612.91
44.8
137.25
675.2
350.27
632.9
571.06
56.75
66.71
377.49
187.62
327.91
595.67
292.75
560.52
339.92
143.73
249.53
657.43
264.33
691.09
751.36
296.17
278.47
581.5
400.09
221.27
344.18
134.29
514.93
707.53
363.18
553.29
194.76
129.52
727.48
782.09
126.61
337.95
478.72
40.88
644
668.72
615.5
592.73
159.59
652.28
611.75
713.61
637.43
578.66
173.3
502.19
412.49
226.06
352.73
484.58
705.69
641.52
139.28
438.66
587.49
758.38
784.41
728.46
180.47
178.43
399.39
770.81
287.88
531.22
767.32
559.8
214.06
411.71
283.99
553.54
195.34
594.06
628.88
62.14
762.61
339.35
504.08
535.37
273.58
189.3
291.04
165.74
484.43
462.63
788.37
600.44
118.22
350.97
421.85
87.31
554.92
739.69
528.34
779.79
203.82
704.64
726.18
0.17
188.9
152.37
645.57
235.11
321.87
456.34
483.82
524.98
294.96
768.47
191.74
132.54
96.97
487.32
698.28
330.81
562.3
269.25
59.61
582.1
56.66
329.26
524.32
204.3
538.91
147.71
300.07
517.26
329.9
591.22
322.76
114.72
225.5
591.65
649.19
421.93
163.77
328.56
732.84
780.34
385.12
229.94
187.32
769.13
674.76
109.85
410.93
412.65
549.55
758.14
146.54
555.77
267.73
349.59
379.29
476.37
431.84
9.86
631.65
253.37
572.31
209.23
665.56
472.21
750.19
707.37
523.95
572.25
324.45
319.22
582.51
770.74
624.99
288.76
370.76
50.12
207.08
783.74
214.19
1.49
591.61
447.19
261.81
478
650.67
730.24
651.18
316.83
383.56
795.34
497.07
329.18
262.82
294.15
550.34
483.47
284.85
97.43
626.55
393.41
41.56
89.31
585.05
398.31
17.98
612.88
632.9
136.32
693.22
787.31
356.73
595.12
271.15
174.15
569.14
183.6
317.71
411.17
71.06
294.12
596.74
28.01
656.33
456.18
14.76
552.89
373.27
487.46
751.45
553.39
494.87
135.98
492.63
706.3
496.36
524.48
1.17
558.4
183.67
268.46
740.09
577.64
663.26
321.07
292.41
493.12
429.2
319.17
729.31
718.54
724.97
270.78
612.67
467.93
296.61
319.82
676.98
218.49
90.51
361.54
590.15
370.22
774.87
607.54
760.58
572.03
192
145.14
625.27
300.87
474.49
408.08
571.82
369.21
311.7
488.51
346.93
483.48
740.22
428.67
372.4
778.26
389.11
721.98
127.05
693.26
349.81
41.91
568.25
573.88
171.03
634.07
666.24
434.36
61.45
165.23
775.81
97.6
774.97
363.35
619.23
562
459.72
688.82
758.63
332.91
377.02
238.88
355.31
709.31
1.7
546.14
722.65
333.94
688.92
11.9
267.36
242.81
351.55
793.68
254.44
101.96
152.11
679.35
778.99
69.66
266.14
236.52
474.73
556.14
494.88
477.69
579.49
160.7
115.51
348.05
83.99
653.01
793.06
144.41
456.27
362.07
645.92
611.6
122.63
422.95
361.02
98.29
317.81
641.26
706.07
421.53
320.88
500.82
274.81
247.76
717.72
507.55
435.13
488.72
195.82
416.24
634.4
195.02
512.35
110.67
370.42
409.75
107.98
532.95
636.9
369.14
674.6
188.92
17.91
556.63
312.67
175.93
502.64
174.13
650.08
749.52
216.59
149.13
2.95
750.17
592.3
121.98
324.13
335.05
489.59
683.64
774.26
459.51
366.58
753.33
609.34
373.77
625.08
275.08
542.21
185.31
590.88
597.07
662.77
742.1
130.41
323.78
139.44
608.05
198.43
35.93
787.97
97.48
59.29
551.61
91.92
128.98
58.88
189.21
792.88
34.59
601.03
716.38
180.63
456.54
257.03
496.46
127.98
659.21
222.62
38.29
621.85
121.84
385.36
627.8
494.65
255.51
80.92
639.44
76.94
250.5
164.85
322.7
197.95
159.46
238.7
450.72
769.55
347.01
77.05
114.59
310.62
497.53
548.97
20.04
663.64
697.81
355.73
369.93
582.81
208.25
461.53
504.21
744.09
742.06
171.33
2.88
270.97
764.2
211.1
677.17
307.45
711.26
743.6
752.11
132.17
486.27
508.78
261.43
707.79
648.96
574.39
325.01
278.94
33.33
689.18
661.55
768.72
583.83
199.54
273.98
761.22
274.05
564.09
616.21
451.79
654.25
193.24
173.18
58.39
540.85
411.78
555.78
450.16
630.69
706.49
399.33
711.54
389.1
11.4
521.26
223.03
342.07
488.3
81.1
124.28
698.94
225.97
619.83
397.94
206.68
163.37
26.04
229.14
294
645.39
374.18
76.48
250.43
321.85
153.68
377.06
202.97
555.21
549.96
307.09
217.14
287.77
3.04
444.31
155.17
395.05
440.78
10.17
257.13
103.43
454.53
364.76
553.94
514.34
199.16
74.91
594.69
398.29
494.22
577.89
357.71
621.1
688.74
532.44
101.23
301.38
124.03
467
370.28
593.27
601.77
255.3
101.85
349.77
747.84
763.81
374.16
450.82
689.81
549.3
391.34
411.91
220.42
321.56
259.63
760.97
705.49
31.15
484.67
126.16
229.74
741.81
408.03
443.65
497.51
10.92
561.42
557.32
438.24
742.56
516.7
180.15
597.55
767.43
698.46
177.68
33.63
650.18
94.42
424.97
497.22
270.58
610.49
593.61
287.61
726.68
451.3
62.24
782.94
775.24
501.33
159.54
14.87
201.35
780.27
191.97
691.7
301.15
84.3
265.7
20.73
206.66
80.64
16.49
365.45
610.27
526.81
384.26
458.12
34.62
328.83
574.67
342.63
73.5
563.72
202.94
30.62
448.46
394.67
733.2
460.85
249.07
45.92
608.53
142.54
603.27
216.89
368.72
74.35
591.4
1.7
719.42
300.4
640.77
20.58
384.79
227.73
321
455.95
396.64
765.21
12.5
545.43
594.69
736.55
754.5
780.28
154.79
517.29
195.2
361.7
199.07
262.99
251.62
185.9
617.52
286.87
417.21
379.89
416.2
102.21
418.54
708.24
739.27
625.7
545.41
441.59
126.18
530.23
391.09
433
452.78
293.2
358.19
754.72
674.48
284.66
65.47
787.25
344.85
283.11
517.49
333.1
633.65
68.18
400.07
308.71
763.95
372.93
294.44
202.32
47.35
87.31
125.54
519.23
421.36
336.1
581.15
1.51
586.45
208.14
708.33
607.76
611.99
53.01
369.48
521.18
553.34
243.91
269.54
312.56
221.33
674.89
3.22
613.62
655.3
506.12
471.4
587.14
639.29
136.19
147.21
296.75
83.95
546.1
455.29
104.75
338.14
653.19
711.28
457.78
284.82
35.37
497.75
190.44
356.06
700.39
431.95
266.2
737.45
167.81
708.18
261.32
474.57
206.9
13.04
574.31
724.89
392.85
205.22
335.8
134.48
707.14
232.34
648.3
595.88
155.74
271.59
484.86
307.28
303.31
449.38
543.52
373.04
660.63
83.47
602.49
694.35
725.6
112.05
5.25
92.97
590.53
164.91
354.94
670.51
94.01
178.2
196.32
387.48
399.17
204.76
795.44
104.39
109.02
100.67
305.94
739.62
105.1
644.61
737.59
343.91
631.79
298
763.37
187.06
635.11
34.31
126.28
270.86
326.84
38.23
58.04
762
747.37
588.01
794.82
312.56
202.99
648.25
726.78
492.3
338.67
546.48
574.24
691.83
565.93
604.35
479.5
244.08
617.18
486.71
220.54
245.76
768.72
733.75
672.8
123.71
373
422.34
352.51
198.29
555.43
311.6
752.09
118.88
389.49
200.35
783.35
81.36
30.32
78.28
596.91
38.68
58.84
413.17
461.66
413.95
703.53
221.02
653.01
8.79
55.61
711.3
74
601.79
344.99
122.37
385.28
599.89
650.02
9.68
153.68
658
337.12
494.69
676.39
719.18
243.69
749.1
262.24
347.07
761.17
399.54
517.72
14.07
345.63
715.32
317.44
152.46
359.87
256.37
168.09
403.96
690.41
152.82
678.53
473.94
772.62
464.49
259.94
232.53
501.82
287.94
187.3
11.49
630.57
668.34
316.77
57.49
423.42
741.15
496.42
83.82
134.45
200.11
467.1
616.72
391.39
479.28
761.3
482.14
145
580.56
288.74
798.84
796.81
131.6
621.81
366.85
5.02
46.81
124.07
603.93
648.51
268.04
694.36
424.27
278.5
128.2
723.92
153.89
479.99
591.04
425.97
492.35
513.91
734.72
93.76
177.25
395.27
587.2
700.65
146.12
84.64
446.58
48.48
548.21
703.17
562.34
52.28
156.22
92.05
221.28
773.83
40.45
799.03
483.22
268.83
185.5
769.91
302.7
67.66
788.92
745.54
692.52
409.48
478.47
605.18
306.01
61.83
299.04
52.41
602.36
21.73
210.01
204.63
202.14
762.95
170.55
585.83
533.79
286.01
35.4
506.28
2.44
355.7
224.94
679.11
690.32
730.27
25.3
482.47
164.19
296.66
647.42
431.81
250.38
445.42
121.71
175.25
86.22
190.17
266.93
100.84
350.19
240.58
38.76
295.51
698.41
195.92
260.57
415.7
472.27
292.13
74.67
623.97
671.96
120.42
215.42
217.91
151.07
315.28
703.43
107.41
385.24
227.12
730.38
498.98
545.53
341
567.52
199.61
249.01
124.57
194.23
165.19
641.18
28.16
394.12
118.95
713.05
584.72
617.61
416.2
671.92
425.53
78.04
678.79
137.28
208.73
340.39
76.02
361.31
514.69
431.16
662.3
717.13
434.51
394.99
484.62
248.11
302.45
468.49
5.59
377.59
797.43
59.24
615.55
267.23
96.27
354.71
581.11
434.13
531.46
288.24
132.17
288.86
379.53
276.32
544.54
58.34
157.86
66.85
102.4
116.69
500.29
289.07
796.54
490.61
641.22
680.12
288.03
682.77
173.04
163.78
166.42
417.95
322.4
590.25
399.15
707.24
508.07
734.21
792.6
109.94
494.34
686.98
723.94
308.25
798.71
431.93
638.14
532.55
562.67
721.96
243.32
746.02
498.98
439.61
787.34
94.27
577.51
293.34
67.27
551.86
703.02
706.15
623.67
605.05
106.84
634.58
692.92
754.02
506.37
766.32
579.57
584.72
606.91
407.92
465.13
410.04
585.35
493.38
41.69
57.69
16.13
281.74
715.66
499.35
561
537.34
39.27
95.53
783.06
391.18
617.4
267.75
527.74
659.74
585.79
491.69
706.84
455.49
690.48
443.79
33.02
511.95
266.31
652.04
343.06
709.2
494.91
739.53
277.72
196.25
631.14
239.33
258.09
660.03
176.66
586.23
311.08
273.31
573.46
393.1
33.7
160.56
576.82
563.78
754.08
264.03
353.87
396.31
294.44
94.59
559.34
783.59
341.09
462.66
509.38
462.4
139.92
233.83
337.6
450.24
531.21
688.75
86.87
610.73
796.43
365.27
551.21
427.23
274.35
61.37
486.05
229.05
442.17
435.85
657.19
757.16
766.69
133.12
322.9
29.06
12.78
755.91
794.95
720.34
588.49
258.62
154.45
388.53
444.22
628.27
626.06
777.3
633.82
390.69
168.97
357.28
247.01
311.18
137.56
331.55
377.28
703.17
464.08
632.48
599.54
255.66
375.97
425.34
356.2
481.53
212.67
590.36
743.02
247.04
274.05
636.16
55.88
336.05
410.93
501.18
772.74
464.87
390.9
35.85
74.78
501.98
45.18
177.39
32.59
574.81
683.37
563.32
723.39
480.51
720.85
789.7
325.3
421.67
421.96
694.39
407.25
537.89
779.19
761.13
50.34
199.78
597.9
675.5
432.12
57.06
63.34
453.21
685.16
507.7
179.1
632.24
737.05
66.14
484.42
61.12
253.33
759.06
236.06
619.37
370.17
610.1
190.86
277.94
680.38
22.6
253.56
498.71
167.44
201.82
586.96
653.96
423.07
353.93
641.88
467.64
96.63
382.61
306.68
284.11
690.79
696.14
737.84
321.7
326.38
4.27
513.73
569.15
331.65
501.54
660.68
144.93
555.02
209.18
304.49
516.63
77.02
276.22
599.52
319.81
782.4
280.2
88.43
38.26
132.76
44.05
103.31
494.67
667.16
699.82
313.18
671.31
217.63
609.1
725.74
167.49
37.63
389.83
136.73
189.25
537.12
32.14
419.05
708.88
449.63
704.31
27.48
785.59
294.47
775
290.32
662.52
95.24
534.41
797.02
290.53
96.26
472.66
389.99
756.7
429.95
7.39
576.57
751.41
89.69
136.8
376.67
419.2
572.11
789.16
18.6
702.95
583.86
294.33
369.94
234.9
109.17
737.52
648.57
546.71
44.73
798.16
778.12
696.52
346.08
411.2
665.4
126.78
366.49
310.53
252.57
745.78
357.63
199.86
78.11
88.52
249.87
22.46
62.22
170.1
757.54
590.56
272.26
657.86
326.41
68.87
403.9
616.67
586.39
398.45
787.66
251.08
573.23
728.98
681.2
104.85
370.45
732.9
392.71
110.32
34.01
272.29
215.05
714.62
130.67
82.57
453.13
574.4
271.68
783.25
48.61
211.92
577.81
348.37
176.04
457.43
421.55
445.69
205.15
462.7
292.88
30.63
415.66
567.74
173.37
175.11
115.64
288.58
640.96
643.38
224.5
115.86
425.64
216.84
226.68
269.92
497.62
278.92
330.39
753.24
691.67
761.73
455.03
467.91
458.97
194.24
462.7
72.72
363.34
302.59
164.29
764.47
507.89
757.44
618.5
98.32
669.16
244.04
42.67
36.22
281.99
402.62
701.23
307.32
233.99
672.98
726.82
654.16
294.79
84.87
498.29
132.62
42.64
654.78
102.08
597.16
626.61
91
267.06
205.77
628.02
5.41
532.75
418.74
494.47
418.29
674.52
783.47
493.91
763.09
782.69
528.77
717.57
30.23
352
518.49
453.38
251.63
363.14
590.04
166.11
527.49
332.81
641.84
486
628.53
619.79
6.29
420.19
480.32
40.37
723.49
50.19
8.77
30.51
655.29
5.44
624.67
603.16
623.23
113.59
411.93
787.97
779.36
329.08
358.99
114.46
460
666.53
14.89
741.86
591.48
762.25
725.53
784.33
508.56
254.65
558.32
567.33
511.28
505.99
500.55
286.11
456.25
65.7
608.45
634.47
713.33
152
739.32
634.58
381.53
423.38
231.42
60.95
247.92
561.76
796.89
307.84
426.33
330.73
228.54
676.98
168.93
723.47
95.91
371.9
627.81
741.43
223.73
712.88
722.7
178.98
459.43
187.45
492.51
631.02
384.84
332.69
577.66
541.71
668.68
54.7
136.07
174.14
280.58
538.46
533.66
672.79
452.02
440.89
373.13
235.69
466.9
574.19
685.65
620.05
432.32
416.78
712.83
199.52
721.49
676.1
780.53
161.37
530.77
526.37
110.02
694.66
711.4
92.9
789.3
189.14
594.92
142.81
785.24
764.3
484.12
677.6
796.37
643.69
79.59
749.48
554.06
361.72
417.98
302.21
430.86
320.81
240.31
703.05
780.24
452.84
613.33
697.4
300.66
153.57
176.18
405.16
732.4
219.81
574.54
628.47
162.12
15.46
247.19
731.17
251.15
41.61
777.19
6.66
3.64
582.17
369.08
689.14
635.01
717.51
750.11
753.91
771.12
159.65
782.5
796.95
73.29
600.38
624.49
9.86
618.8
144.2
689.48
625.97
207.44
308.53
718.42
276.3
610.74
704.84
292.35
686.4
171.19
684.91
127.72
688.41
731.57
141.54
740.99
771.15
424.79
753.79
537.19
200.98
611.6
602.01
239.48
311.85
127.73
484.08
536.81
7.55
573.51
404.84
559.9
15.06
644.98
332.2
441.7
10.16
184.36
363.2
701.92
177.31
745.83
554.17
348.8
455.78
249.47
263.51
517.33
635.23
776.96
257.58
690.89
604.56
669.65
280.33
214.7
496.84
83.1
24.83
630.04
294.36
655.78
623.43
219.01
690.55
765.26
734.23
232.91
556.04
261.26
122.32
700.48
635.27
651.16
417.08
427.55
415.06
128.09
326.17
561.8
130.16
294.8
739.85
451.61
287.57
708.76
387.66
508.95
654.44
749.29
70.09
419.7
720.54
298.9
429.6
430.87
508.3
506
141.38
477.67
583.72
306.19
768.12
736.31
392.64
243.05
70.67
508.65
705.05
484.49
680.69
748.9
153.07
522.99
44
422.28
400.67
63.56
77.87
269.61
744.24
196.17
190.12
614.48
72.95
449.06
547.33
463.8
626.75
283.56
763.18
254.7
583.54
405.38
206.9
322.58
300.35
700.31
547.67
533.34
460.75
194.89
715.81
719.49
41.92
241.9
193.87
666.45
701.77
189.88
665.16
272.17
79.04
573.92
562.71
133.53
158.61
774.02
245.67
370.7
662.02
668.6
169.9
250.1
135.93
680.32
520.72
764.52
566.75
724.43
13.23
591.82
457.92
178.37
658.17
565.59
279.15
3.85
43.24
647.51
754.27
236.38
71.76
726.56
452
573.47
169.98
706.68
52.79
477.64
464.2
412.84
352.68
539.73
352.81
732.72
596.32
575.59
373.45
192.72
470.66
179.3
203.37
102.63
580.86
521.67
504.74
346.35
421.16
428.46
601.75
102.52
50.73
398.14
185.71
337.08
579.69
424.92
431.94
738.26
560.1
312.62
559.41
365.12
556.56
489.48
300.73
430.85
256.91
94.15
365.63
471.33
660.07
483.17
316.1
421.73
325.61
335.23
585.23
289.62
374.16
523.78
355.88
710.19
30.9
474.01
178
242.7
697.26
402.43
204.82
691.03
134.59
407.97
233.99
214.73
197.77
318.84
232.95
162.61
757.77
793.77
491.57
641.13
228.89
274.2
615.43
116.61
607.16
255.65
476
240.89
140.15
330.69
554.16
171.78
369.4
136.05
768.89
599.99
441.59
64.84
60.13
285.88
621.42
279.92
404.72
793.02
607.91
196.75
766.47
747
141.14
334.47
661
435.49
67.02
80.2
214.65
446.7
82.12
313.7
55.63
155.34
65.98
422.93
567.48
725.86
203.83
480.78
179.58
380.65
47.16
63.92
446.75
220.66
343.44
88.45
376.39
556.73
272.84
308.4
334.14
616.03
39.61
359.82
401.16
414.73
273.72
220.71
524.21
629.19
536.66
383.52
107.06
542.13
749.8
672.64
660.33
779.94
471.29
207.99
525.49
69.47
241.75
95.76
13.44
217.24
433.84
151.01
519.59
335.36
722.4
46.28
292.97
606.32
517.51
285.75
208.81
280.61
367.44
7.71
423.79
84.29
453.75
24.67
95.93
251.48
794.14
49.87
331.89
792.13
152.32
397.48
271.37
420.15
609.27
62.86
217.06
71.28
108.09
227.1
319.76
716.15
548.07
447.96
655.53
317.27
373.6
258.97
136.09
744.96
741.34
469.98
528.51
146.4
165.56
665.45
193.94
337.5
225.29
749.88
594.56
16.8
478.31
339.07
494.97
176.23
477.61
546.46
374.1
246.79
78.81
500.29
496.51
611.7
622.64
708.11
425.76
318.92
43.64
51.45
637.62
60.87
606.79
80.96
706.93
413.77
709.76
161.61
247.05
34.58
702.41
165.88
532.05
418.32
756.89
177.55
739.45
406.95
679.28
68.54
391.12
136.18
185.91
327.3
567.69
266.55
635.39
632.4
60.48
796.82
778.4
176.83
301.08
185.66
89.08
161.74
220.4
9.95
776.1
108.38
286.32
747.05
200.64
656.79
92.2
651.75
216.04
636.33
389.69
205.15
233.32
25.59
281.02
239.27
13.84
53.39
515.16
190.22
232.79
529.34
556.16
213.88
328.68
639.03
253.37
387.66
463.77
5.54
6.41
16.91
438.64
615.43
416.58
54.75
736.85
601.37
757.37
64.97
137.1
598.08
639.55
780.47
362.97
4.78
108.64
575.35
204.05
395.52
389.91
603.03
188.8
791.4
664.15
28.94
193.69
84.3
422.54
730.46
538.42
286.12
428.35
418.77
166.77
619.01
509.73
462.84
308.99
761.99
128.48
572.44
663.56
327.22
619.59
762.74
252.12
112.78
442.59
755.31
332.22
699.63
398.74
211.94
301.43
550.01
575.5
380.24
406.37
56.74
779.13
163.63
163.71
704.21
376.7
268.19
725.74
379.46
161.4
166.28
275.51
724.98
79.96
411.06
641.22
163.3
324.54
731.25
330.46
589.23
553.29
639.52
307.34
471.88
38.92
120.14
317.75
785.53
104.97
771.23
33.46
274.12
658.64
714.48
513.55
55.47
769.06
154.96
759.42
471.86
601.24
665.47
685.06
319.68
730.01
583.99
461.77
744.15
459.39
772.41
186.43
495.44
540.35
786.26
44.62
3.33
107.31
103.8
298.37
258.63
90.84
61.61
593.69
26.57
745.37
379.47
166.52
549
1.16
434.42
164.75
32.1
686.14
325.99
427.04
199.03
607.86
456.77
678.66
216.28
425.23
456.5
59.69
409.94
733.22
27.77
567.4
541.2
73.76
341.43
401.43
91.31
439.71
588.47
355.01
381.58
596.28
740.39
157.77
23.99
565.78
691.24
100.28
71.43
108
614.69
231.73
438.25
316.49
639.32
337.15
747.7
657.93
127.06
712.64
199.84
773.73
404.32
347.25
571.14
439.08
371.33
645.85
132.57
503.31
746.85
108.2
641.11
429.66
355.3
324.59
239.95
493.12
590.37
628.96
385.13
25.15
784.67
41.82
724.57
473.69
369.83
472.36
119.85
693.17
24.46
603.85
319.07
472.28
573.85
719.12
490.11
11.87
59.83
189.57
653.97
87.08
149.07
787.4
288.25
155.72
519.7
765.69
347.7
757.39
323.61
263.74
359.67
759.04
546.36
419.46
342.39
521.13
680.06
517.88
509.57
523.42
395.41
511.56
514.31
660.19
75.13
266.03
458.85
212.26
366.04
579.9
174.73
32.76
696.55
744.01
105.04
322.65
298.24
429.22
285.78
393.53
238.74
463.29
155.59
413.53
648.41
90.01
193.52
720.16
2.75
637.89
266.61
516.39
464.99
764.17
296.63
584.95
611.93
71.76
436.09
317.88
607.98
370.5
104.13
290.88
490.73
58.62
238.42
418.44
596.71
603.37
64.4
500.45
227.16
542.97
195.96
34.02
616.13
365.25
203.4
326.6
116.85
752.04
45.97
272.25
469.32
700.46
530.53
400.84
227.47
563.26
236.19
617.3
396.15
586.88
179.68
632.55
629.33
525.33
594.46
101.97
262.6
501.24
739.51
93.06
54.55
185.11
536.04
296.18
524.66
721.42
599.42
472.56
78.92
453.45
222.39
369.33
190.36
209.35
135.5
786.74
190.15
217.28
438.51
211.51
574.01
485.66
671.04
606.92
338.8
10.37
128.65
752.72
718.34
752.84
485.86
632.81
149.86
592.83
777.33
763.62
85.35
536.21
504.07
247.35
38.18
178.79
656.46
38.73
383.57
23.91
659.64
385.55
128.77
187.6
448.12
6.94
671.68
660.26
751.74
143.43
24.45
435.5
167.29
770.61
189.86
741.84
157.75
204.07
264.14
402.99
301.73
257.83
36.95
109.66
317.58
580.65
11.55
482.52
169.06
358.3
704.28
55.55
782.15
202.32
161.64
433.94
748.72
634.42
685.58
664.28
784.47
130.61
798.27
97.96
200.96
156.95
314.55
521.07
590.58
20.6
408.15
779.07
191.43
159.95
713.76
308.44
794.81
360.79
52.76
553.06
303.27
628.86
430.94
391.51
710.86
0.59
569.13
171.17
94.69
479.51
701.1
265.15
611.77
602.58
682.16
614.95
510.01
343.83
20.23
503.29
708.09
76.4
152.81
228.2
110.12
266.01
730.59
154.06
457.89
482.95
534.77
163.85
421.61
61.69
713.08
625.25
51.63
97.05
561.6
772.26
10.57
365.47
672.94
28.78
395.7
415.88
493.23
92.75
25.14
439.74
673.37
418.73
557.48
55.75
575.96
355.07
749.93
280.79
407.94
277.1
430.3
4.37
570.43
396.81
661.06
47.79
548.65
578.33
555.1
329.02
284.47
1.29
361.4
458.61
103.33
574.52
678.07
260.73
180.71
256.2
41.06
327.18
383.37
645.56
443.99
704.86
48.5
206.83
456.13
663.58
679.22
763.75
85.39
638.25
129.67
404.02
579.47
549.33
725.99
109.29
635.67
377.97
226.66
774.28
48.41
126.33
31.97
623.94
673.32
138.29
777.74
95.44
132.27
695.29
441.41
770.72
568.21
662.9
588.6
295.03
354.34
139
702.7
478.27
614.56
363.79
132.99
776.6
162.85
392.71
795.14
20.61
143.82
525
536.18
495.07
346.53
347.3
253.46
759.15
343.05
799.21
771.02
364.54
548.69
532.26
277.29
559.2
312.5
166.19
472.89
746.43
80.88
735.21
691.03
119.58
665.13
549.48
659.54
351.55
714.75
638.68
1.76
210.01
692.4
265.77
91.46
151.57
184.5
52.57
62.52
201.89
724.54
363.58
555.79
568.08
402.18
506.93
525.88
194.9
492.89
372.75
159.44
397.76
442.57
190.15
410.88
788.73
243.88
309.5
730.86
319.23
618.83
352.92
72.03
38.18
732.18
91.93
575.37
567.1
380.34
175.87
543.6
584.54
309.24
703.95
127.88
405.26
624.15
119.77
91.5
323.53
355.25
39.34
684.4
38.06
180.58
101.85
747.61
618.24
58.04
363.94
425.01
257.75
68.12
522.14
685.12
313.18
795.57
713.49
629.41
499.92
520.54
263.92
232.22
242.17
553.82
5.96
454.88
228.4
549.02
193.5
261.39
284.53
249.17
794.22
655.23
623.94
142.31
783.8
223.81
511.37
70.4
23.18
201.05
785.53
555.76
683.44
418.49
430.1
518.47
279.8
195.88
540.48
733.67
784.4
666.75
494.74
252.41
483.7
765.34
57.62
308.18
182.3
408.93
382.65
797.16
211.69
235.54
734.16
286.65
314.17
721.23
424.33
594.27
114.88
353.49
311.29
372.35
555.73
627.84
308.98
583.54
464.31
187.26
457.42
583.83
108.71
423.94
644.54
57.56
22.26
6.6
283.47
635.4
42.78
79.73
188.66
669.21
160.77
244.36
220.98
384.44
56.53
594.28
30.85
446.21
324.57
539.98
361.76
213.33
113.56
657.51
718.5
454.87
324.16
608.82
299.71
672.7
241.1
589.78
611.75
237.94
154.38
151.82
175.77
625.26
598.36
9.96
111.28
609.78
393.22
108.1
373.09
332.55
177.29
621.35
763.59
772.77
793.43
302.32
54.18
434.71
797.35
138.02
610.44
777.55
259.51
287.71
674.95
668.88
341.18
721.7
506.91
672.91
91.54
601.03
298.43
148.19
246.6
720.14
77.25
758.48
482.23
428.57
481.68
510.11
577.61
443.61
400.02
298.21
303.99
520.53
386.93
528.57
405.48
286.34
580.03
339.35
120.34
59.1
490.69
507.46
718.93
769.93
526.64
544.39
784.17
473.99
220.36
93.2
366.69
126.03
497.53
92.17
534.3
228.51
382.52
625.57
40.26
110.62
467.48
72.1
283.33
191.83
503.85
42.22
523.06
668.04
552.91 /

COPY
	PERMX PERMY  /
	PERMX PERMZ  /
/
MULTIPLY
	PERMZ 0.01 /
/
