---------------------------------
-- Permability values for SPE9 --
---------------------------------

-- Permeability distribution visualized in figure 5 in Killough's paper
-- Killough says 'The input data included in the distribution to
-- the participants included a geostatistically generated 
-- permeability field'

-- The values below are taken from Killough's dataset, they are
-- not based on the figure in the paper.

-- Explanation to how the data in PERMX is organized:
-- Under each LAYER (i.e. K-value), 
-- there are 25 ROWS (i.e J-values) under which there are
-- 24 entries (i.e. I-values) 

PERMX
764.81
555.34
455.93
331.67
555.09
348.73
722.37
301.54
423.02
179.81
436.4
272.5
572.15
697.18
281.46
703.56
565.44
298.76
136.8
623.4
240.19
147.83
785.87
286.79
714.26
688.93
738.32
439.88
452.9
397.78
51.67
64.57
383.34
554.18
391.08
236.31
96.7
697.51
674.99
650.87
634.09
467.02
214.43
286.83
364.02
137.34
375.07
140.17
204.38
374.03
712.63
382.33
409.28
705.29
622.21
732.39
311.38
82.44
252.38
159.83
396.91
657.25
389.91
795.94
588.92
255.08
494.48
272.99
362.69
647.21
644.9
133.74
445.48
446.21
81.96
318.82
503.43
185.13
605.51
470.9
426.12
203.54
604.06
269.34
90.95
175.88
246.38
720.12
755.71
55.14
242.15
67.26
500.79
438.02
486.72
781.4
179.29
375.54
684.87
577.29
608.47
301.7
105.27
547.65
791.97
233.95
254.2
303.12
485.74
602.72
48.54
45.9
362.86
228.81
724.85
792.59
32.02
64.97
174.21
583.49
671.08
614.44
144.2
241.78
313.46
461.16
76.7
733.53
623.69
342.62
762.59
245.03
493.44
50.25
475.92
675.01
412.33
791.57
82.88
431.34
343.1
531.45
419.05
559.94
271.32
461.19
686.55
744.07
789.89
287.5
438.22
672.87
121.43
325.56
587.31
202.08
132.98
445.43
143.21
799.67
422.57
379.05
64.75
731.04
643.87
182.9
230.23
331.61
491.12
614.39
300.57
529.58
10.84
517.85
616.44
143.68
755.59
116.89
511.61
314.64
540.5
747.56
230.36
72.53
429.32
774.25
296.18
671.33
150
389.17
506.52
445.77
580.66
684.45
211.8
214.12
124.11
263.58
171.69
598.26
94.36
93.14
731.53
296.38
441.92
329.35
279.05
222.19
606.55
708.03
637.52
573.12
616.18
78.65
122.33
421.27
306.6
767.5
388.95
150.41
395.11
6.05
690.82
665.25
278.72
48.14
546.02
657.64
21.07
240.93
164.56
107.61
185.12
358.24
788.44
713.16
415.12
427.35
305.78
616.58
695.75
687.13
511.71
523.44
701.91
562.04
377.22
181.9
781.15
25.98
767.18
770.75
550.54
628.22
253.71
76.55
369.47
42.97
674.63
300.1
653.35
444.43
348.1
402.66
562.53
703.25
403.83
315.21
718.74
697.83
18.06
400.42
374.62
729.51
757.15
753.43
597.45
574.53
698.71
648.82
413.2
713.3
124.03
148.21
655.84
222.76
326.63
206.15
242.14
373.71
577.96
155.16
17.92
758.9
41.78
744.46
567.28
52.88
527.14
208.25
217.73
250.91
670.2
340.18
499.62
574.08
446.1
656.3
185.5
364.58
579.5
370.41
745.86
481.38
147.5
458.97
199.15
226.16
702.71
41.3
697.18
675.88
493.09
400.47
144.23
340.75
779.82
201.25
256.03
565.49
655.51
354.73
23.21
656.72
504.67
510.02
457.84
615.96
685.68
395.19
466.17
783.33
709.92
348.42
234.99
726.69
730.13
22.83
730.37
147.97
492.54
125.12
468.18
74.57
88.9
497.87
610.56
573.39
719.13
328.29
497.23
36.2
56.29
104.95
115.92
244.59
300.35
544.11
232.59
59.93
632.48
125.41
357.15
750.84
575.49
32.95
257.71
152.47
588.03
590.65
178.32
447.17
521.17
459.58
404.19
675.97
277.7
553.47
778.91
750.35
664.12
392.84
651.19
13.93
474.4
603.12
380.65
601.76
541.13
301.19
308.69
703.41
641.03
578.26
148.61
752.21
503.56
323.43
341.52
151.61
784.28
242.35
617.19
259.63
201.01
768.29
410.52
591.79
450.87
511.93
690.42
115.64
717.5
594.4
145.45
226.57
540.81
166.41
619.34
263.27
401.96
244.64
33.83
80.73
329.25
16.18
218.26
301.87
81.64
291.15
659.24
716.4
723.41
761.9
742.57
623.1
237.27
381.55
386.82
284.96
484.43
553.28
257.43
633.2
300.15
743.59
492.7
100.51
410.36
183.99
100.48
510.85
414.97
595.15
789.16
100.6
317.51
750.6
240.06
341.97
123.46
435.11
180.92
743.47
86.83
514.25
207.82
483.2
423.07
42.47
368.81
145.35
101.45
729.46
265.17
48.14
644.55
158.42
670.85
193.93
696.84
242.81
350.15
639.08
363.62
335.64
638.18
387.55
714.12
635.63
735.93
141.96
766.3
698.25
543.61
648.71
495.78
420.08
429.85
19.54
464.17
754.22
432.75
99.25
227.24
364.55
285.77
515.58
61.43
170.28
581.57
516.12
388.9
578.43
161.19
781.23
183.38
546.71
228.76
520.33
228.36
215.06
167.51
311.77
719.33
731.67
615.76
70.22
771.92
745.72
384.43
35.88
283.18
405.68
518.33
535.18
195.25
525.63
796.7
269.09
331.94
377.93
478.63
568.78
438.54
708.06
384.69
550.85
545.51
336.45
275.77
553.78
116.24
63.65
700.56
340.14
249.04
288.29
116.05
296.42
729.96
469.69
596.26
455.83
652.36
701.4
742.63
742.1
317.4
35.92
428.38
6.69
683.66
104.15
428.55
437.36
461.92
387.03
0.77
41.52
41.34
416.52
286.46
67.99
392.88
390.81
767.65
517.63
792.56
637.39
538.56
200.91
511.02
790.96
421.16
422.21
539.13
737.39
245
248.83
158.47
542.38
706.09
19.06
610.29
128.53
266.43
212.85
466.97
119.91
89.37
669.92
511.07
373.88
94.59
658.23
667.9
757.98
452.2
610.14
252.9
342.17
35.98
664.42
706.54
293.09
766.57
690.06
797.96
500.61
16.66
757.41
659.75
149
767.62
659.41
1.58
624.64
398.7
331.37
734.58
789.06
620.81
273.77
619.2
555.48
198.1
512.78
517.76
790.98
279.87
332.93
76.34
128.12
29.64
739.99
467.06
384.98
613.17
336.48
599.7
229.94
382.9
152.05
306.99
350.96
398.66
346.12
428.41
379.06
589.71
292.73
677.8
400.58
155.98
486.54
621.43
467.01
180.92
450.42
112.57
190.77
627.41
80.58
100.17
55.35
455.22
109.53
415.53
210.89
683.07
792.89
205.35
688.13
12.18
182.17
582.36
66.93
48.15
766.8
728.42
273.48
481.75
547.41
345.41
587.74
139.66
138.44
525.32
343.47
103.6
785.32
273.32
314.21
764.1
573.6
181.08
336.74
521.78
252.71
104.34
30.2
123.43
786.91
543.45
763.13
491.15
229.54
44.51
791.74
296.08
408.53
656.99
109.99
111.67
529.63
539.66
349.57
723.07
550.99
121.26
384.18
403.99
31.29
644.48
565.45
777.97
52.76
417.4
143.18
654.44
312.63
664.22
733.42
466.67
106.41
636.2
158.85
189.54
441.74
34.77
705.98
126.39
387.61
743.81
536.77
407.53
103.26
294.67
743.38
432.01
273.81
267.25
605.74
362.26
251.14
502.75
31.43
408.77
484.1
55.47
515.3
206.1
61.6
754.08
543.43
628.27
453.13
349.24
390.05
363.35
8.23
508.29
78.14
538.24
222.7
724.2
21.03
260.92
531.38
54.92
251.67
178.76
310.99
305.83
206.88
700.84
158.71
200.83
341.55
622.46
24.55
411.82
253.58
753.19
448.73
534.08
415.29
427.78
219.29
356.51
0.03
783.46
600.19
160.66
131.3
328.22
131.74
234.27
212.45
116.69
462.79
323.75
487.15
268.78
339.3
383.52
250.28
297.24
265.71
524.49
142.85
239.35
325.93
249.52
364.41
730.56
345.82
387.86
739.2
368.54
715.31
123.67
379.35
564.99
403.26
140.29
275.92
550.62
423.39
465.31
400.91
616.57
120.2
52.65
666.45
157.71
307.32
257.58
217.91
568.6
103.36
303.58
323.22
477.17
553.93
19.78
692.52
111.58
317.65
51.36
30.59
734.65
531.01
540.65
191.03
678.24
248.65
591.1
408.69
210.87
356.96
599.06
208.14
395.24
728.55
201.49
94.76
457.83
540.2
176.82
216.5
521.04
230.83
325.73
767.26
364.64
431.4
557.82
17.72
353.26
382.46
165.09
739.86
100.73
195
765.4
492.99
411.98
284.07
256.66
356.59
26.72
492.99
291.25
156.46
471.72
690.39
52.46
285.22
484.16
352.82
162.17
509.66
69.78
245.63
11.38
508.66
106.63
252.47
8.01
524.8
570.78
31.48
544.45
327.91
486.9
774.6
245.97
449.17
58.79
478.56
771.27
415.06
40.49
213.13
374.24
205.97
679.34
208.29
361.66
76.38
281.08
334.96
443.32
648.82
590.28
300.45
408.23
406.77
283.25
501.53
579.58
9.28
227.64
366.07
335.36
402.09
768.56
135.21
389.93
423.56
690.96
502.55
575.5
176.35
419.84
716.64
189.21
329.97
134.23
506.55
501.02
333.44
95.09
463.67
237.43
333.38
318.14
554.74
376.49
595.55
615.81
95.1
284.08
453.82
473.32
541.37
681.15
143.73
406.66
183
82.42
667.46
48.91
463.89
84.25
796.73
794.29
495.01
779.5
404.94
113.05
554.87
28.04
121.31
173.85
26.74
179.15
423.81
383.37
209.06
318.41
114.92
93.9
465.35
780.35
797.78
523.14
126.86
503.84
652.9
123.58
102.54
65.29
241.78
126.98
92.1
121.01
153.6
485.23
125.82
428.3
542.57
43.91
645.92
221.14
608.92
607.45
40.71
409.58
518.22
58.17
433.87
206.73
27.64
489.13
793.5
619.22
523.82
503.9
577.14
141.75
647.25
129.46
520.78
36.65
701.61
449.14
183.49
676.98
488.45
692.97
62.04
352.27
417.72
567
776
614.67
196.77
34.53
270.23
2.89
224.96
219.06
483.63
785.01
751
356.63
86.18
17.68
634.56
686.89
530.83
318.48
334.61
623.75
660.01
85.27
322.03
606.36
524.26
308.64
6.06
104
125.51
785.55
148.27
179.52
579.88
411.16
347.43
790.22
110.5
436.31
131.24
594.84
665.29
558
79.15
608.88
754.83
410.36
698.27
122.93
272.82
53.17
33.86
506.28
317.4
381.79
319.11
121.39
275.63
264.85
578.95
673.78
663.08
779.99
194.67
565.64
371.27
136.21
314.05
723.87
666.26
790.58
176.75
721.2
69.66
45.33
268.42
387.46
799.74
31.97
583.29
773.04
147.42
321.33
715.24
797.09
57.38
400.85
765.85
125.83
579.4
575.24
701.92
747.63
465.34
540.75
552.82
104.43
202.62
358.25
685.6
240.53
596.09
386.25
778.76
495.4
609.58
577.14
478.57
586.12
615.88
607.4
267.86
530.76
796.13
435.32
24.37
765.46
738.21
29.79
95.76
207.45
287.95
612.94
368.56
780.87
42.5
766.37
47.69
138.49
57.38
634.46
62.47
718.99
336.4
485.25
465.85
479.51
173.6
595.22
296.64
564.55
660.09
282.61
682.22
401.09
441.05
248.66
35.02
62.75
321.06
143.49
61.74
13.8
734.21
580.57
411.85
537.22
711.23
487.64
299.8
26.2
729.39
757.56
47.78
458.56
728.02
500.31
82.32
67.16
538.95
588.51
622.76
767.52
41.95
745.55
286.12
526.05
537.52
553.12
356.51
343.24
527.55
212.78
433.04
270.92
785.9
427.74
437.48
81.86
221.27
431.25
573.86
195.12
605.64
37.55
186.76
485.37
9.56
797.86
54.57
781.2
130.76
426.87
167.63
400.09
413.33
73.96
37.38
396.91
705.39
188.32
547.78
65.73
118.59
674.35
299.47
759.93
687.11
715.73
745.68
48.28
78.14
114.41
649.08
19.05
376.47
611.78
84.56
295.5
694.09
312.49
15.75
230.22
434.01
16.04
408.62
190.09
520.72
558.84
261.09
266.9
772.42
691.08
508.98
295.51
777.17
271.74
394.31
301.6
72.89
371.68
370.31
794.62
709.58
183.33
111.35
167.29
212.38
273.94
485.15
586.38
359.26
15.59
784.22
529.18
125.24
24.05
93.06
322.67
344.29
246.64
273.51
764.11
220.64
425.09
97.03
8.13
765.94
395.59
435.69
49.3
246.03
624.21
548.73
582.11
23.58
439.05
110.16
764.67
646.73
396.3
668.63
208.37
39.64
223.39
612.06
618.72
737.69
94.57
349.8
685.41
581.25
314.84
714.59
62.5
223.45
554.98
528.07
416.46
357.29
17.55
278.52
353.15
624.14
90.06
657.69
153.82
162.5
100.68
153.34
419.15
530.6
217.12
693.16
767.63
51.93
709.04
374.6
14.29
194.5
470.02
103.97
308.89
75.99
312.16
513.71
589.99
582.46
278.15
258.59
599.05
349.74
346.13
12.79
741.75
623.21
582.03
673.73
385.13
550.07
109.6
319.23
108.21
465.23
584.24
490.74
514.59
228.51
295.64
503.75
535.63
336.32
733.38
268.96
790.32
211.63
40.36
401.57
18.94
747.72
773.06
577.9
452.97
187.12
153.42
472.96
756.61
312.35
404.93
210.9
468.85
33.08
635.26
387.33
593.24
541.38
690.17
664.03
154.75
172.67
24.77
295.59
333.94
524.66
685.58
233.8
599.45
673.25
59.9
655.41
203.39
241.87
671.1
313.69
549.5
138.52
586.48
138.82
128.07
330.46
280.77
229.25
96.48
394.37
254.66
602.51
257.93
471.42
274.82
129.52
784.08
246.12
24.65
23.22
517.22
187.71
769.23
463.66
312.7
662.39
43.64
258.05
472.85
244.8
160.15
507.32
139.9
18.75
499.55
32.41
782.17
107.98
101.22
621.12
82.31
527.28
799.45
115.72
446.25
606.4
655.63
57.48
388.27
347.67
612.69
214.94
246.46
543.84
114.02
524.42
0.24
498.94
673.31
332.33
434.1
440.9
389.53
528.7
700.26
146.45
731.48
372.09
402.26
133.24
543.57
165.88
786.98
716.12
566.39
497.47
682.12
685.42
332.95
109.7
54.5
629.59
291.12
297.91
359.91
431.18
10.76
274.01
658.7
241.91
366.77
694.85
748.33
431.43
549.83
277.06
628.77
751.27
563.1
532.89
778.46
126.13
52.23
534.86
428.5
712.56
118.53
551.93
692.43
694.51
167.39
467.39
538.49
653.18
501.29
706.18
708.85
224.17
733.85
761.4
790.17
514.41
632
692.12
110.68
388.36
752.57
27.62
244.42
551.14
689.84
97.47
289.73
119.35
744.22
289.93
396.5
59.05
688.98
631.15
399.09
789.06
725.21
797.41
301.87
639.68
62.77
35.66
80.02
66.31
312.79
547.35
600.07
496.96
102.09
641.72
356.46
609.09
349.03
119.6
762.31
84.79
335.51
15.43
318.96
662.65
683.13
749.24
51.67
33.42
304.97
747.92
795.71
265.8
494.46
202.64
19.12
238.14
557.78
99.68
282.3
309.92
365.21
403.78
99.35
469.41
347.35
652.96
154.54
610.5
409.37
202.97
16.23
632.91
779.5
353.55
606.17
546.09
544.53
414.18
486.58
627.8
92.52
487.45
748.19
495.21
570.96
232.21
71.54
441.23
353.6
597.26
355.77
133.66
212.39
483.61
605.16
641.81
128.01
726.14
332.71
654.73
793.78
246.62
403.62
71.56
528.6
625.28
265.33
87.01
577.75
527.25
101.92
108.15
417.93
570.95
195.07
222.94
653.11
169.28
297.78
683.47
68.28
449.13
675.11
440.53
212.99
328.78
789.64
440.01
627.7
46.98
51.32
613.94
76.08
160.54
254.95
506.73
496.45
629.05
51.36
1.28
623.69
792.39
204.37
588.41
21.5
683.99
229.36
497.76
450.9
101.4
738.86
486.88
227.98
527.25
85.79
730.56
534.06
154.38
113.34
280.12
509.44
599.2
391.27
547.64
45.85
671.46
110.67
615.95
755.49
167.32
745.42
635.69
297.93
498.08
658.04
195.33
331.7
521.32
344.18
272.04
282.68
151.92
290
756.85
778.17
254.78
567.2
569.08
388.19
704.53
346.57
113.1
382.74
690.76
666.68
411.66
659.35
230.23
472.85
774.14
452.78
170.94
636.34
164.32
37.65
14.7
298.3
545.71
655.74
669.13
472.49
392.47
711.47
172.35
647.04
580.84
793.79
286.59
455.74
731.17
15.81
756.6
151.86
45.63
643.41
726.08
454.44
90.32
0.98
742.75
22.08
75.88
711.96
527.26
341.16
408.38
389.62
398.73
735.92
104.32
37.63
17.71
660.38
461.72
569.15
112.37
362.92
382.73
90.24
282.71
604.62
370.9
105.11
514.19
782.37
279.3
205.56
466.73
602.28
405.93
241.24
83.19
641.54
461.87
419.84
319.86
535.13
440.4
198.45
363.35
148.47
532.7
339.13
566.85
701.15
285.19
646.05
331.99
224.55
749.47
554.05
446.1
52.34
126.1
322.98
628.14
163.05
629.25
795.28
217.59
358.77
466.63
316.81
99.08
304.77
794.01
623.05
394.23
616.59
181.97
511.25
691.17
759.76
122.78
40.36
269.77
457.9
21.78
293.91
180.66
211.4
503.17
587.51
606.58
764.84
468.92
125.8
169.75
471.37
559.15
513.14
48.97
732.87
217.94
367.66
686.49
617.51
756.85
302.99
575.22
195.87
720.45
177.75
31.4
291.98
655.94
258.46
642.29
333.43
245.2
751.35
506.29
689.45
292.85
704.33
352.73
514.48
382.32
566.66
187.99
506.26
76.91
431.73
525.44
92.71
16.53
219.8
80.54
162.1
522.16
153.43
516.66
0.65
199.19
737.01
669.93
522.5
366.69
305.31
263.69
349.52
611.4
172.17
57.71
20.97
201.43
446.67
624.97
333.4
442.02
751.01
129.41
312.85
328.16
201.06
519.5
440.25
719.18
316.3
624.41
143.68
166.93
542.26
676.51
290.09
420.6
658.79
281.53
8.21
414.89
57.11
723.6
210.73
587.67
506.34
756.94
181.2
563.18
798.21
446.68
719.15
269.62
432.63
768.96
250.78
672.76
737.56
60.64
733.66
157.3
336.84
680.17
55.66
767.19
77
46.67
312.85
763.81
65.18
601.71
567.57
795.47
647.62
279.78
143.5
638.2
148.85
278.12
37.46
541.86
126.11
714.58
625.54
149.37
126.82
733.23
602.61
547.44
167.91
568.31
761.92
552.58
159.11
524.95
173.48
89.18
409.89
542.03
330.72
300.22
311.07
63.32
359.15
620.71
545.89
30.9
394.5
533.63
387.61
336.83
466.24
294.15
60.44
654.5
495.8
387.64
719.67
175.57
696.86
38.37
523.99
620.94
350.75
600.21
196.28
571.61
198.95
234.3
22.23
631.94
171.23
170.6
315.57
26.36
533.9
664.36
19.25
756.24
49.95
522.25
552.72
155.46
5.59
529.11
8.2
365.7
564.52
496.18
305.7
130.15
246.11
212.96
446.24
444.7
96.41
310.19
397.96
586.02
541.01
544.2
508.87
82.66
519.03
303.53
278.83
616.57
774.51
761.13
370.19
491.34
585.59
285.53
343.14
649.43
195.38
281.27
669.14
482.97
737.72
391.96
242.27
242.73
636.89
142.48
625.89
193.94
615.43
585.19
192.25
720.9
721.25
421.76
542.27
315.19
432.27
192.1
414.3
500.81
393.29
720.76
329.83
385.81
219.03
289.43
238.71
740.62
265.52
270.02
211.83
452.13
651.82
141.24
647.85
495.05
15.65
621.11
760.35
225.7
629.02
681.72
263.75
190.09
642.12
360.74
350.97
771.66
177.12
45.87
248.09
485.7
608.63
48.09
565.38
325.97
147.81
254.15
464.65
378.03
656.13
92.19
262.25
283.64
537.88
401.28
159.81
185.27
511.13
103.32
207.62
455.05
730.46
40.27
315.69
74.83
598.9
310.28
108.5
639.96
508.84
596.45
0.88
172.91
7.82
689.52
540.07
387.93
365.24
764.64
441.56
5.93
466.33
349.84
318.91
201.18
648.35
389.13
523.46
768.67
458.64
778.06
104.77
496.86
605.14
43.37
442.64
87.23
283.96
239.41
414.39
770.3
437.66
246.39
665.41
641.98
433.96
682.06
542.64
35.28
694.32
390.79
628.86
302.49
476.94
19.2
4.2
528.63
467.16
694.57
264.11
639.7
391.17
341.56
543.92
527.4
322.55
15.99
481.78
327.35
204.81
329.58
294.19
382.07
773.82
330.75
146.45
169.27
206.19
85.69
719.58
139.81
230.88
604.68
128.9
675.68
46.46
713.96
665.43
339.74
262.22
383.44
404.16
204.09
241.56
447.78
644.77
487.12
559.88
195.33
188.93
391.71
604.74
424.59
272.17
694.25
719.28
548.19
618.1
288.8
384.51
632.76
196.38
172.23
580.35
341.05
130.47
132.82
127.77
687.28
250.37
646.2
252.51
621.43
300.32
575.17
22.83
59.08
345.14
384.9
342.08
386.68
660.09
439.04
101.94
453.11
184.28
458.19
44.64
264.89
395.9
422.86
501.41
405.87
321.61
700.66
644.1
280.7
384.26
110.12
263.01
385.54
82.99
493.73
341.9
612.16
2.65
404.29
146.08
57.9
374.64
596.11
482.77
349.91
122.14
397.05
293.99
48.7
288.67
123.62
611.5
657.1
785.69
313.49
88.02
609.71
533.31
797.29
508.89
652.87
583.3
700.19
137.28
48.22
266.45
236.53
7
785.48
604.3
127.11
283.35
455.13
85.54
645.3
667.81
214.07
508.48
588.2
506.81
740.59
9.49
671.14
297.85
254.44
529.84
27.98
315.25
68.72
271.86
433.25
411.54
261.23
676.99
209.51
431.47
381.59
17.27
574.59
261.63
64.54
616.19
470.28
656.96
134.82
794.09
324.28
112.32
643.14
794.73
184.68
55.1
366.63
363.09
131.65
486.35
181.23
497.81
632.44
270.87
731.47
182.89
492
65.82
768.99
230.44
481.92
362.04
86.43
399.18
63.23
9.02
137.84
135.58
268.97
739.11
224.29
303.78
679.72
188.52
143.46
464.35
197.4
182.52
646.36
171.31
128.27
660.37
736.17
682.07
734.36
791.63
66.02
16.37
515.22
781.9
755
401.29
133.45
166.32
684.12
613.68
311.86
679.66
787.86
654.22
115.37
780.52
773.76
603.91
447.07
752.8
178.59
111
116.03
397.14
783.48
230.25
304.47
482.68
378.82
786.95
761.45
656
607.5
462.12
342.72
367.18
651.11
267.55
385.91
780.25
657.2
299.1
265.93
571.66
480.71
714.88
136.45
736.92
755.7
353.85
425.94
135.19
498.79
127.82
450.31
95.22
108.55
468.36
541.14
403.27
499.97
406.7
594.61
296.86
248.8
786.94
477.54
282.43
762.51
589.96
682.5
729.28
378.23
238.7
675.99
678.31
92.4
795.96
613.47
87.96
61.87
661.49
136.37
259.57
297.38
75.14
798.5
703.17
774.45
80.68
770.12
796.25
164.16
412.79
350.49
130.02
117.69
623.78
134.87
578.6
739.67
667.66
346.31
405.44
678.54
57.85
230.57
26.62
726.74
545.95
413.38
131.36
134.67
525.71
161.29
792.56
367.76
724.53
357.13
66.55
240.48
438.43
132.57
540.17
677.27
555.66
194.82
80.55
576.57
574.39
465.71
379.51
234.49
379.2
86.63
313.43
424.83
316.97
707.39
718.86
784.34
649.76
627.95
478.65
611.09
302.92
510.59
285.07
64.79
189.45
238.77
408.21
615.27
673.99
463.92
700.91
456.07
39.3
469.24
723.68
324.8
367.53
139.97
5.87
439.44
388.79
110.36
491.73
662.2
200.72
412.52
106.47
28.8
743.19
77.94
745.93
68.63
93.76
468.98
452.58
437.62
213.95
272.74
719.47
179.81
652.86
64.8
276.69
547.62
26.02
525.01
583.65
550.35
649.05
718.26
248.17
480.53
784.78
746.39
752.73
140.28
220.21
19.6
597.65
789.38
473.65
57.87
0.92
532.56
424.07
486.33
189.93
484.28
388.6
194.82
605.01
505.27
166.77
618.46
45.79
638.98
534.5
150.03
29.36
683.17
650.01
145.22
403.04
532.45
506.89
766.86
379.28
622.34
351.72
791.92
517.33
532.67
671.48
734.34
601.5
68.16
497.76
48.38
696.17
478.22
12.78
238.36
402.68
77.35
380.04
227.1
367.83
707.12
450.42
348.59
300.07
441.48
399.09
772.54
132.67
786.65
335.93
459.76
685.5
170.93
645.88
634.86
691.78
789.33
368.44
439.46
461.13
522.07
73
573.51
253.35
613.07
33.02
205.79
635.7
255.96
253.45
63.36
353.73
328.45
767.93
101.74
569.21
635.55
504.55
786.87
341.59
621.49
12.92
322.47
334.89
443.98
118.93
751.55
793.57
98.98
447.96
62.86
790.37
781.07
90.45
289.93
148.3
406.41
718.34
255.2
168.15
51.3
748.3
453.93
171.19
765.73
223.74
594.84
273.48
278.96
273.92
407
779.14
785.99
360.93
481.17
329.92
539.59
233.63
496.24
92.06
630.3
182.02
197.43
685.39
146.92
250.13
216.48
130.58
14.56
572.46
89.66
500.64
358.38
548.77
31.53
388.53
273.07
613.7
661.42
216.11
343.95
557.26
648.06
363.75
475.3
113.35
756.26
145.26
445.28
315.02
120.28
614.1
786.23
720.12
457.58
562.45
337.93
406.33
364.05
748.83
187.71
442.97
410.48
719.42
604.27
141.94
361.08
160.62
204.45
598.07
119.13
114.39
408.22
110.65
707.16
681.49
21.14
313.8
410.86
76.99
151.27
748.03
27.96
584.95
798.72
323.19
318.72
408.91
756.61
232.94
178.02
241.11
633.04
176.82
519.97
292.31
213.64
54.67
403.96
531.31
622.78
178.44
437.19
390.51
715.65
52.44
620.24
762.77
256.99
327.16
199.88
638.05
541.39
400.18
519.69
155.75
777.81
280.4
505.95
509.66
563.84
656.24
574.07
785.34
32.31
664.37
752.91
199.98
392.48
42.75
637.48
166.29
346.53
291.29
145.8
45.13
292.85
320.61
94.26
717.62
639.16
324.98
448.45
153.29
483.27
270.83
789.05
426.49
94.5
782.14
468.08
572.27
547.69
33.25
326.64
280
308.38
799.42
492.38
399.12
452.72
318.61
646.45
248.31
721.95
288.48
307.37
581.49
313.62
364.56
311.17
37.22
755.58
603.15
778.73
366.27
594.6
550
254.3
587.68
86.31
604.91
273.19
772.24
729.98
298.97
94.98
535.23
505.58
27.77
109.8
351.69
195.12
307.15
286.27
569.05
315.63
596.03
143.54
603.91
759.6
514.84
662.59
760.86
765.35
712.65
23.14
465.97
761.39
561.69
722.31
504.65
15.1
399.21
214.31
578.22
19.54
596.7
683.1
247.89
162.96
681.25
166.41
423.1
378.34
620.86
793.45
543.76
485.88
88.53
377.02
397
478.73
506.15
644.92
29.11
374.07
266.8
541.88
281.2
605.29
716.9
231.51
329.37
783.51
619.25
496.38
791.05
397.98
639.51
348.01
284.74
602.46
755.53
71.97
780.17
289.08
286.79
337.24
763.41
303.48
173.11
724.32
619.94
52.46
491.29
293.25
95.06
498.96
759.39
629.73
89.59
786.98
160.59
221.93
44.48
329.17
244.96
321.6
697.22
48.85
724.72
242.54
69.24
26.83
560.03
651.65
644.32
648.23
247.16
376.18
207.61
2.14
619.26
275.77
215.61
249.51
532.54
58.56
99
563.89
761.37
576.47
649.77
679.65
476.04
421.54
83.8
106.06
17.42
173.19
289.91
694.3
575.68
29.73
434.25
555.07
16.67
447.64
413.26
270.04
6.41
298.05
467.53
45.29
494.81
334.89
759.55
311.44
317.31
313.32
271.05
263.27
132.2
507.54
32.25
711.42
40.49
119.65
714.74
782.31
664.31
47.2
434.96
716.32
175.27
88.69
687.98
620.89
52.64
723.01
171.4
30.65
327.78
415.67
737.04
604.81
342.43
99.38
285.98
244.57
441.49
451.07
628.53
301.37
479.82
515.32
5.36
439.36
75.69
97.5
417.05
525.3
357.61
302.5
577.22
675.5
532.91
446.38
92.69
458.79
149.1
762.61
520.11
547.36
602.87
171.03
533.15
774.1
686.06
13.72
735.76
399.24
117.99
622.23
46.74
18.11
631.56
437.88
718.61
548.3
568.1
389.52
87.84
168.63
537.52
558.48
271.64
124.14
606.24
237.07
778.12
564.8
383.75
26.47
123.57
522.44
211.49
328.83
777.3
110.76
747.73
475.07
435.47
221.87
789.89
116.22
175.77
170.44
57.85
76.48
326.85
34.26
330.97
301.48
390.47
712.98
231.68
187.9
271.63
300.37
677.14
466.11
225.28
225.26
684.56
681.24
582.1
391.77
684.55
593.09
785.32
627.79
752.17
235.89
770.73
283.29
158.02
231.71
504.85
422.94
317.09
723.98
470.6
282.75
703.22
686.94
485.43
327.31
65.13
212.04
747.04
394.58
161.95
486.04
723.7
131.39
256.83
747.71
160.29
143.77
441.84
696.96
456.54
469.29
436.37
220.67
493.18
289.98
369.8
351.63
27.22
376.75
42.45
406.27
639.67
51.23
374.53
646.79
71.53
562.3
769.56
192.26
498.1
53.33
4.63
486.09
28.15
590.2
508.21
390.24
523.87
162.58
465.44
660.1
340.55
374.36
310.24
384.25
87.12
285.08
504.51
113.23
215.64
417.03
655.44
678.4
116.13
700.27
389.27
737.44
89.85
753
276.3
526.95
225.41
83.72
587.43
704.54
136.03
38.77
505.5
377.25
718.08
383.09
523.63
406.52
552.51
101.76
539.14
101.96
290.82
388.03
679.32
503.35
271.58
698.64
688.5
778.42
398.79
164.43
411.33
797.51
631.11
715.14
70.77
187.94
576.53
23.06
229.93
362.93
44.35
441.03
345.94
394.42
605.91
562.76
125.9
92.29
760.92
659.61
332.65
150.27
691.98
396.96
136.87
141.9
697.96
47.39
232.4
728.04
491.03
378.22
70.25
197.33
794.62
169.87
637.54
576.8
118.81
470.96
781.52
35.24
716.11
774.66
33.29
334.67
42.53
635.95
258.12
352.51
363.03
248.29
373.1
382.33
330.25
416.89
287.1
61.53
765.24
359.44
90.71
428.12
40.08
28.47
108.75
66.89
352.16
134.8
252.42
627.14
461.42
169.91
12.12
620.92
364.79
316.93
322.49
96.91
658.13
461.21
394.78
644.15
304.94
784.33
426.86
601.2
24.59
387.01
109.76
618.18
322.46
159.14
455.78
75.82
226.97
784.19
527.66
384.69
252.02
16.2
442.3
538.77
351.61
254.7
703.12
234.9
94.19
584.53
514.71
744.34
658.09
621.4
732.97
650.76
582.12
692.9
702.13
31.52
423.92
471.82
796.83
486.65
217.35
551.98
123.52
786.4
578.15
377.5
22.3
570.78
191.85
17.09
55.4
265.1
381.21
675.65
667.25
497.56
512.07
175.12
512.66
599.71
122.27
707.48
633.68
313.54
197.27
673.51
301.62
425.1
178.37
625.98
698.82
148.81
371.29
686.81
157.65
142.02
781.6
1.22
776.51
227.44
785.48
141.18
168.57
649.85
71.23
404.43
382.62
197.3
60.28
98.07
564.83
49.02
5.1
397.6
721.5
760.6
538.27
642.6
770.87
565.58
136.09
626.81
781.28
84.86
242.1
488.06
532.85
321.33
632.57
789.76
39.6
478.81
377.23
97.19
134.21
481.34
490.94
294.75
570.81
442.31
97.46
613.28
779.08
471.76
139.15
292.67
106.47
631.34
697.55
792.16
278.04
427.72
375.55
133.48
219.22
170.26
352.81
555.07
22.44
782.17
79.99
191.17
598.2
223.59
290.65
70.35
619.21
297.94
286.58
703.63
481.47
745.92
185.14
237.32
192.61
542.28
191.08
186.87
550.25
779.65
739.25
605.59
225.11
794.69
661.37
174.56
651.88
271.76
248.49
174.32
37.04
209.27
631.18
549.41
109.58
652.21
553.19
787.12
370.66
572.58
514.99
564.55
65.42
226.74
20.86
251.3
307.15
580.64
722.27
721.05
135.02
337.47
179.2
284.24
656.84
155.67
339.84
531.98
383.45
637.11
89.66
347.63
185.91
110.38
268.13
7.22
401.95
253.51
29.71
328.09
444.99
669.49
209.25
567.13
92.6
19.97
179.95
83
133.88
789.91
110.36
104.19
103.39
73.96
688.79
479.46
747.74
18.08
6.2
79.03
522.38
406.06
673.11
95.07
13.25
64.59
623.93
718.64
189.95
416.69
554.3
413.21
125.42
729.52
445.48
301.4
321.59
200.84
101.89
492.03
643.89
761.44
246.2
575.32
23
727.26
391.63
8.23
75
494.44
310.47
144.55
397.73
626.81
553.43
336.36
605.75
501.42
702.37
29.57
194.65
625.76
243.88
158.1
150.76
581.01
274.85
18.17
576.47
708.95
132.24
766.09
372.97
631.28
299.11
495.03
23.08
273.97
646.58
255.1
560.39
547.56
345.03
104.28
777.08
61.62
382.97
616.23
588.99
229.56
757.77
373.52
556.74
47.99
648.57
305.86
434.63
305.66
181.09
305.24
750.68
117.5
773.33
489.92
655.88
409.75
611.7
146.44
37.74
721.94
793.9
164.58
415.64
296.75
750.01
776.58
798.48
427.94
381.08
311.73
560.37
651.14
722.23
469.12
436.92
549.01
59.97
319.77
134.66
736.88
212.65
258
598.16
560.6
334.75
691.9
482.31
0.68
49.37
752.57
11.86
221.96
152.86
355.99
255.61
208.38
382.93
239.89
498.43
766.11
597.57
365.3
179.22
744.33
322.94
290.38
412.43
316.48
471.14
203.35
433
366.14
213.62
39.12
796.67
484.78
752.45
519.38
656.23
575.34
426.56
57.02
74.58
763.41
524.48
743.96
731.92
701.53
505.88
175.59
150.94
461.08
533.64
731.86
329.37
481.22
70.8
427.14
36.75
1.17
362.57
749.54
171.24
237.03
251.31
395.61
302.25
582.82
647.22
51.98
170.16
92.96
636.5
662.54
164.61
484.04
715.91
167.11
476.8
24.96
417.55
277.05
188
135.05
55.6
648.6
167.44
471.51
457.76
2.59
26.31
557.4
459.03
266.15
266.94
541.29
668.78
459.07
294.7
279.1
712.07
193.15
229.23
331.94
703.94
473.13
767.03
672.92
470.55
94.57
241.57
683.14
145.3
312.33
329.84
627.28
699.02
573.09
665.23
368.43
379.52
91.6
524.7
326.61
126.57
707.37
225.39
248.32
263.03
252.21
346.27
44.04
772.37
261.68
285
468.29
461.14
154.97
278.88
779.21
260.11
415.04
423.6
78.33
763.44
218.44
541.3
330.07
263.29
345.34
752.44
59.59
382.38
29.08
94.11
186.21
707.84
688.74
693.6
120.25
15.62
639.76
421.13
666.6
355.02
289.4
164.82
103.01
488.03
546.89
441.05
540.68
510.29
743.93
688.34
722.52
379.18
706.54
555.84
762.62
24.2
18.27
433.42
392.04
383.94
516.32
683.12
555.44
264.32
9.6
56.29
276.6
121.95
666.41
790.4
9.42
13.05
143.33
180.53
476.17
24.65
517.49
510.9
120.32
546.93
3.28
625.65
268.12
565.87
547.33
3.7
476.87
718.19
516.91
160.63
623.64
137.94
397.48
537.95
526.72
241.21
551.66
170.5
717.99
353.42
154.64
786.26
375.93
752.59
372.53
394.1
785.1
498.33
763.09
377.4
604.06
254.49
228.12
780.71
773.36
435.34
759.85
530.81
57.95
242.41
191.9
412.17
324.44
14.75
524.93
559.97
600.7
267.85
649.74
621.06
616.66
60.53
32.62
169.4
629.43
525.84
661.62
299.45
165.99
501.93
662.05
208.26
779.66
310.25
732.2
540.94
441.16
171.03
424.44
791.94
794.6
685.59
708.88
119.59
174.87
289.87
451.73
543.59
278.33
623.96
191.98
646.19
216.08
706.47
655.74
763.27
445.95
658.59
528.11
212.19
300.85
515.73
413.27
723.99
215.08
403.26
233.09
485.91
496.3
413.65
99.43
343.29
224.35
371.75
284.72
744.35
737.46
523.23
39.01
153.41
119.33
208.88
431.21
789.07
791.39
13.17
132.04
792.33
755.85
42.91
512.6
733
54.55
453.13
556.32
477.59
49.8
666.92
52.46
360.34
254.78
636.23
255.64
254.93
714.85
111.19
654.04
478.33
296.94
229.46
330.08
376.25
98.4
154.22
54.37
449.61
468.81
333.59
206.76
194.83
428.31
136.26
617.52
745
692.94
706.66
738.22
529.76
178.76
566.38
112.91
688.71
346.81
702.72
557.95
498.97
551.94
538.08
650.68
58.91
379.83
133.96
253.59
104.71
661
391.8
264.38
187.14
25.43
635.12
748.79
447.3
507.82
11.32
224.86
81.44
384.52
613.42
396.88
600.49
667.23
521.63
187.99
434.93
181.83
306.97
498.47
482.05
537.32
123.65
736.88
729.84
325.98
567.58
76.06
82.07
658.61
397.79
289.54
590.85
352.54
377.09
747.72
19.61
575.13
776.25
236.09
591.6
330.45
376.76
15.07
105.57
186.02
537.69
262.99
127.76
657.64
540.92
758.67
95.68
52.63
505.98
660.63
600.89
587.97
402.04
5.05
2.84
250.18
563.94
640.29
134.14
399.96
280.86
454.46
775.43
553.76
729.49
315.1
568.99
145.07
72.35
364.53
528.85
355.83
232.86
340.08
193.77
250.76
348.65
689.47
300.9
319.55
386.82
29.95
702.62
366.91
642.33
625.53
8.45
747.3
573.21
457.77
232.89
612.24
510.42
50.79
62.57
272.87
551.46
420.07
750.14
336.21
275.64
343.43
476.77
288.35
10.8
158.58
765.79
1.95
98.7
795.27
562.46
397
252.99
655.13
749.48
621.51
220.92
400.15
174.93
640.35
745.59
10.86
294.95
319.12
376.84
436.63
334.83
704.15
631.28
788.42
535.36
153.77
124.36
448.07
357.97
237.53
123.31
766.18
465.41
622.46
263.25
516.35
39.28
660.62
62.41
194.73
405.03
530.69
338.8
489.76
678.85
535.1
274.73
218.67
784.09
16.2
563.09
668.87
387.97
541.51
502.33
318.82
318.21
241
478.3
413.44
312.43
746.53
149.9
292.87
764.26
411.57
482.51
699.57
297.06
546.13
799.03
472.69
99.87
351.21
566.96
39.03
777.15
156.45
308.12
4.49
608.46
156.69
240.34
600.33
385.15
71.12
484.16
298.21
745.29
49.76
448.76
91.17
30.91
447.77
560.75
441.74
30.58
364.22
257.83
134.77
785.75
415.26
574.2
16.9
664.52
433.07
606.3
312.98
38.27
747.21
324.11
479.59
422.32
612.43
222.7
90.7
374.2
579.67
154.6
494.06
539.23
57.67
69.56
184.9
511.77
218.1
118.43
306.88
568.5
365.23
348.61
84.66
426.45
270.41
170.67
67.54
438.84
60.05
650.88
247.42
394.34
270.07
793.86
276
509.52
77.14
148.28
633.53
630.6
275.8
520.5
602.54
739.18
743.78
68.65
427.69
135.58
710.37
373.49
472.07
364.96
465.23
469.44
531.35
507.31
429.66
209.89
757.77
105.48
596.14
249.81
739.78
325.95
29.08
219.91
306.84
521.12
49.53
734.22
483.39
498.8
531.7
493.16
224.14
781.42
779
285.78
755.74
735.15
517.14
686.36
222.39
396.19
79.5
514.9
27.9
35.17
744.47
636.23
294.23
249.31
25.87
763.73
2.94
446.4
787.39
746.94
570.66
530.86
679.85
715.33
274.78
266.33
360.84
598.53
468.67
619.58
398.67
6.66
218.03
568.23
38.91
335.89
512.23
297.28
403.75
680.16
520.83
713.08
417.81
417.45
563.55
196.12
610.72
563.38
698.08
722.74
550.93
396.14
794.23
82.32
597.23
626.24
300.76
437.62
653.87
550.43
514.17
255.47
74.37
41.81
548.55
790.72
76.31
771.54
71.92
302.6
198.56
585.12
174.84
524.91
672.18
342.48
539.29
5.14
307.54
702.84
171.84
297.39
691.1
314.49
615.02
407.37
41.18
268.78
765.55
88.49
758.44
308.97
742.14
473.63
585.42
342.39
747.18
733.65
665.98
739.21
34.95
27.61
789.7
13.88
427.05
514.15
2.49
75.76
695.53
565.18
506
609.66
402.72
107.86
81.51
79.99
188.95
418.03
215.94
310.84
415.92
495.02
216.71
422.91
247.49
103.55
534.66
131.35
357.3
155.12
388.32
240.39
318.24
271.67
35.59
66.76
25.22
789.23
719.84
488.85
581.17
151.41
700.8
253.41
444.56
94.23
127.96
125.17
15.76
729.28
181.01
631.43
97.13
488.32
6.28
726.29
470.64
304.78
742.79
386.78
561.57
130.45
278.2
759.81
10.65
385.49
346.23
163.73
793.2
19.8
350.84
648.08
303.43
613.88
661.67
747.26
509.02
350.4
41.67
5.55
686.77
729.73
397.52
22.62
385.18
31.88
700.73
353.85
632.28
32.39
85.76
784.27
543.26
781.23
480.98
46.69
256.01
296.97
539.87
109.09
604.27
413.4
487.46
700.48
114.87
208.95
275.14
359.57
429.55
50.3
12.47
391.27
260.57
430.74
51.49
44.99
35.45
331.43
687.41
97.37
481.43
34.87
635.12
292.04
166.24
527.8
660.34
337.86
420.79
48.22
657.09
17.5
229.48
610.2
595.23
310.02
128.69
396.77
552.88
177.87
478.52
135.36
131.8
413.89
152.07
554.89
752.85
782.53
1.69
427.66
430.08
371.95
315.08
199.13
476.48
641.07
402.69
255.33
125.75
678.92
667.11
292.79
211.67
744.86
685.35
364.97
584.22
238.92
217.84
19.27
528.11
656.49
334.26
244.88
329.5
14.82
752.25
737.93
5.75
785.43
439.74
517.99
637.02
395.11
453.82
366.46
380.96
308.37
337.47
575.53
36.17
363.8
333.37
415.51
583.25
600.31
208.28
660.73
566.77
776.57
263.09
182.42
38.19
654.88
112.55
706.4
34.41
270.5
151.32
147.2
245.3
706.38
782.3
442.72
552.77
65.84
601.36
644.87
350.19
522.8
519.29
612.89
101.34
725.91
41.88
713.16
250.81
567.43
497.59
312.13
645.07
155.55
614.67
726.95
744.04
666.51
606.61
288.34
513.53
259.04
359.4
143.38
232.09
434.63
301.65
519.47
437.54
586.47
726.72
347.13
398.01
457.14
92.77
593.52
551.84
383.21
752.21
657.76
689.8
749.11
210.17
143.8
91.17
616.09
267.42
727.66
603.46
87.62
199.26
257.32
263.58
665.46
567.25
259.76
416.69
431.73
602.97
612.73
388.55
788.23
108.5
671.68
286.21
240.3
537.76
163.13
555.93
587.58
59.29
300.84
504.81
404.87
722.04
460.22
272.63
528.42
694.2
789.69
368.71
253.91
400.97
42.16
148.75
177.73
571.72
124.95
453.76
660.73
157.84
144.54
477.7
794.73
125.85
664.78
517.37
406.41
780.54
318.37
391.98
731.19
191.73
730.9
746.38
469.81
87.33
275.73
131.84
52.56
224.21
52.21
516.11
136.13
364.96
5.1
754.5
93.05
184.73
178.18
309.9
616.21
713.99
670.91
202.64
607.94
543.14
649.24
621.6
135.96
552.37
581.41
740.22
457.48
101.03
93.82
764.94
82.69
377.45
39.07
508.45
726.98
793.68
484.43
739.14
2.23
233.34
11.8
314.62
93.21
691.82
132.08
315.74
248.83
213.56
713.1
704.16
643.67
391.69
619.76
127.79
745.13
370.31
747.4
273.67
614.28
231.79
431.09
62.03
418.89
49.33
325.02
542.41
794.93
763.82
757.03
182.79
665.85
648.9
717.1
457.74
413.39
229.82
356.63
140.65
309.7
722.25
633.33
326.64
601.14
768.89
87.05
717.85
327.81
713.6
69.21
185.06
443.28
423.63
367.19
35.46
272.98
639.01
426.88
213.31
394.1
279.49
584.93
179.4
343.53
675.3
586.79
474.55
470.03
698.83
24.07
154.04
645.69
582.92
126.74
285.32
198.22
69.91
741.43
538.31
596.42
526.67
72.76
478.48
360.1
122.95
687.85
5.48
263.19
479.2
701.56
572.3
121.56
421.92
572.92
16.77
531.73
421.5
343.5
782.64
686.45
86.3
666.79
25.35
149.26
579.77
775.61
638.49
679.72
739.94
670.49
460.58
91.19
379.32
476.41
231
674.13
702.72
262.14
381.3
607.01
534.85
456.7
82.56
578.3
148.41
739.84
274.23
346.18
731.84
386.02
111.86
521.07
188.12
38.44
531.35
387.59
357.2
531.21
334.51
1.47
25.64
266.38
383.64
624.04
318.18
13.15
234.45
449.62
563.77
605.74
647.67
452.57
681.16
82.79
584.8
387.49
404.89
133.96
237.37
635.17
625.66
655.21
301.78
535.3
748.6
486.04
396.68
531.85
562.81
582.9
119.3
217.73
3.46
574.98
646.84
450.33
575.72
213.38
771.9
487.08
411.04
323.56
109.77
550.6
305.78
46.55
673.43
740.23
264.61
142.92
755.75
671.28
451.94
309.89
202
225.97
89.52
483.17
40.56
102.83
571.77
303
377.42
603.67
718.58
678.03
195.98
55.02
652.63
443.8
119.62
662
87.54
216.87
566.28
676.27
558.43
689.36
750.68
629.55
687.54
295.84
242.84
204.28
557.16
740.16
531.03
117.96
195.08
129.11
120.99
40.63
724.21
780.3
518.55
316.09
420.2
284.31
295.4
220.42
696.35
370.11
95.37
632.73
224.27
96.88
194.18
514.31
579.52
296.96
100.27
377.58
165.93
452.45
202.91
413.29
321.37
656.6
244.55
210.08
554.83
174.7
88.34
276.16
502.72
443.13
196.82
656.81
44.31
715.32
632.89
136.47
712.62
500.52
610.44
507.64
64.05
708.54
414.22
703.57
63.33
517.75
17.35
51.31
635.52
195.76
493.91
21.55
537.85
402.47
243.15
748.33
75.37
120.92
613.41
194.66
438.34
533.14
535.01
491.59
325.76
245.7
283.7
284.74
239.9
752.27
686.72
590.01
372.04
447.69
108.79
268.38
264.58
346.91
267.07
733.96
776.65
686.25
400.01
249.14
391.87
167.24
139.06
449.25
698.18
493.19
156.17
515.1
385.98
783.59
614.65
493.07
527.58
208.07
499.28
139.41
450.2
769.69
396.78
324.59
143.67
93.4
108.92
657.81
158.41
384.92
630.52
367.28
791.6
573.07
532.31
725.61
379.99
539.42
420.14
97.48
490.29
522.77
213.36
274.22
107.56
115.89
174.5
723.5
550.06
366.95
624.54
608.89
394.5
573.14
664.64
75.99
401.69
727.41
606.6
430.18
455.02
619.6
67.41
257.85
495.8
604.44
24.56
729.25
126.46
639.7
382.94
477.5
687.55
541.53
375.17
604.44
616.01
0.54
269.99
358.7
563
767.9
243.53
615.34
126.64
169.53
250.57
270.28
509.61
59.05
662.38
690.39
377.69
593.98
133.99
214.98
371.52
510.73
559.11
503.8
568.33
741.27
324.83
26.42
716.98
182.14
521.25
449.37
572.14
724.13
493.53
314.47
642.49
625.73
652.52
701.71
2.34
625.85
304.3
354.27
678.37
262.38
382.37
71.19
509.39
601.47
217.9
222.18
376.27
632.75
478.76
92.85
407.95
485.68
407.39
531.54
519.24
391.72
205.31
358.01
656.32
520.59
210.32
439.39
112.15
308.91
740.74
588.54
433.1
190.29
191.09
441.43
147.89
454.96
253.47
136.11
742.07
408.75
129.43
393.97
184.83
325.05
462.24
655.89
273.01
429.38
162.46
69.91
293.23
41.19
346.13
323.49
2.16
412.63
723.67
795.51
124.12
379.81
580.98
562.03
672.8
474.81
110.18
18.42
159.59
574.2
499.35
194.22
541.8
225.39
119.49
331.03
330.44
588.82
168.06
683.48
659.79
225.48
668.25
799.27
659.73
748.27
651.5
67.6
729.66
317.09
730.99
182.98
290.86
461.28
424.91
644.14
258.83
664.55
551.25
213.3
384.25
763.87
516.72
633.33
258.94
119.82
432.38
495.3
474.63
412.78
352.73
50.4
610
103.87
527.06
575.88
240.72
740.34
68.39
140.31
726.65
351.94
230.58
66.91
629.94
204.32
638.86
418.3
278.64
525.36
708.46
280.58
26.19
272.88
400.99
71.77
565.42
598.91
117.42
241.6
434.63
30.59
475.61
266.14
249.47
271.13
787.72
484.75
390.69
19.08
567
381.49
706.8
633.96
492.37
266.54
768.85
163.45
413.54
453.05
232.17
614.01
499.81
180.58
306.64
591.77
239.44
17.76
480.53
389.11
745.95
39.43
396.46
570.57
332.73
410.43
466.8
710.75
549.32
318.87
403.7
210.22
752.19
490.61
647.7
10.47
715.77
546.96
173.28
499.01
410.42
335.55
613.01
68.37
130.03
154.61
388.01
266.02
145.74
760.96
54.89
799.28
60.98
246.41
366.79
234.99
599.01
581.54
305.72
666.24
496.36
419.53
394.76
456.06
621.78
233.8
617
658.54
341.65
292.07
752.81
186.67
29.44
539.2
118.41
652.25
139.27
763
86.92
758.77
722.12
573.16
274.97
611.95
364.52
57.4
187.84
262.42
159.49
712.54
67.02
730.47
560.06
245.66
178.42
257.17
513.33
476.52
483.65
148.42
796.08
85.41
596.14
309.42
331.52
655.19
242.04
139.04
216.62
522.28
345.29
502.81
728.31
773.08
421.94
553.43
355.95
688.31
494.74
582.49
178.91
385.34
449.95
520.5
109.71
558.52
385.09
163.62
706.56
236.97
707.59
376.99
270.09
163.74
430.27
456.83
648.89
571.69
353.13
132.34
94.35
90.51
262.78
700.66
779.55
295.33
443.91
250.91
660.53
655.38
260.15
516.98
761.71
90.89
611.23
724.56
352.78
649.46
776.82
61.49
161.38
273.95
731.77
189.9
55.94
685.86
268.95
203.92
570.25
792.86
489.71
301.22
718.27
99.44
692.94
4.2
598.6
389.9
236.48
695.26
97.82
211.5
764.24
346.66
505.07
667.28
417.22
549.09
329.09
726.07
418.47
557.37
647.85
59.31
636.97
319.56
753.55
460.92
418.59
196
640.75
456.58
286.66
97.29
796.04
349.65
196.61
166.81
449.01
2.08
364.41
133.38
555.02
354.03
509.58
766.23
479.87
652
560.71
101.19
789.84
501
144.37
505.95
365.71
567.2
267.16
540.59
469.16
235.55
142.53
729.96
399.97
156.71
590.96
325.72
354.41
638.72
504.95
174.78
766.63
169.85
53.78
551.58
137.28
155.09
356.2
446.84
185.45
590.83
272.01
49.82
459.56
7.9
596.49
605
279.87
307.78
660.99
196.59
688.56
505.63
194.84
144.88
261.72
600.26
675.38
281.29
163.4
784.17
577.17
602.48
343.65
90.52
39.13
339.3
92.78
599.53
637.55
432.24
210.35
576.95
336.13
439.26
631.6
353.74
106.25
65.54
75.85
641.33
113.85
560.43
25
587.93
425.49
336.33
141.88
446.87
213.45
542.78
761.92
437.59
165.09
537.61
383.42
354.43
138.88
320.79
673.52
60.65
679.45
601.75
267.64
744.45
798.69
532.99
284.24
793.11
271.72
160.25
679.19
184.35
151.62
708.02
379.95
600.02
138.76
244.68
358.97
582.67
231.29
583.24
193.65
174.21
406.81
650.3
435.21
722.78
601.65
446.37
237.79
570.32
2.56
336.57
239.29
214.79
163.23
778.69
458.41
587.55
174.68
647.23
456.15
756.2
519.87
469.53
484.42
153.6
512.54
81.01
369.12
279.62
430.57
16.6
724.74
259.3
241.75
250.69
232.07
657.58
295.81
555.79
767.59
93.87
76.93
684.8
577.63
557.73
65.58
519.4
671.79
451.63
669.12
479.56
313.32
676.12
133.92
462.32
784.09
224.56
244.28
607.67
794.99
261.64
113.8
780.88
196.43
196.73
36.92
239.68
530.37
116.85
728.77
732.4
682.46
483.41
414.96
652.86
157.72
431.41
699.48
289.36
505.86
405.92
512.86
42.82
269.35
220.4
146.89
129.5
708.04
394.17
375.22
524.39
130.44
566.81
34.41
186.01
81.34
123.3
578.28
756.34
299.44
605.67
566.15
211.06
165.01
210.46
376.19
508.58
315.14
23.84
490.89
414.86
699.5
51.77
493.09
157.19
362.77
673.48
781.84
367.57
338.11
534.21
715.71
2.4
580.53
398.53
69.95
422.95
465.96
352.31
20.47
182.97
575.24
63.23
504.86
569.96
746.69
637.82
447.99
228.25
590.36
727.08
96.51
257.77
350.29
754.71
405.91
736.61
270.76
780.5
440.73
6.46
553.81
422.47
184.47
441.21
171.38
422.83
560.18
557.07
258.45
250.23
754.03
47.5
630.85
393.15
727.01
420.11
511.87
341.39
521.68
795.5
551.22
242.45
38.71
1.41
460.53
381.48
1.25
641.82
782.97
727.49
541.22
92.43
455.58
737.89
506.35
260.23
765.84
341.75
111.49
501.32
2.92
361.64
255.28
430.86
76.33
776.37
401.72
24.39
202.11
749.69
60.64
533.65
510.85
774.27
23.9
97.28
351.93
794.89
681.26
189.22
435.45
103.89
579.51
711.99
464.48
678
708.22
361.02
107.71
29.05
59.05
736.52
101.14
315.89
131.71
227.98
287.22
226.57
700.31
224.49
187.46
525.43
73.83
663.1
294.51
154.05
366.68
521.3
23.57
184.97
574.76
455.14
627.41
257.07
543.4
291.19
115.11
744.52
507.5
720.62
711.72
671.78
792.73
43.08
307.4
415.15
653.38
718.45
204.59
748.4
689.6
106.48
116.19
443.75
315.54
136.54
0.6
208.8
350.32
145.88
106.8
27.2
471.31
75
386.23
13.4
294.67
758.45
481.83
176.45
18.49
278.76
408.83
798.88
655.72
229.19
490.76
107.27
509.72
642.22
792.48
399.71
657.06
514.8
55.92
741.28
93.11
502.04
158.64
782.13
388.69
418.45
226.79
118.11
635.12
121.29
49.46
720.76
117.78
738.63
306.93
708.88
712.17
519.7
145.45
727.56
205.99
797.31
391.03
192.44
507.26
95.34
431.07
372.88
265.26
695.82
119.65
328.37
787.14
273.35
241.94
90.99
31.34
246.2
382.04
53.75
549.29
347.52
8.9
499.05
364.68
535.08
77.46
410.94
381
422.29
268.47
123.29
145.48
322.21
496.51
32.43
435.68
304.11
55.99
582.32
326.63
708.34
705.73
584.95
286.55
762.04
771.47
222.97
323.42
177.61
631.81
503.58
536.22
611.64
750.59
262.47
557.06
448.98
704.84
218.81
718.51
682.05
131.69
768.02
298.12
442.1
672.11
195.45
211.8
547.61
431.17
12.67
324.3
587.39
7.66
203.24
63.68
611.39
11.62
589.03
129.21
256.4
396.73
464.18
76.94
385.77
27.26
776.55
735.88
395.58
776.15
156.99
457.41
268.56
417.25
219.84
129.98
63.73
436.53
458.95
371.42
578.14
703.49
140.5
119.49
129.24
373.54
416.92
653.56
74.15
632.31
672.3
346.85
404.16
487.9
450
387.15
774.25
274.45
433.04
255.25
503.16
44.1
453.05
332.59
518.86
521.74
373.92
2.41
500.19
704.39
212.82
262.47
756.82
671.33
664.81
286.08
441.04
662.85
668.73
400.34
617.27
571.22
7.32
717.62
521.73
737.77
348.46
85.66
648.94
443.16
127.92
30.43
177.99
212.52
63.62
569.22
169.74
576.09
623.39
7.27
107.11
489.27
762.09
301.96
264.11
518.43
696.86
410.11
149.06
195.6
157.94
757.4
684.38
616.55
137.41
475.78
304.27
33.03
156.54
691.61
598.36
515.8
763.14
643.37
726.94
772.72
686.41
297.73
539.73
572.04
337.38
303.45
699.74
113.87
776.19
391.04
122.29
166.81
408.6
48.53
404.47
341.11
577.36
582.1
626.79
748.07
685.53
660.31
211.09
273.7
571.52
788.03
13.77
595.83
713.28
324.73
187.52
15.2
204.18
743.24
166.89
437.24
147.38
520.49
710.98
282.31
223.08
170.04
418.01
568.46
587.02
442.09
546.44
113.37
273.42
578.91
581.08
731.97
698.76
478.73
419.76
573.68
721.01
606.64
483.9
394.24
356.49
326.16
337.28
636.86
247.74
427.61
708.75
40.91
794.01
762.09
593.83
346.8
316.74
573.96
120.18
281.45
608.18
438.85
278.35
518.67
548.67
174.66
326.35
586.08
345.98
712.46
235.6
180.54
569.53
591.79
681.33
278.67
419.35
746.97
673.24
406.41
760.35
300.05
530.01
299.93
362.11
535.48
787.35
612.75
677.64
370.83
382.59
408.02
428.26
305.12
110.66
147.2
379.81
664.66
219.9
494.02
82.38
742.71
158.45
125.29
83.97
111.22
490.65
698.69
495.05
755.88
382.7
605.44
464.29
479.07
695.64
21.04
422.29
705.23
771.01
602.99
583.45
519.12
196.58
17.3
41.86
182.69
474.55
385.29
425.08
545.16
722.26
199.1
332.67
731.39
198.44
537.82
446.69
500.62
90.09
288.08
556.21
661.38
219.63
107.41
267.52
239.29
629.31
240.16
608.61
288.49
196.46
782.61
746.11
503.81
308.46
47.78
428.44
693.44
501.41
636.1
505.54
357.44
240.99
42.52
730.54
460.46
526.84
427.51
109.08
594.46
510.31
330.96
752.74
195.66
437.43
559.37
368.87
459.37
328.2
269.26
311.93
384.34
600.61
671.38
7.96
278.36
758.3
397.99
434.01
33.8
392.43
387.94
448.9
572.81
745.33
151.54
297.62
108.37
757.22
294.24
332.7
121.01
519.8
696.75
454.42
37.37
357.22
435.55
284.61
359.43
679.55
554.46
85.25
42
66.62
646.86
65.13
10.92
97.53
271.04
614.4
381.75
445.59
725.69
498.64
657.04
407.33
540.49
439.74
187.09
372.84
128.53
135.24
581.15
115.66
693.15
97.24
623.15
182.89
511.2
761.03
173.12
476.53
402.08
745.22
706.4
759.72
295.2
752.51
558.54
695.52
245.01
28.62
453.78
192.35
78.59
67.84
661.39
782.67
797.72
639.77
424.66
592.79
130.42
455.53
161.46
125.96
618.39
689.75
465.62
160.49
627.66
166.05
390.11
765.59
131.39
670.6
645.25
160.08
29.36
734.56
760.15
9.01
3.08
410.03
725.74
660.23
590.39
240.86
670.28
267.72
447.35
535.35
559.58
222.02
253.56
560.34
618.85
98.97
686.44
367.79
227.51
671.78
291.38
442.76
687.86
454.09
202.4
336.05
755.29
129.85
664.52
635.9
792.57
19.82
142.84
152.84
160.28
415.35
196.87
696.35
70.07
418.46
480.67
629.65
677.04
350.96
121.33
593.92
678.82
32.73
598.93
233.47
472.45
748.83
84.51
106.13
188.31
720.57
455.69
697.34
518.93
402.75
736.8
689.53
93.55
119.78
30.39
620.51
82.56
684.94
336.94
676.87
102.98
193.65
205.92
313.85
214.38
165.87
528.82
332.82
174.13
558.58
24.65
502.37
313.66
190.03
279.45
530.99
754.3
73.14
619.52
19.34
609.22
456.63
361.69
708.06
247.82
729.81
726.48
600.36
721.31
672.56
523.9
410.51
231.19
135.23
287.61
75.27
637.65
794.58
293.03
40.01
795.03
442.06
312.17
720.8
668.53
660.25
323.2
720.99
341.24
320.49
479.71
36.27
775.95
263
314.28
579.27
232.11
405.2
786.17
613.44
533.56
98.14
1.09
461.67
194.3
613.61
437.41
366.64
256.26
652.06
242.28
724.87
519.59
470.41
737.86
194.37
236.27
271.59
675.98
537.33
753.52
354.33
295.86
468.98
393.63
729.45
475.79
136.74
406.47
333.55
711.95
563.85
236.85
140.38
177.11
160.57
334.46
113.25
256.56
544.41
798.1
348.71
106.61
632
136.11
401.98
630.94
169.41
724.95
509.43
474.45
315.6
358.7
169.19
380.86
186.45
678.21
747.29
49.04
731.57
151.97
12.05
285.43
460.16
458.74
57.56
456.39
536.08
598.22
625.09
23.23
589
785.9
725.75
412.92
221.6
404.73
84.28
1.98
493.03
7.65
730.24
668.13
661.84
34.31
97.39
400.52
27.03
137.38
588.85
671.36
444.11
601.75
200.9
6.03
4.14
554.78
467.9
598.11
627.4
584.74
724.34
416.46
137.75
327.92
277.91
450.17
55.66
436.57
377.93
45.29
159.84
789.43
191.93
678.95
387.99
651.91
346.39
357.51
610.49
472.09
799.31
642.43
749.34
667.11
651.96
529.47
403.09
654.05
233.4
643.64
231.77
123.75
307.74
134.93
592.43
710.58
509.02
420.48
192.68
247.9
130.91
563.78
17.96
683.7
579.19
115.73
22.2
431.49
631.85
653.51
392.67
332.3
475.92
389.9
258.73
153.03
607.62
748.2
612.68
529.02
52.58
327.95
277.52
231.92
281.56
171.19
754.81
271.87
726.21
426.79
590.13
0.08
550.59
718.8
255.07
56.12
323.89
465.28
334.55
417.48
486.05
776.07
657.98
699.86
476.38
569.35
645.66
641.87
211.56
663.28
159
256.4
764.73
705.77
285.51
631.48
110.98
20.91
13.94
289.9
247.59
630.4
722.86
165.91
164.31
613.75
246.61
514.9
175.01
431.57
414.34
697.94
636.24
591
416.25
633.87
721.6
62.52
624.46
549.96
73.05
790.39
521.46
368.41
186.72
227.7
559.45
115.36
425.92
648.89
96.64
174.46
218.34
352.18
690.16
248.66
154.18
481.87
161.21
386.82
649.6
352.66
317.4
435.57
457.05
633.23
729.39
740.64
163.53
398.77
298.93
44.16
640.97
507.05
631.19
711.44
131.33
743.55
723.5
431.5
77.72
446.17
265.71
473.93
778.62
410.77
730.06
653.41
655.7
324.33
685.36
220.17
765.57
628.43
554.27
12.08
38.52
213.39
655.58
563.82
266.67
88.01
20.31
299.51
352.68
555.81
102.67
409.61
140.7
724.04
35.98
657.85
632.6
300.7
227.57
644.85
147.22
124.14
436.47
522.15
659.24
62.95
54.6
204.79
428.5
7.91
708.31
147.39
251.35
635.12
197.14
769.18
312.23
530.89
736.72
438.17
705.03
74.65
258.33
532.47
508.85
187.15
137.56
709.72
37.52
594.14
503.98
247.91
76.12
123.81
67.35
66.89
360.78
399.52
679.55
294.89
385.73
20.09
392.37
51.24
765.71
72.31
417.87
582.16
632.14
279.97
404.93
319.12
516.31
262.38
203.48
506.42
120.25
465.98
478.86
662.44
220.07
379.96
351.36
716.59
143.51
505.82
249.56
148.48
720.27
535.12
691.41
314.15
768.13
255.42
737.23
692.16
112.77
13.25
160.49
682.24
28.17
293.55
380.34
668.26
287.76
561.33
21.51
705.4
439.33
178.54
695.3
76.96
148.34
133.9
45.69
613.88
647.65
593.21
92.19
687.32
298.71
515.35
568.56
793.81
745.49
729.66
303.16
352.73
437.41
469.45
599.91
753.38
625.83
545.24
296.15
695.19
70.71
167.95
676.67
351.78
742.47
486.41
517.11
38.99
12.24
651.88
125.44
438.43
20.81
717.83
593.98
185.31
267.33
506.14
459.96
673.09
645.06
674.08
450.98
461.11
15.86
45.01
192.34
650.48
467.47
623.95
317.3
172.5
268.71
452.68
242.56
21.62
726.73
631.86
720.25
219.54
39.71
35.91
617.98
779.06
795.57
420.24
208.17
596.61
213.98
247.45
673.51
652.38
735.4
449.87
4.73
473.85
339.66
715.63
769.68
654.76
798.8
59.29
637.16
461.83
456.97
717.13
478.49
517
412.53
437.38
695.77
477.16
345.88
35.45
406.26
730.68
544.91
251.24
83.64
713.18
611.44
436.66
517.32
413.43
235.52
445.91
655.11
506.45
557.75
144.73
320.64
206.21
747.67
92.8
548.22
282.73
430.9
602.06
243.13
59.97
395.7
639.29
171.24
100.65
83.53
619.07
483.19
55.94
677.23
38.36
721.31
272.1
498.87
373.26
725.02
585.67
527.5
474.68
347.41
670.12
135.23
545.45
767.99
437.87
720.94
126.01
190.69
515.49
785.19
449.47
425.75
76.24
49.77
739.45
625.31
275.15
733.68
88.44
591.51
139.14
671.4
592.24
652.54
289
716.4
612.75
215.68
112.51
780.97
560.36
358.35
338.78
256.57
633.69
776.41
137.17
324.57
228.94
228.59
126.76
694.81
172.2
567.81
145.48
89.02
172.26
567.32
553.34
413.61
452.91
492.79
631.2
448.5
311.14
393.71
679.32
766.65
526.19
782.88
218.76
667.17
263.36
472.85
685.47
390.89
24.17
190.96
379
79.16
199.41
664.94
272.21
693.63
576.15
348.53
618.74
685.03
192.98
482.31
564.08
514.73
247.92
188.15
388.67
325.19
424.35
685.76
512.62
385.41
698.17
239.27
453.86
748.7
594.12
221.34
105.52
402.36
227.56
295.02
622.55
46.88
363.92
614.22
322.8
671.74
155.01
413.01
617.31
622.37
316.55
421.28
467.86
105.98
47.37
268.11
29.5
264.12
343.76
35.69
316.07
254.2
649.77
373.18
353.69
567.12
723.95
487.16
212.21
752.81
673.85
346.15
795.21
411.23
325.45
441.15
533.46
238.28
541.09
370.48
195.09
437.75
380.45
438.99
537.47
290.52
567.02
647.19
271.04
756.7
83.37
285.58
151.62
352.65
179.08
687.33
784.9
667.58
178.82
237.07
488.96
128.38
658.62
600.85
8.48
707.73
751.19
353.47
652.12
265.42
654.38
327.29
384.02
49.92
656
51.4
253.26
340.87
786.64
730.16
642.58
393.04
269.33
260.42
307.34
765.56
698.73
308.34
535.94
195.35
72.06
207.99
31.49
151.87
188.07
678.04
12.93
542.72
543.75
649.41
133.16
177.75
63.8
684.55
177.29
647.81
703.56
505.24
528.46
520.54
103.41
124.28
388.16
170.03
85.59
585.04
708.94
612.36
528.16
347.54
54.27
78.94
591.18
471.28
483.58
350.38
512.34
574.85
511.49
667.58
165.09
523
267.68
415.13
469
138.42
655.86
279.44
300.93
403.02
696.21
629.33
514.11
733.8
2.34
538.42
305.73
302.34
543.81
6.38
281.36
116.89
667.38
17.58
97.02
733.4
749.34
497.17
642.24
19.24
92.74
461.9
505.06
143.77
484.87
380.23
671.42
237.97
780.81
352.61
206.71
469.62
726.19
365.73
505.45
755.92
383.71
27.2
355.13
669.96
247.2
565.39
169.3
169.3
179.63
171.11
475.28
173.29
569.37
486.99
451.38
216.21
101.66
588.57
280.55
161.97
342.42
352.26
546.82
418.74
62.16
560.58
539.44
770.95
79.85
237.52
657.93
570.94
61.91
377.95
140.17
593.14
673.65
775.51
241
482.05
607.18
367.75
165.5
144.79
423.55
245.19
670.2
681.84
440.91
239.16
146.46
126.83
774.76
734.18
428.68
412.23
194.53
67.05
609.85
23.36
403.34
480.69
25.17
653.68
713.57
367.96
655.17
491.73
439.92
682.42
54.12
347.27
650.04
27.75
421.29
345.77
748.08
696.82
123.83
365.52
275.61
743.15
454.28
517.58
604.48
184.28
743.66
47.99
509.09
30.59
80.78
414.81
332.05
591.15
755.81
429.44
625.53
289.61
510.57
190.24
346.13
698.58
692.49
188.33
494.6
113.23
9.28
724.23
170.84
636.16
593.89
429.81
746.7
540.15
139.03
319.82
0.04
502.15
208.6
39.36
88.51
393.91
257.18
28.55
84.52
662.23
158.47
518.37
73.33
346.52
768.44
446.45
170.86
573.52
549.38
108.82
442.49
380.51
193.96
626.56
360.63
529
129.91
743.83
260
466.4
553.46
165.26
219.87
581.58
187.42
441.71
701.1
281.19
259.25
133.33
525.99
221.91
578.69
531.07
481.11
686.97
185.1
355.55
509.45
271.82
51.6
195.74
140.17
5.13
50.62
649.51
682.99
265.46
658.97
734.3
703.18
564.38
80.08
575.86
694.25
745.57
308.91
475.09
276.77
706.04
775.49
648.92
94.09
156.14
445.2
604.85
77.55
165.27
57.14
197.56
203.82
349.97
288.36
250.83
124.45
60.57
299.05
331.52
344.05
660.27
449.06
454.07
65.25
397.3
144.97
475.57
744.05
40.57
84.5
454.72
453.49
604.2
694.19
213.04
695.48
165.55
671.26
592.56
759.36
299.76
733.31
91.79
74.43
452.8
168.79
327.51
684.03
72.34
29.81
762.96
617.06
353.81
570.39
19.43
441.85
517.98
569.32
403.69
55.12
22.21
276.65
313.08
242.73
333.77
413.57
246.56
250.29
491.74
705.25
399.53
403.76
397.89
325.64
630.66
434.49
695.74
414.88
122.5
761.75
500.31
64.91
671.75
708.89
562.1
71.14
364.11
281.01
387.18
334.35
698.23
719.27
513.77
574.96
549.55
183.74
571.5
249.57
512.58
520.15
648.4
4.03
655.43
391.83
470.73
88.27
425.02
153.35
417.59
502.01
171.05
649.49
639.8
692.94
420.68
735.12
464.6
430.45
665.35
694.58
178.2
299.1
469.8
555.63
3.46
294.96
44.06
64.56
293.84
550.93
538.16
785.06
563.8
203.01
683.09
253.93
130.83
44.07
351.89
640.56
84.54
648.94
723.6
64.17
757.44
581.01
268.82
302.47
452.98
52.12
68.72
255.85
68.35
7.26
375.52
651.05
403.11
305.3
69.91
770.17
516.24
36.24
706.32
527.95
9.06
463.54
102.22
345.7
34.96
552.92
55.11
444.63
15.76
361.16
451.48
19.29
96.24
641.86
530.91
771
732.82
742.18
66.62
469.69
159.96
28.91
98.82
728.08
30.98
238.7
631.9
374.4
625.04
296.36
701.21
455.53
784.03
666.3
650.57
391.83
378.97
670.87
734.24
185.68
60.02
685.9
7.08
669.13
698.27
455.36
33.83
424.1
561.16
775.54
368.54
440.5
572.33
248.25
446.24
397.43
116.98
5.2
190
281.79
21.82
96.05
255.92
171.79
372.18
292.69
631.19
416.88
452.33
479.36
687.35
351.23
590.51
536.37
676.07
138.28
262.26
418.9
787.14
300.46
238.1
502.83
176.41
508.89
2.88
54.55
66.33
569.86
467.01
496.34
474.39
482.4
170.45
517.1
336.29
402.58
159.29
758.36
742.46
719.28
154.61
189.33
316.9
559.64
684.39
419.08
331.55
106.5
88.23
9.36
579.49
284.14
719.27
523.08
189.15
202.83
376.32
514.86
224.81
614.28
264.01
674.32
732.76
621.46
512.53
545.2
238.43
509.35
511.46
316.03
605.03
218.54
609.89
649.81
440.98
3.15
591.04
791.3
62.84
510.17
277.36
353.38
233.09
736.27
271.53
59
451.62
99.95
420.25
246.31
787.8
781.97
583.04
702.66
687.44
611.26
83.87
393.73
33.22
18.2
748.18
501.06
644.84
359.28
210.4
34.6
197.81
308.26
183.34
489.07
521.67
487.92
790
413.57
408.67
659.51
613.64
585.3
478.54
120.73
437.03
54.66
246.97
381.91
571.14
709.44
373.7
0.49
347.34
345.76
97.96
527.54
206
161.53
112.12
312.07
627.2
148.29
750.07
772.4
322.32
563.89
771.77
64.04
635.05
774.24
669.3
798.6
127.23
605.08
675.93
116.58
773.86
700.61
560.62
412.15
513.02
205.06
102.47
609.3
159.94
114.38
754.2
47.38
204.07
576.6
282.65
605.32
311.71
11.44
695.78
681.14
723.15
220.78
278.03
374.01
584.03
394.32
2.4
134.48
745.35
137.9
143.08
84.35
731.3
83.49
355.18
421.89
22.7
266.31
475.16
339.2
526.59
140.67
37.74
668.04
543.48
278.45
283.13
766.6
578.37
215.47
100.98
732.41
6.26
781.41
73.08
94.07
593.27
775.41
539.35
477.59
696.22
688.09
263.29
63.17
690.41
558.39
658.77
694.27
536.12
52.98
274.61
75.19
515.27
12.88
365.61
101.38
235.21
126.36
262.66
646.59
303.69
425.63
41.17
120.05
363.17
567.56
232.4
583.9
622.41
168.55
23.05
128.16
409.23
681.95
168.53
518.29
112.45
642.98
73.35
599.1
454.73
763.09
563.82
439.51
626.52
683.09
495.01
687.93
62.1
452.36
699.03
479.21
65.94
709.86
197.62
45.39
517
476.64
557.87
515.98
362.03
391.54
784.15
196.79
642.46
572.79
388.95
208.95
529.62
407.47
114.95
604.9
495.19
418.98
490.34
659.26
761.99
467.31
704.67
799.98
537.31
117.37
738.87
515.44
425.91
485.87
417.49
757.63
631.33
790.11
312.11
397.13
94.37
451.82
215.27
602.28
12.32
742.32
560.88
21.01
601.77
138.6
572.63
148.88
586.02
22.38
408.73
661.95
4.65
559.21
144.11
193.09
65.51
669.36
570.45
692.75
423.55
178.08
222.68
49.9
190.03
359.44
45.65
155.28
294.3
343.7
458.58
114.49
267
764.36
207.93
404.57
329.56
504.56
192.94
103.2
252.75
18.02
28.38
211.92
69.18
701.21
311.3
113.52
282.79
296.18
381.08
448.18
612.79
690.15
159.69
319.88
74.01
299.21
184.17
532.09
384.1
68.07
108.96
254.12
769.41
626.84
425.63
481.48
43.69
497.42
640.12
671.5
541.5
102.78
239.34
94.34
578.42
237.72
757.09
614.04
724.53
783.7
192.08
498.81
663.21
397.81
275.17
569.1
498.75
179.68
140.7
294.73
467.03
241.05
538.12
586.1
540.27
733.4
293.29
4.29
519.48
586.25
236.66
192.45
752.88
77.5
569.45
713.4
649.16
526.1
786.53
341.36
243.37
89.89
611.75
77.98
182.65
13.09
383.15
260.17
0.67
307.02
551.57
270.24
143.97
61.88
242.87
736.93
689.78
755.7
710.2
311.33
595.26
153.65
534.73
146.46
135.97
576
550.9
501.69
97.86
520.72
657.8
114.92
743.69
387.36
195.74
148.22
375.39
314.25
525.52
109.27
412.87
10.54
794.21
313.05
331.52
557.95
659.76
230.5
776.43
308.81
7.53
712.66
45.45
530
725.47
259.48
433.29
616.38
31.09
476.07
567.08
755.94
159.04
482.08
706.11
310.64
480.52
6.96
549.73
152.51
182.82
797.05
521.56
199.75
536.39
613.35
71.64
418.02
328.18
609.75
468.18
655.77
317.55
288.25
354.36
335.84
446.98
169.07
480.61
372.42
692.1
46.33
538.82
554.95
775
131.15
587.94
370.16
222.79
386
138.67
466.13
772.09
332.85
587.28
240.63
686.24
594.13
29.35
388.12
408.98
92.14
773.39
463.45
181.25
686.2
253.5
66.48
151.42
360.41
538.93
693.51
512.49
23
696.86
732.71
189.2
569.59
142.24
214.66
39.5
517.53
425.29
792.02
559.22
152.68
272.57
605.61
390.81
747.1
173.04
761.92
799.71
333.24
375.53
713.74
623.26
614.64
660.23
617.73
240.76
246.65
656.52
649.75
293.4
635.5
481.12
539.16
332.01
72.7
639.13
697.75
638.04
674.2
266.22
233.04
189.53
572.99
113.41
322.62
385.11
636.41
709.74
13.15
619.69
636.38
644.16
729.57
157.24
729.9
683.64
634.15
217.93
546.15
767.34
780.95
756.67
431.49
694.13
264.91
595.08
34.93
650.87
8.39
415.83
651.31
242.97
793.73
606.32
620.31
268.99
375.35
417.65
534.23
211.92
499.73
540.38
368.75
330.93
78.62
681.44
521.89
711.28
525.04
276.92
231.83
423.76
110.33
799.29
394.14
294.83
116.47
457.01
34.47
376.6
779.26
186.11
434.01
177.44
735.03
126.13
23.67
378.58
746.5
225.8
400.06
571.9
255.24
460.93
554.19
479.7
123.5
738.09
387.96
734.04
306.67
56.96
422.49
469.32
491.67
655.41
105.46
271.92
197.28
526.47
278.38
344.54
330.99
148.71
515.31
333.89
222.62
703.38
209.88
788.74
750.84
656.55
678.54
112.19
347.57
654.2
16.35
579.09
502
670.41
558.36
159.25
342.82
492.19
339.44
730.17
207.39
660.15
193.68
243.1
440.12
369
269.32
544.59
704.31
521.53
227.17
179.74
373.67
781.31
765.19
760.29
533.56
333.9
149.87
215.81
572.54
228.26
302.82
37.31
62.3
742.56
17.09
100.92
338.78
458.53
592.97
206
299.42
638.18
169.31
670.97
356.09
172.44
166.87
730.76
350.68
349.8
317.77
711.68
128.17
691.48
271.61
343.02
79.01
708.74
199.73
193.52
599.61
107.28
662.78
148.54
648.17
754.22
380.72
494.7
413.53
46.5
761.48
630.18
218.29
688.45
554.48
147.92
646.5
474.27
201.97
29.28
515.72
481.46
475.57
100.37
581.74
485.28
169.07
76.77
743.4
125.41
593.79
116.81
711.68
388.98
782.01
236.06
492.14
590.45
732.08
209.12
229.9
195.66
683.76
333.06
179.09
412.87
459.14
132.63
225.32
70.02
469.16
24.67
662.98
329.25
757.9
285.45
656.9
592.66
552.59
399.7
45.04
388.44
734.69
485.45
150.5
76.87
331.69
519.08
762.84
449.85
630.26
493.09
159.64
676.62
507.53
697.66
146.22
544.24
566.6
612.89
555.49
538.34
717.85
432.27
251.37
607.69
421.73
699.82
646.38
235.19
727.64
56.98
688.93
788.91
493.13
32.99
719.36
487.4
559.59
790.97
73.72
361.62
325.88
382.82
745.61
294.58
310.4
231.2
468.39
453.57
765.37
46.56
278.88
651.57
649.5
407.26
588.22
12.7
462.34
429.66
608
592
573.85
589.79
556.41
629.37
351.15
567.08
535.3
672.81
564.57
546.42
133.84
693.41
592.51
154.23
302.66
777.94
772.41
469.91
791.67
472.95
19.65
296.21
167.38
605.52
184.19
94.05
187.85
412.37
736.23
750.94
339.79
139.14
390.02
62.01
432.81
368.47
223.17
29.91
300.56
556.06
386.12
683.82
37.57
138.99
650.72
290.91
194.34
449.79
330.25
478.94
110.38
290.75
682.74
733.44
627.45
167.26
703.7
758.4
198.01
620.8
531.48
5.81
511.24
617.95
344.33
100.52
163.9
754.41
613.49
612.55
786.34
648.73
428.8
740.66
357.37
617.39
180.2
744.35
4.02
528.5
7.05
428.19
440.69
6.76
758.25
500.98
766.08
168.5
732.6
533.48
692.86
434.1
61.66
489.6
662.75
595.84
212.94
7.92
521.56
129.74
322.83
441.16
482.65
149.83
793.22
174.99
1.15
570.09
616.34
6.06
368.56
77.52
74.37
390.57
723.17
770.23
175.76
59
303.81 /

COPY
	PERMX PERMY  /
	PERMX PERMZ  /
/
MULTIPLY
	PERMZ 0.01 /
/
