---------------------------------
-- Permability values for SPE9 --
---------------------------------

-- Permeability distribution visualized in figure 5 in Killough's paper
-- Killough says 'The input data included in the distribution to
-- the participants included a geostatistically generated 
-- permeability field'

-- The values below are taken from Killough's dataset, they are
-- not based on the figure in the paper.

-- Explanation to how the data in PERMX is organized:
-- Under each LAYER (i.e. K-value), 
-- there are 25 ROWS (i.e J-values) under which there are
-- 24 entries (i.e. I-values) 

PERMX
764.87
682.32
749.56
121.61
568.74
118.03
258.84
358.32
39.81
694.09
450.32
345.6
360.76
48.48
55.21
567.58
588.65
194.93
570.35
779.28
345.71
699.17
749.4
241.23
610.4
416.84
546.94
348
369.94
357.4
655.89
28.83
669.39
568.37
623.11
777.37
42.09
705.83
514.94
199.7
346.75
25.57
242.04
369.58
420.34
486.81
218.49
510.3
532.01
333.18
733.74
631.28
123.7
480.5
775.3
285.56
261.13
306.73
44.1
184.03
607.12
679.97
412.47
259.76
629.93
56.6
130.92
212.89
574.09
109.95
511.16
659.83
523.25
471.41
718.19
419.46
325.48
638.26
59.86
470.24
410.71
177.25
46.5
194.8
250.89
474.41
778.02
449.21
182.71
56.54
166.16
332.09
767.35
611.83
650.14
334.62
562.86
399.31
757.71
580.64
386.5
449.33
126.53
757.86
88.39
774.73
746.26
548.62
649.49
157.57
691.07
556.61
506.37
57.99
508.98
162.49
274.57
797.36
172.73
717.52
383.89
342.35
589.63
81.43
345.37
661.91
759.64
41.05
341.39
104.9
538.69
600.86
91.08
393.6
624.97
788.77
210.73
406.22
708.82
370.39
500.36
91.06
272.73
591.65
632.32
605.74
424.63
268.55
602.77
626.33
571.95
274.35
298.52
29.19
682.4
704.2
204.81
639.15
281.29
103.76
667
621.75
680.14
544.55
135.58
104.42
337.24
301.09
7.51
664.82
366.33
265.77
361.61
704
661.28
29.91
229.59
624.6
222.22
9.09
290.31
315.7
365.27
606.9
210.94
301.02
13.81
271.8
768.1
364.64
741.95
644.63
555.29
566.98
357.88
493.29
495.3
85.54
539.73
356.03
389.36
92.36
151.45
661.54
569.36
132.45
117.92
100.41
5.68
680.37
364.1
565.43
96.24
317.34
658.6
41.76
561.63
615.53
585.92
490.71
537.4
596.93
527.18
420.76
215.42
585.24
51.19
308.87
427.06
307.9
155.58
0.9
109.58
303.25
316
565.34
312.33
533.84
670.25
520.76
140.01
675.37
95.02
400.42
306.88
277.88
592.84
672.06
495.49
488.03
222.61
510.66
128.83
353.15
39.97
137.64
629.24
564.35
161.79
60.4
709.72
190.13
261.95
587.7
72.08
527.29
97.86
19.5
706.9
657.7
759.56
614.19
440.49
525.59
302.87
653.94
352.11
685.7
306.8
753.89
585.23
683.44
332.27
619.54
340.59
52.86
425.63
287.46
2.71
11.1
186
677.06
269.58
671.54
284.57
686.6
287.8
288.69
15.75
549.03
7.67
717.89
251.47
548.9
614.16
637.29
478.96
15.16
436.15
254.08
643.12
720.48
651.61
133.3
69.64
259.87
623.8
405.29
217.74
65.68
209.32
738.18
748.44
363.7
696.49
1.04
210.2
292.26
587.7
624.75
479.31
187.74
740.6
262.37
134.11
384.43
750.1
442.54
150.74
438.18
681.88
660.04
354.9
579.26
340.58
771.71
799.89
699.78
608.45
368.08
602.96
570.79
85.2
754.35
632.34
784.12
221
716.87
662.09
206.76
387.55
370.79
744.83
158.67
436.52
492.6
291.37
617.23
14.93
302.71
342.99
187.35
506.33
8.26
577.13
216.43
314.64
27.84
267.84
191.61
550.57
170.78
676.73
492.78
583.05
797.9
410.24
661.09
541.73
21.81
175.15
763.54
591.36
471.03
145.07
394.36
748.78
42.4
663.84
130.3
283.36
511.42
460.51
380.27
415.9
328.31
369.38
410.35
629.06
166.47
271.47
321.26
710.98
537.46
359.37
0.07
573.87
664.16
700.75
213.41
296.71
36.6
350.6
776.1
161.92
219.24
63.87
757.45
520.4
783.93
11.57
164.4
236.03
436.89
622.1
423.22
665.62
158.17
670.16
767.5
695.49
82.13
103.15
760.43
578.97
350.57
118.4
31.3
392.89
577.31
510.61
565.8
65.56
606.91
768.55
105.1
85.21
692.65
535.18
365.52
491.67
140.27
395.22
173.98
707.41
70.95
275.76
274.09
430
152.46
728.81
797.7
225.76
738.48
610.11
483.29
269.69
71.23
727.33
243.34
645.2
567.15
199.75
48.79
131.7
782.53
183.8
239.65
213.88
103.58
779.88
172.93
736.61
522.35
379.25
769.67
645.73
367.94
411.7
739.47
616.03
787.11
348.34
493.2
723.86
93.66
552.58
675.49
167.71
357.59
269.93
17.31
351.35
389.04
210.4
344.28
330.76
378.41
361.33
196.71
686.98
766.71
89.55
629.48
501.83
458.04
507.02
565.52
143.69
106.24
113.59
322.4
292.38
251.87
505.52
527.76
671.25
638.52
173.79
422.39
407.9
96.99
337.14
84
318.23
60.2
51.83
635.86
489.18
114.17
422.91
155.27
56.37
92.09
523.35
26.8
534.42
556.12
244.79
680.87
272.02
193
69.55
29.9
377.72
319.22
570.33
28.44
79.22
253.46
128.95
531.27
739.64
673.03
474.37
63.2
575.93
240.25
103.05
585.67
97.97
371.08
272.5
650.52
272.39
481.96
307.63
98.76
321.35
518.54
678.28
278.66
650.65
743.28
725.4
83.3
473.61
616.02
292.59
268.65
332.03
780.61
341.51
733.97
291.64
775.92
305.99
44.44
784.11
309.6
568.8
4.1
11.24
551.63
191.16
603.33
734.31
289.65
605.38
150.8
518.68
510.98
410.06
345.46
691.29
672.42
487.89
263.84
120.84
547.34
695.29
206.46
16.97
588.05
40.43
423.32
608.9
782.53
272.41
621.71
699.95
308.91
484.43
333.27
227.27
168.25
236.92
712.48
511.23
182.78
123.85
194.36
443.42
762.29
449.66
766.88
357.46
333.77
81.1
267.84
172.34
388.52
158.6
6.53
436.25
734.65
511.66
265.72
764.8
255.25
647.06
528.87
131.43
496.58
8.57
696
507.09
747.8
192.12
784.92
669.04
173.72
531.49
701.08
5.65
756.34
433.87
455.54
45.29
588.56
204.36
155.28
208.21
460.32
348.84
125.53
63.88
790.51
208.51
304.88
113.12
785.72
155.85
262.99
407.64
407.63
776.8
766.47
674.65
308.39
405.38
374.35
584.36
336.61
549.18
530.68
417.28
799.25
721.93
325.84
76.34
145.75
381.23
494.93
539.89
313.37
443.94
501.87
88.66
309.76
122.93
219.49
509
143.54
668.89
63.5
439.83
301.42
427.19
355.64
116.15
221.61
546.97
753.16
119.11
437.85
402.17
643.43
501.06
325.92
664.57
343.84
618.36
631.67
449.02
31.75
598.94
561.53
5.58
348.73
700.84
620.49
40.06
150.68
460.52
109.86
435.04
263.43
176.6
94.36
381.88
176.9
794.24
751.84
194.13
115.99
553.22
314.42
249.96
271.12
589.44
575.65
102.09
616.17
413.06
713.46
617.14
658.21
673.85
649.2
450.09
56.92
551.25
515.17
141.86
693.16
244.95
168.59
682.52
448.74
633.9
478.75
9.68
38.83
268.45
556.87
565.18
141.68
263.3
609.09
355.76
715.1
289.47
393.01
223.81
166.73
54.33
584.17
668.59
682.74
665.89
207.45
615.21
136.11
633.94
469.11
154.61
167.31
599.86
123.02
326.7
500.19
277.08
751.96
447.53
102.16
570.74
347.15
217.53
272.74
786.21
9.83
248.58
325.04
20.74
561.78
638.49
713.59
485.69
784
313.34
446.38
683.88
297.5
600.55
791.66
676.13
77.26
610.23
688.04
670.39
539.58
418.43
520.67
85.44
591.81
169.56
565.29
399.88
305.08
699.98
432.35
713.63
492.94
132.55
163.05
184.92
196.98
548.46
105.37
285.36
75.58
674.94
658.13
69.74
740.77
229.71
599.77
232.99
207.18
477.44
339.83
133.2
252.7
152.36
658.5
69.27
467.54
489.94
249.75
201.22
205.73
386.01
634.08
2.95
196.05
2.08
796.45
519.95
121
319.16
762.86
393.37
424.22
558.18
526.55
94.95
262.36
293.16
99.98
663.37
400.78
734.69
505.38
405.94
243.71
743.26
295.53
750.67
512.01
266.12
157.47
257.8
177.35
3.68
388.89
711.89
13.29
634.13
18.26
419.46
709.81
126.96
398.25
789.01
714.87
6.75
365.72
2.57
257.65
130.45
780.76
574.89
616.91
529.86
287.19
110.28
596.26
463.89
17.63
706.63
680.75
653.48
526.35
102.74
415.69
709.17
112.95
580.06
110.61
569.17
423.85
543.82
334.25
379.68
713.79
531.7
588.57
683.47
521.35
567.08
687.1
601.99
241.24
368.17
335.92
738.65
164.74
358.68
190.41
36.62
453.78
779.76
170.68
608.04
190.71
363.02
356.11
547.82
37.7
393.64
175.42
661.93
483.14
587.84
618.14
32.75
17.56
386.7
687.6
231.96
306.7
40.21
780.8
585.41
439.38
674.44
642.54
40.01
117.16
660.21
2.71
741.3
599.09
720.33
134.52
350.13
761.02
685.57
111.11
533.62
212.65
552.85
259.78
659.72
97.82
78.7
39.27
581.97
65.55
153.36
83.25
11.79
626.93
169.97
164.96
769.54
245.55
696.34
799.61
126.26
721.68
350.07
65.38
551.09
162.32
394.32
463.68
290.03
201.49
155.09
244.27
46.57
371.21
10.26
676.25
671.55
74.33
786.77
718.76
597.37
742.22
266.8
615.94
666.67
9.67
517.58
202.38
414.96
785.37
677.38
430.09
43.02
314.47
261.2
322.36
777.79
42.22
789.25
64.42
144.48
631.7
150.06
767.9
479.39
761.83
244.57
230.84
745.18
606.87
575.46
196.26
698.65
449.81
600.71
555.24
645.03
522.23
386.56
91.82
127.49
631.34
695.64
642.75
379.35
612.36
261.46
249.78
386.9
57.84
42.2
293
315.31
655.47
87.91
756.37
409.21
215.03
61.08
578.1
431.96
132.62
658.08
73.62
519.28
557.42
409.67
550.38
154.13
13.84
681.26
136.13
552.23
594.77
563.87
640.71
423.82
662.77
119.96
158.93
739.55
105.26
423.42
634.13
151.79
329.61
639.01
606.81
593.49
143.85
706.9
7.23
467.42
778.27
26.81
217.98
85.42
148.75
152.52
4.59
173.39
258.55
226
180.25
525.55
779.13
343.81
290.79
568.68
385.03
249.5
356.07
451.08
553.56
138.68
240.55
300.95
360.87
455.15
463.05
5.44
454.91
194.97
487.93
178.38
575.65
312.83
437.09
597.19
492.79
70.7
713.45
157.05
728.37
527.89
263.89
92.2
353.47
76.01
229.2
150.14
683.03
98.29
629.4
419.42
167.11
280.11
466.3
518.83
634.93
551.08
788.64
26.84
471.33
731.03
707.37
532.86
512.97
489.97
324.49
125.09
608.67
776.84
26.99
634.47
176.14
302.44
64.48
161.97
505.4
416.74
348.89
467.52
780.79
738.97
218.26
286.56
559.9
4.65
567.06
484.04
472.78
311.12
327.69
460.58
243.08
133.39
186.18
441.71
531.62
224.48
68.66
275.85
453.84
87.79
587.05
60.98
339.69
231.95
150.59
255.78
302.54
684.3
796.61
606.23
722.7
447.5
516.62
311.07
576.63
136.57
104.57
472.79
510.51
336.19
318.09
74.13
195.23
58.95
607.39
97.53
324.69
224.46
404.4
267.34
11.57
768.17
88.75
627.46
225.81
586.57
559.48
384.17
683.63
614.35
587.95
249.94
145.52
656.31
393.92
197.14
101.88
557.49
470.77
177.01
224.44
269.98
16.75
506.03
23.09
553.94
220.78
788.34
358.95
763.8
177.86
411.23
245.2
706.06
312.93
797.25
144.91
185.68
371.13
294.88
798.9
231.92
320.12
366.14
150.38
420.5
196.16
753.97
380.83
518.05
4.77
728.3
635.62
307.61
661.99
470.54
521.58
515.66
332.21
541.59
588.11
194.21
268.42
64.4
606.74
405.48
560.49
488.28
531.34
618.44
496.9
530.84
704.19
340.67
521.15
428.33
523.92
254.92
596.95
260.47
771.53
137.73
776.93
32.59
394.03
184.38
413.33
667.75
685.14
138.01
160.61
284.64
777.08
661.62
451.5
183.93
572.52
486.71
321.35
274.42
241.51
726.55
57.78
35.31
325.95
13.07
656.01
45.53
483.68
477.76
267.4
264.76
470.61
524.2
635.61
556.64
430.55
5.61
642.8
33.52
296.74
49.31
760.48
126.84
377.51
644.17
398.47
777.59
72.43
434.24
588.19
291.95
760.58
497.05
668.69
390.93
218.27
433.79
696.08
337.92
311.59
137.14
723.92
210.99
43.68
566.88
736.5
403.19
489.67
293.92
393.99
272.39
367.71
256.22
262.98
25.36
187.2
421.22
645.16
107.88
535.31
239.87
664.37
29.59
30.4
44.75
486.54
484.72
4.75
215.78
564.29
615.1
197.76
704.32
724.36
680.03
612.33
138.58
232.9
551.07
345.84
336.72
594.6
609.3
35.57
31.48
410.84
604.93
569.37
392.99
527.5
686.42
792.72
261.64
256.84
731.47
26.81
338.26
530.34
246.54
175.53
365.27
571.61
569.71
210.05
395.38
358.06
596.24
375.23
203.37
733.85
339.18
608.83
594
479.85
172.31
72.73
496.18
312.79
207.71
4.77
499.41
212.67
434.54
83.02
28.68
532.13
564.08
459.5
292.26
759.57
18.63
460.34
540.89
759.73
489.16
532.84
253.59
710.84
669.99
415.78
748.89
674.46
605.1
753.62
369.54
469.57
172.83
538.94
709.6
450.82
225.11
55.05
716.37
697.94
381.25
109.78
272.88
784.57
287.43
96.48
694.91
656.08
394.31
401.7
2.18
278.64
708.66
206.13
26.21
479.44
68.56
330.95
500.74
165.17
24.49
310.25
351.26
136.67
771
402.42
55.04
294.53
92.37
256.98
40.57
576.68
667.78
88.92
331.34
105.14
176.17
239.06
796.89
450.12
598.33
782.38
562.33
109.73
28.97
740.36
290.69
765.67
716.83
571.82
622.29
126.34
484.68
699.41
50.89
58.95
735.83
337.68
404.53
548.48
645.19
304.2
189.19
346.34
148.39
723.78
602.18
679.97
559.71
21.53
233.92
728.2
130.69
581.27
246.35
658.61
660.29
226.93
707.05
102.66
664.23
266.19
462.17
615.56
427.57
293.2
310.1
606.7
324.16
769.34
350.95
661.43
532.15
425.84
74.72
354.18
346.68
36.55
126.87
334.2
739.2
546.24
101.92
367.54
782.72
4.76
165.28
698.11
682.41
132.12
110.58
274.87
248.28
630.4
304
28.74
300.65
772.31
249.58
315.36
746.3
555.29
778.44
29.46
22.15
572.49
23.13
797.54
600.97
292.41
6.9
232.79
706.35
44.15
764.34
270.69
463.28
562.08
57.65
686.69
332.26
108.24
368.02
519.82
372.95
483.13
698.59
736.67
655.66
74.91
745.71
360.28
705.51
398.33
45.79
227.03
229.1
612.24
763.85
532.49
130.56
491.34
86.52
263.82
243.55
469.82
677
141.48
130.64
123.99
491.23
31.1
418
16.82
397.84
633.01
254.77
434.3
3.29
657.62
738.12
440.2
693.26
296.9
39.26
51.37
473.71
107.65
399.62
400.62
590.88
684.84
177.56
322.32
672.51
269.17
732.38
116.8
781.9
486.93
224.41
780.14
458.96
497.16
99.32
20.06
76.3
284.74
696.99
10.35
431.27
50.14
244.62
355.47
156.61
301.77
542.93
56.21
598.12
578.86
380.55
337.43
133.27
507.67
444.07
126.56
61.08
141.43
705.46
719.16
496.36
377.12
454.83
729.67
124.07
521.84
732.03
386.88
494.61
77.9
38.2
633.27
78.05
545.94
545.39
204.52
731.33
594.44
196.07
83.09
64.86
274.99
795.01
137
661.28
449.36
236.7
276.12
69.34
176.58
17.43
349.52
772.99
262.41
493.66
591.48
795.36
388.01
71.66
310.49
447.3
733.57
612.56
417.03
285.43
770.24
123.76
483.09
692.23
628.11
525.6
502.22
622.56
749.03
296.55
748.03
588.05
617.79
255.93
467.31
221.2
757.84
260.42
765.37
138.64
387.81
723.82
175.91
270.61
690.68
117.89
143.25
500.12
794.67
600.48
108.72
636.43
597.34
96.21
3.42
443.34
547.82
796.32
591.89
711.73
257.09
517.2
117.09
738.81
20.97
476.58
361.46
561.17
749.18
456.68
627.28
690.61
124.02
470.35
518.08
713.88
40.75
16.32
50.97
417.91
314.67
259.62
769.46
656.18
367.61
69.2
20.18
720.04
556.46
736.33
664.99
776.94
103.89
708.85
286.59
80.94
341.49
10.14
621.96
448.19
364.68
263.46
91.92
56.15
740.04
596.89
181.89
86.68
135.71
423.95
605.6
383.73
59.73
448.25
705.43
602.39
204
582.92
77.29
536.95
459.02
674.37
647.89
501.99
367.91
316.98
733.93
407.55
40.65
765.26
693.06
511.76
355
285.09
698.49
710.19
516.94
428.71
283.26
397.34
728.13
21.41
272.65
34.13
759.06
352.95
62.46
361.53
171.92
630.9
155.71
213.35
438.39
334.15
324.74
428.88
655.11
541.98
299.78
322.6
336.31
602.62
508.44
293.39
62.04
148.98
266.77
228.09
489.29
252.52
389.44
408.8
372.02
591.43
727.87
28.19
46.37
193.14
779.3
423.52
664.46
567.47
26.97
747.44
752.98
343.69
328.04
194.51
97.3
434.45
390.47
272.69
175.29
154.05
389.65
339.13
629.81
47.35
611.32
411.69
290.67
440.62
706.02
0.78
339.8
302.8
403.2
601.44
199.9
378.03
198.35
94.91
782.45
303.67
558.23
12.05
294.85
379.45
182.1
646.83
234.71
450.3
28.83
463.58
117.95
491.07
558.14
570.43
644.73
622.16
93.79
399.48
666.89
121.81
715.82
491.38
41.31
159.91
555.82
513.02
293.97
288.03
532.45
492.46
168.43
512.97
112.46
421.43
537.22
748.17
564.01
426.34
254.25
51.24
386.46
192.62
361.63
464.88
382.51
163.18
303.89
580.53
659.65
247.02
94.25
606.16
18.16
111.16
401.2
292.02
690.57
498.81
774.59
159.42
410.18
459.27
721.52
608.69
401.75
444.8
696.72
96.5
769.44
488.27
182.06
195.94
255.63
664.07
301.27
47.79
774.98
430.87
468.54
495.29
488.95
416.76
717.84
92.2
239.25
550.38
795.24
399.16
471.84
610.91
195.63
269.32
482.44
789.81
79.11
43.28
756.78
707.22
181.85
108.44
57.31
549.55
179.05
751.67
575.74
217.68
101.6
131.59
203.94
650.57
84.43
539.7
379.13
165.09
275.53
665.03
532.59
231.62
256.52
123.62
105.59
406.85
28.62
351.84
689.86
682.6
695.35
192.79
762.3
600.53
676.85
659.52
204.92
186.06
219.71
541.94
0.28
395.74
455.51
589.15
798.28
282.89
799.13
422.96
401.67
108.24
709.39
37.34
718.45
428.19
355.85
112.56
240.77
387.83
70.48
385.92
711.04
99.51
326.97
183.16
770.52
617.74
316.94
604.89
54.45
201.57
228.74
792.18
564.53
211.72
39.94
331.99
746.41
492.18
516.15
672.53
562.74
371.09
224.56
141.32
607.43
327.9
21.46
745.11
639.76
245.76
50.09
171.57
530.55
513.35
192.75
666.74
404.39
44.47
392.88
713.8
432.16
22.27
105.27
10.58
9.63
76.08
11.97
546.98
59.11
322.96
723.43
251.62
175.48
617
383.32
41.69
366.56
563.51
669.01
755.96
368.62
566.71
40.22
628.03
497.49
291.15
735.26
672.38
76.02
585.56
141.83
463.91
53.67
689.11
755.87
259.67
255.08
77.99
737.86
534.15
206.12
782.02
178.24
488.07
631.44
352.09
412.94
229.36
421.79
561.26
661.48
585.07
94.93
627.26
121.41
103.42
745.69
402.76
181.36
562.84
796.1
351.1
4.89
102.74
679.99
78.32
255.87
430.42
257.15
260.15
634.73
81.46
335.39
427.51
688.74
787.25
121.67
671.9
570.61
550.6
683.64
534.94
529.63
276.19
449.02
639.66
249.82
132.07
694.07
624.79
350.54
556.01
82.06
491.6
222.26
269.49
295.74
2.33
525.27
40.52
231.3
527.85
24.57
174.06
627.87
381.86
75.81
261.52
745.54
140.22
123.16
152.17
84.66
259.33
303.17
102.74
767.1
421.02
532.04
0.68
142.75
200.5
744.53
22.26
600.97
40.15
116.85
575.37
28.52
787.4
462.13
174.89
494.84
279.94
765.94
407.13
80.44
108.57
783.97
166.53
121.93
576.43
245.07
376.97
784.32
66.06
177.09
164.74
490.45
433.99
44.43
610.22
648.54
195.46
166.16
428.08
151.75
166.82
723.66
364.75
726.2
39.81
277.36
625.06
136.82
283.5
140.31
556.1
40.06
358.64
318.56
390.42
686.83
363.32
253.88
392
493.75
651.08
457.1
419.7
21.19
610.78
622.76
789.98
208.48
451.47
356.85
430.35
113.42
501.7
669.78
756.04
608.7
257.43
691.97
468.65
570.66
660.85
11.84
494.63
12.31
540.93
351.54
84.46
194.45
151.14
123.94
199.68
43.78
662.81
208.77
718.5
738.86
459.2
330.63
350.35
213.34
218.93
523.4
95.51
258.11
631.77
766.85
181.38
221.4
88.03
584.89
708.55
247.93
302.1
237.24
660.73
705.17
692.61
4.33
743.13
44.74
758.04
537.18
351.9
277.58
692.02
725.86
795.53
446.57
161.26
247.09
506.77
280.97
551.1
522.77
359.32
322.6
31.39
187.16
68.68
792.21
139.84
700.8
628.35
42.93
198.87
56.46
223.4
282.58
29.57
579.02
82.05
130.41
499.15
375.9
690.7
628.22
521.64
358.4
335.24
685.63
270.07
58.38
314.13
404.93
42.24
550.42
592.49
556.57
19.17
81.36
265.88
450.69
39.95
126.3
340.41
420.7
706.85
16.8
379.55
236.37
793.02
35.81
18.1
149.52
495.6
659.24
436.15
305.94
98.33
393.88
433.31
529.88
145.05
245.96
738.4
89.1
301.93
135.67
739.17
153.33
557.76
24.61
263.2
198.71
221.53
342.61
658.37
256.01
228.9
505.56
728.18
681
175.1
1.59
301.86
390.92
788.76
600.13
501.18
619.89
407.5
479.82
322.3
272.85
545.61
11.14
400.67
754.32
347.02
103.5
60.62
91.39
567.65
285.86
608.96
329.32
377.38
141.41
354.68
139.27
153.25
53.01
788.18
581.3
559.35
603.49
275.63
460.94
595.86
249.39
536.37
41.08
692.45
161.92
18.32
117.96
194.31
239.7
8.82
660.58
204.7
502.23
634.61
269.56
354.39
104.13
108.59
178.14
444.43
754.4
108.69
282.29
75.06
132.77
365.62
27.51
323.96
452.94
754.02
652.14
420.99
34.97
313.46
650.55
746.32
150.02
138.55
106.45
66.74
133.15
627.45
716.72
353.21
232.17
334.09
86.64
475.05
265.99
603.41
235.33
222.72
791.08
382.84
182.96
772.48
623.74
729.73
344
458.87
629.69
266.8
350.86
65.69
350.16
211.43
519.88
24.02
774.03
605.91
17.52
285.96
260.21
111.7
455.06
326.18
582.58
268.98
538.79
303
57.84
97.56
413.39
295.9
500.26
579.29
267.37
242.28
45.47
741.96
346.77
30.85
26.02
193.45
377.29
241.57
161.17
622.49
171.69
670.66
764.74
89.86
361.93
624.65
205.97
10.96
187.1
302.19
398.57
591.72
97.13
456.1
403.44
149.74
20.18
454.2
631.8
769.42
559.56
204.18
799.98
373.08
718.8
229.74
184.48
239.64
554.34
777.51
4.12
798.37
125.46
170.03
758.94
172.58
651.8
144.13
69.32
308.16
443.26
763.68
485.73
704.1
582.87
772.82
322.84
701.21
168.7
476.52
414.6
148.49
676.97
213.29
702.31
570.63
544.81
320.35
63.04
123.1
749.64
192.01
419.43
2.77
772.88
206.67
261.33
712.21
490.32
471.85
174.63
778.9
166.82
478.83
58.05
607.43
361.05
377.3
694.04
136.72
410.86
400.72
319.73
778.53
785.15
117.98
52.91
690.19
466.33
225.29
6.19
311.26
108.04
21.57
340.15
650.12
583.92
337.47
654.07
518.58
97.07
779.72
760.68
543.78
169.79
417.17
153.05
703.76
183.84
207.46
78.05
190.32
115.47
6.3
416.56
193.39
164.94
109.32
661.55
720.89
324.36
676.68
253.48
133.48
444.54
678.73
736.87
496.52
328.29
421.22
529.3
647.89
243.2
572.25
124.07
301.47
321.26
424.08
518.35
165.89
527.08
153.57
410.73
188.52
739.49
300.29
469.86
709.02
482.21
725.54
577.24
536.84
411.3
407.42
73.21
572.31
711.2
35.91
652.71
748.55
636.03
491.26
662.48
212.9
766.73
621.52
369.29
537.32
45.54
541.08
575.45
462.06
160.87
285.63
324.34
304.53
394.67
297.35
556.44
135.79
532.29
445.3
27.18
283.35
684.82
373.73
422.29
531.18
78.71
737.79
351.69
447.56
242.11
311.35
511.71
338.93
227.26
25
440.01
317.73
784.51
84.22
211.87
521.25
636.68
430.77
683.51
744.64
494.16
8.83
253.37
55.1
403.32
148.37
715.64
551.06
733.08
154.87
622.48
501.73
182.9
520.05
262.07
693.44
157.75
775.81
51.34
590.14
326.64
761.39
76.43
755.21
452.77
689.84
469.85
190.92
243.56
782.25
719.74
152.3
78.96
522.54
419.41
668.2
422.04
464.64
650.58
134.32
424.69
94.67
123.03
790.65
230.27
191.87
205
558.44
786.85
438.61
71.65
360.03
345.94
585.17
789.15
115.48
220.17
32.03
181.51
799.7
309.53
621.65
81.78
670.14
778.94
140
192.92
551.86
471.79
566.94
246.81
630.95
625.27
505.19
272.72
674.68
775.5
178.77
542.66
581.37
433.41
224.25
312.81
389.88
789.25
745.43
660.87
419.55
248.43
254.33
795.7
420.32
541.77
429.77
180.42
136.26
118.73
4
464.29
592.53
598.48
745.69
578.77
43.92
36.49
444.86
78.27
777.37
342.21
632.99
270.95
694.17
145.21
259.27
790.77
759.81
343.47
142.51
645.97
492.28
710.77
786.92
239.06
541.44
588.81
730.83
712.53
248.78
28.52
205.93
257.77
369.91
563.8
683.97
630.19
69.06
657.32
83.05
584.87
457.12
711.24
795.98
42.38
760.33
412.98
515.88
726.63
759.39
538.21
792.06
311.3
419.54
744.61
574.38
72.09
618.35
617.57
260.56
460.79
230.48
259.85
735.78
19.53
500.81
551.77
71.04
655.79
722.06
204.6
386.59
717.32
298.99
288.83
685.51
404.38
509.13
596.55
321.36
277.77
519.52
35.17
716.78
29.71
794.46
783.04
433.68
651.01
626.11
601.27
575.68
238.18
585
298.55
717.69
221.11
393.13
186.54
729.16
604.75
326.75
158.41
205.43
586.76
733.34
604.77
624.57
501.26
600.8
7.31
555.42
660.26
465.46
631.35
394.91
377.18
12.54
100.99
318.97
760.88
598.14
558.57
179.52
401.95
549.62
664.13
133.36
683.61
540.06
564.73
166.31
577.56
530.68
670.51
719.35
468.19
16.02
253.24
217.89
249.2
125.78
720.82
54.19
466.85
706.59
254.78
299.04
772.12
432.82
203.18
517.09
300.25
404.4
436.48
520.37
225.32
734.8
40.23
690.91
552.73
345.34
517.42
399.64
363.22
340.2
572.24
571.96
715.93
469.3
660.28
751.84
282.3
595.05
79.81
527.39
269.92
550.54
542.7
420.73
89.9
82.57
307.96
317.81
712.62
429.24
514.2
79.13
789.97
246.31
137.97
122.82
133.07
240.16
411.47
392.7
797.34
705.21
242.83
554.21
114.62
46.17
211.05
196.67
582.4
720.56
438.87
758.3
68.96
401.99
527.38
592.05
22.56
707.9
354.94
400.69
404.29
349.35
258.21
620.26
238.74
431.03
304.76
729.82
156.7
647.77
517.01
657.98
9.76
248.53
135.85
366.17
338.42
265.23
550.73
417.37
389.5
116.21
462.88
28.87
502.96
630.89
547.77
337.96
24.61
414.7
390.37
783.6
793.71
344.1
745.66
131.97
787.71
158.48
684.76
535.79
721.01
140.97
270.66
798.98
314.4
643.31
14.7
295.63
262.76
203.44
648.79
523.81
242.05
49.47
645.39
94.09
464.03
202.01
295.28
410.44
132.52
177.61
432.22
651.69
316.4
674.02
319.49
208
279.89
505.35
735.31
497.96
639.26
449.73
398.94
625.84
362.33
494.5
258.56
81.49
69.85
465.86
97
788.28
448.05
5.2
344.62
462.74
663.38
711.17
324.66
121.42
774.49
412.33
714.15
666.17
548.95
684.52
218.44
53.98
7.81
297.45
360.84
223.87
662.84
515.48
633.38
413.98
548.41
750.99
74.64
402.63
343.47
617.39
793.85
454.9
797.52
354.48
700.58
499.54
775.49
202
592.44
129.49
784.31
423.98
482.23
47.2
730.3
126.4
749.87
354.76
267.08
514.98
173.62
6.91
151.83
195.91
664.17
30.64
232.98
792.2
616.99
719.35
336.05
110.55
459.12
226.96
580.76
333.45
194.51
766.49
563.29
476.29
194.46
92.75
561.69
24.92
528.45
707.06
485.57
307.04
317.26
421.98
748.44
353.13
693.43
621.71
348.16
18.34
593.49
593.64
444.87
32.72
687.7
400.84
264.52
458.47
715.73
192.41
516.04
695.21
696.62
602.61
788.18
679.06
794.26
173.23
469.53
703.61
567.41
216.31
492.56
544.52
90.05
791.51
777.77
300.22
771.33
711.15
224.76
797.85
737.4
425.86
246.85
208.87
336.29
548.09
435.45
280.91
684.39
69.94
476.82
671.76
244.27
606.3
594.63
156.42
590.46
194.76
657.49
154.42
690.16
432.02
605.39
366.19
494.39
282.91
252.26
378.91
378.65
780.09
290.59
275.43
103.98
550.88
91.31
704.16
590.92
109.12
756.64
265.18
620.74
706.42
714.12
149.7
175.18
391.64
150.32
422.12
263
724.92
62.23
553.74
776.38
66.96
419.93
216.8
606.01
220.71
410.94
294.12
714.46
143.54
554.48
277.49
48.36
7.88
576.75
790.83
760.29
274.3
620.03
220.75
81.5
409.4
232.01
685.41
390.9
644.63
534.36
346.14
263.01
180.3
464.73
707.02
481.23
341.02
204.15
396.34
409.14
491.92
55.07
452.54
467.7
760.56
361.76
63.18
33.6
47.82
284.83
638.81
383.14
11.73
214.81
585.15
590.66
612.38
484.8
86.27
715.75
509.66
660.42
256.92
449.22
144.4
634.06
209.62
554.39
63.3
589.67
754.64
115.83
747.6
297.26
347.87
434.59
340.4
433.8
759.28
185.5
267.14
573.62
458.15
401.14
705.29
738.68
95.53
607.07
408.86
392.15
727.13
509.83
512.22
302.48
669.42
681.1
725.21
412.27
121.51
194.28
619.49
171.67
189.76
23.18
467.29
188.18
518.04
444.2
489.7
482.31
568.27
220.98
402.46
772.76
116.75
640.31
666.46
753.75
733.5
644.13
712.83
228.79
78.05
328.86
671.37
739.88
780.47
176.72
358.12
448.59
108.47
256.95
66.76
67.24
550.36
231.69
345.75
6.76
572.54
629.62
621.75
758.3
439.2
286.4
555.9
32.8
50.25
21.84
553.67
526.87
536.46
622.29
559.58
64
530.21
311.61
227.72
336.76
424.72
89.1
243.33
292.43
441.42
74.09
324.83
323.62
60.65
725.18
642.46
703.4
735.45
798.52
143.61
293.88
476.77
545.1
688.77
536.09
511.99
107.38
100.96
24.81
381.7
494.9
182.5
543.62
127.5
55.86
313.97
710.07
190.56
575.29
280.36
281.33
307.5
270.37
742.14
327.37
534.24
384.31
194.63
69.75
530.42
760.58
621.37
591.39
487.62
730.44
670.72
315.19
111
473.32
648.36
385.11
673.89
742.17
332.53
279.34
468.51
194.49
756.48
489.19
657.82
681.26
219.11
678.65
571.07
770.1
435.52
392.97
258.23
171.4
318.23
233.41
20.76
550.77
332.48
170.41
720.04
785.79
754.98
46.06
694.22
140
214.51
611.77
54.95
333.35
450.97
335.51
181.69
648.69
577.44
273.61
739.7
406.27
646.39
357.18
70.69
98.26
492.03
793.18
584.75
651.55
619.5
244.25
371.52
400.69
582.43
328.01
245.1
173.82
498.28
221.94
426.86
582.23
739.81
110.58
194.73
82.69
10.4
88.8
652.15
514.69
189.65
254.78
601.32
35.15
584.18
417.17
660.76
232.25
185.37
208.16
542.23
252.69
77.99
64.06
509.39
220.93
754.16
142.68
177.91
729.85
80.73
298.49
40
217.78
180.47
200.91
196.14
17.97
605.48
593.45
624.82
319.33
310.38
348.92
129.82
774.45
672.39
279.43
668.81
341.59
310.92
73.89
290.47
161.56
711.49
225.39
792.69
499.26
283.63
333.45
419.18
774.64
308.39
172.99
130.38
215.73
734.39
263.41
152.36
334.19
1.78
339.55
525.27
645.46
711.38
521.87
124.38
495.57
407.54
147.23
209.82
746.84
472.1
549.71
511.94
182.31
300.04
1.18
777.78
651.49
708.52
360.18
132.11
790.7
149.74
203.83
590.27
371.5
39.57
74.49
615.55
301.71
686.19
561.67
261.26
350.55
297.75
409.4
349.95
497.1
73.9
158.57
689.38
370.92
8.89
472.48
297.86
749.9
236.01
489.64
89.94
251.99
244.88
513.93
60.77
547.25
186.89
229.63
793.92
642.05
737.5
632.86
175.29
424.24
709.34
502.42
321.19
223.69
688.6
623.46
24.88
693.68
93.09
614.54
613.4
159.04
759.59
73.4
237.76
741.15
301.5
538.72
750.78
29.68
609.05
127.75
112.11
291.96
686.84
169.97
18.41
735.22
288.4
146.75
768.53
755.67
106.2
411.17
535.74
175.22
208.39
613.36
639.54
783.4
119.32
426.87
486.97
361.69
703.02
646.35
292.95
447.83
573.02
652.9
37.06
3.97
449.43
228.94
351.84
496.55
226.2
733.1
735.92
373.89
698.67
372.86
356.58
438.74
94.07
134.46
435.36
358.06
774.06
738.96
289.56
276.36
755.47
405.18
586.82
149.91
682.32
658.86
63.98
766.59
201.46
184.26
640.55
598.51
749.91
91.31
239.49
547.34
378.14
555.21
160.72
739.77
446.71
523.56
310.69
306.31
502.92
106.51
148.96
137.77
248.57
127.34
490.14
630.33
368.2
574.92
263.87
694.24
727.32
719.38
783.46
338.59
279.77
635.19
627.61
442.06
143.89
633.56
735.56
519.53
780.64
177.07
33.57
479.55
587.71
369.41
432.01
520.19
246.8
591.01
679.08
277.87
182.71
49.53
328.12
706.31
280.47
175.25
450.1
542
751.66
657.75
375.2
91.57
589.19
239.58
356.15
730.27
28.3
461.18
8.36
778.24
352.37
569.31
718.95
400.39
664.04
110.87
776.78
544.98
53.43
466.62
347.57
775.61
179.18
728.84
484.14
82.43
718.86
671.77
396.13
598.04
555.29
706.04
411.14
43.75
542.12
216.32
44.25
626.43
720.04
700.06
415.32
258.46
65.15
286.85
197.37
64.18
234.92
503.4
460.53
763.48
342.95
705.87
166.76
515.01
129.8
319.04
690.78
242.06
307.67
505
67.52
210.47
105.51
728.58
741.23
450.62
793.84
346.73
325.4
26.2
489.02
716.69
184.26
706.81
689.64
404.91
797.53
385.26
296.84
447.36
386.1
252.19
539.15
163.28
302.17
209.01
779.99
690.34
659.53
759.83
58.29
212.25
778.52
1.37
68
173.69
486.21
382.21
524.61
102.09
465.63
751.8
555.92
24.34
747.3
112.09
173.92
512.13
552.19
773.66
242.78
19.71
193.29
372.53
635.04
125.82
491.74
359.1
407.44
474.53
529.77
750.39
390.44
211.3
476.31
416.73
729.6
485.75
2.08
194.73
545.05
757.86
168.1
425.48
730.62
189.1
649.13
37.82
794.16
159.81
146.75
372.79
312.04
112.1
637.88
439.32
57.35
708.75
19.86
409.08
508.7
118.55
400.75
226.09
313.29
689.85
160.85
53.55
712.29
652.19
280.69
402.35
76.42
79.07
434.95
59.11
117.48
554.54
679.52
23.65
47.93
621.48
611.74
71.45
254.11
487.26
341.9
789.49
443.9
737.47
738.77
544.87
598.71
146.23
82.04
31.24
628.59
423.85
755.7
83.55
440.09
462.92
740.38
131.16
266.46
556.39
101.17
123.15
162.21
727.38
335.71
55.15
85.28
739.81
391.28
40.07
589.69
508.38
524.1
207.34
732.85
506.9
513.61
726.39
369.67
468.1
218.85
725.61
627.18
395.84
149.57
104.83
317.28
682.39
528.26
741.91
635.14
207.5
544.51
418.66
713.52
561.49
682.15
306.11
752.21
440.63
119
218.22
544.24
107.6
767.11
601.36
769.58
753.75
227.17
579.76
635.44
338.16
270.57
600.57
591.13
89.17
173.32
616.51
655.07
145.5
142.85
556.14
41.75
214.75
225.38
579.62
393.7
201.96
165.59
448.58
271.51
490.87
83.49
442.4
633.33
421.86
7.83
514.76
778.59
507.52
640.79
15.43
98.68
502.75
752.7
30.27
151.59
573.02
600.66
136.89
726.46
184.57
213.18
129.84
700.01
370.81
673.51
238.25
100.95
322.47
231.94
359.87
530.43
714.22
179.58
761.93
312.85
266.56
229.77
472.91
51.55
351.86
743.94
406.17
129.09
28.48
417.94
25.82
717.25
421.55
507.03
50.07
526.72
396.02
457.81
12.35
182.4
244.75
580.31
785.82
53.59
748
695.2
689.7
566.2
214.78
181.44
397.83
374.37
285.65
305.5
192.74
551.96
154.48
438.23
794.58
760.78
89.79
263.96
18.59
738.39
317.56
288.99
314.56
499.1
565.05
174.75
37.84
280.03
422.65
338.76
158.08
11
471.76
177.53
239.62
447.56
740.25
286.92
19.33
719.89
214.91
185.79
717.33
548.03
277.79
744.67
735.43
714.8
556.56
591
213.56
197.59
774.57
146.63
588.97
517.97
668.62
204.59
387.42
592.25
346.98
461
472.91
322.95
433.87
20.3
702.21
330.02
34.5
245.13
151.7
485.12
308.34
789.27
516.88
352.73
655.89
758.8
11.74
236.21
614.78
43.38
146.69
198.58
578.4
670.1
30.39
762.78
164.54
481.97
795.88
231.97
333.79
94.55
377.6
29.64
264.43
169.17
656.89
776.08
181.55
176.25
675.28
256.68
473.14
713.98
383.71
707.76
524.1
644.61
514.82
448.77
182.29
643.98
234.21
64.66
284.4
476.35
175.86
221.98
405.8
653.83
409.69
679.56
150.87
739.04
469.11
27.27
753.48
705.4
414.74
103.64
756.95
352.34
211.75
491.86
18.95
495.17
37.87
709.64
707.73
667.89
106.97
661.9
172.67
507.14
133.7
321.62
261.84
398.48
221.24
229.01
267.99
228.6
234.84
33.28
705.1
336.42
136.61
413.8
104.87
685.66
56.99
442.73
232.05
784.38
346.59
232.7
69.56
206.26
795.06
724.3
696.96
230.99
377.69
288.21
649.44
287.65
709.72
117.78
363.87
52.63
300.32
134.06
499.45
567.62
52.76
328.67
387.11
652.24
380.84
499.23
686.79
212.95
319.7
686.77
578.47
114.06
369.92
184.61
275.68
636.39
384.84
649.89
118.88
728.69
350.82
416.25
168.62
424.95
534.16
610.37
761.56
528.96
708.81
5
661.55
311.49
19.99
475.21
156.83
73.41
547.62
283.79
639.84
476.07
612.26
264.38
685.94
245.55
356.48
312.32
774.37
527.91
434.84
645.01
751.97
91.6
493.45
451.49
737.29
564.72
664.64
80.08
755.98
523.24
383.34
430.53
318.21
114.73
246.22
503.04
502.52
277.81
98.42
502.51
391.24
340.58
394.61
605.66
25.6
141.44
335.19
496.36
675.42
479.42
566
797.28
289.02
724.83
798.72
162.77
80.62
261.37
680.09
256.19
339.34
181.47
97.36
105.09
354.18
528.67
744.35
279.18
313.87
34.84
652.04
531.15
496.02
85.26
436.77
719.32
36.64
242.16
163
110.66
656.59
715.24
433.66
508.97
469.94
699.92
208.96
719.78
571.32
4.53
270.15
224.22
150.97
469.18
243.4
349.39
480.34
701
315.47
616.48
572.18
114.98
33.6
696.6
631.03
691.61
15.79
169.24
318.4
435.39
591.93
265.66
526.3
382.45
27.58
97.15
529.49
700.73
603.11
89.68
530.65
117.6
712.57
1.1
150.54
40.55
36.25
371.34
618.75
120.13
354.34
765.75
496.41
191.42
400.94
736.19
196.21
743.55
738.46
363.49
663.19
417.27
487.25
314.01
280.33
240.82
477.67
336.09
7.58
696.17
384.49
32.92
674.02
647.15
680.8
785.75
731.65
472.74
321.64
407.95
334.93
793
315.13
464.83
309.38
637.16
338.29
46.76
193.82
478.3
210.23
474.37
687.86
469.08
794.95
644.53
797.45
684
450.83
271.88
598.81
642.23
718.9
515.1
660.74
25.95
522.29
323.54
17.41
428.37
245.06
66.3
159.92
753.04
522.16
143.81
359.05
698.83
201.96
619.73
530.08
70.23
416.95
118.51
647.17
123.01
655.65
762.96
345.23
568.74
587.81
237.7
540.95
577.21
188.95
789.25
440.1
86.06
453.97
296.46
772.72
713.47
56.25
132.84
454.24
497.48
793.56
689.95
496.19
378.2
417.75
508.71
393.95
699.15
63.03
231.23
234.53
634.98
377.7
605.2
297.87
724.63
754.03
240.05
715.05
214.13
655.64
228.98
782.51
680.5
349.89
37.24
107.29
51.98
677.64
405.79
345.14
584.18
716.95
234.34
51.06
53.09
6.24
411.93
454.95
564.31
192.13
22.19
328.15
526.84
47.77
22.79
581.68
7.02
399.71
626.55
328.71
621.71
346.57
30.04
733.32
244.26
701.43
418.68
454.03
429.14
392.91
324.6
597.64
6.15
737.75
105.75
39.03
794.44
636.7
493.73
26.65
400.65
301.07
617.21
237.8
240.12
532.59
745.56
589.88
288.36
798.03
177.77
412.98
593.02
57.45
490.57
543.73
243.98
468.25
680.97
54.53
204.23
159.57
474.6
549.84
734.62
684.84
38.18
48.65
540.85
282.73
676.56
690.77
718.75
67.92
503.73
408.31
241.4
337.83
346.8
306.83
178.7
18.08
27.62
110.14
756.33
33.72
776.12
178.81
316.55
632.86
414.92
645.24
351.31
138.16
664.71
482.65
241.54
706.51
420.54
447.46
769.32
741.08
83.27
407.24
234.69
151.22
106.7
729.82
478.09
293.64
222.69
171.04
307.28
102.21
712.41
747.16
114.08
517.61
794.06
138.89
237.84
468.1
17.65
328.36
741.82
584.43
580.44
754.84
477.02
343.68
546.36
447.15
653.24
374.73
386.17
364.52
332.28
560.99
673.5
182.95
549.02
656.85
790.09
339.51
352.04
216.69
508.58
430.85
308.6
56.3
110.18
412.12
337.82
788.38
489.44
415.69
281.99
304.13
773.31
213.61
89.97
309
601.61
48.97
409.1
525.44
696.68
441.6
705.28
607.51
699.81
406.34
770.61
67.54
794.91
180.68
267.34
433.92
529.04
638.54
790.95
19.66
294.62
467.64
218.2
504.2
279.04
598.85
662.11
103.77
425.34
794.43
559.44
170.44
380.6
195.9
660.8
77.93
36.37
364.01
550.3
32.55
653.84
288.49
466.97
357.76
158.15
552.52
311.37
554.09
376.12
785.23
243.79
81.85
177.43
286.05
700.41
308.12
271.45
249.7
334.62
748.24
408.88
335.55
362.9
402.56
475.29
735.7
346.1
606.21
632.8
500.8
483.33
248.14
562.39
683.66
693.81
579.49
273.79
538.86
388.78
289.59
288.44
362.31
671.4
759.27
647.61
440.1
117.8
771.28
286.73
545.12
157.26
152.99
100.45
120.86
28.27
599.51
6.09
3.69
88.89
692.89
24.74
750.1
704.94
540.1
592.54
376.3
730.68
66.36
508.44
57.35
59.88
147.14
636.05
582.48
717.69
329.27
767.03
166.58
525.77
476.89
665.94
763.59
58.84
300.38
385.52
762.54
690.18
692.37
672.64
234.05
231.27
448.49
371.27
482.44
210.88
139.36
666.95
347.7
118.72
790.34
181.49
506.35
680.43
711.71
82.81
615.97
345.08
453.77
340.77
107.24
459.63
95.44
462.11
189.62
268.05
452.46
635.25
273.86
373.38
180.74
782.35
596.78
789.67
524.63
308.7
757.6
365.39
114.38
795.14
116.67
44.17
393.1
94.62
755.99
534.66
325.86
493.29
442.14
81.52
34.82
165.07
540.87
684.35
650.5
506.17
552.16
349.41
359.51
573.21
254.56
159.65
99.9
344.17
634.48
236.82
568.27
586.22
742
592.3
603.5
492.42
497.67
79.6
764.94
3.46
266.04
288.04
302.12
417.72
460.92
657.22
492.95
671.38
454.7
32.35
513.81
158.46
32.12
177.43
458.86
227.67
660.47
185.68
624.09
123.75
789.68
7.67
409.4
323.89
298.59
259.06
761.94
369.25
756.28
309.48
43.74
365.77
619.15
180.62
442.02
608.65
341.39
571.77
126.15
518.75
175.81
498.73
261.95
679.28
764
655.98
130.75
522.97
566.59
651.45
720.11
274.95
714.18
159.67
223.47
126.96
121.29
410.02
395.61
407.61
779.36
727.16
539.5
188.25
346.18
217.17
547.07
615.64
758.08
408.29
353.34
559.84
549.96
687.01
409.52
131.7
545.08
268.3
758.18
274.1
434.07
80.82
392.28
225.77
78.85
181.37
283.58
668.97
638.65
198.6
521.07
502.25
227.38
797.9
580.68
777.86
570.81
438.35
42.8
482.48
217.97
197.04
502.12
651.74
331.76
735.25
275.21
706.88
274.58
230.11
735.04
590.14
262.7
233.19
774.2
577.31
172.01
344.92
513.59
73.97
268.71
113.95
279.21
344.2
138.95
381.72
1.11
435.18
265.5
32.42
785.46
529.54
327.86
360.42
115.9
260.21
788.31
84.14
126
548.18
309.71
271.94
430.7
554.57
792.33
146.3
3.49
739.7
265.52
81.84
561.35
457.49
152.72
389.55
160.66
676.56
702.39
729.39
185.67
253.64
537.16
72.65
553.12
183.75
240.52
507.78
155.5
349.76
112.16
295.15
108.14
661.11
189.56
630.26
230.37
688.28
421.48
265.97
127.7
567.66
633.11
96.35
248.88
381.81
280.02
781.77
639.22
150.75
451.5
397.51
566.84
264.2
119.25
795.62
324.15
353.2
6.97
130.41
777.98
656.11
765.96
388.15
757.36
156.99
594.23
423.94
44.69
613.58
37.23
323.44
422.11
519.78
702.49
702.86
663.98
596.61
201.93
81.58
461.52
409.72
315.62
464.84
179.1
200.36
138.99
335.92
317.69
538.53
94.7
630.35
346.13
518.85
189.16
718.48
168.05
279.62
278.08
179.93
637.82
753.09
764.78
292.37
409.69
729.42
53.54
279.68
150.88
556.14
429.02
389.7
622.75
177.44
50.87
181.47
574.59
751.47
590.83
369.71
386.74
341.38
565.22
195.05
283.14
665.59
704.21
53.75
269.03
499.18
725.56
34.66
31.53
451.26
396.11
357.83
761.93
785.87
85.67
736.64
735.23
140.54
756.61
193.02
378.81
628.39
42.12
763.11
396.51
325.65
751.33
373.08
690.55
600.4
425.75
392.58
127.1
410.54
92.86
406.22
518.38
104.28
364.73
100.28
651.06
554.69
123.74
585.99
80.19
327.42
37.46
193.1
259
477.93
27.13
741.29
772.73
307.79
445.67
60.73
531.52
267.67
140.58
470.26
419.3
153.87
699.67
353.38
605.61
328.51
129.49
723.68
15.85
706.21
244.44
718.92
228.92
203.97
97.63
398.11
631.83
476.83
191.18
608.69
586.68
494.07
296.35
687.27
453.02
293.16
499.93
100.71
484.47
41.58
197.86
251.47
769.79
183.32
514.56
428.29
530.8
166.42
72.09
225.74
494.38
600.18
667.97
672.53
613.43
423.62
423.69
66.77
92.58
331.36
352.4
554.69
212.88
650.21
318.41
563.33
324.19
640.31
152.52
706.7
354.81
478.35
332.07
1.76
270.6
501.38
552.93
500.59
132.59
212.56
606.3
753.01
594.47
147.42
184.97
506.11
306.96
109.54
243.17
367.66
474.3
596.33
121.4
697.32
605.78
226.7
308.25
529.91
784.49
264.47
792.15
319.1
608.86
547.21
589.58
243.76
301.62
33.03
525.21
218.41
617.17
281.75
430.35
687.13
214.55
448.73
26.51
427.18
217.25
578.6
682.25
43.25
486.12
478.78
501.24
617.49
539.7
176.31
221.98
192.55
62.1
375.45
450.43
184.15
759.66
178.64
700.03
371.12
473.68
588.8
493.82
49.46
297.58
506.31
495.9
88.56
148.45
286.82
533.31
12.67
26.61
339.82
540.1
506.89
780.84
487.23
343.66
706.58
776.52
462.09
685.86
241.7
750.65
741.55
394.85
282.15
502.48
711.39
140.42
241.54
185.67
11.2
14.18
683.79
329.76
36.29
754.47
97.47
414.77
326.79
769.41
469.31
794.61
730.47
222.13
712.22
508.36
400.95
140.03
67.87
285.55
98.13
492.55
444.36
295.43
517.76
625.11
252.23
133.84
7.36
260.17
590.94
240.39
184.06
764.6
738.52
374.04
420.72
785.09
496.14
627.77
551.69
630.78
466.13
185.9
256.39
167.25
728.84
778.73
543.01
129.98
780.39
154.04
735.39
697.11
584.28
171.44
37.51
273.04
59.28
150.18
773.73
388.85
489.17
205.85
193.42
14.21
751.82
244.51
620.22
250.9
104.69
321.94
616.95
256.07
119.96
95.72
451.02
112.63
752.93
34.11
267.88
176.14
547.63
687.65
132.67
481.92
259.28
627.87
721.88
583.55
249.27
348.21
515.3
524.67
739.24
248.16
18.39
180.13
43.43
676.75
269.71
718.99
390.65
536.35
390.89
105.3
590.7
577.52
588.53
227.71
107.59
511.84
436.65
47.95
766.43
344.97
638.6
141.03
254.48
227.94
287.47
8.91
603.53
505.14
438.74
448.84
445.19
709.5
393.45
759.44
469.95
82.26
476.23
629.74
1.55
116.22
637.56
350.15
570.04
140.67
668.8
112.8
426.07
665.04
631.54
162.43
775.52
229.23
351.17
540.3
54.36
276.14
351.53
628.74
336.98
34.15
38.83
624.17
431.53
514.79
17.92
641.29
91.81
569.79
402.2
428.77
88.16
733.29
1.13
775.59
389.44
381.82
597.01
349.87
121.5
170.36
124.71
14.37
360.02
274.83
533.65
90.34
386.27
785.97
298.48
298.93
669.98
226.07
730.61
681.31
126.64
547.29
432.73
460.83
409
543.23
493.92
429.21
133.61
523.73
635.6
452.09
402.02
238.41
182.84
333.54
19.44
234.85
19.07
437.37
669.35
413.38
289.84
427.49
486.68
32.99
84.42
582.7
467.92
229.21
427.26
474.98
371.19
584.41
752.44
275.87
85.85
735.32
263.79
790.16
679.29
420.58
397.11
385.82
680.79
432.6
196.44
479.4
142.5
573.58
490.69
306.83
799.71
181.55
612.92
527.41
785.6
710.57
35.56
443.48
677.71
695.78
214.85
479.85
482.25
628.73
613.36
580.08
539.18
419.9
524.5
501.67
279.84
722.01
611.29
235.81
346.97
230.14
644.15
112.97
356.55
87.21
23.09
358.18
306.39
631.35
661.64
503.01
638.5
440.5
587.55
28
362.6
299.06
369.01
591.17
519.52
636.77
715.11
400.58
712.68
123.06
204.57
239.13
261.27
419.2
443.18
460.87
3.25
280.36
78.75
208.72
731.9
449.73
59.68
696.59
39.84
406.49
774.08
799.93
677.31
53.97
449.58
526.57
495.95
10.77
545.43
493.9
617.93
732.67
607.18
317.65
68.9
201.75
565.52
395.99
676.47
726.9
203.82
367.61
364.52
548.66
713.4
218.85
696.16
712.13
185.94
562.58
595.88
360.03
700.05
245.86
432.94
799.6
602.51
93.82
560.71
10.34
649.1
63.67
291.99
272.27
170.96
23.71
484.13
133.73
565.82
467.49
669.39
651.13
90.36
498.63
664.62
600.29
768.51
747.35
776.65
333.06
636.64
406.25
402.41
55.64
701.95
100.52
422.2
471.84
226.16
549.52
364.9
399.33
557.3
600.44
675.15
92.76
468.2
511.79
200.41
503.79
672.58
322.61
568.33
277.79
238.58
410.05
477.19
392.71
526.23
725.17
342.6
389.85
787.18
236.77
299.13
450.7
625.85
487.28
210.97
507.28
24.72
199.57
724.77
537.85
76.48
376.08
704.2
117.08
621.94
98.54
719.49
333.11
133.27
126.35
574.9
776.86
88.57
131.95
330.14
601.96
662.91
578.36
496.89
61.68
611.58
790.73
316.66
7.61
48.49
77.08
609.49
399.8
344.31
222.26
24.23
733.36
714.53
450.06
164.51
682.75
612.35
745.47
491.22
716.37
400.53
315.41
121.19
513.04
532.29
215.23
728.01
94.85
777.3
789.19
396.45
669.38
361.07
179.05
684.41
285.11
279.33
560.11
702.37
709.46
562.67
771.29
647.21
554.64
117.61
128.98
544.38
344.37
333.56
757.05
399.56
216.47
651.68
565.64
364.42
732.75
197.43
639.5
363.43
166.8
527.47
758.55
733.27
144.81
300.84
645.33
446.44
56.84
163.58
34.07
439.84
75.71
292.29
327.45
101.5
657.98
188.41
614.18
585.12
520.05
118.6
210.23
656.76
24.31
720.37
661.29
360.17
696.68
768.85
182.22
730.89
162.17
255.34
48.98
484.83
432.41
17.86
93.01
145.93
17.24
24.99
244.27
408.43
270.88
258.82
281.5
655.33
548.93
215.47
693.21
33.16
595.68
324.65
17.81
160.13
326.71
698.68
476.62
606.43
229.39
750.55
87.29
652.24
83.92
33.76
483.57
154.08
108.53
456.64
636.18
60.28
721.89
335.86
360.64
91.96
189.39
297.06
679.31
227.13
396.45
104.57
737.55
665.24
485.97
641.13
680.25
431
453.93
626.28
697.19
491.09
102.1
339.22
609.53
622.15
111.59
114.44
641.64
497.61
398.52
743.04
162.36
700.16
31.98
428.84
351.14
541.98
538.33
672.54
398.16
392.01
31.44
320.68
775.79
378.04
750.73
698.78
126.02
279.48
530.61
156.58
236.58
6.95
773.9
518.64
359.14
114.67
540.22
245.58
663.2
395.62
521.66
380.43
507.42
277.15
521.57
615.51
653.33
457.12
84.58
789.08
358.7
605.73
388.08
713.63
422.39
787.24
480.9
716.37
453.88
351.85
501.91
166.49
580
726.8
748.08
281.7
21.76
78.51
669.6
436.47
187.43
492.07
628.34
663.31
160.09
308.1
168.56
117.54
638.39
420.04
260.31
312.05
132.39
530.27
335.3
342.61
650.43
538.99
155.37
490.53
312.91
697.95
771.23
627.83
271.59
442.08
223.39
9.12
246.77
80.82
267.27
477.33
93.07
171.52
674.28
310.65
168.11
299.81
277.69
538.46
621.56
461.91
576.83
138.41
593.5
467.28
608.24
761.91
750.87
270.24
93.56
191.51
102.07
38.15
472.22
569.3
688.2
104.71
143.76
156.01
74.1
429.49
767.06
147.59
414.05
537.07
664.77
414.93
159.38
24.95
332.63
21.48
580.04
560.54
789.8
772.02
670.64
445.53
693.06
735.15
516.77
717.47
584.64
116.15
292.79
23.68
2.77
402.94
763.05
34.82
732.09
531.76
54.02
513.54
614.27
370.49
291.53
377.2
406.14
262.8
699.21
463.99
479.25
171.21
300.03
352.18
519.98
130.43
485.47
74.66
48.56
85.54
261.73
571.54
393.57
446.13
318.94
21.06
492.43
797.31
245.71
7.36
356.71
293.53
531.72
784.55
46.7
612.07
479.98
463.76
241.47
645.53
534.62
476.44
293.33
396.89
533.66
8.85
378.37
53.62
582.38
532.04
22.8
149.03
43.88
707.21
554.84
268.04
336.34
679.95
198.86
505.6
244.96
408.86
24.84
527.35
197.82
285.12
685.52
216.29
103.68
408.32
707.3
170.61
488.41
749.58
142.22
183.01
468.45
667.41
335.8
377.29
100.38
112.27
570.77
248.83
76.03
279.63
343.73
389.1
538.98
208.5
264.85
102.22
647.91
760.33
390.83
372.16
42.87
150.68
321.77
95.49
784.03
552.22
529.96
167.19
556.92
235.47
123.37
231.3
650.26
558.86
575.87
236.91
680.47
362.76
358.79
14.85
51.99
207.32
545.91
340.84
596.1
386.74
155.79
168.43
797.83
570.93
425.66
658.48
570.17
413.86
470.6
80.01
482.66
418.86
14.86
106.44
243.32
652.55
207.08
630.71
10.5
188.12
183.21
519.15
427.19
466.39
490.44
460.09
531.51
453.77
51.38
716.58
779.75
228.97
395.82
519.51
108.64
377.73
690.16
591.78
288.48
421.93
136.39
355.67
543.42
427.36
481.09
450.26
282.58
222.45
6.49
282.49
170.5
602.4
16.66
214.93
434.9
776.06
440.04
152.14
194.22
540.89
598.12
580.76
365.27
205.47
570.28
726.8
587.77
225.8
117.34
224.72
697.21
476.03
609.88
322.34
523.09
545.86
672.43
175.34
235.31
291.07
82.3
331.17
101.75
112.04
250.68
638.41
455.83
270.35
769.21
616.8
50.94
439.91
457.04
359.83
445.23
498.41
516.27
562.76
250.09
480.56
702.56
693.36
648.86
259.31
460.5
182.52
124.67
553.62
399
733.33
767.15
595.01
594.84
179.77
300.41
731.13
489.85
484.81
515.01
328.37
50
768.59
592.33
762.06
159.92
255.7
436.74
499.83
342.77
549.03
626.99
267.91
107.99
331.62
535.92
275.37
204.77
159.32
47.82
150.38
240.81
310.37
346.86
297.11
673.41
722.11
631.61
159.04
625.08
797.38
425.44
140.45
349.92
4.73
443.96
608.38
701.79
625.59
439.39
185.26
350.2
202.2
547.25
694.16
714.83
141.65
225.91
345.9
126.01
62.93
676.69
480.53
53.59
289.7
356.04
595.4
369.75
123.76
383.65
654.88
742.63
53.28
322.44
271.09
670.27
558.04
576.64
96.4
288.05
497.09
6.87
602.22
743.59
705.68
472.47
365.95
221.34
43.29
329.76
698.24
67.37
444.16
253.64
185.75
471.56
393.55
752.27
130.85
758.7
536.28
251.44
208.98
512.19
284
546.99
147.38
214.78
469.68
60.32
485.02
612.44
211.28
749.94
130.22
763.72
724.03
403.72
728.4
319.04
479.06
612.87
354.73
628.02
567.69
287
617.24
522.02
485.98
494.38
503.31
139.06
30.52
631.53
159.39
81.1
92.78
442.22
329.4
550.5
578.62
701.66
690.74
278.74
370.74
30.07
665.85
508.65
400.7
131.34
631.05
48.69
83.09
724.67
378.17
486.61
378.97
120.94
82.18
716.62
689.36
725.14
762.01
476.82
486.11
498.22
269.77
727.89
600.14
566.71
685.9
543.29
394.36
693.47
303.82
476.94
101.45
167.66
741.75
492.53
400.82
735.95
16.84
788.33
335.62
78.26
258.56
64.89
107.2
197.67
736.48
753.23
436.65
467.12
481.93
778.92
103.84
84.63
563.04
767.66
494.85
785.55
112.33
316.18
423.15
648.51
29.45
799.62
112.26
476.36
464.19
381.84
465.21
615.97
73.47
279.55
770.01
412.72
279.88
445.09
227.71
344.93
663.72
266.62
345.5
370.65
65.79
116.36
657.44
276.7
550.07
752.94
643.96
723.26
79.6
628.38
308.81
224.73
214.71
246.42
786.7
404.7
154.71
401.7
791.11
343.58
492.09
404.97
504.18
709.92
799.27
618.23
252.39
126.62
455.18
458.67
182.02
766.33
487.01
776.41
436.83
387.61
771.98
716.87
337.62
45.88
553.63
455.6
391.14
497.45
191.85
111.37
763.99
544.53
777.43
382.99
196.34
414.6
167.87
377.42
670.77
759.23
557.23
381.14
329.43
636.55
607.31
669.52
599.08
550.33
99.99
0.52
616.32
42.45
2.94
39.65
389.9
556.28
53.88
400.33
443.1
697.43
238.15
74.18
774.08
523.09
211.35
769
84.17
191.93
790.92
756.61
411.28
394.15
722.88
261.55
547.18
798.12
591.68
392.65
422.76
281.12
771.91
253.96
606.35
737.23
325.43
590.18
298.19
93.25
263.33
407.1
131.6
104.49
489.32
478.31
400.6
682.29
692.59
115.69
355.68
309.27
49.58
493.63
116.82
227.31
650.93
219.18
540.04
458.26
28.2
546.33
425.2
285.5
693.74
41.01
112.98
95.23
720.79
207.24
523.52
263.25
756.5
416.24
512.46
655.46
137.8
107.32
218.95
699.92
628.64
482.1
347.22
602.98
751.91
240.63
310.58
138.07
62.58
14.57
0.76
758
216.02
137.3
410.99
277.26
456.69
773.12
407.99
792.79
383.37
701.53
566.04
384.86
124.59
768.35
553.23
647.19
284.75
536.61
640.76
208.98
29.75
334.23
342.66
429.29
701.6
459.3
625.98
349.49
712.79
190.49
572.38
569.75
415.22
78.36
775.6
489.94
597.7
240.77
573.09
468.89
664.02
400.02
529.76
89.87
463.43
64.4
431.71
661.35
87.37
144.36
244.81
659.31
363.17
362.91
349.55
53.56
632.41
284.61
616.77
168.79
366.2
146.38
115.46
725.45
703.49
642.8
753.07
390.57
6.22
264.1
481.85
400.72
447.07
674.25
128.66
733.52
386.59
168.73
551.26
159.08
223.56
11.66
124.29
166.56
254.82
300.49
573.38
494.53
382.76
513.07
468.37
518.4
704.92
363.57
61.86
641.89
148.23
87.05
444.36
222.84
447.68
455.06
301.9
334.37
275.71
185.45
273.4
99.28
726.27
609.73
289.36
28.61
302.22
280.99
636.54
227.61
231.36
660.58
91.03
202.31
430.72
732.63
587.29
648.45
524.12
382.08
268.19
84.6
413.34
785.65
581.79
527.72
104.06
452.34
390.85
104.14
252.37
446.36
46.8
544.82
63.48
775.15
179.35
132.8
417.29
434.2
740.2
487.72
796.55
420.36
565.71
2.06
793.77
714.31
701.77
629.88
239.61
486.48
176.18
463.07
567.93
609.16
463.82
497.72
457.47
449.65
202.36
318.66
337.34
52.45
779.6
259.31
556.01
620
397.82
685.43
74.75
494.39
720.52
549.58
38.87
106.45
302.28
535.33
750.45
49.64
654.05
103.18
268.45
722.62
756.93
387.04
72.46
523.89
721.3
591.66
148.94
495.66
244.7
684.62
721.97
668.25
577.9
765.82
393.25
8.84
439.46
758.4
711.38
439.22
89.37
226.12
659.99
242.93
182.35
397.35
271.02
79.04
796.27
15.64
429.06
762.02
147.98
513.38
339.47
457.91
26.25
163.97
228.02
153.53
499.05
748.56
768.3
574.06
367.84
738.25
640.19
67.89
620.79
210.5
641.6
213.83
6.18
349.55
18.87
167.84
153.02
205.83
113.87
443.68
434.85
80.21
622.38
118.31
65.53
647.34
228.23
321.29
619.14
36.4
389.07
738.76
299.18
698.83
708.1
681.09
433.05
145.74
678.27
386.32
173.4
703.43
796.9
610.24
189.51
518.01
705.16
388.18
661.44
475.52
634.38
388.95
585.05
617.27
658.01
303.84
385.2
798.77
378.73
723.62
772.64
710.51
69.88
463.72
55.3
667.92
244.87
740.98
376.35
375.74
779.21
46.21
563.39
64.68
43.88
185.88
792.38
105.6
522.92
121.58
508.61
341.47
422.69
236.67
653.8
683.3
352.22
471.36
76.71
138.86
245.6
461.45
49.23
425.47
183.35
117.78
177.78
382.86
410.39
403.5
623.2
167.26
495.6
332.19
263.7
70.68
316.29
558.73
581.69
709.06
16.96
12.51
30.56
43.06
799.07
791.28
565
59.49
374.61
49.63
712.89
592.02
1.32
798.42
67.69
159.02
16.91
278.79
413.36
570.82
86.95
728.53
46.34
437.7
502.12
456.99
780.47
427.92
478.71
309.42
640.34
589.9
665.64
541.77
18.53
495.74
19.93
784.39
172.02
101.88
72.22
105.81
274.93
439.95
327.39
160.65
245.63
93.27
532.17
161.42
743.01
30.78
83.26
56.74
3.35
615.63
270.32
91.95
320.36
100.15
609.81
158.46
468.78
713.77
236.93
202.35
150.44
694.66
389.87
435.14
80.77
228.33
89.03
286.16
535.28
434.04
451.93
339.76
560.12
32.14
648.74
387.51
222.22
179.12
45.95
647.17
30.54
591.86
226.22
347.46
193.01
195.84
629.94
318.05
325.14
127.5
496.19
453.21
476.62
140.16
460.9
350.72
662.05
772.73
551.75
57.37
692.73
774.45
634.8
83.34
559.41
384.7
325.51
724.82
154.87
209.69
189.84
525.79
725.61
15.05
655.37
425.31
355.42
170.27
608.75
150.61
450.42
373.37
784.99
196.51
418.2
370.6
374.59
302.18
506.44
662.87
358.46
153.53
352.79
47.24
232.45
294.68
245.91
212.2
134.97
747.12
536.52
478.4
261.61
628.46
426.39
88.98
409.93
47.13
779.27
262.02
738.91
749.88
218.58
658.68
94.06
716.86
135.72
472.11
746.05
325.13
675.81
468.04
230.23
330.14
405.97
343.71
659.4
303.9
688.05
460.19
525.93
638.9
765.23
221.93
515.65
708.32
173.77
163.96
504.47
255.5
582.5
430.48
152.75
321.59
440.24
409.88
164.72
391.59
183.64
536.22
304.76
93.58
373.16
734.25
230.43
150.3
257
314.52
507.8
544.32
174.64
238.19
613.64
244.85
349.23
278.49
28.22
723.37
547.84
253.67
704.45
587.2
431.34
690.76
161.78
606.99
369.4
454.59
742.26
723.5
710.13
705.74
404.53
80.04
503.83
287.55
762.17
256.59
132.74
733.78
673.32
131.4
465.53
770.92
307.13
322.99
92.75
539.16
271.03
169.02
535.18
410.64
121.58
716.46
398.89
485.02
208.68
624.17
486.77
389.24
261.06
43.05
118.77
313.31
587.93
129.66
141.99
68.82
469.87
40.22
117.49
635.97
132.57
796.49
179.99
232.27
197.6
240.43
599.57
630.5
199.73
669.79
701.6
791.03
406.87
603.68
258.07
536.58
586.64
424.78
332.09
584.36
792.31
71.28
3.51
566.97
764.15
322.29
501.12
378.87
362.26
739.08
573.89
601.67
383.62
24.87
79.7
546.97
189.15
231.49
640.4
468.57
522.09
49.43
301.83
672.48
362.96
130.77
536.91
466.9
283.89
71.4
147.08
191.72
608.33
711.61
385.55
503.23
630.79
346.61
107.33
625.57
83.79
498.14
621
421.75
339.67
352.01
222.98
703.81
267.65
642.46
17.91
638.23
2.67
82.52
494.61
734.72
164.03
630.64
238.32
290.01
65.67
399.18
88.35
379.7
782.51
380.57
761.78
673.44
562.74
723.12
233.63
248.38
679.02
712.06
727.08
496.37
407.62
627.18
78.96
787.08
38.68
74.88
698.07
149.06
211.68
699.94
727.72
479.83
285.04
643.64
682.92
546.22
523.72
688.38
410.32
379.22
791.28
769.06
418.53
590.02
563.51
19.58
575.08
236.17
682.4
680.53
369.08
369.72
357.94
728.84
457.2
387.19
594.11
74.1
766.68
207.51
468.1
315.42
504.61
727.42
579.59
182.35
318.05
170.33
200.24
129.09
278.77
575.92
428.8
174.68
266.42
635.46
128.84
782.55
249.05
651.63
566.29
287.64
385.25
78.77
313.26
14.76
0.37
531.71
420.86
775.1
202.83
277.52
164.72
371.13
647.49
55.47
434.85
118.17
526.2
487.21
412.26
340.5
245.8
485.56
228.03
273.54
160.8
462.89
476.45
270
392.91
572.3
158.46
162.57
401.71
452.1
513.77
779.94
552.14
591.74
370.25
483.71
323.02
799.18
655.93
449.28
318.79
711.37
293.22
707.6
694.15
446.94
659.86
16.43
337.11
191.96
548.61
259.7
246.4
531.09
70.25
473.94
274.74
797.94
654.27
651.85
293.46
475.35
567.64
783.29
84.56
418.58
596.19
120.26
235
502.79
593.89
488.55
657.56
353.38
174.39
379.32
644.13
258.97
386.13
521.67
524.42
647.73
308.57
714.19
227.87
475.35
503.57
282.24
169.74
12.16
298.99
429.3
551.97
83.18
356.45
564.11
243.66
750.8
32
535.39
659.13
590.26
157.31
38.47
701.31
208.85
508.36
684.84
218.67
281.95
627.6
74.71
197.52
751.83
44.52
166.27
677.07
149.12
349.6
670.82
327.8
412.34
466.33
626.13
265.14
346.82
56.08
681.42
268.77
288.26
563.21
437.38
294.6
355.22
133.86
56.27
465.54
111.49
16.89
486.23
396.04
42.45
505.07
128.96
415.22
324.6
342
632.15
565.44
516.24
103.44
726.38
593.68
183.14
572.27
159.2
163
131.37
39.39
237.71
327.28
259.11
757.49
600.8
267.24
342.93
17.29
641.13
68.72
330.84
142.92
73.64
593.4
84.83
789.98
4.17
21.87
388.79
772.09
617.6
204.44
781.64
381.58
663.26
34.61
571.51
750.68
436.29
533.27
477.19
757.69
476.27
533.55
345.76
161.02
451.78
253.36
677.03
31.52
513.54
272.82
385.59
97.95
29.95
731.11
312.73
134.76
334.55
567.59
109.14
240.57
373.64
357.45
159.71
777.03
121.6
401.09
455.47
332.78
747.56
638.29
797.76
527.3
622.42
50.78
252.09
303.49
45.56
361.57
166.01
628.01
483.63
654.14
96.32
53.18
44.8
115.5
653.33
240.09
319.67
400.42
226.39
705.75
412.9
242.51
493.32
428.47
167.36
635.24
394.9
336.69
696.22
595.95
709.5
237.94
18.46
191.96
654.3
86.27
795.32
540.62
263.75
132.75
449.25
32.12
508.94
47.76
632.4
460.12
636.2
146.37
175.13
60.42
247.96
51.39
217.69
280.73
463.68
477.22
710.57
595.67
505.18
610.12
393.22
501.06
520.25
366.64
87.82
142.72
732.05
534.58
665.36
625.88
581.08
469.56
774.9
551.34
584.72
222.86
13.76
776.94
742.92
194
528.21
312.4
739.7
618.45
759.78
292.52
570.38
391.98
233.47
295.63
632.55
302.27
592.53
64.58
787.29
132.35
423.35
661.28
331.85
549.1
589.97
229.48
31.82
347.84
718.18
577.02
381.14
341.49
559.8
487.68
642.85
310.75
216.83
11.67
216.4
268.5
399.09
481.29
768.79
771.76
605.68
151.63
600.88
71.4
746.91
139.19
582.11
442.08
32.79
400.61
400.78
37.71
185.55
574.6
653.89
255
163.8
758.94
380.43
460.29
548.97
524.18
663.05
243.22
129.26
286.45
238.65
382.92
198.02
595.63
793.27
641.77
621.58
750.14
715.9
383.24
15.79
172.16
598.23
263.59
398.49
372.75
767.94
91.95
569.21
593.31
666.52
261.05
446.77
78.99
176.29
189.05
79.71
229.51
255.37
103.85
131.29
739.28
243.23
188.12
10.04
32.37
468.63
651.05
697.6
48.36
478.37
37.18
499.2
210.97
778.12
144.02
135.61
557.38
281.32
499.68
333.77
444.85
519.87
18.88
603.59
285.54
609.59
524.85
463.56
135.86
631.75
295.96
161.15
169.32
645.48
677.87
481.05
586.59
738.54
186.55
85.51
387.31
83.88
562.92
437.01
514.59
51.21
9.68
40.14
361.54
424.24
468.3
576.72
22.35
553.88
158.66
201.04
651.35
231.84
429.1
98.56
499.42
15.19
793.37
522.24
510.6
449.92
214.01
408.75
156.39
642.1
302.8
667.36
60.77
584.14
612.17
777.27
606.73
560.85
234.61
605.37
585.68
101.08
529.53
596.85
159.15
453.58
408.22
751.71
298.98
341.76
246.09
624.52
304.77
218.32
402.11
123.89
146.62
783.93
193.71
362.52
623.02
324.91
301.73
732.63
315.06
676.54
592
719.1
375.46
274.75
566.35
723.21
181.51
764.01
690.15
194.76
55.93
178.8
68.88
392.72
625.11
117.63
787.33
745.45
636.41
305.17
659.1
95.33
788.56
43.44
307.67
656.59
704.66
533.86
538.41
518.76
740.87
78.62
105.38
361.51
746.67
527.09
621.76
620.45
508.48
285.76
542.27
188.61
222.87
42.32
750.21
237.06
171.3
689.2
738.8
178.7
621.53
42.35
119.97
139.84
654.71
68.41
507.37
494.55
440.24
451.11
698.66
179.75
150.48
252.06
644.06
512.18
44.16
285.53
94.17
364.08
145.35
607.38
622.39
636.35
284.73
267.08
197.28
22.59
204.26
544.14
377.61
153.96
343.32
59.73
482.03
484.39
751.55
75.08
655.6
159.4
213.9
660.36
519.55
561
652.76
506.6
694.97
266.45
617.52
239.14
704.29
105.5
499.76
756.9
345.81
524.65
547.95
527.79
741.65
511.56
371.13
72.81
134.36
23.44
29.73
526.44
334.03
65.18
416.09
455.7
669.48
435.53
614.68
336.7
113.51
652.5
722.53
102.91
156.59
791.62
743.32
444.23
407.23
534.51
319.36
58.75
441.13
715.21
122.98
129.09
314.59
367.16
161.38
330
319
681.67
378
353.83
793.71
412.18
521.2
589.57
14.87
400.81
150.39
508.72
485.33
73.1
247.07
45.25
714.16
59.47
454.73
343.33
112.29
573.42
45.89
618.81
288.02
781.88
459.03
338.53
184.18
727.92
439.24
232.89
495.9
33.69
769.54
547.38
564.7
317.5
786.04
634.38
610.9
485.93
255.5
727.56
7.18
347.79
278.27
17.02
211.04
474.82
733.24
746.66
419.08
0.51
720.08
161.81
79.34
582.27
506.42
440.16
101.3
607.66
785.68
596.71
403.7
263.19
636.93
399.76
755.34
179.12
665.75
406.53
451.9
140.12
711.21
360.67
178.11
572.59
550.02
146.64
28.02
523.81
666.5
445.42
288.92
536
506.73
128.47
378.41
734.93
335.13
730.02
144.58
737.19
236.87
278.8
207.27
213.52
165.27
650.17
101.72
83.73
314.84
769.31
622.94
259.78
68.45
47.44
331.85
268.94
532.44
32.97
768.25
653.8
586.41
755.15
553.8
181.08
485.84
647.81
149.1
651.98
701.7
558.12
775.56
224.23
534.84
561.6
690.19
730.86
70.1
85.77
68.25
337.18
755.67
627.53
356.98
138.63
630.73
603.48
40.99
546.16
799.24
613.77
105.98
648.54
647.37
532.72
417.04
371.06
37.87
518.17
55.59
733.96
262.97
656.14
429.61
552.55
26.63
563.92
249.81
729.62
226.65
431.9
795.49
138.52
533.01
789.09
680.35
485.88
356.3
369.57
584.73
156.51
101.35
786.56
219.42
269.56
412.9
661.74
385.3
749.22
637.72
282.01
151.49
210.16
588.87
127.34
272.92
263.26
536.48
461.76
117.89
91.28
470.75
76.14
0.49
678.15
66.41
21.23
7.54
626.4
88.12
694.24
638.17
750.87
793.88
186
506.38
500.61
5.94
698.54
482.85
474.96
385.97
21.29
141.44
632.35
114.17
7.85
256.15
152.03
717.55
36.16
611.73
63.42
166.54
416.77
181.18
272.52
388.65
721.33
20.53
207.43
349.14
588.04
439.95
440.13
472.91
593.38
297.55
746.76
496.28
260.04
10.94
27.87
548.33
626.64
671.58
503.82
792.64
426.14
195.65
479.06
770.27
122.98
276.82
578.92
446.19
64.36
467.74
155.03
77.27
663.23
623.45
473.97
702.64
767.8
221.2
226.9
649.59
468.87
92.54
262.86
683.64
598.19
367.26
269.8
13.16
18.41
180.74
432.1
401.36
342.16
316.56
149.2
413.42
669.22
7.55
398.26
297.95
497.15
192.69
317.66
681.23
272.79
592.4
221.27
654.02
776.46
476.32
62.71
670.93
256.29
661.84
701.5
293.15
494.3
69.45
391.19
295.22
545.14
616.11
3.81
652.79
610.83
699.13
565.18
634.43
430.96
749.84
634.05
123.24
94.52
667.57
633.88
751.13
271.55
582.77
688.52
666.17
299.74
642.87
73.41
158.02
452.69
141.97
42.65
254.23
327.73
699.39
741.76
135.29
10.63
639.12
601.09
588.96
660.96
513.32
108.45
439.09
449.35
767.75
490.65
41.41
27.65
666.25
414.71
682.97
601.54
334.93
515.1
290.23
664.28
700.01
428.51
682.01
548.42
362.97
286.21
745.36
154.06
626.25
641.47
554.04
196.72
692.94
522.79
333
188.46
652.33
613.77
360.57
551.38
549.78
744.61
191.48
296.62
453.69
299.72
393.73
564.52
608.12
258.53
275.94
268.95
778.49
202
228.99
729.46
189.78
698.24
404.95
356.73
79.24
224.11
193.82
480.99
418.01
751.14
550.03
221.51
518.16
492.67
26.14
425.53
391.25
140.16
471.37
171.92
554.38
765.84
502.33
143.57
680.43
190.86
689.05
319.2
428.12
475.95
513.6
250.43
265.75
374.3
117.49
665.77
697.03
193.97
8.15
250.16
119.4
749.73
136.38
250.15
71.88
784.94
595.39
791.06
569.73
408.62
2.2
196.69
701.87
223.44
39.79
215.72
309.65
14.92
274.95
416.45
444.18
104.79
499.87
735.69
4.33
35.12
537.45
164
580.06
219.75
21.53
14.95
43.02
753.3
83.25
125.23
362.61
530.91
770.56
742.88
79.72
475
280.36
74.37
381.42
662.45
624.45
168.12
593.82
152.01
473.79
282.59
173.91
710.54
80.27
463.97
2.02
275.24
45.63
440.2
74.75
115.12
316.81
65.35
286.64
234.1
573.14
459.33
338.8
303.9
592.45
643.38
359.31
210.52
384.32
153.97
522.13
337.24
451.62
573.05
289.16
101.58
776.48
246.94
140.19
598.54
750.61
227.48
398.24
596.01
351.6
592.17
59.07
749.6
28.26
691.66
769.03
583.5
78.21
398.75
28.56
263.96
49.99
410.94
767.09
726.26
56.93
146.09
11.87
60.83
171.9
710.36
781.69
39.69
689.19
243.25
351.83
172.42
348.56
294.71
634.5
253.88
200.16
721.13
183.23
280.36
382.82
778.18
735.21
543.8 /

COPY
	PERMX PERMY  /
	PERMX PERMZ  /
/
MULTIPLY
	PERMZ 0.01 /
/
