---------------------------------
-- Permability values for SPE9 --
---------------------------------

-- Permeability distribution visualized in figure 5 in Killough's paper
-- Killough says 'The input data included in the distribution to
-- the participants included a geostatistically generated 
-- permeability field'

-- The values below are taken from Killough's dataset, they are
-- not based on the figure in the paper.

-- Explanation to how the data in PERMX is organized:
-- Under each LAYER (i.e. K-value), 
-- there are 25 ROWS (i.e J-values) under which there are
-- 24 entries (i.e. I-values) 

PERMX
302.39
453.62
429
717.55
584.97
420.84
606.24
749.47
527.17
97.52
169.55
39.41
9.4
469.68
382.3
180.3
294.96
356.51
157.75
87.67
284.81
722.88
238.48
69.78
191.51
323.75
332.24
235.9
205.85
116.38
200.82
20.64
603.78
210
400.25
438.98
444.23
621.58
135.23
376.8
606.94
412.87
425.3
766.79
281.24
586.02
147.33
515.93
153.86
305.94
682.88
363.95
634.37
405.82
156.94
601.04
431.94
511.72
186.74
428.41
119.38
697
355.15
19.8
698.89
461.26
627.73
720.01
425.62
530.24
345.82
86.12
336.65
683.76
338.17
626.17
483.57
669.22
172.43
35.41
636.7
64.17
549.73
769.35
578.85
505.93
728.77
140.71
377.85
32.12
357.85
227.98
772.08
253.4
173.31
481.34
537.93
462.46
250
626.92
123.97
671.11
324.97
439.37
353.51
403.18
547.48
26.16
287.31
144.37
260.5
426.2
244.3
17.31
21.53
773.65
25.93
694.75
99.66
213.18
638.98
530.98
694.84
256.03
25.15
248.71
738.97
43.88
211.99
70.7
221.99
61.57
560.2
541.38
307.6
728.4
234.52
79.76
137.07
269
256.03
494.73
224.88
658.34
109.28
371.96
615.67
400.02
76.99
511.9
783.89
474.24
386.04
211.7
497.53
611.9
680.49
659.57
688.95
595.37
541.06
733.65
287.12
30.65
706.35
356.26
167.23
749.21
195.58
602.45
727.23
425.5
463.5
62.2
119.33
20.27
672.78
497.14
577.49
131.57
197.34
80.88
642.46
568.33
476.24
476.5
317.44
691.99
188.17
58.8
536.85
280.66
524.7
62.29
776.52
38.08
289.15
211.43
469.63
796.47
430.35
551.44
609.31
351.68
580.37
116.22
320.85
32.56
514.28
287.94
24.43
327.36
121.51
513.13
289.73
260.64
399.49
403.04
408.17
682.75
367.87
638.56
207.44
770.61
431.24
37.79
786.13
599.93
258.61
702.73
472.64
674.3
3.77
294.55
630.21
421.16
277.03
28.42
613.06
502.79
146.94
767.62
36.97
463.52
405.99
38.79
644.58
736.13
70.19
162.76
105.48
193.79
237.39
660.64
235.43
489.65
300.27
190.38
614.23
715
677.37
415.9
525.12
554
560.66
177.31
448.56
388.56
515.15
778.71
132.06
238.27
388.89
718.46
684.4
90.37
327.84
510.92
372.21
377.25
752.64
643.53
267.2
306.39
178.8
452.89
162.75
348.53
200.73
222.44
176.39
671.81
350.79
104.17
136.87
167.94
160.37
337.97
419.69
508.3
366.96
53.75
567.39
520.96
101.74
386.8
670.84
763.54
350.81
327.51
795.62
143.99
699.37
84.03
223.59
404.88
461.01
105.66
27.79
112.76
28.46
649.04
515.25
36.45
665.68
60.9
492.23
116.97
526.95
685.87
439.69
516.73
656.96
224.86
215.78
743.05
633.85
641.26
477.71
562.43
619.51
727.71
563.87
732.54
412.1
84.61
73.41
657.16
270.77
246.87
336.15
198.22
714.28
5.5
380.11
187.81
786.38
396.78
605.48
2.7
561.06
328.89
793.63
329.7
480.11
17.53
278.78
419.91
50.89
425.51
480.02
319.26
307.96
531.03
435.66
489.76
403.24
179.6
267.94
552.54
111.91
777.54
381
713.65
254.55
396.32
261.54
219.61
79.77
490.94
68.39
208.26
453.47
642.47
499.15
301.6
492.38
764.8
504.82
782.89
578.74
475.02
690.83
533.3
715.2
709.06
780.94
123.47
444.01
746.52
196.05
546.5
385.25
359.15
719.58
458.23
232.31
609.66
85.54
670.16
713.26
663.04
586.5
768.7
273.73
779.31
750.45
777.16
229.04
173.13
768.23
47.28
179.07
496.97
88.31
294.43
737.11
18.05
382.86
658.85
580.59
598.06
391.04
88.92
28.6
303.66
452.1
3.19
234.57
798.63
251.79
344.83
180.12
259.26
526.39
509.02
531.83
524.38
687.72
59.17
579.41
641.73
703.98
152.12
181.7
254.14
753.1
156.47
459.53
532.31
695.88
430.07
158.62
794.81
591.99
300.22
412.37
673.21
317.11
785.32
603.72
126.15
635.47
129.86
80.52
767.6
737.84
374.77
727.38
270.73
431.74
630.57
451.27
102.55
185.31
332.01
696.76
670.56
13.59
225.84
30.42
150.47
583.41
595.94
288.74
734.72
362.05
575.68
480.63
77.79
235.89
310.65
551.59
494.1
198.18
410.21
216.13
656.81
711.45
423.78
189.41
318.21
767.38
290.89
426.22
781.66
295.66
442.34
498.58
780.13
132.58
323.91
183.32
558.36
34.82
699.05
788.68
676.99
491.46
318.86
692.24
683.76
356.33
716.4
245.31
775.26
538.48
187.98
690.92
90.9
658.53
701.86
88.43
131.5
294.3
113.36
91.6
676.59
266.88
514.61
139.81
444.34
717.23
284.47
758.89
65.85
766.75
405.6
207.04
411.81
128.51
791.91
430.95
679.76
620.32
367.75
43.39
681.93
687.83
101.07
669.8
608.04
315.6
777.97
483.91
198.23
712.85
631.3
160.44
252.97
351.07
639.23
398.78
174.29
439.91
275.86
44.47
544.26
572.72
36.79
482.74
671.35
228.48
654.46
301.51
451.69
175.52
96.24
118.95
109.09
545.2
221.43
665.73
784.65
602.59
487.74
692.88
235.35
598.21
199.46
307.73
539.48
331.32
272.82
506.04
631.22
105.84
341.67
741
230.61
775.32
703.08
370.72
240.72
515.77
110.25
323.45
467.19
209.26
337.63
318.62
262.31
43.12
12.87
497.16
174.32
206.36
256.58
799.78
601.68
101.2
237.65
695.48
567.29
491.05
151.12
172.73
416.76
119.6
487.9
600
750.06
511.33
333.78
191.83
246.31
286.08
796.41
260.93
365.39
484.17
478.43
770.07
310.51
195.09
515.76
339.76
589.55
637.45
777.54
623.77
443.54
758.5
443.35
739.98
602.18
729.4
499.46
657.48
431.5
52.33
386.61
482.23
574.96
652.28
518.53
126.25
733.22
50.16
419.25
444.97
85.84
561.08
661.21
182.89
736.37
252.31
725.23
666.11
372.17
794.26
707.4
363.25
216.27
779.23
260.6
329.14
82
469.95
659.65
655.64
661.17
174.43
501.79
567.24
521.57
699.85
34.66
278.97
363.76
268.17
696.16
782.26
242.84
111.46
633.45
743.93
478.77
89.1
646.13
475.38
563.62
678.62
315
264.21
311.95
564.41
194.93
380.53
554.42
426.87
587.8
349.5
36.42
179.87
767.44
696.88
755.61
556.65
260.63
130.85
429.21
202.13
507.64
123.03
224.16
411.72
254
408.09
751.09
641.2
539.17
99.34
157.59
700.28
534.16
9.4
453.7
508.42
464.11
530.53
421.15
411.21
104.12
679.18
471.31
146.08
249.79
345.05
434.41
331.64
322.35
523.74
636.06
303.14
330.24
312.6
760.91
99.86
758.11
441.33
720.53
596.49
582.02
626.84
706.14
483.8
183.09
223.19
281.74
550.5
680.91
118.13
236.82
37.06
513.47
658.11
364.2
81.73
252.5
578.84
40.62
179.27
207.71
740.25
83.39
778.61
170.09
580.36
425.48
409.81
691
115.74
324.58
738.66
53.63
90.19
0.76
508.35
548.06
568.8
628.35
177.85
325.61
598.83
678.49
435.55
279.84
285.28
447.14
309.25
450.89
226.18
75.28
4.68
393.19
253.17
649.87
637.68
761.27
498.52
204.39
479.25
349.87
308.14
670.68
750.66
297.71
664.96
575.41
209.71
472.56
554.69
515.72
319.14
299.91
325.46
101.62
393.27
442.28
129.19
201.12
526.5
787.5
557.64
75.51
614.72
428.87
659.68
276.08
709.61
286.76
416.62
477.35
554.89
486.13
325.44
601.81
187.17
724.25
14.17
107.71
104.12
359.12
27.31
208.15
324.15
224.63
547.86
146.34
518.57
85.42
661.88
552.88
199.76
37.35
428.46
767.69
411.61
157.37
534.5
752.67
456.24
582.67
295.37
234.51
681.28
195.29
537.92
612.77
353.07
583.44
261.69
185.3
479.92
684.16
632.5
269.48
752.45
588.56
575.76
103.45
108.06
346.03
689.83
747.09
560.19
498.67
239.85
185.89
749.95
76.49
352.98
569.71
655.09
93.87
575.7
33.45
756.18
726.73
546.13
43.62
476.5
384.11
35.89
457.64
264.16
315.76
48.15
700.04
571.73
195.79
694.1
602.05
149.11
797.13
645.55
534.29
271.59
206.05
615.72
124.5
323.49
120.93
59.75
211.3
490.75
70.47
761.02
501.19
266.27
466.07
713.94
320.39
85.45
453.65
719.53
733.49
127.29
617.88
640.24
478.29
678.88
432.72
541.64
140.45
727.51
113.32
222.88
170.54
407.17
306.71
93.47
386.04
500.75
711
507.99
385.91
73.65
211.85
66.47
238.47
675.25
688.94
92.95
179.26
564.55
216.55
790.38
359.45
754.07
182.48
17.77
482.55
128.18
34.28
714.8
3.19
559.04
507.39
273.04
502.85
44.06
784.1
620.18
213.61
28.87
49.02
75.42
622.05
120.2
131.29
194.79
104.96
602.51
222.79
531.4
662.87
132.4
396.57
72.61
175.11
428.83
138.16
701.03
169.35
786.37
95.47
87.91
696.03
580.24
405.65
329.05
193.73
655.27
260.44
332.06
127.04
519.94
248.22
633.63
110.45
783.84
474.23
486.1
160.02
777.09
795.59
586.62
119.88
433.06
333.94
621.44
387.21
541.21
508.65
6.42
81.9
217.46
652.49
415.87
379.98
245.71
135.61
194.87
350.11
588.21
396.11
389.01
491.97
289.39
640.22
442.76
537.87
589.19
7.97
70.82
96.86
499.24
729.31
269.07
499.09
476.4
139.33
261.05
73.42
799.14
659.5
465.14
631.87
377.78
602.89
718.84
783.65
114.16
324.31
161.66
727.93
269.66
722.47
727.54
249.26
677.17
68.63
420.8
84.06
96.72
259.31
125.11
13.8
608.31
398.43
198.69
40.36
66.86
152.57
666.57
644.09
71.6
541.24
434.16
284.61
233.1
77.94
98.9
47.22
142.92
92.29
41.54
352.71
536.46
595.24
668.23
503.19
407.05
776.04
674.56
552.5
59.88
770.49
751.93
506.38
90.64
401.18
721.32
589.17
53.12
513.08
546.21
205.75
410.12
563.62
202.28
53.12
427.44
751.24
586.9
461.13
275.84
407.05
126.37
677.96
160.59
345.08
516.45
693.71
570.63
456.25
25.2
487.84
226.72
786.31
777.11
77.24
162.7
95.89
727.82
164.14
710.62
682.31
36.91
672.67
278.01
150.3
398.3
431.18
335.9
734.22
380.81
43.84
46.97
514.48
513.89
672.29
582.32
509.09
660.05
799.2
497.51
252.57
468.01
62.75
222.26
768.26
697.18
651.17
323.53
653.97
388.54
601.29
9.09
676.97
335.64
98.15
110.69
446.67
93.57
247.8
702.06
378.97
568.06
359.63
784.23
402.58
334.86
379.91
147.5
398.83
675.67
110.22
28.81
695.72
509.33
296.85
633.17
99.91
765.77
62.78
730.55
618.78
643.22
703.22
201.21
755.55
457.22
713.61
88.13
457.53
692.07
736.91
744.12
143.61
88.81
614.81
300.23
764.59
761.72
242
95.68
566.5
738.11
265.26
60.58
694.33
59.09
575.25
559.71
463.08
217.4
454.11
745.39
484.44
255.46
467.8
389.3
104.95
777.02
75.42
445.57
562.52
742.23
418.11
171.19
423.51
62.04
276.23
110.18
161.32
501.77
270.27
382.15
617.89
317.08
130.78
556.36
718.18
426.55
291.11
190.13
373.24
272.25
24.77
732.66
190.18
90.35
109.81
350.07
162.19
398.14
320.85
390.68
73.8
761.76
479.71
86.41
376.79
84.13
747.75
610.12
191.36
349.24
520.45
101.88
791.31
58.97
333.82
78.43
35.27
415.42
690.95
778.98
469.33
755.4
619.71
298.46
281.88
726.12
346.22
381.54
701.06
578.49
786.06
330.97
584.55
748.46
699.32
256.63
409.73
374.7
349.2
630.52
409.77
113.52
103.62
767.28
455.89
553.24
489.66
200.21
333.52
685.16
220.65
714.16
553.5
214.43
470.5
486.72
417.45
668.75
370.88
246.25
770.48
747.16
298.22
480.39
528.61
164.45
694.92
682.32
484.76
398.91
386.32
226.82
195.23
179
630.8
367.6
204.98
328.79
667.94
347.52
463.04
268.54
456.76
174.99
735.92
367.75
679.96
23.58
35.23
313.26
751.48
559.68
463.84
372.81
466.45
74.74
309
780.79
229.64
668.99
683.12
612.64
122.98
39.6
651.65
328.29
102.82
214.75
767.42
728.79
81.8
766.98
287.06
430.8
633.17
760.24
397.09
222.26
162.52
571.33
535.37
1.05
350.17
47.33
550.85
649.54
228.39
683.96
338.73
37.5
340.78
214.5
81.53
560.16
694.2
692.09
682.16
224.29
419.72
437.59
720.75
463.81
782.18
331.18
766.68
576.05
474.97
150.39
178.41
778.16
400.75
356.1
644.67
725.1
689.66
126.69
666.36
50.29
491.2
169.61
590.49
378.77
364.55
366.69
510.62
676.91
431.2
477.26
764.13
151.58
237.5
15.7
572.07
296.67
782.76
547.64
323.11
260.95
349.81
639.24
42.94
735
724.42
76.11
94.45
147.71
49.95
786.03
754.72
742.6
304.17
409.45
390.76
321.92
200.25
344.05
117.52
299.85
745.77
1.79
685.02
220.61
411.25
189.67
340.21
502.53
535.51
442.67
388.49
239.61
597.67
315.5
597.18
408.05
6.78
730.61
75.1
149.28
756.74
765.49
326.2
502.62
314.47
158.37
403.34
205.73
510.74
189
142.21
251.31
32.22
716
245.24
520.74
112.63
183.93
783.08
307.85
300.42
796.35
463.82
158.82
640.1
587.7
418.07
334.92
336.27
252.04
629.88
391.69
301.03
628.34
538.49
264.29
443.87
718.2
675.28
143.3
367.03
150.2
527.66
339
529.56
522.29
240.47
596.13
671.71
161.95
727.51
117.5
376.92
417.79
24.14
481.09
759.12
696.7
315.04
503.65
584.77
551.3
607.64
127.7
264.35
237.11
410.98
292.27
397.24
713.11
472.83
684.73
498.97
297.36
179.17
680.45
469.5
410.31
332.23
520.38
363.67
373.18
564.46
694
577.48
520.57
438.53
694.04
9.27
191.99
350.61
533.27
702.96
604.09
302.52
710.27
735.59
567.4
587.78
551.15
744.53
759.55
391.27
798.44
387.58
254.64
772.81
501.63
25.85
278.92
225.18
655.27
142.17
213.04
667.64
88.96
377.97
582.56
631.86
131.27
118.85
699.12
793.79
567.65
75.94
727.19
519.54
545.51
609.58
332.85
535.28
86.94
281.65
500.06
439.06
799.45
529.93
554.36
342.81
58.33
182.33
223.18
232.08
498.19
500.26
668.6
0.31
496.26
637.05
467.91
214.04
781.31
181.3
435.11
774.18
360.01
216.45
501.79
270.78
441
798.88
462.48
382.4
5.01
313.65
567.21
716.08
579.46
596.78
678.24
645.98
567.9
464.14
479.81
533.43
626.64
277.96
61.44
205.3
638.56
590.24
434.5
280.31
676.69
228.47
101.18
515.95
212.85
612.48
141.69
377.13
5.45
70.84
263.17
483.3
349.84
788.75
561.92
128.41
464.59
200.42
385.43
292.62
645.9
315.4
697.73
285.71
426.92
486.45
484.54
551.96
64.55
617.37
88.66
635.73
39.41
404.46
101.01
180.91
404.4
563.47
549.78
23.57
265.04
161.13
222.2
521.9
613.44
169.01
601.64
337
505.25
644.12
378.65
536.69
137.04
442.7
230.39
500.59
342.74
6.14
422.38
246.33
286.32
623.73
102.26
559.71
460.99
404.62
117.01
472.22
220.76
662.93
722.01
142.66
161.84
703.79
120.6
475.79
260.6
331.3
500.75
121.29
163.74
525.01
725.27
258.05
306.47
310.46
388.45
702.32
461.58
605.17
328.79
649.45
101.7
750.74
489.49
401.04
647.14
678.46
444.47
387.63
30.8
73.39
578.43
727.85
15.78
70.21
164.73
253.17
418.75
580.5
731.7
115.29
580.39
257.79
302.54
492.91
538.64
469.74
652.1
5.7
128.21
39.02
710.93
41.63
625.3
176.93
272.32
744.53
49.41
91.16
106.65
706.41
473.96
425.93
671.64
170.94
66.33
52.79
56.82
354.39
626.98
436.66
163.9
318.63
84.98
402.78
120.96
312.96
758.85
571.99
691.53
626.15
88.63
55.64
38.35
352.95
412.96
403.86
279.73
82.61
793.74
653.25
184.71
440.94
377.5
625.63
27.71
6.88
238.37
180.36
233.51
421.11
576.62
225.41
57.08
256.62
763.81
648.13
406.85
131.2
22.3
156.54
349.54
507.95
350.26
443.95
670.58
189.39
722.6
660.24
76.43
25.81
13.56
171.82
441.65
157.08
164.65
416.62
611.95
96.5
193.38
464.33
256.97
309.17
775.33
677.84
212.46
603.26
96.12
549
390.98
33.45
142.06
671.42
552.88
392.51
668.04
410.42
656.27
417.29
725.95
511.28
721.74
565.65
738.63
130.86
46.76
67.36
572.91
798.7
747.86
125.6
627.36
75.69
799.87
606.34
553.3
619.61
733.9
670.68
71.48
402.76
674.55
512.04
515.32
238.65
322.18
692.12
479.41
495.78
190.04
293.4
258.12
306.15
162.92
545.71
113.9
347.14
49.58
304.72
107.05
407.57
170.66
341.81
210.43
497.14
435.95
770.08
394.1
299.7
502.07
240.79
203.07
331.44
418.09
76.9
555.61
2.62
758
663.53
15.21
383.95
496.21
89.72
31.34
201.44
340.87
516.37
788.46
707.34
683.06
262.53
178.97
719.97
593.38
722.1
526.93
793.59
502.31
299.26
304.26
488.11
282
433.56
659.39
504.12
407.83
244.99
321.79
520.4
521.44
173.51
218.13
160.62
320.76
688.61
711.32
507.49
743.81
234.27
349.77
749.52
490.59
345.57
634.96
43.02
156.1
227.6
651.34
61.69
537.13
194.76
308.72
406.96
66.2
204.51
193.92
510.03
389.33
768.18
304.04
665.77
790.83
508.07
23.26
39.69
122
483.62
340.57
84.95
177.57
3.86
710.35
377.09
140.35
603.2
275.66
483.95
399.37
570.75
662.23
444.66
455.4
537.05
198.92
472.99
749.18
683.16
726.23
504.14
407.5
453.85
302.14
540.06
357.7
793.28
569.18
797.2
368.49
606.55
315.48
670.9
107.8
465.54
110.88
532.18
477.9
646.64
400.31
454.11
64.94
490.77
444.59
399.13
54.96
795.37
570.39
589.43
434.64
656.17
288.91
673.1
150.68
45.12
591.59
760.27
167.53
343.36
140.49
725.34
433.88
212.5
70.99
680.4
322.43
644.41
308.02
163.42
501.8
153.81
371.29
140.82
586.17
279.02
673.98
234.07
76.84
10.28
691.65
511.73
660.84
289.13
148.95
385.63
625.97
91.22
156.18
247.5
139.49
298.62
154.93
762.6
82.53
177.78
505.17
730.7
452.93
468.07
733.7
211.23
433.43
656.7
219
480.7
633.05
487.16
64.19
188.57
262.93
170.09
364.22
685.89
739.29
345.85
288.21
106.29
402.79
394.25
599.14
742.68
319.14
681.58
401.5
697.38
623.38
97.5
502.07
429.56
52.17
724.34
90.7
428.2
211.13
749.36
291.65
228.64
223.58
105.21
487.88
545.33
782.27
291.53
620.04
510.96
465.05
741.71
448.69
475.84
728.84
757
34.78
163.08
762.46
61.38
707.7
133.86
177.69
68.71
683.52
213.34
27.74
427.89
343.16
779.57
137.14
260.55
12.38
163.62
546.95
780.15
757.01
3.17
264.98
62.85
58.99
773.09
243.18
189.96
315.28
77.74
70.79
83.27
545.26
578.6
126.85
311.03
185.24
615.43
448.08
279.11
310.44
161.02
201.48
492.94
701.43
236.75
478.8
193.83
567.16
376.14
223.83
378.38
179.66
189.65
572.03
287.7
469.45
502.46
515.13
413.47
477.69
532.06
84.41
797.65
82.82
710.21
192.51
489.83
232.56
520.94
383.17
405.41
649.55
290.09
451.05
654.89
714.38
514.8
599.15
794.4
538.3
218.56
321.39
443.81
429.67
254.79
569.43
211.21
376.61
578.27
56.66
762
476.28
139.49
58.85
483.66
78.23
370.57
252.94
59.28
480.72
361.93
268.7
706.12
117.56
106.99
32.52
32.59
518.72
487.43
219.15
629.53
182.32
77.39
116.77
149.82
13.51
496.88
553.76
769.38
222.44
714.39
437.86
487.41
609.16
115.85
229.52
469.09
450.4
520.43
547.58
56.36
375.69
520.89
712.12
134.63
194.49
678.92
392.97
199.61
676.85
541.61
76.27
567.53
494.85
229.64
436.99
755.32
237.45
2.15
703.59
774.49
456
564.1
167.79
23.83
329.12
424.04
544.35
373.47
296.57
517.79
11.31
372.66
467.67
575.93
70.38
736.97
580.67
119.93
34.73
677.64
755.94
285.22
309.99
128.07
747.52
391.64
231
241.81
74.24
465.51
678.36
59.76
640.06
72.17
618.42
274.58
200.69
290.84
380.47
13.45
595.2
571.47
769.9
702.26
483.96
771.45
497.98
621.63
3.7
95.82
64.51
122.88
326.9
29.02
177.9
43.1
186.78
368.64
227.03
720.65
747.71
416.51
445.56
112.39
397
273.95
548.41
311.28
634.85
134.75
19.5
74.66
64.5
112.04
703.12
147.88
790.56
34.35
159.94
409.5
675.04
101.11
574.18
715.5
490.32
235.64
707.16
562.14
675.31
368.37
96.47
289.99
398.98
13.91
114.89
154.88
470.9
171.37
156.78
726.12
338.1
425.1
691.8
279.93
344.41
727.81
44.57
520.26
481.25
7.16
128.32
148.24
127.84
9.01
346.44
488.86
55.91
59.02
736
530.16
626.87
162.36
151.29
208.9
106.21
388.64
86.32
578.01
386.48
74.5
604.88
29.38
632.19
457.88
84.13
687.64
270.31
765.27
520.14
684.04
162.52
773.94
595.98
798.32
64.78
317.57
188.15
142.82
704.37
72.28
301.18
709.91
133.1
629.03
24.26
583.6
203.29
251.59
623.42
34.57
23.06
776.68
672.95
666.44
377.25
144.5
332.7
599.35
416.56
377.59
136.57
20.75
475.78
542.1
355.44
630.5
540.48
86.13
407.83
274.37
381.68
798.28
22.05
683.18
200.96
261.83
145.26
165.05
402.61
61.75
170.67
62.34
424.97
433.25
527.27
638.36
335.43
602.01
550.93
451.73
280.24
678.59
78.74
655.83
88.38
328.53
399.37
172.5
715.08
48.94
25.08
773.05
404.7
222.5
340.86
645.55
425.72
159.55
342.41
402.08
342.97
662.65
581.8
702.63
530.73
444.04
99.97
568.3
456.29
89.74
227.24
430.9
600.94
254.35
202.41
532.97
218.07
465.18
273.88
66.96
552.88
213.9
738.63
547.5
608.27
82.09
10.47
179.5
288.28
318.33
267.54
138.09
413.45
701.45
191.11
136.17
760.31
425.6
358.67
119.96
45.81
165.55
438.52
291.35
69
51.15
153.48
359.56
596.12
236.8
713.04
215.64
219.9
701.36
391.72
27.29
206.05
249.19
46.41
183.34
256.77
169.25
683.29
622.77
795.31
345.63
223.85
525.23
740.4
471.52
442.02
230.92
191.5
471.22
289.27
126.87
67.04
99.85
578.99
310.64
446.74
403.24
73.08
521.01
592.84
211.17
362.7
331.35
22.76
585.36
104.17
19.18
404.89
606.1
253.73
501.41
497.9
755.24
575.03
712.87
428.72
285.72
610.7
670.9
144.57
241.05
331.73
210.25
535.61
313.66
38.88
292.38
244.31
561.72
69.95
51.26
227.76
536.93
796.84
549.51
742.84
770.81
565
406.24
1.32
157.41
295.92
186.51
622.08
155.95
62.26
44.9
2.03
504.12
486.68
594.24
313.38
118.27
102.16
358.8
287.72
354.97
673.03
185.32
139.04
258.81
594.9
615.6
352.22
83.92
116.99
498.47
534.66
797.9
396.59
728.19
503.92
47.12
488.75
27.31
586.85
573.01
158.86
219.57
554.83
634.31
556.01
335.49
514.89
717.95
244.38
759.22
190.88
237.28
406.6
636.43
799.09
116.28
722.43
49.96
697.84
23.54
348.79
285.43
169.93
32.47
443.45
136.06
457.97
516.51
690.8
150.99
478.52
727.83
14
628.23
759.96
580.34
415.46
328.91
300.9
776.75
188.58
669.12
357.24
620.88
436.21
410.28
761.66
314.85
82.98
41.91
224.08
207.61
312.25
200.1
693.49
499.17
42.45
534
24.76
768.9
501.73
112.92
294.71
367.23
489.02
785.16
313.27
37.97
359.15
675.72
84.36
134.94
292.08
260.58
49.18
194.98
276.39
405.02
281.89
768.88
460.09
1.31
392.86
696.16
711.53
773.41
454.62
574
582.15
201.55
142.36
516.77
368.32
255.61
485.11
309.62
321.94
735.04
289.28
240.39
489.34
39.46
727.65
514.33
642.74
255.42
398.96
106.02
656.78
707.59
452.55
230.6
336.18
753.44
153.64
729.17
264.89
574.17
140.15
216.61
345.61
43.17
754.19
156.33
580.26
576.6
82.58
776.87
692.91
641.48
252.74
740.01
80.92
47.14
760.02
221.25
484.05
236.91
770.07
559.39
498.56
748.64
769.22
618.61
362.13
526.63
463.82
569.96
295.19
122.29
497.8
112.45
701.29
645.62
248.35
218.24
98.68
550.98
179.29
39.6
406.74
125.64
335.33
312.73
416.51
358
725.63
544.74
223.87
384.81
551.45
657.16
168.48
505.02
712.21
403.52
60.1
765.59
521.66
373.55
73.64
546.86
462.09
13.22
547.35
421.47
797.49
67.89
188.03
506.16
149.9
689.49
66.32
628.38
728.39
349.89
732.32
610.55
36.84
299.64
730.82
767.6
799.83
301.12
250.74
605.14
423.4
634.18
589.15
267.18
719.8
92.56
10.15
357.6
383.39
710.71
444.89
233.98
283.46
222.58
721.63
433.27
590.49
668.51
72.54
627.86
583.74
648.76
306.94
794.8
589.96
186
29.67
57.83
252.86
64.36
367.01
781.09
622.04
286.48
146.19
495.84
7.61
449.87
436.69
487.92
392.19
336.65
140.75
49.2
775.71
639.89
34.22
547.4
327.29
504.87
7.18
275.93
351.46
602.29
764.83
777.12
300.05
683.91
177.65
53.95
145.89
498.74
779.17
572.95
476.37
318.9
329.32
178.32
327.1
637.87
672.6
12.11
161.28
751.03
9.58
579.95
514.83
558.3
785.57
753.3
179.05
134.09
227.15
642
687.05
550.57
298.24
415.62
37.24
591.59
528.67
134.45
766.74
528.02
81.09
192.45
261.83
302.24
396.58
521.52
620.22
482.4
368.09
604.21
404.72
36.04
288.12
62.58
727.03
527.36
29.77
647.09
9.29
477.31
338.3
313.84
639.77
177.47
164.59
548.66
229.61
243.08
757.21
413.62
695.93
164.42
667.24
614.49
587.96
4.7
464.59
88.02
631.41
152.03
329.19
788.78
487.87
406.09
351.03
624.75
540.81
266.25
618.8
382.63
655.51
18.67
290.51
294.23
171.61
517.47
701.18
12.49
799.84
615.81
126.91
475.25
451.4
509.91
0.11
16.34
659.87
562.18
197.62
623.02
447.19
649.87
52.44
513.16
22.06
146.9
232.7
486.76
467.75
38.82
742.16
604.65
579.66
334.55
378.22
348.24
504.97
196.24
340
194.98
186.67
14.83
648.97
242.68
180.48
505.01
559
215.3
96.29
789.39
81.1
133.49
684.83
278.42
625.18
329.04
590.45
482.92
574.83
544.56
289.95
368.93
245.04
382.4
423
524.67
585.88
469.72
89.4
268.22
457.29
773.78
67.05
22.86
778.11
434.49
259.56
757.81
546.54
708.79
280.65
718.77
230.04
385.47
402.57
158.4
72.89
741.66
170.17
799.66
379.56
632.46
798.74
34.91
467.38
199.81
22.41
591.91
752.27
627.66
176.91
482.01
318.52
181.2
340.92
354.39
469
492.16
770.81
203.49
549.94
669.42
57.85
104.72
426.75
757.04
73.35
467.41
575.84
306.31
670.57
259.03
374.52
303.64
92.54
402.16
29.06
437.49
572.66
14.3
621.11
566.21
310.51
705.85
238.72
93.81
551.65
418.48
359.11
578.67
706.52
723.02
279.13
565.24
775.82
156.83
338.51
792.49
522.63
165.06
227.88
478.1
312.94
28.03
483.59
101.88
0.17
599.26
454.75
472.59
353.49
164.11
373.44
718.82
98.71
377.64
49.91
392.28
443.01
595.53
617.43
204.8
495.82
69.8
26.53
380.44
125.87
356.79
1.48
133.8
457.71
709.07
232.36
360.09
499.84
32.62
186.33
337.36
230.95
392.67
286.41
198.49
385.43
452.67
325.62
388.37
41.54
700.42
373.16
685.41
427.33
324.57
16.45
453.34
115.31
640.91
641.22
36.54
142.81
366.76
276.23
22.65
114.2
102.28
370.38
275.72
512.98
213.91
131.59
398.49
651.76
171.03
416.19
351.65
197.11
123.99
770.54
269.08
663.86
593.33
239.19
468.78
290.06
773.13
251.94
244.68
244.9
578.7
254.75
612.16
225.75
14.08
642.19
27.68
442.88
263.79
121.03
169.14
705.54
22.15
528.59
638.4
614.71
161.57
394.79
13.11
361.42
718.07
234.67
499.73
433.06
211.38
527.41
643.02
85.79
466.19
55.32
25.46
340.87
56.11
499.21
281.01
92.17
441.08
423.64
63.95
522.03
703.32
742.03
742.73
654.47
668.74
597.27
97.66
665.28
578.32
157.38
281.36
252.89
145.49
587.92
279.58
79.05
751.91
466.11
546.58
225.12
416.99
722.74
136.68
134.69
79.76
172.08
9.7
464.91
517.16
440.41
123.45
143.91
375.12
343.32
623.41
312.4
643.87
39.88
568.38
773.55
16.07
94.3
380.48
692.32
284.82
749.94
275.08
500.7
494.09
53.61
551.92
101.11
554.44
38.41
342.32
293.45
604.47
422.43
462.61
23.27
87.99
386.11
256.69
64.33
685.53
243.91
373.34
588.31
60.1
231.39
12.69
504.36
69.04
50.91
417.24
20.53
209.8
213.17
638.11
202.5
395.19
493.83
443.08
288.2
110.26
293.31
288.16
160.91
650.45
384.13
113.2
632.9
130.5
480.24
73.26
728.83
390.57
253.12
229.99
782.58
12.05
350.78
279.58
202.88
386.33
195.09
504.86
524.79
356.42
715.28
719.81
165.7
53.53
219.54
7.97
769.04
218.92
553.94
787.09
290.74
183.55
478.97
412.16
412.9
512.65
681.83
696.36
628.34
760.37
362.88
271.12
430.59
263.28
764.82
688.13
87.01
697.24
683.37
213.78
557.27
575.04
73.54
49.49
452.12
498.79
476.39
79.07
628.26
695.64
641.18
389.38
340.24
254.6
521.6
129.79
326.21
564.4
618.64
42.86
610.43
175.66
426.51
781.77
356.79
392.24
676.62
261.18
7.69
172.56
109.02
129.25
329.07
90.26
27.25
587.19
743.31
284.08
443.81
221.28
365.2
444.32
531.45
450.8
632.55
213.05
515.4
782.67
227.73
260.71
20.02
563.34
516.98
544.6
486.93
123.8
798.49
385.72
418.94
214.91
758.94
204.03
9.09
154.95
475.25
190.72
322.19
643.1
187.12
83.97
626.1
31.21
101.95
776.25
429.9
698.51
354.47
316.12
183.28
545.79
44.67
490.45
290.22
626.21
291.72
414.26
190.02
459.02
292.88
766.21
353.72
25.94
373.2
84.22
478.4
527.68
684.93
42.66
427.1
392.02
355.73
482.33
716.32
113.56
61.06
18.78
80.33
76.34
128.95
785.61
259.94
89.92
689.15
492.11
43.81
190.69
533.35
197.41
447.39
384.96
450.1
159.01
286.42
62.83
251.63
602.9
117.54
792.06
476.32
60.89
5.12
580.48
334.33
421.86
631.8
188.48
169.1
735.33
251.51
414.62
215.9
408.43
732.09
104.7
288.11
636.74
202.45
412.14
135.34
384.55
625.79
440.55
677.23
130.67
43.92
388.84
782.04
450.19
410.44
204.69
442.66
780.32
335.6
10.03
137.28
650.95
379.71
377.71
130.38
799.63
615.27
512.47
381.96
542.81
345.44
700.66
202.33
596.04
402.59
487.79
525.43
743.49
101.03
599.22
785.12
565.42
435.54
461.56
23.66
43.98
535.16
183.61
672.38
84.2
143.86
616.8
422.53
322.3
367.56
233.97
614.58
94.02
17.36
78.95
72.25
182.38
97.34
628.09
609.95
238.47
325.34
61.71
723.61
292.5
651
134.6
396.33
568.36
50.25
410.34
131.97
599.17
23.86
271.01
561.19
582.7
456.23
34.85
346.88
64.45
174.92
426.7
285.08
607.67
693.61
99.55
613.34
290.76
424.16
758.82
554.99
101.28
685.98
129.12
88.73
263.22
329.4
33.57
71.39
284.32
316.38
664.99
586.01
686.22
438.88
204.89
542.48
737.61
21.91
585.36
346.7
600.2
774.66
127.42
96.34
628.81
445.83
360.52
257.03
496.3
525.82
345.56
700.26
637.93
68.37
798.1
446.46
188.32
115.19
133.57
554.51
495.32
45.95
41.56
134.77
191.58
749.4
441.92
561.79
308.8
83.25
431.35
57.6
520.51
730.88
218.82
23.83
484.55
335.96
791.13
493.99
386.47
159.56
27.84
196.93
718.22
417.43
392.9
643.6
349.18
122.9
679.85
139.64
447.35
792.79
105.32
298.82
654.27
167.16
602.74
20.37
72.78
210.05
180.35
226.12
748.49
488.7
51.21
779.92
52.09
376.14
615.85
529.34
649.22
3.72
199.79
497.6
446.17
733.46
311.21
743.86
76.07
599.79
417.49
337.97
599.2
478.25
36.02
607.9
230.22
796.59
571.29
304.8
633.87
695.43
174.36
133.21
305.24
357.91
65.05
400.06
143.98
48.22
604.86
161.22
200.19
172.57
193.6
42.35
651.68
256.91
654.83
598.48
474.83
555.87
24.68
504.71
93.03
756.01
32.75
321.47
91.9
265.44
169.12
375.36
464.8
316.95
227.95
258.53
293.91
129.66
323.6
451.08
491.12
721.52
7.15
352.09
145.56
391.91
403.73
106.46
239.68
432.92
680.39
142.33
5.6
312.31
182.16
143.54
574.13
292.66
57.32
367.42
535.82
110.48
155.69
467.08
76.81
282.67
588.26
754.94
616.76
716.21
496.7
0.49
457.49
512.75
617.24
399.79
368.37
198.73
9.84
786.55
268.35
753.96
494.46
686.34
550.09
17.86
68.52
293.61
673.22
87.99
411.93
96.99
723.19
427.39
82.98
353.64
130.78
295.54
541.21
321.66
782.33
34.23
93.2
756.48
641.98
208.06
99.45
691.24
127.48
617.68
782.23
524.44
397.83
685.46
566.05
503.28
240.71
202.99
286.98
160.4
534.15
500.53
78.59
791.99
321.55
34.67
605.6
144.23
223.6
727.24
661.35
326.83
752.89
219.34
611.29
430.48
453.05
293.36
27.21
526.81
6.2
454.94
707.72
67.1
187.92
522.82
386.43
309.72
462.81
543.39
427
328.95
120.6
431.8
84.27
671.55
792.54
686.12
33.6
452.52
373.51
691.02
723.66
331.29
700.19
156.41
531.15
140.77
224.24
254.53
563.39
182.49
332.08
100.61
705.87
214.2
685.06
681.58
579.34
355.52
775.53
564.36
431.24
153.38
271.71
282.97
43.29
495.83
23.02
113.21
308.19
794.8
300.86
765.62
395.86
636.95
159.15
75.04
453.21
96
576.5
418.09
785.58
439.14
345
687.09
316.9
722.31
781.29
473.01
70.34
75.69
268.21
331.7
359.03
453.54
250.38
430.95
723.86
79.8
249.82
304.18
613.61
222.39
585.18
220.14
659.79
297.31
567.51
359.59
742.05
54.46
248.94
18.95
276.22
181.39
685.6
383.36
440.04
53.51
288.84
379.12
403.37
35.62
719.01
759.85
562.45
406.08
452.42
379.32
647.92
174.49
67.32
384.83
386.93
603.51
305.59
178.46
408.6
278.64
511.03
778.78
667.56
277.1
282.71
448.64
607.72
456.34
43.14
552.66
469.42
445.93
336.28
461.4
573.97
513.63
218.89
190
530.46
475.8
427.58
387.91
513.91
585.55
43.89
93.06
762.9
605.5
582.47
281.42
118.77
462.36
94.73
714.75
77.98
641.88
705.49
785.81
735.67
238.09
177.67
48.21
11.04
598.22
262
162.58
597.42
108.5
313.94
746.7
397.4
518.15
79.68
538.25
702.49
569.53
662.76
669.45
165.51
706.15
769.22
516.82
288.97
70.74
136.75
229.84
158.95
133.94
300.08
207.77
62.55
32.22
32.85
758.1
105.46
224.08
736.33
34.88
557.91
797.93
766.35
745.59
674.85
439.42
330
463.62
248.53
506.68
633.75
683.45
345.3
62.05
67.77
322.88
285.86
262.62
788.41
655.14
196.22
440.56
182.73
730.27
311.27
503.75
263.46
470.25
715.37
497.41
92.32
634.23
359.27
751.67
680.23
246.26
49.06
100.93
595.32
519.54
154.35
422.31
440.24
116.99
613.37
191.76
388.82
492.56
685.7
176.07
669.5
427.55
216.7
489.38
678.58
682.54
173.61
542.3
539.1
554.7
400.58
286.79
506.37
732.83
712.21
487.8
574.47
360.33
142.89
27.69
742.66
148.35
336.77
711.54
15.6
763.84
544.57
267.64
656.9
771.34
305.17
542.84
606.73
650.76
614.6
39.14
470.08
696.39
477.77
166.9
390.54
487.02
151.04
649.34
122.06
349.95
739.74
262.08
510.31
324.53
272.88
48.77
464.91
236.06
104.97
185.67
287.95
780.79
587.54
274.81
531.6
447.38
625.8
421.92
168.31
468.59
366.87
528.06
792.75
730.92
184.2
471.37
399.63
709.97
305.38
196.71
473.52
157.63
752.62
94.31
595.25
458.51
0.21
61.88
401.15
0.67
656.62
449.61
96.85
546.41
731.39
608.66
48.8
466.54
742.31
48.39
148.14
509.2
154.69
358.5
546.36
685.27
481.51
477.34
134.68
258.4
513.87
652
11.2
594.86
223.38
790.92
182.03
107.12
703.66
391.48
650.76
733.04
296.28
299.51
539.01
143.89
527.11
209.68
83.92
307
430.63
229.29
784.2
162.59
131.05
791.81
605.18
531.74
183.96
789.32
360.86
726.24
3.54
419.48
168.17
277.93
746.67
579.64
744.93
273.25
698.01
20.48
265.71
210.24
121.47
436.13
131.82
72.53
334.77
258.17
504.85
480.75
576.68
648.78
664.7
287.83
14.47
311.58
76.06
676.68
540.07
643.03
276.23
706.11
306.59
384.51
232.8
603.96
196.71
291.82
24.11
595.98
524.44
22.64
185.18
240.42
238.53
244.48
768.37
499.4
652.68
103.96
585.06
568.05
178.72
468.58
412.82
723.09
29.7
778.58
256.6
755.32
17.94
166.87
92.62
552.47
691.12
536.58
16.34
736.56
39.46
753.14
237.43
651.85
530.7
476.24
66.28
388.13
787.5
465.21
61.42
791.18
396.43
62.28
567.8
615.46
4.07
399.95
612.1
252.72
437.06
566.08
218.14
167.45
143.19
249.45
431.64
110.94
601.05
176.23
782.19
547.39
340.61
238.92
259.19
550.34
464.15
443.06
135.9
159.33
350.26
444.01
328.27
116.51
382.94
616.11
203.45
536.27
635.17
105.14
198.18
455.1
286.51
471.33
522.91
485.28
574.32
690.28
288.31
589.73
149.49
462.29
572.63
144.75
109.85
750.98
308.52
344.85
719.26
377.99
138.36
288.49
164.86
570.26
581.59
354.03
247.06
182.88
317.18
98.95
576.1
740.93
608.15
438.39
213.67
243.61
622.13
190.99
158.67
511.59
293.52
508.93
257.27
365.18
459.69
581.67
706
282.36
687.55
623.05
16.95
196.12
30.68
346.53
515.79
176.2
10.31
73.34
783.85
734.23
684.94
143.42
718.04
730.15
324.5
293.18
677.77
798.6
705.92
206.89
93.88
134.29
643.6
617.95
234.69
794.37
511.14
485.75
426.18
175.28
108.26
130.26
445.33
762.56
294.31
23.42
392.92
132.73
499.79
754.31
600.76
52.99
14.32
122.43
541.12
724.61
577.27
523.06
481.84
715.87
474.06
453.75
156.05
340.48
746.72
622.86
656.41
248.8
383.12
58.67
772.62
26.93
113.79
71.86
130.13
132.08
644.73
655.31
411.26
726.35
562.04
5.25
590.97
616.84
499.86
90.75
225.61
580.83
333.93
221.06
152.35
156.62
690.88
492.95
519.68
75.16
367.08
342.58
702.22
470.45
565.21
338.91
674.66
101.28
48.83
58.49
420.12
217.17
113.06
768.83
164.73
91.16
335.13
570.94
43.44
367.36
359.98
286.58
773.6
425
433.03
719.47
300.67
759.32
411.69
113.04
235.07
583.76
598.22
735.65
188.7
756.02
169.89
174.42
764.57
724.73
76.18
87.33
331.1
645.07
45.83
27.24
504.91
15.2
175.3
679.64
691.72
203.01
341.88
532.83
414.88
745.58
79.64
128.61
587.55
481.85
786.2
608.28
495.53
458.39
549.43
469.64
303.76
235.98
234.37
161.66
229.91
250.74
431.02
433.94
305.39
59.32
736.86
201.84
313.67
310.69
460.67
301.25
463.5
377.89
73.3
259.09
481.76
35.75
289.67
476.09
277.31
294.21
173.01
208.31
79.49
713.03
344.57
137.17
330.02
378.45
369.64
143.81
188.95
697.59
245.63
468.44
488.31
750.39
428.46
130.72
691.41
589.5
280.52
242.16
113.28
317.82
589.47
197.83
349.72
385.11
560.3
523.66
466.05
651.75
181.65
168.34
609.18
100.86
709.56
486.78
466.89
485.5
668.51
774.53
161.1
460.06
684.87
714.57
292.7
689.18
315.85
373.17
366.11
659.58
12.75
649.21
516.3
205.14
98.74
299.71
542.93
520.08
794.92
172.42
760.83
625.85
634.56
596.86
358.77
600.6
19.47
61.34
609.98
296.99
743.52
621.19
150.23
342.72
673.7
597.61
464.07
520.39
174.76
675.5
380.38
203.37
548.53
704.26
432.75
140.55
73.58
642.09
384.01
372.28
594.38
220.88
335.5
14.36
639.22
93.87
517.08
198.89
63.78
702.94
233.24
788.22
545.03
444.04
635.54
92.27
784.05
465.51
86.75
291.11
92.5
683.15
382.79
497.7
343.35
596.57
257.3
712.3
358.07
610.93
171.19
393.77
741.47
244.53
322.34
99.3
687.9
235.76
335.35
189.64
144.93
556.4
305.69
303.5
734.31
107.33
409.28
614.69
556.98
349.94
648.5
78.78
682.57
338.69
198.69
252.46
592.71
348.84
662.19
675.54
147.7
99.38
201.34
17.12
794.64
220.33
95.75
193.13
779.87
677.16
58.05
300.85
227.69
673.48
732.14
381.04
270.14
792.83
376.82
109.42
790.34
665.98
643.78
167.55
42.79
18.38
797.94
155.85
431.55
724.8
426.82
80.03
523.28
653.34
12.37
701.82
797.53
720.48
539.01
748.33
572.39
445.22
483.85
433.95
685.36
34.26
736.7
634.66
500.21
105.97
88.54
111.96
690.68
22.21
770.54
635.29
265.94
627.83
456.22
400.62
182.66
688.46
17.09
430.73
202.03
51.74
401.73
179.52
227.33
787.36
52.63
773.17
644.88
208.26
220.48
203.46
356.35
291.49
769.46
756.96
43.46
541.74
609.82
442.34
483.76
798.57
205.13
517.18
257
742.23
68.36
506.63
145.89
635.51
377.76
299.6
107.4
604
779.01
27.58
261.38
345.01
628.16
54.45
41.28
625.29
29.29
323.38
174.05
798.99
558.49
162.29
211.54
585.6
763.99
357.33
140.4
551.03
724.01
187.54
637.51
298.91
130.16
709.15
112.5
447.33
525.65
619.21
421.67
165.47
339.43
369.72
15.82
54.5
557.5
295.24
268.28
743.77
553.91
9.53
441.59
482.92
437.18
718.41
86.36
322.61
157.12
27.18
61.25
391.38
416.7
282.16
488.81
667.04
190.67
522.3
565.18
594.25
256.65
599.47
686.42
395.21
57.68
117.63
458.71
321.5
715.11
674.95
123.71
731.42
727.21
263.64
165.84
66.32
475.95
788.11
375.98
123.8
193.11
595.1
315.44
57.55
340.96
765.78
447.27
180.48
83.01
227.91
451.3
393.81
734.58
782.65
524.01
66.61
64.41
404.99
214.09
714.1
429.96
790.37
93.07
327.12
25
476.59
62.19
36.53
685.5
184.68
575.48
328.72
395.41
101.33
483.4
342.06
556.8
580.91
310.73
78.24
503.27
42.29
112.34
665.44
789.08
403.48
591.07
772.16
600.41
682.86
596.95
793.81
92.36
349.49
757.06
784.07
184.77
483.93
739.35
252.9
541.96
538.41
392.16
661.12
118.82
662.53
587.46
610.05
86.5
301.14
484.38
564.74
102.02
792.2
430.53
527.8
799.24
639.39
748.95
185.82
40.44
337.58
464.24
418.36
214.51
276.98
80.25
349.61
570.14
678.85
451.04
40.12
588.01
299.36
455.15
775.4
336
133.6
126.17
515.82
562.89
726.3
192.86
405.65
492.55
211.79
687.31
303.13
126.86
282.01
81.07
189.51
451.18
517.96
261.46
216.28
83.89
208.05
720.57
644.37
224.49
545.81
632.09
726.79
253.53
612.7
591.1
263.06
484.53
123.97
476.98
577.29
460.37
593.05
156.46
541.64
118.99
754.22
452.89
489.26
252.2
201.06
78.44
534.27
139.02
49.31
174.06
688.56
244
360.06
410.74
165.08
45.51
489.47
752.16
431.93
286.05
595.05
253.08
45.77
702.94
366.95
485.67
2.94
311.3
561.78
316.95
13.88
311.2
240.49
530.05
42.38
346.2
514.87
522.81
60.75
31.96
296.54
175.96
66.57
647.38
422.38
72.63
516.51
775.68
552.52
341.37
576.37
398.58
185.34
167.01
4.04
527.21
573.37
654.21
560.26
712.8
554.6
289.37
135.19
100.65
629.51
322.7
119.53
287.33
142.57
250.31
784.23
196.66
512.2
63.22
400.23
702.52
14.11
340.69
700.7
323.55
544.31
221.74
756.36
442.45
723.15
652.66
113.67
6.92
489.9
292.02
27.55
782.3
37.41
657.08
531.22
667.69
342.23
755.2
588.6
361.23
80.38
474.27
591.67
404.11
381.43
431.89
45.12
344.95
46.15
34.15
204.06
689.69
773.4
16.97
694.02
326.64
115.06
563.38
299.29
168.4
347.14
428.36
256.83
319.06
711.42
513.47
72.65
305.98
450.42
255.76
202.29
434.49
463.46
118.32
389.15
426.55
505.86
317.63
712.87
632.03
631.11
518.28
392.97
117.81
581.54
52.87
224.58
105.71
40.3
488.06
531.79
227.18
321.42
343.48
510.44
670.26
692.14
596.75
502.85
269.06
18.17
531.46
51.04
633.66
220.47
252.75
44.7
439.15
406.8
83.27
537.62
757.89
126.72
259.53
328.4
312.87
383.59
294.24
765.12
580.88
394.52
669
332.71
669.73
20.54
696.48
51.36
765.71
700.73
591.78
411.2
236.95
572.77
448.66
585.46
95.19
422.03
787.1
195.86
65.36
312.88
562.15
296.79
129.22
699.07
92.06
676.51
290.21
403.52
417.31
82.99
731.48
347.9
510.81
783.45
361.25
157.18
371.85
83.15
335.63
560.31
457.35
62.3
122.85
439.05
506.41
196.21
638.68
746.29
640.86
245.93
131.9
80.49
416.28
260.65
283.18
519.18
636.24
215.05
314.69
145.46
766.95
494.63
569.98
789.86
188.07
435.07
714.65
83.52
101.76
466.06
252.99
99.78
657.6
94.98
583
552.48
443.8
336.95
640.12
412.82
275.78
348.29
683.46
794.59
32.87
239.65
93.87
239.73
205.51
624.76
30.46
221.22
5.8
445.56
18.33
205.55
474.63
202.22
87.8
313.7
652.95
242.57
109.35
631.45
533.7
773.41
23.73
482.39
290.18
623.83
322.82
168.97
276.64
567.77
708.32
419.78
130.74
459.9
685.95
223.06
166.46
39.95
414.62
45.33
199.32
289.91
237.34
157.97
550.08
603.5
245.44
600.75
709.37
452.56
786.57
44.56
685.34
461.61
338.9
617.77
95.4
342.42
698.91
637.79
433.68
731.01
417.85
519.21
391.72
303.79
134.56
229.51
55.31
728.79
323.65
637.69
298.58
478.06
166.56
213.07
103.97
47.31
146.43
54.1
517
119.52
144.51
108.1
294.47
399.75
587.4
354.81
73.15
302.08
735
544.5
407.24
655.83
447.32
455.71
282.01
240.38
414.51
195.11
34.63
492.68
50.86
404.32
182.03
49.01
21.79
562.8
605.19
539.22
745.76
595.74
704.51
122.83
434.59
496.74
43.35
786.98
277.46
33.45
425.91
408.72
623.07
791.61
780.51
122.88
96.71
33.27
289.6
349.54
506.54
693.13
741.26
584.27
60.43
492.43
318.81
548.15
271.55
385.84
175.66
722.03
208.59
692.68
376.1
630.81
38.6
499.67
544.4
775.91
67.3
451.57
486.1
706.03
697.12
506.13
668.2
685.36
433.19
387.64
672.31
74.82
117.51
606.21
240.9
784.2
569.6
447.92
692.17
742.11
734.73
627.05
383.84
485.67
703.07
612.49
780.55
272.05
128.24
95.89
491.96
707.58
48.84
405.36
294.2
18.3
203.29
463.59
478.59
673.85
146.79
609.77
204.33
125.89
328.53
325.42
601.87
177
628.73
501.45
302.79
446.82
543.96
385.53
665.45
560.59
503.1
113.97
388.45
523.99
416.94
284.69
742.85
695.49
396.75
256.8
724.6
14.9
153.72
333.18
674.38
142.15
600.46
277.95
213.89
519.23
573.72
120.08
742.68
721.38
135.68
97.86
411.51
26.52
686.43
529.59
241.16
786.12
651.02
216.88
484.05
29.11
651.5
728.14
353.64
453.37
356.43
259.06
209.48
528.34
194.75
780.83
714.86
199.22
463.36
346.24
440.05
328.02
742.58
438.24
593.5
51.97
390.95
578.31
289.04
21.43
607.23
539.02
323.74
511.88
640.64
396.34
460.07
507.74
188.72
348.87
669.96
175.25
203.39
745.17
205.48
611.8
561.88
152.93
95.32
473.75
662.23
285.4
472.3
84.19
588.31
653.5
238.79
573.24
340.75
565.4
558.79
342.41
679.75
628.06
498.36
302.34
586.48
202.24
759.89
579.9
212.6
427.13
55.8
714.4
430.73
182.65
227.1
192.57
255.26
736.5
718.84
370.28
570.26
108.5
447.5
535.54
341.11
665.46
392.89
793.41
46.52
473.62
41.34
771.16
478.83
430.85
220.85
376.02
532.94
400.23
793.18
384.42
181.25
727.02
127.2
244.63
480.45
417.76
725.65
391.25
546.88
558.08
133.53
10.32
564.94
260.43
59.04
413.53
591.06
352.97
215.66
350.33
684.43
170.03
208.38
133.76
7.63
219.23
408.76
311.35
196.62
706.69
131.98
233.29
388.3
61.75
527.92
559.9
644.61
464.9
390.67
563.56
482.88
3.48
463.77
668.22
95.43
67.78
223.58
755.23
479.96
320.38
293.93
580.93
591.27
105.49
371.09
388.99
324.28
583.05
139.81
182.11
395.15
726.61
288.08
340.08
529.94
122.82
699.18
741.44
165.06
392.64
48.77
526.2
502.58
443.61
710.5
453.03
452.22
522.8
387.67
221.23
461.54
76.05
56.09
489.7
123.37
30.59
349.02
408.29
194.64
432.5
240.88
28.78
42.17
573.5
488.86
484.32
119.95
702.76
193.01
101.77
530.28
8.85
149.3
99.32
548.87
100.66
681.62
329.87
243.85
480.03
176.44
445.58
726.66
303.97
97.47
798.54
241.89
508.9
217.7
486.97
650.38
52.83
578.42
574.63
129.97
449.77
486.37
798.89
742.8
224.31
44.56
4.43
352.84
178.86
535.19
619.24
492.38
265.43
398.68
317.95
217.21
612.15
368.99
11.98
380.38
438.63
488.99
421.99
59.68
505.44
465.5
257.55
522.06
494.18
651.87
661.11
157.69
634.68
17.9
591.15
2.19
299.92
285.84
597.68
246.95
58.06
518.98
553.81
67.66
639.19
582.87
720.34
346.2
707.72
723.73
200.56
540.18
565.83
82.3
172.25
47.25
349.65
674.01
721.79
335.23
777.59
234.87
575.22
235.07
602.05
761.99
671.83
382.73
13.56
606.77
393.37
698.97
113.37
443.9
637.06
31.38
520.69
169.2
673.39
765.54
221.16
285.52
571.24
576.42
303.52
640.32
72.2
52.68
534.13
755.55
92.31
785.65
192.25
499.24
696.68
61.65
557.92
535.06
420.79
364.51
116.53
2.25
454.16
363.22
492.15
41.86
753.23
395.27
343.82
613.81
608.13
453.94
341.59
460
678.12
381.87
532.93
460.48
169.34
145.52
417.13
634.68
609.12
580.85
376.76
301.89
652.78
264.14
8.15
300.59
220.93
35.6
482.8
737.83
127.84
664.61
52.48
558.79
372
720.86
75.88
196.62
366.17
379.82
775
728.86
240.85
710.55
447.27
767.86
637.9
644.98
110.08
411.48
726.68
748.03
220.54
344.37
582.56
432.5
706.42
560.01
446.76
364.17
9.98
203.4
2.67
48.47
761.97
63.86
403.42
3.94
325.5
740.39
271.43
767.21
778.13
155.62
25.47
261.72
666.51
384.43
392.29
611.81
285.26
321.12
540.74
481.51
364.73
159.98
373.95
58.12
499.66
411.97
753.58
577.8
220.09
315.1
394.55
301.54
446.28
198.14
301.72
641.23
203.97
616.42
139.71
35.39
258.38
763.02
26.89
361.68
666.72
374.86
533.41
579.26
508.19
372.22
626.78
6.95
464.84
398.49
531.07
787.24
693.38
644.18
68.32
66.9
317.21
284.27
477.15
589.87
774.82
780.62
451.6
794.76
721.04
373.84
678.08
47.6
392.27
407.13
623.74
747.82
91.21
197.22
132.79
301.22
89.62
193.61
507.58
330.92
414.51
318.62
374.24
154.59
539.94
196.19
798.21
725.01
385.5
301.79
375.57
623.92
756.72
378.28
25.64
145.73
359.94
315.78
542.88
50.3
294.95
8.95
675.56
131.84
681.58
540.74
750.75
432.32
174.6
195.13
469.12
434.97
352.68
771.19
428.78
644.45
671.38
575.78
541.31
289.19
422.5
211.45
299.32
407.15
505.29
188.38
365.07
412.71
665.69
143.71
625.03
253.41
140.4
27.66
195.22
53.8
144.46
44.52
797.15
754.14
121.68
340.01
760.45
6.89
376.26
200.3
554.58
45.31
641.37
236.54
15.25
783.91
258.37
432.08
319.75
85.53
183.29
344.83
447.15
546.52
542.95
787.12
393.58
718.76
435.77
564.01
490.96
528.75
573.93
665.53
367.61
306.1
415.81
660.04
666.63
164.02
746.54
372.31
672.98
259.11
503.66
270.77
8.31
724.86
191.82
628.74
416.55
427.04
5.6
659.71
391.68
283.45
119.17
1.67
747.56
261.68
723.99
83.62
55.67
352.27
651.04
678.01
474.73
304.01
311.5
234.69
91.76
354.74
615.45
734.03
693.76
20.13
264.44
149.04
529.83
157.46
340.85
601.96
193.28
679.61
127.53
418.29
369.44
47.49
621.33
315.93
91.36
66.56
688.42
557.4
2.47
183.96
195.69
598.22
414.84
42.34
441.5
743.84
236.91
464.22
667.58
751.34
361.16
703.62
702.17
537.96
498.15
11.96
290.57
708.73
75.69
18.72
309.25
129.41
494.43
680.98
470.57
780.25
709.98
69.05
591.75
48.49
48.86
190.82
685.28
560.03
361.43
344.02
393.55
400
441
6.53
730.57
577.48
467.19
79.37
519.9
555.09
9.64
357.44
183.09
227.79
773.57
217.24
418.45
300.14
642.2
336.48
151.57
91.75
331.05
530.13
526.3
327.18
80.94
613.96
401.81
583.8
320.69
287.51
61.91
414.44
503.38
10.92
518.99
241
400.46
777.26
393.25
0.03
283.48
491.58
743.43
767.12
472.29
431.69
277.85
398.38
713.56
7.55
677.46
573.89
476.72
704.59
702.84
506.23
602.94
249.42
459.44
119.32
185.08
691.06
784.72
603.69
388.1
592.18
698.98
131.55
559.57
223.42
441.25
208.2
531.01
294.15
636
241.85
300.96
421.44
582.62
179.31
125.71
375.05
735.59
661.65
288.16
591.72
102.49
771.26
126.63
66.06
162.57
139.51
658.8
671.53
44.18
544.1
749.03
520.02
661.83
141.06
170.38
640.75
566.51
555.17
715.93
715.83
82.79
332.31
571.31
301.51
352
34.92
30.26
126.83
567.68
170.1
756.68
657.77
504.89
92.23
701
689.17
403.83
143.04
433.23
0.7
452.93
763.41
111.16
156.06
789.66
490.39
579.29
656.09
202.37
704.41
383.58
547.83
58.18
169.85
497.55
579.77
536.44
72.85
103.14
148.13
306.33
580.44
152.15
616.26
190.06
540.76
687.79
168.46
179.7
709.09
394.05
257.44
780.61
331.22
296.92
777.49
228.57
45.17
52.67
11.61
649.95
603.88
680.46
198.53
799.5
749.78
265.34
508.5
134.87
422.31
416.69
347.06
32.94
728.74
230.67
361.16
753.67
643.71
332.63
77.09
414.27
699.11
629.08
268.88
549.48
795.38
403.72
435.36
260.67
312.09
139.3
703.94
191.07
240.42
11.95
677.92
271.55
262.82
785.26
395.16
349.68
451.21
719.37
110.56
587.18
145.99
409.76
22.76
53.01
329.36
387.51
754.16
661.52
684.4
93.47
612.69
441.95
362.22
713.04
768.37
207.28
442.32
759.13
767.78
626.24
329.79
356.18
314.36
334.89
463.98
677.84
751.66
295.76
83.63
740.81
629.11
383.71
153.59
484.4
315.37
436.33
717.12
224.9
727.24
356.55
296.43
788.61
153.89
43.35
415.19
201.28
432.92
32.15
667.48
249.15
553.71
775.44
350.89
404.77
205.95
600.86
324.19
657.22
469.36
107.2
267.85
732.79
641
172.42
221.32
668.12
785.84
109.14
681.07
468.99
202.12
63.82
214.96
139.67
572.76
667.79
185.92
688.56
692.9
537.52
584.73
199.54
318.91
30.83
62.35
312.3
62.02
412.36
519.74
69.62
425.79
642.82
185.95
197.92
388.58
308.44
31.98
142.34
351.44
224.13
518.96
221.2
172.8
716.79
531.82
492.21
167.36
264.1
668.82
649.33
375.14
23.26
718.01
203.88
586.78
455.01
469.25
156.84
334.61
19.92
57.06
496.44
363.93
103.74
651.76
770.3
177.5
777.81
683.92
687.59
182.21
480.48
796.78
583.65
175.29
244.38
325.28
251.39
619.25
283.67
414.39
779.44
621.82
8.04
253.83
351.33
780.85
160.33
577.24
446.64
77.13
578.2
570.09
157.4
498.33
99.75
388.29
408.86
189.84
281.16
304.19
687.66
413.37
555.3
195.19
382.81
591.2
282.23
257.69
775.43
202.57
550.13
569.91
381.93
567.4
198.82
259.77
447.95
707.69
628.96
23.51
235.87
345.17
553.17
644.78
554.79
316.28
220.96
362.64
420.31
488.78
110.55
648.81
122.47
526.14
119.92
223.47
380.78
143.71
139.82
197.54
571.2
726.24
589.64
158.35
697.47
273.07
147.82
467.96
458.6
522.35
352.38
289.98
119.27
739.01
543.98
341.72
311.72
144.08
462.69
63.55
283.41
659.18
261.77
315.67
775.58
671.67
333.36
427.7
2.75
18.48
403.8
110.42
123.6
338.83
662.63
567.42
414.95
472.35
295.24
17.85
210.28
383.32
315.65
187.64
533.22
409.32
661.36
270.28
436.72
425.23
93.6
230.22
102.2
773.7
142.26
669.59
424.36
735.82
636.97
330.71
2.23
702.3
263.6
583.43
715.26
383.61
554.19
263.26
315.29
240.86
55.35
175.81
84.23
576.01
517.98
462.62
321.09
726.22
52.63
583.25
365.25
409.79
257.44
617.25
537.3
573.5
120.93
372.5
602.67
348.58
443.62
46
244.66
219.8
343.85
82.41
131.64
389.87
143.32
663.92
73.04
769.44
463.28
593.16
681.68
532.73
401.46
716.17
622.49
784.11
255.84
648.72
334.64
760.27
678.95
190.12
122.64
206.31
165.66
104.95
704.67
479.4
436.15
773.83
746.54
539.44
262.69
324.5
690.36
234.53
102.26
395.44
59.2
187.55
631.82
391.51
54.19
48.57
727.54
308.91
66.09
383.53
549.25
400.26
191.98
708.85
98.8
737.88
137.15
516.85
727.43
529.28
221.37
97.19
125.92
747.86
154.31
100.87
255.55
243.79
239.53
128.69
376.08
344.53
756.02
378.32
208.33
217.17
280.43
24.26
227
745.44
424.81
90.47
47.98
526.6
414.58
571.32
503.79
27.17
169.04
511.71
5.27
323.92
184.61
28.72
533.78
321.05
299.68
334.49
126.48
502.21
608.95
429.09
608.65
796.67
241.44
181.45
426.77
640.36
95.07
571.51
433.9
622.4
125.49
517.13
192.84
388.75
733.14
130.5
731.78
198.07
431.52
191.76
59.69
596.87
275.86
695.52
515.1
281.85
551.55
224.9
725.08
447.34
763.16
657.05
736.87
49.75
479.65
280.31
426.01
258.95
209.18
795.52
642.37
31.75
124.88
368.53
0.51
519.32
569.82
145.08
282.8
253.08
636.07
391.72
106.22
387.02
709.12
377.96
14.18
14.75
185.56
459.13
495.54
552.34
582.85
248.92
471.12
687.84
396.7
708.01
511.51
638.14
548.51
734.05
516.2
219.92
189.67
31.04
719.76
317.13
786.79
270.9
224.24
777.23
339.72
262.57
293.5
137.47
420.65
181.36
544.59
322.3
600.24
373.51
557.29
18.09
278.34
397.64
567.39
131.82
204
370.99
611.66
415.18
210.3
419.94
608.15
615.83
601.5
759.29
369.65
226.4
283.09
340.69
270.6
183.57
356.48
227.08
539.38
721.21
113.57
173.05
536.31
687.69
538.84
98.28
784.96
310.96
600.48
609.24
587.98
635.16
2.46
523.48
267.7
161.31
438.26
679.72
680.43
520.91
163.48
229.18
789.41
621.47
683.76
622.19
51.85
214.94
665.5
785.32
354.48
362.35
95.85
395.43
568.6
537.69
202.21
14.84
765.04
392.51
774.58
247.43
340.42
478.43
174.83
32.68
404.68
311.55
293.8
453.77
168.45
272.69
456.02
205.63
468.15
402.43
63.88
540.91
597.72
119.12
130.89
633.66
172.51
620.27
689.14
217.08
635.69
161.84
319.23
664.54
427.95
288.55
87.88
490.03
24
593.9
224.83
629.29
433.56
335.77
484.93
379.32
426.46
107.78
288.96
280.08
104.64
299.18
202.97
765.82
11.34
44.8
592.47
87.94
683.88
16.17
471.33
533.23
558.54
557.62
286.85
613.96
49.64
155.31
45.46
779.94
357.74
301.61
301.2
97.08
442.51
462.19
400.5
604.79
436.02
664.26
103.82
123.42
141.83
459.28
136.62
725.28
316.29
26.31
433.21
406.86
326.31
127.89
4.87
742.84
779.13
486.43
13.78
491.35
207.75
798.2
77.63
422.85
765.9
199.03
398.03
121.92
183.86
224.42
221.98
461.83
559.75
614.01
545.8
695.87
506.38
565.5
292.72
2.48
469.46
766.16
393.76
109.89
338.16
13.12
438.86
616.37
753.45
297.48
351.67
205.71
257.7
380.2
544.29
188.32
191.85
416.91
640.07
690.97
301.79
179.47
730.06
670.44
15.79
615.28
618.93
505.02
106.13
459.45
37.66
390.33
451.44
9.26
215.22
96.99
363.03
497.7
369.26
190.76
764.43
270.49
90.79
13.33
72.21
420.73
322.01
201.98
617.48
208.02
759.91
88.41
354.2
483.38
333.91
579.11
196.77
6.07
506.99
407.45
552.35
128.57
7.35
438.92
236.68
206.57
98.8
704.4
79.73
440.44
447.67
288.04
217.43
9.54
329.01
162.27
631.47
644.62
262.97
634.81
526.88
654.3
112.77
330.05
311.57
48.63
561.5
538.83
215.56
601
726.71
167.99
681.77
505.16
227.11
339.65
479.87
290.14
368.65
329.97
761.03
139.31
366.95
522.76
370.52
132.99
267.46
705.08
437.89
541.05
419.65
116.67
389.16
652.8
129.87
241.48
761
397.21
647.48
217.7
95.28
670.56
434.78
175.35
244.57
395.9
124.5
511.57
361.48
778.06
643.78
56.01
373.5
732.36
342.58
211.96
609.43
132.79
262.78
326.75
54.76
664.89
720.78
392.52
790.35
253.52
585.54
357.56
585.59
109.44
337.8
490.09
143.91
526.08
465.18
624.09
497.78
44.07
768.06
150.92
434.88
20.46
284.7
771.38
242.75
520.82
186.77
15.58
325.68
187.03
272.36
520.39
367.99
723.34
585.26
190.34
738.48
358.55
63.94
485.34
136.16
621.49
665.54
118.25
159.18
701.64
55.13
266.99
205.2
587.94
387.54
343
467.28
64.08
209.62
124.33
117.38
304.5
236.64
461.87
339.05
306.02
611.23
158.19
590.22
669.8
60.29
395.35
366.45
524.79
793.88
199.59
322.12
330.58
34.7
291.71
54.32
695.15
758.85
389.9
598.18
384.83
451.98
418.23
204.96
435.56
397.12
545.54
72.47
275.45
2.8
234.17
245.21
99.73
226.82
741.25
255.5
554.37
114.03
599.37
409.51
186.42
238.9
241.84
378.25
500.34
123.78
257.03
631.36
597.2
251.35
726.37
640.71
332.16
503.51
122.77
313.68
673.96
567.61
763.25
216.76
683.46
611.17
316.01
184.39
608.59
142.3
98.35
703.18
460.43
420.07
74.84
674.29
223.59
505.57
400.72
219.78
0.37
74.25
596.55
187.41
164.09
619.73
672.86
574.13
601.17
182.95
84.04
380.87
747.73
349.19
690.68
501.09
734.93
58.68
537.31
93.6
268.06
509.27
349.35
212.46
650.93
549.91
143.43
580.69
60
798.56
616.71
257.29
256.45
799.73
163.87
748.21
545.01
549.61
796.2
29.55
766.82
205.45
28.9
621.01
228.36
290.96
39.25
276.02
179.11
550.26
646.48
342.25
626.42
168.17
558.02
424.8
590.41
679.8
194.32
779.14
322.54
608.13
630.52
81.2
352.07
693.06
708.29
532.68
251.77
573.41
742.79
185.16
205.5
556.55
685.16
734.25
69.7
400.42
136.36
587.56
49.42
228.03
353.57
673.48
142.91
747.46
255.31
484.93
720.15
658.23
266.28
434.09
268.47
559.07
400.81
324.62
669.75
104.26
401.26
792.61
499.25
299.73
488.51
44.21
356.65
799.81
500.74
347.79
259.08
690.55
634.05
412.88
353.99
646.01
670.66
195.07
202.87
459.38
751.63
227.95
594.61
230.47
92.31
711.05
598.37
295.3
331.77
721.39
70.17
583.43
435.58
360.28
0.45
110.97
10.92
72.68
726.24
593.32
219.32
164.48
678.73
684.74
657.11
174.13
387.69
249.9
755.82
192.36
176.86
644.7
412.55
291.99
346.54
10.81
7.36
563.17
695.85
215.34
311.84
310.87
653.02
573.64
566.76
349.64
125.23
125.19
584.28
659.17
307.65
136.46
17.04
489.39
360.25
326.54
641.06
158.74
713.12
130.08
439.05
82.07
267.91
126.66
352.27
779.87
717.2
451.92
735.15
642.97
532.83
322.77
647.48
595.47
46.18
102.35
72.52
392.2
364.05
45.53
596.93
674.35
579.23
86.44
122.03
652.27
355.08
548.62
374.86
155.81
339.14
143.16
513.15
225.12
525.82
279.19
574.71
276.02
177.69
381.24
684.29
324.71
637.39
569.98
484.81
421.19
532.09
495.24
193.49
705.15
564.73
541.56
717.95
623.95
591.52
550.89
484.67
310.27
115.72
43.71
138.51
309.79
18.94
192.78
483.75
311.28
20.98
375.57
66.03
254.11
779.74
592.92
583.89
453.95
582.56
644.89
610.78
410.74
379.34
253.83
350.02
696.09
246.36
267.28
103.82
72.39
498.1
742.92
202.11
255.74
738.77
512.58
262.7
735.65
39.98
204.08
397.23
690.29
449.64
314.36
606.97
741.82
376.73
580.07
335.78
401.02
458.44
205.4
148.65
119.7
786.94
323.09
28.21
680.27
79.44
776.21
544.06
375.11
320.44
328.37
561.29
52.18
479.8
615.85
680.55
193.28
211.81
791.24
265.96
358
366.7
218.15
174.51
469.38
20.05
300.78
318.34
265.29
312.08
307.1
517.48
373.44
722.56
122.2
653.65
327.67
246.05
55.08
306.55
395.03
774.21
48.37
678.24
375.5
402.15
577.64
280.75
666.57
409.92
402.29
302.96
428.29
782.69
747.53
477.47
510.94
531.37
536.19
544.38
34.12
113.16
83.18
693.7
65
460.32
420.1
281.42
402.54
375.46
428.66
436.71
562.77
408.81
85.68
37.51
44.55
527.06
521.49
2.65
346.45
296.35
487.11
718.42
607.93
420.62
785.14
72.82
387.77
225.35
18.99
39.48
715.37
275.81
155.12
75.5
224.77
190.46
377.93
305.57
606.9
92.49
373.88
478.8
118.13
442.64
51.83
434.65
528.79
95.53
156.3
598.19
405.79
249.43
511.21
375.34
518.85
674.39
531.64
253.93
177
698.92
752.81
754.74
776.99
241.8
150.57
101.57
113.41
375.94
732.76
351.6
729.29
303.44
261.1
789.06
521.99
752.46
115.11
487.56
603.66
551.39
212.06
184.33
485.79
65.46
765.17
562.37
361.68
591.41
54.25
320.2
495.04
387
452.66
591.19
320.76
670.7
283.54
243.09
34.5
161.03
152.58
711.18
670.03
701.5
537.89
300.2
521.85
379.09
584.29
166.33
764.57
611.41
151.76
97.76
184.01
225.36
228.53
480.3
360.67
573.15
539.43
557.57
133.39
196.25
187.34
499.89
680.48
198.04
45.68
142.64
116.71
213.92
777.14
523.55
478.37
179.72
532.5
384.43
718.85
567.75
561.12
138.5
40.73
737.36
382.32
372.57
707.54
381.29
48.11
69.96
439.29
734.82
467.25
761.99
238.19
633.16
189.34
602.35
517.58
583.62
367.85
278.07
548.67
242.22
601.04
545.86
67.7
210.89
305.29
334.29
608.25
613.06
659.35
601.82
453.72
287.44
282.41
183.77
226.37
4.78
571.16
773.6
788.27
489.11
613.72
7.18
347.55
727.58
469.73
707.68
317.09
613.96
611.01
697.76
619.42
437.18
515.7
241.12
231.57
403.27
465.81
164.83
260.06
218.37
643
21.08
743.41
704.77
576.57
210.38
271.97
294.46
170.82
679.05
140.41
37.99
658.41
781.76
279.17
225.96
177.51
496.64
284.63
168.45
319.71
582.47
148.25
715.09
330.96
672.82
37.2
584.3
664.58
696.63
60.54
550.89
23.69
616.56
441.5
412.84
792.64
655.5
324.03
651.08
543.48
542.07
785.42
477.28
39.2
289.63
776.53
132.65
773.46
745.63
23.11
640.7
354.66
685.17
456.85
394.44
641.55
36.57
287.1
488.11
581.04
234.23
145.51
277.06
555.41
387.23
382.14
611.07
457.21
755.02
605.54
537.09
618.4
322.82
772.83
330.38
334.16
683.05
56.01
259.76
697.02
675.6
566.13
179.58
636.73
769.1
696.99
124.22
523.74
399.12
255.33
227.41
90.96
700.6
659.92
357.38
288.69
389.87
464.96
187.84
426.28
510.44
154.93
734.02
11.23
395.02
501.39
174.18
482.84
260.45
351.89
16.63
582.35
686.79
385.25
666.18
9.68
480.42
494.52
287.54
542.37
206.1
491.91
221.94
646.17
324.38
607.75
681.53
16.25
45.87
456.63
397.58
500.62
519.99
613.45
718.91
529.44
664.69
731.83
200.49
54.53
796.94
330.01
391.51
350.33
290.09
745.83
292.85
127.09
311.59
12.37
137.29
346.24
621.08
445.84
522.07
177.37
47.43
577.91
586.01
676.99
559.15
354.63
472.57
774.85
54.82
246.74
223.49
635.25
708.97
692.18
674.77
722.64
492.39
692.29
11.75
285.23
268.87
425.14
356.26
714.95
772.86
8.34
585.92
69.56
687.82
314.48
549.43
30.42
633.62
396.51
143.78
647.06
16.87
744.39
454.91
182.36
555.24
557.51
624.25
559.29
648.52
156.34
601.19
431.2
167.7
61.75
225
409.81
723.07
351.11
153.39
89.6
280.47
375.97
773.64
711.61
262.03
561.56
220.98
524.08
455.22
75.43
155.22
205.96
613.79
562.14
87.05
470.12
409.5
402.53
251.28
21.29
581.25
226.55
273.02
692.32
4.07
71.65
431.26
776.1
669.2
707.29
372.01
401.25
783.76
16.25
409.87
604.8
54
700.01
316.39
741.07
50.45
323.58
758.59
86.89
249.65
634.65
357.92
706.95
229.84
18.38
589.43
656.19
418.04
408.01
314.74
515.63
492.42
130.83
177.14
328.89
373.98
689.44
245.2
265.41
376.52
717.38
146.29
756.96
787.77
775.01
263.65
289.07
643.06
72.45
134.12
107.05
138.74
535.66
191.9
145.71
302.31
406.64
115.92
744.17
647.14
93.62
134.63
158.72
278.49
749.25
607.62
181.86
301.85
548.91
494.11
255.01
251.99
414.75
173.8
742.58
465.01
439.65
449.09
549.33
611.66
65.89
664.64
691.36
779.91
144.88
181.06
93.72
22.82
679.02
55.36
158.93
789.61
107.15
76.81
381.24
446.27
160.75
320.96
75.23
506.14
736.95
13.02
437.76
288.68
582.56
717.34
705.8
324.09
552.6
531.05
209.59
222.14
502.02
142.93
646.84
447.39
669.06
567.07
363.39
220.72
642.11
412.2
745.99
770.11
713.6
797.26
773.16
546.83
693.46
578.88
140.48
668.06
523.33
780.28
348.57
165.07
282.47
331.08
289.08
731.39
347.79
42.58
717.71
97.02
541.69
407.76
786.97
288.5
211.36
475.79
68.58
131.24
761.6
207.55
350.54
473.42
161.33
52.52
309.24
1.74
491.26
284.52
269.2
710.29
636.91
85.85
591.94
160.59
505.23
589.38
168.09
589.54
432.47
541.75
473.67
68.46
696.43
66.92
485.49
290.74
130.73
641.8
741.32
485.59
275.17
159.5
77.47
376.44
371.15
236.52
591.67
780.83
443.7
706.59
738.6
539.09
213.75
507.17
457.37
609.5
308.97
490.51
53.76
402.1
243.73
501.33
251.47
437.57
742.39
189.69
385.11
668.93
96.91
403.34
557.97
92.9
297.22
397.7
85.78
748.28
418.68
199.24
642.01
448.89
297.74
71.28
235.44
733.87
269.45
256.22
74.34
397.32
722.32
667.22
503.14
73.03
712.13
50.36
99.97
198.71
745.88
216.38
798.24
146.29
698.84
43.4
569
461.63
100.04
110.89
36.24
47.31
214.53
625.18
226.2
437.94
237.17
597.19
750.19
529.33
473.9
609.77
788.19
368.41
738.24
431.41
61.26
163.46
430.19
408.44
257.77
663.83
529.68
524.88
493.82
552.91
40.08
468.34
311.9
621.12
48.86
588.88
398.09
473.73
15.31
711.72
5.72
313.29
157.92
255.96
360.73
645.03
187.22
145.08
437.13
413.77
716.19
91.74
497.45
756.13
662.23
144.47
254.3
163.38
316.61
779.35
553.82
720.99
400.7
283.71
565.5
406.4
325.67
412.72
669.94
625.03
37.79
412.03
366.03
483.55
181.41
760.82
372.88
186.59
616.11
125.3
142.59
386.05
234.76
757.14
540.23
239.59
657.61
183.83
568.33
239.41
226.3
10.42
290.46
325.88
410.8
402.47
320.44
725.78
427.85
32.7
306.81
503.64
590.61
360.6
479.56
214.02
489.87
411.12
177.36
455.03
8.63
204.32
693.94
702.85
33.05
340.05
175.51
296.34
246.19
728.55
611.63
176.62
647.4
355.94
674.62
708.29
154.32
568.71
166.47
620.94
81.27
395.31
423.19
786.13
374.19
502.87
611.94
780.85
346.82
771.96
515.26
2.97
559.31
136.01
295.99
459.39
382.67
244.95
492.6
536.13
192.05
662.76
746.02
278.35
126.57
80.82
228.19
576.32
68.26
123.29
482.65
223.33
96.61
757.97
300.51
60.37
221.82
590.38
397.33
142.42
537.88
221.84
154.27
422.98
29.7
755.23
540.5
55.38
423.41
578.03
175.16
632.85
63.85
455.84
257.32
392.03
30.85
750.72
466.55
197.79
101.96
793.02
168.97
254.88
173.61
650.17
754.51
67.46
574.67
160.81
346.31
143.42
471.16
484.64
302.71
199.36
629.82
234.5
127.08
109.97
706.98
554.88
295.39
631.55
566.98
111.72
446.21
556.67
620.09
384.97
216.48
256.81
257.84
57.42
482
706.47
249.44
0.62
675.85
160.45
113.76
703.46
374.51
370.21
744.49
551.08
250.59
573.01
531.27
386.78
348.46
672.94
16.12
367.4
492.7
668.95
690.99
771.11
515.76
486.83
216.33
538.78
556.31
181.85
471.63
372.59
783.85
762.83
213.59
593.27
541.13
668.52
583.94
665.82
278.95
563.36
301.28
309.81
667.1
367.28
286.35
580.97
566.5
537.53
175.51
571.45
714.67
705.08
156.31
195.47
44.24
256.41
630.69
364.39
495.85
117.63
81.25
541.56
466.24
666.36
69.28
575.38
574.32
304.83
685.63
694.29
144.4
475.18
207.74
381.67
398.48
299.21
584.68
20.8
143.67
327.92
304.34
174.5
159.82
11.72
755.5
317.94
683.29
145.1
351.17
519.26
572.09
744.94
211.42
101.39
359.72
252.62
360.75
761.89
570.66
643.63
225.15
526.66
516.81
121.49
37.07
44.01
594.97
519.27
364.91
2.67
439.32
573.78
488.68
480.83
291.77
293.05
348.42
712.21
553.73
696.26
93.38
324.44
443.42
413.53
285.78
304.23
384.07
223.26
216.85
447.64
562.58
409.61
702.55
505.11
394.83
53.52
13.43
528.62
443.35
285.1
160.24
596.34
694.12
148.35
781.13
247.81
336.64
47.05
237.98
528.37
471.33
586.57
390.65
365.08
470.05
363.15
302.87
68.35
661.73
289.69
677
651.03
313.68
44.16
211.99
462.75
557.94
279.34 /

COPY
	PERMX PERMY  /
	PERMX PERMZ  /
/
MULTIPLY
	PERMZ 0.01 /
/
