---------------------------------
-- Permability values for SPE9 --
---------------------------------

-- Permeability distribution visualized in figure 5 in Killough's paper
-- Killough says 'The input data included in the distribution to
-- the participants included a geostatistically generated 
-- permeability field'

-- The values below are taken from Killough's dataset, they are
-- not based on the figure in the paper.

-- Explanation to how the data in PERMX is organized:
-- Under each LAYER (i.e. K-value), 
-- there are 25 ROWS (i.e J-values) under which there are
-- 24 entries (i.e. I-values) 

PERMX
300.64
68.96
182.48
631.64
768.95
488.85
511.6
474.92
760.81
799.97
612.53
228.04
779.14
63.06
160.07
13.94
195.38
423.6
761.18
38.36
410.39
2.46
554.3
107.95
347.55
748.14
324.38
400.34
791.79
696.04
628.64
429.63
95.64
293.84
657.93
706.65
98.27
747.41
392.75
277.61
297.39
277.46
227.16
285.5
198.37
129.24
581.92
569.13
225.48
792.46
371.28
183.78
764.64
244.83
799.9
489.58
684.36
747.32
274.23
526.27
695.28
375.31
560.87
413.46
366.46
716.72
753.09
702.03
3.36
700.52
155.8
523.86
47.81
369.74
559.42
399.01
45.87
513.15
140.88
667.07
687.4
150.18
338.08
652.27
295.9
183.91
468.2
69.1
305.91
114.04
639.62
472.25
162.56
208.91
785.89
319.7
710.31
427.16
334.39
519.07
292.73
698.77
336.57
671.3
394.88
669.71
376.59
581.96
596.08
638.08
426.47
467.08
693.43
163.78
217.69
258.64
668.04
227.02
522.39
10.86
478.91
552.09
705.69
466.89
97.61
612.81
790.43
499.14
391.42
375.44
451.16
154.06
308.31
272.89
244.73
245.26
387.51
4.09
504.24
650.75
386.61
253.7
116.55
232.9
0.07
184.88
637.96
783.1
244.51
299.35
588.49
252.46
234.58
155.05
152.38
265.5
568.71
126.23
275.22
668.77
317.36
544.07
69.31
711.23
126.12
239.82
686.67
19.37
179.8
362.87
10.38
768.01
602.25
561.05
262.93
331.1
293.85
470.77
797.91
551.23
145.5
402.01
359.96
715.32
452.19
579.39
401.79
712.49
358.28
638.79
703.9
728.51
368.7
466.22
375.8
408.15
656.91
365.05
259.16
505.93
661.99
646.16
103.21
86.35
681.32
460.77
688.05
617.98
153.51
548.95
16.74
506.32
451.22
694.31
613.05
192.68
555.81
157.3
488.08
42.16
435.25
457.97
687.43
759.98
253.82
511.51
345.82
126.68
305.39
608.21
404.95
385.61
230.11
497.55
136.41
631.37
520.97
559.41
789.86
320.08
357.59
286.11
408.25
698.82
127.26
603.9
595.51
7.3
635.12
751.11
97.36
473.37
716.11
195.63
234.11
49.29
648.71
482.15
519.56
774.28
577.68
471.78
472.46
381.5
509.36
702.47
480.8
215.37
248.57
651.73
574.15
472.84
615.57
761.11
33.7
538.94
464.64
712.81
307.16
317.64
383.15
290.52
109.89
347.76
411.38
107.49
616.71
205.16
233.74
54.6
784.47
456.08
661.12
496.23
759.05
553.28
593.47
584.97
87.89
270.15
497.5
20.29
87.79
147.36
516.03
787.47
495.24
348.22
289.04
245.7
146.4
367.69
144.94
264.46
626.28
577.76
162.41
19
525.35
507.71
359.36
730.33
774.69
199.65
94.01
63.22
548.06
551.89
752.26
168.98
784.57
51.66
673.6
2.37
501.46
221.88
460.37
229.08
728.5
203.72
503.8
609.01
335.2
261.21
28.25
167.62
710.98
320.65
70.03
726.05
173.9
130.11
195.57
714.3
130.31
672.9
523.1
329.68
460.56
652.78
83.36
551.78
531.93
355.8
541.94
294.56
107.74
507.36
742.43
445.64
243.5
143.29
53.56
768.58
265.39
445.76
35.18
207.23
743.35
382.88
373.93
70.14
407.81
111.17
626.26
679.17
577.43
148.96
690.25
493.16
60.58
389.95
110.98
69.72
764.12
692.69
264.14
154.61
720.2
636.8
756.13
141.37
712.07
758.56
553.76
468.76
356.92
533.13
491.29
51.97
507.79
310.23
216.21
441.34
140.09
716.44
79.35
745.33
687.45
474.09
290.31
233.2
324.86
233.02
303.22
376.23
490.64
329.45
264.39
540.92
139.55
163.59
706.71
431.58
52.61
143.35
86.22
420.03
259.49
101.35
70.03
315.01
116.2
401.78
7.5
102.15
221.66
127.77
616.02
548.67
118.62
49.15
4
667.14
219.73
412.98
581.98
227.88
388.34
162.34
483.78
243.86
523.17
769.66
201.96
473.57
287.74
284.56
688.26
342.37
201.4
189.97
737.64
676.99
36.18
250.86
563.87
143.07
616.42
372.16
380.26
727.55
158.82
333.67
539.39
83.18
21.97
765.77
613.11
440.5
8.72
209.26
440.03
795.71
744.67
548.7
156.45
94.19
739.77
548.53
209.58
627.09
635.65
243.37
453.08
687.02
91.87
688.17
116.46
789.61
154.95
623.75
479.05
499.18
74.5
459.06
520.76
526.14
649.05
508.06
141.68
548.75
105.12
200.48
599.54
313.46
423.03
191.35
782.14
66.43
68.32
760.97
82.91
1.47
592.48
760.01
547.67
714.77
6.68
132.51
396.85
635.6
226.55
23.52
293.28
575.29
766.78
406.5
17.46
139.63
580.97
422.45
514.02
672.48
482.69
174.63
166.85
122.92
737.28
245.51
455.85
382.74
81.46
627.66
600.58
536.68
797.77
571.59
774.33
521.36
295.91
79.72
43.83
115.23
623.69
31.02
440.66
316.73
341.95
325.05
495.85
524.69
558.2
554.65
514.73
92.3
207.77
422.87
114.02
759.51
259.59
390.07
519.23
300.18
21.55
263.47
678.19
444.07
172.49
64.59
719.31
466.93
20.74
330.55
20.71
741.19
632.27
759.57
289.5
98.07
5.99
563.45
316.2
615.59
74.63
276.07
651.61
303.89
220
134.74
481.5
250.9
685.64
30.53
517.18
235.54
343.76
112.98
620.2
426.53
572.5
469.37
186.6
384.16
64.25
553.24
591.67
243.89
485.4
395.7
402.05
147.45
517.46
220.8
73.26
762.5
221.86
714.21
701.2
22.36
264.94
559.46
71.14
361.74
280.26
430.13
567.98
476.74
672.65
458.19
683.97
149.72
17.74
546.26
317.18
776.95
391.79
317.78
793.15
487.38
429.82
307.38
232
280.66
476.84
74.81
723.85
468.15
331.24
434.1
640.52
361.05
284.74
20.55
443.12
702.64
654.43
786.77
191.92
174.59
161.35
644.17
243.25
665.58
216.75
772.72
185.72
133.16
203.77
505.36
662.99
230.55
593.4
160.04
305.94
747.02
481.95
293.07
418.31
463.23
575.04
445.41
200.01
614.64
265.69
126.66
16.44
510.56
330.21
581.7
166.98
246.35
576.04
726.61
559.89
212.6
195.47
17
215.18
273.81
294.61
735.55
499.74
740.61
642.8
436.35
562.6
468.29
495.06
164.81
169.08
70.96
663.18
506.19
666.61
440.02
254.6
761.85
364.18
639.6
305.72
774.11
169.54
684.62
242.22
580.12
491.49
723.82
390.15
277.4
361.17
740.55
80.26
381.69
435.57
664.93
619.05
101.76
258.3
42.98
434.58
91.13
796.71
513.11
181.87
13.97
780.2
211.07
304.78
328.15
53.65
589.04
675.99
538.62
356.54
193.41
503.26
322.55
501.77
376.18
236
419.58
621.58
443.62
88.63
627.29
356.97
508.89
721.55
620
347.21
211.41
616.97
335.95
784.63
242.08
307.3
615.29
92.72
360.96
233.37
565.75
797.63
764.31
663.22
736.83
447.53
17.59
28.53
276.98
752.67
70.95
567.85
752.57
202.77
331.54
178.04
218.24
689.88
443.31
762.52
237.45
576.49
666.02
1.86
517.63
375.14
400.85
102.32
88.9
252.27
271.16
427.89
401.49
762.6
235.82
547.37
471.11
532.26
742.44
593.23
738.25
510.28
414.07
413.64
125.06
585.95
752.89
535.79
649.27
619.58
24.42
402.07
69.9
152.13
523.5
210.32
664.7
86.17
669.74
34.6
708.56
488.93
358.09
277.87
66.84
571.34
732.94
775.35
685.63
459.93
373.82
174.95
427.32
459.73
167.59
246.73
501.56
334.84
0.23
415.51
465.18
262.25
326.9
188.13
401.14
150.14
746.74
614.83
270.9
295.3
350.67
7.29
393.36
55.51
55.03
511.39
232.66
404.42
701.71
783.88
252.08
21.24
138.1
476.22
469.22
87.18
33.63
104.9
799.16
690.84
766.25
52.98
409.78
474.09
651.37
207.17
539.43
758.92
646.06
254.05
523.59
391.31
191.35
138.29
419.61
640.19
747.47
401.07
136.88
289.39
794.94
400.15
628.45
326.95
234.8
216.37
572.21
221.87
441.87
367.49
785.9
413.93
647.21
618.27
666.23
253.67
756.09
324.3
567.31
158.33
1.51
750.56
99.34
207
253.29
545.4
167.88
299.07
261.84
337.66
324.62
291.58
637.39
318.38
774.19
149.89
552.64
60.02
408.22
533.24
493.77
103.52
104.32
330.76
410.06
162.79
703.97
715.14
314.09
341.79
784.73
464.67
399.45
745.31
521.29
593.66
334.69
118.72
235.81
23.91
314.32
671.41
126.79
345.34
550.77
310.95
11.44
663.16
98.62
542.26
389.15
132.79
206.42
155
683.33
238.42
474.67
618.38
290.19
779.35
495.64
456.91
772.72
262.18
691.44
404.13
626.19
46.75
484.95
133.63
713.12
458.03
466.86
205.25
404.15
314.94
627.3
623.6
393.7
199.85
49.56
670.48
133.31
500.3
790.31
116.23
100.54
497.67
275.27
230.98
93.35
617.77
397.22
469.95
177.12
376.38
298.96
117.53
522.63
711.92
514
146.23
37.82
303.45
439.68
668.26
113.13
666.63
62.45
239.98
478.01
140.68
304.29
205.79
575.22
641.39
646.85
504.06
499.57
151.38
734.24
63.24
171.8
322.68
447.76
460.84
475.81
90.5
585.88
115.25
737.65
146.99
279.41
422.47
642.44
378.95
603.44
349.16
431.64
329.36
441.58
195.99
283.7
6.89
13.6
336.69
20.4
393.5
128.99
11.47
791.84
287.08
66.29
749.25
592.59
492.87
528.8
374.67
520.4
384.58
127.9
566.87
734.8
532.58
776.15
216.15
246.16
265.17
568.81
441.29
307.98
117.25
439.14
364.79
502.68
584.2
329.78
266.75
336.48
397.09
548.08
694.06
418.55
732.46
322.34
309.43
544.76
303.95
126.64
150.14
112.38
228.84
144.31
262.45
710.5
444.27
392.63
420.39
453.31
45.32
798.47
64.54
416.12
712.94
2.58
163.48
86
121.1
133.69
77.23
346.6
657.1
170.67
493.85
556.5
738.61
204.16
779.87
336.01
522.38
567.22
734.73
748.76
95.09
129.71
376.13
296.19
332.3
510.07
105.48
364.75
484.66
662.01
345.85
676.48
469.48
48.04
238.4
121.67
589.47
66.39
213.21
732.98
555.83
731.98
529.02
474.24
668.85
192.54
735.03
669.07
594.98
746.69
713.72
424.13
298.4
265.17
423.49
329.12
674.58
599.81
574.15
719.78
269.07
151.02
668.58
294.46
622.34
393.95
525.15
84.64
737.94
193.79
209.72
408.39
222.57
572.89
703.77
69.28
489.32
763.06
494.76
745.18
676.68
93.96
563.23
138.99
636.95
331.29
11.1
787.53
351.51
746.98
702.74
679.32
122.5
607.58
595.48
120.59
458.68
129.82
362.09
46.02
402.66
176.31
66.05
731.24
199.71
305.44
553.35
621.12
608.57
443.32
615.68
498.65
277.62
631.91
721.51
440.03
642.26
326.71
461.37
627.48
535.14
677.95
318.73
29.06
193.95
588.62
351.28
628.36
371.03
17.58
87.39
443.32
192.48
286.3
479.03
414.59
604.76
601.77
453.13
441.97
724.37
719.13
413.13
684.59
741.12
300.5
593.54
286.22
467.65
213.4
178.12
432.99
63.31
798
644.47
18.87
227.49
539.58
733.6
174.56
64.64
55.37
470.31
183.85
689.19
651.75
522.13
589.74
19.89
522.61
538.18
170.65
743.66
545.9
545.19
35.41
344.56
108.98
445.46
632.09
333.73
638.92
543.95
362.37
469.03
516.12
641.59
683.62
378.46
340.06
476.67
24.35
25.09
190.39
356.28
120.82
527.72
6.35
578.89
108.22
110.3
611.74
466.61
225.48
569.42
745.33
119.19
645.35
788.2
5.16
496.54
550.59
96.41
162.93
74.01
278.97
220.65
55.39
473.55
365.08
667.77
707.29
111.57
688.11
590.12
23.89
498.53
204.03
677.4
51.91
433.38
153.07
117.57
520.3
411.23
534.29
649.44
59.61
296.52
230.41
425.56
386.55
27.8
535.57
667.89
788.77
688.15
540.62
748.23
407.65
574.15
590.25
296.04
366.72
213.32
107.27
240.21
304.08
330.71
516.3
296.93
653.5
17.21
499.38
51.78
11.77
262.26
708.75
770.97
277.05
485.22
74.86
652.52
363.59
450.69
578.55
718.48
562.29
680
671.54
448.9
717.33
647.27
172.31
280.57
685.85
7.39
740.59
631.81
174.61
217.67
141.32
232.14
544.1
552.22
290.09
193.18
244.83
21.83
498.96
330.64
369.81
334.24
149.96
333.86
646.47
620.22
611.74
279.32
146.3
680.62
7.22
219.85
18.3
218.15
553.75
15.35
572.2
437.02
86
3.64
14.84
8.09
50.85
498.1
630.9
371.69
396.81
594.74
44.96
19.59
545.17
717.28
565.62
380.13
756.47
746.05
408.29
761.52
334.81
715.47
574.1
165.71
358.4
121.36
262.12
250.03
371.33
79.22
489.54
338.67
384.36
203.57
244.23
139.12
508.04
442.67
520.26
268.65
19.62
112.24
437.36
442.66
624.87
600.45
364.75
73.36
640.32
296.28
116.53
777.57
759.58
175.66
378.52
313.2
317.63
798.54
694.54
401.6
141.74
150.63
470.44
161.53
633
105.95
771.45
89.88
29.63
513.91
768.31
576.88
771.77
548.42
685.21
701.32
633.17
79.36
12.62
544.09
188.37
649.35
32.63
119.95
211.89
661.95
738.25
262.38
411.74
649.61
475.46
271.38
436.66
763.1
0.7
527.37
667.09
386.41
393.49
211.51
540.99
216.29
112.79
348.72
728.95
587.31
422.17
655.07
668.41
377.54
96.61
115.33
16.32
164.74
402.19
416.56
305.93
37.67
382.21
609.9
779.12
242.17
343.23
436.25
378.68
520.34
301.66
255.32
61.83
62.5
327.03
93.87
450.22
451.52
496.51
153.26
526.08
57.27
5.4
101.96
225.72
262.42
569.01
339.41
229.45
176.72
689.46
646.88
467.92
103.91
518.96
306.55
334.26
102.14
108.81
716.83
672.56
436.54
16.55
514.77
721.98
497.17
595.45
526.72
706.01
788.09
363.65
224.32
236.17
626.82
755.1
623.46
623.15
439.92
139.69
648.32
759.95
241.15
639.08
777.83
668.9
491.77
272.06
295.77
250.45
399.52
226.19
609.46
779.38
118.4
263.66
679.56
202.91
316.88
201.17
566.44
470.27
412.98
445.55
317.58
105.74
562.46
399.67
231.34
612.94
133.05
217.04
263.8
93.56
134.81
285.86
733.12
359.88
246.73
622.11
319.39
657.81
306.36
720.85
690.69
211.24
667.71
349.74
758.68
159.6
471.56
708.69
771.08
533.76
387.53
516
632.46
650.59
482.58
230.67
553.27
708.61
787.07
480.68
247.72
755.28
696.18
759.49
691.07
103.06
796.07
707.25
622.18
349.71
756.19
564.3
633.78
308.71
149.22
763.3
717.07
729.81
370.67
500.69
405.28
637.96
704.92
341.81
253.93
15.52
372.47
495.88
386.61
285.68
8.7
336.63
646.74
489.62
150.45
244.2
171.48
553.11
242.23
310.09
580.82
506.02
239.8
461.52
749.98
63.09
666.45
267.49
557.97
134.24
60.76
391.12
161.31
323.31
163
529.86
308.56
517.45
314.32
541.98
759.61
162.77
525.89
22.88
332.21
326.9
407.54
641.41
473.78
329.51
760.6
336.87
659.72
36.22
491.34
98.16
312.3
707.96
227.94
136.52
377.82
33.93
486.02
538.44
351.16
442.64
634.8
629.57
4.17
348.81
713.57
123.47
111.94
73.24
759.18
113.45
437.32
133.62
209.11
654.58
460.01
763.64
797.16
600.48
741.12
149.16
111.2
525.47
339.17
740.94
798.04
431.3
28.74
405.4
202.77
795.1
557.21
216.43
790.38
129.03
217.6
408.09
779.49
585.51
703.22
192.15
391.93
741.37
238.25
160.6
661.83
210.24
355.6
651.6
400.1
306.46
636.1
67.29
454.14
305.45
157.7
372.82
733.79
383.51
779.11
36.23
782.23
8.3
130.05
777.32
791.02
518.24
397.21
120.5
267.5
614.32
727.07
300.01
607.04
162.66
553.72
122.83
731.66
391.46
71.02
614.62
242.39
81.76
628.76
41.85
420.41
560.94
21.15
593.33
513.59
264.83
620.86
42.12
611.13
48.03
64.26
551.37
288.33
9.37
774.89
637.61
552.55
503.54
390.23
209.62
439.35
345.54
340.04
763.38
98.92
705.7
56.83
192.98
566.18
306.51
445.34
512.34
328.69
477.63
48.16
14.85
332.53
195.33
492.06
452.24
726.65
552.93
378.26
488.79
615.48
217.95
603.53
595.68
711.01
767.95
275.71
278.34
396.45
688.26
681.57
483.25
526.08
291
594.24
367.6
717.45
571.38
392.7
362.73
715.17
202.41
757.26
138.56
744.26
776.54
533.07
131.03
521.95
147.58
224.86
54.28
426.93
622.01
646.19
235.62
644.73
653.31
33.88
594.2
404.6
42.11
223.31
101.1
700.28
373.15
642.32
205.05
706.43
637.13
186.71
686.92
154.97
180.63
792.06
98.3
66.54
520.17
78.09
140.02
71.59
266.54
449.38
131.52
202.76
645.06
639.04
701.87
482.36
649.44
541.07
184.96
19.06
448.59
232.46
199.05
285.56
591.48
143.35
113.48
306.51
186.57
766.36
79.26
57.83
251.08
346.2
670.95
139.94
712.33
73.76
317.17
209.48
151.69
498.92
706.7
0.17
112.46
83.19
518.17
196.62
6.55
652.53
161.17
586.27
384.27
641.67
455.37
698.04
258.66
339.48
429.66
196.96
396.98
136.83
626
367.09
359.11
252.36
484.24
763.88
15.66
697.65
504.33
732.59
409.11
446.6
491.13
37.79
442.18
214.62
398.29
283.4
222.81
211.03
514.3
109.63
187.57
613.69
234.59
480.3
673.77
80.33
749.8
516.68
593.18
591.56
270.37
410.85
570.76
21.94
795.94
144.39
141.75
632.96
187.66
435.43
263.21
593.1
633.81
514.18
737.22
576.88
548.28
284.05
432.16
459.44
353.76
785.15
289.18
236.44
684.14
471.12
129.73
81.76
137.79
570.37
23.01
199.18
646.69
357.84
659.74
768.79
761.89
83.95
526.1
255.85
235.37
142.49
365.33
178.83
52.67
433.74
213.49
420.63
330.37
520.84
73.43
703.69
450.3
670.77
692.55
149.75
249.96
60.25
40
456.77
449.97
408.12
684.79
198.39
609.72
569.4
70.56
628.58
273.11
118.7
604.64
539.46
566.87
289.28
465.34
565.59
701.19
642.72
296.28
314.87
151.22
528.16
469.19
205.69
336.39
617.39
6.65
169.96
285.47
751.42
393.81
235.86
140.21
618.82
663.22
743.27
195.72
584.06
275.08
679.1
610.04
282.22
400.55
591.09
604.62
21.43
796.92
273.89
733.37
624.3
467.41
585.64
92.76
470.44
415.17
572.88
447.45
13.47
264.44
653.12
509.21
117.21
784.24
662.12
10.46
126.32
667.39
404.04
739.82
415.37
208.51
51.36
271.96
343.3
184.73
599.54
629.62
546.88
545.08
465.26
143.93
402.99
305.28
573.85
671.86
587.26
228.19
183.32
359.32
743.56
17.46
583.71
566.58
184.28
752.41
695.02
35.77
76.49
14.41
746.24
338.67
444.03
410.19
183.33
4.84
618.82
180.82
603.17
550.06
419.86
685.68
182.99
421.37
771.01
762.99
262.83
729.43
607.61
594.32
641.48
15.98
705.47
11.35
573.49
417.48
336.04
123.38
425.18
94.24
286.82
34.38
6.26
272.54
783.29
595.59
319.77
173.65
136.86
354.53
612.95
698.1
761.3
484.65
566.36
418.95
129.29
507.44
275.04
355.21
479.79
522.84
52.49
79.36
732.51
59.76
503.37
321.94
604.21
262.8
693.56
114.84
610.31
643.39
236.65
527.91
511.25
644.36
685.55
30.99
733.55
495.74
418.22
708.52
671.64
149.44
586.22
265.81
170.6
111.6
367.66
427.06
778.53
126.53
372.72
57.14
327.63
614.9
337.75
166.19
77.16
268.24
33.77
31.12
77.53
114.8
3.56
38.07
334.97
637.16
778.64
58.37
715.98
648.56
642.36
286.53
581.41
45.78
277.7
786.4
576.66
569.97
696.91
796.54
790.01
565.53
613.27
536.25
109.54
266.34
337.23
380.45
370.1
103.19
84.9
721.64
590.09
19.24
744.5
394.93
380.76
289.94
583.28
413.36
558.94
555.73
641.41
339.28
671.64
152.4
201.07
170.6
755.94
90.06
604.47
249.07
566.95
728.43
215.72
415.13
549.06
382.77
322.9
478.36
88.46
47.36
636.81
672.2
531.35
799.41
371.91
465.77
714.6
614.22
603.23
713.57
435.87
370.57
233.77
262.2
429.74
272.08
335.2
714.07
780.47
590.44
227.46
664.55
686.14
749.04
107.03
240.87
623.59
607.49
94.18
495.51
502.83
551.17
219.93
553.97
298.22
9.41
539.98
202.35
490.51
764.59
525.55
372.76
289.52
195.83
427.28
558.93
346.21
297.96
799.02
86.16
372.75
382.35
12.97
581.03
187.85
708.52
339.81
225.84
278.82
212.74
699.22
545.8
644.03
278.56
652.98
599.37
538.39
717.42
265.54
453.91
234.26
45.71
366.32
565.73
440.64
701.62
198.72
602.65
267.06
392.79
532.22
623.08
250.92
701.1
338.83
185.27
177.86
520.13
421.13
724.28
10.39
780.18
142.76
575.93
717.75
182.88
788.07
266.59
325.55
476.16
768.7
140.19
398.5
776.62
119.4
216.84
701.81
76.94
753.57
580.09
660.78
440.78
343.97
417.63
502.73
756.76
754.83
746.57
498.36
180.26
529.4
13.92
332.03
676.81
469.42
554.3
601.18
48.13
18.32
90.76
653.2
367.76
568.2
720.65
650.65
538.36
230.28
617.4
324.78
72.1
361.29
209.41
788.96
338.61
100.72
286.97
123.6
265.38
789.12
680.82
613.2
708.09
572.12
591.13
425.54
536.62
741.92
771.14
713.16
188.7
711.2
176.56
396.76
500.55
492.15
374.67
358.55
54.78
327.32
360.15
368.11
51.43
113.02
9.77
128.29
465.98
35.62
709.84
774.52
202.27
549.49
96.57
359.38
495.13
137.66
693.12
552.43
3.51
202.42
780.22
235.07
706.1
789.44
370.79
522.35
223.7
745.5
42.82
325.25
26.45
265.81
628.59
354.42
627.01
695.19
398.78
638.35
175.39
347.32
685.66
294.09
485.96
407.54
58.93
380.24
35.34
318.94
682.2
467.25
618.96
248.44
176.3
309.89
63.24
428.58
86
184.46
793.37
429.37
496.83
67.83
258.28
310.78
723.97
664.9
212.32
532.87
623.81
713.84
447.5
270.77
442.66
594.21
792.87
512.17
0.94
27.39
192.24
15.47
77.29
750.21
234.8
689.71
103
139.94
750.94
718.74
642.11
530.32
332.61
513.62
312.7
62.65
176.66
762.3
647.83
565.56
745.24
271.17
280.23
534.99
543.38
633.63
750.25
542.25
314.75
147.69
304.92
778.76
761.2
251.49
619.42
264.09
51.39
373.87
188.17
525.66
428.41
646.34
71.96
792.31
653.6
32.33
779.78
263.06
308.12
280.5
727.88
151.58
468.5
501.88
232.63
228.54
510.08
764.44
610.72
186.85
646.42
129.44
563.78
178.88
453.52
142.72
23.02
116.67
169.59
433.08
784.27
424.23
147.71
179.39
498.23
543.31
136.16
357.78
429.37
221.83
699.85
437.4
11.04
336.86
357.37
108.4
328.19
117.33
322.83
199.55
566.14
541.86
191.18
147.57
344.55
227.8
40.63
664.94
43.12
98.61
620.93
274.25
264.18
560.36
244.5
715.12
235.18
614.66
333.93
183
578.76
779.66
559.51
506.33
765.3
760.16
486.88
749.48
762.82
126.85
211.45
725.89
656.55
505.64
419.6
301.22
720.64
398.43
782.9
642.75
449.35
638.31
223.34
315.64
584.24
555.05
165.26
391.28
684.21
41.04
551.55
123.93
162.73
532.06
506.09
124.55
351.9
419.31
243.37
277.3
681.48
726.83
277.12
729.39
485.7
274.17
285.11
244.32
701.66
12.24
486.32
708
250.18
55.27
34.77
123.84
141.99
177.92
699.22
55.73
216.56
79.49
454.15
246.06
778.46
217.35
372.85
557.78
789.95
585.12
750.07
794.95
698.12
212.45
305.05
610.68
748.75
676.79
627.66
135.92
718.38
726.36
368.36
449.87
748.81
750.98
118.64
565.46
773.14
91.56
469.07
206.18
633.53
531.2
427.74
663.39
116.03
321.1
56.46
149.79
330.84
749.78
566.17
144.07
559.7
167.63
305.54
211.54
517.47
563.39
245.36
375.87
32.69
359.49
183.71
91.64
350.39
166.51
45.02
33.88
764.56
518.2
440.46
654.94
32.15
303.73
129.98
8.76
788.92
569.12
160.61
517.59
689.22
283.33
408.47
274.87
403
322.28
746.98
778.1
454.85
49.02
513.52
71.88
137.4
293.92
248.45
292.71
571.33
470.84
277.49
600.2
470.95
386.54
697.21
433.92
776.17
720.59
621.61
39.19
644.2
324.7
488.2
30.18
65.41
447.77
498.87
149.9
432.04
770.2
305.82
677.39
720.05
648.49
551.62
772.81
477.43
153.78
107.68
52.53
134.56
393.49
791.81
345.29
769.28
379.05
780.99
9.08
380.44
219.27
682.41
539.6
709.18
722.4
371.37
442.55
633.77
117.91
663.4
254.47
25.51
343.58
65.37
572.63
683.79
592.22
4.62
581.76
669.86
585.51
528.75
420.44
584
299.33
394.11
524.58
452.08
8.41
490.64
581.87
293.66
535.93
412.77
498.46
780.66
459.77
211.68
161.26
414.58
81.71
544.58
453.49
571.93
369.12
675.59
291.55
446.36
351.33
150.71
414.25
516.5
140.77
520.36
442.46
57.6
172.85
548.19
224.11
458.72
103.61
339.45
169.84
174.68
772.69
264.39
183.23
40.41
741.99
220.06
46.78
778.19
274.05
533.16
416.91
97.26
489.88
263.25
175.63
46.01
699.82
529.35
111.47
38.75
633.18
362.2
399.42
281.93
549.9
798.08
348.4
231.7
772.02
306.5
309.46
352.91
284.89
1.03
60.19
552.87
391.81
674.07
396.13
500.44
175.36
707.23
630.6
423.48
171.18
793.05
366.55
793.54
491.86
765.51
680.64
345.51
467.16
707.14
519.26
231.47
398.9
240.65
288.57
633.46
60.54
655.71
442.59
690.42
286.42
357.7
167.07
746.45
473.58
531.2
318.3
453.45
49.57
386.97
263.74
80.33
639.16
782.3
268.56
295.75
230.04
322.87
150.03
555.38
372.68
675.94
375.39
777.72
6.84
112.44
406.38
496.09
248.78
558.09
376.7
199.68
767.4
513.17
576.45
506.53
418.27
723.61
75.78
102.68
321.98
540.29
515.81
491.63
128.17
604.37
612.09
520.45
453.05
759.66
567.44
714.9
677.7
373.72
520.93
663.11
518.63
226.77
238.16
354.02
459.8
542.56
293.19
115.82
553.32
493.07
577.29
169.85
657.74
198.34
589.29
717.14
452.63
697.49
542.4
464.99
71.62
317.2
286.53
325.91
23.41
304.76
313.5
558.26
116.94
774.18
123.31
603.8
583.37
469.25
321.74
138.8
478.56
533.43
768.83
458.42
358.44
104.16
9.2
550.59
680.74
143.57
355.77
454.76
73.83
459.74
602.2
340.31
687.5
83.39
172.77
654.1
743.31
31.18
522.87
115.77
736.35
732.12
180.88
534.77
628.26
48.2
108.84
798.73
610.03
390.7
255.73
13.31
475.44
447.34
240.54
40.27
40.66
31.41
474.52
577.95
32.99
634.24
787.51
224.61
405.66
547.81
5.99
524.48
212.9
755.95
339.32
280.93
141
264.91
335.82
17.89
716.03
228.46
231
757.31
367.33
520.1
653.11
264.78
543.85
143.93
169.21
293.33
500.34
707.02
414.69
291.6
767.56
538.86
363.84
295.33
147.43
169.91
764.62
302.36
609.99
599.97
205.38
595.86
738.01
481.5
655.36
628.6
56.69
450.42
465.06
362.85
119.27
517.57
11.5
126.28
151.42
152.45
797.35
602.4
109.23
754.66
87.28
702.76
102.22
364.21
728.85
11.04
336.81
380.01
283.42
486.04
581.06
8.49
596.63
714.75
428.44
111.24
179.92
402.72
276.63
793.91
778.03
288.84
793.39
769.21
366.15
618.94
543.39
218.76
455.7
109.2
106.94
729.23
482.06
276.65
175.53
241.53
644.96
479.22
763.41
663.26
431.03
560.56
118.97
548.17
81.38
336.32
423.18
735.7
465.28
364.34
504.9
474.48
420.16
344.33
704.95
754.34
58.01
201.46
529.02
287.44
7.06
201.61
100.24
782.5
394.95
378.41
108.3
101.3
700.13
3.18
10.53
752.82
755.04
257.46
125.47
139.1
683.31
253.38
410.9
738.11
563.66
545.62
609.44
186.7
498.25
681.86
523.61
774.01
31.95
729.51
300.35
317.59
477.74
211.57
37.91
302.26
520.29
97.01
620.08
447.92
39.37
464.74
162.57
346.02
396.07
382.6
577.98
94.08
371.03
723.72
222.33
282.76
489.76
212.43
169.24
182.54
654.59
434.82
38.3
180.63
763.99
558.42
513.26
504.02
142.34
271.1
493.27
200.33
607.38
769.57
611.76
611.06
230.37
656.88
58.23
198.45
541.32
339.57
149.42
45.7
459.53
734.97
521.03
334.44
671.73
351.49
66.21
424.96
704.08
59.12
408.52
521.06
576.93
443.32
723.31
180.63
12.33
539.65
334.94
329.88
301.43
552.39
408.96
594.05
6.02
574.89
310.51
146.05
38.55
533.16
635.1
508.9
150.49
510.41
578.35
436.97
316.55
515.48
666.72
600.23
379.46
561.06
588.19
372.75
470.06
591.99
1.89
523.47
200.9
77.18
664.36
34.65
476.08
727.92
607.01
44.98
318.22
527.54
10.74
227.76
116.14
135.87
21.44
12.2
616.69
39.9
748.09
469.6
652.22
257.07
682.03
448.64
320.23
706.56
667.28
678.41
374.56
25.23
790.38
328.86
744.68
377.88
788.23
69.66
464.9
413
429.39
385.99
317.79
576.25
350.49
185.08
522.76
538.92
184.1
749.1
529.85
460.52
344.47
616.28
623.56
289.12
798.55
281.37
607.75
393.41
116.36
471.2
452.94
363.03
659.32
288.95
235.33
137.44
715.6
738.9
21.99
320.11
310.5
184.66
541.26
601.23
412.86
128.51
521.55
119.89
677.18
269.22
253.35
632.97
735.34
250.7
510.38
540.33
103.26
390.93
494.45
451.52
498.06
733.5
424.26
405.37
45.08
421.33
732.67
476.68
174.28
342.31
454.13
643.12
292.92
309.55
43.48
119.26
708.23
104.5
606.57
586.26
634.28
410.86
336.12
670.34
730.23
396.8
696.95
473.16
328.03
701.52
175.96
3.41
578.26
471.1
117.63
90.69
399.28
624.16
239.67
79.81
238.26
563.49
437.14
82.65
302.78
724.44
351.26
668.75
54.98
733.04
680.95
187.94
500.85
297.59
190.44
67.28
796.65
285.94
713.8
466.73
442.6
92.84
94.29
701.28
352.14
500.96
208.34
428.03
553.56
426.21
451.48
640.25
263.84
435.2
149.26
276.65
589.7
104.52
742.38
426.33
260.04
234.51
731.69
462.5
575.51
539.46
338.11
719.54
759.79
203.42
143.84
320.82
489.27
34.22
97.36
326.7
486.8
30.24
110.21
495.66
338.87
596.31
94.18
38.7
259.01
113.44
133.27
83.64
42.47
231.58
784.13
753.88
365.68
399.6
589.04
667.68
712.51
286.29
628.28
594.48
513.87
278.89
792.85
502.33
387.33
185.87
570.54
150.54
491.34
464.23
360.95
357.6
141.42
157.9
221.1
418.06
28.12
50.32
644.85
768.91
148.71
696.11
314.67
376.5
766.64
717.8
399.29
569.99
298.85
105.77
504.12
134.42
549.35
179.86
661.66
395.52
680.09
473.91
65.92
97.11
241.96
617.54
725.17
192.46
734.25
570.89
436.81
426.22
168.84
699.86
455.26
382.35
128.33
204.73
274.87
75.14
113.13
363.67
423.97
44.48
723.25
89.65
476.82
222.05
446.93
517.46
25.24
154.47
699.48
490.5
444.98
528.78
568.79
491.97
146.2
45.58
632.13
511.75
364.56
147.97
408.21
570.31
394.15
368.24
178.31
754.62
391.52
619.52
614.82
560.01
180.88
0.31
533.94
439.77
437.14
719.84
395.83
339.77
384.4
45.56
710.2
701.29
3.17
200.33
668.62
707.08
43.53
390.79
41.52
98.17
775.38
440.39
494.92
790.4
656.39
115.35
79.32
484.21
5.29
728.85
265.69
206.82
52.09
552.43
572.35
425.17
604.03
554.18
505.99
783.2
795.41
102.37
30.18
452.51
283.31
260.03
272.69
481.56
550.93
39.75
763.26
355.15
633.22
11.3
402.77
102.53
166.68
720.48
239.55
547.98
504.62
191.77
90.34
233.58
654.99
480.12
100.55
636.67
594.44
648.77
510.67
235.96
57.43
700.04
667.43
349.68
556.99
376.92
523.03
598.15
773.68
138.54
796.7
274.96
395.4
207.14
502.99
131.2
726.07
698.46
344.07
406.96
277.32
614.73
188.98
179.42
352.77
426.44
25.35
427.76
556.14
253.72
151.79
778.55
121.19
535.84
451.47
411.83
65.29
650.07
296.92
549.16
86.91
415.75
260.93
701.15
281.13
361.18
68.84
649.74
681.09
603.61
618.08
102.96
226.15
735.08
329.87
398.06
325.92
297.72
338.08
637.49
350.93
702.2
732.66
772.68
656.59
294.16
689.78
12.29
583.83
480.92
693.14
66.6
216
164.97
317.36
458.37
108.15
717.84
217.33
338.94
321.98
34.78
14.2
499.26
516.21
116.88
742.63
149.3
420.68
645.12
565.1
758.52
793.72
500.74
694.63
707.41
672.95
241.65
333.78
785.71
126.89
656.89
756.63
603.75
707.7
260.89
424.51
789.31
660.76
797.16
110.46
149.6
555.36
150.88
351.28
419.58
333.13
33
501.35
226.28
400.15
529.65
607.39
293.97
200.09
438.84
633.07
43.97
412.17
429.31
37.85
493.6
421.15
335.35
255.44
720.59
583.8
75.22
263.26
313.52
571.9
793.34
602.94
1.44
454.04
780.37
191.77
419.79
721.57
327.98
64.01
558.36
637.97
104.16
590.25
92.52
316.05
706.18
34.46
213.82
263.6
144.42
173.8
394.66
266.06
397.18
87.15
54.22
572.66
284.14
72.15
504.76
381.31
419.92
290.76
400.33
361.51
751.35
75.81
242.81
14.12
189.44
681.41
469.57
535.06
6.32
629.97
138.48
178.09
648.93
209.62
130.45
214.75
1.3
122.39
649.87
540.16
677.61
243.92
518.49
552.78
769.84
793.01
120.3
425.53
509.27
218.9
133.41
147.63
340.33
80.95
678.78
18.6
442.51
789.67
85.94
134.3
342.66
752
530.74
320.36
107.04
277.49
300.97
74.64
531.31
674.63
136.05
322.91
157.94
287.73
783.34
720.48
569.97
318.71
551.05
60.16
705.96
109
164.94
208.79
159.82
501.03
191.52
579.12
779.62
746.32
90.02
362.65
82.35
406.1
208.07
709.16
84.15
71.09
596.81
320.56
588.89
695.31
465.21
337.03
494.27
692.38
406.83
769.5
311.77
362.79
427.9
670.98
603.64
101.62
116.34
641.09
309.09
434.35
126.22
85.24
439.03
678.1
398.38
241.09
556.61
618.11
360.18
39.36
461.51
765.97
180.51
625.52
764.46
612.09
207.59
517.73
635.56
474.72
394.62
719.77
242.44
330.68
711.05
556.22
705.24
78.1
172.73
18.75
540.12
603.07
749.83
258.11
273.03
24.61
583.79
83.93
652.34
598.97
159.12
137
425.35
575.62
793.57
223.35
728.57
214.15
176.08
654.46
537.63
621.12
492.13
524
247.25
552.26
143.83
269.06
231.12
321.74
510.14
289.94
522.49
367.02
371.57
776.75
521.82
304.45
160.42
444.41
33.59
365.46
65.42
660.39
395.86
606.95
283.39
107.64
68.67
668.76
147.14
429.16
12.56
648.26
777.5
122.62
386.32
23.84
514.55
103.04
583.97
682.1
80.21
12.44
562.39
52.38
267.79
100.23
743.43
90.38
169.23
186.68
94.83
659.99
87.69
209.88
720.16
382.8
512.97
96.11
283.5
283.76
165.5
657.42
257.39
578.78
588.8
262.92
658.37
171.99
555.35
393.53
299.67
647.49
535.85
618.34
640.02
250.88
178.24
456.81
618.97
350.06
597.08
503.99
443.14
647.81
774.64
318.94
451.77
663.43
362.24
95.01
217.66
777.42
464.8
509.56
28.09
414.62
68.24
168.65
271.54
626.29
513.86
106.77
379.57
210.2
89.68
791.29
562.11
155.47
317.09
309.7
534.96
739.18
791.16
661.41
606.42
648.3
246.27
26.51
691.38
623.79
476.26
636.48
387.22
436.47
590.73
478.58
699.72
147.1
515.55
55.37
304.77
734.3
760.83
186.87
313.07
270.51
567.7
632.22
434.57
317.57
664.88
220.16
746.71
314.36
707.13
760.55
497.23
713.38
11.38
514.42
549.41
650.35
518.76
506.04
283.5
320.13
10.93
668.64
243.09
378.64
404.26
143.71
749.09
430.8
746.99
585.23
760.2
294.12
89.48
753.17
293.21
214.82
193.13
205.84
274.07
423.1
38.23
664.22
179.04
762.67
236.61
373.99
178.2
666.95
711.9
658.96
58.33
711.8
657.35
338.32
6.27
661
480.28
586.67
498.75
303.21
199.11
391.92
369.08
148.17
442.05
503.15
511.83
628.9
242.34
415.08
141.87
759.19
17.32
478.55
383.32
31.4
747.51
396.22
159.65
159.32
704.16
37.38
617.42
674.7
796.16
535.42
450.01
383.43
745.99
647.76
80.12
177.5
288.47
665.16
8.08
150.55
772.8
747.23
69.12
741.63
485.46
756.06
60.83
23.37
449.76
181.04
225.3
256.66
94.71
392.32
54.99
742.23
110.32
37.8
331.74
319.93
353.26
575.37
386.44
626.05
614
257.67
171.46
291.04
773.84
719.53
26.83
462.17
549.61
639.16
27.24
616.31
74.82
114.49
111.42
589.33
80.58
266.94
200.53
102.86
411.48
220.61
735.1
294.34
513.49
219.95
711.52
214.57
591.12
38.84
545.38
237.45
25.68
195.75
788.7
696.13
50.92
390.41
320.87
194.22
636.26
775.42
208.11
269.97
712.13
662.22
724.74
374.4
732.71
630.61
553.96
780.85
142.08
248.44
449
773.47
389.56
395.79
160.84
534.36
540.88
142.7
488.88
411.06
319.55
608.18
673.74
388.4
59.92
206.12
535.7
313.04
292.53
509.37
54.38
589.67
779.85
206.43
159.19
73.57
792.31
233.22
348.31
389.95
768.54
240.48
437.44
595.78
745.5
664.97
488.11
130.87
163.92
193.18
322.48
700.14
33.84
219.22
349.41
693.66
78.3
518.98
73.2
385.1
168
242.31
282.31
308.82
652.21
248.16
597.27
409.04
340.35
599.67
654.67
667.29
576.91
34.07
47.6
223.04
416.93
173.45
525.78
245.56
341.59
216.04
61.85
720.2
724.18
143.38
121.86
538.13
547.68
425.54
732.76
533.43
588.38
221.18
598.68
447.07
560.2
55.38
93.47
111.32
112.93
278.07
430.09
206.67
114.68
482.59
569.12
784.79
82.95
369.12
478.82
689.81
214.4
580.55
732.3
512.58
21.3
54.3
708.58
354.52
206.69
520.52
716.09
360.33
83.26
779.01
694.72
89.26
129.37
445.28
157.09
644.21
347.83
652.5
653.43
186.16
791.63
754.6
172.27
405.91
325.76
219.84
796.59
17.77
505.06
617.79
403.06
143.3
518.27
147.87
95.34
54.14
340.39
659.44
211.5
249.1
454.24
351.4
403.84
47.97
166.29
723.36
1.03
662.6
357.07
56.02
552.56
148.13
128.11
97.37
674.62
407.81
35.83
761.7
392.88
568.93
758.07
65.53
797.07
229.29
113.54
474.73
797.14
751.96
569.53
200.55
660.25
633.58
26.63
752
160.39
680.38
52.4
781.26
171.78
276.07
423.19
537.18
300.93
713.23
162.32
421.13
132.58
668.57
12.64
76.07
591.12
234.35
452.86
288.94
191.72
621.86
323.47
44.31
250.99
738.98
516.45
622.16
677.68
432.73
527.11
784.18
734.83
703.85
389.98
604.04
1.76
464.57
22.61
65.1
555.37
124.9
658.71
733.16
245.3
331.84
276.36
20.82
337.01
424.64
675.15
583.73
65.38
70.33
223.48
137.65
562.52
680.75
9.43
258.53
665.27
110.76
396.15
400.01
474.84
458.8
683.41
764.28
285.11
629.84
284.71
274.18
333.17
737.49
120.65
40.98
112.62
169.37
202.06
594.7
627.71
317.15
775.3
257.94
180.61
154.52
392.96
725.62
726.08
145.62
85.99
110.45
717.63
28.13
231.73
99.04
376.35
363.6
203.15
604.97
699
509.77
67.71
658.73
703.95
388.03
772.88
274.45
510.34
785.05
309.33
149.5
662.38
573.54
86.19
45.14
257.2
29.82
6.98
314.87
175.01
489.77
303.04
139.23
293.11
39.57
617.72
289.66
557.38
698.92
340.1
386.59
697.44
90.66
224.06
795.04
503.09
777.32
456.52
190.99
750.98
501.65
739.07
274.43
110.35
590.22
275.76
115.23
419.44
562.77
40.68
224.07
393.39
267.36
689.42
415.44
765.96
586.72
163.95
462.32
463.13
730.16
766.38
302.54
508.03
408.66
671.63
558.56
337.46
716.93
567.43
248.4
530.09
318.07
229.27
299.63
718.53
303.33
348.15
626.1
681.14
462.97
440.73
557.09
4.11
794.78
57.53
3.31
434.24
298.44
244.97
492.42
633.95
739.52
571.66
655.98
345.42
524.23
293.8
122.2
141.46
630.91
342.83
211.59
10.63
100.45
434.12
498.65
205.19
300.74
344.7
611.44
722.2
331.58
600.41
334.01
769.87
745.5
495.84
622.31
288.66
386.76
141.14
729.07
581.88
134.09
565.66
347.29
427.15
473.32
145.29
247.11
289.88
138.53
686.9
103.4
467.7
656.73
642.19
702.22
505.33
666.65
327.52
288.29
391.91
376.6
554.13
778.56
374.51
686.88
103.43
399.82
75.29
186.14
554.69
184.6
625.5
393.27
578.75
569.14
66.38
20.97
195.57
460.52
634.37
100.78
541.43
61.93
556.39
776.49
130.77
345.76
608.9
665.63
375.41
430.85
580.41
316.77
57.1
135.87
391.48
309.79
689.12
8.03
310.37
622.73
657.9
43.74
601.65
747.76
302.29
517
16.64
160.22
519.78
630.68
328.41
612.39
355.22
225.08
599.05
719.75
31.88
38.97
166.42
60.32
406.57
438.29
572.4
550.5
722.22
581.34
49.19
409.18
167.87
614.49
798.37
232.97
478.68
730.11
316.47
291.72
458.81
105.17
736.95
480.06
380.16
579.69
344.31
15.38
383.13
7.31
351.92
302.87
695.96
541.18
192.35
655.7
530.41
268.87
65.85
118.25
163.97
227.96
251.16
472.63
202.02
266.8
799.66
518.59
200
777.83
203.27
546.76
477.32
29.8
115.1
42.86
331.35
546.22
83.76
796.75
429.89
47.88
791.03
47.95
238.15
150.91
566.07
260.33
194.54
146.37
786.85
249.02
732.39
577.33
55.14
262.03
667.72
472.24
43.09
798.2
459.83
432.76
538.21
45.07
355.08
712.22
469.7
304.77
753.6
187.67
486.5
194.56
719.17
183.13
617.04
302.1
37.72
175.23
539.94
230.71
721.98
691.71
196.4
156.85
2.66
89.08
138.02
278.99
105.73
263.84
662.47
206.54
588.61
143.83
84.94
350.12
259.56
692.49
537.79
187.25
91.31
722.97
639.03
611.03
687.02
728.17
473.62
621.61
607.1
364.77
706.6
220.62
221.26
274.7
637.29
342.05
639.93
639.36
694.7
656.48
781.76
379.33
557.92
397.27
574.19
567.84
646.78
458.97
444.26
4.48
541.48
257.35
721.39
67.06
42.12
681.64
745.15
117.95
463.32
404.2
577.28
9.08
713.67
155.97
786.48
717.9
566.59
445.48
681.73
330.64
53.81
405.36
185.86
280.9
312.98
656.54
707.41
132.63
566.47
184.53
787.59
119.9
623.95
385.87
136.63
326.03
264.24
230.14
396.73
77.71
240.18
698.24
285.23
309.65
299.62
400.67
309.48
684.45
504.69
471.49
597.56
212.24
555.84
64.7
738.17
373.13
599.63
622.24
133.85
659.27
244.28
642.81
294.16
223.96
545.59
152.16
73.44
442.74
700.79
553.29
307.25
360.47
102.12
63.98
624.98
198.17
319.56
569.73
330.49
646.64
271.32
273.23
405.2
333.06
20.44
721.09
265.86
245.93
87.08
159.49
766.68
418.17
731.6
499.66
215.38
549.99
669.27
607.87
715.77
703.67
7.72
496.78
324.87
642.88
491.09
150.06
766.7
86.87
283.8
661.44
740.65
534.91
429.41
73.95
30.01
19.84
242.82
334.35
34.58
690.47
564.71
446.53
67.96
732.7
776.21
466.49
312.47
584.06
215.23
165.87
314.19
741.24
242.42
369.27
481.72
648.08
99.42
287.36
648.36
77.3
142.71
645.36
699.6
85.34
116.92
82.61
93.25
731.64
742.06
163.76
619.13
502.95
502.9
512.04
50
569.12
773.74
720.86
173.15
787.25
531.94
404.31
133.94
357.59
332.93
422.93
154.67
347.98
188.76
369.39
726.28
281.72
592.56
71.67
472.76
354.81
665.35
196
140.05
553.9
6.56
741.21
660.09
304.97
161.26
661.12
227.75
352.59
334.77
745.13
116.54
247.81
410.84
351.2
138.83
257.98
713.92
77.47
244.62
582.44
220.05
371.25
183.69
75.18
284.78
252.43
40.6
311.57
352.07
793.19
777.57
333.4
159.8
188.28
198.94
102.12
635.68
105.98
95.78
222.34
115.66
53.15
233.79
278.28
144.09
748.41
179.96
347.95
17.23
300.57
635.25
692.56
632.66
27.38
31.37
655.35
26.43
246.54
157.34
343.37
655
255.17
702.2
321.51
766.33
657.38
585.93
452.72
527.05
519.84
725.85
74.01
194.06
618.23
484.31
122.82
757.54
54.01
568.6
396.19
283.85
481.65
90.47
41.76
390.73
229.51
683.62
100.54
603.48
253.62
386.51
87.18
474.48
554.55
279.18
354.77
227.65
720.7
419.08
450.52
184.3
21.24
200.84
601.02
16.24
442.71
523.94
595.43
783.84
733.18
734.93
370.33
84.35
85.54
291.06
118.45
495.22
679.39
680.77
474.25
736.62
25.64
391.62
766.49
57.83
375.8
622.51
323.14
427.49
32.65
746.65
347.6
186.82
445.64
757.74
475.86
635.66
616.19
600.38
624.86
565.76
350.7
26.26
568.08
611.74
17.94
639.8
791.99
568.52
722.85
245.53
2.22
100.58
639.7
202.26
372.03
403.9
530.85
66.95
436
633.42
591.84
419.45
521.17
306.87
702.96
337.45
704.07
552.06
245.73
432.51
455.02
783.99
782.98
366.69
451.76
705.53
446.82
14.46
456.9
760.1
10.13
544.24
193.05
452.76
791.6
645.1
83
521.53
682.87
268.6
449.71
219.02
588.38
209.41
725.44
372.71
332.38
44.27
470.42
781.68
344.54
790.22
566.1
27.44
701.33
158.97
647.27
760.06
553.17
757.32
64.51
559.61
371.01
203.32
4.21
109.72
778.36
402.32
737.69
592.3
237.88
270.67
272.28
328.6
788.91
486.45
601.75
394.21
753.73
150.3
210.89
374.43
173.76
144.58
318.79
378.6
579.47
489.07
452.6
686.38
733.49
619.18
262.42
704.91
21.32
718.47
473.81
39.55
641.9
670.17
299.42
364.36
131.88
202.88
558.35
446.98
503.22
679.77
461.63
578.92
466.14
544.84
631.03
728.96
364.08
748.22
695.23
582.05
570.15
734.99
640.04
613.37
522.31
195.57
346.59
501.51
748.48
521.15
763.13
509.23
209.1
553.39
634.73
311.93
764.88
36.51
192.82
742.28
748.96
572.25
504.97
638.19
680.14
650.93
543.49
40.53
403.97
150.15
575.04
49.02
459.76
176.12
500.83
397.68
388.88
589.54
65.08
135.17
525.39
246.68
691.02
315.58
152.08
90.45
367.85
646.24
659.81
480.9
439.13
375.76
433.15
643.39
611.71
143.21
699.94
677.4
685.61
530.85
1.83
326.34
251.37
511.78
201.16
592.39
552.36
661.41
787.8
652.25
580.51
418.37
220.48
297.88
280.49
263.2
243.82
24.63
421.17
410.36
726.13
347.93
662.12
97.48
6.33
375.87
564.28
229.19
349.63
407.05
417.11
577.59
371.63
42.95
719.79
316.6
638.17
284.16
301.74
96.21
746
798.57
623.4
527
402.62
157.68
555.55
484.8
654.15
99.87
250.24
205.3
522.21
424.92
504.71
284.27
229.66
183.3
538.48
754.1
692.81
581.29
430.61
745.15
637.71
642.85
637.87
56.93
130.06
599.94
12.89
590.12
531.69
91.59
230.47
762.66
127.55
424.93
550.12
153.39
526.25
2.23
443.88
247.83
427.89
147.03
787.58
136.2
18.47
673.24
770.98
424.3
122.62
721.89
156.14
648.03
573.83
656.44
405.11
114.83
566.21
597.13
637.64
376.46
450.35
197.45
378.84
624.99
573.7
399.05
701.67
251.78
500.56
699.25
126.34
366.97
12.12
172.54
465.04
554.01
745.59
254.65
504.44
31.78
495.44
718.23
51.71
258.96
127.98
775.92
286.96
305.92
771.87
11.03
260.15
537.53
201.62
633.42
62.89
372.75
527.25
710.86
484.03
6.21
352.4
274.67
88.79
534.3
302.61
750.29
356.01
104.18
623.79
231.28
490.56
575.57
398.93
32.09
673.11
80.34
47.74
244.32
132.61
714.31
249.96
587.94
367.22
620.11
396.43
602.65
166.52
44.6
336.25
388.87
128.63
12.18
140.93
312.5
621.43
407.78
182.64
490.39
614.9
671.55
785.18
598.27
344.44
359.72
438.26
615.43
173
596.44
300.17
555.2
246.72
698.9
594.59
131.81
362.75
686
629.01
506.48
255.45
529.63
419.67
660.06
273.62
448.34
377.75
380.35
570.29
524.07
624.82
392.15
696.91
250.42
735.21
336.09
353.99
243.36
348.08
712.6
577.17
402.41
47.48
632.19
333.04
344.38
754.46
254.86
254.03
580.19
356.78
509.76
217.14
361.75
633.4
237.56
99.78
689.32
61.62
336.82
435.95
543.05
635.76
492.7
719.65
116.33
468.62
41.54
738.61
486.98
259.65
301.99
6.33
576.87
114.39
409.78
73.68
23.67
300.55
591.25
167.65
662.66
373.01
710.02
201.75
703.08
546.27
399.21
387.39
372.63
302.71
613.45
733.72
450.05
98.96
666.44
220
591.99
732.51
203.71
786.86
505.24
705.73
301
626.83
381.59
482.44
133.52
193.57
652.39
245.17
28.69
111.5
635.57
574.78
316.24
180.84
764.42
356.96
710.11
577.91
664.98
654.8
447.66
226.4
336.99
661.64
700.47
326.64
366.06
669.99
152.2
223.86
193.5
301.06
435.72
18.45
756.58
178.96
181.36
19.86
292.54
518.22
619.55
95.3
592.14
734.13
719.75
612.14
454.24
545.48
255.78
377.82
532.98
331.15
420.6
39.86
72.54
731.14
197.56
44.4
460.43
91.57
337.46
798.7
381.85
402.4
180.15
738.33
378.05
690.44
74.84
463.39
430.31
428.73
180.8
91.17
335.47
630.09
520.37
409.8
667.06
143.25
41.4
256.69
723.91
448.02
295.02
197.02
340.76
70.52
471.97
32.82
475.8
745.56
576.12
717.13
39.03
176.52
770.54
428.47
238.78
229.1
288.73
471.28
256.45
132.65
218.32
1.98
205.55
531.8
460.57
109.39
115.23
755.9
726.95
534.14
6.98
124.26
145.08
301.1
471.6
197.97
579.88
216.57
73.56
100.34
265.51
743.52
119.88
92.27
371.08
322.16
375.41
652.03
96.93
616.07
358.81
435.87
619.91
482.28
766.65
246.76
273.87
200.77
133.08
794.26
168.03
104.08
377.17
464.37
428.97
235.39
689.88
729.45
626.14
486.34
685.22
612.72
460.88
119.08
141.43
124.19
201.55
15.96
283.5
453.38
395.1
480.23
126.56
339.41
301.99
576.3
220.27
775.16
72.93
27.12
783.43
574.2
763.96
6.55
625.11
7.29
505.48
745.68
684.9
392.83
0.45
734.76
302.27
416.89
80.41
413.72
147.72
50.96
87.86
732.35
682.61
667.78
716.67
179.07
584.93
359.29
772.73
505.05
62.62
624.8
519.39
75.01
623.32
2.71
193.81
493.47
190.39
542.42
525.19
144.54
341.8
696.74
742.97
416.42
769.44
339.13
82.01
254.27
426.63
388.13
244.05
492.26
366.96
282.89
421.81
588.24
647.85
743.3
337.13
632.97
533.31
433.47
612.32
747.74
275.57
556.32
91.08
432.49
454.81
684.62
592.78
659.85
311.9
7.8
641.92
63.91
666.5
136.56
469.63
358.72
511.35
681.08
172.24
799.13
322.92
552.96
469.68
689
365.7
425.46
685.81
717.69
654.46
87.86
611.37
135.7
242.44
301.99
231.01
153.38
238.45
283.08
672.35
193.91
699.92
269.25
690.79
585.81
447.53
390.63
491.64
210.51
681.43
665.12
594.77
383.54
365.14
661.36
378.68
247.15
147.41
341.61
499.19
46.56
702.45
458.29
198.21
451.25
638.98
687.07
690.82
393.95
12.82
17.1
701.33
689.13
82.59
419.23
758.14
43.99
498.29
145.74
455.83
296
486.22
543.78
615.8
75.27
187.15
74.09
82.77
235.61
383.42
69.3
153.17
564.74
518.55
788.91
90.07
237.16
633.82
394.85
204.01
342.83
200.02
688.55
604.38
42.21
350.89
172.84
265.04
452.57
431.93
621.03
596.7
614.95
97.59
196.74
584.4
175.46
354.17
347.69
119.97
583.98
279.99
704.77
776.9
665.02
611.6
363.75
225.45
328.81
273.7
528.97
103.78
702.89
366.64
560.59
115.66
738.98
439.84
644.2
524.9
495.31
213.1
363.13
303.18
297.47
404.13
563.92
141.71
362.3
385.37
462.26
86.26
212.5
765.26
300.38
522.57
39.05
649.73
197.86
332.11
400.62
622.28
752.61
399.87
405.31
535.19
371.63
155.76
552.36
365.15
136.32
450.19
122.24
355.13
546.5
596.67
400.75
439.4
770.67
71.59
685.51
408.08
144.92
409.57
466.14
564.64
497.9
605.64
647.07
233.71
602.34
457.05
525.48
736.69
150.91
577.07
586.33
459.62
15.6
509.46
229.99
119.4
452
376.73
118.75
578.54
681.78
37.96
520.64
738.89
251.75
181.84
129.58
745.11
270.59
458.9
723.22
705.81
517.82
339.37
709.2
166.69
699.7
197.7
467.86
537.7
502.19
477.87
658.92
646.42
611.09
77.7
230.93
763.73
503.72
264.91
672.61
573.67
524.07
603.54
794
738.38
36.03
546.8
528.88
709.63
420.69
352.02
19.67
464.56
787.72
86.97
773.34
679.94
715.89
326.45
452.7
567.67
576.85
28.39
706.97
726
68.79
199.49
655.66
13.05
702.98
375.59
571.96
58.63
184.71
99.17
527.19
448.02
10.17
133.68
247.55
497.2
543.77
737.31
304.11
111.46
451.78
397.55
376.62
499.78
532.43
492.09
541.67
155.23
258.09
218.36
401.22
532.03
661.95
475.41
523.75
703.45
416.09
73.76
343.18
67.66
638.61
386.93
67.75
765.97
426.98
239.7
465.22
421.5
128.03
77.08
552.97
796.84
230.54
284.46
578.98
114.43
654.68
731.51
764.32
453.32
180.88
34.46
59.45
435.49
257.56
125.08
764.67
410.04
241.72
691.2
761.1
262.36
265.29
785.94
363.77
636.49
246.87
217.61
638.47
762.92
207
383.8
374.59
312.53
643.66
778.63
87.58
457.63
159.6
125.15
782.96
559.94
464.34
334.76
286.87
72.16
268.08
696.34
713.18
262.31
595.68
608.8
174.39
496.57
36.5
595.75
379.93
48.6
484.26
152.7
30.09
322.73
208.45
461.22
285.07
473.69
779.84
447.35
532.46
398.97
440.65
795.06
707.45
429.19
620.46
229.93
558.49
219.6
560.67
610.26
192.35
330.75
663.55
728.34
2
563.56
226.62
590.11
106.69
630.72
720.12
588.98
480.25
284.38
490.18
587.51
370.68
268.04
670.46
96.23
182.79
198.72
489.28
602
723.7
202.67
267.91
785.68
686.88
131.04
535.98
244.74
575.85
460.12
96.98
307.37
157.85
754.55
760.68
672.85
48.24
756.71
232.91
774.75
359.74
635.47
552.28
263.37
151.52
273.07
720.44
441.9
538.07
70
141.68
770.32
604.14
350.42
705.03
638.93
78.21
17.11
39.72
163.2
455.6
87.84
676.7
164.07
70.38
226.44
770.63
651.16
111.89
622.5
542.67
20.2
102.9
217.71
377.04
16.68
129.98
644.61
521.12
781.07
303.23
434.65
162.96
176.02
659.15
353.92
369.06
251.11
531.87
663.97
179.59
273.5
40.2
165.85
611.68
324.6
166.06
744.16
532.26
199.52
102.3
375
382.76
766.7
594.86
552.57
111.03
388.46
599
247.12
145.9
733.77
290.53
535.65
577.47
469.72
522.1
103.16
617.37
261.99
608.04
311.28
12.65
778.56
195.93
612.1
97.93
485.6
770.84
662.7
413.62
520.33
183.11
202.99
731.35
757.29
277.61
472.26
199.12
709.86
4.35
180.59
634.91
778.29
270.67
49.68
459.23
579.09
601.47
261.12
717.08
176.1
65.49
770.9
791.96
69.75
392.9
297.1
685.43
587.48
391.77
42.43
354.93
66.22
268.22
413.35
508.45
414.71
340.43
299.05
409.48
279.96
791.16
512.77
103.74
191.96
301.21
631.08
289.42
775.53
77.72
648.36
290.4
99.77
184.31
56.94
444.97
520.99
276.8
260.02
357.56
544.78
90.1
727.49
65.78
554.06
483.19
667.21
57.39
599.81
720.97
281.89
671.2
144.43
265.93
712.37
148.36
136.43
365.97
610.55
668.11
446.15
502.22
780.99
306.59
242.62
607.62
773.81
311.12
339.91
532.72
252.01
32.9
106.76
207.26
737.25
445.11
242.71
563.7
556.5
436.82
678.34
281.37
371.55
93.12
288.57
314.32
564.91
289.95
318.43
311.29
40.38
155.74
508.16
174.97
143.89
293.51
31.99
510.66
706.07
144.84
351.11
786.24
792.2
346.56
257.56
688.63
395.99
665.83
126.05
115.84
29.28
533.46
288.09
485.35
200.82
505.27
448.53
221.07
323
704.59
412.35
487.09
120.09
18.48
618.76
12.11
509.3
320.93
329.17
310.21
643.48
631.43
154.76
98.72
412.32
711.26
573.84
172.47
711.71
602.3
743.13
507.54
51.98
83.48
424.46
631.16
275.04
198.96
72.15
378.72
589.25
493.11
28.77
294.53
218.97
98.7
174.55
191.4
600.47
441.65
499.56
490.71
396.65
271.8
690.01
529.06
674
411.57
566.87
372.5
23.42
461.69
581.95
467.52
716.74
298.02
485.2
319.21
467.49
673.35
305.63
336.4
302
775.23
772.27
197.51
324.4
204.25
503.01
608.97
181.85
174.35
555.93
716
532.66
562.56
137.64
276.54
481.14
783.47
559.06
655.53
790.87
20.09
785.3
579.04
248.42
150.45
235.54
681.64
571.15
751.13
192.36
8.62
64.98
558.63
156.34
182.37
367.99
20.26
184.63
213.46
157.12
747.98
343.37
399.39
273.68
58.57
480.68
787.02
229.11
370.77
296.87
252.26
160.07
602.81
534.21
283.73
594.77
453.81
771.99
598.24
449.56
783.73
709.63
363.06
186.31
570.89
476.38
797.46
367.3
91.67
63.47
501.08
144.17
125.18
328.08
483.17
687.66
705.26
121.49
430.28
164.23
453.22
283.76
347.74
17.19
92.83
190.35
760.85
370.52
139.33
640.96
53.02
444.52
704.34
549.74
611.85
129.43
700.87
196.58
194.57
384.99
653.32
272.3
532.58
479.56
389.8
41.58
641.93
434.53
121.57
687.67
409.57
98.03
509.86
229.94
564.33
622.58
358.7
216.72
449.13
108.08
485.13
41.48
653.57
151.54
118.34
473.18
434.34
449.52
288.8
60.49
169.39
595.24
168.94
583.46
510.06
257.54
204.15
4.11
512.74
631.14
104.67
591.42
355
210.55
500.14
494.98
204.93
249.81
93.3
31.3
190.37
331.14
392.6
668.87
262.11
738.62
265.09
716.44
435.31
455.96
149.9
144.12
779.78
656.66
333.47
319.14
789.6
456.3
730.26
29.99
558.96
347.42
610.84
144.15
646.95
473.55
164.56
590.34
744
688.49
568.55
670.48
501.57
659.78
295.29
794.27
413.55
111.02
439.76
402.85
752.33
105.74
251.29
489.76
316.71
24.39
627.73
642.75
78.98
714.43
549.04
185.49
438.87
324.03
463.67
179.31
326.11
590.39
62.38
647.19
513.62
284.54
474.72
327.98
686.34
792.62
543.27
129.14
377.19
465.78
114.66
172.43
307.62
623.22
139.46
725.68
258.04
490.07
618.93
748.75
747.58
34.95
387.81
207.56
623.47
312.43
462.83
402.84
237.15
305.27
0.25
196.6
589.38
53.43
29.29
531.32
31.87
353.14
52.9
575.18
653.52
289.79
773.77
405.75
667.93
381.45
205.06
720.67
703.83
443.04
632.16
302.03
365.9
640.7
571.52
492.64
317.03
655.99
103.51
483.35
669.53
739.58
424.08
34.57
476.56
191.91
155.37
336.03
586.82
757.04
681.09
481.37
67.64
367.76
274.61
697.32
232.27
576.18
95.31
420.54
744.02
453
769.1
727.56
475.89
328.59
480.85
44.93
542.52
585.8
456.93
21.64
228.75
444.01
323.49
680.65
664.17
352.53
570.69
109.84
49.07
272.2
115.98
35.89
559.25
428.26
422.27
678.32
334.69
433.18
44.1
22.63
450.71
108.69
533.82
394.44
107.16
315.8
46.75
296.26
538.5
417.63
78.51
731.81
500.74
526.78
750.32
621.53
781.53
12.78
556.12
409.25
413.07
119.47
563.7
566.43
558.19
183.9
776.5
633.93
734.48
419.65
5.04
21.56
596.27
676.28
712.77
30.51
32.34
13.9
612.59
638.31
641.85
380.91
729.15
60.75
758.12
219.13
416.08
368.15
758.02
734.49
0.17
244.01
629.25
246.79
253
647.72
610.52
344.89
593
176.04
602.68
495
683.63
23.59
586.55
745.5
384.21
582.87
5.2
772.06
440.61
483.78
67.58
280.28
410.84
69.99
7.48
271.77
112.05
716.65
328.8
405.78
763.99
168.94
141.33
789.83
9.65
266.12
552.82
623.68
424.54
114.37
388.06
300.01
634.27
609.6
717.96
433.77
11.52
749.51
380.53
495.76
361.44
590.36
118.71
770.86
337.46
331.36
672.44
379.91
487.09
50.37
317.49
485.42
553.13
447.18
436.33
755.46
792.49
66.46
466.26
207.99
204.33
221.99
111.53
773.21
524.56
159.99
751.43
203.19
267.37
452.3
324.1
133.7
65.09
591.08
741.89
775.23
686.34
192.69
206.71
393.56
5.9
1.42
341.01
630.38
623.81
289.07
331.75
143.07
45.46
754.6
317.69
157.45
482.71
331.85
379.68
3.3
790.97
450.23
576.78
66.46
6.2
550.43
89.72
235.51
499.25
38.14
59.52
782.39
238.38
349.29
238.23
670.2
188.72
95.51
660.97
283.1
414.62
272.85
561.91
777.86
11.74
719.63
209.97
612.2
524.46
170.97
369.59
545.28
792.73
571.62
466.41
442.57
217.21
267.13
650.65
188.1
488.19
471.71
791.93
674.07
699.34
577.52
429
428.8
364.41
755.48
145.4
304.64
516.43
408.82
46.78
186.97
287.64
74.84
255.44
363.49
68.08
384.36
20.78
519.77
297.63
339.06
386.53
606.89
64.98
55.7
662.38
351.12
558.27
395.25
540.05
412.87
731.88
627.38
152.52
661.37
785.93
571.6
368.14
765.49
758.99
262.2
204.99
527.07
797.27
412.56
56.77
467.71
28.74
445.59
206.29
400.07
563.35
690.73
55.15
449.65
342.56
577.24
774.84
358.85
541.7
284.69
162.29
373.38
186.59
375.53
176.88
708.63
148.92
308.51
631.73
97.88
24.98
220.35
493.29
459.14
572.47
324.51
44.53
291.54
149.86
431.2
212.01
632.7
252.61
666.15
413
445.34
357.67
484.21
168.26
406.36
115.85
154.53
25.98
459.56
6.28
5.57
292.06
209.05
56.43
511.44
95.04
554.6
224.65
299.94
624.13
20.09
684.62
597.71
339.4
408.3
657.97
389.63
593.9
99.71
416.48
204.59
194.28
794.24
713.27
85.03
247.6
210.66
280.67
773.38
505.43
115.53
470.39
664.93
364.31
770.27
559.38
418.31
638.38
544.18
763.53
675.78
14.81
187.43
373.31
134.32
148.89
186.42
264.37
263.86
276.05
719.26
537.45
352.04
323.84
237.6
559.27
708.29
453.34
4.2
415.82
475.57
646.32
351.68
477.71
94.61
26.88
139.58
565.68
315.96
432.89
449.97
667.94
611.6
621.68
42.45
400.87
747.26
590.98
336.48
466.27
443.49
149.61
432.2
14.28
324.76
13.51
463.01
293.29
384.64
698.47
267.85
700.56
237.88
37.49
728.64
313.61
562.99
475.1
349.41
120.91
503.96
361.05
88.57
473.21
67.22
185.77
650.38
158.36
510.19
435.29
320.81
458.44
528.88
244.2
516.8
112.88
250.05
596.74
543.74
309.18
179.85
258.16
365.38
404.13
795.19
577.54
723.37
512.14
474.43
536.35
269.08
461.28
1.22
31.58
691.68
243.59
32.54
478.92
574.57
331.8
735.17
600.31
617.57
594.86
325.03
710.97
393.31
491.9
367.45
62.42
381.55
404.75
475.17
172.95
750.23
543.69
786.44
567.88
571.19
799.1
475.81
230.17
94.33
492.57
192.66
748.07
129.74
543.26
408.15
374.39
20.36
485.2
163.51
731.64
671.53
542.83
594.42
57.76
700.43
770.07
125.92
453.89
28.95
19.56
365.42
333.61
54.25
755.83
51.7
52.9
508.6
296.6
530.81
690.02
634.06
772.45
221.7
91.82
224.58
647.58
547
24.5
612.3
581.1
562.11
764.29
312.97
6.41
412.98
148.61
494.74
27.24
5.57
714.6
90.69
380.45
626.39
729.14
511.88
720.67
10.55
158.3
251.27
10.68
723.8
69.17
655.9
22.06
773.52
37.8
681.79
486.4
717.57
637.07
759.52
329.7
312.76
545.51
298.39
467.46
625.55
338.74
39.27
701.37
396.88
655.12
442.08
270.97
83.62
372.64
343.39
144.19
163.19
497.43
684.87
63.46
217.63
310.93
790.21
12.27
53.56
320.31
555.57
562.13
629.2
211.42
719.67
285.18
668.87
684.56
5.89
540.3
630.86
514.24
151.41
573.99
163.15
621.06
49.81
644.11
632.69
756.59
199.47
798.89
318.8
488.2
335.15
438.41
276.72
798.37
322
790.78
458.41
394.44
757.41
327.39
174.06
548.82
476.76
130.51
775.96
325.14
26.71
663.74
186.18
247.59
23.68
656.93
90.62
571.13
463.69
205.15
88.25
607.6
681.12
393.77
661.59
714.72
183.78
543.36
474.16
672.57
616.45
691.05
412.44
517.04
627.84
197.55
202.05
563.52
421.69
453.54
315.75
765.15
320.32
370.96
50.31
302.88
350.46
272.96
795.51
343
0.93
639.4
768.25
789.62
260.3
389.99
305.4
625.25
504.05
51.84
788.02
91.03
426.71
16.45
697.11
222.32
484.82
132.14
367.26
371.85
765.09
254.84
530.67
210.5
192.51
729.32
261.41
697.39
84.74
531.95
661.97
220.68
283.51
408.42
658.36
0.31
678.02
254.29
518.39
115.25
656.21
166.85
169.83
661
416.11
458.86
794.63
65.34
770.47
355.29
514.17
251.83
268.72
478.77
610.08
595.04
128.3
315.94
344.52
188.52
547.63
648.62
504.28
175.26
673.52
575.37
522.64
223.55
613.73
436.53
482.85
384.07
786.7
419.76
340.1
6.58
494.13
357.61
262.45
755.41
589.21
245.68
247.6
494.16
525.76
528.68
387.44
500.12
643.86
314.36
382.61
276.72
534.25
779.01
244.85
304.14
119.55
277.34
478.06
600.21
550.07
724.54
463.74
365.58
620.95
268.7
709.65
484.21
248.26
335.65
499.11
761.77
216.26
340.52
287.63
465.94
174.22
797.75
348.83
382.78
662.21
331.17
326.56
203.48
587.24
715.44
415.31
751.23
428.95
135.03
273.66
407.78
663.78
66
221.48
311.05
157.72
170.09
423.83
449.51
604.34
376.13
54.61
332.64
16.6
405.25
697.67
100.07
582.37
132.4
513.83
84.55
338.35
48.39
563.9
579.07
384.16
761.82
39.09
492.1
608.42
741.88
134.15
172.39
753.6
321.06
789.91
167.75
556.13
421.55
709.85
377.51
449.33
610.36
21.01
28.67
117.29
69.6
644.03
127.77
555.39
163.06
484.92
42.52
637.95
694
402.75
119.78
283.69
231.39
219.88
125.06
404.96
724.97
759.75
549.21
756.97
127.28
562.85
706.1
89.51
22.68
455.86
269.63
467.36
108.75
690.24
378.15
669.21
777.38
340.3
296.67
535.31
780.01
337.42
278.3
69.71
629.43
390.45
222.67
734.16
453.29
103.53
424.35
172.67
324.14
69.69
6.29
532.28
491.46
304.55
205.77
475.98
168.88
12.87
322.83
91.42
607.49
567.84
715.15
189.05
14.15
145.24
587.41
134.01
652.29
283.16
557.49
735.13
779.43
229.99
633.26
704.69
128.16
526.58
606.18
230.66
516.32
136.4
239.91
662.59
698.57
223.46
733.39
358.17
430.27
472.37
674.16
512.83
365.7
430.86
683.24
123.07
480.63
414.89
525.96
255.9
741.68
676.26
568.13
580.68
685.31
349.04
603.78
754.41
351.97
345.25
6.62
71.09
46.37
713.32
233.33
788.51
636.48
23.82
703.45
694.06
279.66
409.02
67.31
70.49
49.52
37.59
157.74
767.62
399.29
192.49
528.8
606.15
670.56
780
138.28
649.75
174.09
437.88
291.71
339.02
590.96
745.18
83.66
46.25
609.34
38.58
563.42
316.82
567.08
88.48
212.81
37.69
391.73
427.44
122.34
453.75
29.13
790.17
98.43
640.94
24.16
659.62
194.57
418.08
30.31
489.1
586.23
747.99
93.81
221.86
787.87
194.77
490.87
203.25
696.66
201.92
281.95
496.87
550.97
382.34
690.49
262.58
97.16
528.06
500.57
320.43
759.7
223.88
733.85
611.99
197.21
672.19
225.94
730.24
242.97
257.58
542.91
272.09
345.97
325.49
762.1
559.38
351.22
484.05
51.06
208.43
720.03
116.28
289.11
712.85
208.2
389.54
465.41
281.65
462.45
370.46
548.65
496.01
529.4
680.32
302.57
350.03
176.06
595.05
563.99
332.82
575.19
169.41
767.31
406.16
156.47
439.68
456.68
111.38
101.61
545.58
488.03
666.31
605.45
760.79
601.97
730.47
489.63
458.62
556.35
171.89
341.22
238.56
604.57
742.16
321.77
182.5
370.43
717.23
380.39
36.22
750.62
107.24
88.22
385.27
751.99
217.99
723.46
476.44
15.87
445.27
429.17
173.66
459.28
429
746.93
398.67
789.77
160.96
607.2
729.82
76.4
555.82
691.57
555.37
281.82
121.18
253.17
159.21
561.43
628.4
239.89
542.79
72.31
616.13
636.3
67.56
222.95
233.8
573.84
216.13
78.36
27.44
118.62
479.7
554.23
196.64
634.84
481.18
715.58
356.09
696.47
257.93
773.37
183.01
515.61
4.07
240.7
594.74
513.76
334.25
66.34
465.11
674.89
793.34
629.96
494.84
226.03
141.87
47.68
608.73
516.29
607.7
193.6
179.53
334.07
218.22
362.97
215.16
287.7
168.57
299
747.51
566.86
144.57
555.17
460.34
419.78
449.37
612.52
490.28
341.98
584.05
439.79
359.1
534.29
339.66
510.52
657.29
793.47
156.84
295.51
17.38
329.57
545.8
361.56
577.85
148.69
303.73
34.39
207.78
377.68
141.67
635.06
31.56
693.01
618.44
71.99
679.19
559.42
378.33
602.98
672.81
444.35
130.92
137.81
474.66
666.27
220.36
437.84
345.05
102.59
512.89
417.37
335.15
594.21
645.64
788.13
608.84
189.56
369.4
660.49
782.29
3.8
542.24
710.16
792.83
260.46
391.45
613.97
141.64
128.94
759.6
512.62
265.38
537.29
205.75
443.33
446.77
666.73
206.77
715.5
497.33
225.2
595.95
697.86
54.95
261.06
70.02
228.15
168.05
755.05
347.55
275.46
15.42
575.2
383.33
784.6
686.41
527.91
542.28
696.31
461.52
42.78
29.04
665.93
185.84
431.09
746.8
472.34
510.32
675.55
787.89
556.06
205.56
222.12
728.1
596.89
725.72
14.31
636.76
97.3
709.49
584.36
721.57
161.59
524.77
281.79
157.68
198.45
173.54
46.78
162.06
75.45
680.39
252.57
78.54
122.11
706.41
456.71
104.63
621.99
741.14
475.73
146.79
396.09
97.93
639.99
483.16
701.15
92.44
762.4
69.19
288.44
398.97
200.84
191.61
118.73
253.45
70.08
182.98
703.4
798.06
214.33
716.16
501.81
0.33
687.52
64.2
296.1
722.81
445.91
365.07
450.21
271.79
21.53
446.14
751.18
312.62
5.19
616.56
425.87
390.43
4.04
7.49
366.18
295.26
216.62
477.51
589.22
352.42
746.27
250.35
635.3
208.49
781.84
258.23
349.2
731.3
134.55
189.52
83.36
603.19
309.1
697.13
364.24
361.04
270.17
58.4
305.47
299.33
430.95
210.22
397.7
328
594.21
727.07
147.52
341.8
124.39
486.41
620.23
654.34
401.81
772.88
697.77
617.16
799.85
435.96
753.27
13.14
702.66
351.29
360.07
82.84
141.83
744.44
408.3
773.95
768.73
388.53
286.1
781.01
343.34
283.25
10.76
299.02
149.12
690.05
328.76
269.65
732.32
70.41
174.36
283.93
464.31
314.49
165
145.59
348.64
348.28
433.25
683.48
575.25
212.97
661.09
235.81
758.43
279.79
355.17
337.93
537.05
252.45
717.35
73.07
176.17
299.38
66.97
96.99
370.42
439.79
593.74
295.74
339.24
89.28
548.12
5.89
352.77
361.44
430.38
401.14
289.34
53.3
141.35
591.21
107.56
478.66
331.51
386.91
337.1
363.98
541.51
627.1
83.84
194
223.97
605.21
366.03
194.65
263.15
482.33
692.77
367.09
455.4
151.23
487.9
462.27
693.62
775.19
175.23
493.52
721.42
600.24
792
264.32
551.15
244.66
705.14
544.33
743.98
600.67
548.39
85.71
248.78
472.83
533.76
562.93
423.42
156.22
686.77
702.71
486.09
352.85
587.59
550.84
124.03
333.85
698.91
793.05
33.52
435.9
657.47
376.49
170.45
701.36
712.42
475.06
444.38
612.81
216.09
588.18
557.11
228.65
579.92
589.15
308.78
240.7
144.86
276.58
170.55
445.21
412.8
725.79
762.45
423.78
228.97
183.24
669.45
414.32
322.89
124.38
793.04
1.58
614.21
11.75
655.06
364.58
732.79
641.01
631.08
680.15
774.58
750.44
469.23
151.22
512.21
270.61
134.39
794.65
414.1
779.63
376.56
391.63
270.76
35.58
65.31
407.62
778.53
418.94
29.23
190.14
501.6
337.73
469.15
711.67
487.78
147.82
515.9
281.06
597.03
794.68
770.1
668.79
208.19
710.44
620.23
62.95
760.2
252.54
226.03
606.31
773.96
745.27
744.37
529.42
718.18
69.78
462.76
629.28
684.58
649.59
212.23
596.64
627.83
320.32
448.8
225.73
558.6
757.16
422.08
45.22
316.62
300.26
639.9
65.35
705.51
783.81
709.37
335.43
636.64
513.52
733
388.38
83.73
342.24
530.08
428.52
101.83
594.74
370.92
117.96
584.97
655.05
685.92
453.19
310.88
310.77
703.65
392.98
218.3
20.54
288.91
726.06
170.88
351.51
546.92
232.18
663.94
368.99
240.24
564.1
472.73
307.9
245.29
215.05
141.81
686.38
385.37
10.77
564.58
720.13
284.28
180.61
485.64
298.63
438.13
322.83
674.25
479.45
559.43
24.89
766.91
230.36
528.04
150.15
695.02
306.06
87.36
131.01
296.37
147.58
226.09
763.27
622.44
494.26
76.09
355.58
359.07
799.13
65.04
492.67
230.09
795.55
580.85
456.94
793.69
622.22
704.93
112.58
153.41
594.59
703.85
185.92
59.94
758.67
451.07
250
132.34
142.05
633.72
492.68
571.53
164.7
362.14
567.55
578.64
368.58
339.08
411.46
4.03
20.68
448.62
482.84
80.07
581.42
464.62
158.2
515.42
277.33
711.53
520.81
136.77
36.74
277.33
598.99
80.44
721.69
142.83
140.06
5.97
292.2
764.28
275.35
388.29
19.55
727.36
679.16
198.86
19.45
637.3
773.95
6.46
740.39
138.51
666.28
70.43
181.06
97.79
380.99
728.83
225.12
491.47
147.38
520.1
414.09
347.72
590.41
69.86
440.92
107.08
545.06
518.6
340.47
732.74
436.67
221.94
313.66
395.02
332.51
620.77
679.68
501.56
503.49
215.1
174.36
767.08
528.8
293.08
201.85
665.82
742.55
559.66
22.36
64.34
142.43
259.91
245.13
700.38
123.99
740.19
384.61
402.29
424.65
685.57
450.45
378.83
725.19
301.35
440.09
543.53
96.59
643.99
49.92
60.22
141.83
721.82
109.17
682.69
194.01
553.64
551.37
93.21
571.2
311.17
214.6 /

COPY
	PERMX PERMY  /
	PERMX PERMZ  /
/
MULTIPLY
	PERMZ 0.01 /
/
