---------------------------------
-- Permability values for SPE9 --
---------------------------------

-- Permeability distribution visualized in figure 5 in Killough's paper
-- Killough says 'The input data included in the distribution to
-- the participants included a geostatistically generated 
-- permeability field'

-- The values below are taken from Killough's dataset, they are
-- not based on the figure in the paper.

-- Explanation to how the data in PERMX is organized:
-- Under each LAYER (i.e. K-value), 
-- there are 25 ROWS (i.e J-values) under which there are
-- 24 entries (i.e. I-values) 

PERMX
523.56
450.79
554.53
797.18
540.61
234.64
658.15
455.58
533.48
394.92
519.64
98.75
156.7
555.57
591.87
388.82
10.09
776.23
52.98
520.61
247.48
740.14
306.84
52.41
110.12
291.55
619.86
241.22
3.7
367.8
238.29
540.81
529.31
482.18
658.82
513.23
619.83
269.45
97.93
312.92
334.45
306.33
42.87
341.31
699.68
228.29
18.25
182.27
796.06
21.32
625.69
189.84
514.36
661.11
475.03
535.44
519.65
219.29
298.4
530.04
691.31
579.83
9.63
268.42
341.26
56.14
92.59
304.16
535.2
718.05
403.62
325.78
180.58
283.84
272.74
489.51
607.16
669.39
794.9
249.79
524.31
282.25
545.82
284.93
584.19
643.88
500.91
439.4
508.5
491.43
580.75
660.88
177.31
255.46
400.77
704.4
201.59
78.16
497.03
432.01
693.96
698.84
696.79
198.86
768.84
432.64
393.44
46.27
393.64
41.91
238.78
122.4
436.71
662.61
263.66
291.85
415.99
381.51
368.19
303.31
172.75
660.84
728.44
745.17
360.53
339.31
103.06
560.58
291.77
489.01
682.25
49.76
66.44
450.54
299.29
241.82
353.17
715.92
791.98
86.4
721.77
538.96
784.63
267.09
294.44
616.57
570.23
377.77
15.81
506.53
746.55
651.49
712.42
732.14
157.4
771.01
333.65
207.34
87.99
42.41
782.22
751.39
116.59
448.94
181.7
31.82
156.68
531.76
231.22
72.26
613.45
407.32
453.51
559.8
464.68
561.16
102.69
400.13
595.87
533.15
62.02
629.25
699.83
211.97
366.83
778.33
459.26
656.57
752.41
385.19
315.94
26.91
402.32
167.26
731.97
106.37
305.72
465.45
498.77
761.09
682.21
250.81
61.08
779.46
429.3
51.29
193.04
307.16
186.44
202.17
656.07
7.73
413.48
239.28
94.34
516.93
415.94
571.75
445.86
62.89
594.81
14.33
297.89
721.48
453.88
740.05
331.11
18.77
185.82
468.77
135.09
55
504.17
355.53
288.07
471.49
500.63
569.63
519.49
740.99
370.02
230.94
506.04
2.37
92.4
438.12
426.78
503.84
283.75
187.6
575.19
436.29
582.46
770.2
452.39
68.74
413.38
29.86
702.77
695.59
17.69
584.86
537.46
546.27
388.56
548.34
499.33
116.27
90.2
492.3
702.91
273.93
167.72
234.14
741.86
251.87
584.41
218.04
628.89
739.81
125.46
174.29
645.52
450.48
740.74
360.93
535.44
191.94
631.42
64.93
387.15
390.32
391.5
622
235.08
41.91
491.06
621.91
612.53
76.59
735.5
263.28
295.86
488.55
757.08
187.15
70.19
332.36
692.88
502.11
298.68
564.68
647.27
39.05
405.7
537.11
693.63
79.12
169.01
152.48
471.31
244.33
758.62
590.99
294.61
329.89
766.74
550.71
630.79
204.83
758.39
642.49
247.46
678.87
314.89
245.38
469.45
10.58
281.09
473.89
490.54
6.97
701.08
752.45
664.93
303.16
518.1
658.01
175.47
388.11
362.55
79.33
786.48
38.34
36.21
628.19
336.36
324.47
166.32
565.21
160.38
28.65
41.29
468.56
237.16
165.11
269.59
28.61
638.68
309.23
10.02
501.23
78.39
216.43
391.49
634.56
738.3
304.22
505.02
760.57
735.84
163.04
787.93
255.46
269.07
70.94
586.08
159.08
558.9
507.47
380.19
515.54
98.05
517.8
86.25
494.45
722.74
12.95
158.09
199.15
516.99
119.81
597.81
560.91
408.12
791.7
427.88
127.21
150.17
444.83
377.04
761.4
690.31
718.85
191
296.7
371.79
25.63
271.17
102.27
782.58
422.02
306.12
176.22
70.78
334.61
478.45
332.3
250.54
715.32
82.28
606.51
577.69
322.56
493.9
714.09
470.97
47.14
357.61
396.25
55.78
668.04
667.89
307.44
131.16
371.81
372.43
672.97
778.9
682.12
598.39
671.39
608.04
328.38
771
283.86
693.3
700.15
644.13
760.49
387.4
738.78
593.33
438.5
490.2
451.01
317.12
398.91
485.04
671.37
326.08
395.7
65.01
73.05
5.66
375.13
333.26
437.21
620.62
346.78
475.92
25.82
696.61
528.35
165.81
665.02
480.08
362.21
378.11
512.05
354.48
579.75
538.76
507.22
702.81
486.13
719.81
397.43
306.07
120.9
773.25
566.93
449.61
150.45
674.49
516.76
407.15
443.8
370.11
722.42
554.63
417.89
323.41
470.58
667.81
760.16
762.55
53.51
635.75
71.2
170.83
322.77
391.39
775.25
372.03
313.94
476.32
43.61
708.99
179.64
229.59
222.92
9.32
12.72
432.96
229.81
194.26
64.91
237.86
209.98
643.55
250.62
207.17
240.89
475.59
654.93
458.85
402.74
105.53
500.02
581.46
735.76
378.35
424.78
535.2
666.71
442.59
414.24
562.46
357.27
479.39
12.79
475.34
677.18
785.24
302.64
466.58
51.65
197.97
698.31
202.46
125.77
221.65
314.7
124.1
395.56
412.49
618.94
665.54
572.87
218.53
257.32
626.26
757.34
69.19
414.51
667.33
655.67
685.59
353.18
310.87
622.75
316.58
409.17
542.48
344.37
369.95
341.79
402.59
487.65
73.15
535.63
258.11
731.58
243.94
425.89
626.48
23.55
125.69
702.45
276.62
706.52
182.99
749.93
122.48
708.63
332.16
396.82
337.55
527.93
260.33
760.6
155.64
579.24
253.8
281.69
613.72
270.48
660.53
796.64
263.87
393.86
361.17
181.8
373.38
363.12
528.23
462.24
523.44
11.13
721.66
22.28
419.04
363.93
455.35
2.04
62.13
464.66
753.81
687.13
630.54
311.46
385.59
133.73
57.34
480.45
403.93
85.26
589.57
640.29
542.73
58.86
220.12
429.34
535.28
151.99
471.13
642.26
148.75
314.22
156.84
791.64
715.5
533.04
691.26
635.45
413.31
355.21
719.88
264.43
709.16
162.85
664.25
672.7
256.67
100.4
672.17
553.17
625.61
562.01
262.84
773.07
453.61
782.62
20.38
174.87
74.17
705.75
278.81
241.64
446.19
313
252.76
101.38
610.89
522.68
85.01
538.38
599.39
184.63
278.34
217.29
30.95
318.08
695.74
270.84
600.21
279.22
124.41
727.76
281.59
661.37
715.15
1.19
574.57
429.35
520.09
382.54
210.91
351.39
223.26
333.31
786.88
478.87
544.83
674.19
141.26
372.04
466.41
798.88
768.25
450.89
464.95
592.7
450.93
232.98
111.27
156.86
395.31
359.23
676.7
651.8
239.87
34.99
496.61
102.94
405.94
123.48
726.55
513.77
183.38
125.62
390.1
12.18
768.23
457.8
701.19
730.56
503.19
204.34
122.18
390.89
425.96
394.11
185.75
653.33
107.8
330
234.44
646.03
453.82
228.97
194.53
381.01
379.64
759.88
766.52
375.04
334.63
429.34
621.56
567.36
203.79
368.42
49.54
565.85
509.05
208.29
398.46
196.85
667.17
237.53
246.2
585.46
442.38
206.44
105.05
481.23
493.25
644.69
228.27
773.5
76.18
175.09
522.46
673.89
266.83
687.8
224.04
15.6
215.41
742.74
673.33
199.97
40.01
261.19
440.72
406.75
669.82
501.96
126.16
348.33
576.12
180.16
474.85
461.77
645.64
222.34
654.82
345.95
602.35
508.21
49.49
124.78
352.93
173.11
1.94
674.23
346.6
87.88
679.19
356.95
181.52
272.97
449.9
251.18
484.07
248.06
128.7
602.05
433.28
521.3
311.2
452.47
21.65
79.06
151.95
592.8
330.9
91.92
459.98
174.25
341.29
668.84
668.41
529.43
171.78
635.23
545.59
425.99
377.35
726.29
514.65
711.41
440.86
471.31
270.89
327.37
59.55
81.06
511.03
117.94
111.32
665.15
688.15
613.4
570.58
360.69
563.54
733.27
151.03
609.85
98.61
60.09
558.1
339.55
435.95
511.47
198.27
339.09
420.95
165.19
86.94
506.55
8.5
320.99
418.13
340.92
297.35
732.43
326.76
608.5
433.04
790.71
64.1
475.18
380.19
297.61
426.55
799.81
526.94
763.89
273.89
407.83
242.58
540.57
686.56
137.99
389.75
177.28
457.94
84.25
308.09
245.83
66.76
38.35
293.39
490.04
119.92
52.61
121.82
81.96
723.85
77.34
772.48
288.08
631.87
376.05
300.31
535.88
74.09
592
734.49
777.54
587.21
331.09
446.28
602.22
416.05
731.73
639.12
17.85
496.32
427.6
295.71
147.85
364.01
543.13
286.05
401.56
146.53
549.25
272.93
267.29
471.11
624.09
17.91
721.27
218.8
79.92
625.04
510.75
24.47
243.59
616.69
170.41
667.94
399.1
195.72
778.64
694.82
492.49
410.39
526.24
232.66
73.33
676.86
415.81
655.96
441.17
331.66
128.88
283.37
684.67
586.14
94.77
721.77
478.28
0.56
155.85
245.66
722.84
764.37
168.31
385.34
269.94
566.29
166.56
621.33
597.46
490.44
79.86
495.92
733.67
44.46
732.91
241.27
243.13
275.15
511.63
188.38
366.89
62.05
246.54
2.2
252.92
290.58
127.02
732.74
509.85
436.83
463.83
366.07
620.68
376.05
754.43
399.68
189.16
486.38
87.87
91.68
486.03
356.27
306.46
39.14
316.57
304.28
96.3
270.05
532.76
795.19
745.8
690.1
616.12
259.85
721.6
687.65
736.32
300.81
216.18
101.75
332.48
334.21
216.23
675.15
24.06
667.42
703.12
628.16
784.42
530.34
610.77
313.14
534.63
674.51
525.09
441.66
46.76
794.99
348.76
331.73
169.32
204.1
303.35
98.57
124.04
660.2
700.14
327.24
506.93
339.26
624.36
467.95
744.35
517.06
522.99
221.55
427.34
129.95
21.03
350.3
336.05
754.07
736.05
626.48
795.13
585.6
190.91
462.17
456.89
763.11
276.99
786.75
253.77
86.05
16.98
447.38
113.8
194.72
251.47
297.15
475.39
105.97
161.62
620.69
361.59
451.98
135.94
47.74
292.2
331.77
79.56
601.97
501.57
83.27
580.91
523.33
537.49
327.13
643.03
751.31
200.37
138.85
237.89
396.11
211.38
601.33
130.63
687
428.21
611.2
116.78
280.34
716.1
523.11
53.05
653.9
714.69
621.33
793.81
70.74
762.98
798.6
773.31
712.49
27.86
654.72
619.7
554.19
461.09
285.66
162.46
256.78
462.67
766.51
638.25
523.7
599.13
157.79
687.19
711.61
216.09
509.42
610.71
132.71
264.77
586.28
655.15
311.87
248.7
179.89
561.46
751.6
70.42
567.36
169.47
1.68
399.59
718.81
489.84
595.95
193.27
190.77
351.44
781.18
579.84
236.09
288.63
537.01
117.24
130.88
137.13
622.63
237.18
156.44
160.62
685.31
311.95
553.09
532.86
467.79
32.12
394.1
769.57
457.71
566.88
470.83
12.64
294.16
270.37
561.7
521.64
219.34
409.8
72.35
531.72
202.13
207.54
508
606.05
733.24
62.35
572.99
343.93
124.99
194.66
751.09
692.74
522.52
724.11
715.76
3.84
700.4
7.29
364.65
434.04
716.77
494.27
441.64
626.31
34.65
762.7
73.72
96.77
306.47
665.26
262.5
149.22
312.45
257.02
147.88
153.97
266.98
463.1
491.62
298.98
45.69
589.02
515.17
368.04
54.93
351.4
698.6
206.77
408.22
61.73
39.21
33.56
2.29
496.21
324.87
159.25
94.09
773.19
385.84
213.12
601.67
411.18
233.04
105.1
65.71
233.32
743.96
153.9
464.81
60.4
73.69
205.49
34.72
188.72
313.05
244.41
550.83
690.88
48.83
9.34
508.64
346.75
672.22
788.82
242.57
595.5
37.26
727.91
143.75
267.27
145.06
126.22
393.11
419.39
663.14
436.91
599.11
267.85
232.78
159.93
192.5
182.18
436.28
238.06
644.27
228.9
353.24
540.41
340.99
260.06
84.62
680.65
273.38
108.44
691.45
424.55
641.4
120.56
172.18
767.93
715.21
288.77
331.52
387.13
648.77
395.71
540.55
70.78
674.95
793.64
757.67
299.89
0.88
298.67
184.66
277.6
776.28
565.1
745.83
667.49
137.76
223.59
90.85
235.67
441.41
516.76
792.65
191.22
263.57
73.38
114.85
222.82
327.62
513
581.51
755.33
112.62
423.51
663.12
443.66
478.25
20.77
602.68
539.75
464.38
564.33
600.81
333.39
580.32
711.15
443.88
49.44
78.45
304.82
417.07
391.3
194.7
671.14
288.5
103.24
411.91
499.3
144.16
569.89
701.43
56.96
333.15
281.8
593.76
321.16
393.36
164.69
594.51
41.65
93.85
273
139.12
434.73
146.99
200.12
464.32
57.87
26.63
253.76
587.33
228.52
77.38
451.26
718.5
126.01
191.78
624.99
313.99
634.95
339.96
608.4
631.44
158.47
709.95
596.5
26.17
516.1
638.99
372.84
531.65
282.33
7.58
450.29
599.13
501.97
363.7
426.53
440.68
568.31
611.26
270.01
674.84
290.66
463.35
333.12
33.37
678.69
444.55
97.49
404.46
278.18
43.26
642.51
32.28
320.59
653.84
283.5
528.97
763.32
525.55
781.21
50.67
730.84
245.33
692.16
745.27
590.67
359.58
757.6
458.14
494.65
354.36
355.39
5.3
634.69
513.78
265.59
784.57
615.36
623.33
793.62
569.14
130.77
122.16
569.83
647.45
5.78
468.25
118.09
632.27
58.97
752.23
393.67
35.39
719.33
639.87
529.76
207.34
673.84
216.11
199.96
153.17
394.36
125.84
275.34
580.78
190.46
617.23
72.5
650.34
618.63
548.57
227.75
27.9
124.87
604.09
270.08
487.24
635.17
385.57
97.59
70.89
521.42
527
797.51
787.03
787.97
480.1
404.28
57.36
209.2
508.76
679.85
668.74
470.85
418.24
273.53
599.6
552.95
385.59
206.18
495.13
452.35
0.13
338.82
381.78
294.67
726.4
96.32
77.16
450.67
219.07
762.33
539.03
510.43
306.28
509.68
590.23
696.25
703.99
709.35
14.63
472.68
175.01
638.38
347.17
530.18
604.46
765.52
105.53
111.1
452.79
557.69
204.48
170.62
278.94
204.56
699.14
412.45
103.56
222.75
159.86
704.27
574.81
447.31
698.92
635.01
739.65
491.05
452.37
394.63
551.63
169.97
673.23
63.58
697.35
304.46
49.86
659.5
773.39
727.24
247.89
316.61
624.64
93.42
233.67
124.38
465.32
531.75
325.2
563.7
592.1
227.77
543.13
161.65
126.85
586.63
475.62
768.47
362.25
550.73
74.91
541.54
276.2
548.94
750.12
449.54
631.3
642.33
440.04
757.12
737.29
561.98
454.02
249.79
477.52
692.74
340.74
31.19
464.73
672.99
623.01
356.82
550.91
58.75
486.79
169.1
610.15
39.21
302.64
608.59
576.19
114.68
711.47
512.22
665.43
642.84
308.04
182.64
589.43
266.69
417.08
741.52
408.15
582.24
417.37
139.13
68.46
374.37
615.63
518.84
166
71.02
786.05
418.03
403.23
760.87
215.26
734.18
794.61
621.4
90.02
792.76
236.73
449.24
35.04
219.69
438.16
276.98
226.61
50.29
133.81
72.92
324.16
160.02
631.93
260.97
411.74
145.76
51.86
654.51
371.28
290.64
768.17
318.13
520.5
376.33
56.26
350.75
560.03
160
316.83
738.03
747.44
7.42
51.85
589.32
548.97
377.46
606.01
156.79
612.45
706.23
707.29
291.91
328.73
102.57
22.26
532.78
199.68
614.59
166.08
683.01
627.91
782.13
466.74
164.41
498.86
124.08
708.4
435.76
483
651.74
207.64
173.3
364.83
469.93
781.6
117.43
91.17
747.54
63.11
488.84
703.09
374.7
190.43
476.55
352.27
756.64
221.03
288.93
248.88
357.57
116.92
263.52
356.34
318.44
54.08
179.33
556.86
628.3
336.9
101.78
247.07
262.54
310.47
502.57
26.96
110.14
116.94
23.35
186.4
410.42
119.02
267.79
713.31
576.5
86
640.89
691.73
498.94
691.06
732.48
97.64
745.83
749.52
250.07
320.97
146.88
783.07
165.75
276.75
172.65
406.48
436.68
282.56
258.78
763.01
738.26
234.09
434.51
230.27
593.19
633.43
111.82
58.89
361.67
327.77
81.77
433.8
416.41
579.42
373.12
109.07
190.05
198.4
726.36
268.06
349.28
570.72
727.49
469.67
83.77
649.26
666.94
202
225.06
87.84
225.44
509.19
788.4
594.2
614.3
257.64
446.77
713.35
746.77
729.53
591.74
657.98
432.3
120.35
417.91
270.62
709.77
4.16
497.88
146.32
183.1
501.02
345.35
104.87
181.45
792.86
178.5
182.33
686.06
522.55
299.68
565.91
585.76
741.73
652.44
631.58
75.64
322.09
438.18
567.8
543.09
269.79
397.93
304.25
159.82
141.69
233.32
58.73
243.55
181.67
331.91
425.27
657.06
338.22
730.66
467.28
234.7
439.97
627.18
349.73
155.48
375.11
305.53
644.9
268.95
779.92
312.62
475.94
246.98
239.26
754.12
237.31
509.58
784.42
517.09
552.67
353.87
112.8
3.99
565.82
587.44
41.32
228.1
624.36
697.83
581.77
417.37
606.98
645.88
746.06
82.25
728.5
756.36
660.59
134.67
369.05
210.2
569.88
132.36
333.87
568.13
120.78
277.05
173.91
591.86
181.92
70.96
723.77
422.23
673.71
703.8
283.77
705.45
520.56
513.52
515.89
37.15
274.76
116.95
98.74
429.63
518.58
146.84
151.91
331.39
254.09
147.03
41.39
371.69
648.07
616.96
739.97
553.57
614.92
194.76
224.18
485.53
118.16
513.27
710.09
97.53
141.6
649.64
126.23
264.72
0.89
746.06
386.1
48.37
659.37
730.07
671.58
582.03
687.81
382.15
60.33
227.83
142.45
482.98
511.49
534.07
341.17
520.41
764.38
359.17
316.85
61.32
773.14
109.6
720.83
490.45
311.76
671.14
494.62
548.17
556.87
681.48
619.06
567.44
585.32
531.66
103.33
327.01
569.51
224.1
608.29
184.03
130.31
189.07
580.51
277.12
750.51
275.67
111.97
296.98
385.46
589.74
101.99
756.44
520.42
385.01
499.92
502.18
574.88
217.63
102.95
359.16
231.48
458.61
126.17
285.12
184.36
730.39
419.96
656.73
757.36
669.9
91.95
348.21
274.65
300.43
122.07
108.69
262.53
408.53
703.37
444.2
641.3
50.61
680.72
411.4
322.56
446.99
245.02
211.42
153.72
330.33
46.98
98.92
141.08
135.84
1.39
518.13
582.09
156.84
87.06
372.93
9.96
114.15
510.53
637.1
66.11
380.67
434.84
435.16
42.72
413.03
516.43
38.19
590.12
601.56
225.84
685.93
766.06
479.38
625.26
539.78
668.74
298.33
493.44
723.36
143.36
497.48
43.34
633.94
249.1
388.59
684.42
101.87
129.27
359.33
512.21
4.44
207.39
388.52
179.68
373.08
685.04
538.49
241.27
114.51
29.43
472.97
668.54
540.18
394.64
18.68
689.21
165.22
312.61
157.38
708.24
78.13
164.14
768.3
666.28
307.1
704.19
100.58
513.02
275.55
531.18
501.98
573.33
39.59
735.23
137.5
444.98
671.58
28.35
342.17
529.48
465.82
259.61
34.82
676.61
500.23
771.69
594.21
781.73
732.23
436.18
617.18
352.42
45.74
156.94
763.85
444.75
326.47
335.95
707.68
128.5
652.96
630.23
707.22
662.37
734.31
721.65
354.94
650.55
449.54
134.41
54.3
94.19
327.71
395.35
791.34
209.29
336.98
608.22
568.12
123.37
291.93
661.14
142.49
445.95
168.57
622.55
604.15
468.54
566.83
55.97
41.68
537.2
783.84
311.31
14.14
219.1
213.71
239.48
66.94
697.63
337.68
341.74
85.7
276.85
172.28
430.23
523.7
6.94
356.29
373.54
744.24
193.82
424.95
107.37
129.4
380.88
308.38
90.04
433.86
426.75
464.21
274.22
692.54
192.88
707.23
622.99
96.23
174.52
136.19
435.19
792.27
220.44
0.93
743.85
264.16
465.79
626
784.53
552.8
50.86
285.94
97.64
188.78
764.64
58.15
7.38
90.02
655.21
264
515.61
382.5
753.6
664.11
248.27
621.45
586.82
613.96
464.67
549.22
52.34
584.55
192.72
402.25
35.95
416.19
490.56
645.95
230.59
796.2
399.46
242.44
145.23
529.12
328.95
668.34
645.12
241.89
567.44
146.4
366.07
182.76
749.1
644.18
476.94
468.01
707.31
742.63
740.23
479.07
267.91
636.66
570.87
107.21
350.37
92
784.06
30.07
6.59
394.61
716.13
503.24
92.43
16.03
613.31
446.73
356.03
84.48
517.89
453.36
760.34
120.15
585.47
778.94
431.35
0.18
672.46
11.98
655.23
204.73
370.14
222.9
668.78
706.28
701.31
569.27
445.14
796.89
67.15
720.76
504.13
509.12
85.64
751.95
707.1
633.21
145.44
716.81
697.85
578.4
390.72
162.34
187.27
782.32
461.75
576.2
79.74
694.9
300.63
646.41
32.03
282.91
278.13
261.03
518.8
91.3
510.97
380.82
187.73
263.4
552.82
605.12
690.69
618.76
735.54
260.77
770.58
689.45
318.06
685.45
619.14
50.25
28.23
19.35
33.19
509.54
401.15
772.23
217.99
751.13
505.06
303.56
505.7
614.2
645.64
460.7
162.23
229.82
389.27
389.3
396.2
401.35
422.28
783.78
503.74
701.34
487.15
32.36
520.83
234.89
377.91
14.39
296.76
291.18
784
604.24
560.82
759.45
289.86
254.96
64.24
238.26
195.3
698.71
202.73
48.81
543.65
83.14
745.98
438.24
498.72
209.17
215.75
674.02
182.68
62.55
252.31
529.11
570.97
557.47
332.77
195.98
744.51
152.2
755.26
702.98
208.23
764.31
61.72
593.49
541.98
208.67
548.31
485.05
380.07
403.38
517.4
544.16
332.67
348.6
462.55
423.25
518.32
316.14
384.47
475.66
566.31
317.68
183.73
129.88
67.24
466.65
601.16
548.08
566.29
65.82
519.48
739.27
112.67
73.88
736.06
227.69
106.21
113.53
717.7
345.98
305.88
472.65
328.18
466.17
596.61
24.79
258.84
238.93
693.6
447.47
765.37
97.33
364.12
751.65
175.33
233.43
159.54
310.47
661.02
294.71
37.63
443.42
663.99
403.36
238.89
427.93
120.45
498.56
97.07
136.52
21.1
402.24
289.8
566.12
635.05
452.65
92.78
656.31
27.92
763.8
649.65
488.93
213.57
480.9
773.42
454.3
166.29
157.93
124.12
362.8
389.83
640.21
579.36
383.4
133.63
419.54
681.99
655.42
102.38
126.33
134.25
483.58
595.09
95.42
734.61
352.62
202.59
799.99
108.83
147.81
387.93
246.85
263.91
107.35
20.28
230.46
265.47
742.59
13.81
685.71
716.17
474.26
137.78
375.3
632.95
406.49
401.72
17.03
712.41
257.98
446.99
754.35
469.44
616.14
332.86
454.22
274.51
471.9
286.94
692.57
267.99
551.12
264.05
358.5
605.38
595.53
12.95
22.11
402.14
512.85
253.97
764.95
239.59
357.42
346.34
699.07
649.3
461.49
556.7
69.45
367.97
640.49
658.34
206.24
259.56
757.25
196.53
492.82
312.02
484.32
364.58
604.01
230.36
27.49
726.26
336.36
487.43
109.75
619.75
371.4
410.11
720.11
339.5
688.65
426.94
280.63
104.96
164.6
692.02
119.39
629.85
700.5
454.24
161.01
450.68
474.73
508.27
311.52
696.61
426.57
468.89
216.78
517.1
412.39
286.1
715.08
796.05
299.75
220.18
729.62
507.82
769.63
333.05
591.63
88.47
732.28
122.19
795.68
587.34
467.47
404.69
479.82
748.93
63.2
464.21
681.81
274.98
553.77
551.18
655.92
411.67
610.26
771.07
379.02
452.86
369.84
307.96
574.96
276.74
596.24
345.98
628.58
268.18
24.44
3.08
383.1
280.55
449.72
501.15
554.62
480.79
788.82
69.95
676.87
156.07
755.23
117.26
739.66
210.07
93.86
514.74
304.9
55.33
225.01
312.87
706.82
742.49
290.82
572.91
436.69
745.85
273.41
127.33
694.44
30.75
442.24
584.67
639.86
87.19
650.79
41.56
483.48
350.32
39.39
735.87
2.69
310.96
332.17
422.06
4.73
570.98
388.71
20.74
576.07
41.54
725.63
364.77
415.47
204.7
719.76
522.75
525.38
623.81
285.4
495.47
225.43
555.41
84.06
671.8
295.26
125.79
184.15
184.45
677.36
783.01
437.33
431.92
735.11
682.16
211.66
275.16
198
733.91
320.33
417.6
410
172.53
339.28
284.9
141.21
454.23
658.37
368.77
756.64
638.2
613.36
448.69
358.19
311.44
349.86
724.29
375.41
228.33
447.88
297.12
276.22
424.56
536.4
794.17
609.11
274
442.99
200.14
168.43
646.84
35.12
81.9
427.16
244.19
327.79
448.55
336.33
181.92
176.5
736.81
174.19
133.75
252.38
256.83
343.86
765.29
547.95
756.47
570.86
86.08
146.87
90.27
444.43
96.64
9.19
775.85
637.36
685.01
219.2
658.21
287.46
647.3
561.93
692.02
581.39
461.19
1.58
106.35
408.78
54.58
487.79
601.08
109.4
610.72
165.01
757.25
69.11
436.49
792.73
528.61
229.57
460.85
757.96
699.84
578.05
189.26
437.54
276.63
514.47
129.9
658.54
504.73
140.93
116.07
288.26
130.3
222.61
657.27
141.63
739.82
372.07
258.26
213.71
357.81
397.22
662.35
531.16
636.63
24.08
431.9
239.85
4.98
748.72
62.19
89.59
763.24
169.42
390.43
53.63
688.76
526.47
727.93
337.27
723.99
191.84
24.85
273.09
762.89
711.34
223.41
116.91
721.2
201.6
200.2
208.04
251.22
459.32
56.51
115.21
299
742.44
304.69
17.03
17.39
121.26
415.34
460.66
157.06
26.96
592.88
682.34
517.32
380.36
256.58
610.86
83.33
388.38
15.46
19.16
606.88
549.14
616.9
530.8
360.53
482.64
495.99
716.47
294.92
546.13
350.07
454.75
214.74
359.4
595.94
310.41
387.68
679.32
748.18
276.98
112.27
417.25
70.25
514.68
332.68
371.3
158.95
328.69
492.07
498.92
220.05
33.94
436.5
665.46
704.43
130.78
219.86
5.1
512.76
401.56
715.58
355.63
636.91
756.8
171.37
171.35
608.95
271.28
441.15
303.09
107.44
38.3
436.73
793.15
576.3
115.18
513.9
348.33
704.72
592.08
47.6
346.5
659.98
3.34
688.75
105.56
245.03
149.69
639.16
688.65
33.82
584.38
159.98
197.02
571.84
250.56
780.95
685.9
407.97
293.82
422.9
271.45
414.72
700.39
19.14
352.98
581.19
625.69
591.42
276.59
147.52
270.27
767.24
740.62
396.31
141.42
26.68
454.25
279.4
456.17
550.66
570.4
47.35
379.56
557.57
704.99
584.16
39.58
383.39
524.99
286.13
673.8
198.84
699.62
654.82
522.33
501.79
464.76
405.43
416.48
448.16
13.03
533.98
794.95
670.75
543.09
689.77
299.97
447.73
400.62
172.18
136.68
377.99
424
117.78
620.3
549.19
266.73
277.98
130.67
480.87
26.92
613.04
422.08
728.66
616.41
353.33
381.05
52.5
751.25
634.66
277.08
539.54
132.17
75.34
653.93
798.01
424.7
125.13
349.54
784.96
46.35
246
573.05
293.76
90.08
329.42
461.95
601.56
249.06
768.52
130.54
240.07
434.67
743.75
96.7
282.58
427.59
623.93
650.05
341.48
147.25
785
437.03
448.42
638.66
446.16
165.33
104.92
407.09
253.48
39.38
368.22
145.08
333.93
124.12
427.66
659.59
272.08
578.23
676.26
556.01
386.97
742.66
541.44
518.25
396.53
211.83
175.92
77.82
264.08
271.85
450.39
395.62
107.63
489.07
322.84
492.72
471.4
763.65
154.69
86.19
75.65
663.5
682.78
650.12
71.48
754.39
392.18
427.36
467.89
198.65
10.59
516.17
130.05
343.51
396.51
152.46
516.41
703.43
601.65
249.02
657.61
560.3
528.6
597.33
648.22
243.33
286.4
174.92
308.14
14.37
236.71
750.89
295.68
434.37
715.46
776.04
177.36
272
22.7
87.56
82.99
353.89
370.39
694.11
546.17
574.82
405.02
578.92
76.2
782.23
606.08
653.33
729.87
59.8
635.91
462.48
63.62
613.66
755.98
228.37
46.64
743.47
706.55
288.5
149.99
603.84
466.9
411.51
575.31
209.33
79.84
350.1
276.26
10.98
263.83
388.91
62.02
395.43
765.09
780.41
595.61
444.97
105.51
699.6
690.68
755.98
543.96
746.48
336.16
233.24
107.18
201.06
572.58
485.63
97.11
308.32
132.75
317.03
686.64
779.74
198.18
526.48
239.04
389.89
333.5
458.25
222.27
504.23
507.24
16.81
254.98
433.11
63.98
675.21
236.89
584.79
747.92
479.67
607.62
366.13
779.22
483.12
6.38
82.33
64.87
280.82
104.75
590.25
751.34
419.3
467.87
229.33
18.01
756.31
610.95
699.88
407.47
270.28
516.31
253.24
276.49
275.75
400.84
555.39
751.18
290.7
164.16
369.46
260.31
364.45
763.51
671.28
403.35
510.11
691.83
368.13
332.4
732.13
516.88
209.91
785.55
203.29
427.11
759.97
159.65
384.12
428.16
281.52
787.14
537.87
727.32
10.83
726.12
272.69
742.4
594.5
720.61
631.48
508.45
101.46
520.42
588.77
695.91
233.68
304.31
332.93
793.39
52.11
451.76
578.96
283.64
210.31
10.53
348.44
403.03
89.71
601.39
660.64
608.52
322.31
567.9
425.53
731.68
573.93
208.05
251.44
89.1
59.82
607.4
266.79
194.6
116.99
252.32
137.33
479.85
349.74
353.23
653.22
784.3
305.24
515.76
312.79
755.4
269.85
33.83
593.72
521.09
265.76
189.87
479.57
787.12
783.62
580.54
366.22
522.42
182.82
749.29
513.5
93.15
410.11
629.49
150.19
142.08
409.27
44.58
52.91
466.12
321.17
787.37
108.64
528.63
519.9
438.58
144.44
551.46
317.85
309.4
71.53
716.3
10.39
798.39
299.64
516.87
279.09
507.23
785.47
479.49
254.19
797.7
748.13
138.68
53.1
798.84
154.52
765.62
448.29
83.48
400
285.55
659.29
225.15
663.79
194.95
168.39
431.74
619.14
466.15
458.39
235.71
634.93
40.22
312.19
113.89
320.26
413.46
639.87
39.71
237.72
295.99
627.05
36.04
242.47
373.05
117.01
214.01
166.44
671.22
635.54
265.06
469.17
654.15
604.84
363.38
183.31
147.62
322.23
19.81
775.87
303.31
758.2
121.76
120.57
274.48
729.38
166.18
730.37
455.91
495.19
231.12
759.91
158.21
95.15
631.01
489.75
68.93
54.38
307.25
627.41
62.7
188.56
375.24
568.61
72.79
142.8
531.09
304.18
72.13
421.8
684.68
190.49
366.8
620.25
34.95
489.31
128.19
253.33
451.99
296.56
1.67
53.5
392.73
196.05
699.37
336.22
746.17
691.98
473.47
498.11
478.48
271.89
195.51
459.63
571.02
412.45
419.75
312.41
387.15
475.52
231.44
480.58
414.8
38.62
351.72
743.6
480.27
299.38
1.31
359.82
506.36
482.12
416.62
495.09
324.12
382.48
750.95
344.95
38.79
257.21
599.39
226.13
520.66
414.35
584.18
242.18
560.99
196.33
269.47
194.54
594.84
446.86
311.26
484.24
618.78
378.44
28.78
234.98
624.74
176.85
279.92
408.33
569.09
243.24
322.11
473.35
781.62
325.77
157.45
469
330.25
623.66
383.64
349.44
108.57
196.26
486.79
495.36
170.32
167.21
387.2
722.45
670.43
519.66
639.36
758.04
609.63
63.38
643.27
59.54
109.39
622.22
612.83
33.68
245.52
679.82
303.46
743.56
344.89
380.04
73.67
724.09
215.89
400.16
739.97
455.42
592.98
115.19
217.54
164.15
157.98
61.91
628.31
480.75
229.32
600.93
259.64
389.14
676.1
575.9
767.77
304.67
455.93
254.56
564.87
621.76
474.52
749.34
642.86
243.96
92.01
732.36
485.7
444.42
122.64
734.98
559.35
632.27
99.91
639.49
589.89
61.45
528.93
757.55
151.58
762.8
723.39
768.36
787.22
409.79
641.41
623.6
654.55
716.03
680.08
568.35
603.05
692.38
566.5
743.05
680.04
430.15
725.82
565.7
663.89
555.99
69.24
1
359.04
763.43
266.85
528.35
65.82
43.91
192.19
693.34
426.57
773.24
52.68
241.86
659.18
601.66
780.14
24.52
294.71
657.02
607.64
364.09
336.35
97.93
690.78
234.43
786.29
132.31
753.51
91.28
759.4
746.16
456
412.54
406.18
442.57
520.07
470.85
310.61
517.91
593.15
214.89
471.78
435.65
9.49
81.58
401.56
113.8
22.29
706.59
8.48
483.89
5.92
173.97
709.64
682.56
540.47
644.37
188.41
113.44
66.89
2.33
271.7
183.77
93.75
318.61
109.91
6.51
117.24
186.29
549.32
245.17
796.54
340.27
785.66
748.11
453.12
319.82
601.25
581.04
313.13
390.19
104.63
666.31
156.79
602.21
607.52
105.93
636.44
603.7
799.65
149.11
323.13
250.57
358.81
759.22
123.18
295.46
482.56
529.99
705.91
732.39
560.39
435.89
581.89
383.31
759.96
30.16
329.1
48.36
486.3
12.1
634.41
73.16
544.63
709.24
574.39
551.42
449.1
759.46
686.63
542.49
568.59
359.91
177.61
165.46
725.05
678.01
782.41
358.11
366.06
622.42
699.52
303.04
670.89
718.74
520.38
767.35
190.46
338.56
1.57
733.71
297.35
355.78
152.43
772.78
92.73
633.01
534.06
82.85
248.53
688.82
293.75
739.94
10.44
764.32
375.23
566.76
274.78
346.97
233.6
220.98
630.82
124.12
28.66
230.21
281.16
635.6
312.44
171.98
267.94
143.85
309.74
537.36
241.34
627.97
144.07
460.25
358.31
374.45
97.98
655.87
102.16
144.88
74.27
132.83
353.36
16.26
352.08
458.39
668.74
744.78
405.57
649.89
573.64
473.31
715.85
608.09
567.86
256.91
284.55
94.16
148.47
4.61
236.34
66.17
298.62
242.36
232.28
330.26
755.04
446.56
791.79
390.43
528.8
366.11
21.95
467.13
320.48
83.32
740.55
752.65
377.35
503.69
200.05
677.34
386.4
370.49
279.65
693.3
260.25
773.59
443.3
42.41
578.99
248.56
338.17
384.74
283.16
206.06
169.59
636.9
141.98
645.12
528.44
58.14
61.71
679.76
615.02
346.49
442.62
238.78
378.36
97.71
333.11
463.01
568.52
537.84
569.71
489.42
4.88
97.18
104.12
310.96
389.76
779.88
282.06
568.43
588.85
200.6
365.98
175.98
319.28
239.75
788.26
522.1
540.93
61.31
224.73
299.6
595.24
496.73
721.18
407.21
590.9
746.48
87.83
371.12
144.84
758.4
159.96
516.23
119.19
708.95
794.18
720.95
415.82
735.1
407.27
301.35
78.26
714.37
8.16
389.93
147.24
230.96
473.08
767.59
153.67
492.99
449.01
69.73
180.33
142.02
308.31
453.52
110.71
698.68
428.66
625.09
488.7
777.75
109.35
576.19
393.45
759.02
499
746.81
588.07
502.94
424.04
13.42
623.49
177.23
651.72
511.31
103.58
243.05
177.24
478.52
499.15
302.86
472.4
20.44
652.44
494.76
472.31
575.37
554.45
46.09
710.4
720.58
314.33
384.33
337.45
200.31
292.97
304.26
534.61
141.95
708.25
440.49
571.87
288.93
602.36
179.56
674.38
657.38
560.09
532.01
326.22
635.01
479.46
732.94
94.98
94.9
471.61
668.9
57.25
691.5
391.83
702.61
378.53
441.16
301.55
253.91
448.77
68.36
20.01
739.29
694.66
610.62
225.83
291.18
435.29
466.33
236.15
586.68
582.27
449.12
723.82
657.07
503.64
152.29
374.49
509.4
751.66
737.51
565.65
125.23
137.95
326.01
238.91
555
216.85
472.68
115.97
173.48
157.61
340.3
473.29
796.8
466.53
551.97
753.06
270.83
8.14
287.77
557.67
668.43
315.52
742.54
293.17
212.07
747.73
441.62
318.26
38.51
96.04
320.74
354.01
451.92
535.3
388.99
780.2
537.08
536.9
194.71
104.27
651.55
581.03
172.7
447.4
630.74
514.57
787.2
311.85
450.15
509.29
602.45
648.9
790.46
172.9
341.06
616.47
765.15
416.17
597.39
459.5
333.24
666.24
413.12
406.52
6.1
320.45
114.08
713.89
514.04
371.53
539.91
470.36
165.78
167.48
758.24
799.99
430.81
778.16
184.66
542.04
466.77
436.8
735.56
681.04
575.6
515.18
54.36
145.19
748.21
680.38
209.26
735.35
477.19
474.02
166.18
168.08
308.54
612.71
714.15
423.99
331.68
232.61
532.7
239.57
528.72
134.78
50.69
132.98
735.94
664.34
298.21
594.64
597.3
34
734.07
785
387.74
735.17
336.04
492.68
721.99
247.58
704.04
128.66
666.19
664.43
96.1
256.63
501.18
15.15
657.82
682.2
589.45
550.71
309.45
26.85
746.4
692.89
467.97
274.54
172.02
48.51
315.8
447.39
260.38
432.92
177.67
650.76
580.29
431.27
338.37
325.66
584.94
107.95
445.6
31.77
38.02
103.43
752.9
46.35
83.21
130.79
349.36
257.44
523.82
173.42
270.47
748.44
623.18
497.44
41.11
643.41
631.1
675.49
227.8
97.25
572.76
580.41
7.39
572.31
71.83
310.31
638.91
688.23
443.29
199.6
428.14
798.78
162.35
196.33
336.23
60.44
30.15
652.34
325.58
218.76
260.79
747.55
520.29
174.43
138.81
178.2
513.81
660.5
487.35
470.79
493.71
731.49
714.12
294.6
660.42
692.84
613.77
24.22
78.72
540.48
313.75
627.79
474.52
37.56
776.84
306.83
452.16
248.09
427.93
520.6
158.22
669.5
503.05
698.28
533.98
596.72
217.75
0.9
103.53
381.44
0.58
731.34
623.56
45.01
387.5
328.17
433.82
707.92
716.49
253.8
462.17
292.83
681.99
249.83
375.54
321.6
272.53
237.66
645.48
246.83
234.36
237.2
414.24
607.97
672.09
217.63
340.1
333.96
487.92
25.84
354.24
786.82
116.37
314.96
200.02
287.13
102.82
377.88
593.32
294.74
628.31
413.86
718.15
184.84
76.26
116.81
27.5
80.14
401.85
157.13
127.18
94.46
145.86
130.07
589.53
592.94
587.19
512.79
318.69
568.87
739.33
290.86
678.3
493.06
114.6
190.55
617.7
598.56
513.84
325.96
556.14
596.36
640.66
456.12
596.11
258.84
347.44
5.1
775.48
716.77
616.74
461.58
468.13
65.82
471.49
52.46
9.52
5.38
5.4
653.35
410.41
424.15
115.5
339.79
640.2
624.68
692.61
357.18
126.74
274.38
627.6
607.47
200.85
32.14
308.71
260.06
284.69
338.61
522.71
601.89
330.5
719.6
589.41
513.16
207.14
425.38
742.72
482.47
649.34
273.08
639.85
486.89
623.02
532.71
51.42
220.95
715.74
758.37
41.83
191.74
585.61
798.53
670.98
637.43
119.84
585.04
628.66
117.23
381.93
145.72
379.04
74.51
348.93
323.47
771.04
506.97
288.59
753.64
758.4
518.88
125.28
767.6
540.44
383.73
691.69
661
80.48
764.52
604.09
112.69
7.46
38.34
143.6
336.58
247.96
768.17
247.93
60.83
248.19
732.67
635.69
170.62
53.86
29.56
448.6
129.36
653.83
405.5
590.52
507.37
419.7
69.09
363.25
394.46
421.49
200.65
759.66
452.28
51.63
719.15
505.51
27.2
37.3
731.38
554.23
277.46
173.37
517.48
9.76
409.37
445.23
169.04
336.48
82.86
338.72
442.93
511.12
365.02
614.96
694.86
454.34
253.24
81.24
209.18
344.88
728.33
281.14
773.44
446.5
3.26
134.17
522.3
482.8
223.66
481.38
449.46
656.9
416.47
708.57
784.39
797.36
710.13
698.36
8.87
608.31
291.68
473.53
676.46
725.47
507.14
560.66
213.5
398.86
706.48
58.37
732.93
685.98
238.86
322.3
411.95
21.07
538.69
2.6
281.1
591.01
789.44
536.13
39.34
719.4
474.75
752.26
484.69
263.43
779.07
776.14
787.14
114.06
508
553.86
227.47
775.39
423.25
562.84
780.34
132.41
31.57
491.24
779.64
293.16
404.92
532.4
394.24
345.05
36.86
311.29
135.88
785.06
431.02
587.41
772.67
126.88
372.92
461.79
56.04
682.23
666.14
1.53
753.09
570.39
153.58
204.22
287.71
729.97
607.78
440.44
25.67
736.39
681.04
221.89
412.37
592.33
76.15
183.85
706.57
334.58
248.66
429.48
789
762.91
474.24
555.47
457.11
505.52
77.77
439.59
649.8
197.62
19.77
380.65
486.34
781.37
437.48
753.78
780.05
249.54
727.83
317.3
72.79
371.81
458.22
453.92
445.47
761.66
726.47
16.42
87.59
739.59
464.45
743.06
390.6
481.25
715.08
622.91
295.52
310.9
235.51
298.11
428.92
588.34
263.12
687.95
646.79
7.55
620.95
642.45
553.3
582.4
360.76
789.91
535.59
44.91
571.43
662.02
746.64
544.05
9.68
163.14
142.11
254.93
472.8
7.06
515.64
544.19
466.72
467.57
692.9
749.9
359.25
433.39
693.99
467.99
413.13
282.22
99.08
436.35
442.54
336.19
177.28
324.33
69.25
687.82
792.87
562.2
618.84
433.78
267.15
291.37
308.47
533.83
249.48
518.48
628.77
573.42
685.19
310.68
79.03
179.93
203.27
140.73
214.91
43.22
485.02
773.68
416.15
164.47
640.01
196.37
359.48
647.62
720.1
666.62
116.26
698.18
428.91
233.85
112.28
353.14
30.2
411.4
753.83
593.72
142.72
610.23
606.87
67.76
459.19
757.2
748.17
470.15
128.48
297.96
216.35
649.41
704.54
110.31
446.3
125.91
583.89
634.33
688.93
694.46
466.85
673.4
75.27
1.6
390.91
350.99
476.6
362.02
245.78
527.36
299.25
261.69
444.53
290.32
608.41
12.15
211.81
452.53
282.78
355.59
787.37
633.79
143.55
37.18
261.67
215.37
380.02
394.05
550.31
578.26
509.34
522.82
40.79
180.28
418.06
670.24
750.38
602.55
500.7
481.31
285.1
116.6
758.79
634.87
341.88
554.91
514.54
543.71
533.98
128.25
491.13
335.88
297.82
74.19
338.3
694.75
310.24
123.16
41.2
489.41
530.77
51.26
412.86
721.64
317.51
280.6
282.21
245.28
483.83
592.31
434.96
762.23
614.58
274.6
395.55
384.45
723.18
733.01
620.39
430.03
308.91
603.31
544.36
577.07
429.36
621.5
697.39
638.19
316.57
149.6
316.41
455.86
779.93
488.05
364
726.68
178.78
709.98
660.36
789.14
788.24
368.35
340.95
710.62
517.74
562.03
351.25
471.59
80.35
304.64
352.68
624.01
318.56
298.92
91.78
509
27.69
55.14
349
369.09
150.58
142.51
30.05
626.58
332.55
777.96
47.45
696.96
778.66
798.57
705.55
332.55
749.88
465.77
567.48
17.42
421.59
683.22
473.1
137.17
665.34
644.31
312.76
23.98
700.61
18.87
371.67
317.74
130.37
273.19
546.82
113.74
511.38
336.49
575.85
156.43
73.63
252.69
70.44
336.3
323.76
626.89
653.45
422.48
53.2
629.32
325.94
276.54
35.63
614.23
444.28
274.91
263.41
77.99
497.19
305.14
0.41
463.65
145.21
525.07
37.05
417.95
665.55
464.82
329.1
593.7
260.24
357.55
714.97
385.27
129.49
677.63
263.61
597.69
436.19
50.5
139.92
642.43
241.64
79.03
78.22
585.88
243.48
172.39
686.68
641.69
566.04
517.31
351.67
417.58
44.51
3.43
286.55
197.26
528.95
679.94
260.29
797.24
715.65
369.78
662.45
26.98
129.71
529.7
280.1
263.21
385.5
8.63
582.52
495.58
319.41
609.94
326.19
496.84
153.7
93.19
148.81
564.65
615.91
359.69
507.39
468.97
682.61
769.6
413.39
545.13
202.61
426.14
671.95
8.04
702.12
116.69
577.74
591.61
769.61
292.8
144.26
660.96
717.4
292.15
658.19
229.9
640.91
659.45
137.75
796.56
130.15
530.89
524.56
156.19
356.85
356.89
3.95
301.21
693.83
698.86
172.94
227.25
586.4
44.49
10.36
404.18
781.59
86.07
787.66
1.82
579.89
16.45
198.46
83.06
136.17
343.2
554.48
66.26
392.34
565.55
490.39
556.94
65.82
453.92
508.93
644.58
478.68
741.55
485.21
391.22
186.85
234.23
598.6
403.06
731.58
94.09
649.13
520.73
173.93
196.06
536.42
272.21
319.23
138.79
319.76
795.35
765.7
499.89
406.75
44.83
135.05
230.24
13.24
206.36
53.55
45.19
681.94
184.7
471.79
147.71
297.24
327.67
765.65
625.78
176.92
90.26
652.13
388.75
335.4
278.95
740.13
529.3
754.56
22.18
650.02
553.77
389.2
580.99
209.63
374.02
729.96
616.95
41.4
145.6
413.06
11.04
456.75
772.78
321.47
620.63
480.07
153.34
653.93
580.92
634.4
514.99
671.65
345.02
178.99
376.5
365.64
755.79
277.87
41.97
273.04
550.21
294.13
704.14
541.96
605.17
113.7
740.9
127.95
643.79
94.13
347.56
135.82
651.93
473.77
788.06
487.24
427
51.09
555.99
378.16
755.84
773.53
378.6
192.1
100.03
597.88
197.19
167.16
491.17
797.03
371.2
482.88
636.73
338.7
798.08
19.76
798.19
68.62
738.87
382.51
491.78
502.59
254.96
744.41
358.6
212.89
665.91
217.18
341.12
462.94
561.82
3.78
563.9
175.57
443.08
736.97
150.48
762.87
174.89
94.91
186.25
581.28
318.66
714
39.19
799.31
657.08
198.79
586.34
795.79
455.24
519.82
797.2
286.09
160.47
200.62
144.24
47.66
430.77
633.48
466.5
768.88
692.41
393.92
342.51
374.28
136.82
82.89
83.99
204.95
81.71
33.49
322.01
229.13
655.25
782.24
234.36
467.42
525.56
700.88
787.02
592.85
2.83
726.1
527.62
279.38
787.39
537.01
776.71
390.54
166.54
581.27
192.18
443.81
102.94
382.97
28.58
637
439.72
480.74
713.13
693.61
696.49
776.43
250.65
149.36
417.02
401.27
203.2
778.47
144.04
270.38
78.08
56.32
193.74
672.44
433.11
689.73
710.74
504.41
652.58
199.56
684
615.76
123.15
535.51
323.91
375.32
183.05
500.55
413
223.66
272.89
344.94
448.57
528.58
705.84
87.7
383.39
164.07
463.53
780.03
287.97
719.37
83.23
629.52
673.06
761.29
794.45
237.5
625.59
75.61
300.13
366.97
322.38
293.71
312.6
609.63
622.22
243.56
336.74
139.48
303.36
798.86
60.37
462.03
362.97
420.54
469.53
111.23
157.3
720.6
592.12
668.47
113.97
33.33
732.16
724.48
395.58
498.33
412.37
145.32
476.61
539.66
516.17
640.39
784.28
430.14
273.09
570.12
376.82
424.21
637.93
192.07
745.19
45.18
680.41
41.37
719.98
12.19
153.72
386.65
29.67
763.97
549.91
503.45
692.83
124.81
409.82
378.86
732.69
695.51
63.39
297.5
729.79
679.77
403.21
61.42
596.3
515.22
488.29
520.91
549.07
602.65
142.48
230.9
526.99
99.03
395.11
132.28
283.49
138.38
500.62
67.95
251.47
340.63
561.68
749
659.21
484.26
572.29
346.08
175.26
396.48
48.96
105.97
144.28
617.5
716.99
705.36
699.66
684.31
796.12
675.7
551.96
448.11
214.74
204.38
784.7
288.23
152.77
271.17
136.62
374.77
705.77
302.08
416.57
303.45
48.24
412.92
321.14
722.41
552.19
471.75
365.68
143.74
643.31
184.57
626.96
222.13
248.41
119.23
737.13
413.99
260.85
797.91
348.17
297.41
93.65
741.2
416.52
621.03
126.51
185.06
569.5
774.04
360.9
360.04
31.46
490.19
585.11
199.22
115.15
224.61
512.3
441.03
729.08
714.6
36.38
272.91
770.79
770.42
405.58
411.47
458.97
233.3
656.68
392.24
204.74
342.12
104.2
661.57
448
217.05
744.06
119.88
761.56
689.66
246.54
786.95
258.95
294.15
432
129.04
749.57
485.46
30.1
539.27
509.84
685.35
451.67
90.49
703.74
656.1
96.79
340.13
300.71
691.52
666.27
271.19
310.25
583.32
459.39
684.91
357.83
680.92
45.61
198.71
785.16
652.35
401.22
109.79
54.94
706.25
257.31
689.08
102.83
28.95
279.59
33.44
410.06
126.2
720.02
197.81
361.55
561.88
463.96
205.07
177.57
603.71
120.25
261.34
494.14
255.24
239.48
522.59
463.43
60.94
745.01
298.01
152.9
304.15
618.75
663.68
787.93
282.4
608.66
344.06
502.66
449.95
623.54
216.21
126.6
509.38
695.63
627.23
700.61
652.97
285.23
579.36
729.93
692.9
706.21
34.94
347.86
140.57
186.62
717.67
726.76
546.79
484.68
147.38
243.55
798.52
489.99
744.95
85.59
156.37
597.91
20.33
78.27
246.16
39.3
488.02
177.77
69.03
115.37
0.49
72.21
728.63
519.58
204.68
782.64
405.58
332.61
690.05
305.9
682.92
719.63
90.46
787.85
573.61
454.84
664.52
373.35
309.4
208.43
218.6
27.14
233.97
153.46
226.39
536.06
742.94
0.73
353.03
8.34
443.97
723.77
517.15
611.02
705.17
335.1
620.56
636.59
586.99
466.59
648.78
307.65
447.34
151.74
218.02
319.71
559.76
342.24
312.78
796.03
95.45
140.52
736
216.2
208.86
782.92
324.82
101.34
635.6
189.51
683.61
672.21
588.2
271.94
662.59
170.55
132.71
699.26
185.8
273.05
748.8
394.25
312.33
486.93
63.64
448.46
597.74
649.81
187.47
56.75
18.54
172.39
256.65
336.37
524.87
360.86
445.8
448.28
316.17
497.57
572.31
425.76
761.45
580.5
646.1
685.41
154.46
376.61
624.42
466.79
623.45
404.13
791.8
343.03
594.24
618.77
162.19
68.94
186.45
211.38
25.88
167.61
327.07
233.21
605.34
337.87
608.49
744.69
216.64
483.99
544.85
535.56
675.36
776.17
259.82
437.03
711.06
537.2
323.26
620.97
742.22
667.21
641.45
757.92
465.62
188.2
469.94
562.39
70.72
13.76
356.05
707.63
443.06
496.27
100.39
652.3
74
563.49
721.58
638.32
662.15
626.57
720.06
68.74
692.76
158.58
242.35
322.15
772.13
126.46
5.5
503.67
607.15
58.92
373.58
675.53
689.63
98.99
384.76
623.4
523.91
220.86
759.56
98.35
79.86
657.3
487.9
616.73
167.2
661.04
714.42
475.68
329.86
739.42
346.84
778.38
587.45
43.44
72.02
484.14
403.82
576.72
66.13
3.58
529.18
593.61
486.23
159.31
455.58
55.03
284.09
339.84
479.48
88.79
686.48
458.36
629.1
78.03
648.89
56.53
352.05
282.63
534.8
690.56
326.36
610.66
624.04
352.79
738.08
151.9
90.09
701.49
184.79
697.56
199.63
567.2
326.29
598.11
737.69
708.28
758.86
735.48
401.54
289.59
101.98
649.03
145.78
368.74
360.88
626.14
547.3
507.71
231.5
32.04
183.24
74.89
41.99
240.89
130.58
516.57
95.82
575.31
572.66
381.34
89.52
613.91
211.62
778.56
753.7
379.01
313.78
391.37
180.41
506.47
744.12
348.08
174.41
524.06
369.61
37.2
729.34
119.58
509.05
635.76
474.34
778.16
543.68
588.22
139.62
368
794.34
766.93
724.07
229.35
599.85
245.42
646.35
1.9
695.92
194.75
307.35
334.04
104.65
111.39
118.49
75.98
2.81
594.11
472.38
486.02
518.29
147.12
545.88
79.83
232.27
595.31
149.86
241.12
250.42
336.56
35.64
427.84
533.26
704.23
574.98
397.4
476.17
263.17
395.81
658.21
555.44
635.04
377.65
505.35
785.39
270.83
38.13
75.86
156.02
139.85
336.97
316
410.17
315
561.66
182.41
505.04
443.99
257.46
589.33
289.65
762.66
372.85
215.61
313.95
139.43
74.02
402.53
511.17
558.15
28.28
166.04
595.53
188.09
354.11
666.34
756.96
520.08
711.89
4.55
539.91
455.24
695.95
498.8
312.78
65.82
11.02
443.22
284.82
385.71
445.94
108.14
420.65
485.12
319.52
528.16
684.36
386.65
572.55
162.82
75.96
149.71
587.93
417.66
316.48
48.87
333.32
641.1
238.63
163.92
381.34
458.45
413
601.74
59.09
657.07
652.26
261.46
353.21
173.63
123.23
542.58
111.34
299.51
618.16
498.35
41.39
505.01
165.3
431.95
375.11
583.44
192.08
761.09
543.43
149.93
109.36
218.6
291.59
155.4
658.65
517.72
733.03
156.81
172.09
639.93
3.35
464.31
40.2
766.9
243.71
493.77
487.33
358.22
74.02
446.66
44.17
277.71
38.08
226.06
639.56
194.4
268.29
717.14
70.46
733.12
228.1
480.93
83.62
406.09
201.15
554.56
416.08
52.74
743.68
375.86
774.29
54.08
111.39
471.46
477.87
730.71
70.94
475.34
641.12
721.17
78.58
576.58
0.32
355.1
771.41
125.88
642.81
450.69
206.19
89.38
222.74
457.03
582.58
244.32
262.83
466.01
68.37
527
286.82
56.53
78.32
413.56
663.93
41.64
24.97
440.97
253.41
450.43
698.11
196.37
137.99
769.17
325.55
208.24
244.17
150.93
694.32
295.99
513.14
542.1
132.28
163.91
236.71
349.97
209.31
312.92
128.62
530.29
322.82
254.1
379.66
629.06
740.47
18.98
303.93
437
614.44
760.02
493.49
201.24
779.63
239.46
459.2
241.85
125.33
420.51
263.77
439.86
716.25
729.21
4.95
645.8
56.55
596.51
404.32
712.38
650.14
704.25
731.59
348.31
318.45
24.94
67.09
159.41
299.26
105.06
649.62
258.27
349.86
773.96
761.15
404.93
261.01
331.25
395.08
251.09
295.24
54.74
469.69
554.95
162.46
774.66
61.09
707
539.4
19.44
625.58
204.48
415.28
787.53
792.93
731.76
614.73
155.5
462.27
366.64
490.06
83.68
349.64
772.24
452.28
312.71
159.83
151.98
474.05
75.8
574.07
188.99
688.4
207.94
70.33
86.61
644.3
504.41
735.09
603.1
738.84
514.14
384.27
652.39
794.05
409.62
7.73
57.01
588.97
184.95
231.32
530.04
589.52
180.83
523.9
751.11
247.54
770.19
343.14
269.54
609.16
627.9
64.54
418.3
489.24
672.38
382.23
618.1
415.87
660.82
779.13
306.34
594.23
353.66
643.26
722.39
205.38
764.95
507.89
435.89
628.37
414.41
132.44
443.23
689.01
179.47
551.96
471.13
155.13
449.39
783.95
745.11
719.94
636.04
520
589.99
708.13
234.28
82.55
143.74
351.33
227.56
590.01
601.76
148.26
593.43
163.14
768.93
165.38
779.88
485.07
272.21
666.61
625.23
614.16
188.42
284.38
433.04
583.88
236.75
649.65
581.78
146.47
423.75
455.6
674.73
548.33
754.81
629.59
731.61
752.55
760.98
212.29
479.72
605.6
418.52
608.68
121.76
314.53
204.03
278.35
798.48
326.89
596.53
329.84
541.73
224.2
573.46
117.6
400.4
35.24
209.04
285.11
341.02
732.11
51.54
642.91
179.23
513.67
417.57
770.42
208.96
609.22
434.26
733.34
697.16
453.11
15.92
379.25
738.2
210.99
692.06
419.25
91.07
339.44
135.24
605.71
215.95
448.41
423.72
328.23
122.37
738.21
788.09
71.74
785.15
185.07
782.18
539.91
208.07
393.97
204.19
379.85
343.6
648.81
480.81
292.52
444.65
369.33
744.2
286
417.78
57.53
701.22
342.36
638.85
471.68
367.52
56.65
232.91
397.42
572.95
471.27
419.82
153.65
270.19
542.59
453.14
722.37
386.83
528.66
522.48
241.1
427.14
33.27
725.13
682.51
415.52
725.43
793.09
216.56
38.45
220.27
33.58
497.76
470
215.81
700.04
115.3
31.47
444.8
582.87
330.58
241.88
57.4
13.62
783.71
643.61
588.04
565.06
395.07
166.47
604.03
282
27.86
268.74
388.88
143.05
411.44
561.88
56.52
364.68
709.94
479.69
739.68
480.26
436.39
20.8
283.07
675.37
606.48
580.73
376.81
583.73
486.97
140.54
52.77
313.38
3.73
217.14
485.91
480.46
75.51
285.56
264.25
792.07
241.08
181.03
62.35
441.26
568.22
789.43
174.96
437.58
243.89
355.63
655.95
329.87
167.27
683.79
2.44
552.34
457.74
241.46
429.01
59.39
746.86
714.24
456.14
455.95
739.1
323.26
115.93
397.07
282.72
56
59.15
647.08
255.49
643.59
223
522.71
426.33
117.56
171.55
470.57
712.47
25.38
202.4
723.37
295.9
232.57
172.88
151.54
33.34
124.97
357.58
782.87
688.43
483.68
348.73
620.51
124.61
14.54
85.4
9.95
195.23
551.09
660.55
138.34
407.35
667.08
226.62
389.28
743.95
295.09
791.57
499.89
6.17
58.53
174.86
466.57
538.89
9.88
213.92
742.8
30.21
645.06
335.55
194.93
528.85
178.83
333.57
146.69
370.47
680.07
535.22
439.48
728.01
790.45
11.77
415.22
790.5
308.94
769.52
425.11
534.87
361.06
561.81
176.21
222.2
513.44
513.92
480.03
283.13
569.53
352.54
602.31
281.18
229.69
155.17
421.25
200.29
694.94
720.66
536.73
542.32
657.56
253.53
551.6
260.03
234.8
705.92
169.04
157.9
629.07
236.44
316.24
60.34
716.37
407.94
587.46
120.27
590.17
601.06
117.46
18.3
243.7
206.11
280.29
435.6
308.71
199.3
553.1
491.69
625.22
385.91
355.05
542.6
701.01
160.31
131.98
372.09
531.12
155.03
122.4
536.11
592.65
343.04
735.67
470.05
125.89
216.91
655.48
296.65
400
177.65
554.79
182.51
471.18
192.22
785.17
615.56
78.87
532.07
421.37
404.28
346.26
188.64
768.65
71.17
393.71
401.28
11.5
683.62
681.41
659.64
94.04
140.98
189.03
327.31
402.91
229.84
751.87
796.35
471.55
70.23
310.42
322.34
347.73
182.74
771.38
359.88
15.91
253.08
579.6
476
238.63
718.4
299.34
145.68
630.16
237.03
623.08
489.39
206.13
1.75
35.55
302.86
292.31
463.94
573.49
610.57
708.34
643.15
284.91
480.78
531.19
43.87
511.26
505.69
701.87
141.63
181.05
636.31
491.69
684.77
416.58
327.55
469.11
33.41
640.96
564.92
795.77
791.06
507.99
71.32
577.61
289.92
244.56
773.1
483.94
706.7
648.43
483.82
742.99
174.54
333.4
699.15
783.97
771.88
554.81
476.26
397.79
386.36
443.14
573.02
582.03
662.3
620.38
499.6
318.88
112.26
354.72
653.06
613.55
307.66
36.94
504.82
731.2
118.36
532.05
788.54
639.14
190.41
379.79
722.35
406.23
664.95
89.93
643.94
598.27
722.6
2.62
97.42
578.49
161.87
344.97
573.5
779.33
592.24
588.21
540.72
74.18
759.35
483.13
98.57
157.33
139.13
178.87
113
580.64
494.5
587.8
423.49
169.89
410.4
104.92
581.63
637.41
526.35
201.36
693.38
434.63
414.32
136.97
532.82
653.25
369.48
166.57
503.09
460.55
362
540.91
610.72
683.68
613.13
584.45
280.25
273.85
92.51
642.76
396.74
594.09
622.47
688.95
507.76
170.11
350.09
308.99
531.76
270.11
40.98
758.02
112.89
648.63
345.95
487.47
345.88
265.24
653.2
37.19
496.44
705.75
582.95
745.56
354.85
714.71
641.25
141.34
699.94
500.54
272.77
726.23
786.27
483.74
92.5
498.96
205.01
156.34
403.12
267.26
87.6
746.4
186.09
154.43
595.08
772.98
201.26
49.33
714.19
513.5
396.44
208.52
652.68
646.77
307.12
217.53
690.5
229.3
752.33
37.65
628.85
3.51
24.91
602.73
496.03
193.71
332.71
623.72
190.28
686.91
522.42
488.94
76.43
455.71
500.06
233.75
43.8
72.89
729.1
611.9
101.69
204.9
318.16
599.71
681.45
565.69
488.48
615.93
344.22
754.69
85.98
47.17
51.48
18.28
619.91
40.63
256.09
181.97
743.74
705.11
393.38
334.3
160.38
532.11
187.71
562.19
794.78
467.6
786.35
482.77
464.9
734.55
465.68
426.18
721.83
60.15
179.07
666.18
82.58
215.04
296.73
453.59
519.39
297.03
40.71
514.77
170.03
496.56
659.85
165.29
98.35
0.85
714.27
113.57
776.9
314.97
128.13
460.42
196.81
705.62
72.9
750.21
753.31
538.51
166.32
106.25
317.78
714.33
313.27
19.5
517.36
781.91
405.24
85.05
672.72
23.38
632.06
153.71
251.34
513.69
626.41
411.56
133.63
303.82
317.05
241.45
243.93
627.61
39.37
97.12
564.15
129.46
40.87
170.46
251.36
441.16
213.8
450.47
427.78
767.52
16.83
718.47
170.6
554.75
84.97
232.91
211.92
91.16
753.33
597.37
721.02
484.38
253.29
292.77
405.72
562.5
392.61
89.23
408.11
763.79
156.71
380.19
540.47
530.94
187.68
478.05
655.91
341.28
670.69
681.15
75.45
732.54
562.05
56.99
786.3
615.89
749.98
399.82
465.02
194.88
411.39
624.82
162.57
327.34
427.42
580.01
337.19
292.03
270.31
184.96
594.93
267.57
18.43
597.36
217.99
563.2
104.18
735.58
328.24
106.98
526.14
144.71
206.39
65.37
308.47
201.34
762.8
230.81
389.05
43.75
156.04
553.49
121.46
561.39
5.16
129.66
25.66
433.67
549.14
409.33
614.55
741.41
690.03
530.61
31.14
443.59
458.4
251.1
515.05
300.68
355.75
105.94
743.82
140.59
417.54
62.11
50.46
796.21
655.34
574.2
799.46
697.26
453.53
525.46
191.66
641.45
778.56
553.82
152.87
795.51
110.82
385.23
548.88
589.53
491.4
290.58
55.57
377.28
314.97
149.29
171.43
794.33
347
579.35
269.52
54.6
103.35
305.9
459.27
730.82
560.38
558.69
358.92
427.25
117.49
94.22
763.46
653.66
332.74
516.07
53.78
21.14
429.86
621.6
486.69
425.15
174.74
308.72
72.64
81.37
263
444.64
224.51
482.62
43.2
313.75
398.54
493.1
300
35.74
234.95
23.88
234.19
124.58
365.17
115
390.27
114.47
586.04
132.89
394.33
69.48
505.56
613.05
255.97
33.85
168.85
211.29
366.59
620.67
726.64
768.08
363.8
350.05
641.91
469.98
543.49
456.42
723
252.94
649.56
622.58
70.57
138.96
238.13
712.49
687.33
625.43
260.9
708.3
474.01
598.52
478.96
176.8
575.86
298.01
67.17
59.44
771.96
450.64
37.71
82.21
361.14
255.18
117.91
620.2
679.38
257.94
81.48
612.79
787.61
371.18
419.37
514.98
734.44
337.51
376.2
604.71
143.08
230.57
782.09
508.85
268.26
457.69
750.54
389.1
126.18
587.59
316.13
562
502.88
648.78
61.85
289.27
540.53
568.68
760.37
248.35
491.83
771.81
465.68
162.43
691.84
524.14
139.98
767.9
487.83
387.64
603.33
406.04
312.47
743.56
125.28
215
4.39
177.81
594.07
50.62
39.04
283.49
130.53
427.88
756.76
438.21
636.65
719.88
461.54
396.99
540.56
566.42
453.91
466.6
198.19
677.07
78.51
503.24
387.56
111.7
2.1
608.54
337.85
796.36
607.15
268.51
634.8
610.09
236.67
657.81
674.04
269.38
643.99
792.29
389.64
582.92
98.36
667
626.8
200.37
109.59
726.03
513.52
172.37
316.53
531.68
487
761.38
160.62
606.55
480.12
29.92
153.48
620.18
780.45
528.26
336.4
721.95
355.97
421.13
315.77
703.43
735.54
774.73
263.3
368.97
707.88
232.55
331.2
701.47
77.9
727.63
484.99
525.89
567.1
461.85
519.08
703.15
53.62
202.81
336.9
279.03
376.05
281.12
133.88
335.23
454.51
313.66
130
505.75
122.9
738.46
19.01
430.33
366.39
144.56
773.31
306.62
198.45
93.72
758.54
519.32
224.42
605
486.5
734.53
505.91
239.05
555.5
251.82
494.75
341.98
624.43
6.57
713.92
644.42
341.66
11.14
469.17
392.8
141.74
237.54
287.91
335.82
629.34
430.31
662.39
8.36
619.33
381.52
611.78
411.54
299.92
780.11
492.34
173.27
391.02
346.07
116.15
31.6
582.12
369.16
779.87
275.44
631.93
637.89
212.49
555.63
110.55
324.71
635.6
798.42
216.73
18.27
752.29
61.65
360.85
505.38
680.68
454.72
538.04
756.65
580.14
529.63
252.34
496.58
337.69
732.28
279.68
22.18
485.72
459.59
427.55
295.47
42.48
475.26
259.75
314.46
452.89
3.69
334.6
633.91
212.28
554.32
490.39
202.15
224.11
275.54
719.75
548.99
750.89
329.7
708.54
343.39
486.85
518.87
706.63
733.65
646.19
27.73
92.85
165.58
754.47
289.88
395.17
330.19
24.7
760.97
664.87
282.43
283
687.75
279.47
445.47
187.89
598.75
129.05
59.48
487.65
371.14
318.85
648.72
341.89
295.37
659.3
562.25
601.08
579.19
713.54
240.18
2.01
568.78
785.26
617.25
236.12
196.23
371.55
467.28
571.37
148.43
524.72
659.79
335.29
626.69
562.39
349.17
743.41
603.28
751.31
627.75
340.28
168.48
277.98
380.55
202.66
251.22
783.91
662.54
700.34
728.38
477.63
435.05
103.31
748.95
520.73
792.91
654.45
74.89
413.97
712.31
669.73
421.38
636.93
138.57
524.73
275.18
269.82
373.48
163.87
515.94
23.53
600.56
31.72
11.96
59.41
66.35
37.01
348.59
701.98
505.54
682.59
192.82
563.63
318.78
763.87
64.39
120.38
50.34
776.75
342.93
776.56
131.78
610.85
682.18
670.55
592.63
319.09
268.41
641.28
649.7
703.76
694.23
643.5
374.15
95.62
49.97
624.34
218.77
321.97
231.89
99.38
230.15
66
517.14
60.54
170.3
462.13
214.17
610.3
12.8
137.5
418.09
486.1
237.39
90.05
788.09
685.57
725.39
728.61
252.44
623.9
305.24
147.68
627.21
628.49
96.4
184.15
785.09
638.47
511.07
427.6
214.14
332.54
336.68
467.28
193.77
649.71
590.25
351.66
327.88
163.11
575.03
211.41
331.96
790.94
512.95
188.04
546.92
535.35
420.16
203.25
195.52
165.16
52.47
795.98
552.29
228.39
323.41
231.76
586.84
560.83
349.06
613.65
647.66
299.41
137.56
742.99
204.7
539.28
797.46
552.12
130.81
330.16
621.07
308.85
597.04
447.84
318.32
677.19
246.68
744.91
52.35
109.49
19.02
756.32
173.69
615.77
55.04
115.59
594.12
793.24
562.19
539.17
634.8
304.57
37.98
576.13
636.17
351.38
344.21
0.92
383.41
21.48
475.11
575.49
69.49
637.95
312.36
39.53
739.58
649.22
45.43
24.65
504.17
375.86
293.96
210.51
552.59
463.27
115.71
644.9
614.46
262.21
118.26
586.88
748.28
299.43
510.12
292.06
56.03
622.43
618.62
390.65
380.67
34.44
748.75
280.5
763.85
31.34
211.64
135.37
657.02
223.21
497.78
80.1
589.73
336.88
0.9
378.46
535
399.64
117.81
695.28
590.94
434.73
711.63
616.42
305.39
588.21
279.93
574.64
503.44
438.44
131.8
589.78
329.88
460.37
524.18
576.55
286.27
168.49
30.07
269.57
568.5
541.7
20.24
735.11
454.04
154.3
261
497.75
564.94
682.86
662.11
672.92
91.68
346.06
600.18
696.17
418.2
94.1
782.53
791.04
286.77
88.16
146.16
618.71
262.46
785.66
32.26
569.54
739.71
611.32
377.06
761.77
544.23
233.66
776.24
382.48
537.1
413.67
485.25
614.93
142.94
441.1
574.82
628.35
764.95
374.97
218.06
459.37
77.89
93.06
267.71
110.89
607.94
145.4
430.52
197.57
71.72
733.33
354.39
144.5
618.89
537.39
117.99
301.95
435.57
289.89
786.29
723.77
672.34
163.96
569.9
102.74
112.86
459.84
53.6
438.84
415.42
214.2
39.04
411.39
701.18
3.2
649.69
503.45
782.06
148.53
218.82
320.95
420.26
611.09
716.12
107.66
281.06
335.96
241.22
528.52
0.27
505.04
83.21
365.31
64.58
239.26
13.61
362.34
601.48
707.2
1.75
680.17
398.08
745.81
348.12
157.4
491.74
733.11
555.06
676.32
656.32
101.31
320.75
361.95
759.86
261.53
97.6
189.05
195.55
408.09
329.27
281.54
464.84
745.89
309.87
133.67
480.01
397.85
683.31
58.91
387.29
490.23
350.03
604.69
426.52
485.75
750.69
477.12
14.65
498.85
22.54
194.83
758.31
642.45
566.57
36.97
441.19
183.79
781.15
315.13
439.26
122.36
71.51
688.52
11.3
42.93
3.61
330.43
733.49
166.23
50.34
206.3
368.58
758.48
80.38
94.43
17.65
224.77
147.78
16.57
574.72
240.38
599.51
573.22
422.77
172.78
293.29
283.08
734.41
331.23
613.17
645.75
191.65
290.2
505.08
554.48
696.35
416.21
537.2
537.71
712.82
78.15
167.24
122.98
513.65
228.87
527.44
178.33
33.17
265.14
690.68
781.06
219.56
41.11
259.23
418.1
155.27
229.63
314.69
145.63
330.28
439.53
790.23
680.71
431.84
288.09
664.01
396.84
779.51
613.83
586.99
702.11
388.78
596.03
56.53
794.51
679.81
180.79
327.19
731.94
702.47
96.34
43.62
150.37
548.28
568.04
31.89
243.33
145.34
14.9
515.18
630.26
141.55
432.26
393.6
320.29
213.02
266.72
268.28
358.16
75.06
652.29
316.69
316.6
295.86
669.75
81.79
194
299.61
657.05
133.62
309.01
486.56
677.56
354.72
796.49
13.8
491.34
181.36
158.57
136.95
788.57
312.54
123.29
169.99
465.39
168.62
107.9
88.95
766.74
184.48
430.22
401.56
714.45
394.82
594.37
249.01
104.4
30.79
89.64
271.99
227.76
617.26
201.24
565.76
678.86
321.26
715.06
469.22
261.66
341.56
719.87
512.89
632.28
72.74
231.82
228.98
201.34
346.56
676.33
294.4
546.41
684.07
467.45
595.2
751.17
48.07
763.69
189.92
484.55
698.26
383.5
493.67
393.35
40.54
155.14
147.72
39.56
414.08
490.56
455.8
487.51
686.69
572.27
720.18
388.35
352.55
688.89
178.56
254.38
423.65
430.53
466.29
75.59
670.99
388.45
33.65
550.18
182.76
169.53
483.45
764.27
44.95
476.67
340.45
423.15
506.18
622.36
736.52
374.69
203.79
473.16
485.99
423.54
615.78
628
380.63
263.19
36.6
65.37
574.08
570.4
654.96
244.3
725.09
179.36
795.38
473.15
304.17
690.13
688.74
627.6
696.4
496.47
591.54
439.93
265.99
40.67
778.43
557.12
430.91
176.44
145.41
135.31
654.44
543.35
331.74
344.13
360.46
264.88
108.83
61.34
487.63
263.52
780.76
195.44
585.78
612.34
193.57
57.12
153.56
433.22
759.58
478.19
176.14
435.01
399.63
782.82
169.77
86.51
98.97
232.19
98.91
503.92
770.87
323.86
711.92
662.53
480.76
367.05
81.13
401.84
653.32
254.45
11.1
553.28
191.15
72.22
556.19
612.4
658.19
516.43
759.99
578.07
658.74
298.15
441.09
786.95
595.82
257.65
654.59
638.04
426.71
685.04
462.46
774.26
790.11
230.5
205.88
407.54
710.46
513.55
712.27
269.99
367.83
539
191.22
278.5
459.17
4.67
787.23
513.66
773.28
731.89
571.99
234.99
376.67
60.82
529.03
69.47
170.01
700.57
621.76
166.69
336.46
134.4
39.4
151.53
147.89
274.17
500.39
7.76
491.23
729.38
14.04
127.16
159.16
189.72
73.1
299.07
104.04
328.08
14.17
97.68
439.96
780.22
216.43
466.74
746.86
795.82
758.62
696.56
476
643.02
460.6
161.64
123.79
790.97
676.85
752.95
733.14
467.93
47.84
33.08
565.63
662.54
720.76
374.5
112.54
106.64
628.17
375.37
771.45
523.8
791.18
405.6
759.5
407.14
663.94
56.78
494.51
551.52
23.93
519.78
623.78
628.26
430.33
315.84
249.55
533.21
171.15
664.16
434.43
14.5
164.76
475.35
217.48
639.9
406.74
65.84
619.09
727.29
232.76
735.82
10.53
651
610.34
760.51
798.6
771.67
730.55
22.14
40.55
734.65
535.52
704.49
162.31
590.57
355.74
385.11
556.01
124.49
152.45
88.57
111.63
373.72
101.54
748.41
716.62
424.02
369.63
706.1
31.99
124.55
727.43
574.39
404.7
426.71
90.73
22.78
104.11
425.04
673.41
264.43
706.73
108.88
686.69
404.16
60.72
72.2
487.47
636.22
380.01
695.77
251.17
796.11
308.52
180.09
366.03
407.04
439.25
280.92
649.92
114.03
338.45
504.83
10.01
137.86
300.29
110.55
671.33
774.8
71.83
351.84
600.72
678.22
378.44
407.65
298.3
706.87
773.46
162.39
558.2
633.08
212.82
212.17
250.66
743.05
634.29
165.02
300.28
526.6
454.36
178.97
677.85
571.3
220.93
518.96
205.89
790.66
529.95
19.44
540.09
584.24
298.13
414.84
9.86
756.55
599.84
55.44
708.01
628.89
672.68
503.38
385.15
124.07
526.04
694.73
381.48
270.69
70.08
485.01
439.74
581.82
724.93
442.27
741.57
694.4
139.71
55.22
567.92
738.58
583.51
50.13
778.84
232.04
723.92
316.65
357.27
532.17
94.05
764.68
700.75
568.08
281.65
628.77
708.36
50.69
182.17
759.77
52.63
73.16
764.13
357.29
535.29
411.63
375.79
383.71
786.89
216.03
718.36
548.9
547.84
504.59
480.06
113.46
663.55
92.35
631.47
173.51
331.57
124.69
786.37
329.72
431.65
53.6
94.69
316.36
266.98
226.46
277.12
652.11
566
772.41
294
174.17
327.77
520.4
653.29
529.6
166.87
357.52
66.77
269.37
119
549.68
654.26
398.75
360.58
502.41
99.69
394.52
465.65
40.52
553
480.83
227.02
259.33
80.79
158.62
20.09
577.31
306.11
83.75
193.59
335.23
281.7
528.57
333.78
784.27
487.41
778.15
752.77
541.52
611.04
115.52
719.85
559.95
528.73
688.82
118.08
9.48
6.34
579.37
346.18
501.84
351.25
745.5
152.43
108.48
528.69
487.12
246.84
699.41
328.79
19.95
481.79
795.78
273.94
794.02
568.9
334.52
8.5
643.09
9.39
125.76
571.43
609.52
29.21
213.83
280.15
422.17
774.95
493.61
658.87
593.79
395.28
183.33
559.25
53.5
671.76
185.41
476.37
589.21
670.81
370.17
435.53
366.87
548.01
596.87
120.03
666.16
612.54
348.63
247.58
673.19
234.46
219.15
451.19
717.25
537.51
41.26
532
204.36
132.55
190.9
675.45
512.59
135.43
126.32
337.11
731.21
237.93
247.22
651.15
770.04
220
236.49
227.95
606.47
324.69
425.97
228.45
284.39
745.47
339.46
459.8
725.15
22.46
451.69
178.16
352.8
154.36
567.22
415.8
721.16
394.26
61.95
243.6
58.44
645.55
747.31
526.95
275.51
67.36
197.92
315.05
695.89
183.8
61.68
6.34
677.13
319.09
98.74
463.93
38.51
281.9
72.14
451.58
669.96
540.85
793.98
623.22
127.01
135.67
334.28
309.28
279.78
633.94
309.96
171.55
392.26
230.91
418.06
171.51
307.55
168.31
548.09
720.63
379.22
558.11
628.29
106.53
1.87
753.65
36.56
763.33
352.02
718.13
316.73
660.67
405.4
409.23
491.1
405.39
270.63
335.42
792.72
225.28
275.01
204.11
178.08
787.02
242.92
550.16
796.72
702.1
251.44
333.19
114.55
348.44
160.49
537.44
762.73
315.52
480.38
517.19
607.23
294.45
267.38
720.16
288.98
9.81
40.28
282.22
791.62
772.16
244.35
146
202.72
3.51
647.84
720.55
266.81
524.45
201.37
779.4
768.44
565.63
342.81
269.51
20.7
184.67
17.76
532.9
532.57
117.03
696.86
385.9
341.51
149.17
582.26
305.51
384.38
596.39
435.31
10.26
51.09
370.97
116.93
541.56
242.16
128.85
111.38
766.89
618.1
782.91
488.28
149.68
26.05
551.73
175.96
41.43
388.08
798.08
144.56
143.45
694.57
425.39
778.29
4.7
478.55
561.51
339.9
176.75
254.17
98.17
1.41
148.45
639.4
522.45
33.3
443.65
465.36
290.74
564.03
11.89
472.14
139.29
589.55
5.9
546.87
407.83
211.95
29.16
759.17
493.49
406.09
682.83
335.25
680.81
98.89
72.77
293.86
618.44
554.92
136.89
703.04
696.67
736.16
415.07
274.19
458.85
317.28
711.95
292.57
353.93
772.47
2.97
34.94
261.59
487.15
360.28
518.22
612.37
104.73
656.65
374.41
258.57
421.55
512.03
555.06
648.29
280.7
296.36
69.76
73.83
168.56
430.67
515.74
70.53
172.03
758.97
359.53
645.64
594.6
227.02
229.38
86.2
21.66
776.43
354.61
131.33
244.54
381.41
119.64
412.88
486.42
153.35
289.44
717.98
334.28
151.52
728.72
776.3
579.82
191.56
545.05
197.27
439.29
80.66
174.42
244.44
126.33
297.67
708.06
531.16
325.24
527.5
244.76
744.51
527.21
166.07
416.66
626.64
727.58
221.16
620.22
389.71
313.21
763.51
697.09
686.39
193.95
233.12
58.04
262.64
379.03
101.44
449.57
40.74
265.59
39.09
353.17
321.5
592.44
57.37
129.09
245.3
647.2
334.69
255.99
161.58
448.99
255.3
272.99
595.92
151.34
500.34 /

COPY
	PERMX PERMY  /
	PERMX PERMZ  /
/
MULTIPLY
	PERMZ 0.01 /
/
