---------------------------------
-- Permability values for SPE9 --
---------------------------------

-- Permeability distribution visualized in figure 5 in Killough's paper
-- Killough says 'The input data included in the distribution to
-- the participants included a geostatistically generated 
-- permeability field'

-- The values below are taken from Killough's dataset, they are
-- not based on the figure in the paper.

-- Explanation to how the data in PERMX is organized:
-- Under each LAYER (i.e. K-value), 
-- there are 25 ROWS (i.e J-values) under which there are
-- 24 entries (i.e. I-values) 

PERMX
203.34
793.14
732.24
692.18
572.43
358.89
479.26
557.06
155.85
524.71
665.43
495.83
325.3
789.46
131.7
557.33
276.51
176.11
758.04
278.92
74.23
87.87
488.52
51.22
357.87
224.39
704.65
672.42
112.72
201.67
473.68
755.65
160.57
238.25
145.36
732.92
550.03
700.18
723.53
405.81
653.81
114.99
351.41
754.75
333.03
118.25
513.16
113.91
623.31
481.95
665.56
550.38
720.66
626.12
558.51
69.96
626.12
671.65
374.08
0.48
767.56
374.67
305.98
719.16
137.75
792.14
705.75
162.84
400.29
651.66
77.18
565.92
644.34
769.42
753.26
782.51
210.07
744.54
297.38
734.5
596.46
520.38
510.26
594.86
740.34
594.57
542.69
268.29
764.57
35.19
48.72
187.61
585.07
84.22
272.46
334.6
272.34
223.47
197.47
226.93
135.52
738.46
767.49
629.4
284.25
172.25
683.87
602.47
23.09
532.41
368.49
178.69
586.13
18.16
209.79
284.83
215.57
767.17
52.6
306.4
541.11
28.23
669.56
357.12
56.87
382.99
684.98
387.51
745.8
578.81
74.46
389.07
166.89
277.44
450.64
284.33
431.16
228.16
606.6
673.08
799.79
708.83
130.34
72.32
327.61
379.38
417.71
106.6
523.39
673.5
183.14
114.56
730.49
603.35
59.29
509.65
742.05
193.51
440.15
631.99
586.85
16.38
644.82
564.75
342.72
218.76
790.63
372.12
571.52
206.69
172.68
587.15
619.54
13.59
657.95
523.59
334.69
517.29
408.63
142.04
475.99
731.41
358.54
73.43
15.77
597.28
342.55
169.72
297.25
522.42
459.63
131.33
609.39
577.35
656.61
537.39
418.61
520.15
523.59
88.51
713.68
550.08
199.52
421.07
85.23
120.01
233.28
580.92
619.46
82.39
361.04
355.33
417.61
93.56
181.67
752.26
366.64
117.07
154.02
609.24
384.58
34.8
215.78
525.41
119.86
439.64
573.68
730.65
774.77
179.07
459.21
139.77
597.07
27.65
430.91
547.02
535.74
376.89
491.67
197.6
526.31
58.4
194.03
493.6
295.43
380.88
748.88
592.59
727.7
284.97
766.77
179.43
613.54
9.58
16.68
455.48
544.64
477.79
783.04
174.07
570.07
308.19
38.36
400.42
651.6
680.96
743.91
39.9
515
374.45
373.06
479.56
632.31
471.4
339.31
597.38
144.15
595.62
722.34
428.32
608.81
63.43
257.57
466.95
551.02
98.32
3.41
224.29
383.15
175.54
379.69
616.06
413.52
784.79
400.93
52.07
253.82
742.67
329.79
629.06
218.6
255.29
671
528.54
729.91
782.67
327.26
314.56
507.47
696.23
688.51
449.23
13.8
652.45
229.01
162.23
681.23
108.65
376.57
788.09
653.67
188.5
629.04
599.72
547.72
336.09
517.7
565.08
184.6
407.87
59.1
631.09
582.45
706.42
785.09
454.32
159.41
457.09
597.92
312.82
616.08
626.45
285.23
452.8
51.04
119.43
587.24
799.85
748.96
8.89
612
761
701.03
296.42
782.56
561.13
145.07
0.52
491.47
66.46
170.97
773.9
609.23
21.93
135.79
26.1
147.49
442.11
313.03
139.88
489.31
272.21
236.11
28.76
551.01
474.52
69.89
610.38
137.1
717.14
287.07
172.41
359.67
124.7
284.86
167.74
585.52
63.24
122.25
439.88
460.08
57.71
223.67
134.01
661.77
449.34
10.48
33.87
243.82
145.13
223.19
375.95
221.41
568.32
581.21
89.35
505.4
138.3
0.91
366.39
28.72
530.32
585.73
215.34
741.98
779.4
636.85
76.19
444.66
313.49
422.69
287.44
269.08
788.34
630.83
718.11
111.78
368.98
711.22
576.9
477.71
304.54
98.07
620.41
274.07
279.56
39.25
344.19
635.22
176.37
297.24
393.73
572.38
415.64
138.32
762.43
197.46
444.72
400.96
486.1
195.25
755.11
172.53
382.24
228.53
222.7
543.49
186.44
471.83
330.24
516.47
525.68
193.38
243.58
651.54
494.87
403.24
720.4
274.31
4.07
434.47
562.51
422.88
387.44
664.78
730.95
734.63
404.33
136.88
156.12
423.05
568.58
490.17
635.71
155.15
475.61
681
444.54
162.17
719.32
303.65
110.09
286.48
322.38
644.57
42.6
330.66
542.77
198.41
722.83
607.83
88.14
674.18
433.88
333.97
255.75
392.37
248.63
309.7
283.67
702.42
13.84
673.83
729.76
106.68
509.98
642.67
700.54
54.98
83.26
646.51
328.22
461.5
569.46
306.36
605.85
757.78
186.7
400
607.86
492.79
544.38
642.04
190.27
527.12
503.72
688.69
622.48
582.26
428.16
581.64
567.11
437.84
89.87
127.14
672.04
572.77
197.91
430.1
756.05
475.95
102.12
558.22
146.73
586.18
358.12
639.57
668.7
423.01
105.82
604.51
735.93
0.5
790.76
735.41
110.18
214.86
564.6
678.26
468.3
501.29
676.67
434.89
87.3
439.3
453.64
731.65
128.11
184.99
465.02
406.79
51.61
166.67
796.51
176.81
291.76
62.24
292.21
260.36
777.18
494.4
545.32
80.39
252.99
429.89
607.43
650.95
661.37
749.75
376.97
676.67
210.85
684.41
260.65
326.14
423.58
230.07
146.09
209.84
158.39
526.19
120.83
484.37
437.14
580.97
724.54
25.2
399.33
708.64
764
392.82
580.55
331.24
452.66
147.17
100.32
348.26
390.27
747.58
424.64
424.11
712.64
493.4
782.65
609.61
157.25
617.31
633.79
110.53
295.56
272.99
584.83
780.19
114.18
748.85
123.84
386.88
317.07
647.64
522.24
395.23
172.17
114.96
163.1
310.97
115.32
572.9
475.73
318.04
363.23
730.76
414.17
527.14
450.93
211.85
672.67
739.63
597.8
65.37
569.8
789
761.88
119.39
524.77
52.23
441.52
81.7
698.71
511.42
212.43
306.57
113.43
183.03
32.87
394.26
537
629.92
188.81
716.54
261.56
109.25
61.8
434.09
603.14
249.51
100.27
661.68
355.34
417.57
390.01
795.01
66.77
270.81
527.8
496.78
594.33
107.89
652.86
639.39
345.34
197.22
539.86
667.13
9.53
426.79
787.73
266.72
447.87
166
483.97
503.31
366.38
642.94
261.73
682.11
346.13
43.77
62.43
179.95
484.83
671.16
450.86
640.35
201.56
395.19
467.83
227.61
605.1
149.82
28.38
122.02
683.73
284.93
747.88
67.87
389.78
596.99
504.29
36.64
4.58
358.91
685.44
64.63
777.56
505.4
592.23
75.51
125.14
341.08
85.67
691.66
597.79
239.48
567.84
502.02
399.4
535
35.69
681.11
51.32
767.36
136.48
631.74
541.17
644.88
472.01
656.33
656.99
565.04
372.45
276.9
692.5
95.53
684.61
91.08
170.84
586.17
292.06
385.62
429.18
216.53
470.76
398.48
691.39
635.74
78.01
316.44
778.53
166.2
659.96
363.52
776.03
112.85
617.2
79.66
221.49
450.71
361.06
17.21
284.57
39.19
338.73
387.62
588.29
22.55
233.38
547.34
742.96
458.6
355.75
630.17
695.34
359
506.71
220.08
283.18
44.22
378.12
567.18
399.25
236.98
151.58
469.83
487.7
263.7
684.12
604.69
241.96
92.39
604.55
66.7
664.07
590.1
251.91
263.08
83.72
351.96
712.69
324.87
145.74
258.05
309.1
78.2
541.29
433.74
518.48
58.74
200.3
693.9
653.55
319.58
150.76
53.51
712.55
284.79
223.22
510.07
235.48
89.21
130.06
408.47
178.82
752.87
152.98
234.28
387.33
219.11
681.18
793.57
155.99
295.31
99.74
586.11
759.7
327.36
656.55
338.45
401.95
307.43
197.1
315.4
60.42
46.12
122.3
709.78
430.22
433.9
349.68
16.76
634.71
435.03
466.94
425.98
486.72
306.61
53.38
461.19
385.72
57.69
9.95
437.99
689.25
135.58
112.06
768.51
397.38
773.76
774.1
769.39
320.49
427.44
544.4
685.59
202.78
270.7
94.33
526.16
588.82
780.42
437.49
615.33
371.15
221.5
339.93
537.39
119.53
562.59
349.34
435.09
623.01
279.07
631.85
659.92
710.32
678.51
45.7
416.35
482.98
303.3
327.63
321.36
384.72
77.4
777.44
299.98
138.66
450.18
78.85
452.19
216.41
217.98
302.54
622.36
141.09
235.98
413.94
449.28
781.25
410.12
217.58
626.84
474.42
635.09
364.64
281.39
730.92
106.87
765.27
45.15
215.71
502.37
429.44
19.39
749.19
252.11
406.3
638.69
425.64
60.85
377.76
394.6
39.08
709.49
122.47
704.61
134.7
489.4
134.63
734.49
766.75
64.49
430.62
440.62
675.92
499.76
636.03
665.04
760.21
571.92
782.19
191.83
439.21
162.24
571.39
158.76
289.27
105.42
589.46
163.52
623.68
241.71
174.3
320.53
718.15
142.58
632.19
729.39
436.96
35.38
706.32
213.88
258.36
373.84
233.93
122.64
119.12
784.75
682.96
523.62
285.45
429.92
250.61
188.25
68.45
440.13
149.75
239.74
721.35
37.85
94.9
23.05
576.33
597.39
44.35
611.61
423.18
400.51
779.55
23.16
697.44
175.34
487.48
774.67
417.09
59.5
537.47
701.96
264.08
695.35
636.5
293.98
116.29
565.68
184.73
787.59
658.99
59.71
168.94
431.76
532.53
117.54
148.72
319.57
424.18
84.05
503.3
728.61
612.68
761.29
220.69
375.65
350.74
741.72
266.14
373.52
229.64
233.37
751.06
764.28
39.37
588.67
569.43
240.39
268.58
49.45
404.01
12.63
747.77
27.37
515.14
333.16
532.15
97.91
381.9
429.27
330.53
370.33
638
452.37
480.54
543.57
711.52
201.23
742.76
91.77
565.5
736.58
669.12
603.02
599.69
240.94
236.72
735.9
20.19
50.97
145.02
259
290.07
634.58
397.71
551.66
422.92
639
266.33
180.64
162.07
308.16
751.78
28.87
606.91
508.92
79.84
759.57
741.52
48.09
791.35
408.53
750.14
503.29
280.24
0.85
243.74
26.73
358.12
397.86
786.58
347.8
705.73
456.98
102.09
304.14
636.36
58.89
216.74
625.34
260.7
170.03
755.14
84.21
577.35
378.99
589.8
622.54
643.77
623.98
583.57
478.28
752.24
757.26
269.87
784.36
724.27
21.72
625.07
380.21
149.82
737.87
384.74
724.84
421.38
293.63
523.49
80.79
678.83
458.9
16.15
67.06
222.75
500.25
749.34
759.1
580.66
652.2
584.84
550.14
612.92
134.87
330.47
757.46
465.99
505.48
313.73
120.62
317.4
293.51
316.53
175.79
693.38
123.34
203.27
599.31
45.54
571.56
567.21
512.25
618.57
552.29
726.79
150.28
468.24
583.81
395.62
487.42
216.13
70.24
363.16
655.72
442.79
454.42
768.25
516.35
266.85
264.35
48.59
683.01
261.32
404.85
450.88
150.39
350.61
299.95
476.2
647.16
689.28
472.47
551.11
188.22
232.37
502.65
772.13
273.35
608.25
585.47
760.06
98.29
394.51
19.1
298.86
233.93
675.11
534.06
58.17
466.79
794.77
266.58
39.31
207.1
187.45
452.96
608.89
715.14
212.09
161.76
151.89
146.17
698.34
58.61
559.52
98.47
701.91
442.49
182.44
264.57
47.03
59.12
346.48
766.73
641.38
29.98
658.2
339.47
709.95
219.57
780.7
398.49
461.27
721.98
289.32
100.14
403.09
485.1
399.79
339.08
142.03
417.4
718.14
238.03
411.67
460.91
58.42
796.18
700.43
569.03
755.48
382.18
302.47
722.27
373.59
410.07
188.81
49.45
590.03
386.71
371.55
731.18
322.27
542.7
150.32
110.58
404.07
174.88
113.51
52.3
724.61
707.64
318.86
304
50.21
668.3
56.77
740.08
467.75
155.19
428.42
643.18
558.12
677.78
327.17
588.02
145.16
773.17
725.22
798.43
678.16
55.99
615.82
496.78
790.22
345.14
192.16
692.44
185.32
768.57
37.01
13.23
425.27
420.07
44.05
303.99
185.66
52.73
141.83
783.97
548.89
41.01
185.46
590.43
706.43
662.22
196.39
585.93
415.1
78.39
599.32
211.79
667.03
620.2
422.89
349.41
764.43
653.72
512.28
603.28
545.45
720.21
654.58
594.98
150.41
778.67
417.55
294.64
681.2
359.99
142.09
139.45
427.37
174.33
161.32
370.4
431.83
451.87
473.9
623.19
118.43
731.44
561.36
596.08
740.25
375.43
148.72
772.31
319.54
265.24
190.78
313.18
720.72
287.63
496.18
675.25
16.43
216.54
489.95
234.5
766.97
570.45
113.43
83.45
785.28
783.15
83.77
56.45
352.91
569.13
168.23
753.2
119.23
777.29
228.5
336.1
75.9
193.96
27.23
615.14
638.48
464.25
759.18
697.17
490.44
372.8
267.65
425
249.53
720.68
360.08
767.44
276.55
566.49
440.31
9.75
550.88
328.12
547.36
211.71
299.79
754.99
281.38
310.01
259.13
91.49
435.98
1.71
679.04
468.11
116.64
147.99
257.45
796.74
631.19
512.04
378.16
597.69
640.42
188.44
182.04
341
708.31
306.28
432.27
547.2
442.46
589.3
31.37
241.91
473.9
99.06
617.68
276.39
607.3
541.07
390.85
31.92
530.11
764.95
3.96
251.93
498.96
381.84
63.83
739.6
616.83
458.3
668.33
323.82
456.21
195.89
683.79
440.65
131.26
231.47
97.89
652.76
767.27
374.86
137.4
663.4
430.55
564
224.65
645.13
242.98
589.74
301.33
64.3
549.67
784.08
235.2
589.2
380.74
8.7
506.76
630.51
426.99
203.47
405.45
231.87
546.8
474.5
695.21
723.44
386.15
16.44
344
8.88
536.59
355.88
356.7
409.12
296.54
790.99
34.53
429.1
327.63
366.28
538.28
384.04
250.34
83.42
588.27
114.36
325.75
530.54
513.73
28.98
658.95
97.9
430.51
7.84
741.84
410.67
783.48
430.25
652
438.54
653.13
777.2
437.1
122.3
361.93
558.78
502.08
125.21
350.48
219.88
709.56
67.69
148.89
581.49
101.13
666.99
198.08
527.04
543.19
667.91
494.55
290.14
40.68
763.47
708.77
436.77
657.55
3.11
241.27
564.58
377.67
645.95
388.25
796.61
301.85
177.03
328.82
665.8
497.31
375.07
154.24
792.33
347.48
170.69
79.41
227.37
195.33
400.95
486.52
18.4
684.1
378.52
31.17
317.07
211.73
340.48
625.9
640.6
289.81
239.41
797.78
29.35
513.92
396.89
590.09
549.44
670.59
181.56
234.3
626.59
743.66
360.23
66.26
85.04
509.8
108.65
694.63
799.43
653.8
95.66
607.1
366.86
99.4
30.34
395.73
185.2
751.02
125.81
213.95
661.13
117.1
464.3
710.02
773.62
57
662.53
668.97
407.77
732.52
193.48
376.51
192.15
737.86
712.09
306.92
760.92
584.46
586.07
740.86
532
501.7
151.09
539.75
413.05
439.51
59.05
781.53
143.54
518.36
740.58
147.5
429.35
263.87
294.85
471.57
584.3
389.45
585.96
468.34
603.48
272.59
251.02
584.63
102.94
149.23
624.71
487.01
713.25
267.15
347.76
234.08
99.77
419.54
418.62
444.33
92.83
670.33
551.38
99.43
748.26
75.01
55.65
283.95
606.24
257.9
166.05
564.04
745.37
252.94
285.5
713.37
373.78
252.37
590.24
130.02
747.84
197.72
31.06
135.54
638.15
58.24
156.75
565.29
567.82
10.48
697.31
285.65
301.53
197.94
547.95
631.23
295.6
407.9
454.37
502.26
323.98
267.56
655.36
703.21
219.35
477.82
731.75
372.38
526.9
284.02
466.16
779.09
181.48
368.96
584.37
128.65
152.27
180.02
137.12
523.37
559.29
347.21
129.97
219.37
482.94
630.29
331.6
301.61
694.73
54.8
546.49
642.32
482.12
462.32
540.51
423.73
491.99
713.16
355.94
485.26
601.34
708.34
170.97
627.31
387.34
481.29
22.35
322.19
708.78
654.76
330.57
755.26
306.78
238.49
564.9
424.84
609.75
612.31
112.49
201.05
469.83
346.3
159.45
615.2
509.65
332.27
152.61
322.84
44.67
218.08
467.59
574.68
262.65
223.57
301.31
599.09
585.75
657.65
67.64
795.12
403.11
26.33
361.22
413.34
287.09
478.38
751.37
207.43
368.08
176.15
315.69
432.33
66.01
432.66
589.4
650.51
118.71
690.62
666.14
181.43
777.8
459.44
746.41
71.55
323.86
383.72
289.6
743.79
735.47
426
388.49
601.27
771.25
271.71
324.87
462.34
100.89
243.72
736.77
578.88
171.18
773.54
660.55
357.7
693.83
178.93
545.37
598.97
90.14
236.69
600.48
326.85
172.89
790.66
83.78
643.03
617.44
707.86
726.49
674.39
277.39
103.45
645.88
308.98
746.5
280.15
79.45
325.17
727.61
376.58
442.32
121.41
785.86
58.35
266.47
287.81
296.2
726.66
82.65
346.68
74.56
597
84.16
265.23
57.51
231.43
81.98
477.35
424.27
705.34
338.57
98.89
268.86
571.64
652.16
684.22
295.83
647.39
396.6
680.19
112.3
532.87
31.81
90.76
145.86
533.01
257.61
163.68
497.02
240.56
155.02
359.47
87.73
741.7
345.3
246.69
137.96
308.85
681.07
640.02
672.29
696.73
710.44
219.68
491.58
54.16
107.24
793.32
456.73
786.67
539.11
317.09
731.22
448.41
353.11
410.31
574.38
194.53
453.72
310.73
204.47
214.4
279.23
63.58
682.52
335.44
60.72
538.37
788.16
26.88
67.57
631.66
219.4
782.76
273.05
182.9
540.7
430.46
683.78
109.02
428.88
283.55
126.66
136.94
360.31
702.22
353.19
799.34
24
371.94
449.72
103.29
263.77
702.12
401.9
667.37
77.1
523.15
690.77
406
616.88
232.39
219.44
491.67
4.53
127.24
179.07
116.6
786.35
297.83
787.14
521.17
147.94
345.32
531.32
189.94
569.78
134.55
755.36
147.65
797.21
548.56
236.06
329.65
42.21
490.05
357.18
189.7
286.39
81.81
518.87
351.81
18.99
3.76
594.3
551.52
526.18
495.22
785.32
719.71
165.7
240.72
315.9
722.85
356.49
426.1
21.81
353.99
164.51
379.89
416.04
490.06
691.14
255.43
719.35
463.52
513.01
152.38
238.15
202.62
331.07
43.76
645.68
418.73
500.81
587.05
394.15
211.72
563.29
396.81
690.52
756.59
304.56
592.16
732.84
616.75
333.47
256.87
513
564.59
587.69
357.18
369.22
30.62
347.88
694.72
494.61
509.11
718.97
455.73
577.66
729.52
676.8
559.11
294.86
52.24
154.48
253.68
183.83
680.02
716.87
244.21
131.45
516.94
690.67
728.18
115.94
279.35
42.67
709.67
442.51
137.78
759.28
721.87
385.97
192.18
116.94
665.63
93.96
270.46
348.12
527.56
448.64
477.63
613.36
561.07
275.39
138.32
275.14
102.69
286.18
414.59
374.04
319.59
705.13
647.55
723.47
45.48
0.05
160.94
347.03
458.57
419.49
792.81
672.52
488.86
41.14
125.54
647.86
362.98
636.7
704.88
130.48
777
28.92
699.64
5.36
181.57
508.31
199.47
753.47
157.57
251.86
577.96
271.37
517.45
125.84
388.61
601.23
454.26
749.22
612.92
108.75
541.32
446.36
362.9
483.69
475.92
23.6
439.72
747.68
326.12
589.48
701.99
522.02
338.02
73
705.43
427.01
643.53
60.67
317.84
287.6
251.13
343.03
303.66
692.7
330.23
615.97
671.09
433.37
263.34
239.78
220.4
608.94
632.44
693.29
383.66
146.64
678.47
449.64
170.58
711.94
785.13
449.16
237.32
640.87
596.33
442.99
560.75
660.72
745.85
215.82
106.84
108.46
449.42
25.88
481.07
799.71
459.36
187.67
448.98
375.85
330.32
692.87
140.97
444.84
498.03
103.99
246.03
741.99
475.06
588.84
110.54
314.59
696.07
592.03
434.66
425.83
282.86
293.6
327.05
394.15
243.94
712.94
626.68
777.39
606.2
508.64
153.17
378.6
219.81
675.01
662.23
378.44
165.95
652.45
686.48
293.13
561.82
588.25
333.49
294.92
618.83
529.94
110.41
639.45
574.51
261.63
461.21
152.05
8.44
289.02
92
649.19
31.62
731.17
450.28
108.18
377.87
411
744.69
718.17
358.33
535.02
168.92
447.77
473.13
68.45
675.98
90.43
212.39
626.99
414.83
331.76
479.79
142.9
409.19
162.04
579.73
193.45
586.6
126.05
676.96
294.09
762.9
6.74
746.42
21.45
412.92
438.72
430.37
10.6
125.9
395.87
335.24
337.14
140.05
62.57
775.82
43.65
379.63
295.21
540.39
714.1
316.73
69.76
430.21
703.49
273.83
118.84
257.46
186.28
427.03
746.39
359.46
72.16
502.21
58.97
446.19
89.09
215.58
623.16
723.7
244.17
369.07
120.4
718.52
341.19
36.54
276.3
618.83
456.9
393.99
179.31
781.76
545.27
448.84
778.05
602.54
792.51
258.48
198.89
315.56
605.51
269.97
510.9
233.45
197.41
31.5
76.61
254.1
6.53
374.88
270.04
141.51
596.23
462.41
101.77
487.14
280.38
615.7
60.93
116.44
647.06
692.57
617.67
405.65
628.42
411.55
26.47
78.91
313.77
136.09
205.43
538.94
349.72
107.68
741.71
92.11
525.43
149.95
613.31
184.98
31.65
420.35
286.1
692.92
386.63
703.36
560.52
428.91
771.27
788.7
63.74
425.26
369.82
318.8
630.98
346.08
196.4
740.14
723.7
792.07
157.03
310.73
726.9
424.29
633.86
489.16
661.61
784.94
512.46
567.88
436.48
16.9
647.19
687.55
58.75
695.7
312.82
236.16
544.73
695.03
259.07
435.95
531.05
579.09
389.02
200.21
300.66
501.57
219.22
691.8
303.35
5.91
81.87
663.42
630.33
775.82
598.74
475.44
95.13
380.15
294.45
28.87
689.54
101.86
89.05
513.01
654.45
359.12
55.43
696.99
490.93
407.77
516.39
459.99
252.32
137.43
228.97
697.19
481.79
172.15
81.39
401.39
359.18
18.23
238.46
54.01
168.32
564
799.23
187.02
39.32
601.34
439.72
499.15
60.17
239.59
563.79
291.75
60.7
99.69
530.51
768.07
780.19
85.42
410.48
287.3
668
479.69
471.61
686.32
459.04
618.83
33.38
754.03
171.29
530.74
253.72
773.6
84.24
202.25
583.06
229.74
330.04
722.29
335.81
385.51
784.06
160.23
787.83
628.62
327.17
740.76
410.83
126.5
161.45
679.66
47.24
709.94
614.41
370.92
183.78
529.21
96.5
333.85
320.27
99.53
565.39
552.81
620.29
776.54
1.7
398.82
455.72
583.47
648.05
140.5
684.15
210.55
82.69
744.93
468
705.82
422.68
245.72
151.52
440.59
453
81.92
216.17
404.35
150.99
731.14
189.54
190.92
215.02
59.66
538.45
518.29
259.42
586.87
314.53
176.3
696.17
375.62
436.69
353.59
398.86
337.02
69.33
90.74
291.91
194.42
698.14
359.66
269.19
744.51
146.13
708.69
242.74
522.76
342.66
428.73
229.17
590.22
624.92
225.68
787.22
195.28
302.53
162.41
485.2
172.75
119.53
111.1
771.87
3.04
252.65
38.57
482.12
381.29
504.43
241.63
686.19
530.09
97.03
107.42
700.17
637.64
530.64
363.23
260.11
354.83
558.73
461.79
320
51.96
423.62
613.92
695.19
48.89
97.09
241.07
356.82
508.9
637.9
195.85
669.97
649.98
426.48
687.27
668.35
25.72
761.88
235.36
674.2
653.1
24.3
599.12
555.36
552.92
3.19
368.09
47.59
622.59
257.98
288.63
35.88
49.15
55.59
213.54
261.03
501.17
68.78
566.1
528.3
353.45
488.96
303.03
257.83
741.64
34.75
706.17
375.93
760.28
673.35
433.85
91.21
54.66
229.66
154.99
180.81
271.19
686.94
469.1
466.88
346.47
161.75
199.54
179.82
502.12
544.42
687.98
441.85
379.3
720.95
530.36
709.46
512.4
117.94
471.05
766.62
62.24
564.04
118.52
531.52
758.59
669.65
680.94
535.57
685.97
252.26
314.54
127.55
31.44
727.54
164.16
550.34
592.45
163.51
7.76
227.85
701.39
170.44
453.39
392.24
751.77
92.91
123.44
735.21
258.87
466.82
146.2
28.32
741.63
681.1
471.95
515.88
418.73
45.28
416.86
708.61
150.28
270.05
752.18
731.35
47.93
461.6
635.66
84.21
161.88
105.55
184.28
477.71
738.66
130.08
441.27
468.68
69.07
216.68
90.51
564.29
525.18
639.95
73.25
647.6
553.29
165.6
243.81
7.64
208.47
411.36
366.57
797.85
620.85
675.37
132.25
730.89
621.14
157.6
764.82
593.79
379.22
160.88
593.88
487.72
19.94
556.46
346.01
623.16
239.58
649.44
309.43
481.77
255.61
759.91
67.45
464.32
524.26
566.5
259.23
12.69
542.31
166.41
762.02
459.07
171.91
182.26
307.37
130.55
381.71
789.04
107.43
259.17
584.49
726.07
373.62
41.31
499.69
279.98
19.36
87.46
651.63
300.72
282.49
789.45
544.42
543.92
397.39
712.52
462.42
22.67
21.79
125.68
368.2
28.54
337.97
131.04
774.66
158.64
336.61
435.59
328.22
779.72
161.46
227.18
321.83
590.52
97.53
545.07
187.84
442.15
445.1
244.69
475.69
324.85
757.54
360.68
277.12
510.82
547.64
424.05
426.17
763.63
529.68
358.55
613
531.18
713.13
573.25
585.22
582.55
360.04
353.12
80.04
160.96
97.77
791.04
526.1
488.32
452.17
652.88
784.76
390.95
163.28
692.06
499.06
182.48
694.16
657.18
486.37
150.76
754.51
67.76
446.73
511.58
189.7
78.29
719.47
716.56
366.49
592.04
198.61
616.55
94.42
491
17.96
161.64
464.81
407.41
285.73
65.44
197.51
360.82
544.11
186.23
34.98
623.5
197.83
262.75
258.96
649.23
195.47
83.34
520.07
562.3
499.31
734.96
445.28
477.17
542.6
293.27
233.79
180.89
28.94
586.12
591.2
474.65
621.54
645.46
391.46
58.99
289.43
671.64
199.92
588.48
454.1
460.87
555.13
146.72
401.02
167.43
72.72
356.36
562.39
220.22
534.03
457.61
242.77
355.44
418.39
19.42
37.74
429.9
287.98
22.13
458.35
737.78
734.58
476.1
433.26
444.11
407.01
612.82
698.94
202.69
624.62
227.13
615.46
599.25
754.44
138.8
559.64
197.98
256.77
710.91
777.61
642.95
657.34
83.53
66.29
358.24
716.82
508.34
548.6
409.55
213.48
436.87
555.71
255.67
62.28
52.04
48.12
255.28
407.78
391.15
183.98
590.79
201.08
124.39
524.5
372.81
315.13
60.82
201.9
745.53
776.97
508.02
208.41
311.95
401.94
394.74
235.76
201.23
313.22
38.89
75.4
87.15
392.08
151.25
191.76
456.38
30.11
712.75
694.14
244.04
497.43
78.53
27.74
622.47
462.23
157.43
517.56
797.61
171.73
326.18
610.47
458.72
655.85
107.02
563.23
590.01
343.83
530.07
466.28
74.62
274.67
799.68
280.56
367.16
399.95
271.79
750.58
169.6
369.83
526.88
47.98
723.4
245.1
377.93
308.78
794.71
745.18
47.59
765.2
287.06
205.55
419.5
220.22
765.44
581.12
401.22
531.22
269.93
553.54
276.18
206.23
119.5
46.56
568.91
286.8
202.52
143.2
189.18
46.34
715.72
586.85
534.48
707.2
266.81
518.65
519.85
185.08
597.43
249.55
512.83
187.39
277.55
578.37
779.12
20.58
45.96
439.5
5.34
105.39
392.73
588.02
704.58
138.78
434.86
144.59
465.43
446.97
720.84
793.45
240.92
313.75
563.42
458.7
160.15
778.96
600
4.94
359.56
396.97
652.45
757.57
679.69
583.85
306.1
489.34
452.32
325.36
371.47
733.78
329.19
445.97
366.19
303.96
103.49
84.75
447.77
297.97
588.81
634.6
682.68
763.77
401.83
795.41
52.74
357.62
481.49
173.08
26.69
710.67
686.48
107.58
794.21
157.21
798.18
364.04
454.76
311.35
173.5
207.69
444
718.51
9.11
262.02
446.17
768.57
43.88
310.04
624.39
305.3
576.37
581.17
6.11
12.2
799.74
535.53
52.08
600.14
45.25
252.69
497.57
412.83
443.92
704.55
293.66
458.04
470.68
366.84
769.56
701.85
287.68
21.44
264
451.55
186.93
5.85
385.64
506.96
290.8
797.06
40.79
671.42
779.19
605.76
13.46
397.84
182.18
763.28
783.47
367.43
181.08
212.18
629.26
373.9
297.27
781.57
254.25
108.89
544.38
250.77
753.41
22.54
648.8
352.42
78.36
184.92
142.6
562.21
204.81
468.86
20.86
512.78
220.52
399.91
718.7
486.05
686.18
753.71
587.32
57.3
405.14
685.1
76.07
417.3
450.83
410.61
533.71
588.86
786.97
48.48
111.22
266.76
600.11
671.94
720.2
333.32
658.13
756.2
642.03
148.78
670.54
663.16
615.74
99.78
39.43
304.02
617.19
122
110.61
599.11
354.87
716.05
185.66
8.15
660.74
484.82
541.99
675.33
244.87
369.14
83.71
300.48
519.16
691.29
718.8
280.97
357.99
451.98
699.66
713.92
612.66
243
289.78
15.08
272.99
661.37
482.6
395.98
167.8
83.32
396.16
286.04
634.47
523.67
315.08
680.28
397.29
198.95
223.87
232.25
79.11
46.77
4.05
364.69
110.52
235.59
733.43
607.05
229.96
486.63
163.59
486.67
423.05
560.29
407.89
699.45
142.64
379.48
705.2
189.16
8.38
755.91
788.43
360.77
194.52
603.07
271.41
521.1
62.97
455.67
155.69
130.74
206.4
198.7
298.08
558.37
698.92
693.96
64.04
225.89
93.21
615.98
138.57
612.25
606.29
604.21
293.08
305.99
603.39
664.73
401.55
146.34
579.3
661.28
94.59
561.17
687.66
799.58
35.47
775.91
548.88
622.78
177.88
543.56
150.39
596.31
106.16
43.91
339.7
581.91
613.52
576.44
157.97
6.88
328.71
157.56
166.16
168.43
166.14
94.81
253.18
667.38
745.55
306.35
669.6
7.06
294.13
316.85
24.43
788.58
22.79
627.64
656.29
797.54
410.27
436.88
271.78
551.01
360.13
93.35
401.92
725.99
631.61
299.53
1.27
793.56
761.62
502.84
507.02
234.06
241.99
53.98
752.45
708.19
228.7
668.73
35.94
645.62
578.53
45.89
339.48
724.8
206.25
331.17
263.21
331.32
190.81
204.18
400.04
293.3
518.82
149.3
131.93
693.91
214.5
35.27
149.56
607.19
661.11
771.85
54.56
653.6
6.95
195.51
513.06
782.31
405.11
299.58
653.27
282.2
9.21
482.8
108.32
758.68
517.68
118.62
312.97
283.33
170.1
541.42
205.83
589.18
93.75
650.44
666.94
665.69
690.67
424.58
379.48
30.59
266.36
621.96
762.51
563.55
378.68
416.37
138.5
350.77
369.94
420.98
187.58
408.21
427.25
242.01
643.78
626.4
786.62
567.93
183.24
136.49
228.24
229.96
404.25
152.45
322.16
317.56
500.6
78.71
101.66
41.09
202.49
722.68
605.21
456.36
442.16
725.61
361.34
89.54
639.04
524.6
173
310.74
490.04
106.66
792.78
612.69
69.3
146.51
398.55
734.75
511.97
445.92
23.27
258.92
426.92
463.26
89.55
477.19
327.83
691.2
124.09
45.84
160.33
227.07
156.65
165.81
90.28
490.93
521.72
167.51
379.01
628.98
508.05
224.21
42.16
728.74
653.83
177.01
233.38
167.96
347.84
511.57
173.95
381.64
45.66
208.78
193.82
238.58
632.57
515.63
124.04
392.63
392.65
504.74
385.6
467.53
629.9
377.11
270.69
217.5
526.31
58.44
469.17
23.4
100.42
471.57
137.04
530.89
644.68
78.84
528.8
67.92
292.27
361.79
777.88
589.09
49.66
646.28
500.6
571.57
556.95
316.67
741.75
607.77
526.35
478.56
462.65
162.35
650.81
391.38
307.62
52
224.23
264.82
386.59
685.52
37.02
455.77
375.55
184.66
414.07
296.37
467.86
270.15
649.35
467.04
680.07
378.16
521.55
245.51
351.21
307.6
582.89
742.67
317.36
369.84
111.48
666.85
748.9
393.36
782.39
220.63
462.53
173.72
94.81
781.07
687.08
335.31
364.12
485.92
281.03
603.05
494.42
728.05
518.46
707.86
331.56
95.45
69.87
136
394.07
744.42
144.59
648.88
271.79
458.41
599.13
610.32
287.59
789.48
697.43
383.55
359.61
488.07
528.53
272.83
386.04
40.98
584.48
493.53
231.17
701.23
681.31
478
200.59
739.72
102.27
382.89
447.53
551.75
205.74
424.9
238.52
515.58
252.33
771.4
456.72
127.05
530.29
202.37
767.89
253.97
779.54
579.3
412.39
71.21
218.41
540.49
770.79
41.66
711.44
240.64
269.04
546.64
292.2
779.73
296.36
210.36
558.18
761.09
676.26
690.63
71.96
229.63
795.59
371.04
696.13
778.84
227.73
718.53
375.21
132.23
156.84
320.19
174.21
742.42
395.77
266.09
762.98
230.81
6.16
352.8
388.12
16.18
542.98
185.44
592.13
94.41
457.44
33.93
124.15
227.93
731.69
722.27
712.81
503.46
654
331.75
250.69
502.38
404.7
795.42
650.83
147.61
124.52
214.13
132.58
208.73
630.51
347.2
132.94
508.33
585.4
378.78
557.95
377.6
31.6
789.13
126.08
608.46
280.61
176.46
97.31
233.56
7.3
92.75
517.65
683.75
744.19
153.23
126.57
608.96
588.91
699.22
107.11
438.83
195.07
299.48
699.61
771.88
140.53
66.23
52.57
573
413.95
574.94
281.48
182.18
745.08
444.3
701.63
43.44
150.05
386.3
745.64
668.97
325.29
535.96
92.38
774.48
755.01
544.13
444.7
677.77
365.76
262.37
528.56
178.94
28.4
625.36
370.55
144.39
329.78
720.75
749.82
778.12
657
592.74
192.56
389.89
341.93
171.6
723.21
524.78
670.46
480
258.3
337.29
641.6
791.4
676.61
778.89
784.33
793.33
540.8
555.01
261.7
150.53
312.3
250.86
400.36
300.28
568.03
412.51
700.44
394.67
228.2
515.87
314.29
703.42
785.94
107.77
608.61
323.86
385.07
32.39
463.25
420.17
70.09
683.65
540.7
316.6
580.98
617.99
436.21
771.7
626.09
82.91
13.47
710.23
651.86
7.64
387.12
445.66
211.71
122.13
568.24
448.22
529.35
483.3
701.52
746.57
317.92
466.35
475.61
747.81
687.58
652.82
480.85
575.1
655.49
367.54
581.33
281.94
87.8
505.69
490.64
599.28
564.55
331.12
22.37
85.31
62.34
639.66
258.67
465.04
723.46
745.89
83.17
536.24
610.29
682.69
497.52
610.67
32.11
550.02
781.09
10.24
729.06
392.79
616.24
466.02
588.74
247.04
385.32
380.92
334.54
700.34
487.58
51.51
389.52
674.73
676.37
734.86
702.56
142.32
432.08
647.04
571.32
744.56
388.3
399.87
166.68
779.81
253.05
163.53
155.03
778.98
102.15
629.44
576.93
103.48
552.43
697.91
186.14
470.61
106.86
553.84
196.38
458.51
442.08
144.01
789.77
250.75
173.51
563.52
359.26
498.41
22.02
329.31
121.99
132.98
600.36
739.56
413.6
147.01
341.72
133.48
97.93
387.76
728.78
284.33
45.27
652.61
110.54
202.51
769.43
297.82
683.03
264.21
333.04
742.84
263.39
428.4
535.14
485.22
228.6
173.97
142.43
278.59
546.06
192.2
202.76
789.07
796.54
779.65
284.63
361.31
465.24
456.76
763.38
522.6
236.33
410.75
713.49
201.1
736.74
143.51
215.85
767.25
776.94
781.69
140.21
252.12
94.47
181.19
129.35
112.35
395.55
329
666.45
720.65
485.91
400.97
149.99
255.2
668.98
794.4
629.11
203.99
46
523.26
164.25
371.11
225.18
301.5
200.17
582.59
352.77
33.22
410.76
541
712.42
606.27
783.48
325.7
687.16
302.76
419.81
547.71
30.54
199.82
501.64
560.54
517.81
694.14
426.19
387.84
228.59
30.39
392.36
218.07
12.77
412.89
61.86
451.01
189.5
792.95
414.22
42.22
50.17
453.57
533.03
116.53
124.16
414.64
348.45
316.82
189.62
326.82
292.72
461.13
51.16
491.73
755.04
117.15
421.38
586.34
748.99
114.34
102.62
312.07
510.73
482.52
745.93
568.12
719.98
592
752.97
374.23
534.01
355.3
628.98
56.43
64.47
591.01
120.75
638.54
41
406.39
674.38
438.96
511.23
660.11
386.26
417.78
688.55
439.74
282.47
286.48
224.56
560.52
400.32
418.9
211.03
514.17
441
130.45
121.64
786.97
30.09
716.81
407.64
12.81
265.2
526.94
647.22
22.87
637.32
707.59
304.51
385.97
362.98
13.1
391.35
217.94
570.43
261.78
541.6
204.81
726.56
660.63
4.38
643.97
672.87
83.94
339.37
314.87
648.7
586.28
70.02
102.33
628.11
216.88
295.67
496.2
168.07
272.18
693.5
371.71
461.59
55.11
293.91
578.75
96.54
371.48
250.82
694.99
88.79
705.36
112.03
370.57
8.12
378.16
12.87
586.26
415.04
261.74
421.33
246.46
731.37
644.98
73.02
645.09
521.44
653.94
578.21
88.1
106.59
561.25
543.75
164.8
241.95
289.08
491.15
541.72
15.29
609.46
683.99
678.88
386.37
42.25
363.2
114.41
439.67
234.46
191.61
424.49
51.22
743.66
277.39
762.09
469.61
23.02
567.27
372.19
154.41
619.73
569.17
622.49
133.22
609.34
321.1
504.84
354.89
440.33
525.18
146.52
587.45
609.25
549.9
400.05
710.84
660.39
561.89
264.91
30.06
367.71
771.23
260.94
495.34
74.37
88.64
746.57
788.5
573.98
434.54
25.71
437.15
375.85
128.62
765.85
622.45
117.59
789.73
504.7
122.19
195.4
472.19
221.57
438.84
406.3
757.01
597.25
734.11
540.23
709.89
705.42
12.6
637.04
151.84
546.31
228.96
580.08
398.99
705.18
153.07
569.74
794.93
583.84
413.08
305.61
110.09
234.12
469.23
528.71
585.31
413.54
2.74
444.15
99.87
369
248.52
772.27
94.82
669.68
96.99
239.26
238.17
62.88
111
286.26
494.72
449.77
256.92
637.86
564.69
89.13
513.96
539.49
727.35
74.77
298.91
217.33
579.55
692.51
692.98
285.86
0
459.51
485.95
431.79
33.53
219.33
729.75
312.67
13.78
740
176.37
304.52
264.65
488.18
471.09
406.47
137.88
768.73
365.87
752.9
746.45
173.3
684.29
469.82
638.29
21.69
57.45
288.45
446.34
785.56
642.93
120.81
741.79
791.93
420.39
521.75
651.81
105.68
201.05
32.05
421.11
377.18
708.25
601.28
311.14
173.2
376.77
309.9
555
793.2
675.17
77.5
624.09
614.02
492.99
526.5
392.5
275.88
255.32
522.3
639.39
541.2
288.34
752.57
408.89
472.16
735.18
26.25
664.99
380.47
580.64
406.59
420.92
564.78
362.45
402.04
363
135.99
332.58
570.82
80.94
329.94
204.12
761
204.9
751.61
622.99
262.1
249.75
383.1
140.8
75.86
765.66
644.89
339.94
259.77
321.69
694.61
198.1
203.97
710.49
39.1
392.66
621.03
723.05
45.76
211.32
155.46
703.1
138.68
708.35
180.83
54.99
435.83
640.35
455.09
631.41
548.33
730.8
691.29
389.73
528.68
372.6
530.07
84.83
424.85
703.83
616.17
731.23
188.63
101.08
143.17
79.21
180.33
134.9
288.72
415.15
556.27
383.5
466.52
492.87
454.84
559.65
232.72
358.16
703.92
713.35
360.92
64.49
329.53
64.77
276.21
698.9
513.93
601.75
31.81
693.97
388.74
610.62
433.75
46.87
442.95
462.52
219.73
226.65
12.35
313.92
620.21
337.15
658.86
579.31
457.5
760.75
556.71
579.7
573.24
100.49
607.05
541.25
708.5
497.01
1.85
639.01
719.07
693.41
18.13
717.71
135.75
217.69
689.04
8.41
768.87
212.71
545.37
1.85
705.96
421.08
657.77
520.22
131.98
273.8
438.48
318.87
23.86
194.68
427.01
786.13
166.7
514.25
409.6
292.49
175.66
65.41
446.53
211.09
564.83
113.4
134.91
601.77
145.53
592.7
241.23
638
568.43
110.24
315.37
405.91
22.44
466.34
641.29
735.68
244.77
58.7
466.34
45.89
323.84
149.69
611.67
694.24
612.04
546.62
796.39
226.52
160.92
13.63
761.64
128.06
715.09
155.68
707.33
741.87
654.35
20.84
0.08
258.91
336.15
424.11
51.25
306.34
557.36
339.74
301.54
738.72
474.26
620.17
665.06
7.41
602.94
705.47
202.96
137.43
308.27
301.4
39.25
696.79
259.81
446.47
20.73
621.56
195.42
723.56
771.57
478.5
273.97
269.14
431.3
178.83
606.21
556.25
347.95
729
651.61
5.59
709.61
796.29
253.8
422.51
267.07
676.92
714.08
259.5
369.2
429.3
163.85
304.97
276.34
736.96
203.56
370.73
225.65
661.69
353.61
472.84
344.1
57.81
687.13
493.35
71.33
84.04
376.52
416.76
611.32
674.06
734.63
525.4
484.38
634.77
68.61
133.18
443.27
24.61
542.53
674.42
585.13
592.68
49.6
92.67
299.1
171.59
650.29
676.52
497.67
60.67
483.73
215.68
101.45
217.94
525.18
479.81
4.35
632.8
546.45
199.98
63.03
155.46
435.1
270.99
767.65
432.69
697.08
332.77
743.9
224.36
627.31
701.82
685.86
412.05
137.3
500.22
575.32
173.47
727.34
528.58
85.78
703.1
694.61
202.54
64.8
216.08
720.22
120.28
409.55
58.74
705.45
628.16
207.55
18.45
556.01
402.33
282.48
170.19
657.98
734.64
725.29
503.71
713.88
97.22
485.68
226.44
793.22
794.2
241.35
274.75
262.3
794.08
420.93
109.65
618.89
78.79
617.14
542.6
96.96
661.41
179.89
308.62
148.6
513.77
364.45
113.67
724.91
754.59
633.27
352.06
300.56
69.39
741.1
782.11
519.39
432.34
750.86
228.26
773.98
527.07
444.02
172.34
698.75
572.92
710.1
557.05
681.01
567.77
205.7
25.65
134.58
258.3
114.69
154.73
393.49
637.51
253.21
417.57
586.16
795.17
654.41
514.86
394.62
387.21
262.49
468.38
331.37
730.94
461.32
655.92
722.64
581.58
489.1
638.91
422.05
369.54
406.48
547.86
643.61
437.36
316.37
608.83
122.15
612.51
303.93
347.4
143.1
499.07
465.72
428.43
485.27
546.64
311.88
15.18
23.57
327.34
89.88
188.78
542
775.93
592.43
259.17
43.77
781.26
278.22
565.94
5.88
773.52
117.38
237.98
101.12
491.89
395.16
233.02
631.33
132.28
42.21
440.01
400.27
8.74
740.84
598.29
71.54
319.29
599.28
701.98
562.74
619.29
11.89
606.97
631.61
487.16
704.45
373.16
119.11
716.31
81.82
0.8
3.34
99.58
769.61
130.96
636.72
707.78
359.22
327.5
721.28
74.32
725.01
331.61
447.16
718.63
479.3
742.41
715.14
106.82
648.63
279.06
233.32
725.87
250.56
392.93
6.51
178.03
201.7
396.79
14.14
527.54
417.7
272.88
675.55
40.64
50.39
694.02
460.58
434.35
193.1
763.22
373.69
530.95
348.96
461.33
197.04
682.63
659.45
633.49
351.41
104.93
537.09
522.16
677.73
339.93
86.7
667.17
651.58
668.66
258.26
659.3
123.61
481.49
88.12
584.48
203.75
360.33
796.43
387.39
624.97
410.39
608.68
140.82
707.78
262
58.06
526.81
638.5
705.42
199.09
247.8
788.01
119.96
484.37
251.18
345.9
306.59
592.51
722.03
325.95
143.19
530.15
478.47
312.74
662.64
114.98
488.94
745.65
554.73
298.97
607.9
245.22
318.1
543.54
319.4
770.18
176.57
787.91
709.7
478.48
636.64
796.37
720.12
751.52
80.19
659.69
740.78
372.15
239.19
771.93
212.96
335.53
325.3
260.75
565.82
307.02
183.55
782.78
169.5
170.94
355.79
703.26
150.7
477.11
251.7
470.37
440.84
700.12
516.2
290.32
688.52
375.58
377.08
195.01
289.25
554.94
155.93
13.51
297.17
679.3
796.5
406.53
717.82
295.99
227.51
776.81
552.06
437.65
50.18
320.27
74.89
186.13
485.24
101.1
323.92
148.57
202.64
357.42
31.71
289.63
347.04
708.04
560.25
708.94
121.16
423.86
312.82
210.94
571.78
210.43
206.13
722.11
26.37
641.32
1.86
114.76
345.41
546.34
733.91
618.06
156.1
636.73
261.28
127.8
593.64
355.71
125.91
602.99
346.84
355.52
268
701.74
1.52
203.4
577.35
57.99
166.37
588.06
710.93
382.9
548.1
242.84
295.69
706.32
676.11
461.29
478.38
685.16
544.27
538.14
531.27
167.45
619.8
106.85
132.36
208.35
133.96
287.21
204.58
547.36
240.77
26.05
323.8
782.84
361.86
400.54
428.17
329.66
197.04
403.53
582.03
758.32
420.23
740.36
203.34
305.41
563.01
775.21
694.59
306.59
299.42
640.69
99.37
577.94
61.79
384.54
780.74
207.99
697.34
285.94
427.12
785.56
630.76
231.92
204.66
149.59
623.34
528.84
536.75
289.68
10.4
34.07
211.95
415.87
2.43
256.55
278.48
291.08
409.31
93.23
319.51
671.09
425.74
376.8
143.47
137.61
375.83
149.71
96.69
518.87
392.02
589.06
543.65
722.75
381.64
287.96
718.12
142.16
440.87
137.82
51.59
25.8
59.11
610.2
2.9
364.13
760.41
487.78
184.12
695.8
44.4
575.58
88.34
603.15
362.94
150.49
448.24
120.65
443.61
356.87
78.48
50.13
53.02
599.1
694.47
347.2
767.61
443.78
699.63
524.39
799.01
734.7
397.17
204.1
733.81
268.45
789.89
542.76
181.17
753.18
493.02
285.77
598.02
231.99
649.57
605.37
535.58
52.82
85.42
603.35
397.29
366.58
721.41
765.36
557.84
43.88
283.18
142.35
314.84
451.28
333.49
623.1
15.17
187.93
152.83
195.99
546.86
415.71
228.37
164.38
586.08
676.52
420.59
597.76
378.68
778.36
727.19
290.08
755.14
167.01
789.9
382.65
154.8
642.32
193.56
749.64
667.41
533.91
235.58
479.18
586.71
49.83
506.68
505.21
152.81
504.3
555.79
249.6
504.27
634.6
169.95
728.57
591.14
167.87
306.59
297.41
160.1
134.85
286.22
578.96
357.2
134.11
487.53
510.77
41.78
416.79
637.55
558.52
419.29
290.17
571.9
555.81
251.14
234.4
5.44
117.56
566.69
361.16
717.95
408.07
95.84
370.53
59.09
589.13
301.93
435.78
464.35
443.66
109.92
292.15
711.58
357.46
484.89
300.47
348.14
435.39
671.46
328.52
385.29
290.22
156.99
345.2
260.44
343.67
743.36
704.84
540.32
240.22
554.84
6.42
684.39
45.19
452.42
435.2
186.15
191.49
58.28
676.33
308.83
341.3
263.58
278.61
343.08
26.98
433.33
131.34
666.92
23.19
550.63
585.28
572.89
622.36
214.15
480.37
610.94
709.3
351.23
397.03
414.3
631.85
528.25
491.78
557.59
718.01
219.67
570.18
531.02
193.14
209.46
368.64
428.36
253.56
301.28
393.51
404.12
180.08
431.92
465.35
440.27
226.52
106.31
352.14
693.96
777.67
726.84
117.34
31.59
185.05
437.97
568.84
289.08
557.23
665.74
591.64
242.65
199.77
119.57
509.48
436.01
337.16
403.29
511.18
551.19
576.76
556.78
588
616.49
117.86
321.65
438.24
644.61
436.03
506.34
176.26
589.4
42.79
551.68
177.02
355.18
778.03
204.77
456.57
291.65
119.91
341.26
440.21
773.46
231.21
524.59
393.1
368.61
563.78
554.02
253.51
324.09
369.9
493.54
624.29
546.25
169.19
444.44
572.59
42.72
761.76
83.4
292.06
496.3
360.78
33.13
372.67
721.63
326.37
2.73
710.13
531.25
522.59
671.32
620.36
188.26
405.98
590.93
624.77
259.58
226.26
340.94
548
114.84
265.52
686.33
637.17
416.34
222.99
506.94
493.95
272.51
217.07
264.5
693.87
24.94
441.41
525.39
64.29
638.96
75.35
103.65
24.34
725.49
601.05
133.67
725.55
625.63
560.14
738.14
684.87
175.58
225.95
303.2
224.16
718.22
272.65
572.1
322.95
370.13
789.64
414.63
251.15
727.47
492.16
94.29
105.16
359.13
113.81
456.26
85.16
636.63
742.37
749.04
439.94
254.01
292.15
528.78
210.53
561.43
340.39
799.82
247.41
348.91
98.95
547.94
780.01
794.22
177.55
673.21
574.73
378.99
424.95
185.5
573.55
1.06
736.94
4.82
99.39
211.4
188.68
294.4
26.52
475.34
67.03
690.55
500.11
795.98
365.25
196.1
5.19
256.7
212.73
237.34
223.22
107.44
667.88
103.15
490.06
256.73
127.94
238.28
179.89
303.46
559.86
657.86
736.37
176.67
551.4
0.12
157.49
686.06
24.59
257.57
141.82
244.79
718.22
624.01
665.29
251.72
461.43
203.28
782.31
421.66
471.29
358.06
710.87
513.11
333.28
650.25
474.37
147.64
483.41
781.71
292.14
761.74
71.09
648.72
707.9
209.65
584.15
329.19
184.44
628.52
716.37
179.66
293.11
562.87
531.68
364.04
233.8
256.11
201.57
132.25
422.97
541.28
533.1
270.44
207.97
483.59
514.29
528.5
462.79
237.2
704.17
115.69
560.3
93.85
7.64
467.51
687.29
322.84
765.69
371.04
618.86
357.07
0.43
742.06
285.52
50.42
23.98
178.68
460.58
768.38
647.03
158.91
609.28
45.65
502.81
580.73
309.31
589.62
715.69
186.35
726.22
618.77
87.05
105.1
464.8
775.03
17.92
384.23
731.72
207.22
532.81
681.92
378.74
197.47
728.12
120.75
708.44
471.96
401.34
100.34
543.37
391.05
475.14
662.67
12.73
116.4
778.12
18.06
599.22
236.4
542.5
343.29
711.87
786.43
322.39
274.19
798.68
593.92
451.91
465.83
145.39
403.48
333.34
582.07
88.38
327.71
702.34
161.88
24.03
106.99
399.6
630.24
519.84
190.03
279.78
680.28
192.6
594.66
516.81
504.01
596.68
683.57
434.6
619.54
529.14
761.61
451.59
387.69
742.31
526.81
368.42
756.01
717.49
176.73
79
34.07
422.79
199.23
593.45
611.62
443.52
73.36
41.51
200.39
412.81
287.87
144.72
53.77
254.5
714.31
627.14
211.82
693.19
237.64
474.46
571.49
273.5
387.53
253.14
258.77
156.48
326.34
8.6
86.74
258.95
189.06
767.83
194.74
52.97
130.05
235.38
648.38
119.52
558.9
259.92
187.8
771.39
58.77
335.16
175.15
408.56
104.16
620.26
689.03
538.2
623.54
253.78
611.39
226.39
635.48
559.61
656.81
756.73
46.3
579.54
265.1
459.6
173.24
256.76
157.94
751.36
652.74
352.93
452.6
149.49
140.21
11.31
513.49
333.26
323.43
135.22
386.88
389.48
12.06
342.27
80.63
462.74
581.4
319.89
721.61
744.41
514.22
602.82
665
302.23
75.18
562.99
793.18
512.99
141.56
532.83
15.26
51.2
183.54
522.38
198.46
702.87
754.19
510.99
316.34
632.26
281.36
358.77
720.14
220.13
217
612.24
542.37
649.44
414.4
297.58
110.07
364
358.74
248.78
371.27
390.16
32.92
322.62
434.74
693.33
457.61
758.79
151.93
785.43
453.57
659.35
310.62
527.73
413.68
56.32
750.7
516.82
664.96
453.35
307.67
460.93
334.19
232.52
252.28
269.82
638.16
767.7
691.33
424.16
439.06
562.36
147.13
767.44
376.58
125.6
716.56
36.43
81.33
722.86
338.27
539.51
279.31
80.45
354.64
39.18
494.69
58.98
588.79
504.99
665.44
731.85
488.61
263.85
548.38
449.73
484.48
547.97
54.45
614.77
529.79
720.91
79.78
83.85
587.11
389.46
310.51
745.5
265.17
64.37
435.9
39.55
673.77
220.31
757.46
566.06
441.06
530.73
518.18
221.85
735.68
69.96
329.98
105.22
576.17
659.55
113.27
682.64
348.01
271.07
612.01
228.27
789.69
407.26
57.19
352.39
384.64
518.11
371.06
328.78
145.94
746.1
606.12
329.56
650.84
76.39
284.57
377.57
542.07
354.53
242.84
152.79
794.66
465.43
87.77
797.27
730.16
443.23
361.19
343.65
570.92
732.31
305.64
65.71
631.31
65.09
553.33
9.89
415.24
461.34
409.52
210.52
638.63
12.39
2.33
305.09
762.31
289.95
250.14
286.79
124.15
87.18
75.03
783.29
556.25
470.93
5.25
97.79
559.09
387.75
210.67
649.19
640.38
323.81
191.52
696.57
175.58
492.49
384.38
181.92
125.23
275.81
403.13
738.52
168.93
358.53
710.34
725.68
263.25
619.83
18.16
531.43
633.04
628.89
405.91
197.62
519.49
588.09
785.73
600.1
475.62
599.99
243.97
527.6
287.25
480.99
353.76
206.64
254.07
637.57
774.53
548.9
311.65
779.34
666.6
602.6
187.54
121.82
595.44
721.43
620.49
205.83
126.95
796.3
241.82
440.09
278.19
708.18
355.34
525.98
725.22
324.94
760.85
193.6
638.25
681.92
574.14
66.93
353.67
532.41
621.72
384.08
492.59
715.01
615.76
286.58
473.42
610.29
200.91
608.27
184.36
489.6
121.6
431.19
103.91
171.56
734.63
690.64
607.74
638.55
495.06
417.71
126.56
65.79
293.38
673.98
551.59
76.77
379.26
228.95
30.13
678.04
454.7
222.32
570.51
92.99
748.6
199.38
81
628.51
467.13
224.35
93.56
683.98
157.26
268.43
537.38
193.71
137.53
729.94
244.45
508.15
740.44
20.91
12.22
704.17
146.32
733.88
244.05
97.05
778
323.04
64.59
665.54
284.76
766.72
30.6
567.82
314.51
726.92
492.1
672.32
413.99
784.2
421.05
615.57
568.86
24.21
793.11
434.31
302.08
508.26
145.05
484.47
488.59
44.61
47.82
385.13
590.87
329.25
734.42
580.78
194.63
618.11
54.51
324.79
640.66
362
471.54
365.24
286.71
437.9
146.56
465.99
192.06
7.4
717.37
702.55
672.88
543.49
308.79
432.25
462.6
570.82
682.95
63.63
697.49
314.97
793.09
218.07
147.51
732.4
123.48
388.87
536.1
763.15
308.05
72.49
134.64
460.17
275.88
749.74
457.33
497.54
708.55
10.62
9.86
375.68
620.44
80.14
558.13
514.38
519.49
272.67
135.23
490.5
629.6
201.24
447.99
352.76
545.03
575.11
440.84
625.58
489.7
643.94
487.81
584.78
28.57
305.82
186.99
74.45
191.42
58.41
115.04
595.17
393.27
668.08
271.58
331.03
685.31
240.85
261.57
453.41
181.25
596.17
68.37
320.35
648.75
729.49
487.49
209.03
679.32
161.24
326.96
142.6
228.52
483.14
432.37
247.65
637.09
761.62
97.23
637.03
241.86
524.48
615.65
604.33
51.29
486.61
519.09
109.99
707.04
528.19
44.9
793.43
107.65
166.48
297.4
226.59
66.69
780.97
394.75
684.65
646.7
94.5
736.53
238.48
262.47
758.96
730.75
744.08
280.09
774.58
648.22
704.32
519.31
659.76
145.57
295.42
516.76
389.54
9.16
158.47
52.01
2.52
140.69
730.19
677.29
240.48
761.72
570.58
655.17
216.57
338.94
350.51
108.3
461.48
575.19
571.98
671.29
245.36
98.01
157.42
497.82
253.78
789.79
677.82
517.82
717.18
316.47
513.53
637.04
288.38
415.01
106.27
247.76
110.88
315.85
232.42
424.94
10.16
739.74
712.86
42.54
614.83
218.35
402.11
651.06
296.17
462.73
325.28
701.51
653.03
661.67
489.29
354.52
571.25
422.27
786.04
398.34
440.22
411
324.87
627.15
482.74
407.26
509.34
383.15
287.65
188.92
555.48
442.75
792.41
164.24
73.9
532.15
459.06
745.52
300.57
287.48
321.91
101.86
687.9
679.24
99.06
382.46
223.38
418
542.96
36.65
14.37
208.33
108.8
54.42
319.9
305.93
722.69
260.43
343.32
612.12
168.13
389.67
296.66
188.87
647.13
727.23
43.98
236.76
31.8
81.92
751.12
32.18
138.62
397.35
337.95
747.22
517.75
597.83
108.86
604.12
404.2
512.44
421.23
643.87
341.48
757.44
72.94
173.13
747.4
16.26
577.98
614.09
559.87
757.96
97.8
692.53
656.73
42.7
302.95
83.14
730.14
32.72
52.19
22.04
474.83
591.95
581.67
549.45
266.56
745.1
488.28
137.08
345.12
586.25
564.66
0.38
415.21
355.43
782.02
343.31
336.69
628.29
257.09
268.77
222.12
133.84
688.78
643.37
274.15
22.41
9.14
413.57
726.59
633.66
651.09
459.36
580.63
167.08
505.35
599.33
106.08
700.72
651.38
751.85
292.68
220.89
71.34
136.41
141.03
782.4
107.64
119.05
5.3
90.28
318.68
571.1
45.38
112.04
380.51
313.81
488.46
747.23
771.21
45.45
744.06
56.04
709.17
576.68
35.84
131.71
365.51
9.97
164.79
75.8
776.42
184.49
147.83
70.56
751.09
278.09
261.04
163.18
314
371.09
238.92
102.94
373.17
530.73
423.44
623.74
249.54
28.3
562.85
65.73
121.41
187.04
19.21
230.68
414
287.17
386.29
187.28
346.5
247.73
742.41
52.12
673.16
200.53
317.8
558.71
487.43
735.34
223.68
217.8
84.22
586.11
679.76
205.99
342.12
297.76
752.03
32.93
688.09
715.64
630.78
425.76
224.59
95.66
507.29
309.67
329.02
742.83
734.37
738.46
323.6
437.33
213.99
642.42
474.56
50.62
616.02
327.89
462.16
22.99
634.11
570.27
430.91
22.24
507.39
736.42
561.59
659.59
731.09
651.9
516.14
782.95
208.33
580.83
684.5
673.63
720.49
272.07
458.85
391.63
481.82
243.97
269.71
661.44
600.47
431.43
143.02
794
130.14
292.77
744.73
786.22
148.62
30.92
144.7
497.46
610.69
526.67
55.31
414.03
793.34
578.39
38.19
285.61
639.35
503.27
249.22
715.88
662.68
109.59
144.11
209.51
677.17
4.11
511.23
462.25
385.24
619.51
17.6
481.54
219.65
241.27
468.31
719.5
516.07
505
393.46
75.09
724.33
223.82
170.82
258.62
543.86
339.6
435.8
116.81
661.15
105.49
521.25
270.56
786.36
243.56
159.42
91.5
42.01
120.44
550.34
683.3
116.54
508.41
76.27
118.01
543.66
709.99
735.91
139.58
190.48
308.63
565.73
523.62
666.99
609.69
470.57
585.87
114.18
241.03
695.17
68.94
78.24
444.82
8.03
559.11
444.06
294.87
431.71
291.2
413.64
600.11
527.91
753.28
759.28
797.22
544.92
280.46
239.33
193.21
276.92
456.45
327.62
293.3
336.73
253.84
377.33
581.04
300.81
481.62
400.4
8.15
458.81
684.78
277.47
650.57
254.8
581.92
222.05
758.08
108.1
230.31
463.13
468.65
233.05
677.73
532.94
168.92
337.36
720.01
64.34
20.54
111.01
20.34
182.42
482.37
471.85
627.06
420.64
30.06
518.59
294.27
406.25
226.61
548.51
67.39
651.42
437.86
601.87
170.47
278.31
762.55
651.7
624.47
660.12
211.06
698.58
735.3
431.56
148.5
539.4
625.4
232.89
387.74
751.45
36.54
394.08
217.53
252.88
627.4
551.28
798.48
475.47
776.8
705.34
257.83
146.99
448.31
746.96
19.16
511.67
388.46
636.92
34.62
413.79
13.39
513.2
143.45
108.84
285.14
342.47
191.14
740.92
278.84
10.45
727.2
726.09
652.14
26.76
216.44
711.57
524.83
65.08
302.87
670.66
311.77
159.77
318.91
136.73
500.92
41.34
266.26
313.96
687.84
140.81
100.39
36.66
763.43
334.39
256.55
256.63
257.17
23.27
332.96
252.99
639.67
463.8
598.75
471.23
643.25
554.16
789.72
394.36
226.26
765.59
261.55
793.63
516.56
595.29
38.91
517.27
755.98
327.25
580.61
353.87
22.67
391.83
325.12
370.85
734.02
765.39
49.56
449.77
474.68
499.49
294.54
537.28
733.2
460.96
722.99
62.49
10.08
276.65
158.78
516.91
583.11
704.59
53.15
794.25
387.63
615.65
699.99
651.25
744.63
359.44
130.76
81.29
28.13
630.97
693.93
795.76
247.57
581.37
437.87
654.99
675.9
66.3
679.14
595.81
348.33
484.85
641.58
173.62
773.34
326.04
637.64
698.43
162.28
427.26
139.46
796.85
80.59
203.06
487.53
201.66
174.79
278.27
87.67
12.59
539.66
373.5
357.32
204
226.68
386.73
473.48
275.24
112.99
541.5
150.54
141.43
120.71
770.69
660
149.26
242.57
573.25
195.6
691.85
496.54
451.08
619.15
630.04
526.58
164.92
414.76
23.76
278.91
638.06
178.17
456.97
390.5
667.95
370.73
331.94
450.9
665.55
474.37
101.86
42.56
21.97
147.47
158.01
295.91
456.02
797.63
2.46
30.49
516.1
555.48
604.05
346.78
69.8
404.25
686.02
28.81
426.44
761
728.66
488.15
221.75
277.34
723.46
531.73
337.95
696.35
31.03
603.55
222.07
133.2
578.12
27.05
143.33
311.41
444.59
53.91
15.93
120.03
244.79
325.98
452.28
39.45
76.52
292.85
472.6
444.23
91.56
737.87
447.66
222.46
103.46
496.85
796.88
23.34
40.74
76.46
727.34
16.18
227.73
406.52
388.99
543.89
667.41
761.72
524.65
310.69
411.16
122.01
236.17
11.21
514.06
99.52
586.74
651
143.81
345.15
215.32
155
182.51
209.98
409.27
301.55
330.31
37.54
772.73
462.57
297.39
642.31
725.34
204.11
381.32
467.79
736.36
569.03
218.68
797.43
220.95
115.94
53.78
144.76
291.06
670.47
220.41
315.25
533.51
1.77
593.33
750.3
578.18
33.44
49.68
405.05
641.03
473.34
723.87
559.12
410.44
63.51
231.57
70.42
68.6
90.81
437.21
300.44
284.22
756.01
39.76
164.22
86.17
44.72
628.99
686.44
602.77
589.41
737.52
664.29
269.22
242.24
450.77
161.79
358.29
198.31
94.88
466.27
255.61
568.63
312.16
701.12
489.03
219.71
97.72
147.52
755.23
314.23
383.96
650.88
750.23
193.79
793.68
126.64
197.38
457.08
36.15
133.66
244.98
610.36
265.63
240.24
265.99
176.55
499.1
595.39
658.14
221.49
33.32
400.42
514.34
670.19
178.21
639.75
347.1
758.42
757.54
260.28
193.23
795.63
115.45
222.38
667.68
691.72
653.58
492.1
3.33
396.28
633.62
307.91
62.72
508.35
631.06
401.78
124.85
380.56
444.62
710.41
42.42
155.8
531.66
604.27
237.57
281.76
47.31
721.61
630
703.08
357.27
460.38
211
285.85
610.07
69.69
373.8
666.63
12.52
232.46
43.05
168.63
450.38
418.6
136.63
377.65
390.37
531.68
685.48
700.65
70.18
364.1
9.67
301.05
134.22
103.85
708.47
98.33
326.13
227.21
182.6
194
372.6
233.68
547.86
658.91
768.67
769.74
743.62
365.37
113.03
599.71
259.05
513.52
546.46
742.93
314.98
231.99
417.35
167.21
140.96
70.75
314.69
738.75
750.79
764.86
556.98
41.08
646.03
536.88
47.24
109.01
175.92
469.49
19.96
36.17
24.82
517.86
721.23
195.55
712.14
533.21
294.22
108.03
75.56
252.24
516.24
345.62
298.87
617.89
126.42
661.01
772.39
92.11
521.16
391.58
359.36
121.7
347
746.41
361.12
458
508.19
240.77
77.89
293.38
645.69
621.08
362.85
352.17
394.49
34.56
548.11
420.82
741.54
626.73
139.35
591.15
463.72
776.09
554.59
444.56
467.01
30.82
550.93
457.65
59.5
356.04
247.79
248.04
315.21
116.9
586.81
352.94
30.84
400.51
497.32
609.98
358.46
531.97
378.17
197.47
617.49
456.17
740.59
529.02
679.6
446.81
181.02
472.91
405.73
387.25
129.75
35.07
44.85
4.44
98.91
105.85
206.97
115.82
709.78
126.58
709.24
184.83
323.54
291.01
752.77
576.23
27.68
48.03
10.24
223.46
447.14
198.17
366.33
150.64
589.6
584.47
121.81
494.27
60.39
620.8
647.07
106.87
379.52
39.32
477.19
37.99
558.95
218.57
158.66
77.44
11.95
677.99
639.41
296.51
127.95
181.95
258.41
422.6
552.77
310.41
538.96
743.02
648.56
433.58
474.37
195.84
785.66
352.92
281.37
310.05
431.1
579.35
492.63
146.44
237.26
151.56
697.3
518.68
296.81
215.72
94.13
13.37
376.26
639.08
142.38
497.96
208.56
72.13
339.37
299.82
220.31
148.43
2.33
567.52
229.05
80.61
288.69
273.45
405.18
288.06
748.56
580.11
593.71
590.34
370.13
620.3
610.25
117.47
686.95
101.19
197.51
79.67
431.64
523.17
361.56
394.54
298.49
252.26
256.8
229.73
63.36
240.02
380.25
646.59
141.84
203.56
251.08
552.77
246.05
412.78
398.42
713.14
679.78
561.52
251.29
563.19
230.25
460.11
197.96
307.53
449.99
35.95
780.93
517.51
333.01
9.4
65.65
652.47
720.96
31.16
232.5
608.36
551.11
137.45
130.12
422.75
0.07
49.69
513.77
447.44
7.32
100.89
263.22
206.04
1.31
702.46
637.67
662.25
201.17
37.79
653.26
239.73
71.47
308.19
552.41
508.1
464.15
15.41
788.66
205.51
442
387.03
233.86
178.81
381.54
290.65
116.74
347.24
596.98
707.82
774.29
638.85
767.77
41.22
467.7
169.48
30.88
518.95
589.59
81.05
763.79
552.17
32.24
649.2
80
229.31
669.95
420.05
398.53
765.79
714.92
247.43
788.66
766.08
356.87
336.18
608.44
522.63
720.69
128.79
401.13
22.4
629.98
285.16
420
543.72
644.58
452.39
263.58
239.32
419.78
639.5
631.99
704.5
97.43
542.71
78.8
97.49
264.49
524.88
513.85
135.19
288.41
47.98
732.07
65.2
403.6
178.22
769.83
704.8
424.92
569.89
321.28
652.78
550.57
198.45
690.21
86.19
55.16
327.63
559.78
508.1
791.87
666.49
315.12
485.62
289.17
507.06
779
404.04
505.1
751.04
143.34
175.06
32.07
160.6
621.24
553.5
26.41
425.85
295.5
485.74
116.11
685.68
748.99
40.37
631.86
639.9
575.08
531.36
337.77
571.83
700.97
519.41
177.83
59.68
374.81
609.68
739.08
533.38
466.14
425.61
215.48
271.37
165.74
381.2
293.48
308.01
565.6
732.34
545.98
642.05
257.57
217.69
261.08
281.3
756.86
589.71
484.2
398.12
138.79
196.43
111.34
108.82
207.51
224.24
370.86
530.74
79.58
283.43
793.08
426.18
536.02
712.33
14.34
704.82
252.95
770.55
796.7
594.16
592.39
106.46
249.5
428.61
369.97
195.67
760.36
251.02
270.88
36.7
626.03
61.45
617.14
293.92
12.36
16.25
796.52
90.4
521.58
639.08
239.41
77.59
356.58
558.08
300.51
10.19
160.6
204.25
788.02
39.33
256.12
90.38
26.83
41.42
183.11
183.01
274.57
336.82
710.94
369.98
486.06
679.34
409.92
292.57
164.62
361
743.13
366.2
644.76
791.15
631.78
85.02
553.67
178.75
55.54
393.62
553.43
421.03
83.02
779.9
737.93
677.36
152.99
777.02
162.25
317.89
134.83
330.65
787.9
232.82
93.03
182.31
380.7
227.18
388.75
480.04
34.7
83.42
403.53
216.88
325.14
450.02
713.88
640.69
118.45
324.18
274.59
541.05
100.08
233.02
799.83
607.84
49.51
207.55
644.13
449.97
573.27
238.7
589.99
770.58
525.79
58.4
504.12
741.15
762.04
259.08
528.15
238.13
429.33
433.62
389.71
126.22
39.5
298.96
696.49
315.7
753.59
159.91
189.01
408.32
193.07
172.18
604.09
433.53
565.97
25.27
579.65
661.27
197.66
684.19
231.34
476.12
102.09
156.3
214.19
625.27
565.75
781.87
775.47
517.84
557.72
553.84
539.82
421.7
141.99
526.46
464.64
110.14
581.47
136.38
335.19
63.27
653.69
212.12
220.09
149.55
474.58
523.91
797.4
50.87
621.79
37.02
166.33
636.57
364.18
666.8
250.38
374.6
339.01
516.07
314.22
543.02
329
402.01
533.24
12.3
276.99
550.88
177.82
148.01
261.54
227.25
764.92
121.99
163.65
170.78
28.94
276.16
231.07
148.34
525.53
747.83
24.76
323.72
141.95
692.46
636.95
204.24
573.3
550.46
370.02
455.71
450.8
381.55
29.14
368.82
464.21
256.12
706.01
79.37
23.94
214.9
482.3
305.9
735.25
528.14
39.17
563.36
130.23
340.66
552.25
298.62
81.63
171.37
735.03
295.69
251.67
209.59
723.89
339.61
68.17
649.91
228.98
101.94
435.42
46.43
723.03
293.41
401.09
481.16
553.16
735.87
271.74
111.12
780.53
666.56
261.07
120.82
516.48
284.54
339.55
416.52
577.64
208.49
78.58
202.21
458.77
423.51
654.93
154.11
540.71
602.45
668.09
492.74
534.1
470.9
614.71
9.47
727.44
535.43
655.72
543.72
404.13
333.42
436.76
773.63
11.96
747.8
439.85
634.39
726.08
102.85
84.88
730.47
113.4
106.46
419.52
760.04
208.16
424.96
789.08
113.86
749.57
25.1
489.39
650.92
640.51
444.37
542.31
105.96
728.66
595.27
494.09
116.63
651
200.3
568.55
12.23
526.84
160.04
115.03
136.08
154.8
196.67
522.77
744.98
10.68
342.44
94.94
138.4
163.62
466.22
189.85
482.9
382.9
474.54
83.38
69.12
434.59
424.44
507.06
215.91
42.27
176.51
393.37
642.38
236.39
459.96
290.09
398.93
777.59
674.56
121.86
693.88
192.39
246.29
699.96
545.12
473.41
445.49
484.79
780.84
174.11
244.56
439.14
599.92
200.31
627.9
526.75
38.82
196.08
728.28
279.8
104.21
82.02
168.74
653.73
737.51
76.29
156.51
87.36
273.94
394.17
100.08
190.87
656.58
470.96
723.53
399.51
721.83
568.04
195.67
323.73
754.69
349.09
668.14
262.33
758.83
533.35
606.02
130.9
258.79
4.39
661.63
248.57
766.18
245.75
474.83
370.6
87.46
600.04
109.18
337.17
671.29
245.55
455.75
754.97
19.79
235.08
349.22
494.78
722.01
24.29
126.73
261.24
586.51
684.65
709.44
702.74
334.3
1
117.17
461.86
300.52
47.45
23.43
338.13
97.35
258.74
484.22
698.62
411.66
727.89
131.52
786.85
490.04
639.07
20.1
202.35
274.49
784.46
621.97
490.43
17.46
748.58
613.83
653.08
440.46
233.37
799.1
88.16
38.56
663.25
84.52
43.29
696.1
765.87
538.7
759.14
392.16
598.89
263.55
244.15
79.5
651.98
462.33
365.06
639.65
359.36
645.16
119.6
325.96
158.84
561.91
633.39
303.56
349.11
236.55
146.7
362.82
11.79
734.57
41.39
160.28
76.21
627.88
23.19
199.54
780.42
564.69
544.57
165.3
666.04
94.54
425.74
149.24
696.15
325.65
204.67
517.91
441.05
345.78
168.55
622.02
219.43
234.72
607.01
767.89
274.29
71.72
716.54
247.37
232.95
520.99
419.47
614.14
648.34
17.63
342.25
59.46
526.57
67.93
213.1
104.32
162.45
62.61
389.45
486.64
679.77
633.21
460.75
464.08
358.17
736.72
598.95
467.12
727.62
483.22
342.67
548.92
512.32
352.5
635.94
153.27
484.51
562.38
740.85
221.89
208.51
728.41
731.63
450.01
96.09
502.02
470.38
402.33
540.77
115.81
279.74
336.44
83.35
750.8
283.2
20.64
614.73
461.69
192.46
80.06
393.44
406.58
172.4
648.31
645.71
40.7
532.55
657.45
155.71
445.44
367.29
755.67
138.85
618.56
361.82
31.33
689.74
82.22
423.48
60.89
157.65
663.49
491.62
147.06
136.63
494.1
37.88
68.04
434.26
512.1
659.02
680.27
171.82
308.88
727.61
766.1
787.98
396.81
517.14
355.78
176.52
337.27
179.68
691.38
340.53
195.49
173.62
626.52
426.7
614.49
10.91
240.23
361.4
455.01
401.9
738.6
148.85
18.65
330.06
636
548.6
515.93
258.77
227.99
69.79
493.56
171.08
366.63
539.73
754.15
526.17
389.01
669.39
782.88
46.91
366.94
558.49
721.61
680.81
473.27
697.38
0.23
453.22
326.43
609.16
441.69
328.4
735.6
151.31
92.91
499.65
138.12
408.43
184.98
485.29
612.16
75.88
512.22
26.02
173.67
787.11
377.42
680.39
611.66
482.18
178.84
154.91
103.23
148.48
519.69
604.2
114.45
744.62
780.11
478.18
591.47
526.09
732.88
228.11
606.84
92.77
198.39
420.56
213.87
294.73
323.66
249.91
681.74
399.23
282.38
283.46
380.51
765.5
332.38
391.27
196.9
672.6
389.5
714.05
152.51
225.4
5.54
136.35
34.78
365.33
377.36
491.92
625.16
136.94
370.55
340.38
680.79
559.37
251.05
720.38
647.32
679.38
104.89
599.17
483.17
105.75
169.85
373.91
94.48
485.97
258.78
592.61
677.59
364.43
519.48
179.31
147.73
147.57
445.24
270.62
109.3
82
370.18
4.43
98.25
401.22
49.06
222.12
184.11
731.96
712.65
484.37
14.26
477.69
485.72
787.87
738.17
317.03
613.99
19.34
159.92
121.75
764.19
636.6
433.68
69.37
437.28
263.49
303.45
377.77
417.3
794.32
375.19
353.23
170.54
242.35
516.33
499.26
642.5
206.74
495.27
34.08
134.65
362.64
160.16
333.69
558.23
214.82
775.64
363.42
72.9
143.63
527.63
1.97
687.32
26.09
542.69
741.03
146.24
546.38
536.04
256.19
676.26
771.62
541.44
121.76
326.41
33.03
583.06
716.71
304.59
410.02
596.41
150.75
564.85
35.34
744.22
22.85
483.21
123.71
23.44
591.54
484.41
652.83
117.76
296.36
619.33
445.04
775.22
626.33
290.9
259.14
624.15
777.84
217.63
680.11
422.24
64.81
377.93
389.21
647.94
361.78
686.11
342.14
215.62
674.51
252.26
465.82
8.83
756.63
671.42
437.3
577.73
627.18
227.26
370.62
542.24
31.45
246.02
153.6
494.77
444.07
106.42
350.62
598.81
334.7
326.01
274.35
509.11
747
169.52
411.93
749.66
588.53
37.04
267.85
724.45
77.03
367.31
532.26
119.49
382.69
214.35
281.94
698.96
32.9
484.84
773.01
623.05
223.32
390.61
343.55
375.66
767.39
574.69
781.89
136.15
624.62
194.43
146.61
239.59
322.53
273.44
563.32
663.83
86.99
82.69
378.25
394.18
590.79
335.75
95.96
325.62
404.53
312.9
98.59
449.43
154.87
656.64
430.65
429.24
759.75
518.52
168.9
280.3
113.37
703.87
53.04
27.67
532.8
416.63
46.89
89.04
243.28
639.69
363.8
757.38
402.14
617.13
163.97
130.3
103.06
70.94
763.04
114.19
365.31
426.61
207.6
356.07
2.7
729.53
165.01
189.59
197.17
411.98
61.22
638.99
212.06
249.59
244.79
484.89
203.3
674.63
601.76
530.84
536.18
537.63
3.96
602.23
300.68
532.69
768.73
613.31
680.55
475.38
135.21
287.54
189.28
106.22
523.45
451.96
200.77
244.85
352.93
151.53
146.26
784.77
578.74
344.92
384.21
181.54
642.91
728.97
2.47
599.76
425.92
762.08
217.68
218.52
760.67
73.9
257.83
439
490.85
207.77
191.58
402.18
115.09
399.11
526.09
565.29
592.4
223.84
539.26
149.38
168.11
539.55
356.94
117.86
347.32
199.24
234.39
310.65
141.89
396.45
365.8
735.93
514.5
694.65
726.37
794.67
511.48
106.26
784.87
536.53
653.66
749.2
584.49
497.61
50.44
269.27
443.98
208.53
416.53
467.41
618.57
361.82
328.52
565.6
53.49
451.71
713.48
285.26
34.06
541.73
516.8
763.03
122.18
508.98
2.18
697.22
660.66
740.35
258.83
372.74
597.72
284.74
710.13
622.06
503.07
499.78
264.21
554.19
32.04
236.86
758.88
504.73
270.68
646.89
29.1
349.61
196.33
762.54
124.3
627
310.23
235.76
98.21
125.31
135.69
366.57
37.65
19.19
508.9
102.16
787.27
346.25
743.33
439.27
293.59
605.46
721.01
228.35
223.17
123.69
393.45
329.53
557.5
616.53
569.31
80.34
636.46
180.14
217.41
217.68
590.73
179.6
488.78
505.52
3.16
427.67
21.47
564.12
629.15
596.23
736.68
442.61
751.31
320.43
149.68
59.11
499.23
573.92
447.43
518.82
605.11
496.14
530.28
436.52
665.38
635.11
152.02
136.5
435.28
284.43
731.12
272.94
511.9
159.41
158.8
786.56
178.74
332.12
165.19
137.63
678.76
727.34
152.63
785.9
378.65
598.71
246.16
384.29
230.72
609.53
121.13
26.08
642.55
349.04
741.53
683.44
620.79
171.75
504.99
578.53
665.04
297.35
648.49
94.6
50.33
188.05
102.58
32.99
187.56
555.84
183.93
222.3
12.49
327.26
4.03
90.3
474.82
310.06
581.88
568.54
200.2
671.32
530.75
614.92
455.08
543.05
674.33
220.65
112.26
147.32
247.99
656.49
30.38
12.04
176.59
250.59
208.68
150.41
285.96
235.08
587.83
494.61
183.32
129.58
502.54
642.82
70.73
108.26
728.29
170.94
627.88
170.79
727.94
469.29
15.73
736.75
273.04
117.27
385.47 /

COPY
	PERMX PERMY  /
	PERMX PERMZ  /
/
MULTIPLY
	PERMZ 0.01 /
/
