---------------------------------
-- Permability values for SPE9 --
---------------------------------

-- Permeability distribution visualized in figure 5 in Killough's paper
-- Killough says 'The input data included in the distribution to
-- the participants included a geostatistically generated 
-- permeability field'

-- The values below are taken from Killough's dataset, they are
-- not based on the figure in the paper.

-- Explanation to how the data in PERMX is organized:
-- Under each LAYER (i.e. K-value), 
-- there are 25 ROWS (i.e J-values) under which there are
-- 24 entries (i.e. I-values) 

PERMX
274.78
157.44
145.03
587.74
380.38
687.27
720.25
166.53
86.67
621.82
545.57
265.83
94.33
331.27
471.6
178.1
327.23
514.92
441.42
403.83
465.01
546.82
320.5
94.79
143.52
151.62
8.96
373.74
412.86
608.06
225.48
468.39
429.75
160.54
520.55
160.91
265.69
681.77
626.36
263.89
292.35
492.7
497.49
677.39
38.72
679.53
54.85
331.1
350.42
91.95
551.01
398.4
71.38
93.76
13.49
756.21
282.53
442.72
568.71
654.82
173.79
573.95
799.68
146.2
514.68
664.53
299.89
462.15
178.07
782.56
268.32
262.8
591.02
131.78
157.53
309.77
692.36
588.22
237.8
35.2
628.78
109.59
635.88
111.89
688.96
757.62
492.33
130.07
129.73
33.32
163.63
736.74
459.75
394.46
72.72
56.62
221.07
109.29
643.6
526.83
753.32
108.34
765.69
694.75
762.25
183.78
434.02
381.28
367.91
652.6
449.96
113.22
517.99
758.93
210.42
185.34
738.9
311.66
277.49
647.37
81.67
611.84
415.94
591.12
513.75
665.25
511.02
152.58
477.16
467.6
245.97
65.67
11.42
718.05
657.99
657.77
771.87
152.78
463.6
453.26
710.64
350.05
711.57
452.39
208.2
340.41
77.31
260.29
741.66
144.59
328.18
400.63
142.18
34.81
270.32
733.61
757.82
182.65
2.18
341.61
653.18
308.79
588.57
715.4
632.73
371.61
261.3
42.33
182.53
776.46
359.15
169.34
682.77
47.29
744.47
457.38
210.86
650.35
200.13
664.86
346.46
175.16
631.36
454.71
653.71
592.09
760.05
54.85
292.77
296.4
45.04
109.78
234.46
661.64
715.34
517.03
685.33
537.76
97.96
193.63
424.79
204.07
451.01
378.73
15.19
99.21
129.27
32.48
4.59
796.64
673.35
684.72
644.76
764.39
762.94
628.46
465.69
216.15
247.69
778.3
319.91
585.15
594.93
203.37
727.44
140.7
336.33
57.3
75.62
734.18
394.59
744.44
707.73
576.95
236.4
595.45
679.61
42.73
89.17
648.23
584.87
484.26
448.04
668.19
683.14
212.3
510.7
544.59
117.58
249.12
766.34
122.78
582.83
399.93
48.97
772.19
211.68
643.71
38.46
155.78
671.54
678.7
571.28
65.23
766.17
553.7
444.88
325.64
537.31
532.03
629.79
762.23
775.06
624.83
546.46
458.37
427.21
218.02
719.05
404.71
767.12
34.01
448.84
299.09
683.49
21.15
669.71
293.44
92.65
412.13
772.06
409.55
381.43
580.74
77.69
475.49
563.13
343.36
319.96
562.02
151.4
606.93
238.84
688.92
634.43
368.52
619.73
525.73
389.74
173.47
394.47
639.88
519.97
355.8
444.99
531.93
49.82
533.55
456.33
757.48
374.97
663.94
29.46
368.13
122.64
329.75
666.52
665.26
271.24
125.86
650.02
516.59
548.61
62.88
537.24
797.37
600.08
361.83
371.31
154.03
697.51
441.98
177.75
294.52
650.79
26.97
206.26
179.68
293.38
511.21
780.86
415.05
542.68
636.45
501.89
238.12
23.96
185.78
494.83
457.17
668.76
730.44
160.72
96.84
72.07
593.01
208.12
153.13
444.08
506.17
435.03
750.42
268.53
712.68
743.28
709.56
550.42
133.02
383.06
672.41
355.78
382.67
405.74
199.29
770
350.5
315.66
490.69
177.76
403.64
730.11
791.17
162.93
459.18
627.01
371.74
428.46
54.01
302.41
46.73
277.18
459.25
790.6
297.74
89.23
13.85
82.68
201.32
284.49
240.44
191.27
432.64
620.45
551.7
423.29
641.13
25.02
154.78
135.17
280.21
110.51
479.75
570.66
167.19
324.71
48.03
223.34
753.66
90.8
741.84
626.04
350.02
658.76
99.94
479.35
778.89
592.88
457.62
467.16
26.84
304.51
500.91
539.17
258.09
785.56
265.99
706.41
56.25
783.23
68.12
644.77
124.9
525.06
792.55
243.84
711.05
774.43
274.05
125.7
490.05
670.2
340.36
80.67
412.69
467.4
243.72
725.9
490.32
289.68
31.45
602.13
647.69
449.06
592.12
336.48
132.83
565.6
725.24
128.75
32.21
717.97
496.85
193.05
609.93
416.68
121.03
322.38
553.74
511.56
561.91
112.61
155.67
374.18
187.2
200.97
586.17
739.32
692.07
83.03
625.84
58.31
465.28
337.11
600.97
712.47
758.78
30.07
572.23
587.09
189.09
734.88
408.42
280
395.2
471.79
468.98
249.22
486.26
324
783.77
7.12
388.23
546.56
532.5
785.96
50.26
192.72
55.24
767.23
677.51
113.63
682.46
432.4
480.21
248.43
472.69
235.98
547.54
122.97
684.55
327.15
713.77
281.73
734.88
541.51
241.97
263.83
649.46
422.14
746.5
515.65
549.97
85.09
289.08
114.76
73.33
790.85
251.58
397.01
583.62
129.92
124.88
561.33
546.29
124.56
275.14
223.71
354.65
639.05
612.31
567.32
314.55
291.36
428.42
463.74
560.44
156.33
555.82
149.43
498.63
103.33
632.03
154.71
332.62
692.47
441.35
279.74
150.03
399.43
575.62
498.65
647.09
568.2
768.81
32.53
93.5
716.7
10.19
501.18
338.91
599.45
325.54
93.41
77.97
248.15
366.74
1.42
279.14
389.43
556.26
594.05
323.39
282.47
751.48
137.21
493.51
132.31
582.96
740.3
241.26
312.79
443.02
89.11
583.62
180.29
668.01
467.59
318.75
670
615.75
119.91
789.06
113.68
720.88
229.97
231.08
258.94
426.89
687.69
733.4
606.64
640.37
752.07
620.25
51.79
144.84
195.88
300.58
330.44
572.35
708.14
136.04
112.74
547.18
134.01
469.58
290.51
762.16
114.19
23.56
141.04
544.08
459.59
266.01
182.27
389.75
64.6
481.49
615.15
307.87
51.17
400.96
522.22
66.5
547.69
46.03
85.37
767.66
12.15
267.4
180.69
8.21
273.6
479.58
82.35
719.34
634.02
205.58
435.76
281.76
338.21
360.28
727.55
288.48
572.92
186.03
573.17
215.9
768.09
49.68
683.19
738.89
195.03
119.36
562.28
594.36
208.35
419.98
573.07
717.58
776.05
412.82
450.53
257.4
769.1
378.44
350.53
511.68
318.83
690.96
3.55
196.98
642.94
507.1
9.56
305.51
653.27
342.45
536.07
750.13
783.23
106.65
464.01
89.47
744.26
434.47
714.61
677.92
740.95
75.55
273.66
719.82
487.37
766.47
623.54
574.54
758.16
76.38
229.63
490.07
210.79
111.16
537.26
285.37
173.32
657.75
355.24
101.39
505.48
781.61
607.18
587.68
43.78
287.52
236.83
272.61
160.8
172.98
139.8
729.66
739.21
563.14
459.34
98.14
698.44
421.76
227.01
762.2
121.73
710.36
102.25
187.71
393.36
151.88
54.43
687.95
433.47
102.64
54.77
161.35
409.29
15.67
214.31
324.74
411.87
383.97
329.13
466.54
595.71
182.61
764.49
636.04
174.02
247.4
712.99
23.96
522.64
164.31
781.15
505.18
78.05
518.54
527.7
142.9
359.52
585.64
387.82
311.12
742.32
44.8
101.49
91.93
629.84
153.16
585.11
649.18
414.73
586.62
423.13
495.26
187.3
242.15
69.49
520.22
661.32
460.31
594.75
648.66
95.99
489.51
121.63
446.95
34.09
33.38
41.47
46.32
778.25
23.15
158.19
723.03
562.95
170.78
104.36
189.36
30.52
579.79
559.26
789.17
592.93
643.28
509.08
211.56
350.41
262.03
14.91
335.95
361.49
753.53
421.07
528.97
216.86
96.06
575.18
464
719.44
642.9
339.3
529.84
546.61
659.71
459.19
366.55
482.72
8.29
127.54
580.03
686.53
348.46
733.09
386.41
736.77
269.11
43.6
428.05
752.45
278.14
683.95
488.51
492.49
199.84
651.02
396.09
647.43
541.05
598.69
699.23
770.12
190.82
204.48
649.99
745.2
748.19
381.48
551.86
604.28
254.31
258.37
141.6
742.26
712.47
565.04
383.87
507.87
660.09
726.24
211.14
774
768.55
512.2
378.59
467.68
528.32
102.48
480.81
33.88
486.56
364.02
57.69
175.59
245.73
17.92
85.71
367.75
117.25
266.9
329.48
582.45
512.92
24.54
376.1
112.98
374.51
383.58
714.56
256.63
501.4
751.69
63.87
265.51
149.94
703.73
511.53
713.36
99.86
462.03
352.32
682.13
747.76
342.34
756.85
112.54
689.7
287.64
657.67
476.08
102.94
509.97
208.25
723.81
34.61
394.37
210.62
393.72
186.46
607.89
436.63
153.55
346.74
309.04
106.48
604.61
562.38
706.41
164.74
104.05
237.19
341.45
715.7
41.51
655.1
696.26
56.64
245.72
714.09
502.13
392.05
494.98
528.67
223.35
752.21
489.07
306.37
751.43
671.14
786.26
791.04
517.36
156.57
32.51
367.43
289.67
422.6
586.36
262.09
456.97
394.97
478.55
95.79
354.97
8.23
684.59
778.12
560.47
351.73
379.83
426.31
239.8
254.99
216.21
108.53
407.6
421.33
261.46
168.44
100.86
777.09
6.9
587.59
305.96
458.41
99.37
73.4
534.3
506.81
67.1
190.11
248.63
714.38
652.11
762.43
144.46
389.15
601.12
520.75
37.86
59.68
110.06
738.68
458.65
377.08
311.62
158.61
574.81
631.83
510.08
372.31
195.55
409.04
297.98
790.03
271.38
703.14
449.63
498.52
293.92
72.82
601.01
646.56
497.52
358.11
374.36
788.94
734.86
549.56
221.33
597.16
342.09
759.96
454.57
210.54
575.64
155.2
176.09
606.07
546.33
215.39
456.17
375.46
753.46
360.54
633.81
159.49
59.12
774.53
123.08
445.85
525.76
675.58
651.78
174.91
244.54
323.79
312.1
589.69
96.02
65.09
150.77
176.21
720.66
211.4
666.18
635.78
417.6
217.16
640.95
613.71
756.8
322.81
335.41
399.24
18.63
667.56
651.33
526.6
61.17
725.34
457.43
12.3
324.76
600.22
450.27
190.96
139.94
230.08
412.45
484.54
42.42
173.34
512.44
584.24
52.34
219.28
719.73
174.23
604.11
195.79
786.88
588.42
377.88
143.36
405.43
509.4
39.53
298.8
602.85
558.14
294.59
506.23
796.51
274.72
764.01
500.14
737.73
509.09
581.05
416.05
740.68
45.45
143.08
366.74
435.64
139.06
790.81
78.29
685.2
55.86
689.95
555.16
357.07
423.89
128.6
455.26
188.72
540.15
51.53
629.06
39.15
243.73
131.43
607.11
499.29
183.31
28.1
418.47
70.01
306.23
613.52
750.27
494.62
782.61
662.37
489.77
361.57
89.25
349.13
674.27
148.62
686.15
617.57
254.62
265.83
369.9
437.62
376.1
19.08
482.94
197.02
232.24
147.6
718.85
791.28
429.74
415.82
672.59
511.53
201.66
109.62
382.87
46.79
37.34
114.44
144.61
134.15
408.13
147.45
759.21
457.41
414.27
561.72
583.8
623.35
317.03
778.03
572.23
356.19
85.48
552.87
339.07
639.69
412.09
638.27
415.2
554.82
16.77
495.63
249.65
645.38
446.88
398.97
229.06
581.56
555.04
444.62
602.06
18.19
779.25
347.64
790.91
181.48
692.89
122.79
516.42
759.02
369.86
354.15
285.33
133.72
245.94
591.95
467.43
272.8
322.22
245.71
265.63
605.43
642.1
118.48
761.67
502.5
166.36
658.72
525.31
492.94
233.19
408.89
45.17
165.37
117.11
323.28
138.05
529.46
680.73
25.9
44.87
443.51
108.26
644.17
712.79
91.49
454.32
375.8
507.38
230.96
781.1
30.5
572.96
163.89
799.44
422.65
391.93
333.43
530.96
440.94
315.66
355.21
769.39
402.26
727.04
282.7
620.57
689.33
443.18
660.72
19.5
8.06
460.68
412.99
316.16
398.86
420.44
82.35
369.78
406.63
562.38
104.08
373.97
371.27
699.63
479.81
492.01
68.11
33.3
257.46
475.22
229.08
464.82
708.95
747.09
240.29
696.88
179.6
7.92
449.02
738.92
493.14
555.84
509.49
156.52
695.22
564.58
496.05
767.78
506.49
588.11
591.47
427.93
684.22
529.55
402.01
662.5
219.54
8.6
466.96
490.31
321.35
519.3
89.32
201.69
117.64
628.26
103.81
285.72
551.59
124.88
688.1
795.24
369.38
330.82
785.4
489.96
140.63
446
642.87
623.18
120.28
617.16
187.53
12.35
380.43
564.31
380.78
582.78
185.26
7.05
356.8
480.57
323.86
128.48
225.65
336.74
702.45
434.08
31.89
216.82
139.03
47.45
664.31
756.06
68.1
229.68
792.86
767.79
773.85
153.75
209.62
3.37
290.51
653.24
123.47
26.97
364.36
374.51
730
6.04
231.28
371.23
228.59
267
490.82
394.58
780.23
73.41
735.05
197.93
623.69
49.8
15.91
326.97
99.68
769.74
110.8
450.11
752.77
122.53
647.82
201.36
225.29
348.66
603.91
600.6
396.32
390.22
256.92
488.8
126.11
748.41
197.49
380.57
6.21
162.03
58.47
540.27
630.79
92.58
481.61
493.57
251.37
685.02
136.8
597.28
1.72
498.17
18.94
102.92
319.91
261.34
105.19
490.82
223.91
99.77
268.07
12.72
288.84
388.32
185.7
546.26
266.45
395.15
740.36
611.65
640.97
359.74
302.34
669.11
399.27
403.45
151.87
675.01
305.06
589.48
84.31
568.73
424.28
83.56
481.4
566.85
491.47
455.42
310.38
314.33
434.64
300.72
733.17
162.04
283.14
635.94
701.16
255.65
585.9
672.94
636.92
719.32
358.9
279.47
50.02
664.68
42.6
165.27
505.04
736.39
422.99
788.21
536.34
356.65
207.91
666.76
82.74
190.87
703.21
93.77
97.85
503.37
691.53
75.02
204.81
639.92
696.83
299.33
794.18
658.4
297.5
783.78
618.01
715.27
175.55
358.94
760.09
596.94
349.23
777.12
9.45
413.93
189.6
552.71
666.23
494.41
784.62
205.42
653.89
662.92
698.37
791.24
21.4
131.86
665.97
517.28
15.4
278.25
675.32
512.86
485.04
353.38
249.7
107
475.84
359.24
249.31
413.34
676.33
405.07
268.11
726.08
483.22
781.44
191.32
137.55
42.38
354.49
294.06
372.88
112.83
455.73
113.29
714.66
345.53
146.91
179.13
131.81
136.53
649.75
523.5
748.02
120.75
440.28
429.81
204.53
409.37
151.65
410.47
444.31
471.1
3.8
725.05
484.44
686.1
267.86
496.39
88.94
778.09
90.05
153.62
508.38
453.46
131.87
141.89
606.89
699.33
372.21
190.69
45.85
342.36
238.35
698.71
198.68
201.17
34.56
691.93
696.88
270.9
748.78
682.25
607.59
721.1
28.82
4.33
152.96
68.02
719.93
193.31
436.14
494.47
786.68
537.63
428.07
526.91
550.78
486.4
557.88
482.53
795.83
173.54
716.25
598.15
660.62
551.07
739.59
599.88
534.14
315.49
166.31
170.06
772.07
418.4
146.23
168.2
635.62
701.43
467.44
220.75
668.42
351.66
172.63
537.15
432.6
193.53
156.14
730.07
223.2
307
770.22
362.09
3.31
393.26
218.1
601.36
717.54
289.28
38.79
261.16
422.85
401.73
238.63
220.88
349.73
560.03
534.32
17.29
568.64
503.51
206.97
304.55
668.33
240.99
289.21
675.45
448.16
400.94
724.67
406.36
508.58
427.16
522.97
687.54
537.58
758.73
338.52
399.07
305.6
210.43
302.51
793.28
628.63
309.96
491.03
313.12
518.46
688.04
3.3
712.39
172.84
476.77
257.34
183.95
510.36
225.43
296.02
232.49
777.25
165.43
668.51
163.61
441.39
117.16
160.42
637.04
338.18
433.89
618.29
41.72
763
617.61
780.21
349.45
703.32
226.18
761.45
732.81
769.29
180.64
775.07
455.27
295.84
408.81
198.65
172.4
271.9
92.02
169.26
146.5
436.78
270.51
442.24
158.42
529.74
750.63
200.17
182.9
41.61
64.55
125.74
129.86
420.93
514.85
190.72
640.88
397.18
361.24
199.16
176.78
42.99
44.56
415.16
296.15
190.74
648.26
353.92
689.67
724.44
756.54
255.11
561.85
330
304.43
416.04
500.47
289.1
583.21
127.12
428.33
244.13
779.83
259.24
661.69
295.49
59.01
577.43
114.93
642.8
232.95
86.64
794.74
613.35
179.72
239.58
629.21
723.36
238.65
407.06
474.87
167.42
249.22
300.75
674.29
188.66
668.92
673.89
225.36
391.55
569.46
41.47
636.68
578.83
602.51
736.54
600.6
705.6
424.43
519.35
350.69
752.29
659.98
156.21
195.75
473.14
588.76
238.22
75.62
546.89
137.85
493.63
247.76
718.97
743.11
101.76
490.39
544.63
34.62
168.18
468.29
510.71
588.22
283.68
398.41
289.44
94.39
590.93
280.63
408.86
699.11
163.26
309.45
93.58
13.49
1.67
692.68
794.68
164.08
536.91
116.75
324.66
374.84
775.11
6.54
161.63
477.2
470.06
207
406.47
142.97
75.76
317.42
161.64
181.83
43.69
737.29
641.3
706.51
243.84
782.84
343.18
479.69
129.24
467.93
380.41
400.41
230.53
421.45
546.41
488.29
538.33
204.47
329.85
510.35
62.18
288.51
130.24
134.46
592.31
758.56
3.93
501.68
97.41
79.23
799.9
37.58
621.72
340.78
128.86
102.93
231.88
671.63
664.34
652.89
714.34
156.2
160.24
754.53
68.5
106.65
81.91
608.5
251.12
31.36
144.59
448.48
448.66
238.7
315.1
321.11
532.35
48.09
498.65
491.99
488.81
443.47
377.47
337.97
154.88
655.46
465.47
593.18
356.18
83.31
454.42
271.53
292.73
655.84
330.52
473.88
756.91
254.76
551.15
627.21
5.28
694.93
638.66
18.82
101.4
484.06
152.85
662.15
420.99
258.32
701.34
618.92
356.43
401.08
44.04
219.8
735.96
223.39
300.67
786.2
631.92
751.3
53.87
113.9
172.38
347.6
724.11
436.57
542.29
214.99
79.04
52.43
123.22
663.2
340.12
653.99
446.67
213.71
446.62
612.84
528.64
344.22
398.1
646.83
139.54
79.69
630.07
535.92
584.47
5.64
456.69
774.28
44.59
359.51
550.14
774.16
360.8
288.05
432.08
311.31
656.62
471.99
119.99
642.78
286.23
576.74
467.01
732.52
329.74
480.35
57.04
427.45
787.41
705.89
227.95
498.57
363.22
86.32
64.09
108.28
623.01
651.21
694.87
696.23
209.2
436.31
629.48
65.67
126.43
657.38
251.13
505.96
295.3
623.07
258.97
463.01
776.3
203.79
399.19
423.54
568.87
103.47
343.17
212.09
451.96
41.93
694.37
745.03
144.3
541.84
707.35
716.59
615.78
584.56
391.49
543.44
459.31
51.98
10.09
467.38
667.71
107.88
262.31
176.97
227.63
221.66
444.59
796.33
786.24
542.92
302.79
54.01
525.26
694.36
691.88
731.02
52.16
474.38
476
327.56
62.82
167.95
50.04
265.69
251.78
286
758.69
625.29
357.96
656.32
653.51
368.66
669.31
193.33
461.78
221.51
758.46
629.65
659.82
316.84
286.77
633.88
21.86
167.57
170.06
344.78
48.41
145.82
546.31
136.3
389.01
263.75
339.39
496.25
750.62
641.63
497.19
119.06
283.29
578.74
285.3
124.61
161.35
436.61
266.74
65.76
496.1
652.62
234.48
503.46
482.34
589.69
717.35
417.93
741.27
548.81
559.92
628.28
391.64
744.11
164.48
515.91
262.93
186.48
261.99
147.12
660.16
66.64
179.58
246.22
105.24
742.18
232.73
478.59
589.01
661.74
640.4
580.24
338.04
55.01
473.02
299.04
97.66
568
475.16
594.82
744.15
576.1
297.61
794.72
411.95
120
408.4
160.65
247.31
259.68
477.33
664.56
758.27
318.52
308.5
99.35
697.73
609.55
707.49
215.55
371.41
498.66
417.72
638.85
672.14
410.91
472.73
492.24
386.11
758.24
491.75
76.36
79.56
743.58
773.96
795.65
368.51
578.57
211.68
26.63
43.95
680.33
246.39
602.99
165.32
302.45
325.75
379.95
714.56
780
151.32
327.33
384.28
62.79
561.81
63.27
618.23
415.27
704.9
342.72
555.39
28.19
602.51
478.89
209
149.75
422.27
179.93
386.62
152.56
515.47
42.27
778.89
189.69
430.35
387.63
435.44
2.9
42.4
370.19
163.25
350.53
76.11
257.94
505.38
244.42
6.84
453.8
55.6
20.04
504.6
477.06
46.51
0.44
670.88
189.57
455.85
449.14
370.51
245.5
725.7
532.5
779.64
173.06
490.1
392.73
567.25
581.34
155.62
443.29
440.82
474.19
316.39
597.81
240.12
45.5
67.92
413.64
611.98
454.63
661.99
288.72
15.87
85.28
638.13
168.48
649.42
184.59
353.07
152.23
327.96
474.53
630.13
444.23
485.18
214.21
551.04
507.78
307.96
257.46
573.78
176.98
330.47
770.35
232.17
471.1
422.2
93.36
273.72
702.79
194.14
686.33
691.56
532.31
335.36
581.37
470.13
112.4
772.94
556.44
544.38
457.17
413.66
280.18
307.1
293.27
95.65
378.37
90.52
158.93
19.72
714.71
604.96
260.27
176.03
118.16
150.49
191.45
179.69
333.23
396.27
445.68
236.64
716.06
757.96
591.56
486.9
606.62
363.9
143.79
34.37
653.35
68.6
630.37
757.07
491.24
81.17
526.9
540.85
423.29
776.08
326.3
472.62
381.67
260.8
318.61
650.9
785.4
3.23
24.12
289.33
168.13
721.49
364.07
321.97
771.46
362.58
619
627.67
28.66
479.79
69.73
535.29
588.17
244.5
295.7
374.46
424.55
403.54
322.99
211.57
548.91
569.44
566.59
742.63
93.18
161.79
451.73
715.03
287.06
44.31
212.89
268.07
721.48
765.52
543.67
488.12
480.16
157.26
1.5
148.4
82.35
131.67
157.03
55.61
450.2
769.12
507.39
397.91
790.11
33.55
466.91
402.59
746.14
389.5
351.41
108.17
140.27
764.33
62.41
492.74
231.89
517.16
429.98
81.27
780.07
283.12
54.67
359.11
216.28
47.08
163.97
316.13
66.84
634.24
623.2
345.81
223.32
438.76
194.17
690.95
48.04
363.27
30.36
593.96
452.58
243.75
282.9
128.21
735.93
650.3
327.33
370.13
4.58
218.53
414.67
331.66
717.73
695.27
44.17
222.18
42.35
296.09
419.39
183.11
298.07
17.66
557.38
314.92
361.36
234.3
192.22
327.36
243.78
684.27
543.53
336.61
334.34
214.43
794.41
713.47
40
751.94
297.61
497.74
433.83
469.85
500.07
259.79
183.34
487.81
413.21
152.14
542.61
485.1
662
369.15
593.24
192.11
516.81
667.91
502.22
736.35
788.04
365.41
777.31
117.01
475.15
119.36
128.81
66.22
27.51
56.01
353.49
647.77
128.64
588.77
125.5
115.94
433.15
781.59
451.74
6.09
605.5
297.73
335.44
732.02
193.51
483.88
561.91
316.16
330.54
789.25
472.87
46.89
403.18
757.33
268.88
134.81
502.5
201.92
35.78
322.89
385.19
161.64
618.57
381.47
126.57
29.17
385.92
410.4
769.05
67.65
666.07
775.56
273.56
783.07
684.74
252.15
505.33
662.11
301.33
401.66
382.53
20.68
98.29
41.41
695.18
419.48
554.92
208.88
73.13
45.71
452.61
172.61
515.22
252.22
84.54
90.47
276.83
797.05
586.05
642.71
346.92
732.47
29.5
677.46
115.14
688.87
734.02
62.76
327.17
274.84
486.89
181.78
65.08
686.57
596.35
467.81
228.16
199.28
159.98
783.62
374.17
6.37
785
425.65
519.48
661.51
344.09
497.96
451.42
289.75
544.69
64.54
641.99
459.35
381.06
131.61
238.93
776.86
150.84
498.8
501.29
645.56
178.05
565.64
72.38
297.22
414.25
617.29
96.48
47.99
780.45
492.29
534.92
293.74
15.18
312.42
253.44
470.4
698.89
205.75
309.9
107.9
596.47
186.91
12.08
797.66
546.41
121.97
491.52
692.98
209.2
496.69
745.31
408.66
620.48
574.95
771.49
462.26
269.66
665.18
671.19
1.59
734.93
213.97
789.92
653.62
604.46
798.21
526.53
348.75
641.81
523.12
231.13
49.98
114.79
793.56
642.03
15.57
798.12
301.11
521.31
146.93
221.55
589.62
546.73
536.79
97.32
464.48
559.45
526.09
750.27
661.61
702.57
268.07
493.82
551
595.77
487.09
104.04
293.14
309.36
786.46
205.44
52.83
697.17
797.9
305.89
591.65
633.47
585.69
89.19
597.65
613.39
511.13
127.29
316.92
674.06
640.84
388.89
674.53
83.37
620.11
472.67
523.54
664.49
405.65
465.98
71.39
512.52
80.24
440.33
658.8
184.87
583.25
293.68
152.25
168.16
88.3
551.96
236.08
438.6
776.22
382.64
610.61
277.41
105.78
796.69
611.16
706.13
570.2
76.86
294.86
388.07
202.98
712.13
260.21
618.44
437.69
646.66
620.8
510.35
347.73
170.9
473.51
100.99
451.91
694.04
80.14
72.07
359.28
263.66
558.3
25.43
528.15
746.39
576.77
71.84
780.97
500.29
316.28
402.64
96.93
31.56
795.76
724.43
748.08
180.78
728.13
492.6
580.79
316.86
221.24
486.16
404.86
393.82
344.09
515
174.01
775.52
434.59
702.02
358.43
391.06
586.01
224.19
574.17
262.14
399.82
447.56
609.71
61
156.54
203.14
478.42
388.62
606.43
85.93
573.58
470.78
133.12
183.17
419.11
236.35
278.72
535.71
759.63
634.02
556.45
543.35
365.59
228.56
487.62
512.56
74.99
374.92
0.15
698.21
52.15
259.75
727.48
297.99
390.38
94.14
607.82
252.32
555.49
642.43
765.3
553.02
786.86
555.17
786.15
239.99
23.69
90.52
791.69
424.34
731.71
666.28
476.01
399.35
644.13
97.9
376.71
167.87
652.23
139.98
468.69
315.36
6.05
111.33
42.13
698.6
638.43
727.9
659.13
343.81
557.96
682.31
674.93
376.38
704.06
102.48
650.86
708.3
494.76
129.04
582.93
525.7
183.8
489.65
126.25
363.38
11.73
594.41
487.49
285.7
573.92
614.95
553.68
92.46
401.26
336.87
64.8
144.65
126.71
354.35
447.81
389.13
520.56
35.94
713.82
9.1
315.11
540.55
536.01
502.95
467.29
253.82
185.7
586.31
731.99
450.71
234.11
641.91
731.07
380.53
447.92
123.96
390.18
561.72
249.11
741.74
432.97
528.45
661.89
347.41
237.79
528.97
636.23
605.2
505.19
349.18
136.39
529.31
198.21
175.37
291.86
389.89
235.79
296.44
328.48
121.46
454.96
272.95
394.72
473.03
25.15
635.61
700.24
412.59
556.93
253.28
377.34
598.77
684.68
330.05
550.74
187.19
680.63
4.17
239.5
352.57
56.59
462
98.5
186.95
455
152.74
359.85
206.13
364.15
699.94
598.28
267.87
344.36
287.32
272.2
514.99
377.62
413.48
658.07
619.82
724.95
265.17
214.43
237.38
793.99
692.42
215.95
478.19
138.11
132.5
161.85
483.31
327.15
451.93
687.02
520.6
47.76
580.49
722.99
613.84
108.76
776.11
129.11
624.26
410.82
511.05
636.53
70.13
597.87
446.24
268.68
639.11
380.62
494.9
260.18
276.63
374.22
145.15
278.1
714.23
739.74
458.07
713.07
580.23
75.94
649.53
27.87
514.39
766.6
110.97
263.66
499.11
334.76
130.69
134.86
471.81
401.78
539.33
103.54
242.93
765.96
742
96.1
378.44
304.26
11.44
22.08
175.96
766.05
648.99
385.61
289.76
649.44
677.13
669.49
5.45
264.83
759.36
185.84
789.08
401.87
578.95
649.69
336.87
246.69
272.35
356.89
463.18
162.02
24.6
779.85
603.2
383.1
54.44
742.1
713.04
667.22
223.26
787.27
137.84
759.02
164.94
654.69
565.81
744.46
391.07
573.6
383.99
237.01
772.42
728.02
797.27
403.83
718.62
5.03
218.91
170.79
577.08
567.35
147.29
366.05
450.89
135.71
537.84
429.78
529.21
338.83
160.94
440.51
314.4
546.4
279.09
208.87
35.21
558.15
382.87
22.94
781.99
507.84
589.63
280.38
294.82
33.31
447.34
85.36
111.12
782.41
638.65
82.83
238.95
411.69
99.08
346.9
390.94
390.1
426.47
138.99
572.64
697.46
768.04
676.36
217.81
761.84
248.5
542.01
439.69
540.07
22.44
441.46
97.81
109.24
613.01
549.48
373.72
410.86
148.91
676.97
742.82
592.36
180.4
364.44
105.69
306.42
70.07
691.97
326.02
112.63
629.56
481.03
204.13
744.98
67.08
95.31
776.03
108.02
142.56
588.46
447.14
108.7
674.65
693.35
439.79
356.42
15.34
301.26
785.67
116.49
498.48
650.98
168.65
641.55
83
79.34
329.13
119.53
681.98
690.96
597.27
627.43
564.04
653.7
760.67
712.3
334.56
718.08
573.48
318.48
585.68
65.91
478.93
604.96
71.73
199.18
35.1
82.82
56.95
744.86
639.48
134.48
290.49
581.92
17.24
681.7
142.15
600.85
240.99
591.54
671.34
261.51
91.13
216.35
184.21
505.53
391.2
13.19
799.21
5.91
546.96
289.8
783.91
140.01
43.78
136.13
16.76
306.68
734.69
209.12
697.92
674.16
735.08
709.61
376.96
744.88
22.34
669.6
72.16
767
723.71
639.17
63.94
266.41
600.62
604.81
767.1
99.56
668.16
585.94
5.63
372.01
181.81
163.99
212.64
674.95
359.4
120.73
58.06
690
591.01
538.06
7.86
228.75
735.44
669.18
381.19
226.85
353.98
385.98
705
552.26
15.57
676.33
705.8
467.45
149.7
121.67
615.34
47.64
709.75
312.01
169.42
159.07
355.17
227.01
36.52
593.06
760.74
80.47
566.01
2.66
13.47
680.13
96.32
753.31
531.3
400.46
153
149.45
730.72
95.43
610.12
380.66
85.32
662.97
404.14
593.98
58.21
686.55
328.4
139.56
742.16
81.28
523.05
210.81
179.39
531.29
700.77
543.66
736.47
218.54
394.65
287.31
193.34
392.51
208.39
531.5
57.62
65.71
723.15
418.58
423.47
393.73
497.83
679.24
794.98
248.64
408.24
536.75
420.81
593.59
126.09
172.75
381.94
41.67
119.97
539.26
638.04
523.59
42.19
453.51
692.91
744.65
579.98
637.07
543.32
430.37
43.06
2.95
120.38
167.23
151.85
567.42
443.61
435.54
109
85.08
592.82
210.79
28.2
384.09
224.28
711.29
227.68
555.27
554.24
667.62
97.87
725.38
396.66
527.94
537.9
627.1
608.6
523.3
97.87
201.26
272.48
8.86
404.64
352.71
97.31
271.06
671.36
414.42
187.47
401.84
599.05
233.65
430.74
104.1
607.44
81.52
139.1
452.37
19.39
185.49
245.25
73.38
108.15
690.93
317.78
168.95
205.34
560.62
776.19
485.28
425.08
691.12
326.63
661.56
683.55
214.18
307.22
461.56
1.48
211.43
377.31
585.76
741.16
763.47
456.4
739.83
430.35
419.52
400.44
33.88
627.2
745.28
619.93
658.08
480.9
142.63
372.32
207.37
307.31
763.36
380.85
741.24
223.12
586.41
522.71
343.98
495.83
73.56
543.95
472.38
165.01
241.07
378.76
736.31
528.72
784.13
142.73
317.87
660.14
572.12
8.4
184.01
717.3
472.38
655.41
741.42
696.13
765.26
44.84
358.69
574.16
467.66
214.55
91.82
205.67
5.09
470.33
311.27
87.84
20.88
433.31
98.21
635.89
177.16
473.58
725.09
78.55
368.82
583.7
688.17
9.34
691.85
656.51
712.64
754.11
178.98
354.64
344.41
351.93
257.25
634.67
594.12
496.54
212.3
471.19
73.13
467.82
32.31
267.35
311.75
758.28
34.53
586.77
387.54
476.23
733.87
189.93
720.63
421.08
694.68
338.67
1.7
265.1
683.31
139.92
192.93
617.41
506.53
115.39
148.29
377.32
477.33
48.54
296.99
554.22
694.53
55.17
263.87
364.95
258.29
422.85
465.61
432.59
306.11
770.26
57.01
375.85
242.55
754.27
217.92
619.41
653.22
722.33
285.53
83.28
427.09
546.59
466.18
149.99
514.21
434.05
254.58
774.31
631.86
54.03
792.51
579.86
223.63
170.57
781.72
468.64
208.44
329.15
367.51
137.87
625.37
127
474.79
252.49
288.29
609.78
93.56
265.24
670.69
792.72
224.26
759.38
522.14
181.36
489.32
505.06
31.52
676.82
688.75
187.43
522.17
484.14
705.48
99.32
180.14
716.8
74.93
318.79
262.07
70.11
374.09
590.71
353.65
164.94
649.54
445.33
516.65
675.8
35.3
321.72
709.17
43.8
505.32
238.6
279.33
72.04
234.59
706.96
360.17
214.44
242.22
75.56
175.37
312.79
62.15
714.64
446.98
704.37
506.94
706.09
256.52
233.53
15.68
428.45
21.66
47.67
634.75
24.81
747.5
107.71
208.86
38.15
95.1
120.3
201.76
610.03
331.06
223.87
527.88
190.16
444.04
57.72
598.42
448.34
641.77
349.93
0.89
797.64
76.87
668.9
723.83
89.36
454.37
258.15
572.43
701.58
205.91
131.18
516.61
759.15
486.96
664.89
748.6
281.39
510.68
569.63
390.44
292.47
445.54
582.33
771.55
144.05
732.95
651.1
534.87
51.27
710.77
467.99
203.85
207.58
746.99
102.09
474.4
59.83
428.99
729.9
705.93
219.5
574.23
456.13
465.99
387
759.39
88.24
217.18
294.82
169.18
491.69
238.99
501.71
602
413.92
19.71
82.71
25.51
501.15
572.39
470.94
28.53
635.83
432.16
238.3
744.57
89.23
22.92
659.81
606.57
110.02
54.82
284.02
163.39
368.45
391.54
344.02
9.98
134.23
545.12
583.82
94.72
398.54
435.36
452.63
746.22
215.06
19.23
637.08
376.55
218.66
530.57
767.1
528.82
559.92
412.79
108.8
362.6
476.74
455.63
332.2
266.31
277.47
733.28
597.88
749.75
696.16
106.98
50.17
221.43
514.58
572.89
713.25
437.01
232.75
104.66
358.87
374.38
650.24
58.1
210.81
709.66
124.65
645.09
20.05
99.16
430.2
58.97
233.37
37.5
384.51
492.27
40.22
228.74
344.24
724.83
686.34
580.63
216.88
667.3
175.54
217.71
111.44
253.26
9.66
304.13
600.45
324.2
107.13
344.56
230.98
144.72
141.61
328.17
348.8
248.68
387.72
492.57
28.79
94.19
563.3
551.95
337.08
621.77
400.85
459.26
41.31
478.09
530.83
258.3
148.76
676.44
97.99
680.4
515.35
398.17
302.37
650.69
760.63
639.01
495.04
12.29
601.7
590.61
193.6
600.68
206.45
707.28
264.61
457.55
333.11
300.21
594.69
674.91
403.12
97.6
317.71
213.19
123.32
393.84
194.81
519.04
298.26
408.89
446.98
488.09
167.26
49.27
506.36
84.71
586.78
466.54
691.85
776.83
372.5
465.28
462.11
306.62
145.86
503.08
322.37
596.59
532.53
189.02
599.11
402.32
715.6
284.13
267.97
46.33
680.17
446.41
174.42
267.87
179.09
196.6
621.8
594.03
79.09
231.11
786.98
514.59
79.93
517.07
241.8
682.56
795.51
377.97
633.93
689.78
485.54
374.98
174.74
193.71
699.42
769.85
173.15
367.99
108.55
517.8
365.22
311.83
131.17
653.05
59.48
578.22
3.77
576.91
678.9
146.7
608.97
694.64
765.83
772.72
763.37
357.46
630.7
547.38
380.35
506.47
54.05
484.03
144.93
350.54
709.94
621.95
431.19
745.62
776.41
626.39
43.53
335.69
65.77
514.25
316.88
622.43
13.32
317.08
36.05
477.95
584.01
624.72
290.81
472.53
628.87
260.87
757.21
406.27
127.58
107.46
660.6
244.73
214.95
376.42
773.5
454.29
797
398.57
486.06
773.11
677.72
483.19
263.83
371.37
674.77
524.12
738.31
594.2
100.16
654.81
47.35
339.85
725.77
476.14
32.84
4.12
287.76
271.64
764.84
334.53
90.07
457.12
733.15
385.37
344.1
422.39
740.49
265.61
191.02
656.9
705.66
668.46
502.78
749
377.19
668.62
603.16
699.32
59.66
524.42
232.29
700.3
533.54
737.2
490.3
745.52
200.2
465.57
391.11
225.49
224.94
313.47
742.77
624.4
588.86
598.98
767.3
142.55
628.35
469.19
703.43
144.34
495.9
727.97
60.43
306.23
184.91
765.84
15.7
661.96
5.15
203.64
518.8
161.32
626.43
518.53
185.62
88.1
156.7
686.59
344.95
637.23
416.77
399.41
653.48
320.29
362.68
535.17
109.99
518.97
704.68
395.02
480.56
273.2
48.84
183.16
396.19
318.07
709.28
739.9
209.34
645.62
727.43
528.25
10.79
371.25
217.66
84.67
732.99
388.76
109.6
659.63
664.94
792
356.83
353.16
442.96
397.67
493.56
335.55
672.63
728.32
26.57
74.03
492.17
581.61
112.37
356.16
603.2
58.03
424.95
35.31
131.61
292.21
500.62
358.51
362.99
284.76
750.05
460.62
504.81
711.69
383.91
752.3
342.76
57.25
439.79
52.99
305.16
320.52
719.23
376.71
615.03
445.79
743.24
682.45
500.56
581.4
734.62
746.23
733.27
268.24
74.63
702.31
118.06
786.15
223.19
54.46
794.67
234.75
725.15
454.29
563.48
511.09
659.59
365.81
371.85
313.69
107.02
659.58
535.63
679.7
785.44
329.02
379.89
671.19
623.86
135.96
1.45
727.97
519.51
125.89
621.91
781.43
190.9
683.91
356.72
44.72
385.86
306.77
469.11
568.8
430.45
413.9
129.71
130.57
511.77
242.66
342.63
80.8
12.49
724.88
568.69
707.13
353.27
177.14
252.79
235.48
509.57
208.34
266.94
453.84
17.12
366.64
461.28
104.52
559.65
146.93
365.4
157.82
364.92
501.82
74.72
481.75
128.51
514.03
403.89
638.08
661.81
277.63
462.52
130.85
754.93
166.55
675.2
50.78
573.96
100.66
450.12
359.15
221.93
74.53
8.96
358.13
570.49
122.7
768.18
234.31
265.6
403.04
333.6
103.03
232.98
608.83
388.99
368.15
517.55
54.11
790
7.9
348.47
461.97
749.92
285.14
645.49
83.17
644.94
438.41
377.6
111.48
495.29
358.51
494.76
160.96
334.76
460
27.3
523.62
280.87
630.76
330.48
520.27
689.75
705.44
355.56
319.11
100.88
29.28
542.45
191.58
358.66
372.48
759.83
476.39
298.23
494.44
625.58
649.22
68.78
554.94
38.86
273.9
579.42
88.83
280.15
361.21
29.12
45.45
180.76
774.23
674.7
312.92
764.21
363.38
793.56
41.66
241.67
678.54
638.28
187.72
351.6
668.21
219.51
76.83
305.44
467.71
219.93
760.37
185.65
456.88
663.88
99.52
27.05
100.92
604.53
12.48
415.36
85.41
510.97
730.72
524.11
770.17
666.01
245.16
583.28
712.89
55.62
771.55
494.91
743.05
631.47
88.04
723.3
56.29
388.39
347.97
60.24
405.09
123.81
261.74
135.7
7.13
427.91
729.45
18.74
733.93
91.29
235.43
330.32
224.46
309.19
587.6
188.1
56.82
400.56
784.19
684.17
514.49
15.11
614.91
366.53
462.81
229.65
112.46
764.68
388.52
205.5
99.96
420.93
182.37
374.56
466.45
133.8
549.37
254.71
432.55
161.41
145.71
485.02
716.03
188.3
97.86
563.62
712.15
216.27
114.71
175.97
162.72
570.72
581.84
615.5
278.8
427.71
135.3
43.04
565.65
47.99
292.48
464.81
749.73
708.24
278.03
416.39
418.46
36.3
341.87
615.62
115.94
720.77
328.01
648.59
133.22
697.32
278.55
81.97
182.94
191.99
268.06
7.02
112.7
750.67
660.2
60.46
226.38
157.59
301.19
529.58
295.37
465.25
366.15
70.92
21.27
339.99
372.58
480.07
220.09
232.19
586.02
100.82
746.51
576.68
71.52
154.96
639.23
615.99
523.36
496.57
728.45
243.43
177.2
469.92
305.83
467.4
250.64
533.51
762.06
732.74
336.87
362.8
269.13
334.95
661.74
309.01
97.78
523.32
737.84
248.06
542.87
163.79
640.3
315.44
194.69
714.49
526.04
296.08
525.08
255.49
62.49
197.8
444.43
717.41
35.1
755.34
75.74
711.07
726.32
471.68
692.37
632.48
238.48
229.31
91.8
108.64
340.99
382.75
153.21
6.47
691.26
342.41
70.43
338.7
30.81
582.39
622.56
291.67
402.46
56.78
706.97
272.39
43.27
25.73
293.16
456.82
673.53
283.48
550.3
398.69
534.02
323.95
12.97
215.06
248.8
210.02
683.75
166.54
270.34
376.19
699.35
59.65
419.57
590.06
787.36
781.48
374.52
719.83
67.7
774.3
141.96
195.92
660.74
762.51
341.79
248.69
209.97
416.72
746.2
777.39
782.57
97.06
798.41
195.34
556.85
636.66
784.55
422.23
111.2
557.76
7.41
64.24
174.2
447.96
692.73
166.3
398.05
230.21
377.47
710.15
575.56
794.43
792.22
148.5
341.48
506.91
99.77
101.67
646.19
370.08
422.61
610.97
329.73
196.71
10.59
605.17
518.41
419.59
577.64
513.69
17.75
0.27
459.65
42.68
435.34
9.68
501.68
182.21
696.79
378.14
156.47
756.94
257.22
516.71
490.7
440.13
584
369.75
707.2
184.68
142.99
403.82
516.58
79
578.06
122.99
159.24
401.99
618.95
297.17
280.2
611.79
312.61
31.26
274.15
658.08
611.06
542.17
491.42
679.11
198.8
131.34
412.39
762.97
22.05
430.02
28.08
403.36
187.19
770.71
344.78
691.8
458.81
218.3
481.55
122.54
255.7
788.18
138.91
575.53
212.79
538.5
203.31
336.3
769.3
277.68
712.35
59.9
365.39
515.78
292.43
473.9
436.48
604.98
336.68
589.11
45.16
70.33
464.61
603.83
277.07
228.33
190.97
750.59
80.33
675.74
8.6
784.11
406.16
276.84
492.44
564.96
480.17
709.77
471.03
631.58
409.65
361.63
724.02
220.7
755.96
35.46
328.89
650.44
30.54
134.08
361.36
291.99
697.87
780.52
48.28
270.01
103.18
793.77
273.4
22.71
419.92
4.32
399.44
558.38
714.12
495.71
666.62
283.37
184.11
636.92
542.34
319.62
676.44
264.48
445
448.08
532.86
68.9
0.05
342.14
275.46
301.49
241.85
472.89
70.65
390.11
143.1
124.8
479.08
668.91
78.28
799.4
551.72
185.01
189.84
236.47
281.47
302.09
284.07
234.91
760.84
549.93
770.85
43
779.38
17.49
579.75
720.35
687.84
46.33
462.24
366.72
603.12
445.32
337.25
458.59
709.48
459.56
722.66
713.19
43.55
663.73
96.3
704.47
342.46
552
205.15
680.77
704.99
467.57
65.72
139.13
514.52
300.2
25.22
664.03
514.42
621.56
769.45
315.81
339.64
726.46
589.9
673.4
347.14
312.09
96.5
140.87
707.32
443.14
594.52
16.19
297.36
341.44
93
183.8
97.82
521.21
481.68
774.18
769.56
732.26
321.55
756.48
332.26
273.49
188.53
611.42
762.33
549.08
666.66
283.27
792.94
564.33
32.11
113.84
344.41
294.24
114.29
597.55
279.9
683.83
195.15
482.29
71.15
141.46
165.16
765.71
344.25
290.58
651.93
395.35
68.13
745.32
645.6
57.61
780.51
23.97
95.38
759.41
79.5
426.88
729.61
674
479.27
437
496.19
788.35
31.11
259.37
728.28
182.85
3.17
369.47
346.43
307.66
68.09
155.51
348.4
145.68
381.44
373.64
468.93
437.17
656.58
517.88
462.76
675.98
341.41
475.42
334.24
360.14
90.44
119.03
108.9
556.79
687.88
508.82
787.05
293.66
30.67
306
756.11
144.99
497.62
195.24
536.43
574.86
170.06
716.39
265.1
754.65
448
665.18
434.59
488.23
538.42
535.23
402.69
308.65
373.73
309.75
487.07
214.73
245.32
691.71
741.54
176.86
124.93
682.39
668.71
342.22
341.12
711.24
346
333.14
277.38
287.81
798.56
569.32
318.77
691.86
780.16
535.91
740.56
500.18
480
377.35
195.02
730.71
181.62
479.88
200.72
574.58
723.57
568.8
405.44
648.03
8.97
486.16
25.59
311.07
660.58
750.04
163.68
531.74
320.79
746.6
357.64
791.16
732.23
774.43
771.44
643.58
22.09
0.86
412.59
685.38
127.91
463.16
727.94
780
437.66
594.57
128.14
614.94
773.81
76.5
211.94
148.8
613.56
605.63
714.38
490.16
317.63
663.41
197.34
297.16
514.46
662.28
174.37
464.01
714.97
571.14
626.29
700.03
226.58
157.63
22.76
746.72
426.45
605.75
657.8
597.39
501.3
237.59
631.14
373.25
761.97
156.44
45.86
534.26
118.52
125.31
579.99
222.17
68.88
16.21
64.58
302.69
427.71
782.57
363.09
106.76
665.15
597.89
594.31
329.97
239.69
220.87
255.75
524.23
200.17
282.39
108.29
681.42
85.78
489.62
648.39
345.38
598.35
779.22
505.01
72.74
777.16
30.85
41.77
432.52
558.31
500.96
177.86
610.8
634.64
207.81
178.27
378.21
433.78
740.47
414.99
453.21
466.42
325.09
409.63
82.33
492.05
671.41
59.36
221.49
624.24
186.65
151.03
447.06
421.43
303.43
341.18
323.09
457.61
299.08
166.29
593.27
785.23
416.61
41
551.8
364.37
215.88
455.48
536.97
530.41
85.46
204.96
65.78
620.72
721.51
342.32
562.38
97.13
254.44
557.83
663.47
78.79
757.47
633.26
746.72
70.53
361.76
509.05
205.14
570.4
212.51
360.11
114.57
522.31
593.46
530.24
791.73
262.11
476.68
529.72
403.73
637.32
596.79
592.69
239.89
227.75
704.53
15.78
233.2
267.85
164.52
65.21
97.31
388.15
206.19
616.41
250.88
150.98
243.52
205.96
157.67
222.23
508.75
13.74
644.74
678.93
279.5
714.54
25.68
773.2
633.91
409.54
126.13
303.06
413.24
10.3
573.95
562
585.45
113.19
110.41
8.51
612.99
358.34
270.03
580.89
586.1
27.25
626.36
99.03
127.97
144.2
438.97
394.19
490.91
332.76
661.57
594.89
553.4
690.44
699.15
634.96
553.03
230.37
22.06
639.12
62.66
491.02
686.53
702.43
657.86
708.36
119.76
48.88
405.22
740.57
408.85
414.4
390.42
163.18
716.01
397.44
596.88
91.08
742.83
604.07
226.65
117.87
214.12
45.71
254.29
467.91
643.19
624.72
670.31
17.95
197.4
102.67
586.34
249.01
549.8
702.83
759.83
602.54
462.28
630.47
582.78
571.98
610.6
631.55
773.35
268.29
404.74
147.52
279.47
543.53
355.87
407.9
750.83
277.45
311.26
206.96
428.96
416.19
200.82
544.77
285.49
28.64
82.81
48.9
342.88
721.47
150.74
538.1
719.21
546.43
556.87
364.02
93.33
441.18
589.72
447.25
547.94
751.21
583.97
650.75
571.55
756.79
635.83
42.17
734.02
343.35
147.4
91.49
706.03
157.45
11.76
369.09
401.7
689.18
40.53
355.83
654.11
200.67
681.2
43.72
215.21
107.54
579.39
706.08
587.27
32.11
269.77
491.19
746.2
543.57
715.49
444.48
558.73
94.46
4.58
20.35
13.16
685.47
363.92
357.11
452.41
41.13
146.99
402.04
710.91
61.25
614.38
696.13
756.14
183.39
705.53
414.63
7.78
602.34
130.54
542.81
383.97
494
696.37
713.85
45.26
289.68
214.23
305.37
61.7
345.52
437.03
792.63
375.45
270
152.43
79.87
249.46
483.1
196.63
158.65
89.59
421.57
654.78
186.66
705.44
68.22
444
534.11
322.33
28.97
48.18
214.07
658.33
480.13
343.52
182.55
408.32
324.71
291.1
499.18
409.86
797.44
477.3
493.07
515.01
568.19
415.81
306.34
785.53
95.64
225.9
529.12
762.63
570.12
327.48
428.42
87.83
620.52
646.53
609.14
577.63
264.26
34.09
215.03
104.31
671.83
254.07
230.06
240.36
473.29
479.01
165.01
60.16
340.38
149.35
335.5
516.58
176.07
511.51
382.93
193.75
549.13
164.73
11
297.33
491.61
699.63
455.84
379.95
558.47
517.04
723.15
676.14
249.77
318.98
500.29
221.2
349.68
758.04
331.78
479.8
336.42
697.36
288.41
544.66
723.99
147.88
86
403.7
765.46
447.8
719.44
491.45
753.31
389.81
356.11
684.73
286.02
442.08
561.59
319.42
709.02
246.76
375.02
761.37
629.36
188.35
270.71
116.88
124.44
384.91
184.74
130.64
32.92
443.24
387.98
295.93
50.07
61.92
687.58
262.32
531.5
269.62
568.47
622.01
32.06
610.55
602.32
303.28
626.93
428.03
455.29
712.04
405.82
460.05
125.77
471.43
733.27
365.23
358.34
532.89
230.16
236.5
291.57
27.74
681.08
233.96
155.06
529.79
49.83
711.42
781.19
644.06
123.69
576.08
432.09
623.53
196.06
310.88
119.48
37.25
141.27
292.73
415.35
457.07
663.86
732.46
259.36
406.36
536.93
46.5
403.55
28.2
334.89
272
574.49
450.69
373.82
269.22
521.07
648.46
756.94
607.41
509.78
798.04
739.78
47.64
100.76
715.62
478.85
769.43
327.34
319.38
71.69
409.87
18.68
139.33
189.8
412.21
561.68
776.05
96.01
503.68
631.28
30.41
594.94
588.63
312.09
682.91
150.65
570.93
100.07
153.09
304.97
548.87
102.63
340.11
364.46
672.94
250.53
479.48
42.45
665.37
478.18
613.96
518.58
370.49
310.42
92.5
119.3
612.45
45.84
662.89
225.09
745.23
655.58
136.81
232.47
779.61
675.89
416.6
317.71
394.49
704.17
120.98
254.34
375.94
219.37
11.2
143.7
793.96
457.39
136.13
705.67
178.17
588.43
527.74
371.75
200.61
3.43
10.28
155.53
449.64
7.86
70.89
451.91
34.63
439.16
142.66
743.88
639.51
569.37
584.26
617.61
253.93
403.8
333.23
710.53
446.13
606.86
353.23
79.2
493.46
501.53
506.3
728.2
87.72
22.82
246.19
243.34
674.77
261.3
516.64
433.02
540.61
158.49
609.52
470.64
141.04
652.68
395.5
472.13
425.18
18.21
211.08
650.64
327.55
567.07
5.95
410.67
536.81
774.78
170.47
447.5
111.64
396.86
541.71
325.58
585.39
296.49
257.07
340.46
353.84
621.48
47.14
65.58
262.52
250.84
79.29
315.48
399.24
377.29
689.17
608.45
268.29
273.39
192.61
292.55
383.26
777.72
377.74
146.23
359.14
608.86
477.61
774.89
487.84
163.74
675.53
772.42
639.08
535.9
525.35
683.15
395.82
651.88
214.68
698.62
4.64
273.6
395.79
255.08
287.93
731.56
542.02
406.02
48.96
270.59
449.48
325.2
122
644.72
562.59
523.4
85.84
732.31
12.11
457.92
4.9
450.63
369.94
233.92
379.68
450.43
129.64
606.14
317.83
543.68
509.88
476.86
338.75
631.51
198.56
521.87
383.98
679.41
657.11
532.87
483.33
63.68
605.22
144.41
66.33
325.2
235.23
223.47
695.47
478.62
545.12
49.54
763.23
739.8
69.91
64.87
616.56
538.51
556.12
793.96
799.87
595.64
143.49
579.74
659.09
513.58
12.2
98.99
140.71
581.49
298.66
644.02
325.76
631.88
761.73
251.15
137.51
413.16
213.99
568.72
642.18
114.06
286
457.26
177.6
422.6
663.42
129.7
621.17
483.14
611.06
20.09
17.19
282.28
312.09
515.59
744.07
121.57
751.32
237.98
524.93
477.25
494.94
22.26
101.9
133.5
799.27
784.68
345.88
733.94
359.48
449.16
580.36
36.12
181.39
756.31
545.52
267.91
420.91
299.54
627.19
311.37
762.45
185.54
563.12
756.47
708.88
505.12
713.99
589.02
572.23
40.94
327.61
514.5
22.45
397.1
635.7
92.84
674.06
51.87
517.97
670.76
345.76
607.06
695.63
415.4
687.36
772.99
720.98
790.58
577.43
798.96
682.58
436
310.6
693.75
244.06
155.81
719.11
784.44
243.24
578.29
312.27
592.8
196.07
384.31
127.1
308.96
790.8
284.17
559.68
431.11
312.32
774.18
640.06
559.46
740.52
52.09
666.13
190.95
529.34
470.01
616.11
450.22
585.28
395.4
616.17
346.67
550.49
475.31
488.45
223.86
717.74
660.13
110.98
306.3
459.62
708.14
432.79
362.08
757.11
216.02
514.67
358.05
462.22
722
631.5
37.17
349.2
199.3
680.81
133.11
156.98
177.33
434.04
340.07
445.08
642.47
143.57
368.73
328.99
69.39
357.9
271.58
370.77
798.68
518.12
27.64
83.81
722.24
49.06
193.09
700.4
183.48
453.2
154.17
620.8
638.9
504.99
681.01
159.06
185.92
719.33
315.36
410.96
642.05
543.5
325.53
54.76
500.72
136
233.24
9.25
529.21
673.02
619.97
430.51
429.35
34.62
358.43
402.43
640.34
609.38
588.47
364.29
563.39
157.26
18.43
681.85
305.14
248.73
33
625.36
146.29
374.03
130.81
564.83
50.95
692.28
112.43
290.09
589.89
571.45
715.64
56.66
161.62
138.94
463.72
261.11
184.72
427
247.64
266.45
627.96
566.23
628.69
525.48
427.33
559.3
710.35
247.05
340.11
95.57
80.7
595.83
793.5
17.32
71.94
532.59
459.67
193.23
735.66
380.24
602.1
411.01
157.42
376.25
495.6
685.05
375.83
681.9
539.62
280.06
409.65
134.17
10.78
717.67
733.39
496.51
719.36
734
157.96
490.32
386.89
86.88
527.25
302.11
451.06
107.19
747.76
319.02
695.46
224.73
112.86
154.83
745.63
702.94
436.43
29.24
528.55
308.77
191.06
358.92
582.25
556.84
205.82
375.25
136.91
257.95
506.34
261.47
616.01
419.03
237.42
26.78
396.06
653.56
596.63
625.64
235.61
718.56
496.55
79.85
587.61
444.92
352.15
643.5
30.97
454.07
232.68
170.83
21.27
449.79
654.82
694.42
528.45
629.94
496.29
470.72
624.88
785.66
312.19
671.36
317.87
12.26
661.18
179.3
313.4
495.6
716.88
271
135.86
736.88
258.65
766.23
408.3
429.42
450.26
243.01
724.92
390.65
379.73
66.94
371.78
213.8
755.99
32.26
159.78
8.25
374.71
67.89
443.09
63.67
741.54
757.82
459.91
240.59
676.21
164.21
433.28
627.64
472.63
362.11
380.86
79.41
337.78
592
146.61
411.64
549.51
233.46
389.07
526.53
756.47
620
425.94
301.34
475.21
140.8
438.86
1.25
757.23
340.13
413.34
265.84
6.82
265.9
321.82
792.5
562.2
722.98
599.2
146.34
450.44
611.82
384.12
494.43
364.09
502.43
285.06
152.14
53.2
653.59
128.58
498.2
372.03
671.83
358.83
490.17
205.73
735.28
643.46
539.95
733.36
713.21
549.1
307.33
734.96
126.18
353.69
731.72
163.91
296.73
497.57
157.92
361.22
128.99
626.62
66.76
686.16
78.87
622.24
60.58
574.47
740.28
311.07
656.63
550.08
781.34
575.31
377.11
195.11
682.12
409.31
471.26
125
359.74
180.87
626.58
742.35
259.95
712.97
755.35
785.12
507.43
512.8
230.63
369.82
256.59
210.34
574.64
530.66
92.35
117.14
455.24
506.57
233.34
117.59
208.31
559.02
647.14
241.55
445.44
257.91
496.39
342.54
762.45
627.98
422.62
23.21
110.14
142.87
621.45
715.99
300.07
114.48
391.68
542.08
392.82
712.83
394.45
141.8
662.76
423.77
587.1
176.74
368.06
689.05
540.08
778.69
687.17
653.89
401.92
217.69
70.37
210.52
69.89
203.21
663.1
486.31
181.98
94.25
102.87
124.49
767.92
404.35
731.92
392.46
690.01
517.76
450.66
360.5
244.32
612.13
273.18
457.54
744.83
165.89
151.8
695.28
420.08
788.5
697.23
205.29
429.23
92.66
785.6
798.57
611.56
474.57
379.93
690.24
453.4
567.07
143.8
625.86
682.65
90.46
104.72
534.31
735.08
439.09
439.76
358.18
783.52
493.88
698.25
718.7
501.83
693.63
36.35
353.79
26.22
180.08
740.42
226.01
306.74
745.86
114.95
196
163.16
322.51
10.99
407.56
798.67
567.81
760.48
494.16
10.32
790.73
113.79
364.41
45.72
30.87
199.02
300
756.45
332.86
538.13
540.38
419.31
581.25
689.58
88.58
707.09
406.75
603.93
312.5
663.84
235.9
579.01
319.85
246.96
351.81
620.99
330.12
218.64
5.8
346.61
405.8
762.32
222.32
425.88
590.75
768.09
554.89
83.04
606.64
265.1
521.58
501.97
760.09
673.84
755.75
506
118.42
28.31
478.21
581.69
511.71
759.28
325.37
130.33
696.22
766.74
688.36
7.58
337.22
54.89
41.01
467.64
135.29
434.84
489.64
439.06
757.31
38.69
744.53
412.94
12.65
797.21
666.85
586.4
59.75
584.65
407.95
527.3
664.63
207.97
159.9
34.65
543.68
49.76
624.42
135.88
172.17
758.71
346.18
721.05
406.73
759.22
532.28
267.07
664.18
685.69
267.02
145.79
322.95
367.18
308.77
157.43
342.83
28.67
434.33
638.36
8.24
438.28
194.16
750.04
14.12
381.1
685.89
20.11
768.78
163.46
319.92
183.93
256.41
695.38
257.06
408.79
6.58
790.66
204.38
701.33
495.91
188.12
780.92
755.04
89.81
459.18
378.67
495.28
365.86
463.39
244.17
12.05
485.28
249.36
138.47
233.7
715.34
734.48
464.36
767.28
580.9
68.56
502.04
246.77
668.66
728.02
397.38
100.09
154.33
650.06
751.56
86.8
47.07
737.55
592.77
45.53
247.52
507.88
605.9
626.34
784.77
749.52
24.06
496.45
483.36
183.65
4.09
33.4
223.01
470.89
540.06
206.94
17.22
217.78
353.78
739.69
566.59
386.26
652.71
463.16
574.7
185.17
34.33
228.87
194.8
93.09
268.74
793.18
270.32
726.22
115.1
99.35
525.94
224.65
577.18
406.05
467.39
634.97
667.03
464.03
796.78
447.26
286.59
189.27
470.48
242.26
550.04
146.35
222.47
709.77
47.23
550.81
639.45
550.94
504.77
121.09
724.68
335
250.34
588.37
64.84
572.68
556.36
709.96
154.84
412.54
247.79
733
422.56
155.47
371.67
149.3
362.25
67.41
0.73
460.78
28.36
364.42
652.67
392.4
653.13
172.39
477.26
449.27
190.32
577.26
785.69
138.24
488.84
505.58
28.15
397.14
650.68
419.33
389.4
7.66
764.23
302.25
363.59
180.01
373.47
435.31
283.31
33.44
425.13
681.81
768.54
424.79
552.31
151.52
564.27
114.35
444.6
658.02
54.62
501.52
294.89
421.36
547.03
47.27
97.97
292.21
485.87
203.12
123.46
130.31
578.04
436.38
427.91
314.53
626.04
459.74
785.22
729.35
350.62
525.69
482.89
22.86
410.06
329.06
571
784.88
664.22
43.29
233.28
480
481.9
553.12
765.72
218.44
611.48
284.21
740.32
213.73
456.25
192.07
484.07
448.63
579.48
377.81
210.37
724.18
143.83
289.76
279.87
45.61
104.59
370.37
795.29
184.87
728
44.47
393
588.78
685.94
777.61
777.74
411.85
347.15
273.53
149.18
295.77
634.52
42.33
520.07
566
83.9
776.35
424.55
387.79
516.52
9.9
203.69
413.6
469.84
409.46
618.26
528.84
592.57
451.39
282.45
514.99
650.76
473.08
195.78
326.84
785.46
104.97
17.02
341.91
364.83
322.09
411.47
703.92
159.16
277.35
162.86
112.53
612.23
241.65
663.27
229.96
563.59
208.23
786.24
21.6
445.02
431.36
352.13
314.76
406.89
652.1
710.16
640.75
185.47
604.71
92.67
400.15
132.05
443.79
470.46
429.21
159.77
109.51
675.62
647.23
583.84
420.52
696.7
429.28
734.16
175.18
9.63
763.68
137.48
569.82
657.01
205.32
700.63
542.02
696.59
271.07
427.9
116.86
378.1
368
259.35
225.63
600.35
220.82
323.78
549.62
562.31
432.85
261.99
442.85
717.97
583.88
144.2
798.71
603.27
317.74
441.17
635.84
196.86
548.55
231.99
243.87
685.31
576.66
251.78
148.24
759.52
36.82
77.81
690.59
475.4
594.41
356.86
127.11
744.56
755.7
44.28
111.28
666.83
102.22
705.87
72.35
544.18
659.12
583.48
16.09
438.99
592.82
666.6
592.46
392.9
124.73
267.79
724.04
184.05
453.16
623.61
726.23
81.41
180.19
235.7
266.02
98.54
21.62
466.39
789.39
92.49
243.81
705.56
102
725.52
450.8
14.2
766.24
456.94
25.35
52.34
512.33
132.76
391.37
318.1
454.52
379.76
469.92
457
531.06
323.27
405.23
381.53
162.57
559.92
196.25
572.54
174.93
356.94
484.14
778.3
441.48
173.77
79.61
557.3
642.27
464.18
670.5
389.42
735.92
701.58
203.05
706.39
207
154
575.27
139.77
194.91
372.5
784.47
364.4
697.21
21.82
17.48
420.97
564.88
299.35
426.61
294.38
380.02
755.14
781.65
546.95
97.9
799.55
771.86
65.85
75.3
264.15
172.87
725.11
736.21
677.53
115.27
465.94
153.05
671.08
605.92
348.08
233.79
403.06
784.42
747.24
427.55
414.95
747.64
708.43
795.46
774.03
781.81
685.37
376.36
797.34
660.53
498.07
626.74
304.95
607.87
498.69
267.84
239.4
625.94
56.82
722.87
224.97
301.59
385.27
388.65
646.78
243.77
57.32
203.24
423.82
416.15
350.01
609.23
107.89
452.37
577.08
347.56
216.6
416.71
36.93
42.11
568.46
651.84
785.5
233.27
210
438.57
252.6
626.44
348.9
12.07
629.18
550.51
400.37
227.73
220.4
132.53
574.39
543.76
731
526.86
201.13
647.69
163.13
45
212.09
570.53
476.26
476.56
491.54
294.87
582.79
620.78
375.81
107.84
495.98
735.35
705.05
679.39
700.39
601.77
683.44
172.26
398.58
209.45
726.34
26.79
362.06
4.57
490.42
781.67
353.08
653.07
176.33
294.49
258.54
269.61
355.53
334.34
124.26
776.1
322.73
113.08
341.18
548.03
724.86
79.76
346.06
625.99
750.84
525.43
88.97
164.28
429.42
247.53
97.43
675.9
700.71
180.91
396.45
419.85
323.97
602.43
29.86
541.25
26.43
441.31
287.89
501.65
39.08
767.15
328.22
38.3
196.06
556.77
152.22
159.91
111.85
749.38
114.09
374.2
124.79
582.92
788.45
576.53
792.26
457.85
674.85
539.28
447.47
108.35
83.51
291.38
147.46
659.67
168.81
157.98
52.45
178.43
310.9
268.52
694.95
124.31
87.95
648.06
431.55
480.95
576.29
274.86
573.1
177.37
145.38
430.42
450.69
358.97
692.55
788.97
197.94
797.66
629.52
661.99
134.89
392.23
47.83
651.15
437.09
105.9
599.59
120.1
321.87
734.86
721.37
237.97
608.54
112.21
524.17
744.48
321.41
645.1
404.63
609.85
5.43
752.89
46.56
346.75
499.11
278.68
371.47
132.63
784.05
375.13
669.66
3.55
449.27
428.33
681.48
412.73
544.07
703.93
774.9
478.98
326.03
314.83
272.86
576.72
682.07
271.53
795.09
453.64
215.38
746.94
663.57
705.72
704.94
136.71
392.34
706.91
127.73
119.22
752.45
236.98
795.11
245.25
782.92
765.64
669.93
622.47
109.61
758.99
685.42
224.96
218.79
267.69
574.34
401.22
467.73
60.1
715.43
121.58
756.86
519.05
194.28
656.08
109.94
88.27
428
306.34
427.91
137.17
532.87
643.28
3.55
391.81
123.08
277.69
269.01
274.08
541.67
710.34
427.74
106.25
13.48
785.54
403.68
251.56
293.08
589.44
293.06
635.55
294.65
651.58
442.14
272.91
62.49
103.76
259.38
47.05
19.1
14.17
769.83
792.74
19.26
464.79
187.36
570.99
392.04
508.02
15.09
106.98
735.59
57.01
347.5
259.9
544.29
32.18
403.03
589.4
557.86
441.31
771.81
199.9
146.37
298.13
197.96
615.96
244.73
407.75
452.83
363.62
10.55
469.39
419.57
24.61
442.07
517.98
581.94
474.56
697.48
462.87
299
695.33
672.58
110.86
247.12
513.49
353.31
456.65
489.31
144.12
781.99
253.86
145.64
529.04
33.36
442.41
669.85
208.79
541.62
357.56
83.48
777.3
64.13
99.17
418.26
304.36
136.12
351.55
350.92
363.11
156.9
556.52
8.62
73.01
365.28
786.86
306.1
335.71
167.44
604.66
165.13
790.5
244.92
88.48
704.93
663.37
156.86
249.64
170.53
161.67
90.37
530.73
472.04
693.64
385.92
369.89
27.25
416.63
675.29
280.37
670.66
614.3
747.51
474.58
647.58
199.84
353.07
746.42
246.52
510.07
446.13
775.56
525.59
306.95
85.4
112.28
465.94
680.59
310.01
649.55
298.92
233.65
155.68
313.52
213.54
756.01
221.26
786.46
118.31
47.31
710.43
41.37
397.54
121.45
211.66
534.22
452.25
582.61
757.77
746.74
168.92
461.51
482.88
714.92
443.65
509.86
312.68
116.32
586.36
554.26
364.24
28.18
596.79
259.35
478.85
573.46
661.29
1.82
10.35
583.92
609.97
434.95
702.12
38.74
146.1
352.55
356.49
261.39
328.7
449.19
583.43
509.96
399.08
209.85
136.32
322.51
151.67
699.99
173.44
118.37
15.07
573.14
361.31
603.1
182.72
349.08
675.35
154.9
24.93
384.03
64.35
396.66
502.47
179.02
691.88
681.02
215.41
317.48
398.23
620.17
53.5
269.32
540.23
665.53
486.93
249.9
219.13
61.82
680.78
14.43
391.05
445.37
622.06
404.03
296.75
64.45
403.13
540.34
400.68
74.06
96.22
302.46
278.87
618.39
39.74
34.3
642.49
8.67
480.06
24.33
4.44
708.65
275.82
207.37
759.33
22.95
587.93
353.75
295
265.61
68.13
654.35
733.68
542.21
187.82
797.34
430.19
548.36
630.61
257.92
736.73
197.78
652.31
32.37
602.05
733.05
113.48
256.09
250.13
155.44
476.92
305.24
234.07
177.3
767.15
121.63
685.47
296.02
292.04
442.05
490.1
651.16
385.93
390.2
13.4
161.69
313.74
714.23
670.18
224.77
429
556.28
358.44
108.67
31.86
486.38
55.28
298.74
646.53
55.77
271.92
56.68
300.22
204.55
102.44
36.09
345.81
2.71
682.42
283.34
744.28
558.58
282.75
239.5
734.91
52.56
452.39
757.12
790.51
26.73
569.54
268.76
535.13
676.41
319.75
614.68
659.16
405.24
450.08
337.33
45.74
89.23
25.7
726.92
170.8
478.2
748.39
539.7
173.88
58.51
86.26
563.37
500.67
468.02
794.08
543.64
95.79
609.39
657.32
34.06
432.22
252.87
554.99
300.93
200.35
571.72
61.22
163.3
484.78
303.07
39.41
110.73
488.8
34.17
621.59
225.42
348.25
62.06
192.09
402.71
51.02
420.42
622.97
765.81
538.87
202.23
219.02
137.26
571.84
76.21
9.61
625.15
428.33
371.83
753.41
510.89
523.14
774.26
438.34
467.38
697.39
164.87
26.55
163.26
682.72
330.39
450.01
387.47
499.03
755.5
302.62
634.89
289.08
95.32
644.13
673.48
256.71
320.08
144.11
243.37
740.37
390.17
247.95
527.69
414.16
258.92
193.93
76.11
499.2
570.35
492.1
380.45
672.45
7.13
629.25
64.82
286.87
47.5
524.44
734.76
541.89
162.15
619.63
128.05
208.87
291.03
558.38
85.17
298.18
96.22
325.82
357.81
416.85
36.32
12.25
418.26
791.53
84.07
728.53
773.08
439.9
465.26
221.87
250.41
646.58
506.33
310.4
456.24
581.04
674.79
707.9
60.55
709.64
54.86
431.46
621.72
717.58
708.92
687.89
279.03
382.18
283.12
764.2
607.24
378.8
751.38
716.21
572.65
671.9
444.41
564.51
665.94
44.07
298.65
783.38
575.88
508.09
343.36
244.47
734.42
519.95
733.67
792.63
591.39
515.31
487.38
689.63
799.08
761.49
791.83
665.58
318.9
327.45
80.79
340.95
685.85
421.45
246.84
287.13
257.84
389.93
757.14
139.41
739.81
385.1
467.29
742.1
633.72
690.07
589.16
147.46
743.76
785.33
342.8
140.46
605.55
724.94
781.04
675.11
571.4
565.84
288.69
660.92
162.09
496.6
25.92
19.31
83.79
499.11
345.84
253.33
781.53
250.88
500.87
504.92
443.57
643.25
335.73
336.85
504.85
352.94
206.27
363.45
76.7
517.52
486.26
490.22
478.62
128.47
357.92
210.37
566.37
387.71
389.57
52.76
690.86
281.49
687.46
74.62
595.9
150.6
776.43
414.65
178.82
407.28
235.3
661.67
658.39
61.87
380.49
350.35
336.53
55.35
311.65
248.31
394.35
567.37
640.78
757.03
300.26
501.7
52.15
797.52
346.83
761.09
780.65
558
203.04
330.4
278.65
188.2
242.08
91.87
104.44
177.66
746.3
661.94
415.18
385.55
735.11
548.27
26.04
49.98
95.76
301.29
160.21
113.89
55.86
509.01
7.7
520.46
307.9
190.63
747.94
168.81
346.85
579.64
466.82
733.65
40.86
373.04
127.43
317.19
485.64
37.17
347.72
716.99
262.86
391.51
682.6
216.7
87.85
64.64
766.4
132.6
610.86
552.71
723.77
158.19
206.89
543.28
123.94
391.15
141.08
386.83
405.21
68.49
601.25
426.75
191.17
128.2
416.17
68.12
727.64
141.55
454.7
88.82
580.57
793.93
573.17
323.09
403.31
256.31
568.81
241.24
457.56
746.97
358.94
708.21
117.53
179.13
95.7
393.29
353.08
40.61
769.4
792.65
692.14
203
435.31
210.81
778.22
658.37
711.12
696.73
582.08
429.87
14.34
379.75
641.63
463.4
329.11
774.09
177.59
776.92
664.16
340.42
204.54
708.09
606.18
29.1
438.81
302.5
401.72
531.82
98.6
739.44
117.31
791.73
64.52
677.65
352.09
537.58
75.1
436.38
327.97
57.52
220.86
361.34
1.65
14.42
404.12
553.15
743.64
411.14
749.04
619.71
737.31
627.22
98.77
497.92
533.42
757.58
90.14
377.92
182.57
441.93
262.03
341.1
457.06
721.68
450.02
433.67
259.12
553.44
589.51
522.28
36.21
69.55
217.99
107.29
20.13
334.04
560.49
670.4
369.64
540.7
196.8
205.72
585.17
122.37
95.95
79.27
406.12
196.88
730.14
263.6
5.33
451.71
583.08
313.63
715.75
404.23
259.28
616.85
544.77
423.39
606.56
597.07
35.15
729.17
347.72
140.29
513.31
185.67
502.49
492.61
377.38
664.51
723.36
331.18
97.19
550.21
404.27
331.65
646.27
193.74
687.74
703.79
702.19
539.11
338.66
142.68
331.54
85.5
775.77
452.32
20.84
731.97
520.99
454.26
658.42
512.22
233.86
698.86
469.47
591.07
551.63
741.84
254.27
397.01
245.6
459.7
351.37
247.22
427.72
470.86
778.51
172.55
233.43
437.34
647.24
743.73
181.27
40.07
463.75
703.16
686.88
380.82
700.63
694.88
69.23
552.43
326.06
437.05
371.05
500.43
299.04
615.42
790.77
273.22
776.14
8.36
181.67
259.63
629.28
235.69
477.01
435.08
327.39
407.86
151.38
698.81
260.1
370.27
539.69
453.42
70.7
163.69
275.66
342.46
104.47
477.2
304.11
373.74
368.12
366.01
253.57
349.1
333.92
583.06
221.36
417.37
35.93
143.32
100.84
429.69
410.63
298.2
617.96
625.15
446.41
29.86
45.48
442.29
378.14
527.54
419.23
84.26
150.64
306.08
578.61
164.19
85.85
600.78
187.8
211.17
65.62
291.2
291.68
131.36
593.97
411.62
73.59
315.75
686.65
639.76
182.72
360.53
395.34
769.4
682.55
267.86
567.72
499.68
606.06
215.52
330.97
600.91
150.17
85.94
167.38
106.46
603.17
457.05
159.61
785.97
541.4
563.93
251.55
172.28
786.7
479.32
716.16
715.09
761.31
455.39
778.99
299.82
763.77
263.42
43.26
499.35
768.58
750.1
145.62
610.57
231.16
695.96
734.73
701.22
399.46
81.56
722.43
133.85
603.16
505.98
733.4
46.2
368.04
493.12
331.56
774.11
146.74
371.19
331.71
362.75
176.79
650.52
665.71
701.32
141.95
285.13
469.81
290.72
127.44
342.45
532.65
779.29
271.39
405.27
757.13
668.21
778.71
547.56
649.48
392.84
550.33
500.91
77.24
661.37
198.2
34.13
227.6
537.58
603.74
543.92
379.41
632.34
522.36
736.76
208.89
196.75
192.49
432.46
381.34
711.83
720.69
218.87
40.6
404.05
648.53
364.36
64.91
469.07
670.65
639.86
796.43
649.45
474.58
95.14
223.66
574.14
472.99
382.29
109.49
542.22
280.31
460.96
55.49
503.08
518.06
438.47
120.04
193.24
209.51
647.73
353.58
37.29
674.63
585.01
47.43
74.75
198.53
219.12
160.87
373.24
404.87
587.96
657.88
799.38
89.51
372.33
762.92
267.86
308.95
774.79
739.53
50.32
331.78
569.2
320.44
135.49
788.91
673.75
501.78
107.28
35.7
727.03
497
269.66
315.27
273.43
40.23
368.38
729.86
692.14
41.4
487.36
621.34
646.37
458.06
631.89
68.87
701.67
528.76
685.78
418.14
401.42
30.6
658.9
335.45
120.22
657.07
424.85
32.72
262.21
274.03
527.48
168.12
147.16
683.43
80.49
725.16
269.85
725.95
421.89
688.94
389.84
435.72
568.72
488.65
259.37
542.27
445.19
494.2
572.67
109.97
730.08
462.37
400.26
552.66
61.71
612.06
794.94
6.86
553.6
94.03
326.06
9.27
599.39
606.99
768.77
357.39
99.95
14.31
705.65
670.93
603.56
124.07
699.26
127.3
379.14
526.47
630.74
68.37
224.34
752.16
451.11
605.94
676.43
601.39
298.36
412.59
70.7
269.16
539.04
348.21
307.89
395.59
239.82
157.72
656.15
52.19
107.73
182.69
615.3
173.24
95.32
507.66
507.58
600.09
611.76
624.77
345.81
374.8
375.69
695.98
107.48
471.03
84.65
538.62
411.75
614.49
327.04
258.02
300.81
432.09
80.18
638.44
712.61
254.18
642.64
515.38
239.38
663.54
468.88
558.51
441.48
339.71
419.92
770.6
774.94
326.45
311.07
348.66
164.14
346.82
342.99
664.64
754.53
51.31
281.43
71.35
498.87
632.89
183.32
333.65
358.3
256.45
24.34
288.98
605.69
771.65
505.28
185.52
131.08
21.82
196.22
562.86
260.06
216.43
276.83
107.55
111.35
392.82
80.25
54.32
153.23
755.12
390.78
323.62
778.2
48.77
767.48
81.84
671.31
541.05
573.31
356.59
700.08
375.96
382.96
36.81
711.46
268.53
307.6
432.82
618.5
370.26
377.49
78.47
783.29
581.02
539.02
40.18
569.47
20.78
75.93
187.33
50.84
707.85
746.43
505.43
464.59
463.61
639.67
137.73
560.89
253.98
330.96
547.53
542.9
40.85
66.08
302.3
90.91
104.29
89.32
504.62
339.25
460.21
681.5
508.83
708.77
583.19
290.03
376.81
407.52
31.84
772.53
742.54
449.88
38.55
251.55
487.63
14.36
376.1
304.77
637.81
190.46
587.48
351.24
38.45
684.68
212.3
46.12
286.37
792.19
751.13
392.59
212.49
525.65
426.14
715.76
253.6
392.23
770.78
693.94
687.05
518.19
394.7
380.54
535.91
114.51
32.62
68.5
788.7
103.9
38.54
563.68
497.35
29.07
771.31
193.95
327.67
456.06
307.5
740.1
616.77
105.91
519.21
579.21
116.56
223.28
398.92
761.69
300.15
718.46
212.38
211.29
580.83
6.04
85.36
218.29
225.92
342.17
45.46
162.41
247.34
695.62
648.53
723.44
473.71
410.05
675.66
775.89
18.09
641.79
692.38
689.3
443.87
479.51
798.35
709.17
511.25
108.7
789.95
125.04
435.26
790
156.62
321.03
541.32
501.09
149.14
280.5
624.88
303.6
395.37
133.66
336.82
369.33
651.39
225.35
106.29
432.11
527.46
601.58
214.08
273.37
322.25
376.82
677.45
695.39
701.68
472.71
179.97
799.94
140.28
653.19
194.75
598.82
794.3
519.93
263.08
799.99
102.05
371.57
197.9
192.72
202.98
229.01
114.41
152.57
47.71
682.41
534.65
214.85
675.84
420.36
799.99
346.53
44.63
593.96
724.32
334.96
359.09
87.23
4.74
237.59
398.95
220.6
298.72
568.18
522.51
460.06
621.05
112.39
302.09
703.69
667.58
39.18
230.84
154.4
248.22
661.05
402.83
50.28
676.82
242.86
322.84
42.58
29.99
73.88
139.78
257.11
586.44
696.16
57.94
334.83
122.28
666.33
516.93
665.71
326.07
681.74
639.31
165.99
194.79
675.5
748.73
204.82
568.32
266.56
721.08
379.57
10.7
518.81
261.88
147.28
405.18
140.7
506.45
650.99
691.34
621.25
118.63
716.41
785.55
619.81
421.57
138.75
641.91
114.89
356.29
538.3
754.07
89.37
640.29
29.08
233.68
464.07
673.89
528.05
26.19
75.08
641.58
559.43
424.5
246.77
668.39
526.46
84.94
322.32
258.81
174.49
537.61
600.2
449.28
198.67
557.17
727.14
259.72
666.61
730.59
394.97
94.49
356.32
376.39
343.36
336.2
53.17
416.04
744.98
5.27
566.38
371.25
301.76
644.85
95.44
514.87
267.14
122.76
14.64
773.31
259.89
166.33
738.92
205.12
412.45
446.34
130.2
206
265.16
131.62
702.23
638.45
260.09
686.66
78.34
641.84
415.36
216.78
415.48
343.87
464.45
586.45
582.08
321.84
688.54
772.24
571.82
9.56
9.98
443.39
539.89 /

COPY
	PERMX PERMY  /
	PERMX PERMZ  /
/
MULTIPLY
	PERMZ 0.01 /
/
