---------------------------------
-- Permability values for SPE9 --
---------------------------------

-- Permeability distribution visualized in figure 5 in Killough's paper
-- Killough says 'The input data included in the distribution to
-- the participants included a geostatistically generated 
-- permeability field'

-- The values below are taken from Killough's dataset, they are
-- not based on the figure in the paper.

-- Explanation to how the data in PERMX is organized:
-- Under each LAYER (i.e. K-value), 
-- there are 25 ROWS (i.e J-values) under which there are
-- 24 entries (i.e. I-values) 

PERMX
207.11
558
282.93
205.46
743.96
313.97
540.25
667.01
775.66
365.11
795.85
500.32
370.67
771.78
712.51
529.6
443.15
627.63
17.66
564.89
696.58
547.77
153.55
412.65
90.91
379.93
630.06
333.04
492.18
146.79
513.22
288.03
246.94
271.3
202.32
302.33
438.25
98.49
675.04
419.56
649.42
212.17
541.63
626.09
33.45
131.96
726.08
496.12
102.5
796.26
743.99
799.14
513.7
239.29
254.28
9.94
718.79
1.82
15.13
540.1
6.14
387.41
510.59
385.56
113.03
675.93
301.24
500.82
474.68
242.53
529.86
254.54
522.31
311.33
4.31
176.79
231.94
245.29
709.14
146.67
535.23
356.73
544.19
338.82
34.93
707.07
317.83
285.78
663.97
582.07
636.09
597.72
54.69
115.93
549.11
202.39
150.87
517.85
685.9
27.19
52.62
234.06
699.81
163.83
158.88
588.71
99.95
22.42
405.87
179.19
483.79
563.6
256.68
283.86
655.71
475.12
18.35
124.29
34.09
504.43
51.28
99.5
97.77
562.34
245.89
281.47
230.56
62.73
194.77
342
299.12
193.06
90.5
420.74
442.64
542.34
136.25
656.23
725.83
258.43
485.04
125.74
501.29
581.65
340.16
471.22
564.69
615.82
445.02
171.32
619.71
171.42
736.21
49
575.48
140.89
119.82
679.4
435.62
715.7
41.4
267.69
368.41
354.25
731.48
21.97
776.72
262.41
518.82
787.39
613.16
633.74
582.09
588.41
678.71
209.9
623.9
462.06
590.08
499.23
745.27
363.6
551.84
541.39
580.2
298.39
595.59
476.39
524.81
144.13
386.44
235.76
429.69
353.8
371.25
393.17
20.38
239.77
647.85
197.61
311.14
393.91
50.51
594.66
79.39
307.23
65.88
601.6
524.83
6.98
650.5
553.02
403.77
56.23
300.8
216.44
325.21
763.73
593.81
609.62
320.92
567.47
482.45
390.91
490.18
687.89
606.28
636.79
109.83
631.54
725.24
621.36
761.58
48.65
217.28
162.91
170.49
737.99
269.67
24.31
239.72
464.03
277.59
413.16
190.54
529.93
211.74
558.15
50.88
784.93
732.81
590.98
739.69
747.04
320.72
573.94
303.26
105.15
739.16
310.36
252.69
407.87
96.7
480.81
220.2
627.4
266.21
295.31
221.82
660.73
70.45
149.38
796.99
349.03
562.79
633.34
124.53
49.58
200.86
738.7
640.92
253.01
262.72
616.76
196.38
522.23
17.17
445.53
13.7
678.44
780.2
117.24
697.6
726.98
424.66
154.42
178.7
28.44
739.13
83.52
519.03
118.94
392.54
696.08
163.79
239.89
224.66
712.69
563.54
476.08
508.02
260.1
596.78
660.21
426.56
681.51
470.29
764.05
366.93
799.66
469.72
452.2
178.98
501.21
676.19
57.84
253.41
699.45
320.9
586.66
164.75
606.06
375.69
661.21
273.69
650.51
497.66
238.39
12.83
457.85
48.65
30.7
631.87
183.84
752.92
671.94
53.53
621.44
654.67
630.95
568.2
622.61
644.54
189.12
223.43
433.7
144.03
450.96
385.61
781.88
708.96
681.23
192.81
513.46
577.42
391.82
693.59
2.17
616.36
49.77
739.01
293.76
371.31
699.7
516.26
665.49
85.08
324.83
423.83
728.17
619.09
346.61
122.89
253.49
636.21
424.88
450.01
392.54
327.91
448.55
166.18
235.55
346.8
431.43
303.61
54.29
607.18
560.84
403.35
518.34
177.03
27.14
441.9
542.26
450.91
59.77
793.88
356.35
145.57
720.97
294.55
285.15
641.24
175.58
291.89
405.55
628.04
127.83
158.88
530.41
707.08
548.52
478.47
713.36
472.33
500.23
413.55
172.4
586.63
260.46
493.65
48.85
392.4
166.37
187.67
790.15
61.08
394.48
618.39
728.04
330.69
584.36
662.76
725.77
49
293.28
498.11
760.48
327.66
134.84
236.75
574.95
786.18
215.03
717.93
536.51
740.96
189.76
562.79
210.28
406.69
152.76
530.33
362.8
65.24
766.75
673.8
456.21
264.71
167.51
677.53
582.06
597.98
109.7
242.66
77.47
728.06
501.36
721.48
86.17
100.5
704.76
411.52
198.56
584.65
799.48
78.08
25.02
408.6
24.91
154.42
200.51
156.2
650.59
763.34
407.75
264.46
227.48
449.09
504.43
340.34
721.72
302.3
190.74
614.24
234.42
747.94
348.95
555.81
646.34
455.83
50.44
111.87
201.02
616.61
512.67
343.77
27.79
564.51
198.65
228.91
534.33
524.81
291.52
82.33
630.05
331.59
577.87
207.37
246.9
659.44
386.08
493.93
23.87
355.79
569.45
216.25
446.84
339.29
577.35
342.36
309.61
671.49
163.5
323.52
24.76
162.05
175.68
116.78
442.03
423.91
195.06
147.92
55.21
725.42
540.39
104.33
177.63
431.39
357.11
545.83
131.44
277.39
524.24
377.39
455.59
305.42
374.13
685.99
568.19
415.55
172.39
419.4
39
745.78
638.52
217.82
535.37
635.49
269.56
85.06
374.94
303.27
408
167.49
290.03
4.34
554.29
539.92
702.05
237.2
59.23
777.5
385.42
691.85
54.39
691.84
97.35
127.54
53.37
171.08
256.14
470.9
607.53
417.12
228.25
398.28
349.86
280.42
321.68
573.18
682.98
756.32
499.04
318.72
534.33
767.31
64.61
128.19
173.82
256.02
534.78
298.87
509.11
667.5
465.46
708.09
387.04
542.56
143.01
385.72
141.86
364.65
417.55
480.51
75.85
468.3
345.58
433.08
154.43
158.91
322.24
274.87
274.39
19.38
378.24
759.45
721.38
180.05
54.4
118.68
745.17
626.59
394.14
635.83
111.55
57.41
571.47
374.98
157.47
532.49
153.92
226.99
560.32
778.11
187.46
482.37
463.7
411.63
335.25
298.73
130.98
314.9
726.28
216.38
239.09
40.51
69.97
707.44
334.54
645.82
25.97
146.72
111.38
114.26
32.25
508.79
97.6
237.91
185.94
135.49
408.74
771.52
176.29
372.7
573.32
446.29
767.38
568.09
706.05
763.38
149.68
351.03
31.89
245.67
187.42
176.36
297.94
266.41
37.35
317.53
8.4
797.38
242.13
450.06
479.94
424.11
255.81
157.83
504.9
687.87
470.68
461.44
14.54
596.12
558.46
185.7
680.71
391.38
177.86
123.3
147.3
204.67
519.62
694.49
284.83
115.44
573.94
59.81
290.43
511.25
288.19
388.66
696.25
138.37
785.62
749.98
225.95
573.13
394.66
352.28
307.91
766.35
771.61
274.58
320.84
539.34
221.39
336.81
88.19
515.8
532.33
157.46
257.81
51.09
673.99
476.57
315.88
703.71
685.7
426.85
179.19
310.74
368.22
629.68
373.26
431.05
536.36
605.34
295.36
467.24
567.08
133.61
86.22
234.01
796.12
783.87
242.06
279.48
656.41
374.94
622.25
653.82
402.52
200.32
543
672.77
699.33
717.86
405.18
492.25
197.83
213.25
593.61
624.41
747.27
463.63
143.03
358.27
259.25
179.44
57.66
311.6
19.89
583.02
525.44
590.32
10.54
273.36
87.5
126.21
466.5
420.95
224.36
428.72
222.65
71.63
390.03
376.77
364.34
98.38
579.98
742.42
644.71
754.83
604.1
700.49
756.2
570.79
274.43
109.19
730.22
63.41
216.75
106.85
761.55
760.98
577.65
331.39
255.27
198.12
756.5
741.59
623.03
23.52
753.6
343.59
598.62
178.79
378.33
83.73
401.88
103.7
390.64
495.34
714.72
429.71
524.24
780.41
409.47
394.61
282.57
219.87
285.7
539.71
753.98
786.63
282.02
148.87
55.22
757.16
261.9
410.22
447.28
654.59
336.17
510.35
477.43
436.61
31.95
75.98
370.55
407.32
65.09
615.81
440.4
497.12
273.97
0.13
782.31
515.52
255.98
509.77
764.39
363.58
573.87
784.03
404.08
595.42
598.98
637.68
772.95
204.96
180.96
601.88
595.54
35.47
704.41
721.2
750.65
146.05
737.1
336.31
423.16
436.04
339.92
420.95
607.19
507.5
230.08
595.11
341.64
163.97
394.96
61.6
355.7
285.38
262.71
738.05
488.97
54.34
421.86
525.28
354.52
220.56
173.31
272.02
121.01
310.4
364.33
277.44
93.76
217.38
496.04
418.34
181.24
516.67
636.52
547.72
774.15
142.07
269.67
51.28
418.67
550.46
310.02
611.89
341.24
261.42
40.49
229.07
544.23
46.26
564.45
741.79
275.72
212.91
429.19
89.24
255.89
89.45
311.09
529.24
706.36
726.38
317.51
293.88
2.59
24.91
148.51
236.37
298.27
132.55
604.03
180.87
153.11
670.16
132.9
453.29
194.14
238.57
692.07
248.21
624.87
23.24
260.54
623.33
677.98
140.29
417.56
310.8
579.84
557.38
667.05
143.77
715.27
412.82
697.94
35.39
562.11
239
297.6
688.51
167.73
344.24
174.11
487.91
487.27
591.22
18.81
236.37
423.89
68.54
563.93
28.75
490.05
763.66
546.58
5.39
126.15
409.09
600.98
108.97
34.04
14.93
424.89
102.85
115.63
113.88
678.22
156.6
745.77
264.68
649.81
745.92
652.82
166.81
547.14
796.61
592.5
250.83
19.81
168.55
746.39
460.97
181.8
56.72
657.17
423.39
450.62
516.89
276.35
209.39
237.71
317.97
735.48
155.13
347.41
13.38
14.7
579.77
666.48
315.91
11.4
199.81
336
264.9
328.69
729.69
286.78
555.14
761.85
748.82
554.29
358.1
551.76
669.37
35.73
792.81
572.91
8.93
682.77
56.61
345.4
355.41
633.77
723.13
583.16
192.1
744.16
355.14
47.73
682.28
454.14
490.07
190.49
783.77
559.81
508.42
797.5
132.56
75.41
561.9
654.55
581.27
33.74
86.38
332.89
651.62
50.91
759.56
459.69
170.18
442.18
501.07
447.77
83.18
179.61
734.25
629.92
182.94
62.05
297.87
723.16
293.03
652.02
413.11
299.72
195.56
368.72
778.47
517.81
190.14
562.15
577.7
267.5
150.67
77.77
48.72
529.15
755.76
369.88
141.7
635.99
728.81
668.46
617.54
217.24
153.05
699.42
555.01
594.02
270.07
206.91
592.91
433.16
520.23
653.44
756.29
667.8
480.71
391.54
555.49
424.56
166.29
200.95
604.65
340.4
71.68
659.61
338.24
85.22
334.09
789.68
212.55
310.86
137.87
355.59
415.97
106.61
222.87
18.18
481.41
309.18
31.42
608.05
195.16
710.43
627.96
310.55
308.12
378.82
406.64
531.55
426.23
22.82
527.78
630.91
59.71
0.26
269.14
430.24
366.99
773.3
690.46
732.22
483.1
305.99
94.91
481.11
361.9
497.77
134.5
72.59
595.84
3.34
360.06
647.15
792.4
706.99
258.94
543.88
549.81
342.05
340.26
450.61
321.29
239.63
546.72
207.96
675.74
406.61
351.88
230.15
641.18
748.94
586.45
296.61
338.52
762.52
113.63
594.18
591.21
278.51
547.84
707.6
671.79
129.42
362.33
295.27
630.65
86.74
237.4
563.19
120.23
292.46
446.03
382.71
68.04
738.84
475.88
686.63
772.19
308.48
506.75
631.95
80.02
533.23
713.9
61.28
381.86
666.9
176.15
45.15
262.28
736.81
535.8
647.92
679.04
310.25
288.84
534.65
226.37
286.9
172.9
158.66
645.83
448.2
255.65
385.18
526.44
757.42
115.79
503.67
412.17
224.33
79.4
414.74
368.32
131.27
136.07
627.28
768.98
287.51
577.38
646.88
143.16
169.81
218.29
246.53
113.71
82.41
625.77
554.69
68.27
699.83
748.24
289.2
296.52
292.04
356.46
311.44
389.17
368.99
650.89
264.02
515.99
510.2
357.57
621.84
205.74
360.66
315.57
207.45
469.42
39.5
143.54
666.02
144.05
499.94
218.45
312.91
178.12
675
45.11
679.21
484.07
551.05
759.36
171.18
354.93
729.03
755.68
486.56
709.34
484.14
99.25
581.95
126.52
171.33
113.2
149.21
240.42
427.04
789.36
486.47
213.06
789.56
739.65
27.97
220.39
635.58
453.95
657.02
209.61
219.33
727.45
29.04
403.87
473.35
296.89
143.8
644.74
273.19
1.23
651.71
287.99
785.29
23.24
434
6.2
463.75
543.53
194.57
395.08
305.4
426.89
666.89
134.65
26.2
135.18
634.79
181.3
358.61
210.68
432.7
517.04
396.34
5.53
369.68
518.56
707.73
119.05
451.92
770.96
215.34
507.25
350.6
359.97
454.86
43.3
617.7
445.85
718
726.69
41.24
2.67
573.17
756.32
300.62
698.38
756.6
472.42
400.97
268.28
144.34
118.69
271.85
748.44
84.12
195.05
743.93
153.29
164.31
5.18
550.76
193.9
492.29
53.12
494.81
109.6
196.47
95.56
25.18
153.17
695.8
496.99
416.37
86.2
576.1
453.53
668.24
543.21
269.91
625.95
24.08
126.61
473.8
686.71
280.65
433.67
596.21
439.13
681.2
25.63
550.1
3.6
13.54
484.06
572.51
705.04
631.72
757.87
772.43
622.37
30.36
225.27
558.59
71.83
766.33
187.03
594.97
237.97
201.94
617.59
494.67
510.37
152.21
105.19
230.9
547.11
417.61
598.09
151.43
782.94
77.16
672.82
252
419.7
478.23
775.23
217.2
590.14
354.21
63.94
90.04
105.08
638.89
509.48
110.95
555.54
205.87
554.44
547.78
591.75
786.76
722
750.06
502.13
121.98
448.78
767.61
304.8
601.71
762.27
296.69
456.3
433.26
192.2
50.17
721.66
774.61
668.01
234.31
623.22
43.64
511.78
740.76
712.81
125.21
12.33
470.67
265.38
59.16
244.91
746.92
53.88
50.7
459.31
681.81
0.85
473.91
154.27
156.32
45.28
544.17
299.95
579.2
731.17
406.38
260.51
315.82
669.36
218.96
489.53
707.26
574.22
629.34
350.48
411.82
153.5
43.53
87.94
717.56
766.59
406.12
466.97
473.07
270.72
376.59
569.94
108.26
398.88
754.3
351.86
316.49
748.13
645.88
545.84
382.3
644.42
221.98
649.21
403.08
448.84
508.83
447.81
748.02
172.87
576.43
350.85
242.86
580.89
197.09
113.72
20.95
217.57
174.73
705.44
85.7
732.13
60.82
38.97
641.04
681.26
794.25
209.23
657.02
716.33
327.75
611.26
136.74
139.87
174.15
621.07
528.42
579.6
93.45
142.68
634.75
163.41
679.76
332.77
286.8
221.43
304.23
35.99
157.04
464.54
564.83
76.31
748.39
31.79
289.57
687.48
600.34
383.14
162.24
186.41
250.63
456.81
792.43
280.72
451.13
722.72
672.16
176.94
493.6
368.12
316.46
201.06
56.21
595.15
190.84
361.07
717.42
777.33
755.39
740.31
115.46
31.25
148.49
199.05
334.73
670.11
342.74
317.93
39.65
336.37
664.22
106
783.04
57.69
745.55
265.37
42.94
169.52
470.15
753.43
584.3
458.07
778.3
256.02
676.46
393.36
682.8
152.19
311.49
734.49
600.78
94.6
750.68
282.91
309.61
227.07
263.73
274.81
441.58
277.19
230.94
320.3
279.63
189.48
546.07
202.64
220.43
447.09
477.23
213.27
398.24
300.79
454.07
72.52
396.83
594.02
728.79
197.3
737.82
73.09
324.01
41.35
355.38
573.71
283.32
567.39
692.36
312.66
664.24
681.86
188.7
311.65
393.53
325.07
541.04
207.38
782.55
394.98
328.15
730.06
318.71
568.87
715.55
394
491.7
32.03
282.39
795.21
621.85
214.91
244.18
79.16
622.77
150.8
437.26
195.52
225.88
757.68
472.59
23.24
154.38
600.2
577.29
575.65
299.09
423.76
103.72
554.4
252.95
689.22
416.53
172.79
444.68
4.39
346.17
742.1
91.73
692.8
185.05
83.11
254.45
181.79
332.11
496.94
357.81
655.5
783.46
264.79
540.47
7.5
262.06
664.13
413.69
595.91
421.54
471.09
218.78
124.07
529.48
113.16
379.2
266.47
65.82
407.58
411.81
167.52
685.24
88.3
655.42
92.07
598.42
686.2
718.19
536.01
363.98
532.3
25.59
749.8
477.25
226.7
373.66
440.69
406
766.39
174.99
780.71
575.18
460.51
543.27
96.28
101.34
119.11
223.08
401.52
514.86
469.45
641.67
502.57
540.27
414.05
403.28
421.53
288.35
479.96
108.87
356.33
1.9
696.32
503.42
721.57
438.26
660.77
293.86
704.79
292.35
50.27
326.56
398.7
13.41
286.53
318.26
582.43
538.6
636.62
247.25
258.13
473.87
718.81
549.26
760
406.34
514.97
680.1
162.26
654.85
1.99
446.74
89.02
357
797.52
469.78
308.55
2.53
29.69
290.4
206.66
676.82
731.78
337.67
276.46
287.63
606.14
604.55
353.89
387.24
2.82
656.09
374.51
251.33
99.33
749.49
727.62
10.05
368.58
30.88
638.38
441.51
292.21
390.48
788.58
715.68
213.68
637.67
508.77
99.68
317.58
478.89
633.94
140.84
446.28
705.24
713.51
279.12
52.55
572.56
120.38
83.54
403.51
791.11
489.28
474.21
449.17
455.26
408.13
416.2
294.37
499.58
94.1
634.98
68.85
480.13
205.78
82.74
32.35
703.23
343.55
593.23
222.64
27.68
412.89
725.81
733.78
578.83
75.37
490.4
3.19
660.46
660.94
625.05
432.29
563.55
545.61
383.92
692.6
360.27
222.79
581.11
445.12
475.49
285.66
281.27
203.89
683.8
621.24
7.82
316.01
775.93
231.74
723.87
583.39
242.94
310.15
793.42
231.66
335.55
401.57
296.09
348.05
782.71
25.14
713.82
96.59
647.21
617.27
453.92
787.93
323.92
403.77
282.15
298.36
456.27
79.79
101.48
144.85
576.64
622.51
163.51
289.14
531.12
780.15
522.07
783.51
670.11
77.06
777.94
782.69
542.29
273.99
575.84
510.67
545.79
295.49
73.32
18.13
268.93
363.38
6.17
584.18
415.23
498.21
199.82
756.33
346.59
418.29
702.75
36.96
344.82
309.14
246
499.78
428.52
212.09
39.59
788.47
743.73
218.6
651.54
647
566.24
386.96
438.33
66.27
219.03
705.15
141.71
509
741.62
254.18
582.14
193.31
270.16
619.51
124.35
448.49
525.63
772.95
204.07
475.62
733.27
45.25
122.32
342.07
145.37
361.75
424.22
593.37
453.45
457.16
326.33
54.03
100.48
66.41
706.81
622.78
443.95
108.23
160.23
77.27
458.78
286.08
625.5
327.53
250.32
700.29
156.77
220.48
133.17
38.77
302.87
149.6
548.47
697.45
568.89
366.75
724.56
339.16
331.08
486.56
505.19
105.73
421.48
532.52
463.83
456.64
145.11
792.29
472.29
571.01
188.56
443.73
555.41
533.37
671.99
106.92
415.38
40.56
396.68
84.94
478.58
520.87
108.26
513.87
250.5
131.98
457.23
797.04
643.14
548.06
459.94
704.93
417.01
533.46
669.46
291.49
637.99
86.81
0.96
204.03
70.63
26.01
250.97
87.4
602.88
643.92
202.29
697.34
409.37
35.43
788.2
18.83
462.43
282.01
768.26
656.65
374.64
356.24
329.11
275.79
769.07
229.86
593.99
470.54
26.42
656.91
273.14
483.87
629.93
704.15
434.83
550.42
21.82
92.8
619.9
178.5
746.04
266.26
246.05
142.8
137.85
737.44
19
726.36
467.94
341.13
197.06
219.18
500.4
58.75
607.08
519.84
433.5
663.54
516.41
2.41
114.04
590.73
725.55
131.58
757.64
263.21
164.45
369.37
760.03
324.27
711.12
159.87
43.69
495.89
1.26
540.86
352.82
125.39
237.67
418.24
472.17
519.36
665.79
329.82
505.32
577.69
733.8
452.02
670.82
8.47
262.43
501.43
1.04
401.98
64.08
325.63
283.6
664.41
287.97
75.81
608.28
161.62
463.12
355.16
309.47
222.28
96.64
185.04
300.29
249.19
318.41
337.85
313.13
645.07
417.61
184.38
254.95
502.24
454.91
30.98
448.46
249.34
747.09
5.08
71.62
223.53
525.1
116.75
700.73
369.24
612.56
113.55
624.51
539.97
354.08
656.14
319.87
449.99
442.09
313.88
696.91
634.75
652.38
502.95
732.78
630.19
544.75
286.26
691.65
290.62
782.78
144.14
521.85
57.21
798.12
32.55
283.86
190.43
189.09
132.28
667.37
415.14
401.7
126.89
221.16
398.75
41.48
518.81
730.44
256.48
529.65
504.83
564.57
63.93
485.19
583.5
359.23
128.11
701.53
101.34
546.75
446.88
218.08
436.71
724.12
646.24
637.94
527.31
458.55
635.51
661.14
746.52
62.27
770.82
665.61
255.68
524.3
327.2
783.17
162.45
239.22
548.54
261.54
592.07
189.86
335.86
45.56
532.2
576.01
617.25
83.96
753.97
471.1
601.79
54.05
480.09
424.75
627.3
241.97
613.25
120.33
292.97
33.55
347.05
674.34
72.18
578.22
785.81
148.12
749.24
238.78
284.56
676.46
434.12
535.71
680.82
292.92
345.91
586.58
194.67
384.58
554.83
35.51
686.61
716.27
46.35
419.55
43.92
701.94
75.57
286.15
672.97
173.43
323.63
221.33
214.68
343.26
532.35
304.35
230.55
0.4
470.84
707.31
96.56
673.68
712.74
385.23
432.47
182.21
264.35
475.36
732.71
644.75
11.17
109.61
74.53
302.27
210.22
59.78
169.21
91.38
568.28
323.1
193.91
641.68
122.05
220.51
479.63
681.34
107.86
480.26
60.56
293.64
37.78
189.61
622.73
573.39
37.12
521.47
404.39
48.25
118.66
133.42
633.65
545.31
573.03
278.16
429.04
473.84
245.61
684.62
589.64
692.99
594.59
294.72
115.36
558.64
6.71
352.85
342.07
706.87
792.92
526.54
223.05
517.46
351.45
235.94
195.89
192.89
227.16
67.89
744.61
434.39
487.12
16.89
611.29
323.08
140.69
653.09
477.17
234.87
200.64
272.64
475.21
406.45
286.6
640.03
13.18
105.03
536.26
231.71
274.17
793.74
387.25
369.26
173.22
247.78
744.17
487.28
201.43
276.93
331.64
169.74
498.38
335.64
466.83
479.43
223.75
469.16
265.18
434.3
15.87
762.23
595.67
646.67
693.91
651.66
584.71
297.21
96.72
567.49
296.73
468.11
701.1
455.66
302.36
627.43
2.22
560.08
766.43
687.55
506.07
312.52
704.72
115.41
159.7
467.83
402.88
323.68
772.44
261.62
753.74
471.53
646.78
502.66
163.32
670.42
317.22
703.41
516.94
441.01
667.1
115.38
214.58
219.13
665.25
73
23.81
333.81
306.53
575.15
158.04
648.73
91.29
645.87
673.6
544.16
95.71
2.57
118.04
768.59
488.66
531.09
37.55
464.44
490.88
243.27
758.52
510.04
388.67
30.77
325.04
332.91
288.97
703.13
553.72
624.34
534.8
294.33
443.48
738.43
168.27
776.23
57.84
111.83
598.74
314.54
126.68
168.76
170.03
374.19
672.7
627.09
105.64
485.25
97.19
140.55
407.09
612.23
721.7
443.76
651.32
364.94
84.25
564.05
662.32
275.54
66.69
650.08
405.72
77.18
623.04
216.34
748.88
220.93
668.94
537.96
267.21
79.77
415.47
110.13
598.21
561.03
514.48
629.58
519.33
483
534.29
799.43
178.35
559.72
410.41
312.04
277.31
674.98
134.28
207.62
519.68
625.71
793.13
542.77
738.69
18.62
238.44
237.48
783.63
54.25
645.21
664.53
268.37
397.67
748.62
81.06
397.59
526.58
677.3
488.16
741.44
27.48
522.07
233.11
424.75
328.28
500.89
723.09
401.03
27.41
630.97
786.73
319.87
185.16
665.51
757.21
338.71
259.05
67.23
93.41
535.97
343.91
328.33
580.36
499.35
173.41
232.82
289.38
781.57
141.28
550.96
578.88
778.03
94.19
331.13
641.6
792.92
613.76
438.48
321.31
631.97
337.61
430.97
610.68
317.58
407.21
337.02
233.22
434.02
694.62
315.79
124.05
427.24
245.94
630.79
579.32
337.05
473.44
446.79
14.26
523.03
181.24
55.42
486.28
539.68
151.99
366.53
188.95
275.93
628.75
460.67
241.18
141.91
144.56
320.05
612.76
110.06
319.17
782.89
256.15
209.18
54.32
520.52
386.08
645.08
549.06
296.47
366.49
465.1
643.71
123.97
381.56
478.39
603.77
495.64
763.77
511.46
321.86
614.22
466.15
539.93
555.24
764.11
136.87
189.46
502.6
420.86
760.45
481.15
552.28
448.77
631.36
499.88
336.62
92.48
34.6
373.74
398.55
698.62
216.74
149.06
55.17
314.63
637.29
528.43
11.72
118.74
117.37
591.09
502.69
161.27
33.7
745.94
264.04
772.76
777.85
210.84
22.52
311.42
758.76
399.64
500.74
205.13
669.12
764.09
107.13
402.09
296.33
756.13
337.45
662.97
470.85
492.56
468.67
461.12
448.99
284.47
449.5
80.04
47.05
46.73
321.8
163.47
352.28
595.15
650.58
79.87
550.46
44.96
94.5
86.33
580.35
216.98
539.96
182.48
627.07
603
108.18
773.6
556.05
423.64
74.25
649.09
549.33
372.06
382.74
294.64
763.88
58.17
382.03
490.34
440.87
149.13
645.22
537.97
705.55
391.31
787.22
221.22
303.49
133.46
640.68
654.19
494.14
405.28
516.01
317.61
196.52
441.35
245.41
21.64
335.29
261.64
593.71
260.25
130.44
236.07
373.53
44.98
122.04
472.46
27.92
438.12
45.58
483.47
274.25
559.46
362.15
769.28
349.43
449.22
162.45
617.97
256.54
487.01
353.81
388.45
728.32
540.05
518.87
633.72
610.77
17.86
250.17
62.28
789.87
369.87
687.98
676.29
269
373.08
677.16
183.21
295.82
118.56
427.96
144.5
741.85
625.1
767.96
3.48
340.05
411.88
101.22
215.73
244.24
199.03
174.45
593.96
274.17
197.12
214.4
677.68
551.68
283
712.12
783.04
671.95
474.42
384.52
563.44
426.69
347.32
366.6
621.6
578.17
86.12
219.18
80.4
45.59
159.93
786.63
342.91
386.64
189.14
794.23
96.92
221.63
182.71
354.33
437.11
423.14
538.89
95.26
345.32
361.78
40.98
153.33
519.68
337.46
764.66
469.23
261.45
334.34
631.16
151.36
163.78
277.44
417.43
435.75
3.24
208.97
333.84
666.93
207.75
159.22
379.6
271.29
127.89
128.37
768.98
9.43
130.42
307.64
577.3
308
135.02
440.13
760.44
26.58
414.51
304.75
40.4
454.62
122.13
7.28
388.82
738.74
377.04
82.44
76.15
143.48
360.86
62.05
226.92
587.36
449.9
293.57
568.84
9.23
587.53
590.27
647.49
46.45
18.51
227.84
584.76
621.39
3.51
166.84
233.83
10.35
240.46
627.57
419.29
204.82
467.02
737.91
718.06
44.35
410.18
428.18
518.11
518.47
145.48
283.47
97.88
180.99
405.41
403.9
708.41
499.37
340.67
600.09
236.12
218.38
480.55
175.75
460.35
415.08
718.68
22.06
736.13
14.57
778.28
721.37
161.6
633.08
1.85
76
318.76
744.89
223.29
407.47
466.05
636.25
654.54
560.17
212.77
653.23
118.88
585.73
420.59
704.29
796.63
563
115.77
320.06
314.03
564.46
308.07
293.41
303.48
265.06
122.44
233.54
396.79
695.34
379.92
505.71
770.97
789.22
783.13
697.84
48.06
798.24
412.8
713.68
549.59
39.84
769.77
233.17
284.17
19.45
748.88
214.38
522.58
360.26
48.57
578.71
28.5
118.86
615.19
301.46
61.65
664.95
522.92
335.34
19.88
411.47
288.48
595.76
340.84
403.68
545.39
103.89
479.01
527.45
587.09
290.75
315.8
724.3
394.36
563.88
20.96
704.89
99.12
487.82
445.1
276.01
761.13
532.14
249.87
21.82
618.35
322.68
470.32
748.52
509.34
313.34
674.12
358.61
698.05
520.23
341.76
171.37
661.27
182.72
6.23
652.15
618.45
497.69
714.49
505.24
716.83
20.15
187.52
170.12
193.52
781.67
182.16
384.06
96.7
683.12
779.18
436.03
134.43
371.93
328.48
659.66
654.78
158.08
114.73
532.43
58.64
633.03
557.06
289.97
133.27
631.12
708.75
378.08
483.61
296.02
707.52
365.42
646.8
83.67
724.41
685.84
378.85
52.44
717.91
768.51
80.38
609.99
586.29
586.91
175.93
499.97
110.36
242.3
265.53
421.52
708.36
408.58
61.51
269.74
32.59
177.91
141.62
59.83
144.14
21.02
507.99
186.5
433.77
721.44
405.16
131.71
537.16
711.94
327.37
379.73
478.58
445.62
301.75
409.88
308.1
450.71
298.75
767.21
670.7
298.78
375.37
299.72
248.84
182.91
389.64
131.79
236.67
445.95
199.31
780.93
28.18
767.67
689.68
416.68
541.38
284.32
235.27
624.58
149.71
211.32
111.65
653.27
32.82
141.32
5.05
355.25
633.16
85.53
414.73
176.76
765.44
615.35
100.1
481.24
4.91
184.23
709.93
416.02
679.72
39.01
80.65
26.59
732.36
143.33
678.99
422.87
423.01
496.48
736.14
512.57
322.83
107.9
598.03
341.81
600.27
494.49
624.05
539.53
167.55
343.09
209.75
674.66
306.54
760.62
84.46
269.38
678.26
481.68
530.23
66.94
705.68
103.49
762.23
605.85
221.96
273.04
724.69
176.78
589.39
701.78
54.99
684.63
282.69
546.27
367.64
83.22
726.57
112.77
335.86
586.53
286.29
4.21
599.4
234.79
194.98
785.77
37.97
644.81
240.91
381.08
591.69
147.64
458.6
237.92
145.14
338.57
674.34
250.72
43.74
708.78
551.92
637.34
746.21
64.65
475.25
503.55
307.65
18.83
729.03
646.4
463.83
213.14
507.21
469.51
541.36
491.6
33.28
195.45
364.42
787.81
279.84
15.43
168.08
712.09
79.18
576.32
182.82
396.2
597.81
727.54
1.82
70.23
338.61
112.79
224.74
662.91
550.43
662.95
137.23
211.66
58.81
229.14
715.25
14.6
581.06
222.33
68.92
151.21
542.26
41.74
308.55
225.95
159.09
605.18
384.75
66.75
713.04
190.64
372.34
124.47
134.68
263.45
121.45
152.85
504.08
125.93
267.81
191.95
345.97
239.18
30.77
495.25
63.31
798.37
439.4
117.06
614.02
145.54
650.17
211.56
789.87
106.84
268.27
300.74
285.61
739.9
363.08
691.97
765.26
565.72
192.2
252.12
398.28
266.66
69.67
791.26
190.8
107.17
705.47
185.13
7.11
524.11
519.59
626.77
453.97
326.45
527.51
416.77
389.12
584.73
469.42
397.89
312.96
794.24
426.65
623.95
458.39
442.53
732.49
629.73
153.1
114.42
514.01
675.59
175.73
4.32
393.05
264.49
117.65
201.93
590.18
22.17
725.35
27.45
469.02
384.76
640.37
181.2
253.19
431.56
245.61
759.83
406.51
175.79
46.19
738.68
716.82
406.65
535.75
653.2
190.17
421.31
379.36
731.62
405.69
70.05
693.84
34.89
355.67
771.94
719.09
186.02
288.98
411.78
150.02
677.95
45.29
215.94
283.59
45.74
689.57
531.45
230.19
352.45
360.66
236.82
490.66
582.93
234.28
693.04
781.23
29.4
487.73
40.55
682.41
683.77
387.77
759.39
451.64
348.02
672.04
409.77
122.48
532.92
86.19
577.3
52.34
90.36
544.27
567.24
638.22
747.82
625.73
211.52
574.94
376.65
506.98
322.69
94.42
457.59
249.42
698.81
633.85
690.43
438.58
712.47
392.13
388.13
505.98
170.68
257.87
484.67
70.89
672.2
588.76
209.45
307.75
681.83
541.28
291.73
368.72
680.24
102.14
489.72
287.67
142.34
41.3
553.79
166.14
417.04
137.02
712.89
86.73
404.71
673.85
320.24
192.54
291.2
414.24
174.59
64.85
577.93
399.83
82.63
541.57
178.63
117.37
117.46
633.66
420.46
16.68
644.06
62.49
264
654.1
473.89
93.88
300.71
610.61
531.47
153.08
763.98
588.8
735.87
535.79
517
698.58
293.5
347.52
163.8
258.63
426.89
371.77
233.27
31.29
720.83
219.32
442.64
270.2
620.24
441.46
300.89
711.35
679.05
307.57
322.36
435.62
248.76
398.29
582.08
91.12
458.75
500.26
639.79
547.7
111.59
556.18
204.64
362.43
96.99
489.72
621.85
564.53
732.12
102.2
136.13
612.79
329.4
295.58
712.06
181.15
791.13
685.92
571.68
443.28
687.67
338.35
282.66
631.99
31.65
640.71
734.01
165.57
665.29
522.71
475.37
349.24
377.07
62.53
152.62
323.48
571.02
585.16
155.34
264.93
308.69
526.76
424.36
363.85
671.09
641.37
521.64
722.18
19.39
37.19
534.81
270.23
734.75
533.48
606.67
243.39
42.01
104.45
56.23
564.26
285.96
164.37
182.68
579.75
492.82
497.87
755.34
687.72
261.48
583.91
404.59
557.68
572.91
43.4
694.94
634.47
112.11
47.03
717.55
677.31
442.13
771.6
82.03
345.79
348.92
569.21
691.16
198.55
348.47
424.43
338.6
646.74
430.61
735.32
455.32
423.44
168.19
605.03
689.78
349.98
44.01
173.15
544.34
91.31
42.91
10.61
350.12
659.36
445.73
266.71
642.04
334.32
142.46
503.31
216.99
23.96
401.83
468.23
475.34
36.7
451.52
75.96
745
761.25
541.95
38.07
445.34
66.42
205.5
38.55
434.76
254.66
276.22
595.09
576.88
316.24
259.35
282.21
518.94
76.87
753.48
589.64
180.12
326.64
721.08
414.61
5.73
794.13
30.16
671.75
71.56
446.99
68.84
226.87
651.13
742.13
257.47
364.46
28.06
543.92
214.04
83.14
405.76
628.19
188.14
611.7
597.82
92.74
496.06
401.02
247.45
770.61
506.03
39.64
568.55
672.82
270.73
25.98
535.94
705.49
13.55
143.39
295.16
271.61
440.8
184.2
33.36
592.1
505.59
353.72
277.86
268.01
330.83
776.47
333.62
119.35
205.79
246.31
100.77
542.56
209.57
771.85
652.08
182.75
48.67
202.9
148.22
253.93
787.69
467.46
570.81
771.31
16.55
108.16
301.28
276.98
434.79
280.12
745.68
432.17
225.52
562.93
629.02
433.6
108.23
673.09
713.77
470.9
215.62
652.3
456.21
720.14
42.38
163.49
94.35
116.28
142.02
746.87
447.21
510.72
738.11
771.32
639.07
340.29
707.55
409.24
672.06
453.6
348.75
626.7
514.83
647.67
759.39
619.05
395.23
389.18
193.09
685.85
132.69
386.03
309.46
92.63
296.26
128.7
620.54
682.92
192.07
50.19
521.94
56.03
89.94
347.3
575.51
547.66
474.8
511.98
722.27
645.49
586.71
691.56
335.89
401.4
789.08
107.29
613.29
781.48
709.86
230.74
348.98
403.43
378.93
280.33
347.14
707.3
783.84
753.38
224.88
139.57
33.25
313.19
182.65
679.07
423.14
391.01
598.95
181.05
528.8
694.74
379.9
406.28
512.14
639.48
34.08
224.44
553.87
535.54
15.54
415.95
685.72
283.59
165.16
420.59
422.97
474.73
742.63
533.02
174.57
633.36
546.94
376.3
651.62
139.92
720.77
543.88
631.05
527.85
755.56
18
630.87
583.12
566.46
645.35
532.6
97.69
365.53
143.8
74.49
219.17
84.77
109.46
249.98
445.15
34.88
334.36
120.39
404.88
580.26
656.86
447.72
519.09
65.62
564.45
746.05
97.47
621.88
167.51
713.65
610.37
9.56
516.96
758.36
274.55
546.95
523.15
156.08
752.14
290.95
75.67
138.36
410.64
630.31
763.49
251.24
318.13
376.43
10.11
788.56
587.21
54.27
23.47
292.44
211.45
408.24
207.82
289.91
779.8
364.19
570.41
474.11
627.24
762.7
77.67
224.03
776.82
672.18
695.04
669.15
60.16
337.69
427.83
775.7
247.36
508.03
242.7
603.75
284.59
671.41
217.46
360.67
470.79
78.76
258.77
447.43
40.4
533.49
666.71
13.49
238.91
489.19
381.28
489.39
585.24
308.87
647.7
705.16
88.17
272.89
753.9
108.04
38.3
2.79
406.34
399.9
749.69
85.3
221.24
486.97
507.26
275.2
669.44
406.94
60.01
232
25.11
653.7
201.66
735.69
754.25
82.88
102.29
36.43
775.27
158.28
364
356.26
554.62
112.02
661.97
81.9
259.15
33.03
120.03
576.48
687.09
379.09
733.32
266.45
210.27
167.34
200.22
252.71
107.53
214.61
701.58
659.81
603.11
304.75
435.17
640.12
582.17
452.87
253.34
148.77
163.15
758.61
156.59
345.02
715.15
765.35
98.63
20.2
627.07
679.42
540.07
185.31
608.14
125.27
358.12
685.16
539.34
172.8
391.73
442.82
400.94
507.77
411.56
724.56
613.24
21.15
198.32
347.07
390.43
254.12
664.8
517.5
228.98
466.13
253.3
520.13
671.69
403.55
799.88
525.42
645.97
528.26
369.99
601.55
264.86
403.63
328.54
695.91
238.94
99.8
426.96
315
53.13
665.02
710.61
98.13
147.21
17.38
787.82
600.13
645.85
609.61
282.47
433.38
763.97
491.5
668.74
723.6
528.23
665.91
359.86
393.8
420.22
528.37
216.36
5.62
780.83
656.24
491.55
395.57
341.89
500.33
52.96
717.06
247.82
510.72
621.04
143.1
713.01
353.24
759.08
163.5
753.14
20.97
382.13
509.28
490.76
621.45
303.74
697.63
429.08
680.16
237.65
610.59
633.69
263.58
259.03
249.32
203.77
753.89
261.91
204.99
104.91
208.86
39.39
627.82
780.2
708.73
257
632.99
466.75
562.49
457.33
324.45
638.86
772.11
569.71
178.27
31.24
230.21
705.7
720.44
635.4
517.71
304.09
498.03
593.04
394.31
699.27
314.62
720.11
0.79
555.35
322.63
650.12
202.54
313.39
506.09
444.91
101.19
209.95
405.39
492.14
245.46
791.25
86.56
93.72
757.51
671.31
652.78
437.9
113.28
569.96
756.94
434.33
89.25
40.19
236.3
447.03
431.37
302.72
24.78
475.61
23.35
606.93
797.82
282.46
216.22
452.54
751.79
459.6
690.18
159.98
402.86
477.34
129.33
697.99
580.13
532.76
438.04
394.06
56.66
303.33
555.19
50.26
150.57
479.02
748.93
72.65
736.17
4.4
444.99
533.34
769.36
679.84
67.21
686.01
261
719.86
59.03
141.66
261.41
451.44
83.47
217.8
64.39
597.58
154.89
690.21
645.22
129.36
110.27
51.2
288.98
68.82
642.5
651.71
138.24
97.41
220.78
262.13
190.88
372.19
526.87
209.46
538.97
152.12
528.56
420.49
773.15
169.78
307.7
531.86
565.26
675.02
458.08
425.6
623.9
162
533.54
476.32
159.71
604.49
212.05
573.74
632.23
347.66
659.63
208.28
775.38
116
619.54
541.87
33.2
38.03
249.43
304.26
433.14
526.88
280.78
516.19
718.85
29.94
729.77
460.44
760.68
442.09
143.29
667.3
416.66
336.6
497.78
93.84
455.7
372.91
681.94
716.23
112
400.32
245.37
394.46
277.92
799.99
785.05
708.37
289.81
22.88
360.26
28.08
201.21
782.78
540.4
658.93
245.24
178.39
23.3
47.38
613.01
35.84
507.16
222.28
329.47
797.63
594.66
717.2
350.55
367.89
176.46
611.4
504.79
427.21
412.24
50.16
221.54
785.82
458.03
340.48
435.1
282.79
245.25
25.21
85.56
37.51
257.08
721.82
675
772.51
492.83
184.15
135.88
107.56
396.6
708.26
496.31
222.54
116.09
667.72
152.4
444.71
456.85
460.89
333.76
497.85
657.85
318.87
506.74
293.1
419.28
270.33
514.13
304.38
555.74
259.34
586.38
126.1
692.32
611.41
285.71
461.38
654.12
486.32
149.82
474.1
537.31
698.55
52.91
384.37
567.88
319.4
3.75
662.77
317.49
187.75
671.67
292.75
769.49
215.88
711.65
56.74
174.93
221.11
633.99
142.28
397.15
211.54
316.16
256.08
29.41
77.63
524.64
295.97
629.53
680.16
411.57
64.53
324.38
459.82
653.07
323.24
630.08
769.69
583.82
379.35
228.95
7.81
788.76
28.99
8.53
137.72
81.68
1.41
414.81
88.27
310.37
44.41
624.39
168.22
417.19
96.34
583.36
497.25
264.93
111.88
432.93
329.22
287.51
761.64
456.63
574
670.58
627.71
472.55
610.54
179.11
15.84
752.89
87.42
765.25
148.91
244.56
253.31
210.95
242.19
722.86
625.3
692.43
312.59
203.87
213.7
506.58
557.33
269.19
600.22
433.65
71.48
448.42
143.87
746.99
684.86
513.57
80.88
756.61
574.36
479.98
217.74
764.46
543.77
249.91
490.76
419.96
566.87
201.43
196.35
784.8
148.79
493.46
214.85
260.34
612.6
783.02
171.15
533.83
786.9
253.15
269.79
470.22
661.57
272.09
190.34
152.33
98.89
285.27
628.11
698.84
327.85
100.23
31.76
137.45
357.11
498.89
788.04
417.77
83.89
561.42
621.02
147.55
122.98
309.76
255.55
557.59
720.35
399.7
669.06
411.44
632.16
0.04
4.8
489.85
735.1
208.35
277.62
277.57
39.62
601.94
233.33
572.56
665.24
146.98
344.51
461.51
111.99
286.07
379.77
787.67
132.29
186.41
761.69
400.46
220.39
158.42
18.79
37.8
221.09
350.46
244.9
640.71
629.44
419.63
536.38
70.32
554.23
341.38
608.13
477.15
640.65
375.22
523.1
168.7
657.73
588.05
614.67
403.31
598.14
159.55
151.93
90.7
420.72
45.55
343.25
358.07
391.22
656.37
133.28
63.93
358.53
792.75
383.38
193.95
751.87
599.08
544.87
700.57
226.36
293.3
200.13
269.04
381.97
646.03
734.2
417.26
685.02
284.27
753.54
637.7
784.9
568.23
407.83
370.08
209.8
478.54
274.49
98.2
157.96
245.2
483.64
405.54
334.17
682.15
345.88
279.09
702.75
779.26
640.91
297.96
280.82
773.76
56.33
140.96
13.89
78.12
718.42
729.36
617.14
703.15
539.83
599.78
631.27
651.66
92.14
645.76
742.48
268.09
559.22
496.12
175.31
9.44
35.26
44.68
264.86
166.7
736.93
524.69
144.74
167.54
276.47
788.06
791.74
174.81
610.47
453.62
7.1
6.4
333.84
292.76
151.35
635.39
57.9
248.72
144.8
349.36
447.01
471.48
783.15
467.72
233.25
484.37
553.98
284.65
481
297.83
568.89
112.59
734.96
320.69
728.54
42.48
106.91
94.71
197.05
295.52
300.34
520.41
677.48
782.71
276.16
596
753.33
488.85
308.19
379.44
718.05
634.29
295.71
742.35
516.65
490.79
470.21
233.49
419.22
128.77
687.47
466.37
648.64
774.14
707.82
388.97
659.52
264.23
441.09
677.74
460.79
277.19
691.45
644.67
159.61
285.71
277.72
651.42
741.98
55.24
393.4
220.34
33.25
391.87
20.35
136.21
546.14
794.27
555.09
692.45
121.19
168.43
540.61
719.2
2.06
236.62
428.21
39.68
692.04
282.65
652.3
431.85
305.46
576.5
228.18
276.69
581.35
560.97
254.93
727.39
615.07
556.79
580.92
675.73
96.77
763.65
265.62
386.13
199.02
191.66
148.54
626.81
450.19
528.44
266.71
225.56
423.3
629.73
707.77
194.46
141.3
650.67
339.91
152.57
680.31
230.8
580.05
757.65
766.66
82.22
545.51
575.77
313.33
236.33
451.29
40.23
191.8
88.35
203.46
280.28
225.37
510.4
269.88
130
289.94
319.94
583.62
122.37
427.87
705.39
704.91
294.54
578.11
786.36
220.26
431.34
304.55
598.37
710.72
261.27
195.73
621.27
576.49
778.08
611.49
461.77
416.34
330.89
391.9
470.97
546.67
650.16
564.55
311.26
40.66
727.08
372.53
729.39
70.46
742.48
523.64
699.58
590.17
234.76
484.89
210.66
662.7
616.5
507.15
28.09
301.05
548.89
459.01
693.81
34.62
161.43
166.51
744.95
444.17
477.66
207.24
506.87
60.01
395.68
223.46
297.68
622.28
88.47
238.86
566.87
183
280.04
425.7
236.91
596.27
331.78
15.26
347.05
47.06
420.54
385.32
7.78
656.35
55.14
482.7
305.23
90.37
68.53
531.76
323.66
82.21
311.13
278.3
119.67
580.72
669.3
630.91
445.03
81.29
276.25
62.86
422.18
626.22
715.38
319.22
126.67
329.06
28.15
87.17
292.68
567.85
55.75
4.29
1.49
699.77
539.53
706.79
499.15
197.14
643.76
134.74
226.49
206.92
427.27
526.5
67.08
720.66
19.48
639.41
394.02
89.08
341.79
426.8
577.76
775.71
658.64
279.22
470.72
576.33
561.09
133.38
556.74
42.64
569.49
366.93
597.58
609.7
401.88
220.78
173.93
777.75
342.85
400.35
702.61
512.02
156.03
297.05
45.71
687.87
252.83
396
257.93
271.5
110.5
34.45
438.24
540.85
525.23
727.02
647.3
749.45
58.97
27.69
425.89
117.38
511.65
71.78
90.03
558.74
371.85
746.87
33.82
628.71
346.93
758.41
584.28
553.03
264.17
629.26
536.01
277.53
37.71
651.95
603.02
562.19
564.31
365.78
690.52
567.55
577.48
505.45
288.63
685.48
738.27
684.95
13.47
183.45
60.1
662.45
230.64
199.92
490.34
115.34
471.02
666.63
162.14
655.58
517.91
392.45
437.48
712.67
163.49
156.23
29.67
69.45
32.74
423.85
545.16
750.32
717.47
412.73
687.97
592.26
117.63
620.77
585.33
639.23
71.85
673.47
198.14
9.67
180.74
731.76
29.42
242.64
216.83
118.82
598.48
207.83
647.48
210.12
318.64
456.98
131.83
440.59
680.73
629.85
128.66
790.67
500.41
365.35
9.98
688.94
35.37
51.74
108.42
94.14
712.96
4.88
462.53
316.14
546.68
175.21
167.3
230.4
779.06
492.81
596.13
614.84
494.13
386.58
128.21
119.64
733.99
346.84
173.38
187.2
371.67
208.03
422.35
112.07
765.6
670.65
515.58
292.56
148.47
676.02
45.09
284.23
167.91
196.47
65.45
207.52
465.38
534.98
506.6
493.03
429.53
234.45
401.18
244.56
430.74
131.66
494.56
151.13
472.6
552.16
338.66
390.65
509.06
656.41
236.63
54.04
706.67
424.18
735.37
732.37
630.83
429.3
291.27
504.29
635.75
605.79
258.26
336.79
723.83
102.4
199.48
487.8
47.45
582.13
779.78
43.46
182.33
288.94
425
98.44
734.45
236.23
415.14
477.45
729.92
338.43
552.15
194.14
168.23
389.64
397.52
86.37
655.42
325.7
775.9
393.25
41.35
470.56
499.48
301.24
266.12
591.09
795.32
616.62
43.3
619.28
508.04
30.13
384.25
427.16
364.52
311.49
36.22
393.77
104.65
443.12
765.82
302.26
43.26
32.53
526.12
246.39
715.97
74.51
202.76
157.46
233.24
406.69
201.21
287.75
261.17
439.49
172.12
395.65
160.58
207.59
564.98
164.09
314.16
546.06
702.31
209.18
186.38
175.39
210.65
348.71
330.95
480.9
186.61
323.2
252.74
756.55
619.53
673.29
41.22
244.65
510.03
185.67
426.15
438.15
190.34
755.87
382.75
712.84
104.27
69.67
389.15
733.59
271.74
16.01
702.15
562.66
473.81
295.98
208.51
490.68
484.07
74.33
188.04
745.44
448.78
443.22
17.18
5.72
20.24
704.52
220.25
560.85
683.43
285.36
309.5
718.02
306.56
589.44
315.24
192.45
132.81
533.21
245.92
0.63
541.49
185.38
627.81
556.29
375.44
543.42
498.54
125.89
88.84
45.34
18.36
690.62
706.37
105.14
288.63
659.06
75.65
267.81
480.99
731.7
690.06
775.98
465.6
413.91
78.54
765.97
772.31
593.75
650.99
753.41
203.35
77.77
26.9
319.48
532.59
366.51
609.96
756.97
461.69
78.63
767.02
14.62
560.71
539.15
86.79
566.53
402.5
98.59
447.53
723.41
231.41
273.44
535.67
287.49
536.62
407.17
386.09
447.39
636.9
145.57
408.73
604.39
104.93
354.89
531.87
111.61
562
776.43
92.49
135.51
304.05
751.27
767.2
584.84
536.54
782.86
410.95
672.37
178.82
164.25
400.76
776.64
35.96
324.87
682.27
115.19
771.4
438.88
180.08
184.08
644.62
316.94
601.69
4.16
148.29
540.72
671.8
548.38
746.69
183.76
648.61
329.34
78.25
798.88
24.58
798.69
474.38
247.83
506.59
371.05
794.81
517.21
613.76
641.29
106.01
574.96
719.17
16.75
267.67
538.94
262.25
252.06
170.31
84.8
403.37
28.28
717.46
442.64
780.06
662.73
264
168.59
230.21
607.24
584.09
155.37
247.03
530.53
769.27
483.11
157.56
192.93
792.32
245.8
43.69
105.26
404.38
562.89
388.69
699.72
682.61
776.89
79.94
130.92
750.14
586.75
500.97
414.64
269.63
222.09
5.55
216.48
95.04
725.32
181.27
715.88
694.84
500.63
92.35
135.84
360.64
577.76
274.24
148.29
174.53
473.26
481.76
315.07
271.89
268.48
317.75
510.93
445.3
61.49
473.84
771.01
458.12
426.37
294.68
221.28
782.58
64.65
471.8
610.01
512.72
465.61
699.75
493.53
50.81
272.46
244.17
102.32
743.78
253.95
359.57
578.1
593.46
92.78
515.26
776.42
659.98
571.28
665.09
488.99
433.38
337.11
571.41
482.58
718.88
61.01
130.06
449.06
539.17
42.78
345.58
407.52
417.82
127.72
45.54
8.57
689.45
22.36
31.36
708.58
335.55
78.21
481.46
234.19
645.44
290.37
157.94
444.34
13.46
537.79
468.49
188.15
597.25
614.44
13.83
33.41
225.82
263.73
505.19
658.02
796.3
225.79
264.03
266.9
600.05
71.29
20.8
267.99
553.8
193.35
392.94
395.27
494.86
272.31
509.27
63.81
550.48
760.11
503.38
433.33
148.35
189.11
633.85
41.34
590.02
215.29
603.45
351.75
692.75
725.9
163.41
692.47
789.19
690.32
443.65
679.56
676.49
788.17
352.44
502.9
91.03
519.76
759.31
121.48
749.68
52.02
134.61
598.67
8.15
58.1
310.78
542.13
479.07
427.04
310.22
527.4
354.95
92.1
799.88
266.74
734.62
438.11
688.22
151
316.26
168.35
506.51
746.01
576.77
97.84
271.94
237.57
166.56
314.62
542.44
6
580.53
445.23
283.82
752.1
791.31
296.25
298.1
15.09
450.74
534.05
683.66
368.23
358.41
134.52
355.23
146.87
11.53
737.04
742.44
323.81
610.99
93.05
65.82
693.52
312.09
517.65
597.5
436.06
98.96
653.22
608.95
537.51
446.69
565.09
19.82
288.93
364.8
214.06
304.72
745.37
305.39
695.65
61.8
133.09
376.5
73.48
799.02
720.52
629.05
305.59
678.36
531.2
482.45
121.24
159.37
733.73
203.64
136.33
35.49
540.98
90.8
104.67
650.22
1.71
320.75
237.32
595.54
629.84
553.98
478.94
278.52
509.41
483.47
454.3
367.13
467.09
616.3
133.59
396.76
357.88
97.23
446.74
57.82
694.87
761.05
499.91
699.18
723.96
538.05
300.03
435.14
195.37
471.31
49.47
183.93
223.82
4.65
34.16
458.16
33.15
212.34
277.86
22.72
65.26
744.28
151.01
505.23
676.72
263.49
351.34
666.96
359.82
661.53
78.6
367.81
187.75
711.63
557.83
155.72
8.09
490.34
452.65
300.45
739.63
73.18
638.3
39.77
360.43
108.49
612.58
753.55
443.24
357.6
396.71
288.16
215.94
732.17
89.53
40.96
740.44
754.03
104.17
33.14
243.73
161.58
464.12
341.97
460.91
144.02
459.94
674.24
148.41
570.7
60.27
269.18
712.13
49.24
478.63
108.78
434.72
658.95
362.31
751.32
794.41
728.41
482.75
176.48
535.22
388.81
344.04
709.09
58.91
125.45
375.33
523.82
216.18
626.56
786.52
13.41
649.69
403.7
279.51
537.96
570.73
412.02
455.57
743.85
450.48
401.28
290.15
582.37
356.63
554.22
393.83
794.43
175.41
93.54
765.18
714.89
50.88
401.82
352.93
586.26
611.32
274.32
689.28
82.78
110.56
727.31
790.52
688.61
533.94
63.49
221.78
691.9
178.06
465.07
19.74
331.9
517.14
140.31
791.21
772.5
517.23
366.96
224.27
41.05
212.17
581.77
450.62
444.78
361.04
520.27
5.92
575.59
455.49
581.7
254.62
622.91
776.01
247.37
150.23
293.61
628.61
265.03
643.53
401.8
66.6
138.55
160.81
318.13
296.3
435.75
611.84
34.06
631.7
311.83
799.1
389.39
647.62
695.94
62.75
522.09
385.99
289.82
374.76
537.6
393
323.7
420.99
678.44
99.59
430.48
742.92
36.31
446.32
518.02
798.66
71.33
339.38
184.35
3.31
280.82
371.07
575.52
10.51
745.29
734.89
112.32
715.09
754.65
408.92
410.57
116.66
475.09
755.06
261.84
134.88
387.32
131.01
594.37
576.91
547.86
654.58
20.95
70.49
704.34
735.42
429.62
350.6
563.03
471.09
368.9
771.69
155.43
534.68
681.01
415.72
489.49
308.63
396.65
125.67
291.2
419.48
756.29
134.36
361.92
615.29
426.15
208.1
147.05
176.86
371.52
758.92
705.74
308.54
284.36
673.44
344.12
299.78
756.97
378.68
496.26
217.98
608.68
233.21
648.91
45.65
446.38
461.13
491.08
395.47
762.81
710.28
617.44
334.06
6.77
322.98
267.52
505.19
736.66
118.35
693.09
639.41
362.97
194.91
496.62
183.95
59.01
523.23
609.96
498.51
8.88
581.3
753.51
416.42
660.59
720.55
81.34
650.93
759.54
366.08
343.78
87.15
240.66
68.94
579.23
673.89
518.12
85.16
557.26
356.05
364.74
73.53
205.09
5.23
528.68
242.6
161.78
429.17
344.48
162.99
128.35
436.11
508.29
653.87
532.61
222.31
484.99
547.14
656.08
206.37
183.73
45.1
117.55
634.59
159.23
778.11
587.05
120.32
703.51
495.79
65.24
150.43
293.55
428.35
476.8
334.36
374.49
486.79
362.98
777.73
231.05
504.74
153.53
779.39
718.08
668.34
330.93
441.54
629.91
492.79
411.15
134.6
599.43
678.36
630.62
583.4
684.9
213.82
487.43
540.14
140.31
215.09
357.48
487.28
671
195.82
378.49
438.74
490.28
521.79
285.34
232.62
679.99
25.32
147.71
83.32
328.15
503.39
284.3
364.48
305.24
463.32
409.18
617.37
435.57
552.62
571.56
794.24
773.31
214.4
750.13
185.21
310.01
63.16
290.33
27.78
298.04
79.72
657.58
716.11
766.5
741.36
731.31
44.89
351.53
396.78
92.23
754.39
126.46
556.31
764.87
364.12
61.29
703.27
187.08
209.89
480.3
630.42
642.7
378.74
642.58
329.67
420.29
106.67
47.85
731.48
389.98
522.67
760.7
564.48
510.32
473.02
591.03
142.06
328.2
59.65
249.82
272.54
22.48
767.6
799.83
244.59
779.61
700.69
774.12
263.58
252.88
485.05
406.76
164.49
566.41
456.23
234.66
610.95
84.42
332.42
580.97
482.6
378.8
46.38
765.33
427.84
185.65
457.55
157.82
357.87
539.99
762.6
116.32
38.31
260.97
85.59
626.93
728.21
533.99
713.73
21.36
32.51
621.77
617.34
736.28
592.38
337.68
554.32
146.1
375.93
267.01
655.79
391.06
637.2
515.88
755.66
48.32
330.51
105.35
207.8
108.62
711.91
719.39
682.41
661.11
398.59
76.13
638.71
119.43
757.04
451.89
90.66
662.09
685.98
546.32
781.73
415.3
450.36
718.1
316.24
355.21
26.53
761.32
734.39
655.81
245.1
690.99
188.55
706.99
94.67
522.93
588.09
427.74
527.35
106.43
727.74
282.19
152.27
362.37
67.1
279.02
161.62
73.52
128.41
493.09
328.51
760.9
108.42
321.19
502.32
566.23
412.61
220.61
43.56
398.53
86.28
147.78
295.73
730.25
141.33
170.11
366.5
250.29
286.78
508.43
354.18
461.24
339.5
324.53
217.09
455.61
20.79
288.63
416.77
387.82
21.2
116.01
465.48
164.27
20.81
119.83
760.34
754.53
406.4
559.26
659.06
755.65
70.4
494.04
128.32
273.75
308.55
724.13
250.25
203.24
72.09
745.88
601.33
646.54
323.95
784.79
517.99
136.23
257.9
419.64
655.57
329.25
256.96
749.36
455.29
454.21
437.9
225.17
501.81
211.17
337.57
536.53
291.82
597.14
778.51
638.27
787.85
494.73
125.56
698.25
690.6
713.35
766.71
590.68
131.78
685.02
37.69
101.82
717.57
372.96
504.96
7.74
721.15
75.19
21.37
394.62
156.31
46.95
46.94
154.11
506.12
185.39
725.12
197.22
97.92
233.48
565.2
4.58
566.23
469.56
302.09
318.42
301.68
53.15
212.17
350.55
467.9
60.07
511.77
425.49
544.8
360.82
668.3
46.63
505.33
320.1
528.71
88.9
217.07
690.55
431.56
420.14
13.23
221.05
635.49
204.58
478.75
753.43
292.45
538.57
648.63
437.14
153.2
122.75
38.62
642.12
585.48
277.16
625.28
648.98
792.44
313.38
435.52
595.52
380.25
455.79
321.09
301.73
724.69
370
581.62
202.96
220.58
731.56
560.64
222
396.98
703.08
30.64
657.98
326.41
10.8
673.28
407.44
180.21
430.11
521.41
601.4
411.1
394.76
1.48
725.2
566.46
781.49
528.55
339.56
44.87
164.51
631.71
366.41
351.22
253.74
506.69
711.64
82.54
25.52
593.74
274.58
7.26
715.6
335.28
36.88
446.97
318.81
238.78
385.21
37.87
511.97
207.57
294.98
368.79
174.63
737.91
649.3
472.03
453.55
234.58
568.67
499.62
485.3
571.15
84.06
136.2
412.62
526.39
308.42
691.88
793.39
670.49
573.08
688.24
592.5
255.47
481.16
641.85
413.97
267.26
140.84
779.92
597.52
651.03
377.43
438.7
44.92
257.48
557.76
141.87
104.55
72.81
772.32
660.25
404.31
661.44
526.37
229.93
376.67
337.42
694.4
179.9
274.45
674.21
713.75
632.83
573.49
181.24
84.45
285.19
79.68
177.32
687.14
718.78
648.36
158.29
666.23
471.48
65.48
38.8
70.53
340.61
70.58
411.14
80.21
88.48
283.89
265.17
161.57
541.95
756.01
635.88
138.23
452.05
186.77
8.92
189.54
339.23
121.04
39.5
158.14
487.59
430.8
24.63
606.08
268.39
469.82
544.32
152.47
194.19
348.38
157.24
148.51
535.27
462.48
267.73
492.84
529.86
733.25
665.72
41.27
590.32
656.13
231.39
178.38
528.47
488.87
225.71
617.45
64.78
161.88
21.02
263.24
372.63
668.36
16.47
605.14
720.4
165.8
730.22
239.22
438.03
707.42
695.03
205.81
140.45
260.85
536.7
601.73
679.72
451.45
344.17
456.31
196.61
440.75
457.38
406.39
63.35
39.25
75.86
108.2
668.77
653.07
615.22
314.2
423.14
383.36
258.33
475.87
516.18
455.35
397.93
286.09
735.91
326.91
495.47
457.18
257.98
426.46
651.34
376.04
66.34
619.28
183.59
516.52
319.94
441.57
181.86
127.42
405.5
710.01
600.32
607.57
360
375.94
312.01
283.34
265.43
766.43
120.06
466.42
33.07
736.83
259.25
50.52
602.66
119.1
2.85
563.69
193.17
518.5
456.79
281.23
461.35
279.3
156.35
17.88
455.98
210.92
325.94
169.47
563.63
290.4
222.44
432.91
688.99
108
1.16
751.79
79.14
487.92
105.09
477.84
154
488.89
158.11
303.49
551.33
188.62
138.09
184.95
351.66
799.96
26.65
372.58
34.17
127.27
450.04
456.9
636.01
145.41
787.57
85.6
457.17
691.73
423.2
196.54
792.59
108.04
29.68
352.38
211.8
527.46
713.23
32.63
113.76
778.42
155.58
585.91
493.7
296.77
131.99
441.79
110.18
35.2
799.52
81.55
380.72
430.18
486.97
532.41
580.36
270.73
46.28
615.91
423.61
9.98
234.96
528.34
673.58
95.71
343.99
707.18
309.7
513.83
167.26
473.89
71.74
683.32
572.81
177.76
132
794.71
229.52
407.4
501.3
344.52
387.28
718.68
407.75
582.58
405.61
28.1
246.84
745.09
228.63
201.95
712.5
719.56
222.08
272.45
280.33
587.91
275.94
173.95
646.64
213.47
45.95
765.72
617.46
261.34
666.71
60.14
461.29
620.53
611.17
537.18
291.2
784.94
751.29
698.24
785.19
6.95
416.59
576.84
625.53
442.39
188.55
226.05
301.3
538.3
132.58
310.17
79.16
259.32
203.72
242.52
517.74
352.37
549.55
675.63
602.1
432.06
559.02
128.19
403.07
518.85
538.41
512.63
319.92
183.06
758.97
535.43
413.58
408.03
328.35
5.87
550.62
51.34
786.04
223.97
595.13
158.96
580.47
21.22
106.23
539.06
624.69
568.83
524.24
82.51
453.77
147.57
522.75
695.76
464.26
524.53
255.19
396.93
104.31
557.1
442.05
790.29
146.92
263.54
672.07
320.05
230.03
793.26
418.28
93.48
401.52
309
672.5
465.28
136.39
146.06
267.14
89.91
420.73
302.93
364.81
87.07
199.91
284.2
17.57
106.25
218.73
141.86
119.98
538.83
729.31
777.92
141.04
625.97
459.96
524.31
7.29
495.78
149.53
671.56
386.07
177.71
790.31
312.82
503.28
441.61
130.59
459.58
276.2
677.5
333.81
303.16
82.51
469.4
723.58
180.95
416.14
434.12
103.43
259.38
283.18
450.82
747.39
63.44
585.94
429.18
511.71
62.82
426.13
616.84
134.15
782.39
200.46
121.08
501.16
785.12
271.58
639.04
126.55
451.29
123.19
774.04
195.61
553.16
582.23
431.67
198.62
561.46
231.27
658.45
641.69
511.1
662.33
54.81
478.61
554.4
783.86
703.15
135.7
627.88
395.31
271.4
707.87
696.46
468.9
315.34
138.83
634.68
442.59
789.42
147.78
108.12
186.47
344.36
127.53
580.63
152.8
52.87
193.32
699.72
61.39
705.41
731.67
124.85
388.43
320.98
223.53
330.04
642.01
117.29
170.08
665.61
409.61
481.63
554.38
589.43
304.14
186.95
744.94
298.59
768.35
388.97
27
296.11
375.4
188.15
296.46
527.15
184.84
310.45
179.66
634.83
94.41
289.49
210.41
714.51
467.42
357.59
259.33
462.87
487.84
684.03
775.55
405.22
189.74
128.79
445.42
138.93
27.26
713.51
313.14
8.46
294.21
642.58
739.51
595.24
165.58
313.92
217.87
712.04
374.75
359.4
274.23
678.11
604.71
622.3
622.81
689.68
403.35
582.82
102.11
12.23
519.45
778.13
673.41
240.75
183.04
289.97
44.58
409.25
645.29
126.53
460.23
456.91
567.32
582.81
379.91
532.68
353.88
235.15
558.98
709.16
313.31
653.25
145.08
147.5
91.19
443.55
291.78
670.58
525.4
152.23
705.87
528.73
774.26
758.65
20.1
319.02
228.21
596.78
725.53
567.47
78.02
547.55
423.56
434.99
711.9
100.48
209.08
175.92
654.28
234.76
720.53
695.24
268.58
33.39
161.31
320.41
312.34
449.18
598.55
731.29
110.92
154.62
71.14
182.92
69.25
558.65
337.67
74.58
175.25
555.27
673.36
458.47
736
579.99
204.23
606.5
261.23
101.35
261.16
162.84
523.37
532.14
223.42
613.35
501.53
665.16
187.01
271.48
604.26
718.45
435.86
347.31
669.09
64.34
89.53
69.5
535.82
13.89
176.36
751.25
624.2
598.44
365.68
550.01
533.55
549.73
241.53
220.54
301.05
244.06
96.78
390.23
788.12
299.26
441.36
771.45
96.22
531.58
409.74
234.56
440.74
651.61
179.72
611.72
249.9
314.07
317.24
257.83
210.48
438.92
437.89
513.89
427.64
668.46
796.06
658.14
649.35
498.24
161.43
774.2
725.98
409.52
91.01
180.51
634.28
112.69
500.66
54.22
294.95
721.38
770.35
233.92
195.3
615.58
236.62
536.46
665.61
780.11
492.12
165.15
759.96
431.29
227.13
271.67
266.66
51.43
335.1
775.36
241.82
487.73
575.84
163.83
753.84
747.09
7.4
358.11
361
225.26
728.02
455.86
334.14
111.55
122.52
712.13
216.35
27.07
236.05
476.74
592.6
103.9
105.71
519.04
313.58
433
327.31
372.37
293.13
447.37
194.57
577.47
432.76
109.94
406.37
798.42
719.97
25.68
456.68
755.54
609.37
111.65
1.98
263.03
104.24
505.49
14.48
479.74
22.27
523.63
256.41
729.53
667.97
376.14
635.08
644.72
700.53
159.54
741.42
65.89
401.37
498.45
566.85
577.67
719.13
347.6
469.48
196.04
75.99
593.59
777.31
652.73
426.98
538.97
748.44
598.26
86.61
247.96
12.84
464.57
437.16
348.76
397.76
476.63
273.07
322
510.51
267.74
520.93
134.97
114.98
118.92
682.61
195.5
726.63
761.24
242.09
599.56
674.46
622.36
370.61
770.38
443.25
241.13
217.83
791.57
282.05
414.22
117.65
573.67
28.91
445.81
739.88
319.96
782.63
167.66
409.64
272.23
550.27
686.46
187.49
498.69
507.23
394.48
799.28
765.93
127.7
209.24
51.13
470.41
579.18
688.22
125.74
244.66
85.33
443.71
603.68
496.49
287.19
446.2
242.67
765.65
649.4
406.13
58.86
210.05
626.87
647.27
74.68
384.45
277.83
403.77
470.49
722.51
604.99
601.23
639.49
156.43
415.34
434.64
598.03
207.23
707.7
363.17
349.22
210.04
540.11
531.74
515.06
790.82
279.86
662.04
116.73
531.82
515.28
66.11
690.06
600.37
525.94
689.52
245.3
165.94
646.39
288.98
52.05
411.12
25.69
457.26
511.73
123.54
234.31
1.23
659.74
728.56
498.81
720.57
751.81
485.46
625.18
221.68
40.63
558.95
298.01
708.81
581.51
232.95
118.21
215.33
624.3
269.27
449.48
160.18
406.52
36.2
118.95
184.71
213.71
756.04
68.79
271.99
305.84
604.15
13.94
588.24
661.05
165.15
127.31
651.46
348.42
333.07
651.66
9.62
83.26
337.14
223.63
780.22
693.13
570.2
212.78
233.53
330.03
708.83
130.15
271.66
251.16
177.91
208.64
513.75
664.71
761.7
482.46
116.63
378.92
47.13
727.8
218.63
276.46
565.78
47.33
357.28
149.04
255.65
47.81
753.32
575.07
458.34
2.7
190.17
603.2
256.57
489.47
341.31
417.85
556.53
438.96
468.29
200.35
278.46
413.25
627.02
422.26
793.9
2.48
678.09
341.43
269.12
766.58
316.34
149.82
512.42
784.16
611.43
737.44
528.39
211.04
227.3
229.35
384.93
225.22
686.63
199.48
235.45
773.88
387.77
724.46
555.92
381.86
585.6
598.2
156.77
507.09
655.57
126.71
127.7
435.36
362.27
229.82
40.82
537.24
13.41
741.12
68.29
706.69
19.22
167.96
208.11
258.82
598.12
519.98
529.93
460.88
226.37
464.18
422.22
190.44
475.86
378.19
339.84
182.54
261.97
234.03
152.27
726.32
309.41
312.41
363.99
121.7
463.3
438.89
789.07
530.56
427.07
97.81
483.62
213.12
306.64
261.35
4.68
711.03
676.03
430.6
737.97
298.64
544.21
598.87
448.84
329.65
323.03
271.58
236.26
378.46
501.65
593.1
47.78
621.03
480.99
786.04
488.75
473.87
766.2
591.37
751.29
546.15
128.35
164.04
630.81
778.99
101.75
742.15
624.77
720.32
726.84
169.06
443.22
328.26
2.75
212.58
704.63
306.14
483.8
122.63
702.6
228.62
132.55
687.11
363.43
480.62
356.98
393.39
526.6
19.15
88.77
753.65
143.2
74.72
543.82
176.35
440.88
455.5
175.02
642.99
762.77
442.12
74
568.1
740.82
583.16
436.86
537.16
368.25
48.97
513.42
658.45
578.65
142.66
103.19
653.58
787.22
300.59
168.56
557.15
82.14
547.31
0.51
571.31
402.94
718.74
210.26
748.96
507.77
478.35
295.97
54.69
264.94
734.47
758.94
266.34
546.98
285.3
228.43
97.44
635.81
234.9
310.04
482.05
564.85
534.52
434.81
367.62
748.27
377.16
223.72
68.17
510.64
146.07
400.85
92.04
533.02
3.67
206.2
27.27
469.45
3.39
334.4
13.21
19.99
274.09
601.17
202.73
778.09
170.8
106.75
15.45
679.68
651.74
261.97
598.6
132.01
185.87
159.47
794.29
133.34
644.77
448.38
796.38
426.84
695.67
336.54
99.7
489.78
19.28
421.76
496.86
135.56
211.9
797.41
677.66
10.33
68.26
320.27
753.61
0.86
211.48
342.02
241.58
622.42
535.48
524.96
557.48
403.97
109.21
525.19
761.94
711.07
698.01
357.54
161.94
508.3
725.8
137.44
173.8
400.89
132.25
111.74
357.45
522.62
619.71
373.19
668.47
424.57
751.74
648.52
143.13
725.29
155.33
143.25
715.56
200.09
340.73
462.94
792.47
435.25
438.57
214.98
592.18
632.99
507.84
297.86
26.12
409.66
314.23
281.24
551.35
321.03
87.67
95.64
76.75
93.3
149.45
591.77
751.29
607.65
337.93
314.08
533.79
570.85
710.7
320.99
788.81
168.51
748.11
349.18
73.38
13.48
202.88
682.69
546.24
532.68
354.68
29.99
534.86
39.21
551.49
710.77
721.66
73.4
227.09
376.65
128.59
265
184.93
291.57
236.35
455.92
593.17
683.49
567.9
469.56
46.98
486.59
102.66
494.07
75.73
405.45
198.29
657.59
314.6
78.17
73.78
355.6
599.59
724.04
190.91
329.91
76.06
776.71
433.32
162.38
70.29
650.69
96.27
763.63
383.95
417.57
106.31
697.61
473.52
501.08
727.98
317.05
562.08
676.16
629.56
432.52
257.25
53.6
59.64
753.05
717.61
44.06
333.21
361.65
662.49
420.37
499.15
64.33
749.94
135.41
233.06
36.21
726.52
426.16
312.11
382.23
128.42
184.84
248.43
549.98
628
595.72
587.8
394.12
548.26
394.12
678.79
426.01
194.75
753.42
248.24
698.92
773.55
468.21
330.12
437.72
763.24
572.54
112.91
749.8
633.79
666.3
186.73
27.49
611.09
63.76
661.67
113.27
792.12
372.67
28.7
673.96
45.53
381.19
97.97
477.57
401.69
559.83
11.83
121.59
537.79
412.14
368.97
116.42
518.38
430.71
158.69
319.27
763.75
140.66
219.73
126.89
232.12
190.6
104.83
259.46
619.08
294.71
183.5
703.62
589.88
549.31
199.89
687.4
618.92
236.44
665.74
777.73
308.41
620.22
292.01
151.1
643.55
245.78
550.14
493.36
460.84
0.49
333.09
427.65
208.13
0.91
10.52
200.42
221
694.01
353.82
278.36
275.49
574.4
616.72
52.76
176.28
755.21
315.18
650.26
326.93
379.07
437.35
584.02
619.33
239.39
541.8
621.89
37.46
643.27
625.96
654.9
379.27
56.33
588.74
604.81
185.67
171.32
617.07
153.92
315.89
518.79
260.26
435.04
446.43
386.3
756.74
624.8
80.62
619.96
252.85
703.31
368.38
600.78
530.38
14.31
309.92
599.42
329.95
126.77
481.34
42.27
331.05
776.68
6.13
130.87
455.92
157.33
255.82
624.2
781.54
481.11
303.71
399.72
775.5
453.94
711.39
796.05
441.61
124.42
491.87
710.75
117.2
145.54
558.28
256.3
626.7
6.38
541.58
86.87
81.92
606.52
643.27
312.01
650.69
240.65
389.48
665.41
157.78
755.84
254.53
114.99
24.35
74.62
669.02
702.41
438.35
780.01
113.19
694.59
82.24
8.93
422.36
699.3
15.64
96.92
653.5
677.29
273.37
318.36
207.04
154.24
455.41
528.11
26.64
173.87
413.47
196.48
661.16
88.51
250.14
58.54
157.28
632.84
39.38
442.37
332.03
755.66
792.08
494.82
423.93
267.05
579.32
170.56
351.3
495.51
229.42
603.32
170.55
717.01
100.77
175.84
347.17
404.88
148.88
237.9
765.69
146.84
204.64
76.76
214.11
530.86
573.02
360.71
679.13
118.21
448.81
760.23
139.55
131.57
352.49
652.1
280.4
559.73
290.12
575.46
266.66
768.15
254.79
406.97
396.03
656.2
530.05
364.72
180.82
747.14
60.53
442.58
462.7
230.96
702.39
132.49
545.39
177.67
56.88
707.6
356.37
538.95
238.29
52.65
789.34
465.85
58.38
68.54
272.38
634.87
340.25
210.07
227.93
405.31
22.8
518.36
9.09
100.37
722.89
579.49
638.87
470.9
671.98
777.16
692
716.52
707.45
319.36
582.72
782.74
76.64
755.22
204.46
376.26
125.53
489.18
621.66
118.67
291.33
210.26
484.62
0.09
464.11
679.81
405.86
219.06
203.07
287.87
113.64
251.09
109.45
583.63
549.32
28.99
342.05
389.55
133.98
426.92
493.14
704.56
319.66
759.48
504.64
496.52
589.76
294.02
650.11
674.2
193.8
101.46
653.22
587.28
315.65
778.46
119.39
743.21
154.74
539.97
609.72
191.62
528.2
51.45
259.04
355.17
32.27
655.65
293.08
551.51
176.05
24.13
687.23
142.91
128.96
353.53
423.77
121.42
444.27
72.08
640.39
587.51
624.71
572.7
706.68
695.6
664.55
755.92
132.67
511.13
333.09
682.5
208.27
232.93
70.86
157.33
11
3.84
399.32
547.93
606.93
735.08
647.5
472.63
732.15
567.75
345.18
546.3
789.99
114.45
262.37
608.28
105.86
636.07
153.68
355.86
656.87
509.06
456.47
569.53
207.16
489.42
364.71
496.92
80.78
321.5
330.34
616.41
113.26
230.57
84.13
14.88
9.29
211.83
225.07
237.42
771.48
757.65
262.81
631.28
722.8
713.15
224.07
659.65
786.16
149.46
230.61
183.57
298.99
339.96
26.12
415.33
677.92
533.53
94.09
389.56
459.13
774.62
690.27
12.09
454
439.28
60.42
303.12
23.98
127.35
750.77
380.8
786.52
341.21
445.3
40.49
123.27
783.59
443.24
309.43
667.81
343.27
441.4
197.55
598.93
195.2
786.27
308.66
216.46
514.75
704.38
86.12
94.25
567.75
748.55
269.09
133.35
703.6
451.54
545.73
164.73
664.4
195.69
739.13
331.71
7.41
350.21
455.04
280.28
627.43
614.98
760.19
17.84
145.57
43.15
679.03
751.94
599.49
80.38
172.69
302.57
611.11
777.52
702.7
334.26
480.36
362.61
146.65
690.2
527.82
631.94
257.81
325.24
150.29
93.43
322.97
22.95
795.11
646.36
686.87
671.33
530.37
291.02
169.43
714.27
729.86
492.88
503.23
262.66
361.13
646.83
745.34
680.05
224.8
258.5
738.08
483.47
100.32
517.13
607.43
781.9
542.3
217.28
519.53
658.62
789.45
683.64
428.38
598.21
376.17
61.89
244.13
89.33
394.81
788.56
775.14
382.68
599.83
431.28
151.85
31.34
30.44
514.89
197.58
337.42
512.33
676.84
322.83
357.48
218.85
502.25
485.79
740.38
340.82
54.81
485.58
85.19
105.28
762.2
305.38
275.42
148.56
346.62
651.07
506.59
74.5
491.13
158.66
215.29
297.08
522.73
390.65
606.88
392.67
72.56
324.38
784.11
412.55
134.83
750.31
177.95
744.91
95.81
380.37
163
504.79
446.37
662.89
414.27
686.16
665.03
329.26
320.93
332.87
394.21
452.26
332.02
566.93
633.08
762.05
339.97
163.63
218.76
285.75
64.03
118.31
625.39
268.05
613.13
408.54
411.52
755.98
636.01
385.83
2.75
183.16
19.28
622.51
49.09
120.34
457.63
72.47
287.13
69.92
197.42
427.98
302.53
721.77
43.63
376.68
353.15
435.74
94.92
513.34
25.7
20.54
751.84
45.16
753.58
590.51
378.25
87.7
447.43
655.92
508.6
222.35
745.02
411.32
598.89
70.91
299.8
413.24
463.95
164.76
323.34
358.62
680.87
550.72
367.33
627.25
670.71
223.18
321.11
66.21
320.73
8.62
469.75
674.33
145.45
101.46
81.71
791.44
321.92
205.15
10.95
281.06
787.28
549.3
274.81
308.9
601.3
323.5
14.24
493.91
209.16
625.6
623.69
159.51
90.19
324.55
797.71
477.03
372.83
176.3
26.73
718.38
377.57
236.24
425.88
281.62
139.56
192.88
292.88
247.5
497.64
720.56
147.96
765.77
270.36
535.36
431.37
784.85
113.78
263.34
410.23
466.62
218.79
435.74
247.5
504.15
173.35
630.15
536.39
213.17
449.56
191.34
288.89
210.11
785.63
590.94
729.94
486.95
374.93
758.4
10.02
409.54
620.94
369.8
605.34
225.42
787.66
398.07
648.84
380.29
327.85
680.48
347.58
775.63
263.99
734.48
509.13
72.74
772.22
718.01
477.08
346.78
542.04
482.06
567.14
444.34
346.52
713.01
27.83
453.3
420.97
577.57
191.07
797.39
302.53
590.68
68.97
371.57
725.36
86.43
38.62
559.99
535.94
666.04
383.47
570.62
216.95
787.23
471.66
548.62
470.69
205.41
631.06
642.18
21.28
527.87
236.03
545.75
166.03
777.34
793.9
662.84
748.12
729.24
3.28
61.72
759.04
593.18
309.4
131.43
570.96
15.83
54.22
143.54
552.94
676.61
370.19
389.44
49.32
170.98
145.49
739.37
670.83
660.95
624.95
469
570.31
790.5
395.47
669.27
449.86
734.67
685.86
395.54
743.16
86.24
618.14
152.85
573.2
317.98
230.06
668.94
185.65
246.64
68.49
557.48
746.5
334.47
574.49
48.82
425.3
238.94
401.43
648.11
284.72
463.91
297.64
43.07
515.4
797.59
171.28
512.26
593.69
258.8
459.36
352.41
330.76
10.4
458.01
61.88
529.34
86.56
203.38
78.72
303.92
300.07
400.75
41.56
654.67
385.48
617.44
731.38
693.97
487.52
565.14
48.74
420.41
479.24
103.12
371.77
413.58
531.38
446.89
228.6
395.83
799.6
174.22
117.6
208.45
511.24
25.95
692.5 /

COPY
	PERMX PERMY  /
	PERMX PERMZ  /
/
MULTIPLY
	PERMZ 0.01 /
/
