---------------------------------
-- Permability values for SPE9 --
---------------------------------

-- Permeability distribution visualized in figure 5 in Killough's paper
-- Killough says 'The input data included in the distribution to
-- the participants included a geostatistically generated 
-- permeability field'

-- The values below are taken from Killough's dataset, they are
-- not based on the figure in the paper.

-- Explanation to how the data in PERMX is organized:
-- Under each LAYER (i.e. K-value), 
-- there are 25 ROWS (i.e J-values) under which there are
-- 24 entries (i.e. I-values) 

PERMX
187.15
689.04
278.69
117.28
707.36
606.5
365.89
746.37
137.12
416.1
590.5
683.22
133.72
413.12
747.79
415.89
81.93
284.42
90.84
301.88
467.99
774.77
771.54
272.06
334.52
69.5
746.17
557.93
569.82
193.78
345.63
146.26
228.93
666.5
425.32
276.54
373.87
332.45
540.81
383.13
776.04
350.37
243.76
193.84
663.15
217.02
19.89
497.23
782.35
187.11
438.47
379.77
714.55
206.37
248.09
53.36
786.72
54.66
742.95
260.9
130
407.24
6.3
364.47
159.59
378.42
799.01
779.26
329.35
171.96
274.66
708.88
714.25
501.99
285.52
743.18
602.29
424.54
792.11
766.8
15.27
643.01
308.04
548.85
59.18
603.66
93.76
249.99
793.7
274.76
411.12
284.31
706.81
401.04
506.68
537.37
684.56
767.26
638.25
117.23
659.43
332.58
123.92
466.12
131.88
368.33
495.98
626.75
778.59
574.8
742.85
501.78
614.47
476.24
342.41
19.62
778.53
724.35
183.65
783.83
690.82
687.23
361.2
532.22
654.58
545.81
756.14
471.41
86.27
786.89
532.93
465.61
649.68
425.29
6.03
467.08
727.18
609.39
291.02
639.43
131.06
742.48
44.14
621.45
43.98
263.04
523.16
169.42
735.14
301.81
492.94
733.64
732.94
18.21
308.95
60.26
533.2
508.17
61.57
333.57
385.4
594.14
497.99
692.65
609.02
655.6
101.53
90.92
523.1
654.22
231.34
65.65
193.31
393.51
617.1
689.21
710.12
465.23
677.73
394.76
752.13
46.41
140.15
444.02
490.88
233.19
412.79
349.27
322.48
58.37
135.5
288.8
452.07
733.08
715.8
202.91
756
8.7
418.45
251.65
221.61
123.47
539.97
122.37
538.18
492.17
739.64
535.98
694.77
691.62
488.23
514.71
130.39
796.6
285.13
606.92
519.58
187.7
501.2
15.3
601.46
147.85
642.41
742.92
313.72
526.5
255.41
44.32
698.73
429.45
369.03
718.68
306.68
117.63
522.54
425.4
288.08
669.5
596.66
409.35
558.49
155.62
83.25
34.85
624.65
398.91
419.19
156.8
258.19
452.86
122.99
152.26
447.22
424.34
20.68
504.09
620.93
36.08
287.59
590.91
231.94
727.05
536.95
134.03
51.98
93.78
766.73
348.16
393.28
751.53
482.05
34.36
767.53
218.35
562.03
148.15
622.57
482.77
696.23
134.16
759.04
364.25
661.85
605.38
354.67
325.87
576.28
40.64
270.14
315.62
688.24
304.47
87.6
270.61
50.48
253.84
147.6
497.39
45.77
622.64
455.21
216.21
122.02
657.42
61.87
532.55
729.92
321.39
378.37
522.99
189.87
665.21
309.14
30.05
236.66
252.77
245.75
150.33
666.64
192.24
572.6
350.66
376.21
790.12
248.27
222.56
769.33
494.05
491.21
315.14
84.74
755.57
166.23
595.64
689.39
199.83
367.12
57.63
200.88
521.13
379.55
704.19
120.81
187.9
272.15
600.8
89.64
486.05
127.45
78.58
384.58
10.34
612.57
148.92
618.06
52.46
680.76
465.26
638.95
257.34
489.66
135.04
51.04
348.51
265.13
632.44
185.48
754.85
57.59
788.9
20.18
568.41
720.98
695.49
594.83
508.64
27.44
61.24
481.65
20.7
702.89
257.95
482.27
69.1
381.93
542.67
680.78
791.92
458.24
422.63
442.46
684.95
116.66
539.13
278.97
656.7
196.64
79.88
501.23
74.43
666.44
20.06
635.07
555.46
242.77
399.73
170.4
124.95
90.94
95.83
102.85
176.94
446.98
688.92
425.57
781.77
77.25
699.81
454.95
542.01
627.85
648.92
704.64
377.12
795
796.95
537.54
603.28
657.45
684.61
778.12
100.5
287.72
85.23
147.34
246.94
27.23
795.74
175.98
393.62
328.29
87.71
38.02
635.73
731.41
426.12
406.22
630.86
756.1
295.8
33.61
358.49
392.45
208.54
141.01
492.88
469.08
721.73
228.28
433.47
470.63
699.64
796.76
453.2
259.46
783.56
699.89
203.01
164.68
502.58
729.86
757.7
35.69
239.18
656.44
580.15
636.79
6.95
774.5
187.53
196.04
736.56
189.3
610
330.88
752.73
649.72
761.24
529.15
532.38
409.78
608.39
578.99
529.32
638.7
401.08
430.13
517.41
550.73
544.54
451.28
707.12
57.53
591.46
379.84
716.83
218.04
791.82
30.73
175.66
666.54
230.15
18.81
118.38
349.91
641.94
588.73
796.32
527.34
425.32
336.5
487.64
684.86
265.07
218.04
233.32
228.88
94.29
518.93
317.67
101.71
354.19
645.02
439.17
45.06
311.04
569.8
770.85
539.94
340.17
120.09
414.2
598.29
437.51
323.8
786.97
166.37
243.71
628.03
692.66
182.53
305.14
646.32
111.81
465.65
176.56
588.84
768.42
280.22
390.64
638.31
130.2
778.19
194.23
485.42
133.92
552.41
395.42
740.37
303.15
450.98
636.77
307.93
712.48
719.9
447.69
478.49
544.75
61.67
642.32
426.04
620.59
507.87
11.06
76.15
413.81
406.61
211.67
166.97
123.16
392.45
574.02
179.6
353.07
493.05
257.37
364.05
797.41
144.43
177.8
481.3
24.24
154.86
313.12
397.04
561.6
283.34
586.77
636.75
259.08
408.05
251.68
174.51
759.99
598.81
54.24
444.67
233.11
475.2
410.09
169.45
321.55
716.37
1.17
198.92
198.56
539.65
671.7
676
677.78
753.6
719.94
98.33
568.43
733.48
534.01
192.59
597.31
43.73
253.51
264.71
260.25
346.05
625.58
540.21
743.69
258.89
311.32
384.44
128.62
101.42
556.61
190.93
680.46
110.18
526.43
342.84
685.1
68.2
494.54
144.01
353.78
34.87
660.9
776.74
308.91
264.43
695.62
612
33.18
587.42
729.65
334.91
538.51
659.7
386.02
152.1
341.58
604.05
591.82
249.19
39.41
549.5
440.28
755.1
606.68
420.7
479.86
373.35
709.86
701.99
265.47
297.1
361.47
403.64
355.42
492.82
388.83
417.34
600.49
190.37
488.42
55.05
352.89
238.78
224.93
6.82
91.33
779.71
464.14
90.5
162.3
299.36
360.59
713.09
494.37
644.89
446.97
384.55
694.02
146.33
342.97
453.78
78.26
575.85
730.12
486.94
191.6
103.32
498.71
389.34
715.12
360.15
335.37
38.89
483.62
467.54
187.26
706.28
269.06
356.53
728.06
452.73
488.54
332.12
548.11
550.25
517.44
29.86
383.63
128.37
527.43
710.33
53.73
513.48
717.62
498.57
431.61
549.5
312.45
294.97
713.6
347.54
107.9
375.22
19.79
391.87
347.72
19.57
272.44
726.96
65.61
652.06
554.17
715.78
543.23
395.71
164.65
595.15
399.71
561.56
22.03
199.03
397.08
210.44
439.18
308.84
286.73
643.08
535.04
473.94
302.32
73.7
34.01
25.88
190.04
80.04
249.63
273.07
77.15
275.96
146.14
164.72
423.2
508.24
772.11
228.89
607.41
769.53
316.17
106.72
780.72
529.65
295.55
97.13
702.2
25.48
325.81
473.89
411.39
70.97
103.27
579.81
272.41
774.79
365.63
66.56
585.89
570.22
678.67
665.02
86.24
115.18
312.28
50.21
726.38
516.62
142.05
365.99
46.5
228.29
72.61
15.4
703.52
702.33
471.57
764.55
221.45
269.24
2.61
539.36
110.34
192.37
249.2
72.44
167.23
65.55
675.55
758.63
515.51
561.19
725.39
763.38
478.55
246.9
102.67
286.2
317.57
628.93
365.98
493.48
647.65
590.95
530.11
390.04
161.83
512.78
520.77
713.46
421.17
560.51
237.59
356.26
672.17
148.19
624.42
546.11
32.65
47.79
229.39
51.81
636.23
490.72
277.07
773.25
498.79
734.14
388.86
608.53
79.65
729.64
356.56
131.32
157.91
554.94
192.95
497.69
753.13
21.09
659.15
790.23
421.14
219.83
177.81
469.88
336.76
137.54
633.49
638.93
409.77
460.76
244.18
21.45
354.43
484.43
730.13
101.44
630
102.28
786.91
575.78
498.47
421.97
216.07
555.33
331.4
7.11
169.88
536.74
391.35
550.96
551.13
476.83
504.97
684.13
562.62
444.36
177.27
511.02
237.52
137.57
398.79
149.45
145.57
508.13
264.49
206.61
122.07
368.53
432.52
477.9
346.49
452.86
263.79
614.66
372.67
548
433.2
149.21
582.52
753.7
700.2
484.03
25.29
394.05
689.24
351.58
54.28
421.18
551.42
196.81
72.08
24.38
569.11
398.45
687.11
223.08
745.04
431.7
490.7
663.04
788.01
6.53
580.2
355.12
255.52
712.22
159.08
264.21
24.61
689.63
482.76
362.65
270.3
215.11
308.61
22.47
7.4
503.13
476.13
168.7
228.78
389.65
554.88
555.38
571.36
133.38
400.15
675.26
402.71
1.64
725.3
298.99
258.38
246.67
558.93
655.62
728.82
748.84
619.08
576.82
663.1
95.21
548.28
229.29
194.36
731.06
662.77
220.31
362.99
589.25
499.35
134.85
21.36
75.79
634.27
724.91
17.67
742.33
635.68
776.72
266.53
183.47
47.22
200.82
711.81
280.35
139.54
557.15
210.18
680.52
234.15
757.51
525.54
578.56
174.56
705.29
435.39
716.83
76.42
70.32
779.91
684.41
84.63
190.95
155.66
448.77
161.29
126.79
243.21
124.83
82.41
467.53
445.6
142.58
766.76
702.26
387.51
533.01
121.62
67.82
368.55
759.52
765.68
645.12
781.53
245.91
516.54
64.92
218.17
507.09
739.74
181.37
108.86
623.31
188.02
488.09
540.3
330.82
644.81
610.99
566.47
760.9
432.41
44.83
36.31
29.78
65.91
302.66
328.4
175.37
612.95
123.55
37.25
296.11
1.04
0.51
528.52
636.42
116.81
728.46
217.58
174.95
26.48
38.45
591.09
199
561.4
162
136.16
273.04
419.88
614.01
588.51
431.88
193.53
790.23
412.92
659.95
303.48
373.19
705.98
746.84
759.57
196.08
303.7
732.07
109.86
258.43
487.31
357.49
489.98
403.36
683.38
495.57
785.82
482.75
355.29
446.43
247.99
254.09
254.77
440.94
789.06
318.72
218.02
270.02
126.56
22.67
378.07
197.79
616.67
650.76
579.6
325.19
738.77
527.05
776.58
218.96
23.93
98.7
602.67
466.05
22.68
356.98
302.53
713.98
131.61
455.04
128.05
142.43
734.69
494.52
47.43
205.37
737.52
90.48
149.1
199.79
623.5
541.38
441.23
480.15
448.44
88.35
725.63
672.51
665.26
248.3
41.05
490.63
236.55
43.27
375.44
593.17
709.76
753.98
470.75
546.63
21.29
772.47
272.95
300.52
684.74
412.57
428.86
529.66
704.27
578.91
416.01
669.89
125.71
456.7
593.71
283.69
28.16
10.7
779.98
655.87
38.41
493.5
137.3
506.3
258.94
29.12
288.03
324.97
531.32
661.54
297.36
339.74
445.74
549.8
160.78
106.39
227.03
225.67
327.62
197.23
407.96
311.14
335.19
547.37
730.19
185.86
148.39
576.12
214.03
520.98
245.55
357.88
75.23
362.11
174.46
469.18
174.08
404.02
287.64
782.39
604.25
176.05
220.62
209.99
700.52
536.61
678.41
520.61
499.78
649.52
652.52
58.01
666.58
743.65
551.27
69.68
320.48
355.3
92.14
660.61
619.54
130.15
467.21
16.23
453.2
520.72
425.52
461.78
293.88
781.95
740.23
365.67
389.14
751.36
177.66
136.3
514.35
566.02
159.23
786.85
254.62
478.72
569.38
784.05
688.83
425.43
259.21
593.24
88.48
644.51
579.58
168.9
102.63
161.19
293.93
397.81
541.5
189.46
318.13
142.59
745.33
599.72
390.36
341.3
494.73
235.1
76.41
741.82
521.97
755.45
285.09
132.41
624.12
394.37
459.58
512.47
181.56
439.73
255.26
38.86
461.95
466.59
0.06
236.16
771.94
311.91
702.86
503.89
136.89
116.01
122.16
615.91
57.01
432.24
94.38
342.15
156.89
631.79
86.02
236.54
242.79
674.46
173.82
767.74
381.17
742.25
186.17
164.69
133.7
312.1
193.83
318.12
695.8
212.33
382.56
630.09
203.61
276.48
319.73
435.84
331.09
69.24
694.71
70.16
136.96
488.53
27.44
458
505.68
342.95
382.17
397.06
306.23
145.8
780.28
272.2
276.46
460.73
114.84
97.23
617.27
316.58
571
599.21
685.88
54.79
641.27
552.07
124.4
23.42
450
429.32
381.51
438.95
539.07
560.47
657.98
345.83
162.64
8.84
711.61
419.21
553.11
60.54
607.86
68.75
12.25
607.43
730.99
675.48
10.75
199.34
194.19
489.3
79.85
565.74
202.92
679.24
1.21
537.7
450.74
50.91
212.01
521.74
293.38
313.74
229.16
475.16
378.39
715.68
562.14
377.48
762.04
380.77
587.42
699.74
696.63
19.87
551.26
544.93
472.74
150.74
393.16
641.02
134.56
782.21
286.04
269.87
324.37
9.45
504.86
58.64
605.89
545.9
368.29
272.92
372.3
450.98
755.27
68.73
171.87
414.37
454.26
769.49
395.58
747.19
61.17
29.6
163.18
96.67
452.23
555.04
232.83
667.86
224.59
541.28
421.92
446.76
106.13
80.63
794.94
352.4
628.76
230.89
196.21
628.05
772.71
360.5
277.03
245.17
1.2
39.51
17.26
714.46
94.84
513.48
503.68
352.22
364.5
740.31
519.71
523.91
109.58
38.01
568.03
408.22
404.93
656.3
440.66
761.52
454.32
266.9
682.35
287.69
244.91
201.18
643.8
92.92
675.67
407.66
286.66
55.81
39.24
486.88
594.43
272.62
535.21
636.73
174.9
57.46
672.14
422.81
629.17
99.29
518.11
256.48
483.14
333.7
71.28
643.71
689.45
191.82
429.25
561.79
618.89
636.11
550.23
781.17
124.63
120.57
233.32
750.85
111.78
194.22
487.25
167.17
569.84
353.96
499.11
429.03
464.23
372.59
505.47
671.67
685.41
100.52
192.45
156.53
209.68
0.47
163.52
609.32
689.07
483.94
91.73
650.28
394.11
637.64
412.68
374.21
315.84
534.62
315.23
353.47
738.63
614.7
261.53
637.75
585.26
659.74
153.09
414.07
473.74
769.11
279.15
644.13
182.71
143.49
243.76
763
627.91
485.65
727.39
534.42
717.68
197.8
403.45
756.17
204.04
608.27
769.74
182.38
280.67
515.76
248.75
455.36
314.07
44.36
231.1
8.9
163.66
7.09
180
541.25
647.77
716.76
147.13
189.71
408.66
257.4
179.81
650
765.51
783.65
277.29
547.93
346.75
9.7
596.09
63.39
191.84
469.6
553.86
647.83
229.64
556.59
492.88
13.83
6.43
684.58
724.59
533.77
744.31
69.89
752.83
709.62
587.29
294.24
400.95
47.71
48.99
578.62
310.36
72.72
600.01
195.92
307.79
361.2
124.61
391.97
361.8
695.45
475.56
699.97
453.26
353.4
453.91
777.85
138.37
412.54
98.78
368.28
480.03
263.69
296.95
354.27
557.35
753.55
298.34
588.34
551.77
297.5
188.42
122.82
416.92
721.7
397.08
28.49
552.19
322.69
419.15
537.57
252.11
740.92
33.35
232.69
45.79
231.44
0.7
434.06
127.13
416.29
277.23
377.92
50.11
471.72
214.05
553.74
103.95
116.79
252.79
592.2
94.14
68.13
444.31
791.42
393.27
459.75
179.38
132.83
562.52
699.14
16.79
436.19
224.25
404.04
725.38
40.61
55.14
717.47
8.65
776.08
468.07
27.48
193.2
120.45
357.1
673.81
50.66
310
205.19
190.5
89.06
288.94
612.16
169.63
616.43
694.9
29.06
676.04
107.88
72.81
673.57
124.71
47.18
637.92
525.14
716.61
559.71
706.86
547.59
679.83
523.25
223.06
175.33
735.72
429.86
146.82
469.48
557.82
186.24
580.5
699.55
21.75
433.74
257.1
477.93
588.02
476.04
319.38
10.61
533.42
785.21
727.04
528
357.85
22.48
73.15
599.17
389.85
669.04
605.49
382.92
180.98
367.1
553.59
21.71
42.13
109.23
11.78
698.08
660.45
432.35
474.58
693.24
320.16
32.65
154.98
545.65
208.74
9.03
167.95
626.24
300.41
342.93
764.21
20.19
101.74
332.61
733.76
3.51
137.46
48.47
163.14
346.99
229.04
718.17
664.81
16.09
210.83
378.48
280.07
723.47
688.67
226.71
506.61
631.11
736.77
408.84
618.62
206.66
249.52
379.8
389.8
452.77
171.74
679.75
302.21
323.66
154.03
644
254.41
402.19
731.84
148.81
149.82
64.72
628.92
408.93
520.96
782
718.5
632.1
495.77
766.96
798.23
131.14
732.65
345.74
239.29
524.35
441.54
504.99
691.04
578.04
446.7
253.75
60
652.65
204.49
564.82
595.03
20.47
262.98
493.26
470.37
254.22
145.11
335.39
507.05
288.45
311.22
212.58
634.28
89.74
727.73
46.58
396.26
70.89
723.71
561.43
337.41
412.54
569.07
530.46
231.03
157.76
337.29
733.64
18.63
228.24
228.93
564.08
681.82
338.31
391.19
52.09
3.42
779.15
187.85
168.8
669.06
306.26
294.2
794.95
418.68
491.34
70.41
206
476.18
503.85
302.11
224.88
582.91
86.89
621.43
353.01
763.29
768.7
27.53
578.78
209.63
97.45
278.83
122.74
564.41
630.59
95.63
709.88
83.01
385.8
130.86
324.3
90.9
480.26
25.59
448.6
611.18
634.32
228.65
457.06
616.52
630.98
549.94
734.32
244.79
170.85
90.65
276.9
719.19
80.02
161.87
335.4
715.87
664.22
93.08
322.06
252.07
476.61
265.69
787.98
794.59
104.89
222.36
188.31
170.54
28.71
603.11
189.41
417.8
790.44
339.25
754.69
181.02
365.88
576.78
587.32
537.72
566.75
668.63
642.54
208.26
66.56
516.98
684.61
193.98
79.37
283.8
453.01
6.8
223.93
221.73
290.16
666.51
607.22
249.03
796.05
328.77
628.27
743.74
562.45
444.31
292.56
719.06
108.66
21.4
797.11
558.21
651.89
661.95
254.71
222.33
783.14
517.93
84.17
389.41
369.13
533.43
595.74
691.1
281.8
308.58
99.29
170.76
222.24
348.1
666.16
719.45
68.87
222.74
606.26
317
234.99
27.49
199.26
584.91
11.44
777.92
491.13
219.38
704.62
77.45
483.38
235.15
735.51
182.78
364.07
470.31
572.08
603.74
659.34
73.73
314.6
575.25
756.23
732.03
606.43
481.32
523
322.47
571.84
310.53
37.14
186.44
682.96
330.44
304.31
298.49
289.88
309.68
423.37
591.47
550.99
180.14
549.43
409.79
748.49
117.47
759.05
207.46
256.06
768.94
211.11
394.82
448.76
785.01
628.79
767.44
266.01
673.58
799.86
201.05
528.34
162.26
108.78
692.2
333.61
169.39
300.57
244.43
547.68
65.19
321.79
32.33
158.53
585.28
781.54
272.47
617.94
666.97
451.71
593.66
693.79
22.86
556.59
61.4
166.72
192.36
10.48
521.95
673.94
420.38
494.1
225.64
684.39
578.72
139.64
302
276.73
299.2
777.56
210.23
576.27
797.54
479.34
18.17
630.37
704.08
54.73
529.35
451.68
606.57
281.1
128.93
29.55
282.62
152.93
710.96
108.46
131.71
694.56
278.06
553.05
275.51
191.84
568.61
665.54
768.42
281.98
718.61
615.08
49.28
131.86
570.36
642.35
450.53
44.16
348.13
629.74
758.44
103.81
553.56
573.44
67.44
62.22
576.95
121.39
388.54
219.11
499.76
67.92
167.83
722.12
460.92
192.13
472.29
132.69
468.31
493.19
401.18
535.23
596.91
734.77
285.05
692.52
386.32
27.33
608.33
587.98
222.05
440.42
296.72
702.3
707.07
523.21
384.58
530.99
535.47
379.84
100
291.07
215.96
772.31
36.36
31.58
186.86
698.49
463.94
389.06
441.75
396.81
168.54
53.84
651.51
189.06
134.9
638.9
713.15
290.3
542.44
548.78
128.16
183.98
659.25
429.45
527.84
392.92
135.26
15.34
271.79
576.25
659.26
182.71
561.54
777.26
77.82
791.1
385.38
375.16
688.68
693.96
711.77
720.75
455.55
436.5
618.5
137.94
607.81
708.46
143.82
249.18
25.77
182.88
296.82
426.21
113.87
181.15
315.62
205.47
710.11
193.31
219.53
7.51
26.24
273.69
442.97
281.2
153.91
61.73
383.84
464.04
122.25
554.47
88.01
197.91
8.14
568.49
448.52
10.58
548.61
729.73
611.11
724.57
592.55
194.99
721.11
482.15
154.49
327.07
738.65
5.95
187.88
321.39
227.75
252.38
31.06
273.91
609.21
5.79
560.86
783.45
121.73
85.68
525.61
704.52
5.37
81.49
269.78
386.29
69.99
779.78
192.77
558.9
693.42
626.89
46.39
334.98
352.36
90.33
190.12
486.01
649.45
788.37
100.26
157.56
121.74
444.18
202.55
252.47
77.86
578.09
441.92
90.41
206.12
532.59
324.09
351.94
484.35
411.4
131.76
552.96
632.01
551.96
721.06
564.28
455.68
730.95
641.33
432.84
540.89
277.65
223.33
491.78
751.92
652.15
365.04
725.18
66.32
18.05
324.94
591.31
637.72
478.68
429.1
762.59
181.49
508.56
404.75
736.91
605.1
688.32
674.58
607.47
770.37
598.79
120.48
425.72
195.92
639.71
540.58
776.18
728.18
372.02
170.95
182.33
236.29
562.75
477.13
588.91
269.36
127.5
647.81
328.68
188.07
598.36
167.6
450.05
255.44
369.22
229.2
554.54
147.23
348.11
522.33
541.62
336.81
434.94
434.12
64.79
794.62
67.2
769.8
608.14
631.83
284.98
512.11
380.47
318.82
50.73
619.46
545.81
309.38
92.48
611.88
262.04
529.84
448.11
177.03
334.67
411.43
571.88
735.31
651.26
189.34
276.39
179.59
297.31
664.66
786.96
521.78
174.63
413.71
557.58
370.61
48.71
252.85
592.59
358.98
344.8
445.58
127.54
654.89
533.27
601.84
581.31
703.25
294.21
347.37
533.42
543.95
288.87
349.48
348.61
615.89
164.45
384.58
309.06
240.36
244.6
421.43
440.53
708.94
115.56
19.43
401.83
681.93
223.47
799.25
38.37
54.16
377.35
30.93
156.82
505.34
424.04
84.8
499.21
544.16
618.22
430.5
337.07
732.31
458.74
609.51
532.5
258.11
605.76
165.75
650.87
5.27
315.68
360.24
100.32
185.88
666.15
195.39
441.3
613.04
736.5
656.32
154.32
528.07
380.68
424.58
115.94
427.25
530.78
761.01
524.54
678.9
204.61
794.44
264.42
500.67
551.24
371.44
38.65
465.38
289.24
677.75
715.2
239.1
451.65
59.73
47.24
56.5
708.59
156.26
646.82
126.61
722.39
421.61
143.78
484.74
591.38
752.97
8.97
701.6
188.92
176.03
467.06
296.81
250.54
40.41
150.91
435.58
651.69
470.65
307.25
645.19
346.53
282.67
628.76
304.54
102.86
204.3
340.13
462.74
511.66
291.43
627.23
437.58
150.78
438.79
702.22
327.17
587.87
425.27
792.96
103.28
298.75
248.74
335.91
526.04
679.9
708.26
99.42
484.46
12.14
368.81
750.4
60.97
487.87
231.82
368.42
793.82
344.75
684.75
742.97
255.59
644.08
594.13
27.18
272.48
677.8
70.45
406.97
136.31
279.61
749.27
29.15
792.2
575.34
671.9
66.7
291.4
457.91
213.65
94.47
93.59
509.31
154.28
238.71
727.16
118.12
112.39
783.32
301.05
729.92
124.24
373.23
147.23
535.94
332.52
241.46
497.8
22.99
190.59
99.29
466.29
46.44
382.12
504.94
319.34
60.85
22.58
767.94
355.99
689.45
642.39
751.53
30.68
771.18
6.62
211.45
406.77
185.46
237.54
582.32
456.81
599.77
357.33
709.74
568.42
171.23
268.12
127.06
131.53
203.81
423.81
75.36
660.53
352.37
710.72
357.49
496.88
338.66
3.13
474.84
184.04
512.45
24.21
608.9
165.12
74.18
226.18
7.07
533.3
214.86
272.15
674.81
729
612.02
399.54
619.17
327.57
280.66
24.37
35.51
455.76
173.64
729.37
751.47
698.96
621.96
769.2
210.93
289.92
642.91
269.38
602.38
499.46
535.21
443.41
69.13
693.25
399.62
762.52
637.97
665.71
434.48
133.66
14.18
632.07
227.06
427.54
87.02
297.85
73.31
72.69
349.44
135.12
128.73
648.8
439.44
183.58
222.48
247.92
737.57
745.89
240.81
24.75
346.44
438.64
106.13
214.25
708.93
275.88
501.04
474.97
561.16
28.02
270.34
541.58
750.63
780.21
25.83
151.94
563.56
427.07
430.3
752.28
793.94
236.57
118.35
252.05
280.04
457.16
226.01
395.81
608.92
243.63
229.7
527.82
674.81
794.7
348.25
201.89
296.51
772.88
190.54
633.88
751.49
396.38
62.96
156.05
320.86
664.3
368.57
366.78
393.19
157.18
150.84
398.91
280.02
386.8
624.21
727.77
777.38
390.21
403.53
415.02
23.33
478.47
186.86
472.5
10.76
113.05
10.18
553.89
533.26
187.15
336.61
423.21
499.31
711.37
456.66
653.58
460.89
22.12
105.87
623.47
332.77
226.61
160.07
544.64
783.66
60.06
748.01
69.91
673.14
546.54
437.76
549.52
370.64
81.68
157.97
23.23
275.5
66.65
186.18
298.87
748.38
394.61
182.8
254.27
794.44
107.43
536.03
799.38
56.96
315.21
481.3
144.64
682.67
796.39
81.93
501.12
307.84
380.93
613.54
553.4
173.23
9.16
542.65
501.33
9.46
316.49
487.45
426.33
138.1
424.95
287.79
161.6
714.65
11.15
375.45
390.55
719
619.15
3.91
692.19
173.42
611.53
382.72
491.96
565.56
8.25
731.59
110.66
163.47
737.89
71.26
141.82
573.53
452.12
360.76
464.14
364.23
364.27
341.04
217.59
657.83
482.59
196.27
210.05
568.66
551.75
742.63
342.39
407.62
73.56
235.94
755.28
611.94
243.28
732.87
666.1
5.19
189.12
441.79
575.67
8.48
367.18
250.52
115.78
672.03
514.06
549.21
382.5
9.77
113.31
53.65
24.23
175.68
374.83
700.73
729.69
471.82
21.98
282.33
267.49
317.21
559.78
522.68
723.93
408.03
205.66
775.22
676.5
679.23
560.94
549.29
424.15
78.63
351.03
606.08
95.84
292.06
503.78
427.5
262.59
574.81
473.86
229.54
493.51
563.32
218.67
73.84
43.24
246.27
327.28
490.18
567.1
9.73
769.03
744.61
322.52
702.45
794.81
318.85
697.84
264.5
190.72
243.33
281.03
542.89
533.66
410.53
338.23
468.29
667.19
290.55
463.61
28.86
402.27
786.52
739.28
2.79
321.61
261.11
667.35
272.46
429.75
628.58
714.61
244.97
85.88
538.52
385.3
219.84
502.75
236.04
365.28
153.03
421.97
638.8
91.52
693.05
260.78
673.34
14.01
738.23
639
463.4
74.08
314.92
58.07
791.47
526.28
491.79
786.96
368.48
358.21
585.98
737.48
580.37
31.88
13.83
608.09
758.11
616.26
299.14
533.23
738.85
627.51
563.73
206.07
265.12
92.08
126.1
301.42
717.85
116.59
9.31
329.05
250.59
604.16
733.09
754.32
538.78
535.36
548.81
169.65
21.34
685.65
156.66
600.29
787.13
465.21
456.49
121.52
471.87
367.69
418.92
416.63
295.33
667.68
528.92
524.73
596.26
677.83
103.22
228.6
751.8
271.75
96.22
95.26
187.33
28.96
228.26
122.31
79.11
145.92
428.63
252.76
143.2
153.9
56.93
583.48
726.11
426.33
116.49
264.43
346.12
207.94
716.23
28.27
649.63
139.25
485.37
743.26
724.69
207.58
464.48
575.91
435.44
421.98
443.21
319.33
552.6
576.93
283.73
253.86
491.71
27
609.08
618.11
51.11
692.78
414.35
42.89
271.03
717.64
49.93
338.87
216.29
708.69
309.82
481.1
13.15
100.43
272.76
548.12
718.8
286.18
365.72
663.42
4.15
614.33
336.93
597.11
647.77
272.44
133.33
591.12
275.73
570.76
429.54
563.88
754.05
465.73
310.09
412.72
411.96
10.04
426.67
409.57
760.45
278.87
86.85
476.35
276.08
21.65
616.75
491.44
791.68
763.54
221.68
213.69
232.55
567.02
451.33
163.99
704.22
204.04
134.4
103.87
757.14
168.05
69.43
66.47
290.78
573.67
252.21
4.85
404.78
766.6
460.44
541.22
621.83
142.97
507.48
702.87
293
139.58
736.32
302.43
777.53
449.15
209.09
246.16
378.09
520.48
22.22
464.1
249.74
24.2
742.33
177.72
65.36
46.47
762.76
70.1
195.73
658.8
653.97
783.43
691.2
712.8
110.01
386.98
212.21
245.19
406.45
93.56
181.3
419.93
739.35
118.24
766.26
617.55
339.13
711.92
649.63
708.89
751.41
532.3
474.3
475.2
648.47
258.91
1.92
406.19
92.46
746.24
789.55
526.86
431.47
121.62
723.4
661.83
443.11
56.75
148.94
200.28
620.59
25.29
222.97
223.15
595.01
251.71
714.43
448.5
263.83
472.42
53.86
363.14
341.35
469.82
478.24
678.27
237.29
504.8
633.68
426.43
427.2
325.53
422.89
72.46
640.25
164.6
1.7
213.89
93.72
379.8
274.75
390.82
653.2
369.87
642.85
362.13
739.07
612.53
612.87
314.97
21.75
366.11
252.87
361.61
209.59
46.97
164.78
185.4
289.16
624.44
224.16
712.79
18.14
497.04
586.73
191.9
584.49
389.83
477.68
643.92
734.42
399.75
544.68
711.54
475.47
221.08
241.82
159.3
406.04
612.09
637.79
649.84
31.31
205.88
241.14
725.32
664.84
750.51
458.5
665.36
102.17
446.19
295.42
630.71
687.04
192.13
588.66
774.54
671.34
223.02
86.66
18.19
30.23
718.14
551.72
578.52
258.78
699.22
623.59
380.11
491.72
619.03
308.88
398.35
774.89
182.6
76.58
714.94
426.76
150.17
637.92
495.78
724.06
675.3
76.96
105.62
732.07
429.14
532.01
745.46
311.89
501.77
797.14
331.72
45.47
510.27
676.7
675.2
270.75
89.59
313.52
503.09
456.77
330.95
507.31
233.08
144.14
421.58
420.49
678.86
317.13
509.53
709.98
641.59
352.74
31.11
706.4
777.81
540.98
292.25
769.64
634.21
89.67
736.79
200.34
510.26
712.66
672.95
511.31
1.61
119.11
668.92
235.43
643.48
742.09
796.7
739.24
300.63
98.52
409.86
541.74
771.26
521.67
791
20.19
542.88
250.68
304.21
294.23
492.46
526.6
540.44
298.18
552.79
114.21
68.17
624.25
560.19
450.85
35.4
134.76
396.54
611.41
608.98
327.39
516.14
412.31
741.63
629.62
596.57
101.11
477.99
572.1
490.46
793.73
120.54
116.13
733.87
446.15
187.13
103.85
745.18
68.28
201.81
585.94
453.73
376.08
45.32
242.67
592.58
450.87
202.16
171.06
386.01
229.19
526.61
438.95
240.43
713.41
467.6
16.46
128.47
734.41
642.82
554.54
243.67
18.86
80.82
707.38
210.46
758.12
623.63
558.69
390.26
141.52
738.6
703.09
428.72
87.98
210.92
57.08
38.38
277.57
545.11
577.61
464.32
444.48
20.96
597.53
42.23
528.92
749.72
596.12
48.99
495.75
528.15
6.35
638.67
54.52
378.93
647.53
117.22
723.88
542.58
61.5
530
631.78
659.37
618.46
65.4
578.2
244.61
493.84
157.7
547.4
471.26
282.43
385.78
660.99
755.3
628.65
555.34
312.19
696.8
695.98
202.35
47.13
485.05
587.82
300.99
392.07
712.6
115.43
597.15
692.71
798.1
87.54
49.51
637.27
564.6
536.61
463.13
225.88
411.17
670.95
342.72
629.51
257.31
316.87
466.37
69.34
129.58
65.11
701.53
113.65
311.37
31.34
212.53
0.02
746.07
388.16
426.92
622.15
605.36
508.72
643.76
42.44
715.63
389.57
557.49
606.57
269.88
100.64
154.14
586.1
202.09
89.77
206.27
85.13
668.53
111.54
490.99
27.86
260.78
3.06
248.04
133.05
77.02
110.16
10.97
138.07
435.09
50.18
410.48
486.16
661.42
31.54
465.23
356.5
255.14
754.66
359.3
536.75
712.57
475.15
264.75
54.03
464.4
30.15
753.48
603.99
541.68
222
243.76
433.19
526.6
431.48
336.45
491.23
341.18
189.08
710.24
660.12
315.42
660.47
556.6
39
370.49
164.66
544.96
288.83
638.87
502.9
194.24
279.97
472.4
189.34
272.48
284.38
543.55
167.12
350.45
793.76
53.64
722.71
401.56
437.28
784.43
614.62
4.59
155.72
141.57
358.4
167.77
742.28
742.72
728.21
364.28
214.35
152.11
167.73
287.15
414.04
114.16
710.41
217.62
134.34
783.75
189.13
630.12
405.39
717.9
684.82
335.04
629.95
797.06
320.26
326.89
597.95
412.97
220.57
674.47
269.13
329.99
397.58
360.36
407.7
328.41
225.72
796.41
415.97
603.9
57.67
0.09
237.48
47.32
725.77
387.07
175.33
541.76
799.87
738.72
504.14
576.72
741.41
253.78
378.28
779.24
14.13
404.07
151.69
227.97
183.24
23.95
360.84
413.54
27.21
415.69
631.95
554.53
226.87
160.73
47.42
516.48
444.05
463.35
640.99
739.14
773.52
592.67
11.36
28.38
462.6
54.48
39.09
643.81
151.6
263.46
675.71
98.21
636.49
238.96
743.14
133.51
177.1
287.69
242.21
526.87
762
618.78
313.44
786.54
631.34
528.68
10.9
2.97
460.75
777.42
29.3
696.28
372.98
363.09
352.84
93.65
675.59
493.16
605.91
716.71
144.2
288.96
294.62
509.7
69
361.48
211.19
390.35
179.2
268.22
183.04
743.46
214.16
672.11
396.81
595.96
427.45
602.08
314.05
786.57
592.51
569.07
274.73
697.1
69.01
440.53
578.79
693.69
82.98
121.32
566.08
730.91
348.81
779.28
65.34
661.01
406.21
735.57
192.89
124.21
59.83
47.35
33.53
391.79
361.74
446.15
340.22
576.47
397.12
260.91
76.63
242.02
306.95
158.75
613.12
579.48
40.9
782
373.87
293.34
324.39
537.7
461.5
221.83
149.27
276.85
79.43
42.48
60.11
281.84
746.57
322.13
231.94
568.23
531.2
571.86
461.43
308.71
621.56
484.34
47.87
446.04
561.9
463.58
691.74
325.89
693.06
22.21
696.88
581.13
36.76
541.6
322.51
734.24
739.04
580.17
364.3
57.83
58.02
322.12
250.31
1.89
766.88
26.64
218.25
397.48
411.91
437.14
94.26
344.6
671.64
254.89
403.09
563.92
392.96
617.29
298.43
125.24
683.57
433.84
119.17
398.21
567.45
631.81
393.22
528.61
794.39
477.74
336.69
264.37
700.78
323.16
468.41
166.37
522.02
74.98
41.22
18.55
772.86
428.6
615.79
311.97
348.78
621.36
482.53
337.11
579.46
323.4
635.38
612.53
788.01
175.55
703.4
17.2
351.01
438.13
590.69
642.73
96.74
489
78.59
9.08
215.86
3.84
7.73
751.4
717.12
492
630.69
537.47
701.13
397.22
576.82
167.42
686.56
49.64
250.74
59.86
359.82
495.93
788.7
703.55
478.74
634.81
331.51
610.58
162.74
255.1
685.62
513.2
299.07
760.34
82.01
401.9
76.46
58.62
294.09
634.24
211.56
706.92
431.47
257.76
181.02
520.66
516.36
376.38
74.51
133.37
553.49
539.29
164.75
324.39
295.32
91.95
328.05
461.27
304.85
124.11
322.55
776.42
586.71
61.31
138.56
289.11
495.56
635.35
415.55
363.61
509.44
559.29
640.9
746.79
650.52
635.3
194.04
67.56
410.39
331.36
412.06
359.08
279.68
726.56
424.65
160.01
781.49
208.37
308.41
455.69
793.53
603.09
474.62
467.37
164.22
264.44
93.31
266.93
118.56
687.8
88.43
69.34
220.15
662.8
522.92
586.58
782.21
388.86
191.62
617.39
760.29
286.66
181.46
34.54
638.39
128.7
744.32
283.04
88.51
104.51
738.3
563.59
797.13
773.97
54.51
792.48
531.64
449.82
663.99
692.56
589.21
649.88
168.95
370.25
520.83
303.71
592.33
208.86
713.27
282.63
168.14
398.13
111.61
211.98
495.68
155.85
104.58
297.91
632.36
585.56
46.99
223.85
291.55
372.18
59.34
656.8
412.12
457.91
429.15
503.11
463.63
361.82
193.9
597.71
128.38
67.55
550.43
485.88
553.3
433.73
155.01
657.11
90.09
636.62
754.12
21.73
252.14
780.49
88.33
50.67
444.72
416.45
651.91
738.95
338.4
322.91
587.27
394.15
291.32
218.01
799.92
118.24
675.74
265.33
420.68
321.91
351.31
711.74
435.84
695.41
94.4
768.51
161.5
193.24
442.97
90.38
250.81
767.97
429.85
758.11
309.04
10.62
219.96
553.91
67.97
535.35
206
112.35
406.58
496
457.56
165.68
368.32
417.96
291.11
45.72
71.16
228.95
409.92
93.14
365.93
767.45
505.33
51.96
37.22
371.9
663.51
457.04
246.82
517.29
217.3
788.12
612.85
798.5
184.17
451.65
81.93
260.99
571.57
186.89
639.94
405.45
666.83
685.72
482.8
513.09
778.68
417.82
196.6
283.07
717.01
505.3
628.7
339.85
763.51
727.88
748.06
793.49
433.33
626.22
108.29
132.91
188.05
265.85
270.04
553.46
418.18
798.05
414.18
757.7
691.71
313.28
314.49
638.73
372.58
589.42
432.46
416.1
683.72
324.93
436.23
6.64
746.92
44.47
303.09
90.08
387.77
573
79.99
489.96
434.37
180.28
331.29
464.41
105.99
275.81
77
797.26
723.44
535.09
127.41
170.38
391.22
242.57
708.25
318.54
405.6
82.14
582.7
462.94
46.52
673.63
793.29
22.35
406.51
425.24
118.99
470.89
773.2
173.08
428.48
276.08
795.09
390.86
227.32
116.1
29.59
475.61
665.46
73.44
161.86
510.93
613.21
633.33
477.41
120.63
168.76
521.44
186.78
452.18
143.41
752.61
598.09
122.65
315.87
131.53
59.05
700.61
359.43
648.93
496.03
174.23
198.34
726.78
625.69
92.79
521.51
177.6
175.06
661.95
270.47
499.35
344.16
273.93
530.12
513.8
597.48
312.36
349.25
72.98
574.81
125.61
622.83
480.3
418.32
40.94
35.77
397.59
59.04
622.09
334.16
456.81
620.05
755.98
99.09
56.38
612.97
770.72
642.12
323.79
571.85
108.31
488.98
296.19
142.15
577.7
81.73
29.14
6.29
96.86
84.02
491.76
282.19
460.89
309.25
538.69
288.75
253.02
575.69
347.6
26.65
636.68
567.3
205.88
368.24
139.6
630.88
794.61
397.69
314.07
74.8
330.42
424.02
202.48
113.78
228.62
559.6
779.17
259.5
266.79
32.37
181.57
423.67
457.15
6.64
537.56
798.26
311.13
568.25
404.43
696.22
183.94
563.27
420.54
149.36
746.55
95.77
787.86
576.56
595.33
675.66
481.42
143.88
230.58
71.63
44.26
451.8
288.26
253.56
694.35
356.99
111.08
407.39
722.8
676.5
460.77
504.75
294.85
743.68
71.04
726.66
568.69
661.49
649.6
512.12
764.88
507.79
130.51
489.73
221.7
468.72
280.47
693.1
258.47
234.2
156.42
390.77
342.28
13.01
176.91
732.38
357.34
214.04
687.65
294.85
684.53
619.11
261.74
527.87
228.85
406.3
457.44
22.1
433.1
663.15
737.99
525.23
480.92
709.77
795.39
46.93
130.69
776.71
78.29
740.05
516.91
363.43
779.41
143.63
63.14
529.37
565.21
406.43
315.5
331.74
44.9
760.4
414.99
546.69
200.15
349.2
506.76
166.47
664.23
745.12
710.46
583.79
623.4
251.49
565.3
218.59
658.06
193.11
43.45
542.55
479.89
782.31
560.02
435.58
725.14
338.02
499.07
151.43
744.22
132.88
502.83
343.04
791.45
147.79
245.97
233.47
382.67
664.99
775.72
621.69
30.25
147.08
140.14
780.42
332.41
529.42
263.41
529.73
205.79
108.47
428.48
301.93
76.44
755.24
129.36
449.98
359.82
432.05
339.77
659.9
486.6
84.53
458.76
442.59
121.93
5.06
48.64
224.38
204.66
771.23
194.11
149.16
178.34
762.7
402.84
297.7
562.2
393.4
476.94
33.78
598.28
399.92
380.94
129.7
35.08
60.19
180.19
204.62
543.7
653.75
343.77
460.88
466.62
51.8
228.58
752.37
766.24
767.62
320.76
545.13
3.4
605.96
610.76
664.96
71.81
348.37
565.23
282.4
619.55
610.46
122.04
300.09
627.01
408.02
639.09
251.15
756.21
243.86
291.79
261.32
190.44
597.13
474.07
204.84
283.68
34.58
643.52
43.63
225.06
576.39
167.83
53.4
770.57
324.29
308.47
119.64
280.09
209.3
784.35
626.88
757.89
195.4
159.71
796.9
710.3
678.01
780.91
711.87
273.41
708.08
465.64
618.65
97.15
619.11
468.24
772.49
675.46
295.47
634
782.06
756.57
152.99
482.91
760.51
563.02
636
775.83
52.49
63.32
27.97
703.71
644.98
576.12
283.44
138.86
273.3
567.05
576.92
290.97
198.69
583.57
436.52
407.72
332.92
323.82
121.84
50.31
633.45
636.7
287.88
393.3
73.11
391.18
170.89
142.11
397.31
18.47
134.37
194.88
357.19
272.25
681.25
46.58
755.1
444.63
235.07
173.01
283.62
514.85
395.26
705.99
332.83
694.45
541.37
143.16
275.62
518.29
287.22
284.95
653.51
606.84
503.28
68.22
659.02
145.27
583.48
622.43
479.25
787.92
746.51
470.99
429.42
74.78
46.73
642.7
62.53
146.21
675.12
314.95
787.81
406.22
447.3
650.74
218.45
526.39
405.54
205.56
410.91
738.16
562.59
680.77
558.74
308.91
758.08
485.56
277.07
427.53
304.43
138.32
411.6
89.31
408.15
84.21
288.05
249.65
537.33
454.73
181.48
294.29
601.67
460.56
595.2
757.69
643.18
435.55
42.86
349.17
20
700.84
219.85
656.59
312.36
31.24
652.66
664.22
628.66
100.9
117.34
634.37
188.78
3.05
798.28
495.96
586.81
349.37
246.96
151.97
316.98
297.51
747.92
582.57
435.09
132.41
333.71
405.89
740.42
578.54
326.24
645.6
764.03
429.25
294.84
506.82
364.54
29.86
159.78
118.13
414.33
620.91
634.15
405.38
503.51
327.2
670.36
121.4
644.84
5.5
611.93
428.98
757.05
381.18
230.95
168.7
198.84
457.33
269.24
72.78
503.33
236.26
287.39
651.92
565.15
77.59
604.58
291.84
40.27
498.63
157.31
385.74
778.65
446.87
27.86
565.91
447.58
92.32
494.33
215.95
553.49
460.1
390.59
715.8
211.39
15.68
244.31
328.69
615.56
477.49
357.97
224.23
221.55
483.57
370.78
774.68
631.49
259.84
561.93
297.67
472.83
16.75
540.7
310.83
454.57
514.89
84.35
141.76
60.93
306.68
108.64
221.98
363.09
489.87
684.24
70.41
649.24
105.65
37.86
78.32
678.76
260.36
537.4
366.52
742.87
381.2
620.95
630.14
384.87
502.85
673.47
238.21
170.4
234.66
194.29
86.84
741.11
501.51
790.48
202.19
72.84
783.83
618.24
15.54
318.83
603.91
169.16
476.5
280.17
317.84
623.7
135.13
635.41
206.05
44.41
734.97
466.11
77.58
638.35
616.77
335.12
447.78
360.39
603.65
584.42
316.09
653.25
317.45
727.54
246.83
78.93
785.12
36.41
49.03
492.39
170.86
667.27
174.47
731.5
388.14
456.63
333.68
50.42
213.71
760.59
457.87
563.07
376.37
109.59
788.65
602.92
342.71
3.14
490.23
657.64
15.62
612.58
604.56
179.46
9.28
303.55
269.96
124.45
564.81
352.31
102.8
324.71
81.77
92.4
780.64
644.45
419.17
710.85
493.72
563.53
375.41
392.77
22.61
18.7
665.13
687.21
657.84
768.76
767.37
131.21
529.95
315.53
402.57
426.81
48.31
381.98
321.26
158.24
19.78
414.87
137.38
209.03
690.18
554.87
15.87
457.04
639.15
296.76
460.76
716.39
702.44
786.02
428.53
341.76
241.46
746.59
207.99
33.34
529.68
384.2
446.43
354.42
267.34
356.42
313.39
355.1
267.61
10.33
789.69
40.52
48.43
621.29
707.95
221.38
544.61
132.79
660.96
686.55
255.12
769.36
78.56
665.44
474.08
211.48
140.53
335.35
166.29
276.13
195.75
303.3
249.46
688.62
553.93
552.92
408.44
21.58
136.34
473.68
335.78
624.95
408.16
347.7
348.24
738.15
241.19
140.87
715.73
227.29
371.6
81.5
46.54
135.51
385.67
514.84
602.02
460.71
526.57
278.86
32.49
175.53
304.84
290.85
14.83
555.16
122.7
290.69
664.59
252.49
196.66
615.05
134.04
66.95
255.99
458.91
207.28
755.87
452.52
90.44
20.55
267.94
560.92
685.46
51.41
86.98
121.13
151.29
666.75
203.13
740.95
313.9
224.99
664.93
727.43
594.46
756.87
162.07
757.45
536.27
476.29
304.26
248.19
762.95
701.94
267.82
320.87
623.07
70.82
275.99
229.58
615.25
586.79
469.43
542.85
276.67
426.98
162.59
233.29
423.14
778.85
748.61
409.45
409.41
178.42
133
522.21
347.94
458.58
280.57
267.69
554.33
307.62
426.77
672.58
193.78
657.82
262.06
55.78
296.68
234.54
36.02
378.09
560.81
293.87
627.58
422.61
475.42
674.1
386.37
160.74
752.73
296.14
289.62
556.8
606.07
628.18
95.85
43.81
391.12
659.61
400.99
490.32
216.57
243.98
108.47
64.22
519.6
727.34
703.67
749.16
723.99
710.16
550.56
367.28
232.46
604.95
587.31
547.36
728.26
309.11
769.63
119.18
420.27
121.93
577.5
550.15
59.68
159.43
389.62
308.48
596.83
13.28
530.51
484.01
528.63
543.67
572.89
285.18
615.05
790.72
255.36
535.4
571.08
155.39
170.26
367.71
244.06
75.72
182.99
140.86
161.27
582.48
339.53
113.04
343.14
650.97
204.59
195.59
293.31
674.39
409.72
214.24
27.96
623.47
700.74
325.45
571.21
60.07
12.72
757.44
308.47
328.06
381.2
713.15
199.64
602.68
689.73
596.17
438.75
274.19
595.15
371.13
552.71
511.75
562.7
410.21
686.59
532.59
227.45
326.68
525.84
691.14
644.97
139.22
463.99
126.26
730.24
14.2
773.82
364.04
257.07
673.24
581.42
249.09
318.69
705.36
283.37
783.8
655.69
531.58
651.54
495.14
228.58
745.83
9.81
163.72
738.66
481.7
293.92
40.44
709.94
372.09
705.93
311.19
35.96
790.99
742.73
493.35
714.15
652.39
690.17
660.09
515.94
716.8
410.69
291.99
350.12
292.59
684.09
170.38
241.63
209.38
444.04
749.86
199.67
281.16
363.71
408.53
225.17
786.39
317.69
78.99
504.2
15.74
764.08
752.2
484.02
356.7
461.17
156.99
570.88
388.37
665.92
463.16
355.56
90.32
780.66
111.63
284.98
490.08
449.38
510.8
734.35
183.39
531.97
741.97
76.98
254.76
619.64
242.54
333.11
250.21
103.56
169.6
644.58
689.73
779
120.42
0.11
595.78
695.02
146.39
666.27
147.22
680.44
757.2
339.58
142.82
599.41
87.47
761.35
341.95
279.05
76.92
290.32
641.74
401.61
297.28
60.34
678.42
86.23
731.45
470.28
128.03
17.96
253.68
346.47
701.84
409.89
699.65
759.67
343.72
378.46
349.67
369.22
601.21
63.65
259.89
357.91
783
772.82
263.69
483.75
515.19
22.04
319.08
129.98
257.74
785.49
513.26
667.64
172.59
765.43
560.84
255.99
476.14
80.17
799.14
235.99
22.03
168.55
293
774.55
656.76
47.97
781.03
463.46
50.72
127.03
356.57
654.59
479.47
234.64
635.25
368.53
240.33
132.31
277.22
286.59
585.06
22.05
116.9
458.97
21.29
41.5
198.14
442.42
329.89
724.78
219.74
717.42
498.82
269.85
75.49
504.4
544.84
792.77
189.82
201.75
191.21
618.41
130.71
81.53
158.31
573.15
650.44
493.99
218.45
183.44
114.47
342.3
115.38
436.56
506.37
307.83
502.18
293.88
48.47
663.25
228.75
312.06
340.62
663.16
559.61
579.89
620.98
431.05
496.98
28.53
37.59
568.33
571.96
757.17
436.3
610.01
644.64
739.45
331.24
643.7
180.8
317.91
482
741.64
530.71
371.64
558.74
401.45
405.89
608.47
451.69
580.76
545.17
15.19
604.04
159.47
417.94
63.71
113.62
560.56
29.93
577.21
740.1
227.1
693.31
117.24
702.89
34.82
595.92
717.77
715.79
392.68
670.43
52.3
367.93
483.42
100.23
533.8
335.16
304.56
224.16
345.27
319.47
435.09
426.09
782.65
622.33
550.36
190.76
656.61
709.96
566.79
352.95
370.71
744.32
693.01
549.49
0.25
728
273.08
405.13
709.13
462.07
198.62
6.78
739.59
29
81.02
352.26
532.03
797.25
765.69
472.45
688.4
664.42
765.45
63.94
736.82
176.35
776.46
656.03
276.96
668.23
158.34
83.2
336.54
127.37
645.46
475.95
635.01
575.19
114.88
766
702.42
407.63
177.42
482.35
67.24
377.21
74.52
92.58
541.24
278.16
162.26
763.14
225.15
487.66
576.18
708.78
719.74
422.71
104.9
442.27
285.44
756.54
527.05
720.88
749.38
150.38
219.75
554.95
456.39
557.69
307.47
150.9
632.57
420.93
44.77
629.11
618.18
462.93
41.42
14.47
403.7
75.24
290.34
637.56
647.38
153.41
203.02
582.55
452.02
70.95
21.08
547.43
566
234.56
214.79
705.84
231.15
530.34
182.1
790.08
677.51
649.52
175.21
278.76
66.27
118.63
311.44
202.65
508.77
542.05
746.59
590.69
790.05
46.21
8.59
516.95
515.08
692.39
437.05
644.69
769.49
777.94
246.25
18.2
371.36
155.53
363.35
163.06
564.24
247.24
690.03
256.06
346.34
201.6
408.86
247.47
75.69
61.03
211.81
743.43
667.33
664.2
622.95
537.2
203.03
761.25
530.95
66.06
86.48
611.39
286.09
251.12
176.74
649.7
211.79
246.68
218.73
75.41
766.92
459.22
197.33
446.67
723.8
310.31
502.71
88.67
395.48
627.36
519.03
320.48
441.7
355.7
124.59
787.26
22.01
380.35
579.87
486.04
128.67
109.19
229.63
145.3
136.67
26.25
336.27
323.1
711.02
340.74
70.89
121.36
388.44
742.65
382.12
180.6
228.07
443.4
165.48
213.11
42.7
396.61
269.74
670.92
471.39
413.88
643.52
95.17
287.3
135.76
399.72
640.81
151.33
26.95
699.93
328.21
622.47
93.64
792.32
318.89
37.18
425.73
131.37
313.44
262.82
158.54
452.17
681.5
432.54
713.53
772.98
687.38
77.32
366.2
94.1
16.8
475.1
297.99
642.83
285.07
121.94
2.42
510.29
152.05
674.6
256.49
426.79
504.79
143.72
617.13
203.62
709.63
710.25
307.02
219.53
84.74
609.05
270.48
775.38
267.94
435.14
52.32
380.96
597.4
676.82
344.8
109.86
25.95
277.12
284.44
586.5
228.09
204
799.1
510.15
224.73
614.85
165.28
523.06
512.72
653.67
355.18
192.93
60.17
220.42
432.05
245.05
654.23
25.44
422.34
288.55
587.48
246.74
346.87
452.12
493.02
148
369.11
88.9
373.35
528.05
737.84
179.23
400.04
688.62
286.75
795.64
199.79
678.27
735.78
453.66
455.32
347.17
54.7
628.53
74.97
539.16
37.66
36.66
287.55
574.72
448.85
463.85
227.43
729.95
725.69
136.2
182.4
412.99
669.6
287.58
174.57
213.57
441.94
22.74
279.35
7
704.32
239.83
177.72
16.98
313.15
142.14
61.29
425.8
557.62
192.77
372.39
303.13
189
636.35
166.72
413.72
113.46
133.09
628.56
330.63
503.72
355.8
471.54
166.89
146.74
568.19
79.46
19.18
463.61
793.87
321.05
198
119.34
72.47
589.14
239.93
744.6
338.74
511.63
486.54
383.79
674.75
35.54
591.43
549.13
231.08
383.24
779.43
100.62
420.43
762.56
347.27
465.85
412.51
58.18
559.22
280.87
11.02
702.6
79.94
423.2
208.45
269.1
15.43
305.63
733.51
762.79
646.75
469.33
248.13
748.29
398.4
694.23
265.95
729.28
67.87
183.24
573.39
446.47
610.42
780.61
156.78
128.7
507.68
735.97
62.21
320.06
231.64
37.87
621.48
48.13
736.92
702.44
664.87
762.87
797.22
21.44
418.95
577.7
127.83
535.89
8.88
646.1
610.91
125.81
62
463.12
374.24
468.59
199.76
392.51
102.47
670
773.08
478.6
297.53
190.28
65.21
733.25
278.79
340.15
1.79
327.33
247.28
80.71
630.04
773.86
548.14
184.15
60.57
11.2
140.67
565.66
501.89
300.64
125.85
754.89
397.27
1.75
106.66
662.85
577.49
760.89
572.87
138.01
186.63
592.05
85.53
546.72
161.98
360.54
129.76
466.76
570.25
305.75
54.49
111.67
642.88
212.87
618.77
176.87
577.26
515.2
104.2
583.45
91.05
700.02
781.52
521.87
431.09
71.24
639.9
708.95
554.72
395.12
525.61
491.66
360.27
723.28
591.96
335.14
589.42
788.38
261.63
587.07
671.64
776.21
51.59
612.72
767.23
626.72
469.19
326.48
347.15
224.83
575.23
600.28
707.82
595.13
363.46
527.45
48.34
382.55
715.96
692.79
314.62
253.14
529.46
634.01
116.08
342.86
783.88
642.4
481.12
760.58
703.55
355.02
706.29
337.64
650.91
83.01
332.57
566.93
571.29
250.3
426.29
75.57
475.72
678.29
764.73
661.42
604.37
170.24
120.65
503.99
298.46
208.22
345.69
506.38
220.71
675.77
361.15
321.07
586.91
41.56
576.25
319.6
81.15
561.2
781.22
94.47
622.47
782.19
451.88
459.17
736.98
734.47
241.39
627.27
385.27
482.01
539.6
774.23
694.57
30.64
136.42
358.01
316.67
782.17
189.74
213.65
319.59
752.57
569.81
634.28
349.3
217.63
421.31
628.52
770.98
622.07
220.54
231.91
109.84
481.39
403.16
714.64
329.06
597.32
77.24
443.5
492.1
309.36
107.53
446.53
228.22
382.71
476.89
427.58
745.26
651.94
259.45
599.34
659.01
559.21
749.66
695.79
691.07
357.93
245.62
649.74
673.65
603.75
740.14
125.59
423.75
675.63
685.76
782.31
435.89
152.53
604.27
295.26
745.99
354.73
112.05
99.77
74.92
720.28
419.51
720.67
719.36
390.82
634.37
770.11
310.95
670.8
435.9
185.64
360.39
602.26
680.04
119.19
506.21
18.96
164.05
686
545.12
455.97
668.2
762.1
702.12
689.81
530.33
740.09
515.09
133.42
735.45
604.02
485.88
584.3
463.03
582.98
55.16
254.77
668.75
774.49
450.08
230.53
424.68
302.49
272.11
477.99
70.75
741.19
646.39
765.85
264.24
22.22
720.61
32.85
382.38
483.74
558.16
90.67
731.92
333.82
89.52
254.78
698.38
401.52
748.47
96.95
73.86
637.38
693.94
209.17
724.95
32.81
98.66
784.06
204.89
14.73
391.47
749.44
710.67
283.88
263.22
569.49
408.08
522.79
197.32
599.62
676.62
361.81
223.89
682.54
231.12
84.99
0.73
361.54
307.45
653.82
756.06
188.41
160.38
703.93
91.3
99.17
402.09
55.37
487.21
180.26
719.42
367.36
595.88
635.82
677.75
312.72
177.29
451.22
717.99
370.28
204.99
774.08
480.29
457.98
75.24
380.1
68.18
143.33
646.8
492.23
485.13
483.25
391.69
91.64
558.47
484.56
605.21
40.06
349.07
394.73
571.67
673.99
560.02
130.66
376.91
581.89
531.06
345.67
399.32
533.59
584.11
348.5
654.3
487.76
449.97
799.8
635.77
114.35
675.31
571.68
10.52
346.98
759.69
459.89
351.44
256.01
152.36
624.28
596.24
491.37
485.82
633.6
276.28
629.83
167.28
312.28
620.16
559.35
657.26
473.76
303.25
385.41
682.05
331.37
650.1
371.85
213.6
448.66
712.4
236.72
23.97
6.43
388.65
602.89
115.29
314.53
414.84
472.46
396.27
371.58
437.37
289.84
608.83
543.97
421.08
233.38
285.36
50.28
581.14
246.42
79.72
161.67
388.04
586.46
633.23
189.8
380.99
291.92
302.23
123.06
108.3
389.62
737.47
328.11
607.19
117.25
286.68
39.82
182.48
314.55
118.35
312.95
82.98
484.31
360.38
185.58
209.14
385.07
748.84
335.36
195.37
250.09
307.54
332.38
788.48
503.18
180.11
442
35.92
342.07
370.69
573.36
632.07
229.07
445.55
428.18
98.7
673.82
721.27
441.45
129.8
593.32
529.86
695.1
376.28
234.57
343.19
225.44
70.57
299.91
428.87
409.18
158.17
748.66
136.68
17.14
708.36
500.75
711.86
415.21
181.53
569.06
698.52
217.65
647.8
623.33
367.52
760.13
331.87
304.51
161.89
471.19
128.9
636.04
406.92
736.96
226.6
133.3
734.23
116.6
686.34
745.53
650.03
310.04
376.95
117.15
376.06
67.85
47.19
707.51
96.46
715.3
369.99
293.27
168.93
600.29
394.44
523.8
318.51
126.89
390.52
212.63
509.26
298.64
45.06
625.69
568.72
66.75
93.59
140.33
381.37
139.99
523.06
572.91
418.6
259.89
792.94
445.41
475.51
788.32
38.99
742.34
10.26
704.35
437.12
82.99
344.58
27.18
740.95
706.69
651.87
285.06
211.1
428.55
631.15
473.88
199.27
205.77
553.19
202.27
295.83
749.19
439.65
24.99
302.92
35.65
353.74
384.47
216.31
798.39
478.38
546.49
285.45
25.36
172.31
650.27
338.05
328.31
304.64
471.64
309.66
729.75
740.23
785.01
419.56
533.29
253.36
89.91
359.83
619.79
565.7
732.15
168.73
47.55
618.77
588.04
261.63
699.76
527.17
358.25
736.56
473.56
69.53
774.52
43.8
689.13
71.52
309.34
556.25
82.11
495.69
224.38
398.13
18.49
370.65
277.94
144.35
327.55
405.04
25.81
315.05
259.48
107.71
585
490.09
114.16
662.62
343.76
329.26
760.72
603.83
310.12
290.41
404.15
44.77
230.14
227.36
405.66
381.46
214.09
787.29
486.4
584.22
189.87
704.4
203.46
255.03
609.54
442
712.79
541.34
348.25
147
483.57
399.8
342.88
392.06
238.26
254.61
300.9
190.64
267.04
211.55
143.18
390.13
717.18
77.99
212.94
4.47
747.47
110.55
35.41
709.62
786.9
455.88
689.79
8.73
39.6
764.67
96.16
59.34
132.59
710.15
196.5
457
268.41
31.43
427.43
714.96
483.53
348.43
515.01
109.93
66.26
655.11
456.07
73.67
768.03
713.71
621.64
334.36
269.51
681.75
475
590.47
148.93
372.65
592.3
626.62
388.22
40.36
594.35
372.3
202.31
42.05
784.23
105.02
558.68
524.1
435.16
134.24
53.67
210.94
405.65
58.26
233.51
747.6
364.64
622.31
772.42
402.04
543.02
110.37
179.33
135.01
153.48
738.14
288.68
77.95
132.92
1.65
439.83
245.55
271.3
585.42
689.34
654.42
311.2
469.04
68.85
503.2
5.44
448.32
464.26
546.42
272.59
581.28
731.12
245.15
141.89
730.4
229.23
13.95
204.19
717.46
251.58
599.42
291.7
532.92
283.6
307.71
769.27
18.04
403.73
672.56
562.89
420.77
520.78
173.42
656.66
488.89
395.23
352.71
532.57
46.7
690.99
165.26
395.34
352.59
705.92
129.8
562.7
319.66
20.7
293.75
220.32
45.64
291.3
793.37
273.13
657.39
799.55
470.45
634.99
73.99
421.7
165.61
422.65
313.28
53.88
461.77
782.55
119.71
520.22
688.02
121.46
511.21
55.81
540.64
410.83
73.21
602.11
94.24
61.25
243.14
505.49
503.56
393.55
499.76
179.82
230.91
398.71
2.8
371.48
619.91
477.48
83.3
189.06
324.47
454.54
8.34
515.26
443.32
411.86
300.27
424.6
113.76
745.19
564.21
347.73
319.72
246.02
233.9
118.15
354.59
129.35
578.94
743.35
458.94
247.79
305.16
111.09
263.9
617.64
117.44
414.27
621.31
404.11
50.86
102.67
480.28
373.64
472.25
332.08
227.18
703.3
88.78
272.56
207.35
427.56
48.17
391.29
670.28
509.6
572.52
506
173.41
175.79
63.14
3.99
456.88
794.4
722.32
14.87
417.87
793.21
89.22
1.6
644.97
338.84
355.97
253.28
597.48
632.12
45.79
579.31
114.29
576.45
409.27
436.45
138.38
646.82
518.05
683.96
602.64
141.86
674.31
654.43
523.96
775.85
366.28
351.81
669
359.01
173.48
717.49
403.51
387.5
658.3
630.65
675.19
592.61
575.35
594.51
493.56
688.94
439.12
683.45
739.77
774.39
366.79
393.98
166.46
178.64
532.35
512.11
623.2
770.73
383.27
567.74
595.56
582.28
168.16
506
591.62
5.54
669.48
546.94
375.11
575.27
77.89
189.81
460.43
541.62
626.6
690.92
423.81
358.57
29.1
59.65
735.67
752.59
242.59
347.01
232.62
290.59
548.6
713.77
583.41
741.67
743.4
641.09
717.29
562.97
391.85
1.06
187.29
741.88
652.1
208.31
100.79
653.93
674.63
482.42
58.82
528.46
480.04
714.43
262.95
7.5
33.6
441.03
512.7
485.33
37.62
611.77
64.57
336.28
304.16
751.92
490.43
571.91
627.74
270.37
598.59
163.94
239.5
298.86
276.34
56.63
319.82
780.45
764.42
790.29
197.87
727.42
303.15
288
492.36
502.33
499.73
498.97
123.68
14.5
518.74
788.53
366.3
245.01
248.4
143.93
261.59
194.38
775.31
370.98
643.74
433.23
501.12
155.17
402.25
201.35
525.56
745.49
528.05
653.15
583.3
512.61
176.37
536.11
533.58
738.05
601.2
380.56
551.28
561.14
15.01
144.61
154.33
610.81
272
451.51
65.67
630.57
441.04
568.31
762.75
220.51
451.17
55.04
611.27
79.76
450.69
711.83
273.81
176.86
577.99
463.85
16.97
546.2
218.62
591.74
371
484.16
312.89
703.16
290.2
160.08
666.98
742.6
519.98
276.85
37.03
351.02
103.17
373.69
708.4
384.12
618.02
490.61
700.93
308.02
183.38
340.42
3.49
87.47
378.04
60.21
88.5
399.43
518.37
347.77
796.26
679.3
609.26
269.16
700.62
503.15
276.4
596.36
59.38
80.99
267.98
5.21
476.65
723.3
237
797.53
269.76
26.55
144.95
737.01
240.35
784.07
447.94
326.34
306.2
702.72
379.67
552.33
708.01
606.28
140.14
624.84
477.96
152.92
706.47
184.13
221.78
88.6
321.02
250.01
360.16
10.73
464.29
299.47
732.24
3.59
308.29
556.76
52.29
216.04
277.37
305.27
626.98
6.94
721.48
383.9
185.56
313.01
96.89
377.23
135.87
484.78
382.77
57.39
14.21
697.63
227.72
346.59
713.7
738.43
586.26
356.58
584.6
790.11
403.7
638.55
316.96
247.25
122.95
436.19
50.05
415.63
605.94
175.94
168.39
760.27
477.6
20.24
713.28
417.02
354.07
541.36
165.6
705.33
756.2
242.02
288.92
778.55
99.56
198.58
506.66
391.37
753.42
279.19
226.01
772.33
153.52
17.03
337.32
497.61
749.02
249.6
708.88
452.24
662.14
208.58
515.72
498.52
291.36
587.17
761.78
775.66
727.29
553.01
348.53
682.45
358.66
793.14
18.07
534.01
123.47
431.27
359.72
553.66
365.15
546.98
281.03
519.01
80.18
182.58
372.15
60.18
678.46
627.04
21.32
440.04
673.26
220
158.67
621.52
426.23
125.56
126.05
461.44
552.21
23.4
486.42
158.1
230.61
509.56
752.93
793.95
638.77
667.18
438.16
585.21
704.89
768.03
650.18
93.09
691.95
761.16
463.99
126.76
592.78
42.37
264
19.14
206.08
294.12
181.05
688.13
170.69
449.97
254.4
519.8
484.91
101.62
211.54
291.61
432.64
400.17
119.05
124.87
303.88
29.42
457.91
592.71
424.47
98.51
280.58
287.98
717.45
530.9
798.25
63.22
587.51
331.28
564.65
498.21
538.35
696.97
80.11
386.79
333.17
24.1
440.51
359.68
544.59
148.26
235.34
268.83
735.71
768.63
243.82
5.13
631.55
525.51
316.69
50.96
339.76
81.14
70.08
10.71
42.62
604.58
531.16
29.72
319.76
63.31
689.23
117.77
165.93
366.65
428.68
236.34
558.94
42.48
237.88
104.23
5.91
196.21
47.8
432.68
550.35
348.65
401.53
529.54
792.34
447.86
601.32
716.56
344.73
482.71
374.31
289.95
376.4
55.04
372.55
675.1
235.39
591.59
270.77
437.74
135.4
351.06
768.91
473.81
224.8
498.27
527.44
91.53
403.96
124.65
670.63
517.29
36.92
271.03
450.64
45.9
146.23
235.18
589.59
109.92
350.87
416.21
303.81
666.24
676.96
527.55
225.74
28.92
198.79
309.13
466.52
213.9
460.62
40.64
366.56
217.9
477.91
156.73
334.53
500.57
154.99
178.65
188.16
772.7
440.97
25.43
523.36
229.22
622.44
647.33
698.13
677.19
726.18
461.23
375.65
284.24
690.86
240.18
50.54
166.3
686.15
216.38
43.05
740.13
263.89
790.44
610.07
221.78
629.12
200.49
712.91
257.81
490.1
302.98
247.47
222.98
499.87
783.66
674.89
445.44
93.7
417.61
711.76
772.55
398.57
306.51
224.71
554.66
27.97
45.79
342.26
266.87
347.23
319.34
214.02
722.72
589.05
689.9
276.55
82.86
411.3
283.73
673.07
647.99
624.83
752.16
293.34
156.36
457.16
166.12
488.27
350.82
537.74
539.13
67.41
606.92
681.04
233.91
447.55
444.96
250.63
562.43
149.47
196.08
185.39
616.75
553.41
48.24
230.34
423.58
265.15
313.77
50.49
362.79
635.09
329.38
125.94
196.82
506.83
232.32
719.81
648.3
240.84
597.03
75.13
84.35
243.85
669.86
154.41
131.63
720.11
317.17
341.24
233.98
285.22
624.93
546.32
515.69
700.27
265.35
16.19
706.55
216.59
624.74
370.38
687.54
466.59
323.38
514.06
255.8
119.51
305.36
437.42
263.97
705.16
694.43
209.14
45.28
36.7
196.5
370.63
578.58
261.39
549.79
177.41
526.14
130.43
735.64
359.91
440.97
313.55
569.52
375.49
748.69
221.88
161.61
750.81
52.87
214.21
422.5
155.74
209.72
760.8
194.77
361.42
133.92
67.44
188.99
135.85
232.93
698.76
592.6
384.76
653.6
273.88
117.68
230.5
14.79
112.49
228.78
22.36
415.78
685.71
358.81
419.87
371.82
320.77
627.63
309.45
656.72
55.48
539.09
146.28
662.82
196.82
264.32
715.88
319.67
558.08
199.41
555.27
522.21
123.03
181.89
287.07
66.78
498.48
788.34
188.21
586.13
683.6
560.83
591.88
451.9
775.15
587.99
270.05
22.89
368.48
292
190.13
204.97
29.48
412.17
171.49
198.49
140.22
81.76
345.41
163.58
210.33
592.76
31.09
646.38
544.24
512.65
116.08
638.68
373.7
518.99
581.69
517.58
365.84
21.41
485.74
334.91
668.1
449.46
451.98
69.71
399.28
63.63
571.82
245.65
121.63
670.14
761
42.9
45.53
154.46
680.57
793.62
280.15
423.05
272.64
672.95
707.44
161.91
88.6
540.93
650.49
196.85
734.9
377.69
412.85
574.87
451.3
513.52
541.88
100.66
679.08
198.28
233.13
787.23
730.95
603.54
153.8
654.43
69.33
77.87
584.54
312.24
758.35
165.64
403.01
346.08
605.29
26.52
488.36
666.15
642.72
169.42
27.84
421.12
87.35
124.22
789.03
275.02
54.26
511.76
691.47
758.52
249.94
145.87
636.04
612.9
659.37
386.8
312.36
659.06
20.76
86.76
683.91
252.92
401.76
6.82
763.69
38.56
131.62
629.38
612.92
641.6
591.83
67.91
429.49
55.39
546.71
464.27
332.8
495.49
28.52
394.24
385.14
459.65
635.04
121.64
539.67
631.19
274.28
280.84
443.3
373.35
561.56
14.07
673.29
395.14
334.65
148.01
114.76
460.88
510.14
399.15
400.51
656.54
633.83
159.8
338.94
490.25
663.13
25.22
408.56
475.42
621.55
432.66
591.59
771.77
609.05
151.78
444.75
164.02
346.95
328.31
697.88
127.78
646.24
94.15
261.02
551.94
249.33
602.65
645.42
726.87
592.36
312.9
552.43
768.93
778.31
541.32
746.84
201.5
399.46
472.12
507.22
47.48
264.97
84.44
506.97
94.65
433.15
9.08
652.61
350.89
25.58
537.35
229.75
603.08
230.57
498.94
796.47
256.96
263.63
546.8
311.29
294.5
226.75
408.83
406.68
751.08
61.23
559.1
96.84
89.28
400.21
243.66
437.92
243.92
20.79
14.37
618.58
752.91
502.74
458.03
565.52
582.7
208.58
387.54
162.83
736.44
28.82
326.25
753.56
209.66
624.63
211.92
404.06
97.09
239.15
243.57
429.94
442.54
729.91
794.05
595.55
767.24
589.64
485.9
567.88
733.23
578.1
226.52
324.25
349.34
781.02
721.6
698.89
83.01
450.81
337.54
766.57
603.78
766.72
490.14
100.34
29.91
574.31
254.08
615.79
500.98
110.29
193.67
56.22
205
167.64
462.32
23.01
583.26
63.94
718.34
113.49
395.45
367.08
785.36
33.38
427.39
176.9
404.32
372.56
798.44
731.33
185.71
197.74
204.73
141.03
485.06
324.59
410.75
326.38
99.98
406.44
69.84
457.27
460.95
109.03
272.55
207.75
613.03
595.2
415.6
781.43
552.56
567.91
395.9
445.84
720.39
313.2
38.22
396.96
753.66
376.2
335.18
357.75
384.69
548.13
315.35
552.64
386.85
612.27
260.2
161.39
567.12
782.43
535.91
528.79
437.46
717.69
63.82
125.34
367.44
42.4
649.81
791.12
763.43
411.44
636.19
465.37
778.28
363.64
753.15
733.59
467.55
217.88
568.95
595.89
199.62
359.31
362.43
581.83
303.6
203.31
519.7
246.42
601.6
410.41
267.3
377.62
62.84
480.98
365.37
639.1
0.96
120.76
180.75
478.88
665.29
668.25
628.09
296.05
211.58
456.65
230.52
494.48
716.94
655.46
5.82
334.48
201.18
42.85
686.98
472.41
224.85
563.36
319.32
617.75
788.62
491.6
400.83
632.83
55.2
406.46
508.97
305.94
129.82
511.19
715.11
581.7
453.56
328.86
287.66
545.26
122.44
792.58
696.8
360.42
267.56
739.59
228.76
776.02
375.61
87.34
652.2
265.2
86.89
212.15
66.2
541.33
129.6
513.93
69.63
577.79
122.06
124.56
546.22
310.55
773.78
267.66
284.88
689.62
346.42
342.19
370.3
5.29
39.01
515.26
417.75
15.09
702
523.17
240.59
519.3
224.88
719.24
470.52
51.73
460.31
339.9
285.42
6.67
77.99
107.52
191.35
172.49
798.55
684.86
131.06
710.81
221.39
122.17
487.78
337.57
124.73
610.12
305.98
56.86
85.26
524.8
515.36
457.85
13.48
378.02
519.27
452.77
414.67
166.43
107.44
126.74
581.57
324.41
599.88
201.22
14.24
216.8
593.32
170.5
378.34
786.69
597.1
618.65
721.89
529.69
758.2
324.47
342.23
681.76
737
291.07
105.94
345.69
154.12
561.37
517.82
491.51
5.67
204.89
131.29
44.86
546.11
389.73
539.86
457.85
764.7
532.07
60.26
574.77
412.08
18.92
554.8
330.47
129.74
789.13
750.82
555.71
3.35
537.82
688.79
167.97
1.91
232.06
90.74
244.46
505.53
404.9
349.99
373.58
227.55
285.05
78.88
568.36
786.02
16.88
410.9
745.67
397.56
18.45
776.75
531.7
771.2
617.81
242.09
317.61
407.67
270.29
172.99
789.24
351.95
621.86
217.23
632.82
162.42
104.78
528.62
447.62
401.8
681.58
7.67
217.4
319.7
143.05
184.94
524.38
531.6
451.59
704.89
270.11
45.64
708.5
705.4
405.23
511.54
175.16
172
735.94
463.61
149.62
556.95
385.26
613.61
784.35
183.46
402.66
10.08
334.47
654.51
230.29
789.1
593.06
512.8
705.72
490.04
82.67
5.36
436.71
306.09
140.73
631.33
258.4
791.1
186.96
503.24
67.09
753.29
333.21
643.99
41.73
21.59
522.93
525.69
441.22
658.93
227.06
735.72
594.43
486.72
705.01
729.3
381.92
129.39
215.9
757.22
420.01
100.33
23.27
182.27
63.05
24.16
627.24
795.62
680.46
380.07
516.32
417.06
403.41
30.06
575.08
513.8
379.62
769.92
193.43
8.36
479.15
422.16
759.33
78.05
215.26
165.41
384.87
480.28
610.85
188.67
724.19
90.58
63.86
180.09
195.98
382.07
129.82
659.85
692.73
84.48
348
671.17
540.43
519.14
771.94
677.05
480.09
417.85
446.43
485.73
354.5
311.5
499.37
734.05
751.38
562.72
250.14
717.74
93.28
282.64
537.12
425.34
143.79
667.33
331.2
236.42
53.51
207.77
398.93
455.34
692.55
726.36
134.51
366.35
284.91
525.13
402.34
131.49
736.36
498.15
298.26
405.13
554.05
716.5
717.71
654.08
561.55
104.51
255.14
111.32
224.61
799.58
269.33
157.91
408.42
30.02
651.15
435.12
175.74
454.04
26.45
167.24
63.68
77.88
778.74
63.45
398.42
509.78
145.09
663.06
666.02
182.73
659.86
56.14
622.31
58.22
742.52
605.5
658.61
72.47
396.62
665.4
762.17
289.03
231.17
179.8
478.17
355.7
252.21
699.79
449.79
414.13
769.09
526.91
466.55
584.46
710.19
60.95
455.88
596.38
740.41
523.94
0.99
242.99
662.31
498.29
280.75
628.55
243.5
557.34
241.02
772.71
668.14
533.84
412.96
404.3
698.01
205.37
738.81
249.52
41.87
229.42
235.29
156.22
468.36
267.19
20.13
381.82
715.78
382.26
565.53
18.63
667.91
33.83
703.01
529.26
759.05
377.87
735.78
139.31
295.95
665.1
273.16
207.36
425.42
273.71
255.9
113.73
132.33
249.1
558.39
113.39
81.45
273.75
341.1
100.43
401.58
518.87
112.16
765.56
94.57
194.36
742.07
748.63
80.41
434.62
509.94
107.6
69.72
778.58
659.56
241.71
432.06
692.41
53.22
281.29
609.72
635.54
625.83
136.79
792.93
329.79
654.02
258.76
399.93
695.92
753.73
165.2
601.54
780.2
42.11
697.72
107.4
248.96
303.41
52.71
150.96
143.52
649.24
309.8
3.49
28.28
10.77
462.54
387.27
673.33
220.53
358.8
148.34
689.65
387.17
575.6
581.24
119.37
672.56
85.98
354.79
712.93
68.29
276.94
434.6
374.98
301.5
683.1
742.99
413.6
515.87
786.57
369.42
664.05
146.48
503.24
648.41
597.93
645.37
66.9
290.73
744.6
479.58
415.95
275.55
600.89
130.34
531.55
53.63
709.2
608.05
176.9
648.14
420.89
356.01
655.45
420.77
91.57
160.72
419.55
602.29
588.6
525.51
444.13
29.39
591.54
214.01
352.96
498.92
368.84
490.81
236.68
535.92
743.43
574.77
659
140.72
700.03
794.41
89.57
590.97
200.84
473.43
156.28
414.26
584.89
762.47
794.68
476.17
334.04
240.7
732.96
753.48
557.89
9.21
558.46
147.11
710.55
20.11
510.96
666.13
47.72
773.91
88.83
23.46
346.76
721.98
35.79
10.78
189.61
621.03
217.09
768.74
193.13
93.96
740.53
52.82
545.76
90.4
228.41
283.04
382.85
198.43
613.92
42.39
447.85
236.11
495.84
72.54
592.97
582.98
32.33
380.98
354.69
734.57
544.54
780.93
85.52
69.31
270.49
25.89
422.35
355.46
397.26
317.02
212.67
762.06
237.67
797.85
26.32
545.18
598.98
216.04
527.43
624.61
33.97
416.82
538.03
478.31
576.52
53.53
600.47
49.07
695.02
301.1
759.09
570.01
285.57
792.34
269.7
595.45
266.65
17.54
111.27
722.45
396.97
146.03
172.71
3.51
601.89
325.64
463.76
150.93
437.14
303.64
372.73
210.1
127.99
283.17
381.69
553.11
445.29
567.02
180.64
167.18
555.88
550.22
207.42
311.29
570.28
611.98
743.51
1.72
271.3
740.19
294.12
640.6
307.28
212.16
624.63
743.85
220.97
234.46
35.83
288.85
348.41
12.48
643.81
42.83
60.22
402.54
653.69
396.03
71.81
798.1
403.96
100.15
138.5
710.8
213.07
252.34
606.86
0.51
390.71
567.85
488.36
728.46
132.64
288.95
301.27
697.46
744.12
408.42
666.61
259.69
59.8
538.48
654.25
8.98
402.71
636.44
493.59
117.78
122.46
243.04
711.31
103.54
715.8
756.1
296.52
128.96
606.36
378.47
575.35
227.56
170.67
363.36
528.05
391.74
72.62
299.1
148.87
462.75
380.48
298.94
361.23
717.02
155.45
594.86
507.25
7.1
631.69
745.84
377.34
346.9
640.85
685.45
95.13
588.77
526.87
453.38
263.98
625.2
199.14
124.55
557.12
701.21
654.38
484.02
611.76
516.08
53.28
80.79
156.2
182.51
29.26
670.69
478.6
230.8
697.12
437.78
12.68
176.97
131.41
573.99
2.74
108.86
50.85
254.04
194.95
354.96
721.08
57.22
569.72
396.15
168.39
311.15
369.13
691.74
450.49
590.73
594.27
242.02
538.64
87.82
192.25
195.43
396.21
618.93
543.39
332.27
375.98
303.77
787.3
583.59
727.01
776.67
446.95
714.21
470.74
120.3
585.81
449.32
247.66
250.89 /

COPY
	PERMX PERMY  /
	PERMX PERMZ  /
/
MULTIPLY
	PERMZ 0.01 /
/
