---------------------------------
-- Permability values for SPE9 --
---------------------------------

-- Permeability distribution visualized in figure 5 in Killough's paper
-- Killough says 'The input data included in the distribution to
-- the participants included a geostatistically generated 
-- permeability field'

-- The values below are taken from Killough's dataset, they are
-- not based on the figure in the paper.

-- Explanation to how the data in PERMX is organized:
-- Under each LAYER (i.e. K-value), 
-- there are 25 ROWS (i.e J-values) under which there are
-- 24 entries (i.e. I-values) 

PERMX
765.33
256.89
768.85
233.13
669.76
444.79
652.54
328.45
160.88
399.28
630.63
432.38
111.14
81.69
298.61
399.59
339.23
540.6
339.84
772.58
646.54
12.89
779.27
519.92
402.66
487.86
114.63
574.81
307.53
691.33
742.06
593.14
544.39
297.53
130.24
506.18
290.53
142.67
502.32
285.41
12.11
331.13
468.2
284.93
269.64
161.56
563.59
475.75
595.29
182.41
278.55
168.89
210.98
30.65
41.36
444.72
702.37
552.73
6.49
268.55
694.05
527.86
258.36
463.89
742.67
440.38
746.76
530.99
159.55
598.41
24.02
660.66
113.67
337.61
536.45
287.24
755.75
26.5
437.99
144.4
602.96
586.24
385
615.66
64.83
237.44
583.45
212.93
491.5
459.72
503.66
657.29
104.45
708.94
535.33
161.91
738.88
656.02
597.17
463.68
297.51
624.98
290.12
274.99
358.79
464.13
439.69
719.53
168.25
417.13
164.33
781.68
94.79
196.9
172.27
98.71
371.7
127.28
122.35
14.35
417.58
438.82
89.39
534.13
486.86
234.88
635.11
677.3
220.17
402.06
60.34
743.56
53.96
600.5
358.33
205.88
106.27
565.89
349.42
72.82
81.92
585.81
254.83
414.95
706.79
743.66
553.91
545.6
511.98
459.98
67.31
680.46
109.57
737.22
290.88
119.37
193.71
460.19
118.92
543.62
726.39
470.59
604.78
485.82
530.98
588.83
350.72
47.84
561.66
591.54
520.99
378.83
439.23
732.24
177.59
355.69
245.83
118.05
147.77
568.31
446.72
149.81
765.47
142.26
407.66
361.39
674.12
4.76
313.02
145.15
33.71
404.32
236.69
440.54
65.2
374.55
257.49
165.12
353.83
264.38
182.54
198.16
758.12
583.97
392.38
661.69
147.84
624.57
646.37
599.6
326.97
10.66
618.04
457.31
796.67
90.45
57.77
214.32
232.9
719.78
450.17
320.13
711.05
348.27
679.23
305.21
113.24
20.36
690.74
759.96
610.52
260.48
32.25
106.31
127.61
149.01
523.2
761.64
557.9
767.88
455.4
422.69
102.21
713.7
599.85
67.53
515.19
199.77
359.6
741.06
657.94
16.29
467.74
661.15
496
384.7
609.45
337.73
618.74
367.74
133.35
569.75
740.49
337.93
645.99
163.51
532.64
302.85
698.39
0.94
613.79
421.02
675.41
773.7
17.03
124.02
441.63
18.73
723.32
531.3
401.1
323.62
239.73
783.82
54.7
235.42
457.49
328.1
228.31
316.77
486.22
791.84
769.85
142.74
681.26
251.48
393.37
729.71
337.66
570.96
706.91
597.95
309.43
480.42
132.59
732.5
207.23
184.99
426.43
742.37
439.1
517.17
675.81
394.13
539.08
206.63
209.44
415.47
420.1
660.67
663.63
92.09
600.92
476.74
663.98
499.6
322.96
192.16
212.85
373.82
464.57
473.17
241.06
524.75
309.43
407.79
8.09
705.72
724.53
685.55
209
596.03
624.05
581.78
191.93
189.44
353.12
568.71
309.93
148.33
247.82
105.83
660.85
181.21
323.52
563.31
28.59
78.47
509.95
747.96
576.85
438.29
681.01
256.1
556.52
259.27
585.14
668.1
668.94
310.53
641.19
168.33
335.38
636.2
584.99
472.83
248.56
258.81
50.84
287.45
536.45
455.25
704.29
660.57
7.99
6.24
606.62
285.19
627.62
603.87
721.46
600.35
765.44
595.54
33.92
553.43
60.43
798.57
786.3
223.68
686.51
167.87
686.03
736.46
209.67
703.51
737.1
23.43
92.75
722.37
222.44
202.8
359.36
379
174.43
572.94
210.51
616.77
109.44
480.93
706.56
39.57
83.11
741.36
610.99
547.02
52.3
495.43
361.1
797.63
695.99
258.51
401.48
777.31
231.91
245.88
586.7
425.83
720.78
729.42
431.87
247.93
354.81
146.67
321.82
377.61
602.64
5.98
27.68
769.24
90.01
83.52
342
1.27
526.84
98.43
70.87
361.96
560.96
613.11
718.39
34.08
151.13
784.53
612.99
566.75
26.67
775.52
398.28
357.72
366.49
308.59
736.64
547.77
793.87
607.93
499.67
95.49
770.51
144.49
181.13
524.43
339.37
602.71
572.58
447.77
46.81
683.8
703.83
471.87
193.92
669.61
449.24
55.18
244.16
237.51
159.69
449.87
228.33
670.71
131.49
649.49
532.51
735.94
308.6
202.12
473.49
23.07
481.42
234.73
778.41
420.47
36.61
368.12
779.18
505.65
743.63
315.29
755.38
486.3
19.02
768.87
225.52
223.93
747.25
766.67
499.78
196.74
262.38
101.96
674.92
189.9
644.7
232.87
541.25
759.54
398.98
590.52
358.99
354.18
131.4
277.56
205.36
589.66
521.98
65.96
403.72
312.5
233.11
96.04
258.57
636.39
290.88
504.99
552.69
497.02
214.03
364.35
352.42
124.29
382.97
384.09
288.14
329.11
629.31
791.3
40.51
447.34
645.39
631.47
336.63
519.56
563.24
335.67
113.25
243.67
713
450.32
759.08
178.42
440.11
140.19
260.95
346.36
474.56
44.42
24.34
118.07
696.25
531.44
11.86
306.33
604.96
580.96
687.47
458.65
67.76
221.73
787.83
5.23
86.87
324.46
395.13
626.11
53.62
308.91
337.87
567.72
598.4
556.61
470.21
365.51
97.66
73.5
507.77
519.05
88.69
582.6
523.13
507.06
334.51
116.37
75.53
115.8
590.39
727.16
19.78
131.6
472.3
363.48
239.93
606.95
361.55
541
282.47
297.3
723.3
790.69
116.8
8.7
93.25
142.59
277.55
444.62
300.93
198.89
517.09
605.74
294.63
348.92
303.22
411.5
318.89
454.39
373.21
685.21
482.07
143.65
6.87
40.68
492.82
252.78
24.66
265.5
283.49
645.01
6.4
261.9
685.98
591.17
393.3
693.19
262.88
222.76
359.19
742.65
317.64
448.27
215.49
192.4
725.69
74.24
18.14
779.06
616.68
209.41
507.16
387.62
546.75
50.12
197.35
717.8
227.91
472.86
299.06
489.9
157.59
159.5
491.86
673.46
516.08
284.04
289.9
785.35
584.07
725.69
745.01
645.05
153.84
660.42
763.13
762.86
487.05
705.33
769.06
381.18
490.44
277.66
578.08
295.36
532.14
151.84
70.31
513.23
40.41
789.19
58.46
774.42
766.17
688.81
698.84
191.49
735.17
516.54
63.02
517.4
25.27
712.31
508.02
7.28
489.49
173.51
473.23
570.73
163.71
575.55
587.29
686.42
319.1
576.01
691.78
770.46
755.05
224.91
434.46
338.53
281.85
289.3
234.11
454.99
210.58
558.02
404.49
791.17
48.25
373.15
281.4
277.26
519.1
572.99
216.36
270.19
568.77
569.27
256.12
121.42
178.41
763.62
170.07
293.89
291.67
408.45
710.23
255.49
159.02
584.05
79.37
352.25
688.94
770.4
281.05
286.79
719.93
239.21
1.36
74.2
653.68
121.46
18.68
608.54
658.34
573.6
296.23
511.61
609.98
7.29
351.48
514.92
465.17
11.2
117.45
771.25
340.39
779.78
29.56
631.09
495.43
68.32
482.24
687.98
535.78
730.86
275.82
201.8
728.09
571.1
487.34
120.63
375.12
514.32
798.92
499.35
520
596.03
611.26
482.96
290.82
186.68
150.58
509.24
157.54
756.23
728.62
610.25
262.15
87.74
489.8
781.84
110.33
603.54
436.8
568.24
85.56
786.82
723.49
761.63
632.08
541.77
85.41
155.65
409.14
422.01
318.98
417.2
226.5
460.17
323.5
269.25
161.81
106.37
15.05
664.14
579.25
149.93
564.34
336.08
159.36
151.07
405.07
703.57
294.29
600.5
730.93
290.74
70.38
711.19
667.6
683.32
718.4
162.23
754.3
585.65
134.76
37
322.66
248.1
785.12
287.04
327.13
181.28
423.92
404.38
564.08
59.8
416.54
609.71
560.64
149.34
421.43
307.97
371.33
729.24
119.71
469.48
45.33
295.41
430.01
87.88
9.87
366.45
194.51
682.97
763.36
776.03
205.08
457.97
620.06
311.44
195.56
418.79
69.44
504.25
529.62
209.87
131.06
627.54
494.75
737.73
470.51
244.74
98.93
282.82
361.43
60.21
367.1
497.48
127.58
675.74
357.45
682.34
421.91
560.31
558.2
388.66
705.91
395.31
756.28
246.26
144.12
422.65
182.82
40.26
648
718.65
470.07
603.67
189.8
28.24
679.67
136.44
371.1
101.82
147.03
605.36
629.95
419.95
673.2
771.62
349.24
694.59
562.38
512.89
787.37
342.33
441.97
761.52
644.88
629.62
392.9
108.8
307.89
450.73
318.32
664.72
779.76
498.35
223.96
575.71
243.63
78.25
183.74
125.08
733.29
409.19
617.5
62.49
140.56
665.16
92.54
771.42
224.17
41.16
229.8
590.53
610.49
504.97
148.95
415.61
21.69
6.37
498.19
357.44
106.14
309.43
335.63
199.72
534.46
162.91
137.26
672.04
686.3
769.52
378.34
776.25
650.21
712.3
374.09
37.18
190
118.54
199.68
387.33
398.45
285.95
481.38
497.38
58.93
756.61
346.27
259.55
68.94
720.99
666.19
463.82
232.46
119.2
450.84
646.56
132.58
584.1
616.35
421.74
104.19
592.12
776.43
205.46
173.49
524.66
391.85
428.44
359.28
398.22
215.44
697.68
291.15
134.7
762.57
479.7
561
496.88
152.1
449.3
285.71
481.09
68.92
456.1
440.28
173.42
327.56
750.38
361.33
277.64
562.64
50.38
214.01
224.35
95.63
427.02
91.93
530.57
227.84
729.5
458.73
619.4
261.22
547.78
311.85
290.25
179.69
151.83
528.73
420.26
280.8
784.91
673.69
198.4
55.6
781.64
356.13
763.26
385.79
79.01
459.38
692.89
150.29
373.91
798.95
549.3
528.23
144.01
769.58
498.54
133.67
263.04
270.33
454.88
490.57
255.53
253.6
202.78
183.08
248.76
729.85
259.72
29.77
305.77
184.05
675.42
125.42
354.69
555.57
591.01
441.36
790.55
500.56
362.8
655.35
92.15
241.69
337.74
599.1
509.45
341.43
369.38
731.79
169.48
186.86
3.74
742.42
488.9
276.15
444.72
223.68
377.75
33.71
274.36
507.31
442.94
268.18
405.3
647.13
400.64
64.02
208.97
605.28
436.39
754.7
314.45
747.94
790.17
695.58
700.06
80.07
512.66
248.15
678.36
104.64
58.02
55.01
342.65
99.06
665.54
704.25
348.29
521.96
21.75
639.75
528.91
49.96
152.41
793.46
402.11
9.81
486.74
25.06
107.35
717.85
514.11
742.62
707.46
485.43
545.37
680.52
13.05
181.38
468.53
197.43
733.18
183.44
363.07
639.56
42.83
135.47
586.68
7.74
629.72
269.23
662.52
290.68
483.51
672.06
595.12
134.31
611.38
576.54
227.94
397.84
401.36
558.66
712.35
252.25
751.88
155.49
711.7
119.59
83.99
521.12
345.08
565.1
555.3
154.84
772.69
454.92
467.4
476.18
385.75
288.35
45.66
661.91
288.26
706.44
731.06
46.73
492.5
693.55
253.86
158.64
108.44
482.46
751.84
124.76
71.41
704.27
550.39
188.11
11.5
544.28
76.02
600.16
164.75
26.76
711.88
666.81
480.07
580.58
109.01
78.58
689.47
678.28
303.11
10.42
701.05
394.57
448.45
118.94
522.16
199.25
633.55
283.38
69.88
508.09
674.03
735.9
310.19
725.73
503.67
98.89
708.96
78.52
329.56
174.95
334.47
655.34
740.33
681.1
669.32
771.35
754.77
286.91
24.52
768.99
196.01
458.81
426.25
569.67
262.59
296.95
569.05
289.95
229.93
598.21
362.87
366.3
259.08
39.98
240.71
178.53
214.61
151.79
90.53
431.05
3.35
726.87
564.8
384.12
573.73
545.94
507.86
305.81
266
688.37
68.18
545.78
638.36
761.33
762.42
577.16
377.26
778.96
112.04
374.23
675.21
672.05
311.13
564.03
142.58
504.61
141.32
74.44
21.22
721.8
61.9
431.06
472.2
129.11
87.64
313.41
554.68
98.73
588.55
649.62
590.79
671.63
134.61
613.73
716.74
262.91
696.04
510.3
576.54
272.12
130.55
586.01
780.11
574.58
672.88
125.22
538.9
46.55
224.42
243.44
607.67
65.46
324.53
391.4
382.38
674.2
414.92
147.34
366.07
351.87
458.7
9.66
550.9
710.94
516.18
245.45
462.37
438.97
265.01
385.65
269.82
592.34
607.07
324.65
362.45
407.29
417.58
156.76
90.21
126.45
139.49
198.88
451.99
710.99
121.21
132.67
761.26
712.99
253.92
213.91
679.7
221.74
389.87
639.22
611.09
602.3
496.79
96.91
408.92
74.68
215.07
195.21
136.91
567.16
618.02
366.95
218.57
243.76
162.96
720.08
602.94
574.56
87.94
431.4
54.06
298.54
776.99
558.53
204.34
426.77
317.42
527.9
299.8
669.57
643.02
570.86
730.64
364.99
753.11
73.44
330.57
423.02
546.2
583.63
672.7
281.65
288.52
431.16
624.16
323.08
125.88
3.66
361.98
70
557.79
261.47
209.38
768.53
763.03
120.61
98.66
254.65
351.08
244.39
790.62
685.04
556.88
750.27
419.14
48.02
161.32
340.52
45.11
289.55
760.89
68.05
683.5
433.43
51.23
549.25
219.16
232.03
223.7
409.14
3.81
11.01
520.98
114.07
24.19
339.92
127.35
439.67
346.34
721.75
438.58
478.3
754.89
643.03
359.96
722.23
103.75
630.57
426.27
702.74
121.46
257.08
379.38
519.58
137.05
39.44
434.17
594.19
197.37
461.43
362.44
567.98
491.31
444.36
232.8
750.23
207.71
323
391.99
336.78
309.08
98.89
289.05
562.22
107.82
367.79
568.17
181.77
400.1
686.2
531.35
258.5
608.74
121.44
314.9
351.68
376.88
757.84
557.71
396.87
391.71
560.29
51.38
46.92
225.18
373.25
255.52
10.81
212.75
645.2
288.84
372.88
249.58
156.42
69.3
484.74
398.93
358.7
607.53
97.56
526.22
257.23
243.08
516.82
538.72
594.79
3.09
84.1
464.31
48.99
40.92
48.69
265.2
463.9
691.12
623.56
69.91
301.36
647.49
99.68
685.56
547.63
360.32
220.31
529.46
705.09
230.35
301.16
87.25
375.72
550.86
792.14
87.38
156.09
45.4
496.95
98.21
491.98
640.03
215.29
436.02
254.99
658.18
274.78
702.85
497.13
299.64
276.12
201.68
468.06
111.2
17.48
661.08
28.26
623.22
192.19
602.57
476.96
2.1
595.81
45.74
493.6
764.72
771.38
591.92
43.27
267.73
428.23
576.34
87.51
125.22
60.94
486.92
151.72
133.87
273.19
315.37
316.36
261.26
506.53
741.16
83.24
561.62
558.58
774.64
459.69
459.92
278.98
125.84
107.1
106.55
671.37
288.28
555.95
147.1
25
221.12
359.62
589.46
794.98
71.89
73.01
600.73
270.13
255.72
717.94
83.2
183.91
376.05
77.57
435.15
86.69
236.16
562.05
379.8
410.93
46.38
594.23
104.01
363.52
790.43
268.71
655.68
634.1
456.07
257.87
655.48
138.92
485.1
224.45
476.8
652.47
43.4
81.59
228.99
798.76
179.74
325.08
731.19
38.14
714.27
277.87
526.32
741.62
586.83
510.78
136.34
25.9
103.43
126.1
101.08
202.24
1.38
789.41
447.27
176.28
522.24
585.48
79.24
742.66
353.49
3.64
738.45
501.48
372.24
32.77
691.64
765.45
295.02
32.43
5.21
257.01
378.12
533.25
364.62
545.64
694.51
343.94
30.44
73.17
167.45
222.77
215.45
613.23
519.97
770.61
165.91
421.66
133.77
392.81
394.15
775
108.11
33.96
640.57
21.89
134.7
276.4
591.82
713.54
446.52
30.13
147.38
362.92
218.79
445.9
9.97
581.5
620.44
279.18
493.46
427.1
588.07
714.75
435.58
609.67
641.86
151.75
761.2
297.61
9.45
662.32
10.88
216.29
276.51
337.11
224.91
198.37
158.1
276.25
534.96
183.89
250.05
630.94
746.47
67.6
630.57
790.9
297.78
190.77
472.04
243.9
659.47
684.15
149.27
384.74
321.99
225.79
140.8
291.31
96.36
530.58
38.65
390.71
738.17
346.96
51.36
399.95
448.76
94.41
599.75
225.88
347.99
496.4
483.12
545.83
135.01
422.75
519.85
695.99
765.98
783.63
468.49
159.95
238.07
305.87
575.36
345.48
779.61
552.53
70.83
490.82
631.96
531.64
606.28
199.76
280.48
53.93
108.05
676.48
133.29
294.78
243.75
270.72
618.92
296.09
697.41
361.74
65.72
329.97
249.37
89.71
87.77
45.99
663.67
634.81
100.94
436.36
305.47
506.27
467.74
85.19
221.88
633.34
407.95
141.82
447.86
657.38
680.44
330.17
669.95
205.83
252.95
684.33
378.6
344.28
482
779.24
745.47
341.23
669.87
178.95
592.46
338.96
134.44
323.36
6.35
516.19
233.69
512.89
508.96
601.34
404.97
332.49
529.12
346.15
501.3
647.5
137.58
466.96
363.62
350.24
80.91
124.33
141.08
399.95
92.23
236.89
668.23
365.77
663.23
657.26
376.02
735.33
20.68
362.7
696.6
347.21
332.5
419.09
434.11
729.54
440.26
191.62
646.77
400.27
467.99
689.19
501.4
669.29
194.15
297.55
495.36
542.09
774.27
594.48
698.06
595.04
525.52
128.14
287.62
42.45
491.69
388.49
580.04
632.48
129.31
549.55
298.16
534.25
487.02
521.62
279.47
587.75
526.2
540.93
160.38
584.03
557.88
3.5
42.6
98.66
178.94
638.18
795.04
431.56
691.71
785.33
299.09
222.09
656.11
680.52
148.2
375.36
560.3
278.67
699.82
555.19
200.34
505.6
743.29
298.1
774.35
180.44
591.97
447.16
334.3
425.49
191.24
386.91
64.7
550.13
783.44
436.58
101.53
659.75
592.13
629.29
457.97
788.97
18.62
736.16
4.32
636.4
610.32
452.3
235.67
102.76
283.15
733.55
65.76
637.69
371.73
564.19
104.09
216.13
135.73
55.81
229.95
693.04
272.96
67.02
239.82
353.93
269.95
218.96
501.3
226.46
180.76
257.66
627.1
464.95
628.36
628.4
556.33
558.6
266.56
672.09
248.29
655.96
700.14
11.8
157.21
216.68
555.9
642.93
21.18
721.96
765.59
598.09
554.71
486.49
9.31
21.24
668.66
77.71
60.41
761.26
493.03
621.83
489.15
390.47
129.14
431.89
341.7
177.47
390.56
348.3
192.16
290.34
466.95
52.37
676.94
1.57
405.44
102.45
54.2
178.02
351.43
164.77
713.56
285.26
295.29
305.96
121.35
315.07
400.42
619.72
749.09
633.74
95.54
66.84
503.58
590.29
130.52
284.12
369.63
533.37
281.88
621.25
621.99
526.87
663.33
359.45
497.16
28.39
776.86
734.32
231.89
53
148.02
208.19
179.02
591.15
190.68
468.53
737.61
287.95
626.73
788.47
696.52
769.58
103.13
529.01
782.63
563.44
280.14
391.85
50.34
787.03
244.82
680.16
154.45
125.02
634.1
21.08
634.58
429.85
482.51
507.25
459.4
364.01
93.94
299.86
289.26
501.83
424.93
209.14
317.39
68.46
66.92
734.31
243.6
142.55
705.29
341.8
796.96
187.61
599.64
106.28
709.74
118.27
597.41
625.63
81.64
291.31
620.94
697.88
660
415.65
642.17
76.7
671.43
208.99
620.61
395.65
750.87
138.2
172.38
130.57
155.33
485.34
680.38
316.92
275.8
594.17
144.21
675.37
624.08
511.87
41.29
521.66
376.64
242.17
487.45
548.06
248
74.97
383.11
725.76
44.83
25.79
752.54
220.12
75.24
589.21
53.57
138.84
130.5
645.47
261.89
562.55
393.56
257.88
471.32
132.27
113.91
79.04
276.53
652.6
178.92
538.07
738.47
510.63
284.9
278.15
221.67
206.79
735.38
41.48
418.46
567.34
25.13
518.55
371.19
578.78
134.94
380.49
524.19
80.55
166.64
415.06
552.33
687.02
677.65
257.18
694.11
558.14
285.31
138.16
154.9
745.34
219.06
79.96
439.64
24.67
415.02
282.59
201.83
517.71
554.78
457.74
269.54
183.88
328.4
318.22
573.75
285.04
620.32
38.36
50.69
390.74
25.39
284.33
531.86
42.27
45.7
631.97
679.71
146.1
537.68
255.58
719.28
725.23
479.34
167.18
758.99
111.59
521.49
26.22
52.31
68.54
325.32
397.28
196.18
91.35
220.16
576.99
532.57
183.4
7.67
135.89
403.21
182.43
366.69
166.68
150.22
715.52
82.45
58.74
168.18
309.25
704.44
366.36
455.65
492.36
461.75
132.17
616.27
486.94
147.52
267.38
40.86
284.41
132.36
142.54
441.91
152.85
155.73
743.39
557.67
513.9
385.95
193.55
549.04
592.58
305.95
150.91
530.23
154.07
749.3
327.9
570.64
476.12
490.36
766.61
251.1
695.78
574.93
615.79
715.54
636.91
234.43
421.08
743.38
481.12
497.94
633.12
223.71
315.86
734.19
309.6
49.5
681.6
665.34
524.9
798.61
82.42
709.59
129.68
300.07
468.92
768.55
714.19
760.58
146.31
738.18
711.78
497.97
120.31
241.79
249.21
489.88
392.13
264.9
193.08
178.66
466.49
521.36
253.06
128.37
141.63
230.38
123.73
595.82
331.88
55.93
296.95
775.84
505.23
142.06
126.41
583.33
659.11
562.38
282.59
149.75
127.18
174.64
447.06
232.31
761.8
620.83
70.18
375.69
361.15
373.82
698.86
138.43
539.37
758.41
232.31
634.62
432.27
447.16
426.98
762.57
379.15
682.33
488.09
528.32
336.03
11.51
628.62
423.82
421.29
282.36
585.36
614.03
166.13
726.69
250.33
176.42
186.17
474.96
146.42
274.4
393.23
479.08
125.54
550.01
754.35
384.62
162.22
485.2
746.61
676.97
637.53
153.45
14.66
224.48
397.25
617.21
773.5
456.29
636.7
87.03
104.78
91.95
576.01
291.65
738.98
764.07
229.01
393.94
358.38
234.12
20.84
270.52
643.78
307.5
389.23
154.99
110.6
437.42
301.5
132.62
329.7
315.86
197.86
522.35
164.74
49.75
392.01
720.99
276.15
227.48
392.73
120.95
332.88
459.37
334.14
730.93
78.28
381.37
608.57
605.8
719.02
20.5
185.56
733.13
758.11
586.53
108.22
605.75
554.01
252.57
570.87
226.18
319.78
291.41
305.65
212.68
43.77
162.12
84.04
600.66
588.85
587.56
574.95
242.44
375.97
283.14
308.51
160.36
743.82
507.15
286.63
590.3
161.06
108.23
352.43
567.35
554.67
627.43
775.5
581.72
178.03
288.96
775.47
532.58
791.28
397.93
638.03
711.43
628.01
564.25
291.62
430.41
676.63
722.64
203.32
461.16
758.47
643.07
793.84
162.99
381.75
205.66
17.48
308.71
163.26
73.49
206.28
187.03
342.53
597.24
69.82
165.7
743.2
279.21
286.5
492.39
557.74
36.59
646.28
130.67
551.01
785.55
471.81
775.3
677.77
770.21
754.56
108.57
766.84
540.56
296.7
165.88
452.27
719.2
29.79
21.65
716.56
0.52
655.86
456.49
322.75
375.69
3.96
367.93
416.81
166.37
719.46
320.05
785.27
569.24
617.15
405.56
307.5
724.85
559.68
780.88
467.61
84.35
192.22
759.76
440.17
166.34
634.71
331.63
384.78
114.99
771.51
208.68
580.98
628.2
167.25
504.63
618.68
314.27
376.91
504.43
290.08
207.83
675.11
180.43
603.82
384.45
530.03
488.18
262.49
86.72
32.46
758.38
189.1
268.39
671.45
425.83
718.02
247.95
85.71
604.36
775.3
528.37
742.51
4.46
381.58
423.08
782.16
456.36
83.39
399.51
665.32
252.07
138.86
390.67
402.66
189.68
410.58
400.22
462.17
520.25
8.87
61.77
673.71
302.83
609.29
161.33
780.17
627.49
330.59
503.26
246.52
357.36
690.94
408.53
314
795.52
713.21
157.18
17.7
511.78
311.47
157.1
264.02
119.51
100.77
401.02
408.49
90.51
286.23
756.12
600.92
21.96
209.61
364.85
16.83
613.82
586.99
280.61
109.76
273.06
36.95
721.17
367.45
309.61
475.19
433.57
420.68
693.6
265.17
413.21
244.29
410.81
373.2
569.43
595.11
210.51
511.07
376.39
679.47
264.09
119.86
492.74
258.82
586.26
795.17
385.87
674.97
309.12
320.95
676.63
485.7
447.3
482.74
88.91
392.79
344.52
188.15
247.29
626.24
161.15
445.58
0.23
640.39
347.01
757.38
174.14
532.98
78.17
361.84
426.47
110.16
491.26
771.45
661.45
442.8
195.9
680.39
310.19
745.81
192.04
754.94
546.15
28.84
767.37
507.64
650.71
640.59
423.09
89.02
247.83
231.33
700.03
180.91
109.8
214.92
101.1
403.83
329.06
602.22
378.48
277.57
498.96
561.45
720.03
183.94
733.84
562.67
322.95
445.12
280.62
260.44
175.78
300.29
698.71
450.45
201.62
52.4
278.53
477.86
482.48
102.21
344.14
164.13
435.89
152.8
373.28
322.91
74.67
608.4
503.08
526.23
354
798.13
523.91
481.03
652.45
36.36
574.95
759.63
524.19
179.51
178.84
394.07
607.89
597.5
217.9
559.5
462.61
792.85
573.09
6.42
513.47
507.06
286.86
9.01
314.26
344.36
33.24
165.02
299.81
191.01
21.16
367
136.65
103.8
57.84
170.66
372.25
401.81
754.47
410.23
358.06
146.64
307
205
418.13
574.58
30.41
663.99
573.07
399.61
145.78
629.5
55.89
336.42
23.78
585.08
558.11
758.82
341.29
508.2
680.06
121.23
464.31
763.7
57.93
118.79
475.15
536.67
352.51
715.93
361.56
57.1
544.97
259.47
190.22
257.26
261.33
726.26
224.9
665.84
383
240.96
382.39
174.36
691.54
83.82
423.15
623.74
623.19
681.51
496.66
531.8
355.09
314.47
780.98
791.54
158.99
511.64
155.05
272.97
493.74
641.38
425.83
467.44
550.57
303.93
532.8
536.19
570.46
441.9
643.99
87.47
115.97
483.72
571.96
774.86
714.02
769.97
419.26
288.98
700.14
613.49
427.45
571.64
664.27
393.89
402.15
545.02
344.5
184.19
578.18
86.41
768.18
273.16
397.14
360.31
128.74
392.65
355.04
661.44
256.64
98.77
408.13
398.73
215.85
287.11
669.76
560.74
58.84
28.86
116.29
654.74
658.57
153.93
157.24
759.13
708.17
215.64
8.53
562.17
640.37
340.43
774.02
29.07
663.9
297.36
478.16
777.25
557.34
634
233.85
215.98
588.74
622.73
625.33
563.06
425.45
553.18
348.58
764.5
523.04
333.94
748.83
613.9
3.6
503.6
398.1
770.67
523.69
227.25
141.72
357.53
103.08
680.69
75.73
143.11
428.83
196.98
1.19
367.01
141.3
781.51
525.66
646.84
351.51
266.03
401.89
621.94
505.74
753.66
654.03
171.96
722.23
325.47
767.11
783.58
230.36
116.63
554.89
409.04
528.19
581.91
507.62
329.99
594.44
723.13
438.8
24.86
34.51
419.06
136.37
687.13
539.33
339.07
747.67
605.09
137.43
260.86
212.26
713.54
322.94
432.99
202.44
391
206.3
399.44
262.02
29.17
10.14
667.74
250.78
358.71
145.2
73.74
625.61
493.9
685.07
170.81
732.67
701.88
767.82
82.59
361.57
154.32
782.38
157.68
378.35
238.8
201.55
499.4
638.94
234.3
41.33
12.72
85.29
401.77
615.39
635.27
412.41
222.63
176.38
328.33
728.89
731.19
364.34
486.5
456.55
542.19
476.8
278
348.58
793.09
23.99
208.26
263.57
207.46
729.86
749.56
344.3
796.62
37.1
672.78
776.4
610.11
39.89
738.69
416.31
321.18
711.45
447.29
140.51
7.44
510.45
417.44
623.7
383.22
533.26
333.87
19.25
591.17
154.97
45.39
699.16
305.4
610.78
135.69
27.49
267.08
225.76
441.65
105.67
760.07
641.32
157.6
134.7
302.12
114.66
579.29
796.54
99.69
387.59
166.09
563.59
432.16
201.3
608.79
228.79
363.43
689.11
57.85
450.28
199.43
641.14
319.99
146.47
736.44
275.55
432.34
311.69
143.88
474.6
125.87
598.79
31.41
539.81
162.23
216.26
2.87
385.93
409.98
103.55
796.2
70.16
456.1
119.63
56.08
129.47
494.03
486.75
230.25
360.05
207.61
744.28
81.49
70.59
120.94
156.58
55.23
147.5
701.2
89.46
701.87
328.69
204.11
486.14
528.19
754.27
782.38
525.98
329.19
111.82
300.7
79.41
741.49
243.93
671.12
253.15
541.43
712.11
774.21
53.45
445.98
249.08
97.26
23.87
207.2
502.7
574.87
734.98
768.49
311.88
701.58
762.45
171.74
331.67
25.79
286.25
6.94
551.71
667.94
286
87.41
427.38
531.85
659.71
98.88
171.35
177.79
200.48
671.92
479.52
164.28
159.59
37.24
308.91
77.59
272.99
196.97
753.2
236.72
234.79
363.6
189.01
390.64
466.67
469.86
269.94
267.61
271.94
659.13
559.78
793.25
499.81
18.71
791.81
739.1
83.57
748.88
275.81
420.98
254.59
449.91
638.34
305.8
431.97
487.79
689.77
729.89
33.61
480.58
655.37
267.68
486.2
621.69
660.11
624.78
248.23
774.83
415.46
236.98
507.21
92.43
755.51
132.33
582.34
713.62
666.81
50.47
349.67
548.08
754.63
777.74
450.28
318.32
260.75
568.89
399.49
789.93
505.12
734.36
467.12
45.63
555.95
505.08
284.31
639.37
465.04
785.27
685.21
411.2
679.36
266.17
649.55
742.17
530.06
268.87
331.81
546.04
105.27
164.98
452.81
703.53
560.96
254.74
742
583.03
274.47
17.67
515.94
112.85
253.04
0.4
193.06
400.39
98.43
225.77
552.96
154.43
588.56
24.91
148.91
101.55
609.92
3.55
396.26
524.88
144.67
93.85
155.74
235.18
693.31
469.03
379.77
176.98
346.41
277.08
726.14
703.82
790.87
118.19
407.72
666.86
677.73
770.34
263.14
398.14
5.35
445.88
247.24
18.1
610.12
747.29
428.05
305.43
447.3
244.36
332.56
529.02
425.55
74.25
520.94
711.35
45.87
30.65
473.25
480.49
579.45
22.42
670.99
65.33
464.56
734.9
558.65
538.85
218.26
567.91
36.32
483.64
539.35
640.36
583.86
729.72
369.02
620.94
340.77
169.17
353.36
131.99
506.45
705.59
786.85
532.82
622.84
1.89
490.89
598.97
136.2
99.25
273.47
428.51
572.79
723.68
661.53
698.55
565.54
408.79
609.3
202.34
175.85
7.68
168.36
332.11
262.73
637.35
409.67
492.84
550.74
0.51
67.15
789.41
471.85
433.41
653.19
25.02
180.04
654.09
644.44
584.15
239.52
788.2
185.73
512.73
301.4
10.33
107.08
468.19
730.8
45.01
15.45
366.97
50.09
777.6
47.25
408.98
695.93
23.58
214.41
606.97
399.39
355.23
550.86
553.65
102.32
642.34
756.48
677.04
786.32
757.2
630.43
295.22
266.78
203.97
177.59
309.63
235.58
577.13
510.44
295.31
87.42
15.47
108.02
271.71
352.09
547.52
166.51
144.97
523.44
278.71
247.92
512.66
617.65
748.31
110.06
263.13
288.66
345.76
569.93
125.01
181.76
92.48
159.83
430.22
577.91
383.32
273.72
496.97
427.21
357.96
181.15
176.88
354.33
313.19
93.15
473.61
559.31
598.94
764.87
574.41
358.76
288.74
562.1
448
574.98
391.77
372.17
630.66
772.56
585.33
664.15
200.16
246.39
65.4
623.04
255.01
595.79
110.74
726.32
368.08
35.08
787.48
509.78
486.6
672.71
672.73
169.94
60.37
349.26
652.56
527.92
114.15
765.49
649.52
399.02
587.36
147.35
115.68
65.03
558.29
620.38
355.91
519.69
691.84
453.92
338.57
516.03
30.64
233.32
656.09
154.62
737.25
734.09
17.29
695.8
495.58
791.61
228
336.53
148.97
9.46
760.46
313.67
567.15
760.23
684.19
53.11
444.73
559.18
274.89
740.56
480.13
220.74
249.67
709.03
381.25
215.87
51.56
734.18
50.71
378.01
336.7
105.12
219.43
176.14
183.13
480.28
599.23
406.35
195.78
72
513.64
731.3
228.23
56.13
205.57
1.74
540.64
724.74
296.57
795.97
185.36
490.96
655.18
337.93
535.74
10.57
538.5
430.27
771.63
346.4
576.87
17.34
336.08
549.36
365.76
420.72
196.27
176.44
698.49
515.78
730.57
728.85
649.12
162.69
755.3
268.68
563.85
45.67
123.85
301.23
663.58
494.67
604.49
201.86
226.63
186.39
437.58
116.08
743.97
722.81
549.41
323.27
183.47
414.9
135.55
339.25
389.74
770.04
130.74
384.85
767.1
263.43
214.19
23.79
80.53
215.01
330.46
51.29
755.7
781.87
532.63
125.03
642.66
701.21
584.75
755.07
472.67
763.7
724.95
133.28
452.66
535.51
716.87
520.69
58.57
216.66
795.26
768.11
486.55
177.27
361.48
597.96
634.25
487.06
342.47
601.82
98.42
393.19
531.99
165.23
460.74
292.69
724.16
351.65
358.49
96.52
221.34
216.6
581.71
568.03
301.01
653.94
329.03
248.05
690.01
324.03
482.86
121.32
695.07
107.42
81.21
719.73
787.04
561
183.05
104.59
327.65
191.88
635.85
667.67
720.33
295.58
192.73
693.95
102.14
106.76
583.28
268.43
441.87
722.08
19.31
575.07
500.84
655.51
506.21
396.67
634.86
536.91
325.99
586.49
315.87
218.37
383.44
39.3
566.08
305.44
366.5
358.07
193.84
108.35
556.42
290.58
187.49
177.44
560.4
336.02
746.5
140.36
610.69
70.06
425.95
171.98
232.05
658.56
307.84
736.95
703.97
767.43
422.01
255.31
599.06
196.68
365.11
516.25
523.03
90.43
753.22
757.09
359.77
632.22
486.04
733.82
98.23
209.94
710
161.12
245.73
543.45
302.58
791.67
224.07
707.14
45.2
354.43
504.71
243.57
540.36
719.44
133.54
418.75
363.39
311.27
764.3
584.23
471.69
281.24
481.89
49.03
458.73
772.66
751.43
570.95
197.66
544.08
266.45
252.86
233.64
165.24
16.35
337.54
263.52
566.85
436.61
585.35
104.69
785.93
650.63
402.58
663.36
458.86
112.03
402.86
288.89
397.7
258.34
277.21
776.06
479.48
407.76
575.69
489.09
102.42
92.16
578.11
524.01
522.69
178.48
699.65
395.52
581.51
103.07
65.04
684.06
256.18
169.07
696.96
177.01
85.94
706.99
548.47
526.08
754.31
779.34
265.18
783.2
47.66
14.92
330.4
711.98
665.07
662.53
157.84
89.79
604.94
651.38
498.29
279.26
51.98
495.75
423.58
218.89
38.72
234.59
277.84
43.93
749.36
95.09
489.08
197.81
305.25
353.65
82.39
349.15
49.23
19.83
381.37
77.63
344.34
611.5
162.14
289.21
5.84
284.52
561.59
460.19
707.99
565.27
698.45
522.97
384.91
503.4
706.61
317.76
217.28
557.83
768.57
440.55
732.36
313.09
422.38
519.75
320.56
646.7
744.22
275.95
387.02
135.08
537.52
504.49
317.8
572.84
484.39
750.05
472.04
37.19
325.15
784.25
655.14
523.19
584.49
327.9
148.3
609.9
307.27
56.25
263.11
458.44
720.13
126.14
614.33
23.15
677.16
768.54
517.65
313.65
533.13
569.8
671.07
681.39
569.59
187.05
267.98
241.08
310.22
481.91
74.55
315.58
272.58
318.95
264.82
11.13
434.78
789.54
130.44
501.3
778.02
660.92
541.79
569.1
752.37
313.61
622.9
343.09
13.83
598.25
240.38
788.73
411.36
51.78
438.61
151.13
214.15
274.22
431.1
220.66
186.84
283.01
596.35
553.63
271.72
277.06
47.48
6.71
730.52
167.36
376.62
537.76
17.92
343.46
710.38
350.16
596.82
258.41
175.58
123.99
385.52
73.06
588.8
316.83
407.71
218.07
204.18
257.55
296.85
621.81
711.85
322.79
153.94
255.28
247.8
222.59
68.93
31.7
362.07
193.21
19.14
436.42
743.84
597.67
305.5
371.15
4.85
378.22
30.79
686.92
375.22
793.03
653.42
677.6
422.05
50.41
144.64
227.37
633.39
719.23
159.89
365.27
55.74
659.12
490.75
199.75
376.23
629.78
612.34
132.32
448.45
749.74
513.29
328.13
512.5
737.11
514.42
456.89
515.5
284.31
111.35
128.45
113.05
468.87
39.01
674.86
157.7
620.31
583.2
598.91
114.33
382.87
759.81
631.57
303.24
48.8
305.61
318.37
5.59
665.56
422.05
764.48
707.26
697.93
238.96
73.6
436.28
573.69
102.48
388.85
338.14
569.18
647.99
345.89
270.81
618.38
393.26
222.84
720.46
134.05
237.8
280.1
44.19
723.21
444.08
682.78
472.44
29.14
599.25
526.81
774.48
337.89
658.61
233.36
314.31
648.01
645.69
90.91
162.19
173.83
332.82
13.55
573.66
66.79
416.6
64.83
87.41
502.42
330.08
190.99
773.66
105.2
628.13
754.29
80.17
512.83
105.48
315.1
339.17
268.25
537.16
234.1
19.56
723.69
452.47
15.2
787.8
652.3
20.46
476.47
208.97
477.81
773.76
666.08
116.85
540.43
447.73
656.37
136.89
230.73
765.82
265.2
165.97
407.7
544.08
716.58
16.93
529.64
768.62
399.59
75
69.72
24.68
179.59
518.03
367.41
14.33
401.58
460.51
163.27
662.91
561.38
795.32
190.59
386.64
593.01
487.13
554.59
510.75
516.84
220.79
309.48
710.06
529.2
211.59
498.44
669.93
400.41
427.57
572.76
685.3
61.95
123.02
689.12
192.7
782.98
282.54
756.32
70.59
497.85
64.9
274.78
6.13
537.27
222.95
228.7
304.01
273.6
705.83
128.49
11.8
348.25
651.86
184.1
282.02
469.07
459.95
337.82
642.73
64.69
66.54
162.93
124.23
113.6
59.79
538.69
60.29
473.29
470.37
253.38
751.75
534.42
108.63
530.89
472.03
246.86
331.45
593.94
171.62
138.88
39.67
503.35
499.79
223.63
60.16
694.31
559.89
788.97
724.79
191.84
719.45
631.09
396.47
197.03
150.55
535.71
702.95
105.44
742.48
519.13
276.5
733.03
773.66
457.8
424.25
278.29
247.72
119.99
587.81
695.36
420.02
28.04
39.52
763.28
605.65
166.46
619.97
51.51
375.51
232.25
230.86
107.63
743.92
168.61
201.2
379.5
157.67
649.44
230.41
200.75
705.86
224.16
432.84
472.85
478.86
702.93
351.43
583.14
536.87
403.64
577.29
365.63
533.44
95.66
519.99
170.63
794.46
789.42
728.21
294.06
5.66
214
16.46
288.6
656.84
781.18
32.48
325.81
113.79
328.52
236.36
550.63
547.44
462.73
796.11
53.25
753.96
696.97
202.51
523.5
240.56
729.67
14.33
591.11
134.15
197.85
1.62
375.64
702.74
378.29
310.5
508.77
443.9
659.03
751.64
93.64
303.04
152.26
4.77
239.41
737.13
523.66
353.87
749.35
647.02
625.34
675.96
686.33
433.67
282.43
782.27
151.55
592.4
643.75
583.13
343.78
36.83
9.18
773.15
117.62
128.39
281.23
361.51
158.59
176.07
758.51
456.91
376.48
484
302.73
39.91
13.74
403.47
592.18
689.71
365.84
576.92
150.04
790.52
90.61
649
311.91
189.88
19.78
543.98
752.35
623.39
339.94
550.07
330.58
26.88
274.03
562.57
313.4
502.06
407.78
611.03
225.56
328.64
478.71
537.94
569.25
155.21
12.02
733.09
713.55
276.66
104.76
782.37
42.02
615.13
231.59
709.88
480.23
101.13
468.07
66.06
507.13
568.28
612.15
787.82
714.87
64.71
536.8
650.44
154.09
348.9
95.56
632.24
312.64
507.41
68.15
365.94
47.55
677.53
365
26.2
668.23
708.88
47.37
529.31
293.64
773.45
333.83
171.35
567.13
494.7
431.31
647.69
190.75
135.96
219.66
797.26
618.3
113.15
325.14
690.12
334.23
279.96
389.24
769.38
654.65
745.57
716.11
739.61
366.08
764.05
280.77
339.58
101.24
616.22
747.8
440.61
169.64
246.14
619.84
257.45
21.47
235.38
46.38
781.52
297.45
713.82
1.53
63.54
670.57
791.78
374.75
686.89
755.75
258.32
598.95
580.25
615.43
125.82
547.95
650.57
475.3
220.02
552.16
62.51
98.07
476.18
270.92
399.39
130.52
466.72
293.7
628.07
775.74
240.45
473.25
543.75
168.9
50.19
761.3
728.49
213.43
627.94
198.84
426
131.92
566.4
446.75
603.73
147.64
32
666.46
480.7
763.64
572.58
348.42
67.28
114.66
410.79
26.83
748.76
675.22
447.19
143.94
256.67
271.42
679.29
65.29
305.1
442.55
262.51
467.11
337.09
799.97
221.3
523
318.23
273.66
487.29
339.65
218.31
104.64
382.01
466.81
83.53
684.11
2.3
758.52
612.38
290.25
0.19
405.57
196.71
612.62
110.41
699.95
32.47
122.44
238.22
176.39
491.56
237.47
125.66
408.31
42.54
621.32
170.17
699
131.12
799.09
260.01
547.62
376.9
173.65
131.97
167.62
711.46
302.81
319.72
733.12
724.01
586.49
313.88
698.73
591.35
488.18
232.86
391.15
761.43
722.28
257.25
281.37
225.95
798.69
545.93
765.99
149.5
417.99
373.31
416.85
120.99
315.38
643.21
310.29
24.73
23.88
176.5
738.99
470.09
376.88
8.33
17.03
481.74
796.84
661.63
111.4
155.74
296.86
196
563.76
761.25
627.21
369.7
513.12
563.65
13.03
96.32
742.93
0.97
35.53
27.57
481.59
374.08
475.38
744.18
379.47
109.34
383.06
533.48
23
80.19
479.75
103.1
363.98
389.47
704.44
365.44
451.16
453.38
231.35
155.98
614.39
350.42
774.84
135.37
564.81
407.01
167.96
91.51
177.26
79.72
619.71
149.2
766.18
584.12
246.95
221.18
701.3
200.57
672.31
274.72
119.92
353.3
332.74
470.56
105.74
201.59
234.54
564.36
319.97
312.55
521.25
414.42
377.91
361.5
459.86
388.15
142.76
72.96
482
649.14
746.66
223.13
308.82
290.69
590.68
505.35
312.58
712.78
200.59
525.06
620.75
478.45
300.28
302.64
25.87
670.5
711.95
520.22
242.26
421
112.52
390.49
504.86
353.01
549.31
775.63
549.27
769.03
207.03
647.24
512.4
128.64
167.59
769.89
100.83
475.53
591.48
434.88
218.1
492.73
383.8
612.15
503.67
460.4
596.08
10.99
225.94
126.23
545.8
543.73
165.6
713.37
419.15
262.58
399.44
286.7
109.95
466.45
87.14
508
310.31
15.59
169.65
126.71
128.19
702.07
760.42
571.97
728.17
788.03
214.84
488.4
421.03
408.72
95.49
362.23
75.31
385.55
84.12
74.22
673.37
573.54
500.72
404.05
66.7
196.76
110.27
465.09
520.59
372.66
764.08
52.78
343.96
566.09
396.9
620.46
277.67
171.38
243.9
401.23
543.46
146.12
633.79
453.32
171.75
234.12
10.87
243.24
777.27
299.14
685.61
217.8
64.71
2.03
712.59
302.56
562.45
653.51
322.43
1.91
599.96
19.97
629.56
161.65
470.41
474.77
376.02
262.16
78.8
191.35
296.53
784.7
328.45
236.67
580.93
194.71
194.95
284.79
251.24
797.36
498.04
647.76
656.87
18.46
658.52
13.07
354.36
676.37
665.1
182.76
779.36
56.32
186.41
429.62
583.97
316.01
731.36
207.94
73.09
635.81
258.13
170.99
117.48
93.42
423.56
189.63
19.43
767.99
151.39
797.23
559.86
408.53
7.46
344.08
498.38
7.91
520.45
549.41
496.94
200.17
751.75
710.93
455.42
212.58
295.38
463.41
467.44
797.5
550.07
510.71
310.53
746.9
200.32
322.45
23.91
558.59
134.13
224.96
586.79
111.48
31.96
233.07
506.78
386.53
502.6
725.1
599.72
728.17
734.54
17.49
562.03
484.86
318.48
251.42
115.95
17.71
202.94
680.22
394.63
386.11
328.4
362.8
674.43
674.77
597.99
124.47
332.35
455.06
516.62
735.9
290
363
782.32
624.35
164.91
438.43
15.39
766.15
651.04
563.64
721.7
739.52
435.03
706.16
333.92
62.98
240.22
328.02
707.38
525.32
327.76
386.89
473.29
573.18
68.36
396.36
53.14
191.48
736.95
596.11
279.09
87.17
662.67
720.59
15.26
599.54
510.03
302.25
496.85
551.26
587.47
356.36
254.77
695.66
436.28
611.68
565.79
634.82
642.72
602.87
194.96
127.3
348.16
121.21
175.12
469.41
9.82
639.56
641.08
126
568.07
185.75
20.22
781.9
693.28
549.53
56.83
288.68
377.18
555.07
289.95
341.46
355.7
234.77
782.87
134.88
366.08
620.41
612.63
298.52
394.78
793.37
521.63
325.2
144.18
544.36
334.38
554.42
255.41
412.4
423.17
634.44
196.54
778.21
207.74
269.83
91.34
310.12
738.1
772.75
219.69
505.78
561.17
644.2
556.34
543.8
667.99
437.71
615.75
786.81
133.13
105.73
758.78
142.6
108.99
135.61
424.24
274.91
110.23
355.27
482
302.57
131.76
388.03
152.33
783.88
292.63
668.72
665.24
318.92
437.93
630.94
342.18
587.7
593.7
148.63
286.95
58.81
701.04
125.3
174.27
243.9
338.8
459.44
75.87
724.99
709.49
337.98
153.53
42.65
737.18
548.16
222.45
695.48
140.25
697.95
414.36
222.34
98.26
506.29
646.62
553.27
133.85
389.38
266.84
121.46
172.21
339.69
118.51
334.66
463.01
299.23
370.31
64.65
242.32
99.49
763.93
691.66
164.7
547.24
22.36
196.55
355.78
95.32
260.75
587.55
718.95
187.73
695.49
760.31
270.08
559.32
368.37
562.62
191.8
694.2
551.47
422.95
560.67
718.59
653.25
499.09
396.72
774.09
698.6
693.04
654.15
60.83
503.7
277.94
750.33
686.32
605.32
420.59
142.56
775.21
200.21
430.82
731.23
677.53
470.79
136.32
582.62
82.71
169
32.15
324.41
529.93
739.91
460.06
645.93
669.04
561.27
595.17
632.02
60.41
140.3
340.86
670.79
493.37
614.91
352.31
355.53
550.91
437.69
91.65
551.58
744.37
732.12
117.77
25.37
122.82
624.83
350.29
169.71
217.89
280.85
542.81
605.12
744.39
54.5
107.56
179.65
641.65
480.05
548.14
737.55
660.08
549.45
607.77
677.26
599.08
103.17
0.73
508.67
346.71
352.28
512
480.76
663.43
307.54
258.67
428.09
213.93
717.06
699.28
82.13
14.88
514.82
178.57
319.81
796.46
669.67
693.27
559.11
37.72
770.79
542.15
503.12
469.43
158.25
703.26
248.88
673.09
652.46
245.07
301.05
485.24
681.55
466.62
629.11
535.84
608.05
532.04
687.24
535.56
472.99
582.83
507.04
87.4
50.62
624
230.11
239.23
573.76
164.2
367.74
74.87
480.9
80.63
493.87
261.73
372.19
300.52
654.35
161.62
694.54
458.21
610.23
439.8
317.36
123.52
615.01
430.66
313.08
442.87
566.89
479.83
305.53
64.96
175.18
223.02
267.6
23.75
243.14
478.62
177.99
166.69
777.2
688.09
520.02
317.21
671.55
304.4
785.73
694.9
184.08
456.73
57.41
717.82
105.3
482.35
137.64
13.27
321.99
226.32
71.89
505.44
749.02
185.56
61.81
342.25
340.5
391.1
476.68
653.7
590.19
140.83
123.75
247.68
266.05
586.32
373.06
729.67
796.15
183.91
228.3
86.62
692.76
443.41
260.27
660.12
544.62
664.98
366.2
766.59
372.81
76.76
524.1
281.02
443.05
642.44
300.14
152.7
441.11
638.2
782.17
581.68
147.54
481.84
392.48
679.82
41.44
4.34
252.48
544.12
484.48
710.13
598.62
330.06
265.77
525.51
17.48
200.8
705.69
151.02
107.33
93.07
212.98
260.91
729.6
325.49
755.03
460.29
124.06
442.43
517.24
180.76
157.47
598.66
709.13
117.7
687.73
448.51
29.13
244.41
543.06
262.89
649.3
758.88
303.93
57.95
580.12
507.94
414.35
435.84
165.15
499.61
565.06
5.56
648.5
592.35
665.5
72.02
475.36
776.56
386.46
406.1
233.4
701.42
165.79
570.3
171.03
579.43
98.18
353.83
699.16
609.92
587.47
730.77
506.81
542.65
772.35
359.44
265.87
221.35
722.48
522.29
394.4
159.42
481.22
328.28
141.84
367.47
431.01
365.55
295.31
85.26
480.25
695.49
570.33
48.1
370.31
46.78
675.96
329.54
746.75
6.3
103.66
204.03
745.62
519.67
64.96
694.89
291.27
612.52
575.19
531.71
327.55
578.96
355.67
9.36
399.54
608.04
136.38
636.25
287.91
303.87
715.3
792.84
545.83
536.19
790.66
784.02
400.35
49.76
247.65
780.9
84.27
48.64
463.14
371.59
560.87
601.11
422.18
140.64
249.63
208.59
669.01
316.74
65.02
341.67
14.27
295.04
82.16
609.42
172.9
276.55
179.52
245.37
653.76
700.78
374.93
291.63
238.97
423.68
436.54
567.36
518.04
456.81
472.66
667.76
17.1
148.44
232.73
461.66
180.87
580.79
604.5
697.76
567.03
265.57
693.43
611.73
511.37
665.15
62.29
94.18
324.04
151.88
158.31
781.3
737.48
466.85
249.92
232.27
163.15
261.94
521.98
758.4
405.78
231.01
102.62
389.08
374.91
762.95
524.31
157.6
632.95
136.81
201.39
767.43
519.93
206.82
350.76
13.02
372.23
555.91
28.46
573.82
319.86
780.58
10.98
108.51
396.71
65.92
681.47
546.34
313.08
99.36
143.54
429.77
205.81
231.05
306.07
374.7
624.22
521.51
59.41
561.65
314.48
504.35
546.84
366.56
719.3
773.13
741.82
650.51
53.05
771.16
719.35
574.55
165.62
734.36
618.5
246.53
768.01
584.16
555.43
343.7
122.5
68.79
532.04
578.65
514.59
293.7
380.53
463.8
459.29
593.64
525.31
462.43
227.06
600.52
606.06
236.62
375.74
343.82
792.04
520.12
348.22
427.26
231.67
354.2
163.39
19.64
349.08
96.97
657.31
265.56
382.13
408.24
425.42
4.95
265.08
171.68
482.42
105
98.06
700.32
567.05
559.41
334.91
624.8
20.92
186.45
193.32
118.19
749.42
632.73
30.04
413.32
336.98
691.99
127.56
666.37
112.95
229.13
629.54
262.33
273.61
75.41
450.13
794.41
303.16
251.15
239.75
732.13
397.33
648.79
743.09
95.29
509.91
128.4
708.15
445.42
50.37
654.6
383.34
5.34
731.11
640.5
451.66
356.23
565.41
374.91
602.41
436.58
40
756.05
462.53
110.87
670.97
26.28
32.63
709.15
504.99
10.38
560.7
782.98
473.17
242.18
281.67
564.57
329.52
621.81
211.88
114.69
617.28
566.82
663.41
343.17
263.3
794.62
709.5
485.25
490.79
55.99
264.7
405.31
126.27
543.8
376.7
717.79
336.55
172.17
182.01
543.66
103.38
540.43
200.34
169.87
289.24
239.88
763.51
8.12
627.67
120.09
654.7
71.11
529.44
205.35
636.63
112.88
344.43
491.68
204.67
566.26
219.9
205.99
378.31
242.56
202.94
28.89
742.23
612.27
108.5
391.06
613.76
161.29
545.35
134.85
0.38
499.8
585.39
11.21
520.85
737.56
162.04
630.61
726.99
370.81
349.94
174.78
763.64
564.18
207.69
508.84
702.13
796.48
630.77
321.52
189.67
436.8
767.36
710.25
77.62
651.73
788.11
46.04
353.19
512.46
672.84
557.26
306.83
381.31
492.14
214.5
123.09
208.22
510.64
475.08
212.55
647.26
38.02
182.58
661.84
269.43
186.23
287.18
545.12
462.31
83.75
147.53
147.01
491.77
194.07
206.56
529.75
518.34
313.76
650.47
547.47
658.08
402.15
164.77
431.55
630.79
206.05
704.08
575.28
551.56
600.07
424.32
582.08
420.23
118.56
391.06
667.63
584.24
467.49
726.56
646.26
504.1
76.83
23.76
280.28
318.53
9.19
354.06
402.05
730.81
189.51
618.43
330.88
18.51
150.14
556.93
534.66
556.28
99.16
117.55
222.14
423.13
724.32
26.3
522.23
353.79
727.66
315.99
312.6
274.91
392.41
285.84
760.12
797.1
95.68
191.83
449.61
374.83
84.11
549.09
205.44
597.53
426.28
586.62
681.93
761.86
638.42
241.42
35.24
232.15
703.78
113.19
119.73
479.26
375.15
533.43
554.26
637.86
387.55
417.74
688.7
752.61
729.51
527.47
501.37
715.81
282.23
161.57
509.79
743.77
682.84
737.95
295.8
82.92
478.85
9.33
791.5
797.82
80.52
587.27
664.62
611.91
356.81
216.11
231.96
519.42
489.79
503.61
187.34
548.79
291.87
684.04
789.5
300.67
309.44
203.44
314.28
312.02
534.1
105.14
681.45
326.96
390.74
0.71
751.6
1.41
92.44
341.47
374.52
272.65
263.48
170.81
653.66
714.21
367.21
303.75
449
147.14
509.62
533.49
78.04
640.25
463.35
671.93
428.35
341.82
262.63
512.5
295.97
365.89
16.35
394.37
385.25
7.91
706.55
428.96
602.41
753.47
757.41
568.24
134.73
691.87
534.23
63.78
700.48
351.7
305.68
40.59
88.08
404.66
686.08
719.19
284.8
745.18
685.12
418.64
686.81
101.95
61.27
539.81
85.24
764.69
347.86
128.51
353.76
204.27
470.71
470.39
215.17
405.99
197.06
269.77
562.85
487.33
770.23
760.57
280.74
545.23
701
614.93
566.61
384.28
330.75
102.23
749.4
466.3
759.9
314.35
109.15
772.28
20.1
75.25
694.36
10.46
661.77
162.77
696.43
73.68
499.21
468.87
348.16
617.06
584.85
462.54
549.47
13.8
768.85
359.73
427.5
459.58
293.41
439.94
714.51
586.86
600.44
324.85
690.49
265.41
539.9
231.85
747.78
585.56
641.16
791.22
458.91
372.4
151.85
414.04
310.61
573.86
395.1
176.5
20.41
563.17
53.73
71.26
385
112.07
110.51
466.91
14.53
577.98
35.43
582.17
283.86
19.43
221.71
212.79
236.43
522.31
291.76
383.83
272.93
785.68
366.39
541.51
700.61
455.26
740.24
643.57
156.56
324.01
103.07
464.38
240.39
628.4
188.82
177.38
31.73
494.99
56.98
413.19
131.34
412.71
300.24
462.5
5.18
101.76
28.22
750.67
644.13
659.64
133.32
73.46
90.76
139.83
633.88
646.57
162.19
101.35
70.92
95.94
210.63
100.3
55.23
459.37
238.56
230.67
276.34
560.7
214.51
152.32
131.47
401.61
713.28
51.75
245.17
634
326.02
200.13
303.22
770.47
366.73
5.39
63.98
611.92
432.87
123.26
713.27
786.47
361.91
723.55
457.73
319.17
250.15
233.36
646.75
711.55
290.93
783.19
596.85
241.52
550.71
619.16
316.91
462.63
56.89
293.1
80.05
393.26
503.59
734.48
397.21
622.74
466.67
28.45
180.36
615.52
752.09
409.6
272.75
519.53
529.08
740.64
712.6
187.88
26.05
621.88
615.66
549.87
5.48
553.75
539.22
253.37
620.66
512.51
443.15
535.39
399.44
32.13
514.83
330.89
153
34.33
103.73
208.12
631.64
124.62
75.2
52.88
345.52
536.02
134.66
205.63
609.79
407.62
315.85
312.91
745.3
33
557.16
150.24
675.26
544.59
657.63
459.11
270.39
15.17
219.95
329.85
756.94
24.38
573.47
82.76
279.78
666.47
308.56
187.42
328.44
72.26
279.95
157.9
306.71
224.91
263.43
645.65
422.61
598.52
570.89
138.49
659.4
756.58
157.24
559.24
268.96
530.72
50.13
240.83
788.58
645.62
572.75
659.91
98.91
583.48
240.68
608.52
795.6
376.14
294.43
283.23
355.71
29.13
191.48
557.99
87.97
370.56
228.82
111.23
380.1
226.95
492.89
63
527.55
618.91
604.85
177.77
28.99
118.18
466.27
117.94
374.47
683.93
220.91
668.67
733.89
509.72
705.48
34.15
701.41
455.89
272.27
298.88
717.55
344.99
140.44
376.1
391.21
183.58
158.77
521.35
368.43
770.78
303.01
678.95
787.42
720.32
207.88
387.34
164.09
132.11
177.4
135.52
75.81
463.28
469.85
116.51
622.63
6.25
766.47
340.72
479.07
298.45
35.86
284.46
661.77
779.52
275.76
633.86
471.13
174.86
211.72
181.42
436.57
299.14
503.91
64.64
711.88
412.93
42.58
114.82
473.69
75.48
175.43
233.93
370.73
182.77
174.42
432.71
449.82
207.83
115.98
182.37
505.39
110.86
274.66
35.49
776.52
509.53
281.82
0.74
380.28
86.51
326.89
627.71
547.88
744.86
80.81
126.47
679.74
635.76
759.55
370.43
781.96
293.72
426.05
291.36
479.28
461.51
345.37
162.07
154.73
469.72
521.26
379.45
261.75
558.11
199.74
169.12
37.25
350.55
748.64
110.09
352.25
580.2
721.55
579.73
237.57
60.77
265.93
642.59
646.91
99.04
219.25
531.05
329.45
461.56
333.87
795.87
212.43
93.41
548.72
403.99
498.55
46.33
276.33
74.77
13.47
377.62
503.28
65.54
644.52
792.65
104.09
579.59
444.81
226.35
677.2
450.57
571.16
124.41
358.1
387.96
413.52
434.09
317.16
105.97
389.46
531.97
190.6
17.87
13.69
315.97
456.49
408.06
242.6
522.77
311.27
144.78
661.9
200.15
614.09
544.24
546.07
480.97
254.88
267.77
56.83
382.12
513.36
261.65
121.36
310.35
337.65
788.34
522.38
405.25
38.28
36.85
443.67
630.36
160.3
356.05
670.86
474.9
394.68
267.08
123.38
466.53
479.19
441.92
35.83
444.44
47.76
722.86
737.55
251.49
242.39
372.37
303.42
657.95
409.31
547.73
311.25
387.32
193.85
723.43
294.9
649.79
567.11
352.58
114.97
41.3
97.38
679.46
662.43
356.58
245.07
117.67
675.49
595.56
257.4
592.12
409.05
341.68
711.97
794.83
669.67
547.92
326.32
375.21
775.88
720.16
490.75
84.18
286.33
584.5
649.15
528.25
779.17
782.63
393.28
319.26
735.46
445.67
578.25
315.1
612.73
427.5
495.84
714.44
455.12
270.07
82.5
356.28
307.63
551.88
157.44
761.44
496.14
779.22
43.51
189.66
293.69
476.56
639.78
645.83
508.36
788.53
216.2
189.27
41.45
212.64
16.78
639.67
689.14
797.88
228.36
330.81
168.79
217.8
557.76
138.23
332.58
224.96
338.55
234.23
80.7
427.51
568.89
219.07
35.98
315.21
737.25
50.37
352.51
284.11
562.6
799.13
363.31
42
612.91
53.99
384.42
320.9
83.23
102.08
556.66
685.11
15.36
13.66
0.41
464.75
768.1
594.01
550.91
334.33
615.3
325.79
492
512.21
113.79
115.03
248.94
68.48
432.44
790.66
701.14
377.63
282.35
492.94
771.03
685.81
157.37
437.88
141.97
116.21
50.32
600.88
402.45
119.97
764.33
436.04
732.1
388
587.03
269.55
499.63
93.51
109.07
46.3
299.23
394.18
196.35
467.51
582.9
486.53
735.82
45.12
644.61
47.89
496.88
527.43
326.87
658.57
725.18
210.24
4.1
617.72
415.58
516.99
604.77
4.72
113.19
373
143.04
577.24
188.47
189.83
257.36
122.25
338.25
619.71
564.51
117.46
245.72
294.71
67.72
262.19
246.32
665.99
218.5
398.65
741.81
407.08
463.33
302.29
641.12
313.27
286.64
727.69
409.74
274.97
143.56
30.3
444.05
268.73
659.51
12.56
515.81
487.25
592.87
338.63
301.78
61.35
711.69
571.3
731.47
561.62
555.68
391.67
391.3
474.97
546.52
130.03
249.98
537.27
31.55
610.97
385.11
163.71
148.78
84.12
346.47
682.03
191.37
607.45
740.45
518.46
131.55
185.71
209.94
377.2
585.46
130.34
555.46
202.77
251.53
194.1
481.83
433.4
501.38
24.4
417.64
102.31
326.48
434.82
30.36
491.78
336.08
366.05
594.44
324.07
184.77
730.01
760.75
606.34
234.07
714.35
162.29
410.82
244.72
248.98
717.93
266.6
698.12
676.53
13.11
754.01
28.68
321.92
468.8
237.82
447.98
180.82
50.04
355.05
222.44
673.41
527.52
35.4
763.72
398.85
67.78
297.82
475.23
375.14
524.18
431.6
234.99
648.58
287.35
166.67
405.58
535.58
31.29
314.96
393.61
232.91
483.1
367.66
175.74
595.12
456
538.76
96.03
714.57
530.89
530.42
397.41
719.47
300.97
760.64
642
514.65
621.12
226.94
771.44
618.51
347.72
361.2
559.62
530.04
308.22
306.97
414.09
208.84
200.88
417.46
177.7
191.84
63.47
613.58
446.73
735.91
205.41
385.42
428.86
436.59
509.57
103.6
386.41
193.82
386.59
148.59
243.08
507.05
469.99
468.66
405.81
32.87
303.21
507.62
353.11
209.66
645.9
112.02
691.76
503.81
433.22
34.14
143.88
450.38
264.19
175.56
446.17
316.38
396.69
778.12
630.3
33.07
164.89
521.55
260.43
715.14
233.12
250.46
543.9
244.49
354.87
16.23
687.7
492.33
649.27
713.54
641.63
768.67
332.07
402.86
34.9
513.34
657.01
108.74
529.67
125.86
733.83
507.81
409.59
792.36
410.65
703.7
641.23
476.06
11.14
84.2
740.72
195.77
348.85
229.94
552.4
661.52
139.33
283.32
157.55
735.44
220.42
210.03
125.52
186.23
53.83
90.36
607.41
676.24
751.26
96.6
294.13
683.07
597.58
42.74
300.18
157.9
111.69
731.24
279.98
563.84
645.94
580.59
49.65
156.51
573.56
671.68
331.71
558.97
773.3
205.26
752.71
559.6
741.09
103.85
688.32
321.58
584.54
561.84
120.32
403.42
713.02
389.14
95.54
348.33
444.32
402.84
386.03
403.38
743.81
253.71
433.81
38.43
550.7
328.64
95.73
209.35
418.65
53.01
113.88
134.87
101.12
798.68
331.36
763.31
165.56
354.27
292.9
695.47
333.86
610.89
0.59
468.74
308.95
126.45
401.86
719.44
525.38
129.9
385.82
539.95
306.2
45.2
715
436.83
405.64
753.96
776.52
402.04
368.15
278.03
244.55
144.57
538.39
277.1
697.01
676.91
485.06
217.63
159.63
303.53
274.34
641.59
669.32
103.3
15.58
370.11
714.64
274.58
293.97
564.78
327.33
462.92
679.51
740.72
792.98
710.78
485.03
135.65
629.51
101.84
183.32
30.23
363.03
336.81
25.56
788.5
47.56
627.98
247.75
243.11
740.3
183.78
489.95
18.98
749.24
746.94
392.26
160.37
225.86
231.73
7.17
348.31
545.48
598.11
88.75
85.4
396.38
212.85
122.35
705.36
212.24
510.28
231.86
231.44
601.01
245.23
468.61
47
362.14
352.6
420.22
553.78
383.79
224.95
347.87
748.37
119.64
798.99
508.05
263.16
451.64
484.84
789.96
515.38
52.57
303.36
455.67
292.75
604.08
292.64
19.52
332.63
600.79
160.06
628.39
248.25
312.19
59.28
798.99
425.49
132.2
599.85
253.84
216.75
79.15
247.25
560.92
28.45
717.66
30.34
233.05
726.82
8.13
625.39
187.17
376.54
748.73
594.83
775.32
96.77
681.85
119.74
241.48
114.64
576.1
760.29
758
76.67
733.25
342.23
605.15
463.05
340.34
403.95
150.96
630.19
122.3
56.59
287.99
776.55
701.22
21.76
766.26
357.91
602.6
24.96
325.12
610.66
788.08
442.59
495.84
68.78
323.27
457.08
511.48
220.82
291.53
613.33
724.05
527.73
641.1
567.86
33.96
623.88
760.5
761.9
109.67
371.45
642.34
769.85
652.97
591.27
668.43
106.54
66.77
135.79
166.4
707.28
271.48
321.25
538.91
700.2
371.28
755.21
445.55
382.74
435.67
623.61
481.9
757.79
568.43
158.9
56.62
633.79
392.06
201.25
578.99
735.49
691.46
165.95
759.6
404.6
740.31
465.48
76.5
729.14
135.49
460.85
454.62
535.81
24.42
285.15
413.86
789.33
158.35
479.5
446.35
74.91
385.06
136.64
556.83
701.34
224.16
219.06
538.36
182.01
772.16
178.64
60.01
687.93
325.15
196.18
238.65
199.08
36.57
369.71
518.43
784.48
85.59
731
692.84
156.97
775.42
220.97
774.99
630.11
627.86
271.69
28.06
713.4
385.77
384.93
374.18
158.16
603.3
520.15
755.19
517.47
523.8
290.01
21.31
6.96
290.66
583.75
417.15
628.53
51.69
523.27
622.48
456.27
730.34
658.21
432.41
383.78
347.65
127.34
208.94
370.79
192.34
86.52
627.8
638.85
656.21
512.24
612.76
411.34
132.44
54.6
698.85
355.03
146.83
450.74
453.46
306.02
311.54
316.57
54.34
494.97
377.48
575.82
451.31
290.66
135.85
16.87
272.97
277.32
435.65
301.64
34.62
383.83
366.44
673.99
678.06
212.11
450.38
296.69
440.33
663.04
376.68
687.06
447.17
645.58
570.02
88.85
99.59
212.05
351.4
680.38
175.89
371.14
145.36
390.26
432
683.46
539.66
78.72
647.92
432.99
319.2
751.74
619.82
566.81
175.65
323.82
248.57
138.72
351.7
768.98
490.56
194.98
86.87
776.18
640.71
232.39
174.96
225.79
692.49
377.46
719.89
522.1
150.14
736.63
202.56
731.83
696.96
432.8
423.01
725.49
662.98
231.82
502.96
784.54
65.34
68.1
206.44
664.85
426.97
232.55
202.45
767.89
130.11
774.06
138.06
577.51
584.24
41.44
357.07
354.52
613.71
366.68
158.49
313.88
414.06
576.16
203.12
670.17
35.58
757.76
267.45
512.42
358.99
65.97
39.55
577.72
165.8
652.48
363.51
566.93
440.1
488.09
304.33
3.72
599.26
287.19
664.73
553.37
330.93
434.05
233.75
503.23
243.56
692.12
342.79
349.53
631.31
215.33
426.42
249.55
346.15
789.41
140.6
404.03
652.44
100.99
40.99
691.34
690.97
495.92
137.14
247.71
189.46
671.04
284.11
409.79
302.32
757.37
521.8
416.19
514.05
328.77
267.76
21.8
681.24
393.21
72.19
286.1
792.83
638.85
671.09
306.97
337.66
606.38
281.76
752.03
500.17
661.97
404.05
533.05
225.75
502.41
499.34
750.32
146.52
251.43
488.1
224.07
26.86
222.06
276.31
560.1
558.79
491.34
742.52
195.22
97.2
132.74
78.04
20.49
228.49
302.12
780.85
36.25
280.34
799.88
130.62
292.8
716.61
22.38
235.33
242.82
616.64
740.5
305.23
78.92
508.6
570.08
467.66
112.42
364.96
286.09
52.44
584.68
62.71
502.84
455.34
565.76
261.62
427.76
250.16
668.9
150.98
699.39
352.16
481.49
399.1
466.77
694.99
714.73
288.4
167.96
400.31
380.48
73.37
11.52
697.08
249.85
261.06
305.65
769.99
497.12
744.75
774.43
510.16
194.76
77.18
515.59
599.32
171.73
620.25
175.06
206.79
315.5
91.94
444.53
242.14
204.47
358.34
292.11
723.6
504.96
689.87
87.08
107.08
72.67
426.02
607.46
239.4
109.25
234.14
438.83
343.21
335.63
367.59
73.55
381.39
480.55
536.35
446.82
282.13
452.8
618.45
680.26
321.31
50.13
101.79
397.64
675.86
315.84
201.53
721.51
44.39
523.75
442.61
229.19
311.22
158.87
200.89
388.88
754.58
582.79
99.89
328.04
258.36
666.16
680.69
580.78
165.49
396.44
537.67
718.37
346.72
520.59
222.99
20.04
88.71
659.48
453.69
219.49
240.15
201.8
71.24
356.16
401.86
690.31
300.53
72.05
681.46
787.23
560.11
178.13
467.3
673.26
633.54
513.63
781.79
791.7
611.69
480.79
235.54
289.19
168.32
197.69
365.42
715.25
16.86
680.44
115.37
297.61
269.57
525.69
604.01
554.2
129.57
44.32
35.23
780.98
442.37
572.28
760.73
284.5
165.95
533.7
739.72
435.62
209.73
304.49
675.85
791.53
755.99
307.16
547.59
142.78
289.65
128.83
579.57
428.31
84.27
570.05
58.64
790.45
2.01
628.21
309.6
224.33
68.45
371.5
116.49
761.58
790.57
268.51
157.66
75.48
144.29
36.85
755.95
220.34
515.12
624.05
198.5
56.59
202.63
229.46
296.23
480.41
172.43
796.53
536.17
4.42
542.89
86.06
564.88
232.33
284.26
643.85
368.12
82.91
701.33
671.81
491.47
684.68
656.64
235.69
552.83
786.12
321.06
775.9
609.22
582.72
463.63
72.44
453.93
602.66
693.16
405.13
739.66
244.1
725.92
502.78
660.9
191.23
671.73
715.88
134.13
202.95
255.84
674.59
626.74
633.1
15.37
768.09
411.26
364.84
451.91
575.89
22.62
103.25
284.28
687.25
573.63
476.84
469.66
219.84
136.76
160.3
741.49
41.13
509.61
573.67
237.01
79.76
328.94
454.04
697.16
8.29
29.41
90.03
346.5
249.47
253.58
701.23
481.29
191.3
599.52
745.85
606.37
504.9
438.03
323.22
106.57
220.3
22.64
240.51
257.1
128.2
491.79
200.47
505.49
710.43
426.34
648.19
288.76
162.63
154.72
629.83
207.18
46.51
732.73
149.75
284.54
425.7
211.38
752.57
669.73
785.41
41.37
309.82
646.04
72.12
287.72
237.59
427.77
495.82
285.29
659.85
217.9
505.62
265.92
372.01
425.15
517.08
628.53
713.53
361.99
84.3
110.79
461.12
266.16
89.98
662.74
3.02
3.32
383.76
636.57
186.59
617.01
215.42
354.8
745.4
756.42
599.3
49.92
677.74
141.64
595.04
377.53
424.97
374.56
474.04
30.59
235.39
345.5
351.77
576.32
632.55
344.17
598.26
168.06
275.06
37.2
546.04
675.03
165.5
573.3
47.72
758.94
536.72
280.28
476.94
607.57
564.49
419.36
587.36
615.9
702.81
115.14
749.99
201.92
438.76
444.25
699.69
665.88
581.9
547.59
74.22
145.85
788.77
204.58
85.99
449.3
695.69
500.91
684.22
199.78
221.37
197.55
615.96
696.77
151.11
53.61
62.42
619.61
599.65
725.64
740.77
568.17
57.81
712.53
62.19
56.78
658.22
368.2
177.17
276.51
3.17
463.61
196.37
677.91
267.98
413.52
778.93
646.85
551.73
271.81
658.9
547.56
487.87
161.58
643.72
364.68
613.27
625.45
158.49
66.26
505.64
11.96
411.81
606.57
772.82
250.46
704.08
781.98
204.65
387.31
498.92
307.8
292.01
697.36
677.81
453.4
48.91
198.87
469.23
267.7
797
304.6
594.82
284.8
154.37
720.28
630.48
176.85
136.08
399.12
131.68
685.59
89.45
132.62
713.04
195.04
292.55
145.28
47.31
287.81
518.28
471.67
740.18
289.8
576.03
408.63
787.16
632.18
665.93
44.78
401.19
784.08
74.06
752.47
282.28
443.55
216.13
324.05
308.74
537.82
134.08
433.95
657.66
490.78
77.76
593.13
536.94
628.83
689.26
588.66
588.93
361.94
684.11
797.02
68.75
64.74
238.85
256.44
726.19
325.75
798.32
288.45
247.91
440.43
644.31
432.02
199.91
708.49
343.88
268.54
396.98
704.75
228.55
360.12
316.4
190.8
749.68
391.93
420.26
599.02
610.01
44.58
235.56
78.8
681.27
679.7
64.85
154.76
1.62
139.16
339.5
324.84
759
713.24
259.26
484.51
324.4
749.18
477.76
666.09
566.68
4.66
283.67
187.53
340.35
351.19
252.87
745.52
237.61
43.89
102.39
509.11
496.92
544.44
312.09
27.03
99.85
108.29
185.15
682.89
631.69
90.79
710.48
201.52
601.52
10.06
122.47
491.35
513.06
349.14
552.24
173.84
121.72
224.4
96.09
316.89
712.77
395.11
748.34
18.57
460.67
354.67
317.52
390.35
154.45
344.02
352.49
784.55
361.47
584.8
644.33
151.39
144.17
666.49
270.69
744.94
243.67
336.28
47.16
583.88
229.88
510.86
350.66
688.09
684.91
229.45
629.87
688.59
742.06
628.17
770.94
792.54
715.16
640.42
77.29
317.75
578.76
644.31
553.34
535.91
657.82
596.33
644.67
87.51
216.8
198.23
464.51
114.97
327.38
318.93
58.37
612.53
291.9
611.97
551.48
301.2
68.94
536.98
567.35
187.25
543.6
581.61
498.98
401.57
45.11
784.22
492.72
624.67
391.02
93.17
68.61
71.74
764.6
188.92
468.11
378.91
472.38
52.01
148.27
52.26
430.12
162.02
11.19
681.89
297.92
366.83
276.73
22.31
545.19
758.2
591.87
359.75
663.46
725.32
277.34
214.25
348.44
590.35
240.87
257.21
498.39
388.74
547.33
680.6
585.33
625.4
106.26
649.21
182.34
677.71
173.08
371.17
254.54
636.49
721.6
290.72
76.74
662.63
246.33
506.75
370.24
435.03
667.75
92.58
216.01
10.82
451.95
624.9
742.36
740.36
727.68
793.61
781.07
327.56
683.92
587.86
545.66
33.19
460.11
575.58
62.96
467.64
799.39
187.33
65.69
157.95
289.22
138.1
657.75
62.05
724.74
697.22
332.44
132.41
113.13
624.9
245.03
475.29
746.27
244.43
557.07
505.64
268.09
274.66
716.43
188.51
489.23
176.51
287.54
567.79
251.11
240.54
552.41
37.64
51.68
262.95
568.84
618.09
708.07
115.61
444.19
424.63
25.23
332.73
222.4
60.42
422.05
179.52
109.8
433.43
201.74
133.06
642.74
672.94
546.27
4.42
639.56
333.31
597.46
355.78
629.66
82.63
341.54
123.82
799.69
533.16
29.97
483.47
580.1
558.65
616.92
511.89
132.28
337.63
398.73
728.3
44.33
111.85
34.6
267.03
661.73
681.84
565.88
187.27
110.98
200.47
284.71
649.39
566.26
312.9
755.62
58.47
518.63
297.02
588.8
593.34
313.46
649.38
534.19
12.34
376.55
218.42
22.35
456.32
3.61
639.6
245.08
701.23
321.44
199.45
206.31
701.89
713.97
16.88
258.11
514.17
275.84
153.88
130.04
251.92
522.2
39.94
231.13
559.33
423.19
638.53
771.37
755.41
430.57
165.38
194.94
408.89
188.91
617.19
21.27
366.39
784.68
715.83
162.88
728.1
525.98
657.84
339.02
554.87
98.86
691.88
118.92
658.07
42.29
500.13
134.13
451.41
423.25
689.77
536.85
270.77
677.74
270.15
536.12
532.27
134.99
230.06
656.06
157.01
579.94
346.77
630.18
536.23
323.08
770.33
94.95
125.3
73.08
681.28
117.77
289.95
87.22
630.92
790.96
522.58
293.37
196.36
512.8
611.44
387.87
512.86
56.26
214.03
343.35
296.84
530.36
674.13
338.6
740
526.17
55.16
210.2
773.28
61.07
438.44
96.34
407.19
362.4
478.49
635
670.14
188.3
223.67
47.86
459.78
602.64
509.92
391.42
98.94
345.77
546.61
387.65
595.22
189.43
658.02
249.89
303.21
455.07
239.8
7.11
284.91
144.78
231.99
695.21
70.42
273.63
747.44
603.03
189.98
352.33
712.65
532.2
432.26
563.7
589.42
660.91
313.7
687.07
636.09
25.66
70.84
669.36
792.81
792.02
620.56
464.8
415.85
244.19
271.25
271.39
268.34
421.53
108.43
502.82
760.77
514.93
556.07
776.2
64.86
316.25
342.52
406.84
59.9
322.25
612.08
539.96
324.99
95.95
178.52
284.17
337.85
361.21
48.08
406.12
274.87
644.36
317.03
693.39
692.46
56.11
611.1
625.71
538.96
657.4
196.9
508.13
341.62
184.33
253.08
623.48
748.5
552.93
456.94
651.38
197.8
480.38
112.84
26.42
325.1
502.93
728.11
140.08
9.56
666.14
591.34
495.14
268.56
672.34
502.02
427.49
794.25
781.82
50
217.01
274.21
69.26
577.59
125.18
336.72
32.16
525.34
299.32
379.96
92.21
450.6
639.77
474.9
210.54
529.1
265.05
670.29
453.46
668.84
124.22
311.22
548.56
18.05
356.22
764.19
317.57
352.82
558.55
57.41
666.97
709.92
135.71
590.86
677.65
95.52
492.23
411.56
74.12
131.56
736.17
454.3
700.39
564.28
188.7
26.89
521.7
447.37
163.48
41.06
237.12
679.84
16.84
131.95
579.79
632.02
114.16
113.79
401.3
242.19
756.63
633.3
125.19
722.15
531.72
520.65
57.35
173.88
677.47
346.05
38.81
796.17
431.06
758.45
158.07
140.21
12.79
151.45
634.17
700.01
300.45
103.49
89.42
475.42
241.02
412.97
261.82
0.46
651.93
665.91
681.99
363.86
463.11
335.12
133.3
705.86
376.64
671.14
439.98
468.88
411.1
415.84
224.57
743.1
365.99
304.89
779.14
317.23
394.36
469.45
251.83
209.96
754.69
10.22
636.88
159.11
608.09
569.15
784.65
329.75
167.09
449.61
252.47
49.3
560.79
770.9
3.09
610.1
293.91
504.73
138.82
148.73
320.16
77.07
418.65
99.13
518.31
699.29
146.91
332.34
624.09
262.34
23.43
602.76
115.97
2.02
603.45
584.46
626.1
416.68
325.3
294.32
356.94
316.06
515.82
750.62
648.01
131.22
533.87
525.25
80.19
478.3
486.18
368.81
458.88
748.39
414.01
667.41
576.56
712.56
80.42
5.13
53.3
595.1
667.61
533.62
60.57
111.5
455.26
566.78
56.75
77.56
404.77
600.6
359.48
228.65
1.11
101.92
586.15
502.47
63.39
69.33
674.75
188.11
294.41
727.42
1.69
750.69
326.77
333.99
485.64
690.54
716.08
380.27
468.09
259.32
344.79
282.18
548.81
292.52
723.04
347.07
107.87
477.42
487.67
172.95
278.18
207.5
589.63
558.64
506.98
446.86
390.55
774.3
326.52
180.29
708.88
498.88
737.95
632.97
633.46
111.76
788.02 /

COPY
	PERMX PERMY  /
	PERMX PERMZ  /
/
MULTIPLY
	PERMZ 0.01 /
/
