---------------------------------
-- Permability values for SPE9 --
---------------------------------

-- Permeability distribution visualized in figure 5 in Killough's paper
-- Killough says 'The input data included in the distribution to
-- the participants included a geostatistically generated 
-- permeability field'

-- The values below are taken from Killough's dataset, they are
-- not based on the figure in the paper.

-- Explanation to how the data in PERMX is organized:
-- Under each LAYER (i.e. K-value), 
-- there are 25 ROWS (i.e J-values) under which there are
-- 24 entries (i.e. I-values) 

PERMX
586.04
687.87
473.81
157.93
459.94
643.96
88.25
45.27
359.62
605.26
290.75
40.51
726.6
482.73
23.9
653.77
762.37
479.76
7.65
283.79
542.47
746.69
696.83
4.81
467.91
375.44
173.07
648.56
264.66
786.2
490.71
739.57
423.91
2.47
506.26
740.86
476.59
667.17
756.46
89.52
609.62
487.22
532.55
189.54
552.3
440.04
220.63
136.28
450.87
394.66
474.42
343.99
751.69
612.1
15.95
519.08
609.13
474.74
570.24
20.84
767.54
149.54
381.12
101.52
545.55
765.94
572.91
303.9
624.45
361.03
762.81
561.29
688.59
270.18
186.02
629.32
622.64
376.4
118.26
357.04
142
31.57
63.63
39.62
713.26
70.92
448.76
527.93
387.89
780.11
503.82
13.6
27.19
696.17
500.78
186.78
222.97
374.53
294.28
197.53
161.85
190.82
274.97
568.68
545.26
716.57
131.24
713.79
170.8
458.51
610.36
161.77
133.01
623.66
232.78
594.48
524.35
351.01
676.64
514.28
530.74
415.2
709.65
591.11
792.16
45.41
760.57
137.73
205.21
574.44
259.79
343.45
771.54
569.55
676.94
792.2
110.25
261
53.76
343.35
419.25
163.84
342.19
604.55
34.22
778.7
357.22
520.54
553.21
511.19
579.87
261.71
162.27
24.29
545.68
779.39
18.69
620.43
89.69
182.2
263.07
80.63
253.15
538.17
788.12
321.44
207.26
530.93
739.52
286.48
56.44
429.38
693.72
160.58
480.01
29.89
595.08
160.51
463.43
574.34
163.34
276.93
117.42
273.66
516.33
746.68
6.07
262.26
475.71
457.4
368.73
634.75
675.9
580.46
776.37
457.49
439.27
17.64
566.33
79.94
270.4
396.86
358.22
202.02
155.94
104.23
281.91
179.08
313.73
289.93
337.21
601.7
63.27
789.79
8.55
786.62
105.29
162.99
380.63
500.32
178.92
485.98
667.3
124.33
311.99
657.2
262.64
42.43
612.47
94.62
557.22
431.46
396.98
559.49
611.13
614.58
355.68
543.97
176.65
477.61
742.13
36.98
122.78
145.26
375.66
460.32
523.98
688.12
269.37
645.84
691.28
481.16
336.76
611.13
518.65
696.34
583.53
547.18
361.01
415.8
22.5
462.87
87.48
776.81
53.6
771.33
694.35
331.19
23.93
130.99
449.1
237.72
321.24
518.7
240.81
53.79
6.29
434.56
492.55
416.69
577.55
639.39
196.52
631.43
115.25
575.17
347.49
118.6
113.2
601.05
137.2
449.25
561.15
739.44
266.06
322.02
96
447.15
700.92
704.99
135.17
506.43
790.5
167.02
58.08
530.62
611.56
456.22
559.63
561.92
39.61
438.78
474.18
679.22
383.15
443.32
40.75
4.73
185.3
499.74
735.17
774.75
686.22
387.9
511.9
676.83
252.76
320.13
389.76
469.12
508.53
676.62
560.68
450.35
559.08
707.37
354.38
532.55
53.74
696.36
72.49
732.14
365.46
34.24
227.62
188.87
665.48
648.75
326.08
489.47
337.3
534.08
289.65
139.68
293.23
663.17
773.19
147.73
369.95
702.61
267.56
691.95
746.89
149.61
753.34
202.72
17.38
217.3
35.94
419.74
456.44
244.5
144.66
668.53
650.36
727.5
773.57
793.24
144.09
60.42
435.22
339.11
455.16
771.03
393.99
76.49
724.63
297.64
73.83
516.73
389.48
4.94
262.2
371.14
44.58
55
68.75
537.92
662.94
740.45
401.09
16.09
545.02
253.99
530.11
105.34
426.73
232.23
325.61
585.77
486.82
91.06
758.63
331.78
477.11
754.4
342.42
126.65
1.67
605.31
222.43
296.38
598.49
504.86
593.18
780.43
402.46
249.62
748.9
761.91
739.51
461.73
16.95
310.25
532.97
493.47
105.94
142.11
186.29
21.82
69.87
75.77
355.28
424.22
651.32
166.72
544.47
300.55
779.02
711.17
615.87
681.77
648.65
496.84
658.33
233.08
10.26
747.75
472.48
364.15
288.43
151.69
613.84
563.34
367.43
108.76
748.6
680.85
372.41
655.94
265.15
764.6
119.9
705.99
639.18
196.07
599.93
608.25
573.5
70.15
438.48
514.67
792.06
90.92
724.25
505.15
405.01
799.12
7.61
515.18
90.94
23.01
443.98
593.84
672.04
511.68
682.07
95.61
185.2
597.47
777.99
148.71
202.07
505.96
374.67
751.65
740.69
729.62
301.74
690.32
211.57
683.31
523.46
177.04
387.59
554.28
701.65
754.69
707.99
148.39
449.67
164.55
409.6
47.7
510.38
653.67
261.51
633.61
271.3
18.54
113.5
727.07
725.5
199.15
32.28
62.87
326.8
146.39
777.91
552.83
338.99
75.78
797.96
614.82
639.52
520.03
290.43
395.48
160.42
273.34
342.71
274.53
442.93
682
205.93
475.17
444.12
700.61
431.08
780.64
561.04
410.91
211.01
638.92
680.8
275.82
161.98
780.7
151.5
300.63
249.73
636.56
696.1
134.52
580.38
264.91
786.84
456.67
759.47
673.19
535.7
718.48
151
475.08
286.04
309.43
616.61
181.31
606.2
243.18
40.97
590.35
283.99
614.75
447.55
448.09
748.27
195.96
210.19
721.68
105.15
392.56
180.99
94.21
684.16
377.05
680.47
228.54
351.68
795.34
389.66
362.43
230.36
296.86
615.93
177.63
644.94
528.22
306.11
570.61
533.28
529.46
516.48
150.64
710.36
406.39
766.62
279.24
341.4
674.87
244.08
287.09
778.99
92.38
120.22
135.62
536.42
55.24
352.21
354.71
673.16
399.47
375
790.05
24.07
594.52
640.83
669.51
695.11
779.24
423.66
439.8
316.88
220.84
147.66
261.7
292.67
137.29
98.95
372.14
339.86
404.38
698.94
545.05
248.34
781.09
744.23
779.42
581.42
689.62
197.36
639.83
230.6
403.63
761.16
97.42
415.65
761.19
723.89
450.62
456.29
672.65
60.27
502.12
351.14
122.48
28.36
493.13
667.6
510.04
128.51
442.01
231.04
252.34
483.83
275.77
558.19
762.76
319.99
738.26
249.15
389.85
574.02
243.93
480.43
267.1
550.24
227.71
82.08
456.26
479.96
277.27
144.06
285.45
774.53
8.84
621.8
313.81
228.25
581.37
784.44
400.5
597.94
307.62
590.46
142.6
179.53
259.55
622.64
760.85
485.22
489.4
710.44
551.74
280.29
216.57
620.22
534.11
143.25
735.95
396
208.34
454.25
121.65
395.1
733.47
786.35
446.99
226.77
402.57
107.73
198.78
357.94
343.43
340.72
264
465.03
308.96
139.74
92.58
389.79
380.79
128.16
311.61
185.31
114.92
722.72
164.73
686.77
267.71
78.55
47.55
45.75
150.16
733.31
333.51
146.16
473.46
71.6
55.5
433.23
261.07
115.5
144.49
540
614.26
119.97
93.01
96.6
435
3.38
264.63
99.45
601.21
524.73
629.17
480.11
102.45
538.85
0.74
529.97
59.55
272.22
784.73
306.28
774.13
663.84
128.06
20.61
598.51
134.02
622.51
437.14
132.71
786.58
98.57
676.14
137.29
698.92
74.4
174.09
265.42
414.18
736.19
118.28
180
208.13
466.99
251.24
36.57
292.91
104.96
529.52
445.4
150.72
546.81
458.71
200.02
432.71
639.06
700.75
7.82
88.64
3.27
405.12
561.21
666.81
653.85
696.14
152.93
253.16
589.53
723.05
99.5
44.86
239.85
515.31
176.97
621.83
510.56
178.64
470.45
35.42
471.5
688.49
514.1
487
353.93
734.13
155.3
204.08
272.16
341.29
402.23
672.06
656.74
358.02
106.97
29.62
313.16
236.92
146.41
145.64
243.37
568.26
95.6
543.32
283.31
374.2
514.79
625.53
40.88
284.05
787.58
440
327.81
269.49
566.16
225.89
674.07
612.74
372.48
753.51
692.74
119.55
79.31
388.4
725.06
479.9
34.15
243.31
639.03
710.93
103.03
533.64
758.79
602.94
263
68.07
529.9
436.02
296.45
797.32
606.49
403.42
45.92
191.13
207.98
728.62
50.56
494.82
75.1
428
195.03
321.85
365.2
185.93
8.81
159.19
213.1
201.33
169.69
609.72
530.42
195.77
723.59
133.66
398.37
748.96
123.92
432.94
36.71
196.18
311.89
330.83
284
87.63
495.3
518.48
512
108.26
136.99
61.54
272.59
463.36
137.08
327.64
6.17
345.52
508.79
631.9
16.35
95.23
370.66
734.65
106.89
394.85
634.99
28.3
29
128.04
288.6
567.32
269.17
597.51
699.88
702.22
459.55
257.96
756.83
251.01
551.18
544.52
42.26
535.67
214.83
563.64
322.91
773.1
481.5
235.94
258.11
214.08
273.19
84.91
256.89
24.67
579.7
271.14
515.73
544.87
680.39
146.74
151.08
277.48
571.69
611.62
555.76
720.25
191.15
59.76
168.8
342.8
224.75
204.79
404.89
179.98
778.03
533.51
545.59
463.61
534.62
502.63
716.13
62.36
22.28
514.01
722.4
247.93
48.79
269.62
428.8
573.28
648.78
787.21
738.85
566.42
178.37
689.58
214.67
796.76
54.26
173.11
443.85
244.04
40.2
662.37
145.99
137.82
346.92
797.53
78.19
261.34
498.77
159.67
486.08
110.58
210.6
260.08
224.12
91.43
89.54
272.48
546.56
44.78
215.54
738.77
279.19
216.02
751.92
336.32
323.98
85.56
87.65
543.46
379.72
230.46
192.96
572.36
384.39
104.24
461.33
180.99
487.46
395.53
186.34
463.03
708.93
563.47
290.43
470.64
467.82
674.69
377.43
26.4
469.4
712.14
63.22
259.18
708
758.84
590.66
467.3
257.15
414.5
404.72
54.66
677.78
441.55
332.34
125.94
399.63
4.75
526.43
764.46
10.7
182.73
534.06
366.14
366.73
455.27
327.2
247.49
440.76
191.29
613.53
541.57
223.95
365.56
770.83
354.37
491.62
177.05
220.51
560.51
336.29
554.22
452.95
791.7
480.53
178.17
690.18
573.99
324.07
178.42
734.93
728.17
675.03
530.88
204.94
311.44
637.91
355.93
411.46
52.96
330.3
446.33
279.21
130.47
127.61
242.64
228.44
718.48
344.93
486.22
121.41
114.2
453.03
172.19
15.1
433.31
325.89
23.32
576.86
563.16
505.88
407.82
136.94
694.57
20.16
784.13
11.28
221.86
345.85
355.52
437.39
382.95
771.95
299.67
89.87
411.51
752.74
737.29
93.98
324.27
428.68
78.19
660.58
644.44
87.49
256.81
50.94
333.99
592.62
534.2
575.49
636.92
333.2
646.49
341.33
257.89
340.52
59.27
335.97
282.21
106.83
192.45
778.04
235.59
650.75
428.62
321.59
569.01
617.2
204.01
623.86
242.52
278.07
521.39
106.37
485.29
206.64
63.56
411.68
767.98
140.72
273.76
336.68
454.83
120.59
214.45
381.46
541.83
532.15
543.57
210.26
322.6
207.38
271.6
155.86
268.65
34.81
66.58
414.84
130.29
154.57
584.35
593.76
286.88
578.56
354.84
305.37
727.15
255.28
766.59
396.13
411.52
707.6
476.47
533.02
507.57
533.58
20.76
251.28
691.78
199.9
156.57
308.92
471.62
111.06
451.02
109.2
491.79
74.52
87.62
657.54
564.95
608.1
208.81
11.56
739.36
263.1
308.67
707.23
554.22
17.23
53.88
376.92
604.35
753.91
149.73
705.98
18.72
224.18
379.18
255.94
82.96
373.6
272.17
160.76
725.63
42.18
365.4
115.89
538.96
303.51
778.41
409.18
341.11
279.27
18.69
9.23
108.49
402.66
46.61
741.51
765.24
596.48
15
169.95
187.03
408.35
732.64
638.53
637.05
269.77
505.44
439.37
224.1
347.62
88.1
576.5
25.09
746.3
734.05
199.72
523.93
778.13
422.19
763.15
14.56
21.28
353.21
378.31
689.22
692.86
754.66
546.78
346.55
610.04
371.87
697.84
65.82
747.8
42.17
168.4
374
1.43
324.19
616.23
696.43
129.13
104.63
216.97
283.75
636.65
416.31
639.72
33.69
543.04
45.38
217.81
118.56
522.12
382.64
570.62
537.83
708.46
346.44
599.59
497.13
422.66
418.12
243.45
257.85
42.51
546.06
343.66
159.46
575.1
368.75
553.79
338.7
287.25
700.94
296.45
416.01
272.14
444.75
522.02
95.05
666.79
115.25
108.18
158.21
479.72
200.84
254.25
176.85
23.25
187.86
151.25
22.31
395.5
300.79
364.38
700.19
50.31
625.15
594.36
632.18
761.36
736.26
680.23
741.81
567.98
528.24
516.25
737.94
221.49
33.9
561.94
405.7
37.04
101.3
447.98
646.31
548.97
538.04
291.16
298.08
206.79
533.3
700.9
57.34
703.83
787.12
469.32
14.65
96.44
167.93
377.72
534.97
132.35
271.77
565.92
248.99
611.35
537.64
373.03
14.94
233.9
463.06
155.11
16.33
80.9
35.9
253.77
662.58
244
640.51
446.61
469.29
511.5
282.08
224.77
36.96
237.7
157.9
23.86
568.93
8.1
472.62
54.43
199.94
357.36
64.69
435.67
108.24
471.18
111.89
526.53
645.56
797.39
95.76
465.32
429.05
627.14
709.99
375.94
552.77
159.72
538.17
640.57
635.62
469.77
657.91
319.19
696.42
653.51
582.19
751.5
751.06
228.08
433.1
758.54
607.27
517.39
364.23
7.59
325.2
218.4
230.26
89.05
99.05
530.47
247.95
148.48
351.19
15.7
491.13
610.32
200.03
276.22
50.05
42.45
465.12
299.34
662.42
419.84
210.36
327.73
494.45
633.25
477.97
646.18
601.18
244.93
180.54
85
223.65
258.52
234.33
79.73
94.42
403.16
427.87
328.99
249.43
107.74
141.34
275
455.91
536.28
459.18
249.59
138.96
665.74
544.08
472.23
467.07
572.74
146.81
352.01
517.08
94.02
1.39
338.89
452.61
595.22
634.5
32.24
500.8
182.26
368.24
12.68
659.64
333.65
400.51
682.4
485.94
218.37
121.07
576.15
621.1
563.13
575.93
106.83
277.32
463.95
304.73
469.44
91.32
597.16
528.8
648.96
654.41
375.91
638.7
539.31
268.17
209.45
671.71
374.92
654.12
458.67
561.45
702.34
653.09
568.02
186.32
58.38
548.2
620.35
777.39
211.05
560.8
262.73
780.36
613.79
495.29
306.2
505.02
658.93
587.2
719.48
735.48
604.12
480.24
518.69
367.41
515.11
211.29
294.17
605.78
446.79
521.65
359.24
769.33
358.37
702.95
152.53
447.96
721.16
550.58
50.64
659.62
627.8
152
67.79
228.73
223.84
547.49
155.44
664.81
365.29
562.05
104.41
646.44
23.74
129.62
60.41
590.87
159.36
677.01
227.53
503.04
164.43
670.42
322.38
229.2
743.69
42.39
779.42
493.74
5.98
695.79
56.2
65.93
41.14
551.78
73.38
580.14
74.37
189.47
245.55
798.06
510.78
455.72
724.24
99.93
255.62
661.37
566.57
348.54
722.41
385.37
79.24
156.86
735.65
216.55
230.02
515.54
374.14
608.26
543.3
682.1
736.82
343.3
167.48
215.07
282.58
86
421.39
102.69
509.93
708.73
520.99
284.15
786.07
95.6
491.36
162.76
505.89
620.98
142.38
447.63
511.84
451.65
326.87
573.33
210.88
127.99
715.54
42.68
786.8
763.49
219.29
92.11
780.25
156.51
346.74
677.74
78.43
139.64
521.64
484.22
566.74
14.53
351.32
110.32
452.43
206.28
122.08
16.53
375.84
146.93
413.44
256.15
216.88
48.7
156.25
497.46
799.95
584.3
424.34
765.73
584.28
338.8
369.94
97.23
458.54
756.72
285.37
362.62
38.22
635.55
789.14
562.97
458.11
425.19
110.58
584.59
320.72
490.25
323.59
28.52
293.5
447.19
483.41
308.05
27.3
90.3
567.81
149.64
228.92
93.3
658.2
508.95
395.07
756.96
490.05
678.46
523.86
365.37
440.43
401.56
296.81
386.99
432.05
408.77
80.86
186.9
561.83
467.78
48.01
318.46
368.17
401.32
212.29
220.01
461.66
199.61
696.43
76.36
437.2
269.77
736.5
679.25
621.64
444.19
435.91
760.34
610.9
149.25
40.5
325.74
431.26
724.78
437.4
165.97
751.71
176.33
574.37
737.92
85.98
583.17
758.72
118.5
534.41
425.92
164.86
245.15
442.14
710.9
748.5
665.37
50.28
153.77
344.63
551.3
4.73
163.34
465.84
118.3
99.98
65.38
223.63
603.75
614.84
347.08
435.95
713.77
540.16
97.46
455.52
648.49
174.49
429.37
741.77
718.21
472.7
288.65
740.89
127.13
607.08
641.71
783.83
592.86
207.27
681.12
550.67
707.72
425.5
137.63
516.9
539.84
129.43
575.68
338.7
111.99
5.6
738.83
602.14
503.73
54.76
464.75
201.05
665.1
371.66
542.9
785.07
653.43
74.32
246.7
572.43
616.6
80.13
219.39
6.93
664.75
741.37
682.7
749.63
106.3
511.08
152.09
515.18
499.13
100.13
711.69
308.36
455.22
625.7
37.65
376.28
183.81
720.24
84.71
772.3
232.5
328.57
565.09
364.07
582.72
86.58
478.92
227.15
110.21
536.77
597.28
426.52
678.42
591.62
203.12
315.4
212.74
789.74
265.74
664.04
342.25
644.71
669.93
589.64
551.32
597.41
678.1
64.09
156.78
562.06
349.97
468.93
363.05
724.83
61.94
615.28
388.94
668.77
562.59
479.98
687.82
192.22
610.12
119.84
168.69
351.96
442.01
302.58
377.62
252.35
780.67
646
160.53
227.56
649.73
755.76
652.33
149.89
502.89
585.47
139.77
312.5
99.83
131.05
580.32
778.32
710.25
499.66
262.39
683.64
344.38
20.93
65.02
526.13
165.45
218.3
43.86
411.86
249.58
628.89
576.7
682.45
768.2
738.85
473.36
775.17
511.7
320.72
625.76
375.13
346.31
240.59
358.32
780.8
603.05
383.5
393.76
320.58
385.89
416.82
167.09
126.8
303.02
373.38
255.83
114.19
361.52
22.3
459.16
70.65
411.21
566.92
223.79
378.84
662.89
94.91
600.96
364.87
154.24
517.52
407.11
736.68
345.1
543.11
745.88
308.6
742.36
137.08
92.38
663.25
291.52
660.5
156.12
293.66
9.99
670.23
517.92
238.9
183.1
756.99
795.41
275.73
441.78
293.23
301.72
720.51
329.31
562.13
618.49
198.18
55.24
191.66
567.28
777.71
130.68
462.49
245.36
492.47
33.38
779.7
356.43
584.51
598.17
499.44
419.01
206.66
739.33
431.19
460.97
249.45
662.57
474.09
727.99
746.2
706.45
519.22
152.71
108.33
54.49
757.22
630.74
271.73
385.1
331.26
393.13
754.21
20.99
227.31
694.44
619.48
257.1
714.43
142.41
573.06
345.04
726.68
299.03
287.41
440.49
288.76
453.18
8.32
389.29
714.73
420.21
407.83
792.55
367.5
762.8
362.78
758.35
56.59
187.13
21.05
285.49
664.51
218.43
704.19
265.3
385.01
454.1
643.82
136.98
615.15
68.17
752.79
438.52
240.7
426.01
649.17
209.8
66.48
716.16
2.26
54.54
9.7
59
195.63
318.18
456.82
317.4
317.11
705.21
247.65
702.09
15.42
712.75
19.22
563.87
365.9
72.78
309.24
43.67
37.08
313.96
269.44
373.87
264.32
748.43
641.33
657.46
500.3
53.35
142.93
588.13
400.74
706.59
198.14
652.96
455.6
301.17
483.69
712.48
774.51
610.73
433.85
369.57
715.7
635.86
749.62
507.69
301.29
719.35
566.43
655.71
135.36
434.03
334.25
657.97
125.85
544.67
585.98
634.98
507.26
723.94
118.14
744.32
610.74
93.09
485.17
400.71
272.82
365.38
94.89
535.23
178.46
376.54
154.92
28.57
595.69
624.28
415.87
565.76
201.37
405.79
251.85
19.75
514.17
341.81
63.5
189.31
26.62
137.85
189.47
494.03
215.62
94.13
707.66
93.24
128.15
163.5
30.71
561.85
298.33
449.05
519.06
28.58
364.69
230.54
484.35
234.51
49.37
78.5
138.12
547.01
641.19
112.98
547.39
399.77
744.92
471.42
179.77
445.11
615.28
47.95
399.99
632.55
695.19
278.22
261.14
164.73
43.02
251.65
459.14
174.42
675.78
167.32
179.39
630.3
246.04
348.81
6.28
86.85
269.36
738.28
113.53
687.81
659.09
91.33
382.76
91.83
472.18
301.14
348.04
417.97
595.89
707.09
459.37
212.64
207.62
273.46
133.4
645.78
392.8
80.39
87.68
747.74
286.98
453.35
624.53
206.02
699.29
416.65
135.2
462.24
766.04
171.47
684.12
427.67
236.82
274.3
35.2
154.75
644.54
401.71
407.99
715.4
182.53
726.62
270.85
690.97
498.85
406.54
458.94
436.01
484.1
64.47
523.07
442.04
218.83
234.1
226.29
263.23
653.66
627.94
191.38
691.46
737.52
423.65
222.18
260.23
353.58
249.6
719.49
781.68
642.22
116.2
659.55
609.58
63.64
601.34
576.54
682.96
8.34
489.01
644.4
52.42
516.37
574.15
197
777.04
274.08
512.65
170.48
728.98
576.68
385.52
611.94
476.66
172.96
444.94
682.93
653.52
644.86
794.41
640.24
749.51
702.89
413.05
538.79
754.74
463.89
49.72
317.55
663.33
220.4
742.88
335.37
493.77
462.37
496.95
571.58
748.72
81.01
33.43
459.72
564.21
308.59
428.44
341.14
406.55
665.93
541.72
138.24
573.26
250.45
108.18
152.55
76.63
459.82
631.52
253.14
445.73
547.38
210.83
311.31
283.91
16.84
579.87
370.43
291.19
452.37
311.81
445.66
263.92
213.72
506.89
547.23
748.23
252.5
543.64
712.38
84.1
446.93
92.17
164.18
324.88
166.01
519.5
769.78
369.9
633.19
85.91
605.94
168.05
297.29
134.53
173.53
460.2
567.63
308.55
476.08
772.88
179.04
361.61
539.78
326.1
465.6
354.79
502.08
91.13
456.78
216.04
292.31
610.44
423.91
637.29
403.13
651.2
225.95
311.28
795.44
178.39
120.63
771.29
52.57
439.56
608.2
67.1
229.45
647.94
698.22
339.68
425.17
131.37
106.77
708.48
774.72
57.15
393.36
382.23
649.08
547.21
198.11
735.65
461.56
580.25
394.59
426.45
520.96
795.99
300.51
552.53
753.59
573.87
560.75
545.68
523.3
747.38
781.8
492.38
670.9
719.37
280.78
763.64
21.32
247.27
385.55
161.07
110.14
721.02
785.15
361.24
200.48
434.23
349.09
300.95
4.37
269.24
684.48
602.7
771.31
94.48
530.48
363.47
448.83
123.54
713.04
464.14
725.77
353.67
100.41
133.32
272.37
198.42
393.54
93.84
199.55
41.61
68.3
548.17
433.07
491.04
555.58
761.66
256.83
420.95
38.92
529.87
622.69
733.68
447.87
50.9
398.42
706.58
569.04
564.46
413.42
591.83
774.95
424.35
35.34
228.45
420.49
584.21
435.52
197.87
14.2
773.35
172.22
14.88
87.51
772.13
608.47
793.41
573.91
629.93
70.11
619.7
729.59
532.98
141.37
420.06
443.19
24.94
374.16
349.59
523.43
127.29
355.42
526.7
785.99
170.19
40.4
71.75
745.32
196.88
210.27
642.78
215.62
450.76
139.36
652.21
525.76
301.49
44.24
743.85
372.5
398.92
14.05
159.42
498.97
262.19
150.67
722.21
293.46
552.3
74.52
499.33
620.56
149.45
339.36
679.32
746.98
186.97
396.48
310.2
712.17
144.96
320.37
538.58
206.82
700.29
166.91
372.55
70.86
118.88
428.49
315.85
37.09
229.09
608.76
787.86
332.96
655.63
505.07
180.36
651.41
54.69
375.4
283.62
690.43
605.09
266.56
50.92
654.72
238.25
330.11
112.1
384.58
623.87
457.81
411.47
107.84
206.15
500.21
456.78
679.21
394.11
165.48
110.64
528.75
536.08
500.82
572.89
169.59
721
336.45
96.22
205.17
440.47
716.6
205.22
261.73
636.82
736.96
356.15
511.76
703.11
366.86
504.61
184.89
128.52
351.54
673.02
506.5
286.08
690.18
430.23
751.61
345.02
9.48
363.03
754.16
535.23
70.02
783.87
119.73
339.04
646.03
244.16
515.03
308.77
130.87
630.92
221.89
703.15
54.52
763.6
439.55
637.99
178.27
354.95
173.03
508.3
583.43
140.17
394.64
647.08
518.3
645.36
130.48
461.29
295.98
638.48
676.77
120.17
119.87
278.76
129.6
42.04
144.73
675.33
109.85
601.61
32.07
154.7
188.73
784.74
39.36
677.41
373.17
747.28
330.23
11.22
395.14
596.82
230.97
342.86
32.33
109.38
347.62
385.11
32.34
455.48
540.87
370.95
244.71
319.71
779.14
21.39
69.43
427.59
704.79
726.64
469.34
73.22
358
654.16
440.75
129.1
535.68
657.04
250.39
739.4
107.37
400.62
250.37
262.33
598.74
558.87
726.87
166.69
657.43
759.18
373.37
69.17
607.82
765.54
151.36
750.63
245.21
677.11
410.41
97.76
381.5
187.59
396.73
454.27
391.92
41.94
574.47
601.17
578.37
16.56
524.29
652.62
706.65
770.21
1.82
173.43
84.67
461.14
149.95
6.5
156.68
222.64
413.67
161.55
385.61
485.92
272.94
313.27
32.27
374.58
647.83
676.52
408.79
85.37
745.95
613
319.09
402.07
681.2
532.94
497.92
551.06
563.14
10.27
162.56
768.55
501.84
397.96
280.56
722.56
122.28
375.56
437.78
371.38
7.44
714.49
62.36
451.96
563.67
511.95
686.9
402.19
549.41
205.74
187.71
431.82
505.45
458.64
651.73
21.7
54.43
299.44
516.84
581.75
166.15
78.72
671.4
168.69
266.07
418.26
447.61
349.12
583.34
684.95
361.71
740.87
39.75
122.65
55.62
131.64
321.82
648.89
183.25
140.77
508.43
470.75
305.05
719.55
390.59
301.98
12.02
53.43
362.56
410.66
346.74
293.34
636.6
565.7
53.83
557.12
174.69
580.44
602.2
406.85
193.3
65.02
162.7
176.43
106.25
212.4
654.68
535.28
568.46
770.07
195.63
394.78
46.25
104.81
453.02
589.66
387.47
500.64
329.9
373.63
521.55
339.54
167.94
475.79
648.17
230.9
54.35
533.35
308.75
374.72
680.49
526.21
605.96
550.93
499.67
677.67
598.77
451.76
440.32
495.02
604.91
50.43
692.23
23.9
749.91
348.75
319.82
585.55
716.17
617.63
529.78
480.64
529.58
53.37
613.93
581.71
608.89
64.9
720.32
693.7
699.7
791.83
118.66
699.49
785.06
557.33
261.12
589.47
769.64
18.35
435.15
115.2
687.54
754.34
275.96
442.17
98.58
678.72
384.54
552.07
736.19
755.9
329.5
506.58
164.29
148.52
414.92
91.7
345.45
339.77
616.3
590.35
744.12
371.22
483.4
344.3
564.61
276.23
166.7
483.74
470.09
533.35
556.11
507.92
468.9
706.96
644.53
625.75
56.98
761.7
750.87
254.97
378.25
219.06
770.55
390.69
458.17
325.05
414.38
533.32
109.17
683.06
381.99
253.67
78.25
324.08
554.53
614.83
483.81
423.17
321.94
35.93
797.83
660.48
158.57
539.79
215.45
721.99
342
373.77
213.1
318.25
272.3
167.31
151.82
534.22
22.54
533.45
740.94
702.41
36.98
525.21
139.98
328.72
533.18
432.63
771.32
55.02
215.38
486.01
342.68
590.23
743.83
532.25
615.81
642.73
391.31
244.25
588.66
345.27
606.12
165.98
9.37
82.93
643.79
323.58
444.59
761.51
746.59
49.52
409.73
79.39
779
25.7
447.37
747.5
25.96
629.94
328.83
393.27
554.82
704.8
174.84
367.63
364.2
490.51
562.11
192.5
3.87
232.34
461.89
719.02
1.38
224.87
542.18
134.62
348.6
533.61
391.88
468.02
544.15
240.39
609.64
285.62
748.97
530.75
83.75
341.52
13.09
82.27
611.07
621.09
756.97
711.06
566.41
426.48
690.27
663.52
118.96
686.73
293.18
290.87
572.27
297.67
600.1
338.63
469.01
376.39
329.34
14.96
32.41
724.21
176.49
669.7
131.65
787.43
181.77
121.87
799.16
790.99
327.26
91.49
299.07
81.77
794.42
712.35
193.01
395.72
668.81
163.89
542.27
225.01
726.44
195.06
28.41
232.22
55.84
220.59
545.96
799.23
353.04
796.21
630.19
617.73
731.72
217.01
327.46
111.19
436.98
291.45
403.02
59.01
255.57
723.13
258.47
446.58
147.11
707.53
232.29
279.43
459.74
294.94
346.52
626.6
220.89
416.12
798.23
203.02
502.06
617.55
424.15
431.78
40.91
231.8
388.74
327.47
623.98
636.47
101.74
758.9
607.66
466.91
210.39
623.01
439.42
485.52
289.64
206.85
17.96
755.59
420.68
136.74
298.03
378.61
119.51
445.61
659.14
625.48
681.47
11.87
209.73
51.97
79.76
352.97
728.05
110.84
365.43
589.58
484.91
776.27
688.68
654.71
717.52
65.34
561.5
416.34
401.44
540.26
276.57
667.93
699.53
670.2
768.35
268.37
307.45
548.98
124.58
212.21
649.39
701.79
663.06
595.89
545.11
141.28
289.33
290.83
528.74
690.26
629.26
699.38
394.47
71.18
702.69
619.77
94.72
624.26
344.24
201.08
151.02
637.26
565.86
234.77
490.03
717.45
641.42
471.7
188.54
149.79
679.14
253.05
256.01
525.14
47.76
762.39
155.63
691.97
252.33
253.81
655.47
309.66
744.97
378.87
271.87
13.01
570.74
504.86
634.05
129.83
132.52
571.54
438.89
397.35
32.33
564.43
701.35
549.85
155.79
719.53
484.02
713.04
21.27
363.96
100.64
134.08
414.73
244.33
315.52
623.3
403.91
210.46
508.82
698.21
208.63
601.78
523.41
243.53
658.22
686.9
352.83
588.38
244.17
445.11
374.08
639.95
622
17.58
773.24
459.44
258.82
329.59
229.66
378.53
115.48
195.43
674.4
506.79
556.64
326.09
228.85
440.82
215.33
70.71
231.08
33.24
513.17
591.86
81.24
757.83
215.46
489.65
268.7
113.67
257.37
321.25
581.89
482.03
71.67
742.26
543.06
102.28
65.28
292.32
135.08
597.99
515.05
274.57
3.83
556.15
159.91
315.24
783.41
154.92
217.98
151.7
97.66
33.28
673.37
717.09
652.2
712.84
133.93
661.58
151.35
525.56
281.38
499.9
757.58
658.09
462.6
236.84
81.78
523.45
194.36
504.85
101.51
372.1
485.11
338.67
391.53
370.57
702.72
523.97
589.65
508.58
588.71
62.6
292.42
411.18
454.54
177.88
792.96
233.44
723.58
326.76
336.87
144.17
253.67
743.23
518.02
27.24
159.75
691.38
463.3
46.56
333.56
453.71
470.85
567.66
311.96
541.72
484.5
255.3
426.6
791.98
334.98
710.15
731.32
321.29
425.08
510.73
281.27
414.11
648.23
307.84
543.25
734.74
410.45
767.8
123.85
37.63
159.11
714.46
289.95
539.68
560.3
421.68
601.44
616.72
601.14
452.6
658.36
770.83
794.73
184.77
406.57
775.48
111.98
102.09
33.43
771.13
577.31
310.13
532.54
508.48
544.53
205.45
159.82
446.4
726.37
153.26
219.69
515.99
759.37
649.41
693.95
471.56
151.43
214.34
354.22
294.64
460.16
167.23
522.2
675.2
306.97
755.45
456.87
700.89
652.67
659.93
412.41
638.91
628.49
248.39
376.8
28.12
28.55
86.15
695.47
716.72
619.54
552.81
51.52
138.37
193.08
720.43
109.23
603.99
662.65
320.81
190.13
94.32
792.95
446.22
474.19
382.35
380.51
737.12
28
528.52
480.81
448.64
548.23
147.79
398.37
72.77
526.86
189.92
577.79
41.18
734.84
154.14
156.28
200.65
786.67
251.91
745.89
320.05
718.91
654.8
724.99
725.33
691.17
544.43
303.07
613.33
579.89
29.82
660.02
389.88
173.91
199.67
765.93
384.84
368.58
47.13
56.41
393.14
248.82
433.07
21.82
734
233.75
447.02
259.11
570.96
338.3
726.53
739.22
219.94
457.24
769.12
638.83
453.09
339.81
797.48
582.79
411.81
675.53
482.76
235.49
169.13
419.35
490.7
649.79
52.5
417.18
658.45
615.27
80.55
111.45
297.11
709.06
24.3
256.41
138.4
737.89
59.62
169.94
728.66
160.82
447.48
459.89
12.22
366.42
756.42
477.15
77.6
617.07
55.93
601.03
130.43
314.1
361.53
367.59
314.93
406.56
397.01
633.49
375.61
285.61
358.91
437.1
164.69
519.46
123.42
729.5
614.7
783.54
388.58
16.71
518.68
757.86
239.74
121.97
657.93
658.8
766.82
449.13
186.86
659.1
203.41
165.8
533.26
652.97
421.63
484.53
718.92
34.15
501.6
156.4
600.44
799.24
511.99
436.14
66.43
465.25
496.63
337.4
493.36
457.73
30.29
367.08
483.01
568.84
130.45
470.12
404.06
66.18
485.87
433.3
446.59
657.84
217.95
508.76
609.65
652.52
259.58
754.15
339.68
223.6
798.08
112.21
104.05
688.94
274.93
192.73
330.09
392.31
141.72
251.87
615.41
301.2
472.65
598.69
224.45
327.6
296.11
757.11
307.89
342.17
73.39
49.52
202.17
732.57
294.26
178.25
22.01
229.39
452.73
612.14
481.53
164.61
97.48
78.6
703.7
412.15
605.81
226.21
42.65
17.02
501.43
519.48
101.07
648.02
771.72
525.63
717.05
307.88
177.29
452.13
75.94
778.08
657.39
197.98
380.04
286.99
707.53
696.72
561.64
119.99
782.86
92.43
492.28
402.83
390.82
765.64
525.45
720.31
268.76
119.27
256.09
282.18
150.1
724.95
564.37
153.64
5.72
759.07
256.26
652.34
693.35
157
454.22
586.33
434.76
797.77
557.46
598.74
276.84
378.36
667.25
763.66
163.59
694.56
398.9
596.22
231.33
285.81
609.81
347.67
547.23
764.46
622.21
25.79
134.78
51.87
483.25
546.38
140.38
623.21
780.25
114.65
398.86
27.29
286.93
645
373.17
363.08
301.99
137.53
675.92
696.6
716.31
628.55
683.51
611.11
278.22
98.95
340.46
695.22
742.56
55.77
142.22
513.81
246.42
628.23
772.83
538.48
295.97
693.38
229.34
194.14
516.63
362.77
475.68
545.13
690.28
402.67
11.16
228.29
755.1
105.42
761.41
146.72
355.01
792.66
261.72
553.43
152.54
86.29
436.25
44.41
736.66
485.27
76.56
119.87
179.34
755.25
338.48
676.04
426.98
402.04
445.21
634.58
560.71
588.69
404.97
359.87
776.24
11.14
434.57
157.65
694.61
17.08
620.27
566.63
102.12
613.27
308.19
306.56
282.03
525.3
31.5
138.31
53.77
541.21
556.49
554.46
125.32
67.48
62.39
170.91
789.46
341.68
477.59
86.86
689.66
96.82
251.24
332.88
458.47
788.34
314.53
341.07
777.17
103.97
731.71
733.34
307.2
298.5
721.74
395.63
508.86
184.1
704.24
594.22
4.16
665.87
534.78
219.76
448.8
786.62
574
247.79
377.45
95.32
439.33
580.24
438.38
795.62
782.2
562.1
591.99
52.33
297.34
661.8
501.83
369.9
46.38
526.43
486.63
387.23
636.81
158.34
794.71
714.67
544.04
601.97
680.95
47.49
52.51
467.59
262.46
262.89
18.65
757.57
700.51
413.1
151.59
529.07
232.8
682.09
574.58
487.96
485.95
52.6
90.22
348.64
227.37
610.58
19.54
776.64
570.62
759.01
476.28
772.71
591.42
360.37
580.69
394
786
85.64
689.53
675.04
536.6
661.61
451.58
37.64
616.52
179.31
8.92
104.3
408.23
421.73
79.56
233.17
493.04
545.17
639.68
482.7
530.93
654.23
648.22
338.05
187.02
160.07
231.86
562.05
652.94
647.78
617.3
781.65
674.12
257.26
794.55
80.15
320.91
353.46
485.82
265.92
422.96
227.73
346.47
299.25
492.21
735.43
391.37
709.22
29.72
84.86
316.98
477.63
640.45
361.83
298
560.43
69.6
159.16
728.93
747.65
145.38
217.84
240.36
621.19
102.56
789.48
531.39
545.8
759.34
304.16
351.97
498.67
192.24
482.55
798.94
140.91
664.3
233.27
246.8
166
104.14
291.72
133.3
511.4
798.13
286.04
226.23
140.03
87.08
711.21
388.3
792.95
179.98
11.58
265.41
585.21
674.31
570.51
779.53
48.23
445.26
758.39
364.07
562.57
257.41
238.14
367.61
646.58
324.85
317.31
187.41
730.75
143.92
513.93
239.76
403.05
524.36
57.58
393.68
505.33
302.87
426.91
207.58
275.37
99.73
528.34
400.08
797.32
767.93
367.18
1.4
379.67
541.71
687.99
536.09
634.11
91.49
657.7
513.65
548.72
730.48
128.43
441.44
697.53
635.81
20.13
196.83
415.56
79.93
291.27
207.08
654.05
42.25
451.91
674.31
264.41
415.56
575.93
104.3
728.66
145.32
99.94
798.28
305.22
696.45
716.62
387.91
609.46
367.58
251.61
37.6
446.42
797.5
744.59
690.41
618.88
37.92
690.09
386.1
792.18
337.65
365.25
138.86
51.88
56.92
341.34
189.23
474.18
469.57
584.65
798.87
793.2
744.27
292.65
559.87
110.19
557.39
762.31
758.13
231.45
521.56
276.34
2
413.27
762.51
798.95
135.2
388.32
456.55
312.99
145.63
217.69
518.31
92.71
367.16
702.1
633.43
312.27
438.88
249.74
146
298.68
323.51
677.2
490.41
8.21
589.02
282.32
725.96
22.54
129.08
659.65
173.35
666.65
466.21
774.61
304.45
460.36
199.91
222.72
765.01
153.8
87.51
176.31
451.92
404.29
232.86
539.54
235.11
682.8
708.28
313.85
1.01
327.38
68.81
799.35
592.5
64.72
192.63
257.93
712.92
451.95
85.15
761.33
459.72
286.15
710.04
291.01
314.08
602.24
17.44
592.65
161.33
486.74
571.22
246.05
215.64
336.51
343.42
86.21
671.86
285.17
365.85
17.28
132.19
616
730.13
292.85
262.01
521.4
179.9
34.59
522.46
567.77
444.44
195.62
153.34
665.47
578.27
740.69
110.55
788.32
522.86
229.3
102.44
426.02
57.12
522.52
414.25
266.22
372.84
137.99
372.43
12.85
158.65
136.64
368.94
320.17
545.7
7.71
547.85
685.56
538.04
114.64
772.4
604.22
799.22
123.97
101.76
752.03
417.44
444.95
673.05
235.94
360.82
646.79
565.05
276.58
346.29
799.3
711.86
97.18
761.45
88.3
39.85
235.98
212.82
539.94
705.95
7.61
546.21
120.89
144.98
523.65
581.41
121.19
702.38
599.85
624.2
514.56
775.54
206.34
28.37
645.74
5.32
79.13
578.8
257.45
693.87
196.03
386.22
442.09
448.83
564.38
596.59
89.1
295.47
64.6
173.99
485.79
619.38
170.47
154.92
384.26
515.29
211.91
157.67
6.82
25.26
20.25
488.11
686.92
36.82
389.43
686.64
685.03
629.28
51.64
785.31
223.14
651.22
305.98
291.23
463.47
720.57
574.23
281.87
609.94
333.51
190.91
214.89
281.21
76.44
308.21
768.24
268.66
728.42
3.2
359.48
394.5
631.92
493.11
20.33
783.84
360.36
194.5
721.74
778.17
127.32
114.86
105.9
390.49
380.51
390.41
198.95
401.16
212.1
624.11
332.86
638.7
659.12
698.65
151.87
567.68
416.13
369.31
363.94
695
736.49
735.5
280.04
587.36
653.18
84.85
604.74
666.95
226.09
666.83
684.93
279.73
533.7
24.18
415.11
444.55
784.06
614.24
107.23
219.82
191.93
32.58
766.72
138.3
601.2
359.38
55.8
157.11
179.97
635.2
252.26
495.53
260.36
245.04
284.89
302.47
225.85
690.08
87.18
251.94
121.92
714.07
688.28
528.37
54.84
231.69
726.85
676.47
732.28
147.98
620.59
607.52
402.82
785.77
255.18
6.2
664.19
602.68
332.13
9.45
670.17
714.33
650.75
340.54
284.47
365.36
359.01
104.24
87.16
1.09
677.56
784.87
244.42
573.67
647.28
528.74
95.13
771.67
224.25
314.88
591.2
9.65
272.21
150.57
285.42
775.58
500.26
60.01
57.64
315.89
451.28
51.73
84.46
620.87
367.56
591.47
342.13
535.87
564.01
486.79
332.21
691.03
393.74
514.64
19.81
527.35
199.84
246.4
20.4
703.22
488.96
762.48
295.54
128.61
598.81
352.33
653.97
493.18
238.25
310.03
273.51
688.38
426.29
452.34
437.31
346.33
317.9
51.29
89.16
249.19
451.52
320.43
102.92
370.45
641.1
576.79
479.43
50.41
796.06
188.8
462.44
578.54
124.83
750.12
701.24
226.22
319.36
214.05
374.87
446.58
640.91
256.08
78.09
136.65
34.57
777.76
711.13
572.64
232.39
331.42
75.74
255.16
235.03
246.53
73.26
523.16
94.97
93.43
16.57
713.39
481.33
793.36
388.37
676.67
764.03
773.36
674.78
18.26
335.03
550.11
20.7
531.67
648.96
156.94
543.9
38.58
596.01
412.4
495.35
744.58
125.26
655.05
478.62
517.79
62.8
4.94
710.82
630.78
137.4
290.96
651.67
265.56
169.82
709.55
509.84
224.4
151.95
44.41
707.79
59.85
675.73
103.28
770.91
477.56
166.43
664.96
630.7
477.49
741.69
78.62
462.64
252.93
224.62
498.19
339.58
797.78
304.94
222.7
360.35
58.42
289.05
20.31
166.09
442.56
665.49
378.59
137.03
300.59
512.27
558.12
184.47
662.07
95.87
789.75
750.91
737.45
71.26
615.71
253.28
531.11
479.08
797.26
19.74
311.99
359.9
662.02
12.89
702.11
187.46
116.82
755.12
362.04
569.62
13.93
250.1
274.3
145.24
309.01
457.19
434.65
569.06
63.09
672.12
317.95
392.57
724.64
21.51
562.41
2.27
264.33
177.85
688.5
337.7
693.89
19.66
419.44
434.78
118.13
274.59
537.45
142.45
103.63
585.5
242.65
649.31
44.49
562.37
744.68
310.58
432.15
274.78
223.02
649.99
311.9
369.99
297.14
274.03
419.7
716.55
671.29
224.58
798.57
760.48
338.55
92.3
369.99
473.35
798.58
454.57
743.16
623.2
492.93
379.73
0.84
770.47
480.51
723.26
692.3
259.64
296.01
33.93
616.15
8.77
104.77
206.94
45.4
44.29
539.2
775.07
159.04
690.82
133.42
211.07
22
680.27
476.34
87.89
15.14
264.76
29.06
746.39
117.14
653.86
250.62
129.23
120.63
210.52
76.72
130.95
694.58
228.27
194.9
360.65
58.79
79.17
371.1
592.34
202.86
50.79
617.64
752.8
727.17
374.83
145.43
324.29
386.69
310.06
3.04
563.51
783.64
100.67
297.54
703.16
787.92
337.54
373.36
671.65
193.07
644.38
369.97
246.13
352.59
8.77
694.88
617.13
339.79
156.41
665.74
655.42
325.2
16.9
666.12
391.52
1.97
777.41
120.98
78.03
513.88
385.15
780.66
229.25
632.17
523.54
326.46
620.11
122.71
384.53
66.63
723.26
670.17
5.91
680.18
16.34
629.43
258.05
697.56
261.29
22.32
58.42
539.62
49.69
719.23
481.95
424.86
668.15
270.06
738.94
155.1
369.95
581.41
659.23
475.71
19.16
36.79
766.61
39.1
448.85
366.87
101.12
78.38
768.22
433.04
297.72
63.4
700.08
610.91
664.97
218.96
317.51
718.64
777.6
355.46
129.71
175.65
360.11
668.75
759.47
522.03
105.34
228.5
257.51
792.75
466.14
153.39
556.85
746.34
166.2
767.49
170.89
655.01
450.66
599.43
127.56
583.83
537.69
372.78
317.54
397.02
476.82
325.12
376.45
294.01
226.04
265.53
576.19
333.86
306.8
276.02
326
270.23
527.77
365.09
307.85
369.3
421.99
554.6
738.39
31.39
560.98
311.54
650.14
598.09
189.79
221.29
455.25
749.1
43.78
376.48
369.53
238.82
650.02
289.55
388.94
691.74
75
662.29
731.29
312.64
57.85
528.51
594.06
434.77
781.65
351.74
521.05
488.28
522
58.65
593.12
0.01
188.87
308.76
297.09
773.42
423.38
706.57
31.38
495.42
336.04
475.72
601.53
536.29
448.66
763.7
332.71
160.49
76.51
183.8
632.51
397.48
346.76
99.86
524.86
347.87
455.15
685.69
122.36
360.53
673.86
589.52
475.63
363.34
637.38
408.18
611.46
584.83
770.75
392.23
133.68
600.37
432.33
453.17
483.02
101.7
31.83
154.74
534.5
537.02
453.99
211
656.19
301.53
419.9
481.35
39.86
34.39
174.48
766.98
45.87
8.36
554.5
783.96
621.29
0.12
555.35
678.15
261.79
109.9
37.18
430.85
211.62
581.06
524.58
645.68
408.6
160.72
798.08
659.52
609.84
75.51
580.57
192.63
258.11
777.51
284.99
251.5
639.29
570.22
107.65
166.53
491.72
163.65
274.5
497.07
653.01
422.05
744.42
330.82
744.31
624.06
254.09
147.7
668.1
52.59
666.21
279.74
171.04
205.54
105.93
149.92
54.71
480.79
14.67
364.83
413.24
270.86
54.53
428.54
201.23
628.48
445.16
126.17
577.92
645.62
28.72
546.63
405.2
790.58
288.11
8.96
784.54
189.15
216.03
34.36
133.42
789.1
163.6
634.55
466.95
791.35
454.83
239.09
23.06
109.75
146.81
352.74
642.14
708.48
465.15
334.12
116.91
624.18
523.22
496.22
224.33
301.82
46.09
716.5
237.1
176.25
148.15
277.09
755.24
241.54
55.1
542.27
86.4
186.51
529.37
80.81
315.54
202.1
633.88
175.71
720.36
287.47
264.93
347.49
264.94
183.99
384.35
676.37
535.53
471.8
75.17
236.13
731.12
0.44
328.03
714.85
611.25
140.72
37.86
119.82
685.34
564.22
40.42
764.92
563.56
472.79
463.83
55.43
260.99
706.54
249.02
121.04
610.01
388.62
563.38
474.52
710.54
719.07
24.93
406.15
651.44
387.12
372.56
658.26
287.96
289.54
679.62
710.53
175.32
318.06
343.56
122.12
461.23
260.81
268.61
634.01
612.37
195.28
525.16
57.32
103.2
87.94
11.67
11.11
367.12
750.81
734.46
301.77
166.3
299.22
12.7
481.87
16.38
701.96
454.88
775.5
176.43
130.51
368.88
786.42
211.05
731.31
429.1
232.27
150.94
574.54
19.84
341.49
186.62
292.34
188.67
192.45
332.53
686.98
584.66
452.83
740.03
121.92
77.85
288.41
328.5
172.62
555.26
20.05
667.66
475.4
171.4
271.71
559.55
582.45
292.88
424.46
14.02
564.46
582.17
770.51
419.67
254.25
735.47
737.56
139.86
672.18
165.04
431.14
732.76
740.83
119.25
329.72
566.73
160.72
447.88
448.5
77.06
356.41
19.75
531.21
482.58
644.04
24.49
407.48
319.29
399.53
147.88
73.41
733.73
264.83
501.9
260.1
295.03
508.94
299.8
509.8
577.85
276.3
245.23
785.2
662.83
706.6
638.85
570.99
236.05
734.19
551.65
391.22
481.17
499.1
247.94
254.39
69.2
610.11
644.92
764.92
50.84
255.9
157.83
480.56
127.63
303.15
638.53
31.55
389.12
358.11
455.24
38.47
333.01
316.46
346.06
399.37
534.32
410.3
581.73
270.59
84.51
355.27
682.4
608.73
491.08
112.28
121.98
63.76
735.97
627.75
795.26
288.08
709.14
340.71
316.99
783.9
326.61
322.19
763.52
602.74
386.01
205.57
7.97
274.07
133.07
3.52
2.44
85.9
98.76
226.77
703.95
110.56
362.34
372.88
755.3
97.26
723.25
42.09
119.86
405.91
426.2
375.05
474.24
408.11
786.27
76.61
688.71
194.47
119.76
160.12
663.97
729.56
795.8
789.56
188.51
569.87
630.93
479.33
593.35
144.27
566.31
172.48
736.27
220.05
453.77
775.78
322.4
350.55
45.08
331.4
107.59
311.73
677.83
730.79
655.85
702.57
420.6
111.89
310.63
724.97
89.93
551.01
264.73
248.58
387.06
233.83
178.17
602.5
389.19
77.25
165.33
93.33
738.15
748.94
302.04
140.65
80.08
622.81
73.93
461.39
515.38
133.62
600
451.07
440.97
723.48
645.68
677.04
621.38
141.83
709.77
18.63
60.15
661.13
592.21
759.83
279.46
50.93
395.94
321.97
670.35
519.97
489.61
698.92
254.65
518.8
280.01
33.24
233.52
549.52
668.7
417.92
70.92
586.34
676.85
13
293.81
151.95
370.18
289.33
179.99
83.96
561.12
113.62
539.38
571.48
51.41
517.91
114.92
243.82
688.13
165.41
649.7
190.74
799.19
700.52
473.87
497.32
281.81
770.98
171.44
208.27
61.92
761.56
221.18
517.86
743.55
308.05
339.09
321.01
470.5
125.32
611.89
341.11
338.05
688.9
787.79
691.99
52.82
390.65
360.26
495.06
219.29
555.32
237.63
426.23
755.54
11.1
781.94
777.66
45.18
16.68
8.81
136.53
207.04
751.43
21.1
249.54
148.39
310.11
215.99
444.45
755.28
430.09
642.95
716.01
16.72
534.51
755.51
376.67
529.44
118.26
757.61
135.53
161.28
729.3
409.85
227.83
783.68
312.19
502.85
432.41
17.4
658.47
541.56
193.89
189.03
460.8
197.11
105.7
90.98
668.67
288.97
121.05
330.68
275.08
151.11
789.88
747.34
387.59
572.12
320.27
555.38
573
561.27
469.05
389.59
486.96
405.44
281.77
691.61
724.85
221.12
791.21
585.68
488.16
588.88
710.28
80.05
334.39
172.06
439.46
500.33
429.02
337.86
337.48
323.02
715.31
4.3
706.88
517.94
165.7
421.8
440.98
32.34
239.5
488.79
103.37
66.51
86.97
633.59
107.23
593.01
36.44
499.62
155.59
157.79
434.56
768.3
202.75
234.21
5.58
143.75
533.6
293.28
89.72
340.97
245.18
13.09
298.17
660.28
291.93
248.42
374.84
332.32
663.93
460.16
705.99
137.37
635.73
466.05
470.86
300.25
251.95
283.78
676.71
674.17
764.83
721.41
734.27
301.42
0.34
37.08
268.27
230.69
70.9
486.61
392.74
647.67
497.79
369.5
530.59
687.35
395.91
782.73
270.52
50.38
276.31
120.75
533.87
366.34
768.35
163.78
465.63
455.03
28.84
731.36
446
397.01
574.91
312.82
144.34
624.67
635.98
663.89
556.11
353.08
393.89
217.63
613.61
408.6
545.27
758.31
605.45
536.49
282.7
754.87
665.09
623.74
77.57
398.47
48.63
451.75
50.41
359.85
760.59
276.3
794.6
66.72
493.23
457.79
37.68
153.29
711.88
795.3
784.07
113.15
391.12
297.73
119.7
385.45
394.29
381.45
264.83
135.36
247.95
684.9
360.52
605.85
274.69
544.68
693.31
780.6
339.79
186.82
566.6
767.9
707.12
254.35
472.27
626.86
114.95
82.27
62.79
453.81
315.43
35.61
536.64
541.76
33.07
683.19
631.51
35.01
240.91
218.78
207.92
110.92
128.5
586.73
239.77
750.55
159.16
416.89
220.39
84.01
456.55
529.34
635.86
657.64
309.21
655.86
285.09
386.9
654.59
583.74
238.08
413.69
100.57
245.17
143.99
529.51
367.52
743.59
280.4
796.8
662.87
755.07
529.3
618.02
478.18
84.97
130.48
58.68
442.1
673.04
538.46
65.22
316.92
297.4
191.53
636.31
503.47
293.89
721.33
508.12
539.25
221.96
139.78
438.54
607.87
7.41
799.18
31.74
91.61
72.14
648.73
376.84
529.15
789.78
703.83
467.23
708.71
521.45
230.96
475.25
388.89
404.17
345.37
347.71
663.69
588.12
146.65
341.18
247.47
272.09
264.24
88.04
717.98
631.6
137.28
99.55
226.2
766.8
324.85
623.6
730.9
501.57
631.57
386.79
437.06
486.36
640.67
340.62
262.3
744.09
780.27
314.78
575.12
455.05
523.84
391.99
317.54
255.18
313.61
185.29
386.03
781.95
724.97
613.85
636.41
352.41
210.35
615.37
110.85
555.16
18.15
671.99
735.57
566.37
786.02
21.49
464
566.98
439.11
305.74
234.53
709.04
446.86
130.93
95.1
430.82
459.9
45.93
386.56
723.53
35.19
272.16
225.96
241.87
94.02
669.05
190.99
465.61
518.42
452.87
84.44
194.82
167.04
622.84
460.16
461.82
161.23
676.98
423.65
666.72
622.25
495.61
83.34
178.57
133.07
361.75
142.48
629.04
420.94
631.39
308.69
773.91
453.25
766.5
692.82
696.1
787.3
342.12
553.38
703.64
650.4
366.05
471.67
367.65
220.42
564.37
288.39
0.75
270.98
672.79
308.72
200.29
315.32
111.7
168.18
393.76
675.91
554.74
4.43
160.76
226.19
37.37
337.78
447.91
376.81
472.1
595.53
607.97
474.35
9.18
316.89
254.53
42.94
589.03
340.19
475.91
604.4
617.05
154.84
302.12
297.21
568.21
467.53
160.92
389.41
590.43
435.79
560.84
419.64
410.49
524.93
417.91
483.14
610.12
404.36
401.81
491.78
63.51
691.99
255.27
162.2
142.41
183.69
10.65
323.96
276.67
33.47
78.02
499.24
746.48
349.06
93.03
221.39
671.99
473.06
29.28
670.13
207.3
753.65
657.01
431.38
393.65
659.18
222.28
226.44
643.33
668.13
623.4
652.88
225.68
523.5
170.01
205.38
783.52
542.81
579.99
187.35
302.05
591.83
274.08
118.61
623.3
215.4
286.42
209.18
721.5
520.98
56.15
425.26
459.65
356.31
78.98
269.61
164.94
505.88
735.33
460.43
434.87
460.99
156.57
31.04
592.49
68.49
326.16
137.34
501.07
603.51
164.98
51.5
192.51
336.27
646.48
431.94
318.61
348.36
634.64
544.78
11.28
241.18
311.16
259.49
248.99
245.21
533.95
496.01
400.58
5.06
42.17
388.07
670.18
681.29
65.6
406.1
113.07
460.48
682.49
790
422.55
90.55
224.39
104.67
431.68
140.93
261.83
427.63
191.34
496.89
422.47
527.89
74.73
752.11
710.78
274.88
75.26
325.09
603.23
657.81
683.18
209.22
654.53
166.18
352.84
317.37
544.74
743.78
754.63
573.63
556.62
554.08
347.13
208.6
383.15
764.34
87.49
48.96
620.23
647.66
337.41
559.81
578.13
84.71
618.75
150.15
134.12
714.83
711.62
606.86
579.01
277.95
659.43
617.59
132.67
493.18
200.75
9.38
780
615.28
222.64
551.01
293.37
450.64
663.55
631.62
611.86
223.09
96.04
394.88
50.67
174.75
218.84
799.62
126.19
412.81
642.03
651.41
569.26
288.2
406.01
223.06
492.35
516.06
127.34
92.65
558.16
131.69
706.86
719.52
766.37
230.51
751.21
104.34
280.46
474.4
715.41
0.08
383.05
256.42
451.1
55.6
631.32
700.84
38.27
345
60.17
258.05
171.24
630.88
119.42
121.69
175.62
145.55
662.74
674.87
245.81
401.28
214.35
73.11
531.39
253.31
220.57
672.59
340.5
561.98
783.79
9.81
774.32
565.6
512.3
378.01
472.91
219.98
725.2
275.38
176.85
522.76
254.74
789.87
679.76
142.44
544.77
248.66
174.02
449.05
29.91
771.25
691.79
431.58
420.47
762.19
181.19
543.69
449.19
636.66
392.04
315.31
144.71
47.51
619.25
129.12
401.19
356.78
323.34
20.87
752.06
229.52
728.25
349.85
619.74
221.38
719.2
159.11
334.08
677.4
417.13
504.19
58.5
697.03
770.6
204.33
191.99
550.18
644.69
643.97
404.83
24.43
732.71
323.13
767.79
682.77
315.34
345.74
11.03
150.79
419.95
567.49
605.96
594.67
127.16
271.14
39.54
133.89
605.53
738.07
591.71
670.27
462.45
6.43
131.55
78.54
621.6
141.39
229.99
779.06
255.08
589.08
614.57
343.07
270.51
397.4
738.81
517.8
404.95
230.38
289.54
686.19
236.78
588.02
367.55
564.86
249.23
212.77
234.88
492.36
221.01
54.91
303.48
46.98
745.29
470.78
70.95
125.47
587.3
271.18
23.24
10.34
357.97
746.46
176.09
491.87
467.28
629.31
165.96
709.01
539.31
180.52
20.31
793.82
19.66
787.76
113.97
12.05
136.59
461.92
655.34
339.16
577.77
449.71
552.99
422.15
214.89
379.75
52.7
528.82
667.5
214.12
18.52
335.92
80.76
93.6
267.46
634.5
557.82
684.56
324.73
773.55
174.25
338.6
140.56
226.65
601.14
187.04
265.46
37.12
528.69
683.47
743.67
751.78
557.83
189.15
400.39
277.68
214.08
596.72
116.06
265.88
464.69
683.3
712.81
318
584.96
157.96
445.83
620.23
78.73
422.68
398.52
681.81
205
105
275.42
35.81
145.6
607.48
18.51
627.18
129.59
309.56
520.03
87.86
389.22
17.82
594.34
703.05
42.61
188.36
59.24
647.66
442.34
301.53
54.83
619.39
542.01
398.35
225.7
206.16
43.85
271.39
199.37
0.73
193.49
769.53
486.7
60.11
179.06
435.47
37.12
555.07
446.53
771.31
679.57
324.99
515.95
703.72
741.12
431.86
402.67
401.52
689.05
177.24
586.28
778.7
99.45
628.27
755.87
127.08
639.01
703.52
107.08
539.32
127.66
765.6
7.32
505.29
799.55
395.83
385.12
262.2
583.11
637.38
576.74
789.03
539.42
639.72
733.08
392.87
705.44
396.81
563.81
554.56
720.44
384.55
437.7
216.95
378.56
223
730.41
687.06
78.57
741.76
86.55
97.08
510.02
640.78
230.48
179.02
441.16
450.32
694.04
698.54
665.32
725.17
19.71
176.67
583.26
544.24
198.6
641.88
554.33
514.67
796.54
163.79
42
702.52
282.41
346.5
192.39
263.17
62.96
154.6
478.32
292.72
239.82
47.57
575.16
763.09
26.91
136.18
390.5
356.6
244.7
142.46
38.28
133.83
378.93
608.15
559.49
454.21
694.61
601.56
25.85
685.92
362.09
697.81
775.29
612.47
318.09
99.11
547.85
279.7
678.08
261.57
331
23.61
434.22
669.74
615.81
306.73
746.94
9.53
406.4
548.91
233.54
119
426.58
122.74
745.74
243.8
137.27
94.71
536.54
758.36
184.42
506.65
244.12
428.36
269.3
580.57
16.85
763.14
603.43
517.01
286.61
675.27
237.48
430.5
185.97
217.62
588.62
102.34
712.92
723.41
457.7
498.04
247.65
566.54
785.55
217.15
675.88
189.38
665.78
77.24
676.74
219.81
210.61
581.94
319.98
450.16
756.66
366.06
506.94
679.16
622.57
132.21
795.74
782.11
482.95
298.19
667.14
669.72
510.46
364.64
136.53
174.44
252.24
37.72
379.02
320.02
403.86
289.3
569.89
541.44
524.41
594.23
771.52
396.45
0.24
594.25
333.89
404.19
291.47
99.19
122.15
699.88
140.31
793.37
342.44
600.66
152.84
776.74
96.99
328.62
585.79
762.84
649.23
325.76
4.94
346.91
432.34
396.71
199.35
265.95
278.46
560.29
77.73
226.4
187.15
285.2
456.27
387.91
689.49
424.08
659.17
28.67
289.13
509.76
327.53
179.11
44.56
347.02
300.83
410.54
264.43
642.88
771.02
29.34
273.31
688.81
780.96
785.58
14.13
233.3
78.7
82.11
285.47
520.06
702.54
789.6
794.53
738.43
154.26
74.47
792.34
553.56
551.95
771.67
691.47
223.41
354.98
487.19
183.03
759.16
221.75
492.06
137.25
51.02
566.81
535.83
97.15
140.2
115.98
522.7
732.83
746.09
689.39
689.85
422.47
491.12
749.37
357.29
697.97
755.62
599.01
254.23
620.42
505.41
208.74
533.98
783.63
649.56
458.65
146.69
210.99
257.68
30.21
282.63
625.8
788.91
327.6
109.41
451.41
714.87
501.6
129.74
646.74
434.04
62.27
236.69
711.98
392.02
181.24
78.23
457.94
87.89
607.41
570.11
431.39
757.09
702.88
35.81
284.02
292.13
611.43
746.71
159.12
357.73
703.88
737.15
448.31
716.45
319.54
333.12
167.65
496.78
369.12
691.83
766.81
479.18
691.6
750.79
43.71
538.57
671.67
744.33
297.5
614.26
20.61
254.57
708.58
716.97
220.39
385.91
633.11
698.18
726.77
300.11
585.6
419.78
764.8
761.12
527.96
668.03
719.19
562.94
30.05
652.48
616.25
773.44
604.86
542.93
336.61
646.2
125.86
367.28
703.25
505.25
333.28
330.57
107.38
790.96
717.12
388.63
438.5
186.18
92.2
303.73
652.82
100.9
723.07
614.37
320.65
385.31
73.95
640.9
32.27
635.06
363.91
767.69
290.37
184.11
101.64
227.84
130.12
311.66
169.12
366.69
134.78
24.05
517.6
229.12
428.29
64.8
414.74
70.31
649.43
713.64
454.51
569.34
653.58
766.17
322.38
712.75
580.81
470.18
687.24
338.75
111.99
253.73
411.21
719.33
701.52
352.24
62.53
489.96
132.39
109.24
587.41
709.39
702.53
568.14
727.06
222.77
669.32
243.15
398.2
294.48
732.38
670.29
323.93
413.02
236.52
231.09
102.59
118.59
566.63
307.26
70.7
136.41
502.76
263.23
405.66
578.83
620.85
482.9
87.64
69.43
374.85
130.02
733.72
772.52
495.06
286.37
632.78
60.51
379.59
328.26
469.08
306.5
743.21
635.85
121.64
523.13
418.89
556.87
474.31
255.31
692.6
784.46
768.07
646.32
325.23
24.12
36.37
111.22
40.02
288.41
716.05
279.85
760.89
50.13
784.63
203.22
0.59
183.08
258.57
513.3
465.09
735.19
220.35
466.71
126.52
522.16
548.13
31.75
523.04
489.52
45.9
324.24
215.56
15.49
654.45
142.1
478.24
184.55
366.64
401.8
309.34
772.81
214.32
165.45
709.53
14.24
195.38
435.64
575.14
176.76
402.32
448.83
472.95
723.83
755.4
32.34
258.99
713.77
54.94
394.1
760.12
74.57
676.61
682.61
199.03
207.2
196.6
370.71
246.06
638.67
225.32
268.48
697.49
336.96
585.51
786.44
779.78
13.58
443.28
789.15
734.85
211.09
186.55
174.02
756.32
452.98
468.98
369.19
195.88
100
402.43
367.5
133.03
220.98
256.19
570.82
626.87
150.9
749.03
144.11
104.21
76.6
790.24
399.43
256.58
792.9
361.18
607.37
683.38
794.21
777.67
465.17
324.37
768.08
81.92
398.48
546.24
572.47
595.86
560.88
489.25
461.27
460.09
303.26
391.66
554
99.27
74.94
155.85
260.06
360.06
129.83
395.83
223.73
118.14
297.18
384.13
710.32
615.87
429.82
678
335.23
193.14
279.84
770.11
256.24
720.79
377.77
796.23
198.88
127.05
795.44
505.34
754.89
352.66
595.2
118.67
620.53
9.2
581.53
588.56
283.31
670.78
774.65
450.65
41.19
689.99
277.99
654.03
6.56
647.44
308.74
597.36
562.3
390.69
435.86
72.9
440.77
74.88
413.89
238.01
114.77
699.97
638.51
795.04
662.98
638.64
396.84
1.04
365.41
148.38
209.32
165.8
196.63
292.71
4.83
768.09
745.91
653.89
109.99
384.71
595.22
75.86
149.57
197.05
531.02
272.46
638.25
589.8
315.98
534.23
228.51
16.21
348.48
234.42
784.34
617.51
235.82
663.24
697.55
352.56
287.17
592.65
264.88
589.64
237.53
411.84
300.75
276.64
94.65
119.29
148.46
123.87
649.78
574.67
722.44
83.58
398.14
1.65
40.03
248.83
648.16
243.74
403.23
366.97
420.17
656.07
205.08
450.41
488.28
151.71
324.22
11.83
301.22
616.58
571.96
241.97
246.51
636.21
158.83
21.2
669.96
424.69
96.17
359.78
49.06
746.94
742.13
424.92
793.81
247.59
499.82
311.65
215.72
589.29
382.01
774.02
663.57
216.08
537.57
329.02
85.48
13.59
499.06
552.28
304.6
537.9
160.4
363.9
792.26
702.65
386.89
682.47
337.91
343.96
583.29
727.03
441.95
584.42
620.72
580.18
507.71
17.32
292.49
300.06
112.54
399.68
254.58
231.02
769.59
386.97
140.65
762.78
179.27
249.15
491.96
258.31
139.89
114.2
436.33
429
422.81
178.33
664.51
575.04
366.97
632.91
581.92
438.01
638.06
555.32
285.45
331.93
103.41
637.99
515
109.57
589.37
52.85
143.99
600.58
62.06
163.68
488.98
358.6
18.18
201.6
292.44
137.58
518.82
277.52
284.21
108.16
451.87
441.07
389.13
372.31
581.86
517.28
777.25
492.63
642.96
388.12
607.42
668.26
717.85
442.87
695.03
339
393.2
644.02
715.35
643.38
454.56
563.2
442.84
539.17
200.24
592.61
776.93
334.99
42.64
554.08
443.14
780.54
585.85
714.15
681.25
708.03
234.79
40.37
461.94
120.23
680.25
244.34
451.29
38.53
731.5
715.14
201.68
142.13
636.06
379.62
754.69
73.48
335.51
390.22
518.93
124.31
374.29
72.55
17.56
767.2
5.33
325.66
61.87
348.51
190.39
8.49
443.85
761.78
155.83
426.14
568.66
695.26
600.1
18.98
189.74
388.21
770.65
1.97
80.47
167.22
340.22
57.59
66.05
63.25
611.01
689.07
668.14
609.09
637.73
72.96
14.34
583.09
157.66
92.17
460.41
562.47
44.6
724.42
657.24
330.46
562.21
343.51
526.98
333.18
440.94
341.53
605.86
314.76
451.83
463.33
125.37
631.77
414.68
720.21
445.44
482.5
525.74
696.46
150.65
396.76
175.25
657.77
199.08
345.94
358.1
391.46
160.83
537.19
789.95
119.93
483.37
699.57
728.38
4.72
236.93
490.76
616.1
165.62
197.14
174.82
294.92
386.4
312.02
752.44
510.42
672.56
361.35
637.75
53.75
6.84
73.69
646.05
532.88
717.31
550.85
13.23
771.45
381.1
72.88
767.62
713.1
783.68
171.53
313.03
120.51
233.04
608.5
606.61
119.13
431.8
478.78
630.82
222.73
667.18
71.94
33.6
626.74
107.2
161.12
280.02
546.52
57.4
559.59
555.49
698.83
766.4
389.62
498.29
251.41
126.58
392.56
698.94
74.19
447.12
399.31
33.19
716.67
29.2
458.74
184
406.47
740.09
462.49
654.49
381.69
93.09
115.54
605.25
645.82
539.5
370.27
167.32
316.85
443.63
77.53
472.18
420.24
551.88
366.55
330.69
104.6
340.58
314.17
468.4
424.24
430.16
623.01
93.67
534.34
281.83
201.37
691.07
122.05
254.86
608.37
428.71
359.05
514.45
746.15
137.21
56.74
47.95
700.18
466.37
441.3
323.12
593.66
280.11
488.21
440.35
304.6
407.09
85.81
598.29
369.54
451.32
265.07
679.45
755.49
433
786.94
339.21
526.11
176.87
662.06
330.2
75.63
543.51
487.62
489
95.34
448.11
581.35
696.29
762.94
662.43
760.96
670.11
485.09
425.61
153.94
199.4
671.98
45.76
354.44
16.89
95.88
359.65
488.31
440.74
401.24
215.68
538.84
329.05
712.75
117.49
652.77
372.46
316.24
140.16
728.6
553.67
377.84
88.05
401.76
204.82
541.27
545.6
601.99
311.75
751.85
410.4
181.89
395.22
401.59
113
455.44
625.82
528.82
755.06
443.24
440.46
417.21
694.04
7.11
652.73
686.36
250.38
349.43
82.43
90.37
122.93
156.38
440.02
162.78
215.06
0.49
413.62
602.3
312.08
576.55
360.96
296.92
210.83
223.54
187.92
533.14
340.7
83.73
338.32
692.79
407.26
558.11
35.89
717
44.38
673.51
506.32
403
77.93
515.51
46.95
518.73
772.48
195.93
723.32
644.52
782.43
548.83
683.11
306.32
536.45
332.26
573.2
750.42
472.05
164.36
479.53
658.79
310.94
169.09
708.52
379.84
182.77
316.8
330.26
132.33
170.23
211.24
69.26
434.88
264.23
795.14
788.43
332.29
731.62
785.01
275.45
319.11
774.78
707.87
171.1
682.4
126.26
35.65
704.4
142.04
2.43
4.57
347.52
683.26
313.32
493.71
60.7
517.53
548.57
211.76
393.73
403.17
395.9
171.85
312.94
370.15
564.54
421.69
352.47
247.18
791.87
769.77
669.99
756.4
258.03
190.52
604.86
302.08
165.62
412.8
654.56
465.55
702.1
7.61
750.28
30.19
283.38
481.21
321.04
166.53
182.5
44.87
244.79
727.36
22.58
167.48
607.85
144.73
710.47
395.61
179.12
686.56
641.6
324.28
760.33
612.56
336.14
460.87
238.23
426.34
605.88
163
352.96
145.27
146.27
459.11
515.06
767.25
45.59
74.57
444.62
699.5
388.26
291.79
44.24
540.17
197.74
293.06
357.17
695.18
289.07
131.97
263.31
363.91
359.42
582.46
554.71
312.04
156.98
589.23
95.33
426.75
204.23
579
37.38
346.05
74.95
499.93
422.02
295.96
73.09
408.96
523.99
493.91
512.14
93.92
480.84
444.51
781.1
453.34
657.23
589.74
606.05
61.16
359.76
750.29
581.77
179.77
406.02
75.69
248.42
649.69
43.61
210.27
74.17
413.04
564.5
427.26
358.99
613.48
493.85
231.84
671.16
123.3
359.22
773.98
3.65
160.83
515.95
291.27
226.06
113.55
142.68
400.38
535.35
357.66
700.49
214.28
489.17
372.62
796.12
499.25
423.43
228.45
571.97
798.19
768.74
29.01
717.56
53.2
9.36
326.12
38.87
789.77
207.01
532.8
499.13
635.27
756.6
166.72
211.37
120.48
588.63
320.27
261.81
136.5
358.63
570.99
450.28
666.17
459.12
781.14
229.07
329.96
300.54
73.53
660.42
620.97
673.64
356.98
653.93
71.32
162.81
695.89
315.52
337.48
750.12
246.57
654.64
394.58
11.1
120.7
409.46
546.89
100.44
141.02
660.5
734.21
222.42
176.48
684.92
644.62
322.02
559.04
207.18
720.99
253.81
98.98
531.68
17.88
271.05
762.94
455.12
335.47
735.94
690.94
400.04
684.6
130.55
60.97
61.59
775.72
593.95
521.99
262.31
505.4
750.68
616.44
75.31
493.59
690.52
403.59
493.54
568.7
666.4
769.44
54.93
788.22
117.8
438.97
269.1
279
718.64
780.53
591.84
269.12
382.43
128.12
166.64
682.11
273.47
437.33
511.51
582.68
554.69
602.95
96.65
649.87
625.79
248.46
111.76
581.08
350.04
125.71
270.85
329.03
37.97
575.61
731.1
571.09
110.01
69.39
526.98
250.26
187.93
606.94
656.34
53.43
791.14
412.19
209.26
127.07
696.25
503.01
280.39
1.31
384.75
302.11
199.67
81.28
659.41
86.44
268.73
698.82
498.13
502.28
306.1
107.43
308.52
613.96
418.97
95.74
716.91
187.55
3.22
79.34
482.38
786.16
246.85
597.7
496.42
441.87
579.77
221.33
331.55
45.92
481.93
234.55
758.16
430.76
708.74
522.37
5.36
298.34
217.61
228.84
468.69
739.03
418.79
202.9
643.04
202.69
479.95
5.26
267.69
322.01
608.81
190.02
318.24
338.38
645.49
517.41
748.15
270.4
496.37
28.62
145.61
132.03
539.56
37.97
699.21
716.99
776.11
169.62
581.55
640.49
495.8
288.25
240.77
495.85
74.14
441.76
413.92
610.52
742.44
427.36
168.01
282.08
752.37
202.44
340.65
278.81
623.02
299.2
515.42
728.23
669.36
226.66
156.92
194.12
561.2
268.66
258.92
9.97
111.8
528.85
459.48
256.36
515.25
571.52
42.9
630.42
219.58
14.61
411.61
759.51
679.06
681.06
386.1
115.21
263.64
449.04
494.07
600.67
339.71
516.58
353.4
29.37
48.23
754.41
287.78
695.89
686.83
533.34
423.07
615.65
465.05
370.6
131.81
566.68
123.15
62.82
708.84
458.34
298.92
271.88
321.64
587.85
737
507.58
582.78
331.68
200.39
228.25
589.71
475.85
305.53
261.3
143.08
39.18
522.1
522.55
693.66
601.95
106.26
253.61
160.77
497.49
603.39
555.27
690.61
220.15
385.28
541.75
380.85
643.49
83.09
497.63
637.27
68.35
138.82
492.55
786.09
714.18
611.2
759.98
551.78
248.26
252.13
798.16
80.55
671.2
61.1
231.88
407.66
682.27
401.96
768.56
26.64
216.92
477.29
735.27
675.79
664.69
261.04
11.2
624.03
789.35
577.47
25.26
745.37
638.91
326.8
654.77
679.48
736.41
39.31
663.05
97.57
4.88
285.43
395.51
60.07
222.49
759.49
49.41
219.27
237.1
49.76
605.54
8.33
468.67
433.57
503.11
27.17
92.21
336.52
773.07
682.6
17.63
765.81
47.35
104.78
288.3
188.03
282.55
796.56
659.23
556.96
725.51
352.52
514.44
343.42
448.73
316.73
613.14
173.81
249.69
73.72
266.13
107.2
546.88
470.73
697.04
272.1
676.52
677.48
103.66
658.01
759.33
124.37
188.41
782.52
479.66
1.31
169.77
414.93
1.48
364.47
53.93
701.92
660.38
331.35
1.54
595.47
658.29
696.54
369.02
37.92
778.66
242.21
719.66
516.43
445.4
418.8
194.72
384.55
615.25
194.33
89.36
596.55
188.09
253.39
519.93
96.29
18.64
519.07
635.33
7.47
652.47
766.71
785.89
74.11
701.29
74.06
318.54
482.62
690.9
298.24
642.52
517.35
243.09
753.34
456.63
379.62
314.26
66.99
576.48
2.55
209.71
103.33
61.37
79.81
220.57
439.58
231.08
46.94
6.38
791.83
529.06
718.88
29.06
171.48
61.12
558
788.11
414.21
53.77
6.75
722.09
50.72
306.09
719.67
554.3
786.78
50.61
126.43
725.97
482.66
690.88
287.05
177.37
438.74
655.3
135.98
618.89
655.89
699.84
120.13
521.4
728.05
182.17
619.37
709.19
604.03
195.44
39.08
553.63
483.55
703.87
572.06
103.89
686.21
89.93
362.14
648.29
708.14
752.77
672.61
667.66
481.15
128.64
321.47
469.37
309.75
386.2
394.01
365.23
727.56
675.88
758.4
2.19
26.32
549.41
310.81
469.27
363.7
258.51
626.22
411.62
108.42
371.08
279.09
189.99
421.16
421.97
294.42
258.39
59.77
385.22
725.48
161.13
686.01
518.46
212.05
754.27
453.79
342.73
110.78
643.65
390.25
686.19
538.02
391.67
317.4
280.84
394.2
468.99
656.4
551.5
271.61
152.68
583.2
664.19
347.68
17.61
32.69
318.75
217.34
510.03
726.34
680.72
356.58
36.2
487.8
706.8
23.45
544.35
719.92
230.57
573.45
373.78
506.93
647.19
731.84
398.17
221.13
245.05
624.53
402.24
729.61
346.64
128.8
156
459.97
45.47
457.64
428.12
218.27
694.04
456.38
116.29
216.86
222.24
624.98
67.83
618.84
653.58
693.15
598.73
298.35
104.16
382.04
163.33
337.39
372.82
76.15
638.56
528.09
591.59
592.93
99.72
782.34
544.48
12.65
273.53
407.32
652.77
481.96
298.66
76.05
515.4
7.18
509.34
270.81
570.46
209.53
597.17
270.2
498.24
597.96
463.27
167.01
270.08
735.89
224.68
5.5
115.78
255.46
718.54
74.05
355.6
721.71
357.73
587.94
360.21
40.74
736.14
733.45
366.5
305.29
349.04
52.3
205.83
89.77
351.61
364.56
279.85
271.18
449.68
199.45
3.87
592
367.71
311.54
483.6
732.58
391.53
589.2
486.82
25.36
751.6
288.59
133.55
202.89
375.22
787
620.58
631.77
682.57
530.36
551.57
316.93
257.1
612.07
428.12
646.61
101.64
545.46
651.05
493.05
645.21
559.15
245.18
34.85
310.1
669.38
646.35
474.62
712.05
228.62
26.76
317.4
253.19
399.61
435.54
357.95
18.77
518.69
300.5
205.28
549.73
96.36
450.72
615.8
630.42
520.59
123.36
233.42
664.13
523.51
30.8
103.41
73.65
388.67
552.17
602.17
661.16
478.26
693.73
57.78
602.4
168.54
579.09
247.69
776.47
123.13
718.58
303.72
759.66
367.53
255.85
184.28
454.89
358.77
426.41
151.8
17.7
11.54
561.97
481.75
129.31
741.12
715.78
230.9
204.12
555.41
227.45
282.54
35.23
227.93
753.33
619.15
98.47
312.69
380.29
653.35
659.13
628.61
426.38
677.17
702.32
637.71
402
172.44
382.19
779.91
425.39
715.93
624.33
36.46
452.74
484.63
318.8
47.35
438.24
339.82
11.37
292.25
164.84
304.03
358.18
721.9
168.65
448.27
772.61
177.57
532.8
174.92
247.8
15.37
741.61
387.05
328.14
720.09
268.03
681.85
385
532.71
447.26
407.25
693.07
795.79
393.86
763.96
465.52
581.67
390.39
226.2
503.5
560.58
192.32
733.71
377.76
574.18
295.23
134.2
548.94
597.38
737.3
368
685.79
274.79
539.52
213.27
611.89
428.77
417.13
336.13
547.46
783.61
322.69
368.19
354.53
7.68
470.74
319.75
425.35
142.19
579.48
463.52
695.68
148.14
729.27
182.07
682.32
73.57
480.42
404.14
451.64
163.46
71.37
664.06
292.26
797.73
313.04
226.51
649.45
62.26
443.29
521.59
632.28
640.36
467.73
219.54
15.43
775.51
419.02
31.69
758.27
464.43
560.72
313.15
52.34
507.38
505.32
321.63
702.91
241.62
332.69
47.73
486.58
595.32
723.74
723.98
398.92
133.97
323.19
610.34
673.53
264.7
427.82
402.52
559.84
299.44
147.17
137.3
435.21
684.77
292.59
24.17
426.15
690.47
665.44
422.91
209.13
671.5
283.55
115.89
523.85
402.11
528.7
176.88
198.08
692.11
430.85
311.23
315.95
315.19
252.78
666.46
215.02
757.68
701.69
320.3
608.31
146.42
201.11
113.6
358.8
349.48
313.97
700.22
241.29
2.94
400.1
17.52
24.54
169.03
194.41
411.86
70
58.07
786.43
429.03
107.99
657.03
577.57
440.87
361.83
187.83
625.07
99.05
440.17
226.51
58.51
282.81
581.45
230.44
604.67
398.84
212.63
430.46
651.03
83.66
18.88
153.3
407.34
371.46
60.5
577.13
690.95
467.41
346.67
62.28
16.38 /

COPY
	PERMX PERMY  /
	PERMX PERMZ  /
/
MULTIPLY
	PERMZ 0.01 /
/
