---------------------------------
-- Permability values for SPE9 --
---------------------------------

-- Permeability distribution visualized in figure 5 in Killough's paper
-- Killough says 'The input data included in the distribution to
-- the participants included a geostatistically generated 
-- permeability field'

-- The values below are taken from Killough's dataset, they are
-- not based on the figure in the paper.

-- Explanation to how the data in PERMX is organized:
-- Under each LAYER (i.e. K-value), 
-- there are 25 ROWS (i.e J-values) under which there are
-- 24 entries (i.e. I-values) 

PERMX
449.05
368.91
350.02
296.66
121.09
729.06
548.22
330.11
217.86
137.7
70.42
405.45
97.94
404.97
393.96
181.26
28.79
67.1
145.05
490.29
41.41
97.75
640.4
689.75
719.53
746.91
118.22
41.69
299.57
753.3
475.07
17.06
158.55
682.16
308.19
103.46
96.36
56.22
149.89
517.08
282.93
134.78
597.58
118.82
608.53
353.15
243.67
26.83
672.59
198.61
371.12
549.91
145.01
211.11
758.86
243.09
128.72
337.57
699.43
689.06
384.47
603.98
674.22
644.77
675.71
250.93
670.94
116.74
398.37
196.14
734.91
248.11
693.51
42.09
19.5
693.24
747.03
80.71
536.09
322.34
436.95
516.33
465.62
446.75
436.13
416.65
614.1
453.74
353.01
792.31
394
380.39
553.06
517.68
571.85
402.35
209.35
176.84
765.78
562.32
234.18
271.46
745.11
368.6
20.72
255.67
178.23
674.38
725.94
141.57
577.55
355.74
427.41
116.48
222.75
681.6
439.72
760.48
202.92
165.06
723.39
660.37
559.77
143.37
42.95
527.11
150.25
709.02
563.37
575.91
699.04
266.79
708.7
159.37
749.77
192.81
751.85
31.85
461.09
192.08
545.82
442.35
125.81
715.46
765.15
530.8
372.97
790.25
390.14
95.83
165.2
153.26
789.84
413.98
20.97
334.11
490.07
18.32
116.99
414.33
212.44
669.6
287.45
631.98
295.08
482.01
152.74
729.13
115.4
154.87
98.49
559.48
557.87
323.82
156.47
390.53
288.92
617.09
613.66
796.54
769.09
334.1
720.12
52.73
694.14
696.73
770.49
218.37
523.74
707.21
243.18
734.75
267.29
292.03
360.56
237.83
635.36
691.48
402
79.13
753.61
616.83
772.06
19.2
572.96
412.7
483.17
77.08
85.92
289.38
376.86
285.87
486.15
565.95
402.06
444.06
644.76
219.54
637.78
376.75
59.67
583.25
7.29
488.91
572.27
690.18
20.51
133.53
5.13
775.91
181.03
104.52
387.7
480.82
34.06
308.94
22.12
336.24
731.66
577.77
31.3
268.66
527.35
254.99
702
716.15
558.4
48.63
110.29
176.91
419.6
106.74
449.48
275.7
620.91
26.92
119.02
333.85
375.72
270.35
105.32
430.44
533.14
22.29
673.03
432.38
18.69
422.98
719.65
230.46
427.75
786.22
47.31
2.89
745.04
178.33
647.47
785.41
669.23
127.71
587.81
632.61
394.99
753.72
647.06
16.55
276.65
676.36
130.22
726.5
131.15
370.97
201.22
168.94
498.9
433.51
594.43
570.97
705.2
212.36
327.11
464.01
498.36
225.25
145.45
450.26
755.79
766.88
758.11
509.73
262.66
566.16
244.35
141.98
219.4
379.41
161.79
143.5
231.44
386.76
269.5
212.53
179.86
706.21
647.09
343.21
656.2
49.39
680.4
18.25
485.15
375.92
720.34
406.7
561.84
696.22
301.39
147.86
589.25
728.84
63.38
495.08
131.08
653.3
219.7
153.39
466.78
119.09
525.09
486.64
399.27
54.73
474.25
321.41
582.77
441.55
357.05
23.65
780.8
764.41
594.24
377.25
448.14
769.91
292.53
60.69
739.58
600.25
192.31
641.41
644.06
490.67
541.73
249.99
413.59
457.29
797.47
663.18
419.18
710.1
144.59
696.69
24.18
454.75
351.2
234.95
11.28
666.12
279.77
548.12
784.08
279.22
202.51
690.35
165.45
348.21
26.64
43.04
124.28
131.68
239.56
752.14
368.54
309.7
727.22
642.09
239.58
227.69
490.06
297.11
388.42
520.72
652.98
747.98
371.77
124.86
56.82
14.68
598.38
519.14
461.38
97.72
482.77
775.61
313.92
145.93
223.45
482.42
205.13
311.5
342.9
539.12
616.16
24.31
77.38
332.43
763.36
465.61
615.9
596.5
793.38
193.16
291.75
161.25
750.09
588.11
141.11
111.73
207.58
217.5
572.65
561.1
579.73
218.53
312.13
559.26
650.76
457.52
791.09
140.91
493.58
578.89
301.56
730.46
791.97
267.29
213.81
30.06
25.19
96.02
175.11
116.45
541.95
14.31
703.95
718.34
593.87
276.91
426.6
370.9
329.51
729.26
744.72
15.3
548.32
126.55
61.38
647.26
225.55
761.99
169.69
90.36
593.49
443.46
739.1
67.95
242.35
32.81
51.25
324.59
315.34
1.93
567.1
339.9
264.82
288.16
425.24
536.26
94.2
700.82
371.96
705.04
80.12
432.74
330.95
108.87
684.88
129.05
183.12
465.19
586
511.27
172.03
726.88
74.74
344.18
618.7
597.07
517.65
755.95
138.43
704.9
745.11
462.91
53.99
510.31
731.88
660.75
692.96
730.3
183.22
5
425.44
753.74
589.05
562.14
68.16
188.66
740.68
596.54
567.75
40.22
317.2
632.39
171.05
457.49
91.03
757.14
164.34
409.62
135.83
617.73
50.42
622.04
524.38
782.21
744.2
362.42
374.56
426.25
168.63
269.52
260.26
27.64
504.06
40.07
21.02
25.76
768.11
468.92
463.86
606.91
340.22
741.67
236.77
57.99
723.86
699.26
481.65
107.32
283.58
186.84
524.51
733.4
642.57
342.05
488.43
42.3
639.25
649.11
310.34
678.11
217.01
670.45
681.94
456.1
689.05
427.17
456.73
235.27
297.22
689.51
31.92
781.99
218.82
427.89
91.09
386.55
105.74
317.04
547.61
582.01
513.69
51.69
684.19
185.47
662.36
7.85
316.19
128.92
748.25
387.63
57.65
354.03
206.48
89.51
149.35
131.07
693.85
343.44
543.71
581.3
413.9
307.44
490.92
503.58
428.26
398.83
554.61
673.2
86.81
7.46
694.47
222.68
22.3
151.28
150.63
748.27
509.42
126.01
537.93
357.98
631.23
223.42
411.03
650.46
746.19
411.3
204.74
69.33
553.9
691.93
255.45
257.58
101.97
490.43
647.25
732.69
308.93
44.21
212.17
101.45
20.01
121.99
155.77
662.55
361
233.78
644.3
223.01
139.19
748.11
560.54
512.15
130.23
671.95
482.67
29.23
738.45
778.38
309.9
232
792.23
117.6
279
701.19
673.01
557.24
616.38
194.71
274.08
457.82
120.01
272.47
585.94
88
73.1
379.16
758.82
639.47
605.9
226.58
544.34
693.31
443.02
111.6
69
666.15
671.03
283.87
535.43
51.03
410.51
91.92
293.93
219.41
171.19
786.88
617.03
268.88
467.06
246.62
304.06
350.5
155.55
359.19
589.39
293.09
411.27
662.65
558.25
633.8
625.46
531.98
794.04
323.1
296.02
488.78
768.27
718.77
517.46
500.08
259.53
727.02
730.95
683.76
368.2
626.34
332.61
150.65
470.71
4.49
613.61
404.43
494.38
708.29
181.63
572.24
129.22
599.84
401.55
424.01
67.58
335.11
760.49
178.04
643.53
83.4
47.09
158.93
582.78
135.24
584.15
237.01
128.33
645.22
49.28
128.11
425.11
405.2
350.55
251.89
109.73
201.99
130.23
439.41
763.26
782.76
791.78
123.71
272.59
36.93
387.05
765.26
146.86
42.08
70.05
745.92
353.62
574.53
249.14
278.52
139.34
774.9
610.61
22.58
408.92
287.81
87.56
501.24
322.2
643.05
389.56
298.13
326.28
561.25
711.74
794.43
281.64
33.66
689.77
10.76
654.6
611.05
126.18
407.5
782.75
255.63
531.68
245.96
300.23
456.45
698.26
225.85
168.95
467.12
135.58
663.87
393.84
521.97
79.41
123.81
616.5
509.15
347.08
259.91
569.35
129.28
245.68
677.99
411.1
665.21
182.53
228.92
513.52
180.2
132.31
338.64
243.66
425.22
561.59
170.07
37.42
113.98
728.13
115.61
11.91
740.23
362.1
572.5
214.03
236.1
542.53
230
405.88
507.36
463.23
326.24
529.22
236.06
726.18
797.08
491.35
430.34
523.4
774.9
716.35
389.08
443.49
128.18
351.44
261.45
157.94
98.93
15.24
356.98
362.46
627.99
392.21
64.71
618.3
654.57
744.28
214.96
147.73
170.58
298.59
3.14
570.25
177.97
229.97
129.39
442
672.94
688.13
458.45
628.02
11.44
432.35
688.11
59.74
676.16
463.48
4.59
159.55
90.59
272.18
287.07
226.4
169.53
767.7
56.79
505.33
106.95
520.73
388.13
10.27
159.51
176.85
597.98
251.65
500.01
593.22
248.71
293.15
256.89
20.54
387.46
309.43
399.77
643.29
262.1
748.43
68.95
195.58
602.86
720.71
648.2
141.3
767.06
755.71
656.26
711.8
796.24
625.73
111.38
652.78
439.9
748.42
742.12
391.58
463.2
46.05
585.16
722.55
81.67
491.42
501.74
427.02
347.57
654.13
520.93
632.07
628.09
680.4
256.56
638.04
718.7
388.93
380.25
397.41
608.49
609.45
96.5
56.75
85.48
466.18
326.6
452.38
473.61
797.92
705.95
584.43
511.11
468.64
170.95
157.5
475.39
324.88
673.4
308.8
194.04
752.87
666.68
716.37
210.94
177.94
608.54
608.85
119.35
309.15
221.99
491.46
759.98
490.98
662.41
794.37
515
449.97
197.26
141.97
5.05
686.78
778.98
39.07
626.24
266.05
609
69.2
150.3
89.94
689.18
754.89
266.95
515.97
672.06
376.63
546.68
19.57
512.25
118.38
227.04
65.59
464.69
50.75
425.34
88.62
567.57
712.12
505.92
172.12
202.93
776.45
718.92
705.62
686.84
788.53
209
232.81
298.14
297.53
697.01
514.62
447.66
287.14
457.76
604.2
678.47
596.21
43.49
1.44
461.4
366.06
304.46
123.58
628.81
700.81
210.75
204.63
279.96
498.31
77.07
721.24
336.63
492.14
715.69
394.02
152.95
610.96
428.25
57.54
631.36
238.22
738.01
33.96
263.64
65.14
770.74
252.63
483.95
781.75
643.99
381.86
425.25
378.34
352.39
433.19
658.69
93.1
223.58
465.97
686.22
671.16
737.21
206.76
705.62
160.9
583.1
617.47
482.9
318.94
148.87
447.11
578.51
351.79
728.48
695.11
74.92
282.92
322.21
212.92
534.71
32.74
26.09
765.85
533.32
757.11
432.74
38.34
407.18
311.99
92.58
262.29
233.04
471.38
380.86
578.34
142.82
434.18
260.21
295.03
379.66
320.55
192.75
572.23
24.86
355
267.22
476.35
725.45
402.23
780.43
708.71
583.12
444.44
287.96
119.62
84.77
562.16
372.14
49.69
604.73
554.57
525.68
503.75
340.14
275.43
496.34
737.85
274.13
330.54
623.05
631.81
190.88
445.01
326.9
366.64
569.83
18.2
67.32
84.61
581.9
138.48
370.09
759.55
313.88
258.38
139.14
63.35
414.46
157.08
702.11
220.62
245.38
416.64
471.27
387.34
330.41
567.04
799.55
717.64
293.65
487.21
582.98
414.95
517.7
346.41
366.96
328.67
413.13
674.7
442.31
761.63
688.27
438.25
3.65
799.37
446.61
198.11
376.72
379.77
185.8
409.26
248.29
688.53
38.3
36.07
41.35
651.99
617.76
209.26
476.2
769.13
640.46
544.67
613.77
513.12
495.63
136.19
740.27
353.96
484.52
329
399.11
753.3
259.94
651.13
699.34
242.16
547.96
412.89
302.06
90.21
23.32
228.38
782.39
691.58
591.14
14.65
58.25
72.77
796.29
83.84
344.64
279.66
615
208.16
66.84
378.89
763.22
115.11
123.61
564.64
641.5
421.25
205.73
192.41
40.66
767.27
474
0.07
750.77
256.43
619.07
395.24
522.83
574.93
526.93
598.22
526.89
42.6
790.72
124.46
719.2
550.44
781.56
205.29
400.91
326.96
405.63
667.02
406.5
421.01
200.67
457.93
111.91
244.62
487.06
207.94
187.31
752.03
48.72
681.78
484.94
107.47
372.45
641.35
768.12
98.35
613.49
609.95
488.09
528.64
414.04
190.74
270.43
720.05
438.95
178.57
773.81
16.14
157.78
542.66
448.59
169.67
47.04
543.7
689.89
735.01
211.55
459.56
580.6
258.23
304.42
318.88
209.43
472.09
491.14
424.78
255.65
327.98
558.24
178.19
221.74
306.19
556.9
434.1
264.87
194.79
550.3
292.85
477.93
424.79
518.15
490.78
499.74
134.9
498.76
604.09
607.76
793.04
113.66
456.3
552.27
682.46
25.29
743.77
716.94
533.13
332.89
275.23
476.67
394.16
316.4
128.24
43.86
504.15
681.65
714.97
611.34
797.37
708.52
683.57
7.87
637.56
481.78
403.42
516.77
594
625.1
142
610.06
463.95
68.19
771.57
455.45
281.23
250.54
601.32
472.31
107.17
442.17
743.31
166.3
471.02
647.63
731.31
553.92
482.07
647.2
252.48
668.3
37.47
104.02
298.31
466.59
262.17
775.7
706.88
343
769.2
757.38
394.3
99.66
654.11
638.35
192.97
572.71
795.4
422.13
81.02
400.28
409.53
363.97
256.6
155.07
792.92
304.32
429.92
497.85
373.64
649.28
781.35
135.68
4.12
660.14
679.28
69.97
428.79
444.28
21.1
654.99
158.6
11.96
521.84
40.81
75.17
180.37
384.1
646.54
744.19
554.29
370.15
32.87
647.31
751.6
490.51
11.05
54.08
390.25
582.55
794.3
53.65
447.15
482.54
51.97
157.87
335.76
661.31
472.41
77.39
311.95
456.12
665.52
700.37
509.48
20.02
263.13
626.64
442.14
489.48
668.9
266.05
545.79
228.84
164.59
647.54
149.46
370.67
82.17
401.5
404.65
155.34
448.7
17.22
510.22
149.52
585.97
74.19
645.23
364.68
743.46
52.3
337.37
500.13
470.46
396.44
143.6
680.85
32.32
590.9
517.73
163.13
511.35
613.94
482.91
487.28
633.81
262.96
677.71
253.76
145.7
676.44
320.28
440.75
717.32
50.05
270.33
109
60.34
324.56
400.93
145.96
117.3
621.62
56.19
2.92
312.53
308.67
743.54
515.09
778.03
256.33
90.15
333.3
272.17
673.89
259.73
510.31
359.28
301.87
193.22
626.57
450.43
252.47
284.01
390.08
228.44
342.29
770.05
186.35
577.04
724.31
225.7
709.06
338.39
740.2
766.24
207.53
658.91
600.43
104.75
582.4
720.34
453.5
529.01
730.58
420.71
322.09
451.14
218.76
592.97
372.21
591.59
566.09
766
332.35
696.08
770.2
42.5
752.54
95.97
9.69
164.95
250.54
699.1
379
414.86
394.15
272.06
354.12
38.87
123.96
99.23
685.81
772.92
657.44
270.16
140.27
771.32
97.84
525.74
126.19
159.91
66.38
263.99
37.67
461.82
542.23
179.89
229.54
537.38
183.33
591.4
653.75
340.97
114.22
95.42
101.74
538.73
250.99
386.3
225.23
382.54
548.72
630.74
755.54
255.49
219.58
48.26
79.95
139.42
745.03
774.43
393.97
8.91
633.06
357.36
282.43
658.73
8.7
323.06
156.24
364.85
687.28
751.42
256.23
731.89
475.47
7.1
218.43
17.1
407.08
115.87
306.75
764.46
756.13
673.74
606.32
633.99
36.57
647.44
409.57
465.4
638.02
365.24
381.09
231.58
99.93
2.91
533.8
350.83
156.37
457.7
645.45
286.74
189.43
513.27
730.62
776.9
388.59
211.84
358.08
514.34
433.49
83.68
705.57
577.33
673.93
77.52
562.58
384.24
504.2
152.42
272.02
771.85
765.24
235.68
286.97
626.44
463.92
124.34
35.01
161.02
692.12
562.9
157.23
449.28
154.89
81.22
294.23
567.65
537.7
740.2
345.25
276.34
246.53
261.16
710.75
250.22
666.28
407.51
154.38
162.57
212.14
216.47
99.51
114.94
260.09
74.3
201.25
161.39
244.96
6.92
755.91
799.57
706.11
742.31
442.68
735.77
701.65
606.56
586.49
339.89
183.36
224.33
315.75
125.6
476.85
321.97
609.02
420.74
434.29
663.21
255.75
131.1
518.07
633.26
18.04
599.3
355.38
647.92
112.14
582.13
34.49
47.55
203.2
752.11
676.54
743.93
685.46
537.4
781.34
111.89
237.95
286.33
297.49
377.86
383.95
3.32
96.45
748.9
384.2
668.49
240.47
58.09
178.11
162.81
21.16
7.24
779.42
70.42
338.26
643.58
760.9
607.91
738.96
410.8
668.25
684.78
507.86
252.91
653.91
385.91
448.79
344.07
530
532.44
606.55
144.52
65.31
347.46
384.44
475.18
467.44
332.83
62.35
744.45
582.67
753.1
10.83
463.1
205.5
233.9
706.37
393.05
601.29
304.49
227.7
128.91
795.23
549.03
152.33
449.21
205.58
2.66
483.23
99.01
649.74
222.43
209.67
17.13
268.8
285.28
556.14
508.48
139.62
162.12
249.13
27.37
554.11
713.48
671.84
474.05
732.64
153.23
297.6
463.89
328.98
100.5
538.43
766.51
408.62
543.17
17.03
687.36
264.34
688.33
625.45
219.33
115.25
403.76
282.67
212.44
607.44
550.98
142.69
165.65
317.28
71.13
790.98
614.93
743.85
209.02
742.25
763.78
640.81
321.33
255.39
409.21
523.88
575.8
312.93
676.06
728.23
500.4
248.17
521.07
675.34
295.29
276.39
477.11
749.77
333.53
394.46
488
18.7
486.32
277.77
387.89
626.45
629.35
298.32
500.93
553.82
237.09
148.46
529.01
495.67
197.38
411.3
39.21
663.14
269.82
555.14
161.91
178.99
579.53
763.81
433.94
455.05
244.48
702.7
128.93
200.02
16.64
24.63
752.9
380.48
699.21
465.86
730.97
670.02
698.72
753.46
133.94
478.98
652.43
263.7
697.31
202.64
76.78
788.38
242.3
734.89
510.25
181.56
324.52
624.36
786.32
520.46
779.68
721.58
445.32
8.17
702.43
493.59
298.23
271.48
672.97
337.51
374.34
344.2
129.79
506.06
90.24
660.37
438.02
752.99
385.4
665.39
682.52
264.92
20.83
638.32
615.18
149.92
165.93
553.66
316.34
231.09
634.21
795.31
680.64
611.13
644.5
651.78
578.75
480.43
740.1
561.27
665.46
402.41
4.55
624.6
689.58
113.27
177.86
524.54
761.87
745.72
591.05
55.18
765.46
546.27
791.65
657.28
52.64
468.99
231.43
622.18
79.49
740.92
535.62
541.28
175.19
242.32
569.33
572.48
594.81
630.59
498.58
157.51
197.25
435.44
284.16
541.8
18.43
22.77
675.72
702.7
461.39
7.22
528.23
331.24
499.17
11.46
384.8
500.39
418.61
310.33
597.82
350.58
377.16
230.63
20.93
656
143.42
362.06
451.75
385.99
477.89
3.49
537.75
362.7
381.11
62.85
738.18
197.06
39.79
106.99
639.13
495.26
394.62
13.32
305.25
306.82
537.57
452.95
18.16
246.36
75.04
429.79
443.5
555.86
734.59
122.01
285.82
772.86
672.68
345.31
303.44
657.01
516.78
44.67
483.05
495.44
97.68
564.46
80.47
712.95
548.96
602.72
406.7
130.93
722.93
219.44
454.89
381.61
129.23
190.73
491.11
727.46
6.09
266.6
290.47
487.68
448.58
285.84
751.88
118.04
309.56
24.02
94.53
227.86
613.28
179.36
408.96
470.99
54.37
53.51
134.86
374.41
670.99
526.16
649.6
619.05
517.62
411.39
263.33
161.83
85.48
691.82
134.67
661.43
168.97
776.34
171.57
637.95
557.22
26.97
46.73
242.68
266.41
548.45
538.14
795.72
333.8
547.17
218.3
417.81
528.62
524.25
77.72
541.53
605.02
42.02
767.8
276.98
417.03
395.47
223.55
450.43
303.53
265.3
737.13
678.85
483.5
573.59
724.75
277.88
634.62
365.21
693.22
323.54
327.83
267.01
355.29
552.38
332.89
304.3
46.48
789.61
145.42
544.17
717.76
409.84
70.44
56.08
560.85
519.05
239.83
168.32
697.85
168.04
786.99
52.95
541.06
33.88
565.22
458.59
491.9
237.35
791.01
6.12
651.56
398.58
661.08
297.46
549.76
275.49
669.34
64.51
62.43
354.64
633.21
325.97
168.63
128.53
332.1
413.57
599.77
406.6
337.69
557.63
19.4
14.76
661.19
139.05
650.99
410.85
263.47
142.07
257.45
378.39
13.93
153.3
481.57
368.28
181.45
553.09
133.41
692.25
709.74
179.07
738.19
755.3
436.82
516.93
163.54
575.68
335.18
290.4
698.48
51.05
332.25
750.55
315.52
764.38
742.84
483.37
769.84
634.2
566.59
477.68
470.6
769.29
363.69
497.3
329.92
748.25
295.81
650.96
412.88
262.04
102.77
207.66
423.27
35.77
593.6
664.14
252.28
516.43
226.79
327.53
700.29
648.09
350.11
612.15
133.58
78.97
306.81
646.72
561.35
110.32
594.06
281.64
525.54
775.73
216.81
328.21
607.99
70.25
434.57
353.77
792.21
549.42
620.75
753.65
601.64
762.48
257.58
135.02
487.74
567.59
368.14
284.18
630.96
326.07
571.08
357.01
266.03
600.05
92.15
207.93
646.34
722.7
799.71
393.74
92.85
449.68
595.9
395.46
286.16
754.6
513.54
589.9
463.1
126.45
674.82
263.07
198.6
295.45
341.52
365.7
342.41
643.36
433.6
783.2
667.54
78.66
114.34
534.6
754.23
291.31
758.55
377.9
45.94
317.13
497.22
667.49
21.2
151.77
737.01
259.87
161.33
744.65
568.21
231.9
688.85
258.38
0.34
763.41
369.97
32.51
663.54
613.92
412.95
376.82
355.71
660.76
586.85
611.39
85.87
661.37
477.1
57.07
321.64
690.6
387.56
797.19
201.72
285.17
264.11
55.74
19.71
465.67
121.89
72.26
650.12
422.78
538.49
366.23
771.16
418.59
415.12
557.54
55.13
365.29
613.87
315.91
162.48
542.74
139.06
568.99
726.96
241.32
770.07
762.79
486.12
673.96
149.84
492.34
458.32
35.09
510.83
190.85
142.94
189.45
272.46
679.04
667.1
148.81
61.77
724.21
320.29
119.94
271.33
797.65
27.51
117.96
221.66
32.62
422.83
211.23
532.83
22.07
232.47
743.12
520.53
0.09
224.15
515.36
352.22
238.94
52.86
733.84
560.96
225.24
636.69
90.82
466.88
572.13
263.75
271.39
534.4
665.95
513.9
164.38
685.89
466.71
44.1
650.88
234.52
24.18
796.1
319.94
433.85
673.61
435.88
437.28
166.14
490.68
771.87
675.83
400.31
127.51
591.54
500.3
436
306.36
481.52
291.66
596.14
558.81
350.63
616.25
490.74
117.04
15.82
35.81
554.01
542.07
798.25
636.5
729.64
786.31
619
0
32.06
503
496.75
616.7
116.18
187.66
189.15
619.86
137.59
348.18
47.21
51.39
586.05
613.62
153.38
438.52
49.47
41.61
768.97
518.5
567.3
229.37
222.05
379.3
321.01
713.17
399.05
297.82
742.66
620.78
112.22
94.46
296.32
261.1
539.75
791.93
626.53
361.32
47.57
687.56
401.06
566.23
288.59
787.95
602.27
78.21
194.86
454.13
378.45
619.62
715.13
117.97
299.03
319.16
262.62
493.32
570.12
532.94
232.19
397.63
385.77
787.11
194.06
715.84
182.04
515.57
27.25
169.16
734.31
370.28
579.45
637.01
797.21
55.49
766.1
571.93
249.67
205.7
201.93
492.62
194.48
297.8
94
729.64
44.48
553.06
144.1
137.8
529.9
288.91
495.61
21.84
630.65
35.09
706.44
457
236.63
203.54
653.21
366.74
560.86
266.83
139.94
215.31
383.62
662.46
237.55
56.65
343.06
42.83
380.44
279.74
614.45
304.52
96.32
641.41
151.84
455.48
680.06
156.18
196.2
131.1
134.43
638.86
473.81
338.03
3.37
702.26
586.18
572.2
589.63
754.9
451.69
523.25
500.85
319.84
737.11
199.7
99.62
388.31
540.81
335.47
70.04
536.91
761.57
184.61
90.58
557.05
609.26
501.2
545.58
694.56
622.34
353.6
343.77
682.02
22.5
358.35
90.01
711.47
668.88
465.99
476.53
789.5
254.33
666.45
451.28
32.4
536.28
500.45
722.71
427.46
643.93
204.53
332.42
24.01
279.41
397.96
768.41
568.28
530.41
669.13
671.96
637.14
596.4
297.24
352.06
759
649.53
592.42
76.28
683.55
561.17
510.08
505.64
238.66
86.96
549.5
96.89
781.69
347.09
313.15
671.39
287.37
370.15
518.74
716.72
490.4
461.63
259.46
490.96
325.17
483.73
255.45
455.21
574.92
648.58
767.07
180.32
774.82
572.19
106.63
356.11
135.35
203.7
333
53.52
787.8
475.59
554.32
386.45
18.9
243.83
613.3
637.05
152.69
73.63
461.17
115.74
92.39
421.11
451.82
454.24
588.52
767.59
212.14
698.69
497.41
650.27
298.51
139.07
781.55
180.53
686.55
696.72
337.68
9.58
297.29
268.13
552.09
59.98
400.59
238.61
345.71
174.58
141.76
229.19
215.22
574.47
350.11
28.21
543.12
431.85
463.98
301.02
59.9
779.01
168.51
629.06
667.2
391.65
155.07
302.97
462.73
350.78
471.7
272.71
638.48
80.12
792.28
732.33
248.16
638.4
759.11
586.27
370.67
267.35
793.3
197.04
233.97
46.47
404.38
130.43
90.19
233.46
591.08
336.56
253.27
469.08
715.67
716.29
83.19
44.59
55.19
515.55
792.79
493.45
423.65
161.91
523.19
452.72
173.78
490.66
260.81
368.12
353.2
278.36
376.69
534.59
160.04
737.94
490.29
377.19
750.49
591.2
7.4
516.3
96.26
316.13
380.63
183.43
0.49
233.73
591.97
648.75
704.58
17.25
169.2
302.77
464.59
370.24
350.34
476.36
484.94
640.59
80.41
107.52
462.69
50.94
215.02
241.67
378.07
387.34
27.78
339.53
538.37
725.22
558.92
779.24
646.2
114.6
18.58
443.85
659.54
34.8
217.17
36.72
748.83
445.67
623.71
81.74
586.76
400.33
751.75
110.74
569.44
648.65
334.73
707.71
558.88
601.83
535.93
555.39
489.12
28.43
363.01
732.62
277.53
770.35
116.32
643.11
119.11
451.78
791.71
401.13
486.92
249.03
437.23
688.96
243.36
450.72
598.97
185.52
452.99
618.15
281.99
545.63
342.07
488.69
226.92
230.4
417.91
334.3
29.83
600.9
422.84
522.49
55.31
408.43
770.52
203.82
106.63
499.96
183.2
182.74
621.14
68.96
75.35
277.17
484.45
86.01
675.99
735.13
404.35
200.6
586.2
381.93
673.78
706.55
701.75
795.32
225.44
660.35
326.17
199.16
280.96
621.79
18.27
514.92
590.9
569.06
156.08
736.87
314.42
21.73
2.87
393.17
387.01
593.72
711.44
702.09
558.15
35.54
576.13
508.76
264.51
46.21
6.4
702.32
381.69
315.64
637.68
368.28
617.59
417.97
544.36
500.14
191.45
439.73
757.8
43.08
300.19
676.06
327.6
289.95
504.92
102.43
232.53
18.44
727.78
506.9
453.37
441.62
196.61
270.46
260.04
108.88
4.69
336.99
134.64
648.85
587.52
28.64
94.53
571.65
712.34
774.04
783.36
706.33
423.65
382.66
239.3
123.67
24.92
788.74
587.84
198.5
599.77
468.31
789.9
610.29
333.42
480.82
338.98
431.42
772.34
405.82
117.95
485.26
436.59
585.99
366.95
84.82
248.48
629.16
362.65
536.17
666.94
274.63
220.61
540.86
650.4
409.36
27.27
203.35
605.04
782.38
96.2
513.72
787.49
542.25
69.9
510.03
676.51
281.63
753.11
376.04
82.53
463.39
164.36
130.85
58.87
469.15
30.93
169.36
27.14
455.17
643.99
792.04
531.6
81.33
323.43
445.66
472.83
781.14
66.36
156.1
181.58
515.14
322.2
364.35
297.46
690.23
567.65
193.73
271.49
124.69
543.62
386.49
133.3
512.69
501.46
178.07
610.63
214.47
132.35
658.36
182.43
787.4
260.24
696.74
120.03
521.45
44.63
214.48
535.07
718.92
732.85
708.61
545.2
315.16
406.59
131.43
271.66
758.11
190.99
714.9
29.54
52.32
548.58
395.94
426.63
259.09
737.94
486.78
753.85
687.33
0.73
406.14
237.1
318.41
60.91
394.21
309.85
453.95
31.99
739.67
36.68
510.6
589.88
14.31
559.78
99.89
246.18
507.94
44.19
303.27
241.34
401.33
10.21
453.37
573.88
712.39
190.26
262.02
603.49
361.93
239.4
474.36
472.4
48.86
38.2
87.17
273.55
151.23
184.66
718.4
227.28
535.92
789.98
647.95
738.67
303.18
445.5
365.28
317.47
574.52
677.86
717.52
263.22
371.05
621.69
446.37
8.48
724.53
349.97
244.54
69.02
213.97
372.63
538.48
419.3
458.47
167.69
445.11
507.32
654.75
596.07
262.33
196.04
273.15
601.22
799.98
268.13
196.77
295.67
124.23
487.18
117.62
724.87
572.37
152.8
452.25
367.12
455.95
175.44
580.09
630.53
22.09
454.2
304.41
617.9
280.71
297.22
108.91
106.37
710.37
25.74
50.58
216.78
92.99
186.36
692.13
672.62
772.02
403.55
495.11
744.21
637.23
495.4
687.16
8.07
224.67
145.27
481.89
417.56
97.71
580.33
175.25
158.71
722.58
674.57
438.21
655.29
506.43
647.01
165.34
165.13
179.6
288.03
550.31
322
684.75
161.72
308.58
308.99
160.69
746.32
69.72
789.96
631.56
81.16
68.62
129.47
17.4
264.85
57.97
727.9
724.1
673.42
638.12
547.11
266.2
780.08
191.1
85.99
76.11
505.89
352.36
547.65
557.99
635.67
783.71
97.41
95.68
483.51
154.01
548.16
475.09
195.93
343.98
184.42
470.99
415.51
227.64
549.43
588.74
335.8
503.27
25.03
20.9
244.46
401.32
389.59
66.73
268.14
60.82
696.12
385.99
594.56
480.72
144.1
670.73
3.32
68.92
215.79
106.84
615.92
502.27
316.29
339.68
497.97
421.41
666.76
93.11
17.12
363.54
339.98
54.4
172.27
165.17
111.26
567.09
86.5
432.76
223.17
324.01
784.77
277.01
433.66
468.51
722.02
34.1
261.17
40.47
554.64
291.78
179.74
234.79
153.16
401.47
470.13
159.17
366.78
140.34
552.38
78.18
454.48
130.46
523.14
569.98
54
627.38
272.37
639.86
378.27
38.97
138.98
727.36
0.01
515.59
244.54
422.85
10.72
24.04
294.57
181.91
323.4
223.99
32.68
138.16
375.4
621.93
217.84
677.63
673.93
143.22
685.61
166.67
351.91
490.52
39.76
149.41
113.93
300.3
243.5
312.76
548.46
153.47
432.08
233.25
75.29
257.84
671.91
21.68
393.23
44.11
744.22
215.68
480.63
256.02
734.07
445.86
215.63
53.9
772.92
111.72
486.57
716.25
405.71
703.92
72.95
401.69
86.78
799.58
599.17
438.56
489.29
476.7
263.66
782.5
232.86
317.57
485.38
596.09
520.55
304.92
233.64
128.67
743.05
126.28
314.4
131.55
519.52
67.33
274.47
477.62
105.86
299.69
219.04
148.92
744.44
541.71
168.84
745.34
100.53
283.75
744.51
154.9
365.98
190.71
641.13
395.29
329.88
435.82
699.87
477.35
272.45
601.02
90.84
198.08
440.5
776.73
425.08
122.21
485.49
791.32
791.61
424.13
267.19
140.31
210.38
58.83
32.87
650.32
724.22
297.68
607.07
183.17
659.77
517
83.48
560.6
505.7
350.41
435.32
770.91
199.91
175.16
487.59
521.49
27.75
749.64
788.5
98.28
87.72
577.23
323.51
499.68
509.16
400.43
667.99
601.95
730.8
455.41
14.01
611.84
192.93
578.87
733.75
512.07
267.49
87.33
429.21
794.07
179.14
722.57
356.02
388.33
211.47
30.96
84.48
207.07
667.81
431.22
669.16
513.64
275.31
772.07
222.22
624.91
488.95
321.92
101.52
129.31
412.86
784.68
163.67
434.4
463.14
474.02
664.92
362.31
383.37
25.15
243.24
126.17
265.8
115.85
167.99
127.07
130.11
397.33
142.51
583.87
790.89
653.55
441.18
345.85
178.8
609.08
707.21
18.87
367.94
655.33
217.9
542.92
759.65
329.55
542.11
645.37
304.88
220.37
189.97
381
797.87
659.68
351.31
577.55
649.71
443.2
61.48
291.28
425.6
405.92
46.79
58.2
188.93
239.55
136.47
249.24
645.08
568.72
412.46
386.97
517.66
292.54
273.69
75.83
348.23
170.65
198.45
120.55
706.03
551.86
531.55
48.47
23.07
632.06
599.93
757.4
452.18
221.98
688.45
264.68
162.77
701.56
217.03
23.97
443.42
516.17
675.41
460.13
323.48
572.62
205.31
770.59
486.81
369.31
55.48
316.59
525.58
157.24
337.26
761.67
478.37
247.77
505.82
601.49
718.21
675.83
244.63
766.87
293.21
49.45
289.46
97.83
131.98
759.09
309.56
749.79
365.66
503.56
33.03
761.3
123.14
200.04
317
267.17
168.13
719.42
419.14
574.53
755.99
188.24
232.33
404.05
687.08
519.3
480.76
724.26
365.88
687.57
401
797.91
113.91
414.39
183.82
124.36
188.88
165.07
710.79
523.42
305.04
254.79
780.66
295.31
633.62
656.27
114.1
455.75
160.04
209.59
612.82
222.46
412.19
716.01
453.25
709.93
505.46
103.37
117.25
115.11
481.88
506.32
42.54
497.67
202.17
215.75
502.08
47.98
438.54
401.27
412.71
374.92
644.92
678.62
230.35
386.97
537.76
706.04
373.96
93.96
12.31
268.13
144.93
707.33
391.24
163.27
595.86
363.1
248
447.43
504.47
455.71
706.35
684.96
337.81
132.1
304.73
774.51
663.45
168.94
43.04
308.74
398.8
232.21
162.01
62.63
302.34
403.1
763.49
702.59
303.61
151.38
617.11
216.53
755.08
144.51
642.45
598.92
683.52
19.54
140.46
787.1
282.96
452.38
548.67
332.19
410.79
759.63
283.03
639.67
407.41
466.19
703.65
151.7
792.83
374.87
111.59
746.8
421.75
634.87
6.8
317.56
17.14
788.84
715.4
783.96
286.4
313.33
164.22
471.97
363.4
585.52
268.14
731.29
723.04
308.82
10.06
538.96
10.15
4.6
470.74
168.43
784.43
530.98
575.59
477.2
551.17
244.78
432.21
481.31
610.53
77.7
593.8
153.95
291.56
552.29
757.22
585.76
312.48
365.45
768.38
192.32
571.9
499.55
80.93
325.85
585.3
783.76
387.77
675.89
520.34
178.42
159.71
451.81
116.64
343.74
158.16
370.14
203.93
137.01
476.32
275.63
187.04
473.94
144.87
643.57
26.4
88.99
25.5
379.96
734.03
43.55
710.07
54.59
511.02
631.14
19.85
703.5
508.04
148.64
756.97
510.57
316.96
755.69
226.34
552.66
166.36
542.51
564.03
162.11
720.76
219.25
591.23
3.13
739.39
370.8
50.88
259.35
588.97
43.88
663.07
31.55
744.42
730.13
784.69
368.84
396.02
88.66
719.65
565.46
279.38
4.02
502.49
352.38
505.42
344.08
40.4
4.46
158.64
705.91
99.16
396.53
251.58
795.29
69.1
277.27
181.19
362.5
109.54
36.72
559.3
756.19
741.69
739.36
381.55
148
779.46
350.86
9.54
625.54
246.33
389.76
762.97
658.05
15.88
643.15
97.28
695.01
351.27
718.6
733.36
745.68
289.43
496.18
554.41
684.94
523.41
726.32
658.59
282.27
112.4
744.4
720.98
393.24
679.48
253.04
24.29
743.6
405.06
316.26
103.52
775.39
80.24
275.02
547.78
131.18
187.18
357.36
465.8
417.48
282.47
558.03
714.16
141.74
674.8
130.85
71.46
779.28
243.92
620.24
139.45
414.24
395.2
777.87
736.24
17.2
52
688.45
713.54
158.9
291.49
219.19
178.81
24.07
135.06
678.68
407.36
309.67
460.56
158.9
125.13
211.73
277.94
611.91
591.41
262.18
97.72
426.56
87.64
479.97
287.92
720.53
408.14
489.17
675.12
19.53
436.78
784.65
491.6
435.99
252.49
549.36
270.88
714.18
502.03
143.93
759.97
267.56
101.68
719.24
298.51
313.87
155.79
295.31
497.88
796.56
690.42
347.15
723.56
580.03
69.27
235.93
477.44
448.82
295.48
231.46
257.45
340.86
468.23
697.37
788.67
324.36
579.98
655.17
490.11
766.52
591.45
4.32
185.58
668.61
147.15
436.94
143.48
486.41
359.16
96.78
773.58
696.73
132.27
196
675.47
53.45
183.56
208.35
796.02
327.24
260.28
460.77
395.01
749.39
574.36
42.75
581.81
44.2
529.32
655.99
328.98
282.61
148.74
465.18
739.9
540.55
527.48
215.41
617.72
415.98
5.27
106.51
647.45
579.55
287.32
310.77
297.67
554.49
301.46
586.61
360.82
296.36
733.98
766
754.02
185.28
160.65
369.19
584.47
710.05
131.75
527.6
443.3
80.37
213.39
434.85
522.61
632.99
338.97
741.36
349.93
356.8
247.21
755.21
121.18
795.79
773.1
318.02
577.06
409.99
765.92
317.71
449.19
479.59
426.19
173.3
269.66
121.99
634.44
402.39
135.84
682.51
207.98
187.06
629.74
623.77
70.76
791.41
206.71
550.77
638.75
312.79
433.18
368.45
438.19
727.92
508.14
733.26
507.16
385.33
298.45
753.04
191.22
322.24
197.09
594.11
317.52
759.92
116.67
22.65
41.13
691.85
572.47
571.86
305.75
787.74
791.86
406.14
627.33
670.35
727.44
212.45
59.84
697.83
739.73
54.96
448
31.05
59.75
482.98
549.17
194.89
43.63
93.49
522.8
477.23
147.97
425.88
430.93
12.66
703.19
520.29
586.08
728.9
519.23
367.94
304.11
458.04
546.12
420.68
355.2
305.06
50.62
39.29
43.49
435.87
794.63
271.2
233.79
430.18
84.32
22.16
587.91
753.35
582.82
270.84
738.18
126.65
355.42
149.73
430.78
752.18
409.64
584.85
10.5
556.9
360.46
551.24
457.51
727.65
632.75
292.7
725.75
137.96
348.34
73.03
755.48
96.19
499.83
427.38
240.88
460.67
68.5
323.33
776.44
121.08
349.34
514.69
309.79
513.8
220.74
493.06
156.73
614.32
417.92
654.99
56.02
253.31
519.85
470.06
299.21
578.72
46.45
89.6
73.37
203.98
288.16
280.93
497.63
517.95
374.23
229.13
719.95
551.87
128.82
556.02
640.42
354.19
558.49
418.13
317.13
360.97
721.8
3.59
189.16
527.86
551.22
205.35
99.85
450.23
602.03
189.02
282.88
320.8
563.06
514.25
299.22
792.66
680.18
784.75
753.2
411.52
484.99
216.08
141.94
783.35
540.96
225.52
525.07
96.54
540.75
659.36
264.46
746.81
403.21
533.28
474.97
137.61
530
644.73
63.18
751.38
711.65
374.47
787.65
437.89
35.33
443.16
717.32
398.27
580
735.8
648.81
697.31
242.96
693.34
34.41
129.86
471.47
422.51
185.44
600.51
87.65
568.52
126.68
191.47
762.48
683.2
785.48
612.41
567.57
775.69
671.48
779.59
706.66
761.27
482.72
377.35
620.39
534.42
376.11
176.88
164.57
151.77
104.79
108.38
601.59
39.57
18.12
788.97
701.86
608.61
216.73
703.07
768.58
4.31
290.95
598.66
735.44
240.37
656
498.45
486.55
124.36
126.31
217.32
227.24
92.69
658.43
90.65
228.9
53.87
623.5
494.64
673.22
542.4
79.87
351.25
705.7
583.53
405.76
181.5
133.48
90.1
490.56
462.53
679.05
390.32
739.03
596.09
574.84
301.09
552.07
232.79
408.7
685.66
447.07
220.42
16.62
722.77
759.84
128.35
596.96
557.71
722.48
432.29
61.37
158.09
498.31
308.99
388.01
416.93
505.97
408.68
152.91
585.33
705.99
486.04
585.28
757.24
166.87
417.69
58.23
607.05
360.27
349.55
691.39
146.15
146.91
703.76
684.63
176.67
427.98
237.16
265.3
306.22
747.3
150.96
315.72
405.13
709.26
52.2
55.56
696.04
636.71
298.65
185.34
477.95
516.88
98.45
668.24
255.75
769.42
450.84
721.37
725.81
517.86
170.19
528.99
60.39
174.67
729.63
786.7
58.05
360.08
556.8
374.53
402.59
359.64
727.22
404.59
566.76
621.76
634.51
393.67
394.46
151.05
431.98
707.81
373.17
209.72
302.69
486.8
425.06
84.31
726.37
257.17
255.18
464.46
78.91
58.56
101.68
407.95
111.03
464.06
736.36
142.35
155.76
697.44
720.09
660.23
753.72
274.08
293.44
325.83
770.27
422.01
625.86
275.66
654.35
761.85
86.28
199.81
668.59
673.05
467.32
37.46
656.26
590.88
37.13
737.28
101.1
402.12
267.55
468.33
560.86
195.56
573.38
310.95
755.11
705.28
624.31
607.35
453.84
511.41
674.73
671.79
298.6
594.51
406.37
751.78
744.24
791.08
282.96
521.84
218.51
518.61
642.37
186.7
265.35
649.9
20.7
342.09
600.8
648.89
792.86
181.74
215.75
541.87
0.74
202.64
619.67
411.57
159.98
167.57
598.59
275.87
39.75
776.9
140.55
31.77
505.2
538.65
219.32
752.32
330.22
187.73
647.7
522.33
705.95
250.27
616.03
280.57
334.27
56.35
486.11
479.13
605.51
246.6
438.74
338.39
183.55
663.91
18.4
304.46
430.04
601.68
323.83
370.29
324.06
415.2
273.95
122.81
417.88
272.88
246.8
246.08
229.66
604.07
62.5
296.18
603.19
538.77
487.17
716.94
398.94
689.04
461.13
528.4
499.86
284.85
737.43
113.71
376.68
768.47
237.88
711.29
137.74
134.07
144.93
738.86
375.69
287.69
178.77
42.22
541.52
87.1
634.76
365.61
744.34
586.54
430.17
371.29
404.18
612.95
334.59
6.54
572.05
798.54
273.61
644.62
405.98
2.49
184.63
444.1
462.16
608.28
445.99
750.19
584.33
467.71
636.79
423.93
521.46
531.96
611.09
407.59
376.61
41.82
709.77
785.54
459.48
643.22
281.87
385.72
100.78
405.99
766.73
209.29
635.87
166.36
471.77
196.62
171.82
160.83
570.05
100.05
430.07
296.96
238.96
340.31
682.3
6.44
750.09
226.66
394.11
487.29
191.58
41.38
285.55
72.74
108.83
246.98
592.99
142.43
553.18
606.48
95.33
36.81
708.13
146.62
106.14
50.26
425.21
348.87
764.19
763.8
130.87
145.53
416.34
680.32
115.42
370.14
95.88
153.58
203.24
134.5
110.11
275.06
756.86
706.67
701.7
693.54
65.01
122.23
228.99
291.01
195.72
573.67
657.59
252.98
298
265.55
741.29
756.33
672.13
543.15
292.76
183.29
27.37
451.38
634.04
420.14
621.42
384.36
115.25
447.82
423.58
314.02
560.61
665.44
537.2
238
689.22
261.22
356.95
524.52
796.44
378.14
455.93
613.91
325.72
12.18
387.58
758.88
657.29
532.45
372.88
195.72
200.29
388.88
467.21
470.99
260.22
640.32
767.24
538.97
532.31
85.75
116.87
113.14
380.59
117.73
726.41
107.52
321.51
475.92
655.71
417.84
225.44
669.96
387.48
169.79
96.04
353.72
162.12
689.99
195.24
679.16
396.27
493.19
384.05
742.58
438.95
300.4
410.89
741.6
140.41
640.22
499.17
206.27
244.77
55.66
399.5
315.17
250.07
278.19
220.36
76.49
796.33
669.93
635.5
687.92
338.64
658.86
777.91
417.22
407.87
470.39
457.52
302.05
450.99
278.42
54.19
300.22
251.89
786.35
400.61
749.55
50.18
601.72
711.48
491.99
439.28
231.41
10.75
285.32
419.89
444.96
240.12
310.61
22.48
634.87
296.74
1.5
271.5
408.54
104.18
449.87
24.67
39.72
660.04
578.23
367.36
425.81
482.54
42.33
10.51
422.01
42.34
494.94
156.76
789.33
79.69
612.53
627.02
263.63
640.95
503.86
746.61
217.83
116.53
359.66
625.44
291.56
451.31
243.96
143.62
70.43
681.29
184.85
49.5
38.98
732.67
671.71
639.12
121.89
255.29
505.59
13.56
247.01
331.86
309.73
96.94
148.64
337.25
791.25
79.62
570.02
130.05
157.67
583.66
149.29
749.85
296.86
289.62
25.73
234.48
153.46
104.71
240.9
223.23
374.14
783.19
374.62
545.06
553.54
471.38
684.4
331.11
135.35
707.69
82.97
47.55
30.87
274.77
661.08
277.49
97.85
425.6
364.38
88.43
764.21
457.62
761.97
312.27
370.31
702.3
771.95
606.82
143.93
94.48
395.92
417.24
236.7
25.78
767.22
546.65
200.44
68.93
490.53
731.07
640.19
371.32
667.4
530.19
636.52
100.77
92.3
559.99
535.69
182.74
137.5
152.68
558.36
618.89
159.26
759.08
112.65
280.66
538.38
449.15
656.32
35.9
257.4
419.44
748.05
572.36
615.1
473
497.28
105.69
279.52
76.21
19.24
650.14
332.7
212.09
25.84
322.05
229.91
732.04
573.61
793.45
617.68
697.64
276.53
37.49
17.68
106.28
483.1
302.81
633.83
286.13
193.74
774.18
14.51
527.38
345.51
306.78
619.26
772.93
337.19
681.33
484.51
117.76
377.61
131.42
370.79
560.56
737.08
715.61
192.84
362.69
695.36
787.5
608.05
477.34
557.08
300.32
425.85
587.01
326.33
232.46
161.16
222.27
388.96
278.2
574.31
514.82
305.84
433.42
620.82
373.33
759.51
70.03
282.06
631.74
790.03
40.82
42.31
56.49
80.95
456.57
652.27
710.31
187.58
427.96
87.55
150.08
472.87
368.5
67.9
214.84
759.41
298.32
390.89
479.98
591.58
544.57
556.65
170.12
259.15
122.08
47.58
772.81
650.06
484.53
538.18
646.02
750.87
201.92
364.64
548.51
413.29
323.2
706.44
328.66
169.79
417.61
260.13
523.96
373.59
17.27
133.92
374.32
213.2
503.47
213.12
2.48
244.13
327.9
707.38
94.88
163.44
364.86
262.22
131.5
246.89
681.03
381.14
355.65
759.49
80.8
446.22
423.8
256.21
386.35
232.36
88.25
58.69
324.71
507.89
184
279.65
474.34
756.01
232.26
461.75
147.09
170.85
117.35
5.78
315.18
4.12
539.15
337.96
471.56
427.78
80.56
358.11
764.39
450.49
711.98
211.68
75.14
364.73
569.78
120.6
7.09
529.54
336.48
264.39
478.38
298.97
353.01
763.74
152.38
233.6
361.8
441.75
690.24
519.88
689.43
129.18
382.41
23.56
181.01
31.59
240.83
9.18
685.4
109.62
340.29
11.24
786.04
208.91
461.33
787.62
547.99
189.08
767.42
534.75
621.93
356.85
491.48
377.63
36.14
166.14
483.85
783.19
106.02
256.97
77.69
773.9
69.08
425.62
81.73
447.53
415.33
558.27
440.49
521.4
228.68
772.85
173.04
230.02
365.75
296.87
710.64
154.95
68.94
412.69
397.39
444.71
454.3
16.77
474.47
738.45
680.36
442.03
35.95
475.68
292.16
327.97
198.08
160.26
726.12
164.21
178.22
37.84
739.13
187.78
398.66
488.95
673.07
199.31
375.33
767.69
405.57
336.64
377.37
661.04
534.04
447.36
677.29
51.09
177.91
369.34
734.13
784.05
698.01
223.2
54.12
65.78
282.59
142.25
743.25
7.86
228.64
666.2
315.16
321.48
165.2
731.46
635.84
166.33
534.39
223.44
634.83
80.74
91.48
551.24
726.07
210.91
175.25
87.31
762.07
237.72
559.45
783.81
750.03
179.81
759.71
563.32
773.55
41.12
618.46
404.47
505.99
41.46
273.58
427.31
61.8
570.23
230.54
496.41
524.87
33.89
653.64
614.26
54.97
206.47
368.34
696.07
9.87
401.34
449.76
636.92
685.34
638.99
43.23
264.42
493.36
376.99
599.88
334.74
248.8
166.24
460.72
735.02
327.26
382.25
75.01
363.95
230.18
35.57
557.64
353.64
200.07
138.22
685.23
392.76
20.57
162.16
405.07
761.34
790.64
272.95
481.33
598.4
740.39
590.34
234.73
720.19
489.17
680.65
398.22
153.13
568.98
56.56
272.04
1.59
533.99
219.23
258.07
352.11
214.19
286.11
349.06
670.04
24.78
132.93
248.99
710.39
762.77
413.72
355.78
169.21
430.5
203.47
772.57
461.48
753.84
530.4
680.78
111.98
664.24
65.32
475.49
557.71
313.7
284.4
635.55
384.13
291.84
606.13
761.94
172.83
473.83
529.85
18.99
707.57
511.58
651.11
70.77
632.24
339.39
175.64
433.32
317.45
554.26
59.6
199.57
622.83
406.43
440.79
192.37
65.83
318.41
174.01
260.63
489.4
460.2
762.58
298.12
564.72
316.78
739.19
104.68
628.13
235.59
611.53
275.09
701.13
455.47
330.75
353.3
395.93
433.89
546.78
637.97
84.78
166.02
225.45
752.76
130.31
327.3
269.79
172.36
655.12
118.19
684.97
348.98
630.67
120.63
341.38
589.37
610.12
532
302.84
337.04
277.69
648.78
604.28
145.64
351.03
518.13
487.93
415.43
397.33
608.13
20.39
463.9
197.95
714.66
545.56
143.44
677.93
427.94
405.1
597.11
144.76
678.31
429.24
228.78
536.14
163.71
516.1
175.5
451.54
652.47
390.83
719.95
376.38
2.11
223.65
605.76
253.98
397.36
436.86
85.53
215.63
226.79
454.15
672.8
238.13
334.43
454.62
157.43
338.24
270.56
223.7
130.11
481.89
730.84
235.46
71.23
692.99
627.01
221.27
763.17
96.29
111.3
210.85
652.82
133.69
137.14
713.1
449.81
508.91
562.62
499.16
81.56
773.5
195.99
110.96
594.04
480.81
453.38
91.92
343.05
290.75
573.83
539.73
68.47
197.65
512.28
690.68
284.53
323.46
340.07
354.91
105.29
156.13
566.91
405.69
468.12
435.22
618.33
37.41
231.21
474.91
344.65
125.69
409.44
760.78
767.47
82.92
469.14
101.11
307.17
452.43
98.78
391.49
678.04
426.54
345.16
166.3
443.29
614.53
17.95
458.47
190.58
192.66
690.94
536.91
190.88
441.45
156.67
27.71
195.85
289.81
634.99
341.59
154.62
275.21
48.05
634.04
116.35
173.06
14.01
659.58
782.64
625.28
220.94
615.18
764.48
151.36
737.99
40.94
722.67
657.5
70.83
344.8
216.61
214.73
433.61
658
514.14
655.44
246.65
161.15
144.38
8.86
572.56
775.34
294.75
391.03
352.82
226.43
797.23
763.22
20.39
282.25
466.21
680.4
75.15
414.16
699.17
685.12
654.32
685.44
601.96
340.74
475.79
261.9
373.62
731.82
743.74
446.35
352.71
102.76
459.93
522.77
310.87
796.48
669.01
578.48
325.35
508.05
735.33
502.89
732.31
290.44
322.24
214.8
788.39
782.38
425.16
262.24
720.57
399.26
180.63
389.29
581.52
710.08
104.47
410.45
40.35
249.35
470.1
711.72
277.62
454.48
516.78
415.36
686.62
422.04
749.64
320.2
722.6
107.15
205.28
712.34
642.95
469.7
632.13
483.5
30.11
750.24
618.95
486.47
396.86
255.7
252.35
158.12
383.56
89.7
539.21
337.73
755.19
445.84
390.08
630.92
589.88
609.28
25.2
777.94
90.01
141.9
282.94
513.77
716.83
96.5
582.63
282.75
166.6
389.48
631.66
798.86
551.79
365.53
787.76
165.61
705.09
118.03
664.7
82.58
557.9
508.47
61.73
17.86
382.73
442.64
371.28
756.38
521.99
48.76
770.96
542.04
305.56
118.73
70.26
540.71
793.22
749.38
645.24
283.29
310.9
503.61
699.19
597.45
529.23
731.54
230.79
432.5
351.52
181.57
479.33
642.63
555.06
629.98
676.71
740.32
221.2
491.69
616.3
524.05
73.89
377
332.95
394.35
20.98
268.79
583.77
383.01
683.14
46.24
440.86
274.49
334.56
659.16
185.57
728.42
131.92
566.46
250.66
693.33
44.31
760.21
335.81
251.99
107.16
107.18
645.74
622.96
657.65
185.24
400.87
21.11
697.2
586.82
428.5
708.32
351.51
209.98
411.84
473.35
629.43
729.79
598.44
654.61
496.87
363.21
777.74
99.21
762.12
357.37
496.91
550.02
399.86
301.28
403.54
256.24
495.75
584.4
378.13
251.16
298.52
770.42
251.02
521.44
550.04
406.95
221.86
606.28
238.31
103.42
529.51
128.81
561.05
197.18
524.15
529.89
40.42
755.48
678.06
111.91
326.08
128.28
602
488.42
636.28
508.15
397.71
54.02
722.36
702.53
651.04
609.68
453.72
578.21
375.5
389.75
292.4
312.87
766.51
36.01
97.01
515.33
346.14
455.98
341.35
646.31
213.72
574.78
552.12
507.99
85.03
621.07
187.56
13.15
412
448.86
93.21
561.04
46.38
781.66
755.95
93.36
720.58
425.95
743.94
166.58
690.94
86.38
247.78
796.64
328
136.1
543.56
190.58
709.07
543.38
684.91
10.39
519.96
229.22
475.1
537.1
225.2
73.65
793.95
542.41
516.79
447.65
544.32
7.42
616.49
324.43
555.26
237.28
452.11
335.91
615.88
253.86
666.07
92.77
789.6
786.43
398.81
11.92
724.49
29.34
514.05
714.65
389.92
757.68
360.46
147.57
235.11
19.53
766.87
321.3
392.69
89.76
670.72
77.23
100.4
239.22
711.43
788.56
589.53
286.2
299.51
498.39
664.79
301.55
741.59
590.74
266.66
358.58
69.62
85.39
481.41
221.22
461.13
799.45
296.47
352.35
690.88
148.79
496.41
213.19
337.37
581.86
182.56
616.64
573.72
193.62
21.27
636.52
260.43
612.32
736.05
794.3
632.52
565.21
439.42
152.66
676.87
108.8
615.31
192.87
593.01
441.92
466.68
133.51
474.49
319.2
392.78
3.73
366.95
756.98
193.38
406.9
88.2
91.91
79.67
641.7
333.07
412.78
171.1
674.74
5.76
476.46
353.73
458.62
774.62
664.04
121.89
797.56
615.43
188.42
371.36
140.75
425.5
343.74
726.5
601.66
351.31
747.24
105.15
183.55
431.95
377.08
352.98
193.61
236.93
745.44
713.02
436.76
684.21
216.42
746.18
373.47
717.77
271.23
269.86
73.41
169.08
500.42
103.61
715.99
547.26
734.29
226.43
754.45
310.2
596.12
460.53
725.09
247.35
140.53
476.66
41.26
193.9
547.44
638.92
153
271.76
223.57
373.43
55.07
3.17
620.42
564.94
321.57
739.43
757.3
699.21
660.1
84.19
49.81
61.87
54.27
59.05
222.98
750.32
530.49
599.39
144.28
339.88
146.86
372.33
700.08
607.09
128.88
424.92
85.6
57.85
747.16
123.59
776.16
733.57
690.82
421.49
587.71
742.57
507.5
670.21
330.7
541.31
519.93
674.4
411.3
386.25
636.71
709.85
329.04
457.54
362.84
796.19
205.3
741.74
699.32
367.42
543.25
81.71
658.81
50.01
633.1
45.71
756.76
59.05
402.73
659.46
780.78
700.24
207.73
567.59
772.89
141.06
336.66
422.21
301.85
281.92
111.8
15.77
715.86
728.2
433.51
568.12
431.95
486.29
113.86
421.21
339.68
332.84
753.11
27.27
148.35
221.56
277.91
769.93
146.64
734.48
333.03
683.26
364.64
219.06
413.01
656.73
629.06
258.85
767.98
550.09
477.62
230.72
487.26
402.63
727.06
793.96
22.84
597.51
325.96
686.32
639.41
282.08
193.54
401.23
32.08
365.92
385.92
427.46
383.89
316.92
526.18
378.32
349.64
274.8
180.95
713.19
603.73
642.26
385.93
452.16
93.55
104.49
737.66
615.85
655.71
547.03
256.4
269.21
176.19
691.22
390.26
78.2
202.61
741.76
537.55
525.71
368.07
303.82
448.86
434.53
35.61
517.46
24.49
736.24
51.08
311.74
589.88
187.58
287.89
280.31
600.86
639.75
390.12
344.83
124.41
527.59
585.55
28.9
24.1
170.48
146.46
460.74
545.62
222.73
712.14
232.06
96.11
387.97
547.85
308.91
376.99
356.14
295.41
614.73
655.35
184.61
569.83
697.56
328.2
51.54
627.87
672.44
591.96
722.16
346.96
197.19
536.3
114.95
682.31
732.24
568.26
771.53
269.22
455.38
728.92
764.78
540.24
646.85
450.81
538.34
711.76
39.09
423.51
375.71
113.13
337.74
204.01
205.17
640.8
631.73
488.15
641
625.03
268.21
52.49
481.81
721.55
462.5
481.3
648.75
48.96
316.37
130.27
225.96
726.44
72.23
671.99
186.29
329.09
733.12
712.67
89.07
93.28
140.09
115.61
343.7
548.17
383.14
158.26
767.78
236.29
482.8
103.36
530.67
418.37
357.05
222.01
777.86
530.82
767.48
608.33
364.07
609.47
28.43
18.47
313.12
714.55
228.76
394.57
451.21
271.66
142.22
232.21
391.04
392.24
702.76
309.78
388.53
409.92
603.45
788.99
465.14
98.91
148.08
3.85
347.76
742.47
194.11
599.82
387.64
219.06
753.48
293.19
410.47
5.67
481.68
349.83
664.05
547.25
224.04
650.37
416.82
117.7
263.35
406.95
456.37
592.99
84.55
618.06
600.87
684.66
141.76
268.19
152.64
74.35
266.26
174.63
347.49
634.74
402.71
733.22
610.71
496.49
376.17
236.94
738.37
661.79
578.18
359.65
796.8
553.43
111.19
604.3
711.71
273.08
288.14
763.27
726.87
457.29
409.36
615.71
753.14
91.24
639.15
559.9
437.11
468.17
30.71
444.87
81.98
38.76
688.38
7.89
533.23
506.77
563.56
192.1
677.53
709.91
553.26
638.84
75.42
107.6
47.13
52.75
55.41
21.49
645.23
611.32
284.48
712.29
774
166.66
690.67
101.75
578.84
394.88
609.95
203.07
684.05
262.25
63.14
441
467.19
797.17
712.63
263.03
625.68
226.8
403.67
468.49
515.45
387.88
375.25
465.77
264.98
647.09
232.7
541.67
162.37
737.6
19.7
35.38
778.24
609.81
629.38
87.15
455.56
798.22
278.23
591.65
772.33
617.27
595.75
119.87
51.88
56.69
329.17
582.84
238.81
378.45
111.75
394.65
710.39
304.87
436.08
517.91
438.38
562.08
15.42
794.12
466.51
373.08
677.92
197.15
44.14
599.34
332.1
671.18
518.49
55.5
519.35
641.47
447.2
158.26
1.3
234.47
201.34
234.46
714.1
363.52
75.25
711.29
550.69
351.73
533.08
97.32
308.66
398.41
445.47
669.55
683.65
14.47
259.72
351.03
584.34
130.06
437.53
118.97
149.32
188.39
604.48
177.94
344.09
635.56
657.12
68.15
496.29
438.67
440.56
385.55
285.08
434.64
34.44
704.77
706.84
92.71
628.15
652.87
646.65
455.08
600.49
55.1
109.38
14.29
258.71
452.74
292.85
117.36
282.04
374.24
415.39
104.55
18.27
629.37
513.41
56.25
544.71
613.02
356.39
486.88
235.35
330.04
684.89
101.22
183.67
231.71
59.65
88.56
644.94
257.91
124.46
787.19
736.39
139.23
606.91
281.1
283.84
354.46
307.63
113.67
703.59
483.41
789.75
531.11
453.87
29.43
170.16
494.8
440.35
464.3
32.44
281.31
113.19
28.65
83.62
482.34
609.81
684.18
105.86
227.96
357.97
535.69
22.95
649.23
465.43
377.19
353.91
233.19
218.64
515.07
371.6
302.51
761.07
494.06
620.47
480.49
302.87
358.46
310.27
515.63
365.99
471.78
235.2
100.33
693.47
12.84
598
134.08
204.34
252.03
92.01
522.93
645.23
85.02
125.9
27.63
483.73
768.58
337.44
420.6
635.27
78.83
90.37
50.81
21.47
125.93
619.46
321.47
335.03
27.63
338.35
296.9
556.52
188.88
355.39
1.31
545.28
403.08
403.7
16.58
597.27
597.28
719.93
299.58
598.02
130.72
488.7
542.36
517.35
481.23
361.14
772.64
677.69
459.06
797.7
292.73
185.13
5.76
467.27
699.53
175.12
488.13
613.49
188.87
277.93
152.49
676.61
306.34
690.59
254.07
575.71
573.56
696.19
420.17
88.03
191.67
417.68
382.35
650.96
273.13
1.22
397.79
616.58
41.65
319.73
482.06
290.7
717.52
60.71
145.65
403.31
235.58
135.76
705.38
24
489.97
731.77
506.12
348.52
331.1
395.65
298.14
332.58
708.9
374.52
268.13
310.53
654.71
144.67
705.71
456.61
579.56
225.79
779.32
521.58
560.65
691.36
472.46
15.46
466.04
600.91
705.7
580.14
550.08
747.42
115.89
441.27
2.74
511.95
259.75
681.23
557.11
12.15
560.12
563.42
537.09
621.68
226.7
492.24
729.95
283.44
443.65
356.53
444.2
414.56
634.6
452.66
306.58
402.81
230.04
245.54
143.45
198.57
560.53
651.07
466.83
742.97
59.2
593.41
99.95
228.33
120.13
654.17
690.34
139.19
677.97
182.71
448.35
227.55
489.29
69.63
559.04
492.05
152.44
182
316.86
100.29
331.21
187.16
271.09
709.29
343.92
279.36
745.44
397.81
99.84
746.04
61.35
94.47
341.35
325.18
135.18
335.86
231.83
428.75
726.93
87.73
201.28
663.6
375.13
567.67
247.73
532.81
279.72
766.89
29.2
167.36
764.42
414.55
635.38
328.34
637.79
638.67
771.68
644.31
424.41
409.23
30.28
181.35
488.35
433.49
796.28
437.97
715.87
350.83
69.31
430.99
527.07
300.25
613.64
507.35
622.23
643.59
377.96
591.15
718.8
222.44
64.69
32.09
56.42
408.17
584.52
110.86
236.78
319.98
291.91
206.27
102.43
738.03
49.83
321.37
405.91
336.52
714.2
501.13
520.1
291.16
307.5
227.98
250.67
454.18
112.07
256.38
16.33
112.19
549.87
34.15
720.47
37.57
438.6
545.01
121.92
618.72
776.24
672.78
782.87
139.38
77.93
736.54
342.53
211.9
389.49
363.32
51.7
491.95
41.68
411.52
300.22
314.26
286.91
640.31
688.71
740.89
233.05
48.93
473.39
67.77
581.99
551.83
703.39
620.64
588.76
233.05
42.08
442.02
399.45
767.75
191.82
421.85
763.33
744.35
531.5
244.8
50.33
313.98
527.4
393.69
238.71
212.28
753.23
564.78
312.46
55.65
169.54
637.12
569.01
115.56
567.77
487.25
693.37
476.34
159.39
776.36
693.33
212.56
615.87
92.22
758.67
234.67
722.95
784.36
32.34
561.71
444.22
392.43
153.5
585.64
174.82
28.48
242.44
178.53
41.45
636.67
780
332.74
314.82
167.75
604.35
350.47
328.27
738.12
330.68
766.63
314.68
736.98
103.54
37.09
336.03
480.63
27.62
115.04
705.42
117.92
519.56
656.87
505.7
339.72
503.75
227.95
254.27
53.04
693.28
35.42
197.79
245.31
435.68
190.66
676.36
636.84
586.36
116.34
307.31
739.76
781.39
495.36
493.69
291.31
761.59
349.64
764.78
371.53
167.36
697.79
328.89
771.58
197.4
16.12
45.09
34.09
605.87
374.49
23.19
730.92
754.23
234.78
461.13
306.29
69.13
120.32
308.2
301.88
285.29
402.19
103.35
667.15
798.76
751.96
728.39
578.63
579.04
153.84
476.15
49.17
457.59
489.31
158.26
226.47
81.49
314.53
528.18
53.32
484.51
81.34
568.97
206.29
658.98
174.64
692.97
664.04
345.1
755.38
493.01
745.06
325.13
246.57
320.44
745.84
597.46
343.17
549.52
265.7
617.84
356.41
68.53
211.37
546.88
705.8
206.91
205.69
432.72
500.23
210.83
132.7
44.07
548.32
600.16
663.13
347.37
623.45
257.57
362.7
131.76
766.36
70.55
509.49
170.58
633.93
643.77
599.55
184.57
755.5
38.09
500.35
403.67
175
271.77
294.47
362.18
626.01
725.4
577.89
341.35
743.39
23.75
148.35
745.69
250.46
692.47
698.16
311.62
736.4
669.09
589.64
782.86
442.37
148.99
534.19
215.98
429.25
549.04
84.42
710
324
479.56
608.98
576.16
561.37
769.8
635.47
165.06
232.64
335.56
751.71
25
580.54
601.45
767.38
539.41
147.03
465.24
643.9
273.12
61.11
41.63
212.58
149.64
95.14
175.13
634.79
387.58
194.67
733.69
535.78
280.26
542.31
466.51
798.12
34.89
20.09
263.93
193.86
211.34
584.95
344.38
5.85
766.04
481.27
477.27
580.91
771.77
57.81
352.99
366.1
368.44
191.36
475.43
648
173.33
321.84
13.46
677.99
778.06
548.89
467.37
671.09
572.21
780.02
240.78
377.72
310.23
440.46
732.84
141.17
485.92
478.72
215.83
358.61
50.11
161.93
587.76
269.69
122.1
194.85
280.55
45.78
161.61
733.8
751.86
175
315.67
303.22
784.01
443.34
617.08
158.52
84.12
419.84
187.41
492.27
574.99
135.01
388.03
425.68
9.65
654.13
481.39
533.64
611.75
114.22
418.95
341.07
429.81
146.08
616.94
517.72
643.35
689.02
32.31
15.52
108.7
688.36
637.07
779.27
98.29
727.93
309.65
174.29
782.9
401.71
32.77
146.56
490.95
117.8
199.15
582.64
649.06
493.25
599.87
176.8
457.92
282.29
352.05
288.57
19.59
537.68
206.8
309.94
769.61
519.5
722.34
353.75
139.66
270.91
258.13
277.78
777.39
248.64
262.98
557.79
718.92
398.5
216.37
185.83
683.15
511.78
652.22
610.02
769.95
184.41
112.8
273.76
706.33
613.35
77.54
757.33
654.37
448.09
485.29
242.78
609.53
452.52
202.28
610.24
47.43
240.4
525.44
628.38
551.01
245.29
170.23
16.62
624.02
310.25
16.36
345.83
702.82
620.74
38.64
65.71
625.84
645.28
708.93
531.89
631.82
349.8
201.64
42.85
720.19
318.79
461.55
566.79
223.63
162.93
549.81
507.44
211.82
730.41
712.99
559.92
499.71
380.16
371.97
432.12
523.04
389.82
244.76
166.37
162.79
480.84
68.71
140.89
520.59
452.42
390.31
84.07
242.11
507.15
276.62
360.26
705.99
630.97
664.96
722.97
684.83
495.92
568.95
320.87
733.83
169.6
758.65
163.99
266.68
93.77
462.25
259.28
327.04
731.6
514.84
597.89
363.83
27.7
158.78
407.35
609.96
10.1
489.75
598.18
669.1
41.95
654.98
378.47
91.11
188.42
223.38
88.22
696.05
439.77
435.81
184.88
773.61
329.84
83.19
10.85
462.05
778.36
195.5
481.12
394.9
106.57
235.14
600.07
42.45
257.14
107.91
720.15
254.63
247.13
31.14
505.82
162.2
76.87
246.17
377.6
613.69
797.63
30.53
439.82
658.09
693.62
376
725.22
182.61
417.96
308.99
754.84
798.49
203.75
296.79
126.97
513.8
543.9
125.92
739.8
635.94
508.67
529.7
631.82
522.1
343.18
667.85
569.31
322.28
341.32
673.03
581.83
82.76
624.24
725.22
147.57
276.56
786
322.83
299.24
305.85
242.81
464.97
373.64
433.85
173.36
694.15
536.43
85.05
429.86
499.72
510.31
310.65
278.66
344.4
634.84
695.97
119.82
514.46
514.16
127.46
162.09
294.82
77.46
314.34
660.62
62.98
283.52
209.12
417.96
571.86
126.74
492.21
130.99
620.97
436.55
344.14
139.35
399.13
136.7
514.53
131.85
236.73
246.37
797.37
749.25
394.95
18.65
155.66
593.1
259.24
446.36
154.9
74.46
488.55
605.27
122.72
506.83
793.85
730.11
796.57
18.3
344.47
543.09
312
626.52
355.27
120.79
436.06
671.18
271.01
289.7
261.2
349.2
246.82
353.13
615.4
193.63
712.51
565.74
760.06
262.24
77.87
747.98
248.23
505.17
360.59
52.4
749.67
479.2
767.86
216.7
774.43
503.79
645.42
297.24
292.36
175.7
207.07
665.05
115.11
619.81
481.57
584.34
537.77
225.72
395.19
336.61
123.53
643.67
23.57
103.3
590.4
724.37
618.8
388.39
202.04
716.66
292.58
84.45
529.66
689.02
797.46
785.75
52.71
142.16
514.37
26.11
670.39
429.34
377.5
768.79
707.49
671.88
68.93
797.53
189.57
305.12
496.37
67.55
200.69
249
458.53
347.52
403.52
775.35
94.88
551.73
373.1
489.6
457.61
156.31
152.62
561.12
383.7
183.15
87.63
798.89
550.77
127.52
399.05
72.99
340.47
686.51
245.63
420.76
370.02
664.31
410.11
104.76
697.82
718.56
703.77
541.57
404.85
629.79
664.66
732.69
616.58
146.3
484.81
65.16
19.65
541.98
197.33
797.02
771.86
100.76
53.68
460.95
85.12
586.59
552.78
415.78
134.52
647.1
182.27
667.12
625.18
300.59
493.33
503.61
692.73
570.86
561.14
599.94
226.89
279.93
260.06
129.81
46.98
685.41
248.84
206.02
287.56
314.06
125.17
33.82
210.88
527.5
733.68
112.28
705.96
628.81
257.81
568.61
653.71
323.68
793.32
389.06
54.65
110.3
443.66
622.25
194.2
529.38
682.83
289.16
461.11
33.27
592.24
2.2
425.05
522.65
570.14
477.03
405.26
493.61
213.04
358.67
216.2
738.92
167.25
170.56
750.17
406.95
244.53
249.47
721.25
595.88
741.23
596.05
419.96
82.98
370.02
622.29
411.19
737.17
487.38
186.83
510.93
578.34
685.61
181.73
418.26
298.36
49.79
63.26
548.64
186.01
115.52
269.64
255.16
91.49
753.11
528.64
103.45
443.41
474.24
405.54
174.83
283.52
96.79
302.93
444.08
371.71
362.21
276.67
635.08
442.64
314.23
753.07
643.34
246.41
744.55
576.67
514.31
722.15
459.81
570.57
174.49
398.06
361.33
732.06
740.73
276.21
74.22
204.76
419.66
534.75
273.14
34.84
178.1
638.78
692.03
278.88
258.77
600.41
747.53
795.19
612.97
284.66
714.84
521.34
307.44
747.34
393.47
435.42
238.01
524.83
101.21
398.5
498.62
75.07
43.71
263.01
147.12
479.71
239.5
235.54
190.52
14.2
201.73
579.87
796.65
20.41
720.63
341.38
11.7
245.05
305.15
681.02
377.93
786.56
386.79
529.68
511.9
781.69
52.84
769.23
593.19
467.48
504.34
697.23
663.68
797.7
43.98
530.57
426.41
612.17
66.84
706.39
765.31
76.58
263.37
676.64
379.78
263.78
466.41
428.5
29.26
698.42
739.63
707.85
489.73
100.14
616.37
478.5
505.53
735.96
535.05
526.95
129.23
423.6
115.48
554.8
658.12
162.77
543.54
0.24
681.39
20.89
525.11
375.53
276.48
419.95
1.8
531.64
196.96
0.71
711.42
307.79
408.37
512.47
122.67
758.41
679.29
221.04
460.13
467.14
624.88
315.12
609.76
470.15
698.57
616.65
343.05
530.15
735.86
86.31
615.28
158.5
109.21
247.84
92.55
391.53
485.12
305.51
671.97
719.69
641.38
5.01
487.58
701.2
173.87
14.63
477.67
328.96
28.37
258.55
504.37
785.63
178.02
462.84
362.32
413.46
184.67
612.53
686.99
3.28
160.86
395.09
548.96
238.33
168.51
114.72
681.55
658.15
441.27
208.17
102.17
450.68
29.55
89.86
703.41
462.13
226.23
10.6
69.42
96.5
154.11
156.55
33.8
445.89
333.41
666.69
731.84
696.29
218.02
96.24
745.66
252.63
780.23
93.65
170.07
494.15
604.72
230.57
232.84
634.79
447.68
109.75
21.56
262.83
331.01
711.74
359.57
668.59
188.27
477.89
493.69
767.65
702.19
241.13
459.79
210.11
548.28
649.48
714.24
272.05
191.07
741.48
180.15
668.5
162.86
699.13
533.16
282.84
688.53
505.59
475.4
376.22
635.41
628.02
696.06
384.67
530.24
562.89
781.67
463.18
347.78
415.66
244.87
46.39
487.41
251.19
790.67
219.19
65.72
389.66
626.64
285.09
431.18
539.33
767.67
95.95
105.81
239.82
535.83
514.95
81.2
347.89
639.84
218.41
688.38
714.2
767.85
158.32
761.96
610.7
532.06
647.42
503.02
193.85
352.22
148.96
488.36
443.63
609.91
748.91
180.22
524.6
197.69
229.26
83.74
344.03
443.62
172.34
94.29
190.62
463.89
129.24
381.63
637.65
520.6
414.37
202.97
471.91
414.43
603.42
526.32
81.66
433.43
284.83
317.54
679.22
576.69
346.8
271.1
441.7
551.35
29.31
416.1
478.19
537.59
705.35
166.4
667.88
646.82
596.1
791.85
510.74
633.29
612.07
620.94
416.94
36.54
412.51
103.38
279.06
610.68
458.62
737.69
182.59
254.64
493.18
130.43
670.89
599.28
302.3
408.78
148.05
76.5
133.04
629.08
501.36
370.41
84.75
700.3
189.01
594.19
133.02
16.72
196.77
5.15
630.72
12.42
446.77
312.85
182.43
196.84
284.03
375.24
315.14
415.33
303.02
192.4
213.9
67.21
560.3
485.2
592.77
748.13
317.17
786.65
432.15
524.78
751.16
559.75
787.16
271.37
779.24
326.85
554.5
792.7
652.76
682.28
437.88
163.75
189.77
754.6
3.51
709.16
131.4
521.96
673.16
346.69
729.81
756.93
225.34
500.76
87.15
578.98
407.63
165.75
83.16
595.74
719.1
7.22
291.71
116.28
535.65
519.41
26.31
633.28
195.53
615.01
281.2
380.24
310.7
708.48
245.99
97.97
409.09
644.28
421.45
252.08
268.55
117.63
206.33
618.1
95.16
475.76
16.04
341.79
403.53
495.51
124.8
514.1
446.12
360.54
700.19
429.09
726.12
105.37
488.13
727.56
699.45
716.15
533.82
123.15
245.63
51.86
522.39
37.59
507.52
44.06
248.55
159.19
533.91
785.36
399.95
261.66
587.95
528.73
425.76
224.88
120.33
518.03
370.39
392.19
221.12
190.52
756.73
435.53
157.46
300.93
462.46
200.73
290.29
692.43
324.06
234.02
107.59
133.43
267.97
588.15
741.54
254.7
463.57
555.77
102.97
567.85
561.74
312.56
513.32
316.55
488.57
602.21
608.61
214.4
275.56
768.45
734.15
525.8
752.94
71
153.04
346.16
625.47
627.84
7.37
41.93
124.77
485.75
653.4
129.54
187.48
386.61
530.68
552.86
158.52
119.85
505.08
329.93
53.07
420.15
309.6
385.57
187.85
666.87
171.98
217.95
558.52
784.57
434.69
192.31
46.54
791.6
562.43
176.89
196.04
22.58
243
745.65
587.25
778.99
595.43
789.23
297.15
91.51
742
776.8
129.79
529.73
587.93
763.02
275.88
6.88
792.77
129.73
649.5
32.19
337.76
563.36
611.27
555.4
319.35
526.38
479.8
756.87
688.68
7.97
466.16
44.21
521.1
578.29
407.33
339.51
254.68
638.43
578.69
473.37
636.15
554.66
572.24
545.72
203.2
104.55
427.75
187.54
374.09
549.88
305.52
385.7
199.18
163.88
796.67
551.04
230.65
5.3
83.26
483.06
320.05
0.24
6.48
699.78
735.61
723.55
559.95
780.09
3.16
516.43
785.04
2.36
759.33
561.88
78.33
611.69
532.11
38.14
501.9
752.15
349.1
318.77
652.99
318.91
301.6
515.99
641.84
139.06
276.32
300.43
385.94
658.75
138.9
610.98
239.39
147.26
771.32
779.75
61.17
89.17
791.92
405.82
5.37
411.52
433.8
647.11
737.4
431.71
552.55
305.46
263.97
436.4
91.55
572.76
263.17
366.88
118.3
430.79
674
327.81
66.79
618.04
564.38
101.84
5.99
204.67
185.59
602.99
484.99
454.66
373.79
641.64
213.71
333.4
515.99
725.62
496.74
289.55
277.25
782.15
565.11
616.2
336.89
250.82
441.69
26.36
255.94
285.48
565.36
186.65
403.01
199.81
411.68
772.51
260.39
461.78
114.23
380.44
90.67
303.49
438.55
41.15
789.3
632.42
474.45
331.55
229.34
751.17
157.19
590.31
578.19
197.25
455.63
150.91
443.53
587.54
90.78
108.74
396.82
669.4
109.1
421.54
546.19
736.47
414.6
128.03
683.68
21.21
113.43
631.18
9.19
291.97
413.68
587.81
698.73
53.38
369.86
448
457.65
332.66
763.86
348
763.22
192.26
176.59
193.54
589.45
651.28
264.78
312.86
692.11
743.37
296.24
608.97
689.13
157.59
411.74
337.03
129.33
712.77
497.2
301.75
105.21
207.19
230.02
708.55
643.36
782.49
427.16
412.67
477.86
409.89
293.38
666.34
487.69
153.43
708.98
168.76
464.98
328.01
359.67
603.29
101.17
766.68
312.03
692.25
292.52
612.04
578.76
735.67
491.39
790.07
533.18
141.62
325.68
744.25
354.84
78.43
41.62
3.56
597.14
760.8
434.29
764.37
63.95
30.7
476.71
249.92
219.04
642.5
730.55
526.6
229.77
566.18
563.83
212.75
539.01
675.5
11.77
566.91
779.12
387.15
288.71
13.56
17.94
243.19
84.51
381.33
724.02
457.55
705.1
640.87
287.07
647.94
669.18
185.2
525.88
334.02
738.79
180.49
504.69
649.03
703
572.63
212.66
396.5
655.86
767.16
203.92
361.06
434.9
30.77
302.03
208.92
43.21
171.46
349.59
722.6
120.53
157.33
693.88
724.74
5.82
474.99
308.03
443.55
168.14
521.85
538.28
377.78
794.44
52.16
421.31
166.26
271.66
700.11
121.35
741.96
705.63
341.8
366.58
478.4
235.14
124.18
57.03
177.94
679.33
571.28
418.83
620.92
483.53
152.91
211.53
235.52
396.58
764.45
786.58
296.67
163.56
352.12
159.54
594.27
470.74
360.15
689.91
68.45
247.49
299.96
715.05
717.35
246.83
47.09
423.59
98.01
102.65
45.52
73.93
211.04
611.81
448.49
784
303.77
370.36
427.74
742.07
207.63
736.64
385.97
83.87
111.97
625.8
298.49
538.29
663.67
275.2
14.61
770.03
393.53
9.84
306.82
651.45
792.48
348.42
715.57
569.2
681.49
288.18
755.21
467.3
29.75
157.21
347.28
323.28
63.4
635.62
46.29
615.15
556.91
232.64
688.67
523.48
597.21
406.72
179.11
401.38
471.7
343.23
87.21
392.98
112.9
361.66
649.18
3.29
308.24
770.6
290.28
309.43
434.26
225.82
395.25
95.97
796.62
247.53
411.7
80.3
680.15
609.37
71.32
669.22
261.06
646.37
592.35
571.04
751.1
267.62
447.9
472.69
396.92
449.1
459.6
3.65
373.12
62.98
501.41
680.72
603.87
497.16 /

COPY
	PERMX PERMY  /
	PERMX PERMZ  /
/
MULTIPLY
	PERMZ 0.01 /
/
