---------------------------------
-- Permability values for SPE9 --
---------------------------------

-- Permeability distribution visualized in figure 5 in Killough's paper
-- Killough says 'The input data included in the distribution to
-- the participants included a geostatistically generated 
-- permeability field'

-- The values below are taken from Killough's dataset, they are
-- not based on the figure in the paper.

-- Explanation to how the data in PERMX is organized:
-- Under each LAYER (i.e. K-value), 
-- there are 25 ROWS (i.e J-values) under which there are
-- 24 entries (i.e. I-values) 

PERMX
248.82
279.17
253.06
367.39
623.71
538.95
706.82
546.7
328.7
257.56
728.77
249.88
300.86
797.89
652.9
145.77
782.7
170.19
446.55
500.61
700.59
333.27
598.48
498.91
175.45
297.86
662.7
729.09
56.77
93.59
608.59
309.1
59.8
102.19
739.83
219.61
296.05
46.84
783.35
21.82
154.91
45.35
49.6
417.24
761.15
591.13
370.33
559.24
670.2
449.77
456.26
606.06
381.78
136.36
169.42
295.64
559.18
702.95
125.18
20.96
23.84
542.74
783.41
33.48
472.52
481.8
422.36
551.22
131.76
544.55
583.08
751.93
179.28
155.09
610.82
666.25
451
575.43
496.52
603.4
20.12
554.5
43.57
655.42
73.03
656.73
780.04
207.47
428.79
645.88
300.78
145.44
564.48
722.14
739.12
338.8
93.75
775.54
270.38
129.81
344.58
600.92
550.95
491.29
82.84
549.27
754.98
733.06
503.52
746.77
580.89
641.99
739.57
738.42
325.6
706.35
489.84
759.22
191.84
96.19
247.98
479.15
440.51
510.6
370.35
283.93
141.18
502.19
634.04
321.36
531.66
552
771.56
25.97
347.86
497.6
70.9
777.56
536.59
168.81
692.02
566.05
66.59
523.61
587.04
734.92
416.63
679.29
787.32
286.54
659.64
401.34
523.62
47.66
697.57
197.95
152.72
244
513.47
615.46
501.01
276.22
542.86
496.85
164.4
373.55
33.27
17.74
544.11
536.24
109.02
508.67
162.29
226.4
594.93
585.53
303.89
376.31
91.53
17.03
267.85
439.29
350.04
638.35
785.26
792.61
322.51
170.51
612.26
316.83
386.78
756.15
471.89
7.79
673.87
289.06
766.78
93.12
274.41
242.7
188.43
240.11
361.37
564.77
89.24
17.66
638.07
744.78
762.83
249.44
590.27
99.4
669.04
766.74
394.42
759.8
795.58
746.5
251.65
412.41
210.36
158.46
102.48
650.45
315.58
330.13
426.05
449.2
749.19
396.63
686.78
556.91
642.23
348.98
351.36
458.13
194.72
661.88
68.11
737.06
773.59
309.09
677.88
354.97
418.14
208.7
416.27
337.11
63.94
673.15
204.8
9
582.71
387.72
629.68
602.11
246.97
643.64
379.18
336.32
237.26
465.65
694.73
359.93
626.65
95.95
634.48
165.41
70.27
143.12
691.19
563.12
454.77
389.25
391.62
77.35
772.01
345.43
769.86
583.57
247.88
743.57
491.57
771.58
210.57
316.3
93.41
737.48
499.9
362.71
708.75
242.44
36.02
101.65
743.03
733.83
452.61
359.71
25.35
534.8
193.98
277.13
186.43
787.9
473.71
62.8
698.31
673.67
599.7
15.59
695.15
415.5
380.79
503.05
165.79
297.96
230.67
58.79
720.65
741.05
423.12
789.05
320.54
635.52
447.64
546.97
699.59
753.22
482.95
704.93
56.09
102.63
233.87
455.02
693.08
793.08
272.53
131.25
617.83
663.19
157.82
579.94
646.56
69.06
533.58
599.68
2.18
309.02
529.94
616.44
249.28
785.35
79.72
157.3
643.89
400.08
123.32
230.9
271.71
501.57
657.36
432.4
794.88
436.99
533.52
560.11
663.54
227.84
728.05
307.15
344.61
374.91
9.76
252.91
471.74
494.4
494.57
10.21
520.07
731.56
787.4
649.24
61.1
8.68
12.68
191.87
258.29
163.03
132
283.52
180.91
132.03
245.37
768.38
768.72
386.75
218.68
634.18
142.1
658.99
228.82
391.05
597.89
667.03
362.71
222.28
735.62
763.33
24.25
690.1
676.6
541.13
222.98
614.92
61.12
127.87
199.08
137.23
108.21
582.45
375.06
212.4
117.62
420.55
42.33
384.87
343.17
203.62
391.37
711.01
611.25
479.52
339.92
396.99
773.3
198.9
274.56
374.16
545.09
785.63
743.57
242.7
575.21
44.51
165.53
237.57
542.51
119.09
565.75
631.16
753.41
689.36
738.66
59.96
625.16
711.47
433.55
595.55
635.46
137.77
261.87
388.2
650.44
359.53
323.47
169.87
185.58
164.25
150.84
260.93
375.44
174.4
788.64
55.71
367.74
163.98
482.73
472.25
461.34
627.51
799
796.16
158.97
140.44
458.9
501.94
585.3
760.04
476.2
40.87
425.05
330.77
708.78
301.24
626.41
215.8
444.87
361.59
632.46
128.44
239.37
254.15
115.31
623.53
504.81
218.88
493.98
124.56
751.32
111.01
491.68
369.33
455.96
759.43
586.25
200.13
223.57
313.97
698.43
256.47
752.02
567.74
610.77
25.03
321.44
261.81
45.49
695.94
328.67
2.74
343.29
265.81
203.65
708.25
625.21
35.19
273.91
151.61
7.68
527.7
732.64
156.57
111.72
787.47
233.8
148.62
156.1
230.75
689.44
501.25
613.05
619.04
216.38
778.12
336.24
777.65
475.05
435.83
593.71
43.01
269.63
662.13
274.58
562.12
233.37
591.48
64.8
424.63
691.2
709.44
378.78
432.35
668.91
574.04
180.81
350.02
473.52
554
547.9
485.3
338.77
444.25
314.42
78.63
756.98
250.93
372.28
729.67
708.6
0.97
69.73
569.54
666.27
10.26
328.09
753.67
56.55
466.98
596.89
660.52
317.65
771.21
106.9
199.74
665.48
697.37
189.6
77.52
684.39
538.39
557.18
163.89
117.69
5.54
279.93
52.64
205.99
299.19
611.52
450.26
740.7
760.35
35.82
446.06
708.23
379.35
638.41
153.89
376.29
230.01
114.81
616.73
145.89
337.68
306.85
794.11
221.84
340.9
690.26
556.61
375.3
245.16
427.31
110.64
550.7
389.83
264.37
774.66
608.78
268.18
218.29
211.97
576.37
419.55
763.93
669.99
384.3
397.46
229.12
422.97
214.58
567.96
169.38
681.63
222.69
23.03
540.07
786.45
321.94
593.72
60.14
0.58
586.94
739.08
474.66
334.81
385.82
57.61
722.67
621.28
67
595.44
309.7
719.69
414.16
20.96
268.07
639.37
476.29
392.56
340.41
753.28
653.85
469.65
696.72
555.11
198.29
49.39
415.88
634.64
572.47
745
784.85
222.84
194.32
396.26
409.5
737.58
587.24
697.25
772.53
468.49
417.77
158.01
351.26
255.2
437.65
366.54
311.96
5.82
569.12
508.54
529.44
10.8
538.32
683.54
454.91
587.87
240.89
313.5
1.28
724.92
265.13
712.43
559.35
94.63
381.82
301.28
514.36
57.39
690.33
330.21
598.15
328.29
77.2
200.49
454.34
147.26
23.44
583.23
503.38
714.32
355.36
95.96
332.66
248.37
443.07
344.94
81.14
261.47
122.9
540.74
149.06
421.24
647.25
566.7
154.08
767.35
145.69
177.96
516.69
299.02
346.79
63.17
627.72
169.76
162.68
478.17
620.53
797.86
517.39
658.63
241.69
199.62
280.48
693.31
739.78
690.62
777.06
64.8
635.12
114.53
726.85
177.21
240.27
51.79
82.09
791.69
748.07
365.01
582.14
426.41
390.05
196
48.3
323.79
720.64
150.69
772.72
138.85
97.76
262.1
467.31
396.37
273.29
527.36
0.21
50
697.58
140.04
595.17
165.49
748.73
655.74
394.79
477.99
500.98
521.87
589.25
747.63
687.81
90.62
360.1
799.07
638.05
631.11
778.97
160.71
724.81
204.48
683.57
729.24
725.53
424.42
776.58
277.79
599.18
91.37
709.61
72.88
500.98
540.4
470.09
622.93
64.95
286.91
704.31
718.51
350.14
15.92
314.96
143.29
236.91
289.19
141.12
786.92
197.03
265.01
300.55
490.54
446.18
486.81
15.32
248.16
432.59
587.75
417.86
637.75
589.29
241.71
709.95
635.79
597.88
492.51
598.41
27.8
79.17
486.9
787.1
125.46
158.85
134.12
79.57
591.46
646.6
373.69
583.83
125.39
619.58
506.08
528.63
769.58
789.55
234.51
207.84
780.03
776.93
496.52
643.55
302.52
702.9
250.47
529.28
684.77
759.8
236.85
359.42
461.78
367.39
425.32
351.24
650.84
150.18
744.02
119.51
701.13
275.89
719.64
401.66
53.51
525.03
693
140.13
115.29
761.46
370.21
260.83
360.59
722.53
149.59
268.82
40.76
513.78
518.69
616.35
481.25
274.12
288.85
215.68
786.25
80.45
215.93
543.9
570.86
324.82
511.36
767.78
66.94
261.7
544.13
237.33
767.77
2.74
302.75
554.95
6.62
765.47
140.84
743.41
298.65
370.77
631.74
63.12
320.63
228.46
542.34
742.7
434.71
549.09
462.04
174.23
698.3
503.48
8.39
17.16
118.49
386.93
601.98
91.3
737.72
399.22
508.18
791.05
583.07
0.24
551.31
83.93
618.55
565.13
207.91
394.35
439.01
132.43
566.41
177.87
557.4
431.84
307.41
150.33
38.97
191.29
208.57
765.78
447.17
319.12
710.26
493.54
135.98
537.29
278.18
405.51
208.55
316.24
265.61
256.48
384.54
341.28
422.35
641.94
228.42
76.9
793.32
143.98
786.71
752.17
286.91
488.31
301.59
186.39
520.09
37.61
589.05
338.41
103.45
585.73
3.67
657.47
408.68
726.96
389.8
531.25
542.59
623.63
487.6
117.28
71.18
592.33
257.78
378.53
37.23
68.86
297.95
181.18
151.46
343.1
536.13
488.22
226.85
80.56
204.16
431.42
73.86
32.95
299.32
625.75
104.61
46.66
68.79
397.87
748.49
541.6
5.67
322.22
761.27
131.8
15.27
261.64
291.87
277.03
62.84
726.72
730.09
71.53
117.18
746.47
777.92
171.73
183
622.93
717
774.73
1.47
393.48
664.6
610.07
111.79
198.17
656.41
153.7
657.74
461.56
612.87
398.92
284.87
776.51
655.55
115.61
649.25
401.94
290.22
425.67
482.93
139.93
385.3
324.51
466.98
177.4
161.54
364.83
370.12
516.55
595.22
450.2
637.82
206.24
40.39
464.72
69.98
10.24
395.07
91.05
475.76
172.09
411.73
273.21
326.08
562.45
517.39
425.65
507.83
493.45
189.67
689.51
67.66
6.26
191.86
601.39
605.28
689.43
436.63
14.81
545.19
741.66
430.93
784.66
106.27
728.98
374.27
125.28
447.34
197.74
750.61
184.12
455.48
600.82
746.63
500.65
158.73
281.57
343.5
107.02
559.01
512.49
352.88
380.42
753.41
779.9
314.33
42.44
412.18
611.37
789.16
707.66
782
58.69
644.39
103.9
608.6
763.03
60.7
98.97
161.78
468.9
327.54
456.33
461.59
167.48
716.24
480.42
131.9
671.33
652.03
211.7
294.43
363
415.15
670.21
338.43
752.1
690.28
509.03
503.19
523.37
559.83
568.4
390.46
768.4
292.39
273.76
757.76
292.63
48.24
321.34
132.9
226.5
583.22
77.19
445.26
197.91
596.19
796.47
670.05
77.84
508.91
388.67
583.35
761.87
211.73
563.4
458.75
460.97
32.17
32.52
517.54
491.99
759.08
639.49
728.72
308.07
662.72
729.83
264.5
581.79
468.69
669.04
609.5
104.86
101.56
118.7
71.03
740.16
514.93
312.64
519.36
558.33
787.45
402.64
328.2
620.37
701.05
437.53
703.93
363.28
511.76
439.37
118.58
265.1
632
148.2
14.76
721.12
570.18
163.82
699.59
180.65
76.1
332.15
45.77
53.2
515.65
112.49
401.66
652.13
55.8
471.56
478.28
431.33
487.44
253.55
24.28
137.58
262
492.15
700.56
79.09
89.91
49.43
547.32
393.23
62.7
300.19
708.6
395.48
61.17
764.11
348.84
498.51
372.84
206.55
486.57
646.73
252.03
136.64
461.36
94.51
483.68
293.39
494.1
248.85
217.93
66.21
683.66
554.52
620.16
227.55
520.45
256.96
35.05
239.6
149.18
271.09
514.76
496.19
658.51
734.36
492.16
784.28
403.12
437.73
646.29
194.12
0.61
56.57
88.84
38.3
556.87
335.53
103.94
389.12
565.01
116.06
59.44
270.32
700.29
679.93
636.17
373.79
501.23
558.83
511.9
29.85
799.71
438.89
518.84
150.63
97.34
417.77
316.79
109.55
384.57
351.42
253.74
317.26
508.14
116.42
385.55
0.42
372.78
688.04
171.27
240.19
735.89
27.72
426.03
288.92
287.63
239.42
566.69
421.2
187.78
564.31
691.29
266.51
319.9
290.59
3.09
179.1
201.05
54.23
470.13
503.45
699.61
375.18
645.21
262.31
253.32
552.04
207.98
639.34
544.7
12.81
632.71
464.59
616.27
420.58
729.62
502.84
755.77
46.89
12.52
743.02
372.48
780.91
248.44
610.53
254.78
745.61
564.75
235.3
532.75
284.48
609.83
607.09
750.77
358.6
472.26
322.87
686.97
65.62
302.67
333.21
368.3
221.18
470.99
121.12
665.47
56.5
634.74
264.25
34.2
1.87
340.36
188.11
67.75
509.5
31.49
760.64
664.18
529.53
105.15
271.46
710.13
374.32
577.44
66.53
570.07
183.8
707.18
229.7
562.33
101.49
659.52
219.53
321.44
319.42
205.16
775.53
438.86
385.8
196.21
55.13
73.45
556.71
179.14
168.26
543.19
390.07
389.96
77.43
214.14
781.42
195.81
593.17
787.3
83.25
428.46
549.14
287.65
489.63
399.57
72.23
100.88
322.66
551.07
767.58
303.19
148.29
799.19
542.11
722.11
494.57
160.04
250.09
158.37
446.03
69.98
607.76
220.6
537.1
326.58
730.13
124.38
749.95
226.32
783.3
624.88
601.33
667.8
24.42
171.31
400.53
315.98
706.62
6.03
344.78
671.52
236.52
608.6
681.36
447.7
707.42
230.49
254.8
399.07
251.92
4.32
617.92
574
423.22
94.31
668.57
410.23
222.27
241.71
404.31
637.3
437.22
422.7
313.69
284.47
688.98
672.13
250.25
144.59
555.39
694.52
645.65
355.64
466.23
183.67
60.51
463.21
702.68
764.77
69.8
236.7
770.21
686
42.27
615.21
613.35
25.28
650.25
785.52
56.21
242.18
110.9
364.53
546.32
458.22
583.67
755.74
634.97
660.4
451.46
103.13
273.24
694.47
677.92
635.61
268.17
166.69
384.81
294.47
637.59
630.82
167.41
519.53
569.6
79.37
321.76
518.23
471.93
292.44
781.11
581.29
23.38
103.45
251.31
371.9
534.5
50.97
157.33
360.89
181.02
101.17
656.1
38.35
623.09
677.78
382.33
436.41
709.84
54.59
242.03
645.09
199.87
737.09
167.27
410.95
515.81
756.36
162.91
97.89
336.72
185.26
457.23
160.01
110.73
619.26
611.95
354.29
172.72
494.61
453.26
120.93
582.15
102.99
118.84
667.72
759.97
429.01
492.96
168.19
175.38
172.1
206.62
478.23
242.98
19.58
758.11
686.64
303.39
361.34
727.02
382.23
36.72
342.67
155.28
657.14
168.83
559.37
63.94
625.21
232.77
408.74
429.44
764.47
276.87
4.03
108.11
107.77
115.09
615.47
387.59
438.18
262.52
104.73
356.02
460.95
557.08
122.66
246.76
532.3
566.57
542.78
702.75
788.54
730.12
165.44
184.03
649.84
407.91
189.82
567.16
53.47
571.12
187.99
524.48
730.41
482.86
207.89
725.68
701.15
455.61
347.79
476.38
363.46
328.53
343.89
728.47
404.18
61.5
603.61
132.1
618.25
352.72
758.52
262.6
288.65
346.58
235
695.38
679.61
702.96
618.27
320.76
541.49
755.37
70.92
608.55
622.63
452.78
665.35
53.86
81.36
526.9
561.74
15.65
534.9
587.36
295.22
487.17
685.64
407.28
280.56
527.29
450.8
7.08
570.02
551.14
417.5
502.3
390.53
687.58
780.92
621.91
303.51
780.22
461.64
267.02
496.68
309.43
227.01
727.69
443.36
558.87
236.96
346.96
230.79
427.32
575.46
656.83
449.61
530.29
749.25
72.84
30.38
136.7
32.66
135.92
229.7
409.49
74.3
345.44
221.31
564.09
26.31
597.6
85.73
204.54
721.4
645.37
716.21
680.27
616.4
504.05
671.87
569.65
489.83
790.62
481.98
637.44
599.1
323.48
474.71
395.61
617.17
707.75
384.49
674.96
370.54
49.08
736.17
227.59
336.8
268.46
685.82
357.59
106.14
630.49
21.49
99.32
505.79
301.4
400.77
60.41
626.54
245.2
362.46
291
713.41
9.4
684.96
188.49
481.39
185.19
262.28
649.88
114.34
153.29
7.05
517.96
301.7
179.67
694.33
140.03
677.75
611.52
720.68
360.91
530.58
244.7
676.28
525.26
354.79
273.85
535.01
130.16
786.58
309.69
727.56
589.09
609.26
712.58
698.88
268.1
605.02
611.68
111.84
573.71
329.26
8.83
436.86
250.85
377.58
369.24
606.22
667.8
725.6
688.63
316.4
272.12
467.64
702.58
260.76
300.24
5.87
139.97
207.91
134.83
499.18
485.47
476.64
742.14
306.07
664.7
6.58
488.25
259.84
626.66
503.08
634.3
31.64
363.92
796.04
335.08
522.22
297.97
120.05
522.5
486.66
53.24
240.64
623.31
392.1
310.38
792.43
710.64
14.43
182.16
694.61
9.88
179.7
356.18
168.09
693.66
616.22
750.23
67.45
634.75
73.63
336.21
115.54
410.15
614.12
104.29
695.01
382.47
415.72
745.11
163.58
543.54
388.35
432.91
247.5
434.51
161.86
192.86
624.29
69.46
617.54
661.39
339.59
660.51
213.28
744.84
782.69
612.47
192.8
436.02
531.14
767.74
190.48
321.64
255.48
156.81
724.71
61.01
711.98
721.82
527.96
193.99
513.54
764.48
57.39
330.23
98.73
680.85
155.21
491.01
792.41
1.17
416.1
253.81
315.59
461.44
163.98
577.53
157.9
256.39
584.2
35.97
70.89
780.85
311.79
105.79
542.13
208.93
717.31
619.7
799.06
556.79
319.78
24.13
590.05
444.33
66.13
431.52
582.47
185.7
13.14
481.59
741.72
425.92
544.56
306.24
523.2
724.22
480.87
500.41
452.81
601.39
349.72
520.93
338.38
483.3
108.74
413.3
157.01
164.63
484.53
81.03
23.38
706.79
333.04
230.32
215.35
647.35
777.52
414.15
56.85
679.34
526.35
787.79
781.14
94.17
5.45
443.34
736.99
74.35
636.75
269.36
20.03
500.93
283.03
273.25
172.2
483.08
492.75
758.64
225.74
212.19
435.26
271.75
591.32
67.5
169.76
681.09
359.68
506.51
15.8
581.83
530.72
478.52
421.11
223.39
726.7
649.94
110.53
69.47
233.35
671.7
337.48
517.45
413.61
105.58
712.6
527.73
106.44
423.36
262.48
799.06
611.72
226.24
744.63
743.85
492.41
772.9
50.33
215.87
197.57
283.72
269.77
293.08
692.16
170.41
545.09
216.06
47.05
371.84
463.26
454.01
309.78
229.63
374.92
389.72
245.76
152.23
185.96
2.19
106.43
741.97
633.53
242.31
629.28
354.06
551.67
65.86
488.01
50.98
7.42
7.67
39.23
240.09
258.4
769.58
138.81
731.92
479.13
456.88
275.13
360.99
667.41
208.32
484.78
23.65
233.76
469.34
308.34
70.46
771.24
595.81
656.07
545.64
121.5
6.48
768.82
358.25
625.11
93.57
80.67
83.07
666.99
519.99
696.62
720.88
678.89
695.39
624.11
509.76
249.69
357.01
740.84
329.47
169.99
248.49
281.49
421.06
478.97
384.65
483.78
690.53
36.55
138.49
391.53
16.18
534.53
131.13
328.05
315.37
308.38
216.61
138.64
284.99
718.39
361.46
743.6
245.55
688.57
195.67
373.65
339.54
130.55
527.11
175.01
45.21
417.54
74.95
35.58
13.09
415
240.14
66.7
744.1
555.83
520.55
762.45
201.53
370.81
516.35
582.65
661.42
798.59
352.93
668.27
306.03
387.89
622.15
460.32
293.23
659.55
597.88
699.02
457.66
794.79
630.97
253.38
546.73
630.83
601.82
145.58
743.01
91.55
666.73
252.79
76.67
96.64
179.59
259.97
766.18
125.14
271.45
659.18
435.92
454.41
401.78
785.31
400.74
234.19
598.42
103.3
584.05
285.19
75.65
758.15
376.59
764.69
791.15
343.36
112.62
320.65
562.64
197.02
92.04
689.24
468.12
643.37
462.81
357.14
521.21
15.68
753.55
124.12
742.81
521.24
681.87
256.99
501.1
368.36
88.38
337.09
296.76
81.67
69.8
43.57
544.98
337.44
403.96
565.97
660.74
498.37
336.01
741.83
547.23
67.95
661.48
260.21
647.53
229.66
363.49
253.63
664.48
319.96
269.51
89.75
692.16
765.79
681.47
263.34
242.08
1.91
240.03
451.91
166.14
413.94
365.63
541.63
60.52
117.01
762.82
621.47
317.64
607.43
133.17
246.56
488.75
345.22
302.81
276.62
558.54
701.74
62.42
667.67
318.5
218.85
65.54
165.45
793.3
312.13
472.03
532.72
465.29
602.25
129.17
640.19
8.8
463.15
74.42
673.36
475.65
412.31
256.57
607.57
485.96
137.91
471.84
54.67
287.82
768.06
506.52
47.04
429.75
759.01
421.04
706.3
401.37
72.9
625.19
184.41
73.94
799.48
764.6
121.84
509.11
83.74
408.22
476.5
384.17
47.63
208.12
377.43
535.41
246.75
93.98
5.96
282.86
507.12
695.14
471.14
178.42
690.93
511.87
15.61
528.6
611.12
672.34
382.03
754.03
734.97
437.19
662.54
167.91
501.37
768.99
201.69
28.57
361.17
132.84
619.57
81.99
713.92
437.82
307.94
108.76
642.04
718.64
793.41
533.09
368.1
524.05
602.79
691.43
796.87
242.5
288.7
470.35
291.4
461.8
647.27
697.13
566.05
615.37
153.12
524.64
548.93
656.27
473.74
565.24
295.83
778.92
526.79
794.49
592.55
254.06
626.83
85.53
702.33
110.88
42.82
37.94
649.59
708.86
795.31
580.77
456.1
632.11
722.91
96.13
407.83
122.52
473.29
450.67
504.24
423.2
164.54
667.97
346.51
343.65
165.93
326.99
258.43
115.6
267.29
787.29
135.54
321.2
713.25
9.69
540.94
327.88
670.34
395.47
342.76
451.97
709.56
699.77
65.8
566.95
215.6
311.53
171.75
730.33
515.96
313.02
728.6
711.05
795.67
618.54
699.18
652.82
686.93
490.77
129.19
203.86
691.12
614.82
617.32
205.87
757.75
563.78
668.31
106.24
163.88
107.67
441.77
180.59
71.98
349.91
110.15
742.54
94.02
28.4
757.76
795.99
327.84
669.71
614.05
680.2
536.84
790.25
451.48
354.14
557.6
380.95
420.33
232.56
112.86
70.12
383.72
264.42
574.21
355.72
583.24
79.66
284.68
265.51
773.69
388.27
187.67
759.21
113.52
731.49
366.14
579.43
267.67
735.75
286.7
556.67
707.95
170.82
676.19
364.02
498.65
233.22
685.9
281.99
714.01
13.18
48.49
143.59
383.28
537.81
565.32
687.16
734.77
172.8
579.36
156.01
268.31
507.92
435.99
413.98
176.81
638.34
597.93
590.83
413.08
601.84
173.09
619.45
291.71
50.72
445.02
242
15.16
386.94
281.93
208.55
553.39
649.33
398.74
304.25
161.19
124.81
349.31
113.89
563.91
109.53
112.99
792.14
80.23
382.32
290.64
202.8
75.39
157.71
369.72
320.36
634.25
720.49
562.88
199.71
185.37
617.06
594.36
531.58
744.31
627.01
659.82
477.89
621.1
777
251.36
639.36
226.21
126.74
493.21
63
53.41
245.08
596.49
0.53
49.4
138.24
322.43
307.18
59.53
79.54
362.57
408.54
798.63
309.9
658.11
348.2
78.87
696.34
210.61
407.57
597.6
188.62
384.73
429.05
440.87
115.78
658.66
678.08
572.05
249.89
277.65
105.69
681.69
743.09
314.16
122.77
771.66
170.56
708.77
271.76
44.75
364.09
409.91
772.8
89.11
317.68
109.21
108.48
404
677.98
468.6
196.62
229.52
392.3
93.17
233.25
166.2
324.63
11.78
396.45
693.51
476.62
423.41
160.92
230.43
305.54
756.13
160.15
439
591.36
561.44
35.08
649.7
430.49
200.35
456.19
494.93
33.19
314.52
742.45
166.17
482.48
757.12
747.5
252.2
511.17
4.28
91.27
176.03
125.31
538.52
512.61
177.42
481.35
63.43
311.16
703.27
215.34
239.84
419.76
762.57
425.89
738.67
165.63
273.23
367.03
275.2
423.48
27.34
465.44
790.17
768.45
276.39
62.14
631.41
323.56
754.52
589.65
421.9
637.6
366.74
410.93
298.05
119.79
257.42
700.51
278.17
237.03
91.42
745.09
401.32
662.72
664.8
732.55
787.48
335.75
195.82
630.28
714.18
12.55
249.87
781.21
391.95
591.4
55.18
144.18
353.04
588.16
228.84
607.24
615.07
259.12
441.43
336.5
683.16
475.43
277.81
16.9
619.39
208.04
480.19
547.84
283.39
193.95
89.05
213.39
133.14
255.44
789.78
431.34
89.86
506.86
352.62
171.75
585.04
577.52
15.08
736.38
752.89
487.87
240.64
42.49
757.31
212.36
144.39
677.28
563.28
194.61
770.73
465
226.71
173.26
123.05
481.78
772.72
639.01
589.04
174.07
582.88
196.5
744.5
644.18
240.49
455.75
115.48
601.72
181.85
326.11
419.3
264.94
108.25
399.78
256.83
409.6
237.99
574.22
746.37
39.39
679.54
477.04
612.17
757.62
799.4
278.12
496.83
39.69
413.56
798.08
477.64
340.55
1.21
236.43
545.31
32.14
260.98
373.08
241.41
797.58
155.25
700.86
145.73
506.78
694.9
709.65
142.58
733.46
327.98
135.38
588.21
459.89
528.44
749.7
263.76
534.24
353.16
675.79
203.52
753.72
699.71
393.25
732.57
172.31
291.5
281.49
207.25
505.13
630.47
283.63
548.3
575.73
471.06
253.31
609.78
160.39
508.69
425.9
601.88
689.68
162.59
560.75
480.22
705.98
187.82
193.21
788.77
199.51
526.43
712.76
345.43
60.66
322.6
159.68
721.48
609.14
168.42
528.73
692.81
641
697.5
217.01
700.65
599.42
766.8
66.42
470.35
572.05
213.01
56.44
463.1
50.69
384.17
101.69
98.5
564.7
86.35
299.11
758.49
287.89
441.27
521.79
138.25
147.35
25.81
149.22
190.38
140.44
694.19
588.87
510.75
627.74
67.62
477.78
55.94
220.18
650.62
612.88
240.74
508.65
752.41
93.85
26.88
566.06
261.13
799.35
605.4
83.97
284.31
248.25
170.89
188.85
592.3
738.52
233.63
31.59
250.41
440.65
496.66
40.9
262.26
186.84
169.76
647.49
85.03
450.71
588.56
660.26
698.09
602.88
334.41
364.57
673.99
29.6
93.46
703.09
60.07
729.19
705.72
275.97
65.72
244.41
718.73
496.32
268.55
157.02
587.82
670.78
394.01
295.66
649.11
309.9
284.96
200.89
97.72
799.76
239.25
457.26
238.8
359.09
151.36
61.8
365.82
14.5
466.95
682.9
116.53
536.85
127.7
379.3
291.52
88.24
370.53
710.1
452.47
136.6
510.49
768.73
302.85
324.19
591.82
141.34
206.62
589.87
324.91
528.29
362.79
790.2
185.75
535.75
758.63
526
32.73
763.77
626.7
57.23
757.94
479.57
527.17
58.88
518.11
164.72
22.11
74.41
567.34
34.98
574.77
16.62
62.93
675.24
250.21
785.88
459.27
157.74
174.69
677.61
664.74
28.37
26.7
87.93
185.68
310.45
203.42
139.81
472.72
30.46
710.01
680.74
282.82
52.96
414.61
609.37
86.28
486.01
73.51
44.72
664.81
702.24
417.74
749.51
254.2
730.54
540.81
92.45
434.74
104.08
173.62
579.81
442.17
416.54
110.33
785.41
654.93
552.26
156.72
41.81
491.52
238.97
738.33
728.19
689.41
202
112.45
749.37
12.22
484.62
379.5
697.41
785.1
410.72
731.96
656.59
600.19
389.01
390.86
34.44
233.82
142.74
619.2
773.05
33.78
169.84
629.62
394.71
0.31
334.13
244.29
467.53
333.6
193.73
110.82
516.3
430.31
645.43
241.19
244.29
204
384.08
692.6
529.12
402.04
573.69
225.08
353.87
587.86
272.37
229.46
787.46
744.31
722.59
76.32
792.66
590.62
667.26
318.26
37.81
392.62
209.25
417.42
465.31
761.21
157.13
467.88
432.86
2.12
732.25
559.81
676.77
540.15
566.18
264.19
355.41
554.7
589.31
182.38
559.24
110.06
377.92
464.03
359.73
445.44
312.88
732.76
321.86
664.44
332.17
628.52
287.35
96.66
79.86
478.61
200.51
269.62
114.69
293.42
729.02
722.39
473.31
464.81
725.46
293.92
545.02
446.12
687.04
403
401.49
276.71
634.02
167.83
393.29
142.79
643.39
386.27
329.06
680.32
381.96
688.64
162.49
452.47
354.16
606.53
15.8
564.18
606.2
77.19
506.93
500.84
422.07
400.78
792.66
3.5
614.7
673.65
328.42
317.97
275.86
672.79
225.11
446.94
445.27
78.92
191.97
92.06
76.97
245.05
122.22
340.16
688.87
416.12
495.74
345.88
701.79
584.96
506.79
189.95
457.21
470.01
617.6
524.93
345
174.42
266.62
538.48
201.88
39.92
87.94
363.43
380.2
534.41
276.97
167.13
316.31
103.88
29.01
142.99
574.54
55.97
594.43
513.21
243.3
299.02
443.71
458
761.61
256.44
85.77
97.49
540.65
92.1
191.96
264.73
118.13
318.21
343.69
439.78
105.02
27.92
597.91
716.34
315.23
723.6
349.82
1.57
497.93
787.89
774.26
145.01
578.53
638.87
589.62
693.86
432.39
253.53
84.65
511.96
191.12
99.23
779.58
579.02
341.19
536.18
15.82
22.51
421.12
28.3
201.06
385.32
237.87
461.47
288.21
146.41
656.12
284.09
613.88
522.32
476.03
34.82
28.25
166.1
445.64
39.51
122.99
208.22
539.16
631.76
500.8
287.57
234.89
65.39
751.67
797.65
737
90.67
368.68
558.14
153.15
529.71
125.29
34.12
547.51
198.29
739.33
746.97
80.29
368.19
1.44
631.53
783.56
537.35
535.93
51.29
471.4
750.64
397.09
435.21
701.89
406.36
327.7
532.12
708.82
242.2
314.14
399.51
388.22
215.63
398.81
196.01
319.65
752.31
335.69
588.95
725.12
124.66
445.16
171.63
315.96
508.99
472.72
656.35
306.98
289.59
492.16
798.91
439.49
166.21
761.48
187.1
218.99
50.45
432.07
114.41
219.24
486.02
230.44
451.14
677.62
226.24
240.98
414.19
123.29
404.06
596.2
139.5
513.66
281.7
566.66
512.39
713.29
302.39
12.87
257.21
162.29
757.83
766.33
425.24
139.73
7.29
131.44
38.32
320.75
748.22
97.18
154.66
216.78
481.62
585.69
106.61
612.55
97.03
563.07
659.62
63.55
697.94
70.3
387.26
698.73
669.05
140.09
31.05
480.19
185.25
396.4
782.07
559.69
515.78
464.64
663.61
197.96
93.89
2.65
130.75
436.23
608.49
772.26
104.7
165.19
262.28
685.32
538.9
339.7
781.6
446.84
60.26
182.66
520.71
658.05
93.26
756.39
728.16
52.42
444.41
587.38
691.53
712.04
378.25
254.05
154.56
328.72
725.58
173.72
774.94
522.97
640.67
760.79
200.84
332.63
354.29
89.02
749.26
254.34
330.38
344.34
185.05
236.29
790.66
784.53
185.95
573.28
508.55
180.16
613.74
374.4
294.47
295.33
231.13
247.68
220.83
158.85
587.29
310.85
142.79
765.71
508.03
218.4
240.14
401.86
186.26
192.48
95.22
28.91
295.98
229.46
130.56
162.28
454.1
246.16
707.48
483.5
757.91
82.83
127.96
237.99
99.61
433.59
218.38
336.73
260.84
43.55
263.06
569.21
559.99
179.32
415.81
224.28
115.99
771.27
524.07
378.25
468.01
356
82.01
169.92
744.17
689.48
714.58
710.52
363.03
291.37
396.2
265.31
643.47
558.11
785.39
293.38
324.27
755.48
220.95
381.64
733.43
540.09
188.81
775.15
539.5
381.98
247.76
751.12
220.62
448.41
283.71
169.02
751.31
561.68
203.7
340.9
711.57
562.35
240.47
108.76
392
184.3
1.01
525.18
679.37
706.82
229.33
446.68
104.51
609.21
222.55
514.18
426.31
625.82
269.88
208.95
557.52
15.06
195.31
135.68
480.41
721.55
182.89
747.2
653.01
438.9
728.49
167.97
311.38
27.65
322.32
242.15
692.38
667.12
793.17
652.12
2.81
213.03
199.93
457.23
425.57
536.43
386.09
627.84
441.85
52.1
61.95
111.79
708.72
435.85
366.71
711.01
169.16
155.62
28.02
723.76
431.84
247.62
739.11
26.1
777.3
721.16
411.48
217.69
240.53
763.09
508.43
29
192.39
753.64
99.65
586.66
616.03
634.82
399.3
133.9
171.9
515.92
715.89
232.83
786.36
472.15
222.89
462.3
44.4
456.53
257.81
60.13
573.56
335.24
117.41
625.87
135
344.13
191.06
489.56
297.75
59.19
113.2
410.1
254.95
602.21
203.78
677.86
660.94
760.78
413.21
227.62
105.01
274.37
367.34
761.69
696.82
684.27
389.77
517.77
784.39
666.45
69.84
726.16
511.01
165.39
244.27
199.4
36.51
717.3
709.61
211.51
591.96
43.44
143.91
113.29
518.46
376.98
740.38
517.09
694.61
380.65
620.4
762.11
21.74
425.96
758.25
428.29
267.52
353.06
380.6
747.29
89.36
36.01
704.57
509.7
300.57
770.91
672.88
239.19
176.96
706.63
795.66
52.96
123.79
259.48
339.79
23.86
757.12
475.96
308.62
470
506.42
552.15
25.01
196.67
60.3
406.29
458.41
650.84
142.12
468.37
407.61
454.99
586.99
596.6
386.44
344.67
440.39
740.72
223.39
685.67
747.76
296.92
105.23
483.33
30.43
329.59
232.49
454
798
606.06
613.63
362.6
173.33
134.8
564.92
462.48
141.64
474.18
719.25
408.67
289.46
799.19
49.56
248.96
278.7
354.72
610.18
542.34
327.49
484.46
245.83
580.87
251.38
574.26
511.74
570.86
659.57
12.4
680.58
351.09
715.81
414.92
422.96
316.01
223.05
593.24
603.13
133.64
469.38
358.42
48.59
245.96
762.88
522.16
505.44
114.56
632.86
462.3
546.47
316.27
707.42
298.45
261.04
796.51
641.12
11.64
206.79
53.32
400.13
645.88
656.21
575.63
544.68
335.18
74.39
395.9
477.84
585.07
76.31
120.17
142.03
218.16
124.42
412.71
365.03
444.72
592.63
625.8
794.31
60.4
218.08
558.67
189.11
126.73
383.05
277.81
748.89
323.06
364.27
283.88
387.96
477.99
259.7
270.96
229.01
442.93
103.52
676.99
217.57
652.59
233.24
135.94
35.1
321.97
701.61
439.98
390.48
580.05
175.77
305.58
797.92
650.84
708.01
27.16
35.74
139.59
10.95
292.45
413.4
759.22
270.81
747.96
257.18
45.57
493.91
280.4
633.02
580.28
25.94
431.42
780.39
655.99
487.98
24.33
195.31
441.38
239.72
323.73
770.35
687.79
746.07
566.97
642.12
549.51
213.55
363.87
86.37
608.34
112.4
15.74
212.85
492.82
167.82
721.99
254.87
445.93
461.47
119.7
366.07
472.07
129.21
133.74
490.58
309.24
631.12
517.28
380.44
176.23
595.68
798.42
501.7
260.03
12.77
226.02
703.07
633.22
759.69
13.76
573.65
295.91
485.3
582.02
331.5
365.91
187.31
711.78
796.52
58.16
518.58
22.37
498.84
546.89
295.98
36.67
548.01
642.74
563.34
784.78
475.44
545.01
358.16
208.74
283.52
776.72
121.37
12.35
794.91
602.5
779.12
17.23
728.25
759.08
670.74
583.72
148.85
625.81
207.2
470.94
417.8
345.74
215.34
436.58
155.28
294.63
387.67
195.65
106.03
69.58
6.34
747.79
167.48
550.31
460.17
613.81
519.08
775.38
383.33
704.3
557.63
530.26
405.94
394.77
59.73
288.56
585.48
604.34
168.08
265.7
498.7
18.07
497.14
799.09
23.84
174.71
273.62
641.45
104.07
440.3
4.46
733.38
114.74
59.32
499.83
689.61
633.79
342.91
438.73
448.79
523.7
709.49
328.83
396.87
510.72
648.18
589.66
543.82
755.66
502.51
443.48
601.7
469.75
358.8
698.02
746.47
47.37
227.28
605.58
635.91
399.32
313.59
459.75
323.95
30.17
165.02
34.4
798.53
562.23
46.53
545.9
396.77
340.38
605.96
422.92
730.43
72.67
386.26
452.34
665.11
366.96
432.34
432.86
647.21
268.15
761.71
630.23
427.89
721.22
495.32
498.32
183.96
469.95
429.12
684.1
420.23
111.85
160.43
17.55
752.96
777.19
758.14
543.5
71.67
656.4
519.65
145.53
551.14
554.5
490.35
417
232.81
651.55
240.62
738.22
219.09
297.8
511.22
455.23
267.02
723.74
61.05
327.62
312.88
719.04
185.14
67.4
216.76
84.29
182.16
778.48
591.49
480.13
478.84
572.96
553.16
116.06
381.73
86.13
510.18
270.51
568.76
289.77
270.23
290.98
690.43
266.28
223.13
472.17
641.99
264.68
636.21
243.66
338.12
264.9
709.16
663.66
497.69
774.91
377.55
628.57
137.42
251.69
690.33
536.11
80.94
457.83
92.27
770.28
600.51
758.93
796.41
793.4
574.47
230.04
588.82
678.35
490.97
534.24
212.32
294.64
588.74
337.73
406.21
189.11
760.16
82.79
400.05
384.44
361.79
83.36
98.25
174.19
770.72
242.87
469.19
67.24
262.56
99.29
313.2
612.34
386.26
302.94
378.42
522.72
89.32
621.92
161.42
341.12
668.16
167.61
682.88
145.68
266.22
460.89
383.32
523.38
611.56
746.67
368.66
255.21
439.61
606
786.17
313.62
214.3
726.07
520.35
723.43
112.46
76.61
283.61
506.51
280.62
730.03
468.14
429.25
204.47
350.1
101.34
789.85
47.21
580.75
733.17
699.79
358.15
332.05
334.98
85.88
442.76
86.45
51.27
175.71
546.21
562.65
482.89
313.33
585.41
77.29
431.41
248.05
650.35
303.73
238
160.52
216.62
530.21
758.91
576.75
142
290.64
772.63
685.71
605.17
772.77
441.28
731.23
285.66
498.69
258.34
403.67
137.92
539.49
678.3
557.39
128
45.6
1.64
221.22
359.09
326.72
36.57
591.59
43.98
604
240.8
52.6
507.67
129.57
726.82
324.1
571.67
588.75
238.35
720.25
753.78
35.39
197.5
259.13
72.97
573.64
682.17
649.25
700.93
642.54
343.65
103.07
270.54
485.92
779.42
178.8
449.57
317.79
276.35
413.15
172.58
285.21
262.31
35.7
608.64
590.1
535.6
263.35
475.14
639.97
718.32
764.72
331.93
115.35
118.64
132.14
82.3
723.05
363.75
393.4
561.62
82.43
292.97
437.4
539.46
122.52
161.81
699.77
577.7
788.63
256.48
141.6
709.32
81.21
213.15
796.41
691.93
596.9
714.61
145.33
682.48
84.76
307.94
322.22
126.29
349.81
283.31
509.92
537.78
240.02
180.93
756.67
698.2
260.53
239.69
554.44
79.83
721.93
740.17
773.52
380.06
342.4
631.48
640.35
300.74
631.94
257.28
403.78
315.87
390.11
783.18
32.13
209.1
656.06
4.42
458.74
249.94
582.31
52.77
557.03
523.52
254.71
677.5
45.36
133.44
499.03
502.77
282.54
40.09
380.17
96.3
203.36
778.04
710.27
505.63
761.93
411.22
306.85
506.34
680.07
775.65
353.45
52.71
64.05
32.81
257.51
274.35
143.41
618.21
253.91
703.28
533.27
318.03
63.61
107.84
319.43
185.75
553.7
19.92
588.21
362.24
343.62
741.04
556.11
226.93
12.18
275.08
218.53
788.91
545.69
124.44
445.93
220.07
2.73
336.94
406.84
98.23
415.84
73.33
8.04
450.2
468.78
158.86
392.2
791.72
98.52
119.4
447.69
628.32
204.42
328.15
417.8
169.12
68.83
35.42
284.35
794.56
296.86
42.43
312.6
230.3
338.79
143.51
310.11
601.09
350.92
53.97
594.36
312.59
653.75
190.47
93.22
259.03
100.17
475.39
617.17
520.85
108.48
222.57
466.37
432.52
99.69
508.71
205.87
133.91
547.99
409.72
402.27
549.87
266.13
223.23
521.36
176.11
618.03
119.14
43.58
659.75
256.18
740.82
477.3
389.61
784.36
107.87
213.95
411.38
368.99
653.6
287.95
13.6
291.63
154.36
394.15
723.91
286.43
686.76
595.5
651.73
516.16
607.24
380.01
279.36
404.97
540.32
100.24
735.74
310.35
114.87
398.91
279.86
163.37
131.54
439.61
70.21
563.89
574.3
166.92
194.37
545.7
687.13
83.75
482.26
448.4
197.4
328.1
483.53
78.44
317.22
238.97
586.1
553.35
223.6
682.67
236.1
600.75
546.06
285.67
622.61
51.29
317.52
44.89
621.33
248.78
282.78
354.2
288.8
730.67
704.46
666.94
464.29
215.98
68.41
709.36
445.05
230.15
4.74
552.2
90.92
142.24
146.69
773.73
738.34
280.03
94.8
678.9
14.54
103.96
178.7
280.94
682.13
5.58
415.43
21.2
143.19
77.97
87.84
439.58
136.59
575.84
450.47
7.39
209.24
498.28
571.31
478.79
655.81
722.35
570.01
87.62
12.25
753
605.04
134.03
497.92
663.57
764.78
243.55
183.61
406.03
352.46
536.72
588.85
249.61
515.98
127.42
167.76
700.13
306.52
246.43
326.88
560.16
574.55
154.09
253.58
667.67
394.88
738.06
23.88
590.85
551.03
314.62
519.59
511.31
576.89
797.13
143.03
159.19
375.68
32.74
33.99
186.62
444.72
154.52
618.29
215.31
527.65
154.42
403.97
673.77
773.71
42.87
320.64
784.55
459.79
163.21
34.51
541.62
785.31
82.23
382.69
644.58
327.9
496.97
515.62
549.72
402.76
391.72
427.54
6.91
709.92
213.53
410.51
298.57
28.23
411.26
623.62
265.9
115.16
166.18
171.27
569.92
359.79
354.6
273.24
39.07
226.34
109.75
506.64
612.97
746.41
235.22
759.42
301.81
78.24
582.99
444.75
262.26
60.34
264.95
427.87
188.6
494.55
390.35
779.75
247.13
368.17
351.99
513.35
543.54
796.43
387.22
442.91
476.92
150.73
340.96
431.49
326.1
420.85
297.69
322.66
188.41
104.1
446.71
539.32
696.08
198.97
601.96
561.67
749.95
605.23
423.5
135.17
278.78
710.99
752.04
46.79
653.31
51.4
141.03
420.22
434.87
786.33
723.17
440.68
317.52
196.64
487.61
268.37
475.03
227.83
72.82
723.49
525.36
556.66
204.44
450.46
51.1
180.6
206.4
760.71
658.34
602.76
663.41
711.36
393.69
319.26
17.53
168.73
612.73
705.65
710.66
325.1
353.21
276.63
281.46
518.16
644.19
726.77
545.93
34.96
29.16
117.64
284.59
719.04
776.52
23.54
680.23
52.13
65.16
163.16
714.2
368.48
495.14
479.16
40.8
468.48
332.68
172.5
70.79
20.73
435.72
140.37
284.59
474.41
95.27
737.17
241.33
176.04
292.69
663.11
156.82
363.63
238.92
414.68
646.82
426.71
529.97
539.57
162.95
523.87
733.35
770.11
38.27
203.49
742.28
404.67
620.11
767.66
278.36
460.09
578.36
264.27
563.03
564.23
646.19
451.84
228.45
266.63
108.84
315.33
547.07
548.96
554.83
637.28
374.06
261.59
390.38
696.3
266.5
742.37
176.81
39.21
322.1
646.42
78.19
216.52
129.03
59.12
694.83
374.47
473.13
360.04
283.63
409.13
280.95
450.97
768.19
201.53
25.24
480.05
444.1
107.09
276.31
668.73
202.27
685.52
460.34
711.36
278.55
540.1
155.74
216.11
538.44
494.56
355.3
462.36
307.43
51.87
75.59
193.14
234.47
666.1
336.4
190.99
777.92
5.59
213.53
318.11
451.43
25.02
180.69
567.97
764.1
497.55
392.2
294.62
414.55
376.32
110.68
313.8
492.75
781.57
691.47
28.84
186.65
342.08
35.5
724.16
296.61
746.8
165.33
92.6
371.69
149.74
798.2
367.27
80.75
22.4
112.21
331.36
516.05
4.65
712.67
125.35
160.92
375.11
554.46
269.87
262.87
108.71
468.66
228.78
749.82
566.23
434.31
611.68
61.3
119.34
595.35
498.53
474.59
658.21
167.79
331.41
781.51
172.33
725.05
507.23
191.79
719.51
401.31
202.12
379.87
737.94
509.44
749.16
529.67
389.72
571.05
430.48
430.38
209.31
422.09
545.52
63.93
302.46
488.31
283.42
725.59
403.41
351.7
636.03
790.13
403.66
771.34
461.1
203.35
520.55
336.85
655.86
484.48
604.53
165.51
404.59
559.28
513.53
172.44
11.34
662.13
361.76
16.63
266.75
527.28
500.82
726.1
28.8
430.26
405.85
136.12
692.33
119.6
797.7
333.68
43.54
418.06
267.49
431.73
663.34
241.62
783.07
737.55
184.57
711.87
727.82
540.03
342.46
217.12
377.48
159.91
735.97
735.89
190.85
181.28
419.96
221.42
132.39
189.27
644.33
395.99
295.74
507.8
522.58
145.76
742.13
788.75
784.89
686.5
480.33
230.19
442.03
361.73
563.31
181.12
363.15
650.62
669.33
521.34
461.29
3.22
461.13
777.32
64.99
427.18
546.48
653.52
460.26
417.37
532.55
284.7
786.77
560.27
797.58
81.14
119.5
577.48
338.85
216.99
245.91
39.07
559.87
686.3
799.25
705.79
122.38
730.73
79.25
33.7
396.83
83.95
301.96
454.07
712.12
602.36
445.73
496.97
267.7
573.76
83.8
283.77
377.9
111.75
242.31
58.22
626.95
663.55
562.63
408.35
155.65
636.99
40.38
717.88
315.18
108.72
753.51
614.22
490.76
8.16
38.87
534.21
364.15
302.45
145.8
406.37
138.9
435.99
614.93
628.15
469.03
195.52
350.55
663.45
199.51
225.19
400.95
303.51
651.55
754.7
406.88
670.48
431.75
143.42
795.62
614.34
15.89
760.1
258.72
269.95
771.95
473.25
796.57
463.21
441.33
137.54
71.61
460.14
476.44
544.97
576.38
388.83
114.36
412.16
280.49
219.67
572.25
235.76
731.9
710.4
160.06
632.86
791.9
174.1
496.4
355.66
339.06
798.15
398.43
347.08
7.72
111.23
597.75
634.69
2.31
240.93
441.82
690.32
231.39
574.74
363.43
76.48
467.57
404
782.63
119.67
716.86
297.01
674.15
111.95
46.04
188.74
738.27
601.26
589.28
40.76
3.31
70.43
456.09
32.57
259.8
227.93
467.99
244.96
406.29
475.08
610.59
144.2
462.97
314.8
141.21
587.71
268.98
779.72
370.67
608.07
578.25
407.85
708.96
747.59
271.54
60.49
552.6
423.63
54.96
612.28
529.42
208.82
472.85
367.52
148.89
336.42
197.53
568.37
53.5
113.18
568.23
673.8
488.15
198.48
134.83
272.51
375.59
223.47
723.28
547.01
109.31
221.87
31.53
272.72
46.67
697.05
91.9
687.06
376.46
695.88
124.47
384.44
413
675.62
296.49
96.58
747.32
571.81
720.47
451.85
789.94
793.3
791.12
764.38
97.57
370.68
729.14
0.99
237.01
561.36
391.46
786.56
230.99
388.31
107.89
267.38
46.41
755.69
181.73
706.28
258.25
284.03
733.81
466.54
271.72
161.27
356.69
618.98
255.17
703.59
48.57
405.63
651.14
624.85
625.49
391.33
725.88
291.09
239.75
646.17
506.51
54.3
469.13
520.38
356.49
692.59
65.25
9.83
176.15
524.97
22.79
781
665.59
124.51
318.58
341.31
107.37
740.07
693.76
668.26
701.04
498.62
0.96
229.51
165.55
371.97
1.36
412.81
638.94
553.34
44.56
570.86
330.84
197.67
657.64
100.69
187.8
666.22
120.29
88.69
484.05
363.45
378.03
367.01
311.86
283.9
425.63
705.42
533.18
770.17
251.11
546.89
500.48
512.31
301.06
137.05
785.2
672.19
520.75
355.77
617.08
2.71
200.78
642.73
22.95
721.79
205.09
401.98
361.06
131.04
542.9
652.26
146.49
470.23
324.34
74.2
233.91
451.14
631.29
53.47
607.31
664.28
562.35
474
22.75
83.72
650.79
582.44
781.23
551.95
548.95
67.33
443.83
220.04
51.71
765.87
447.77
89.28
48.18
170.23
589.18
231.21
46.48
299.61
77.71
195.53
119.62
565.92
671.04
232.52
566.1
226.7
403.27
689.23
333.95
564.46
60.7
108.54
410.62
409.76
306.74
740.73
655.71
575.03
367.84
657.63
607.2
197.69
163.9
484.32
387.6
348.16
593.98
495.87
49.8
261.03
225.24
161.18
142.78
265.37
743.46
568.68
199.91
618.66
288.13
568.95
474.94
245.24
727.3
645.93
457.28
517.33
321.96
388.21
727.68
731.86
3.19
19.86
236.61
536.27
577.49
575.52
457.34
632.68
278.12
398.14
213.96
698.31
209.54
598.14
501.35
624.86
277.67
390.81
214.12
591.36
21.26
530.67
395.04
683.64
288.46
798.74
467.11
643.97
671.44
667.41
753.66
218.29
654.22
446.97
95.6
520.8
122.53
152.92
763.82
316.18
756.41
217.82
365.13
3.86
346.08
266.62
680.67
547.2
137.97
58.43
651.35
184.47
399.45
698.92
94.06
764.6
407.72
766.06
329.62
149.07
581.17
88.32
599.31
523.92
648.15
795.15
316.14
795.51
360.43
637.04
555.18
281.11
785.57
644.02
708.52
646.87
16.56
447.02
143.38
340.24
61.93
250.15
536.17
216.47
627.34
275.04
170.1
684.42
710.06
378.44
464.56
669.67
74.71
550.91
585.78
405.93
18.54
306.5
359.36
543.81
552.37
765.83
625.95
340.84
85.78
675.57
39.74
3.06
303.36
589.09
616.93
179.29
532.65
319.67
408.3
738.36
280.25
593.43
581.69
748.02
640.41
143.99
316.87
374.34
95.91
335.82
283.66
263.36
568.96
249.58
380.43
644.33
379.99
152.04
682.99
82.77
335.12
743.18
738.73
706.17
126.3
420.56
227.49
264.49
563.48
239.64
627.75
94.31
297.92
388.1
482.64
542.13
125.62
605.83
104.66
38.96
32.89
656.41
50.12
184.75
573.14
348.88
292.55
483.05
427.03
45.06
659.06
589.14
167.18
374.59
147.13
215.54
704.86
679.29
109.02
631.63
450.03
545.72
664.71
742.12
252.25
544.86
28.88
249.9
630.94
421.29
540.37
39.47
629.1
653.37
659.23
523.04
613.13
414.67
696.39
373.34
788.11
275.55
601.14
269.57
331.98
108.74
631.42
166.93
187.21
318.22
464.06
142.7
273.38
756.21
128.21
667.15
507.48
279.34
37.64
107.06
197.23
242.94
145.84
235.31
523.54
676.39
448.21
536.02
47.08
281.09
196.71
774.14
610.37
775.54
35.3
489.95
616.5
331.33
533.04
400.19
221.65
680.31
35.05
233.08
462.52
545.35
698.12
453.1
642.07
100.94
214.73
309.94
705.2
270.15
495.01
258.81
618.66
761.71
31.3
704.67
575.07
111.66
786.44
500.2
245.96
79.7
230.07
270.78
790.25
779.99
279.05
162.12
428.7
720.98
27.76
125.43
91.14
283.16
687.33
320.44
160.92
687.01
7.91
738.89
293.97
685.26
116.83
454.11
268.76
64.66
730.55
61.67
351.34
678.01
563.08
518.88
120.22
111.3
270.38
727.33
582.4
608.92
296.52
488.81
520.73
520.08
226.01
354.05
774.4
634.31
312.88
624.24
454.43
34.89
562.77
335.09
764.17
703.09
135.56
452.87
27.92
558.89
251.41
659.6
543.48
683.46
698.67
793.17
406.52
325.76
578.4
248.47
485.9
651.43
482.47
499.47
745.84
35.37
203.46
127.44
217.22
798.62
339.09
661
249.87
653.61
739.99
712.47
487.46
270.09
547.7
670.77
672.2
7.17
241.22
783.88
162.89
416.93
314.58
260.91
126.02
208.98
688.26
58.57
209.88
374.04
661.86
92.51
208.27
700.28
676.11
606.52
410.71
81.68
292.49
251.2
312.19
632.14
520.17
565.82
93.9
349.64
503.05
785.38
462.34
190.5
610.54
566.71
43.08
131.61
244.3
124.37
29.82
481.68
387.38
779.53
369.5
705.71
145.79
651.65
705.59
499.17
444.78
697.86
676.52
664.65
622.38
417.28
641.27
394.99
73.03
557.48
635.1
466.8
360.99
708.16
205.78
759.36
523.96
92.8
646.9
109.22
213.29
150.49
627.82
738.93
776.29
247.73
439.91
444.04
582.95
229.88
559.3
555.58
424
215.37
507.95
70.19
652.31
131.94
60.99
681.07
96.7
327.66
358.68
515.64
720.48
490.41
428.9
401.7
481.44
504.38
174.6
666.53
631.39
28.82
587.59
302.61
683.2
108.88
302.29
163.76
278.22
556.43
297.35
730.27
230.92
394.24
386.32
250.08
508.34
783.32
555.25
265.78
413.52
548.57
690.72
694
678.26
536.79
500.27
270.5
766.45
577.9
552.74
765.43
521.13
5.33
548.84
182.48
118.42
581.71
151.99
610.8
167.69
747.09
697.76
136.98
188.21
654.41
10.14
763.43
638.69
682.02
562.96
46.77
550.57
564.85
292.85
324.47
610.48
678.33
697.41
630.87
284.77
22.81
726.36
479.95
132.92
261.79
637.54
100.07
353.73
706.15
357.94
753.98
739.36
469.76
397.4
353.12
8.79
144.33
505.12
692.16
442.25
443.58
773.44
9.41
428.96
460.27
450.18
490.15
325.26
55.89
284.12
636.01
109.6
117.39
132.87
62.94
95.06
619.31
672.31
252.54
626.11
687.92
283.6
458.73
479.91
184.41
335.61
46.81
401.34
276.22
673.54
651.98
611.54
329.81
746.56
231
396.42
756.59
392.31
535.8
295.88
671.81
193.89
617.76
554.65
654.88
696.79
20.98
744.03
414.27
726.69
654.65
259.14
699.61
5.02
480.49
672.91
453.45
107.48
216.46
583.6
651.64
722.26
768.13
714.26
91.19
134.87
254.83
299.87
763.02
296.11
297.82
627.02
70.84
659
683.66
291.37
333.59
128.2
120.2
315.55
504.78
477.31
402.26
505.67
785.84
394.26
784.84
340.22
51.99
698.57
772.21
119.13
449.79
528.96
243.5
430.83
598.93
372.25
503.03
645.89
689.46
245.33
9.85
483.89
265.18
682.82
702.43
545.33
333.59
184.51
791.32
650.17
551.42
231.67
336.54
37.44
407.45
329.29
573.61
586.69
635.44
71.9
282.86
798.32
481.76
121.96
593.61
502.25
110.78
394.4
459.69
369.38
195.75
391.67
715.37
604.21
101.76
781.5
105.12
320.17
610.1
375.4
755.68
510.1
610.3
775.1
337.56
304
189.32
470.23
153.7
41.12
162.02
76.75
560.75
566.51
352.25
228.97
50.47
342.6
2.08
94.24
655.76
230.1
257.14
545.76
205.32
337.27
479.41
396.52
357
10.32
426.63
495.22
718.57
438.05
661.67
775.18
498.97
19.32
341.85
700.01
469.72
210.33
466.58
487.11
103.75
311.27
396.23
161.4
454.81
319.09
218.24
171.22
721.21
786.43
652.97
371.2
47.16
102.47
68.11
429.78
639.76
720.54
577.43
99.85
279.33
43.56
24.28
63.94
58.49
606.25
462.46
785.6
314.18
6.98
745.88
768.25
133.79
569.78
670.89
234.3
436.42
265.43
612.86
122.28
225.36
187.75
596.02
549.96
651.11
413.63
238.3
739.47
261.98
494.17
438.05
267.36
656.31
189.03
344.92
84.92
679.81
625.23
261
265.16
658.55
69.28
711.55
386.5
647.27
175.6
228.24
589.02
447.73
416.44
688.85
722.63
347.35
387.42
369.29
447.13
616.98
271.33
683.96
7.51
563.41
4.98
499.31
62.83
313.32
316.3
231.5
21.46
326.04
443.48
390.22
541
462.58
354.69
131.24
35.59
49.94
574.45
445.87
697.42
404.35
236.88
453.83
717.39
339.11
36.63
346.21
26.53
651.48
187.45
759.81
539.39
387.87
145.65
295.27
652.8
180.79
327
312.72
125.87
284.28
136.9
25.36
264.8
25.2
722.88
271.96
651.94
342.05
239.21
50.06
559.23
780.67
74.8
90.15
458.22
81.5
292.03
728.76
239.96
551.32
300.28
561.16
542.04
711.89
317.49
184.27
299.56
592.07
326.43
657.69
420.9
474.91
44.68
333.95
423.43
118.54
582.98
399.29
677.53
308.04
710.6
12.82
758.74
254.47
425.52
102.79
2
559.49
139.05
90.27
509.16
711.02
45.54
528.16
144.18
516.76
524.78
301.02
8.82
47.06
451.65
406.67
659.75
388.23
152.88
75.5
21.38
433.86
301.76
729.16
757.11
349.09
481.32
223.26
302.95
654.84
244.8
536.2
389.66
251.34
470.37
173.61
107.56
71.38
19.44
417.45
266.03
356.47
466.36
767.53
622.38
761.56
237.07
459.1
422.24
234.61
432.36
618.46
574.65
379.69
726.03
649.35
145.42
578.47
164.6
180.33
86.31
507.69
705.67
615.16
253.95
28.23
587.6
228.36
264.78
24.61
322.02
474.02
381.72
334.14
196.14
545.73
716.07
445.35
642.54
749.04
318.37
796.54
381.62
333.39
45.75
56.62
468.6
551.24
15.28
455.4
472.33
581.21
278.59
327.59
614.29
755.86
455.43
572.04
511.24
494.32
272.09
754.82
386.63
145.33
746.11
101.42
574.82
522.24
243.64
535.41
483.75
683.31
118.23
740.04
343.71
249.69
21.33
737.04
724
532.5
564.18
257.94
527.14
62.3
20.12
252.33
434.07
783.64
184.06
9.7
236.74
751.53
92.78
339.94
673.45
269.35
508.27
416.23
647.49
266.93
266.55
464.94
270.83
788.21
91.86
267.36
352.6
626.32
203.13
511.95
569.18
583.56
334.55
198.15
497.65
774.78
631.17
485.15
95.4
253.03
493.21
389.25
164.78
146.98
770.63
20.56
626.03
744.38
665.09
339.12
14.53
299.28
239.24
458.7
246.53
18.86
79.5
367.4
158.24
619.46
456.74
753.66
289.2
589.33
796.44
188.66
268.17
12.32
256.8
709.34
399.36
314.92
433.75
400.88
67.17
691.2
98.64
79.25
540.97
123.61
440.73
453.25
725.37
297.1
132.37
272.46
694.86
644.77
747.43
168.03
136.51
173.59
630.06
209.45
714.79
167.41
172.15
598.41
5.27
487.22
617.37
324.12
320.71
261.93
480.65
740.98
528.23
362.97
299.01
229.82
70.37
292.43
205.69
639.72
283.92
342.45
44.89
211.21
337.18
769.82
686.87
419.74
719.72
87.65
217.45
159.33
543.78
532.31
5.16
382.1
495.12
731.55
279.36
698.4
205.89
323.26
629.74
536.14
543.09
734.56
31.66
89.23
226.88
224.75
120.16
466.14
160.85
268.79
72.43
616.04
456.66
496.71
449.9
676.83
17.96
370.43
277.97
145.75
277.97
676.09
137.29
64.81
130.78
322.13
495.34
683.06
132.76
603.95
441.64
550.25
132.56
655.04
586.07
476.47
9.15
353.85
36.09
6.93
689.67
331.46
598.54
417.35
34.85
188.55
621.55
740.93
538.42
653.24
693.89
242.17
43.26
537.35
140.5
439.58
551.65
186.68
353.62
593.28
431.44
397.73
225.85
779.34
45.68
327.9
735.1
431.23
409.6
718.3
468.88
629.58
491.3
398.68
626.72
2.14
605.63
300.87
209.75
599.08
104.48
147.08
364.97
318.51
754.99
507.3
774.49
439.87
143.74
339.85
590.19
319.46
118.75
759.31
799.45
256.2
765.12
97.94
257.58
368.43
361.87
24.41
140.28
266.4
532.77
466.9
29.45
14.32
131.39
203.21
29.33
442.76
454.14
301.71
466.4
192.24
653.47
150.96
9.29
385.87
339.19
351.92
674.65
79.51
13.28
522.75
741.28
303.59
109.69
7.11
383.82
320.32
791.59
590.91
58.16
102.49
625.31
321.6
384.25
784.92
65.77
326.88
16.09
280.9
49.83
464.52
747.61
442.45
130.09
8.11
645.73
484.03
126.38
202.66
178.61
117.27
363.15
422.31
200.32
418
749.88
561.47
43.03
21.1
430.5
729.31
271.01
632.08
733.08
479.89
422.03
792.53
524.58
425.45
708.23
26.26
572.49
742.11
741.51
155.74
506.58
771.09
661.2
652.73
354.01
319.26
732.51
292.34
600.17
253.84
459.74
673.05
562.11
330.14
552.45
338.74
292.63
317.95
502
295.94
45.72
412.24
477.45
629.28
363.68
186.85
359.03
164.42
433.42
156.98
625.41
613.13
789.66
178.52
102.26
64.8
676.88
492.74
594.98
68.09
752.33
99.48
709.77
31.28
364.78
631.04
60.23
647.78
72.74
488.16
267.81
790.42
499.17
357.37
652.77
227.47
332.08
39.97
324.56
373.4
149.71
570.26
357.79
165.19
542.83
613.26
797.55
92.57
773.45
399.24
590.99
217.31
241.23
730.66
786.91
599.93
124.54
162.74
572.33
215.82
143.3
175.2
700.91
588.75
664.83
631.41
794.83
307.9
388.88
436.09
672.15
71.88
215.78
245.92
745.63
293.28
268.16
619.93
659.11
590.47
601.02
713.92
684.24
18.14
360.14
614.13
154.15
140.87
223.94
166.95
254.75
105.35
786.32
584.81
704.28
565.01
421.02
495.12
183.2
570.43
399.91
579.22
594.66
460.88
412.25
605.07
489.33
486.92
70.16
767.86
525.75
621.27
475.35
119.9
341.71
366.98
314
783.88
415.4
16.37
336.53
383.01
398.78
143.59
456.89
390.36
433.97
462.79
188.17
411.2
333.37
361.7
27.63
382.19
634.08
732.26
103.21
477.95
388.54
34.23
82.63
577.5
438.05
388.56
715.59
586.25
58.78
605.61
384.73
66.33
389.27
200.46
516.75
673.41
721.85
782.25
655.12
645.09
650.54
736.41
173.35
321.31
704.61
56.25
191.32
723.4
314.33
333.2
163.66
501.37
13.89
572.76
456.15
692.27
705.19
76.08
209.51
762.36
276.3
654.41
272.93
357.55
2.89
287.07
735.19
140.63
700.13
201.63
730.83
366.57
421.69
520.14
60.85
43.15
649.96
630.41
579.05
771.8
339.22
46.44
186.04
26.14
717.13
327.47
794.92
113.3
146.6
650.58
706.8
409.47
69.31
326.67
290.3
281.27
83.31
464.84
321.23
346.11
510.1
268.37
294.93
344.06
787.55
254.25
358.43
513.06
156.19
620.02
631.24
743.92
790.08
249.55
10.53
254.13
418.08
635.11
457.63
264.79
499.9
521.99
599.6
132.82
157.65
451.6
185.9
216.45
572.26
223
490.08
559.23
58.35
47.14
672.5
227.03
670.61
762.32
425.54
671.32
283.48
787.79
582.93
580.24
780.49
57.71
22.92
224.47
323.23
180.26
386.14
781.06
253.44
141.21
63.53
644.46
152.36
138.39
548.36
529
669.99
381.74
596.55
37.15
307.76
150.07
55.25
397.78
730.96
529.04
43.61
97.56
49.23
327.86
773.75
791.18
350.66
512.59
100.91
681.61
548.23
37.72
59.73
449.28
685.5
695.27
557.88
41
453.7
92.73
553.13
711.31
361.71
189.54
683.4
495.68
414.21
729.07
591.17
700.89
466.05
61.76
559.03
555.47
246.58
155.95
273.56
665.74
14.97
700.63
113.52
696.68
0.71
524.97
741.66
124.19
690.43
646.43
52.24
22.55
723.42
637.34
412.9
377.08
80.88
479.17
696.29
615.95
197.95
472.43
158.13
629.82
41.33
329.38
434.58
279.46
726.53
393.44
119.07
504.38
618.49
314.86
290.33
664.01
212.91
786.21
628.26
95.45
422
53.81
72.04
359.74
409.69
136.15
400.49
8.43
83.72
387.33
408.52
346.1
434.88
571.02
621.14
368.23
380.37
289.39
196.04
623.68
485.25
70.68
556.16
213.48
371.16
613.67
300.96
72.53
347.42
637.82
630.27
106.6
694.05
524.28
628.69
403.86
72.72
146.23
614.69
486.79
562.1
676.61
150.84
489.74
98.87
15.32
619.56
444.79
187.89
70.59
720.41
669.39
290.67
374.86
75.2
215.98
770.73
140.51
797.38
24.87
599.88
448.89
563.79
440.84
339.22
124.94
577.45
524.23
353.34
580.71
754.91
51.67
723.68
155.76
108.87
654.25
66.63
332.44
5.1
342.79
45.35
288.51
164.42
762.67
631.41
609.89
267.84
513.24
714.82
398.08
607.39
180.26
634.69
481.32
773.96
185.66
427.97
481.81
314.65
14.41
672.61
12.8
150.49
211.32
505.45
488.86
568.16
307.9
74.41
270.11
756.15
285.28
171.02
399.62
786.34
602.51
292.42
339.78
774.85
495.82
478.51
196.04
484.1
486.11
83.69
666.01
185.78
377.57
767.67
519.09
305.28
556.48
679.6
468.18
112.27
110.08
218.47
340.54
15.13
212.47
340.97
366.28
374.52
83.32
711.73
445.3
112.42
237.94
615.53
701.76
196.04
437.46
44.43
496.37
741.84
506.27
613.48
200.12
376.34
346.48
175.56
706.5
116.7
435.58
382.02
718.74
201.35
351.46
72.25
677.22
550.42
601.21
29.27
62.54
769.65
79.12
704.38
664.09
674.83
126.7
216.53
15.05
452.28
791.37
18.03
311.98
62.51
788.27
42.23
637.47
756.48
569.68
38.43
317.24
655.52
97.61
15.09
32.08
241.27
393.88
4.23
114.26
472.58
751.69
411.73
600.78
414.96
439.19
61.9
270.15
406.18
565.05
159.75
223.47
761.49
683.51
291.18
715.46
779.09
394.14
618.88
760.52
575.69
406.27
478.64
772.47
342.18
148.99
171.42
641.62
439.89
553.03
152.84
441.55
438.64
159.18
108.87
473.03
0.39
232.18
609.22
585.47
11.03
121.39
401.57
666.1
626.55
153.87
358.9
247.37
714.28
430.12
430.71
190.43
573.26
655.66
350.43
731.35
44.53
729
565.68
383.25
279.65
171.46
80.52
771.92
702.28
670.98
446.6
112.59
218.26
269.22
496.52
171.06
215.84
543.65
578.18
292.2
383.36
614.2
314.99
623.92
739.3
712.53
240.66
496.45
683.75
251.17
743.22
260.66
220.14
582.57
520.75
559.73
764.81
309.91
166.76
707.3
507.06
529.69
706.97
293.16
557.36
147.2
205.48
226.48
748.22
578.87
113.03
284.01
653.14
609.81
79.34
356.04
710.28
258.28
347.22
527.47
776.01
680.76
255.45
42.97
385.72
239
593.93
61.5
17.47
677.05
534.34
98.29
708.08
217.88
23.96
252.51
622.71
388.45
366.63
12.44
350.95
438.6
267.82
374.45
650.55
597.69
715.81
420.55
319.78
394.06
369.36
42.77
324.3
557.65
342.84
615.76
397.69
369.49
384.54
791.44
445.86
577.25
145.54
381.42
304.89
208.38
512.86
307.53
146.29
378.17
464.01
337.67
786.76
796.92
634.34
455.37
752.25
780.34
499.36
191.29
362.57
670.23
445.73
173.78
359.98
178.12
253.02
401.89
548.64
331.96
328.82
713.71
791.86
337.81
245.93
608.93
709.06
477.58
151.63
29.16
174.79
390.21
80.11
416.36
524.12
623.12
350.14
260.12
788.8
256.37
195.97
411.75
637.72
122.36
770.29
306.11
338.66
283.38
479.01
532.2
346.49
591.75
437.62
154.58
728.22
403.83
457.25
256.18
574.5
492.23
374.88
630.65
626.58
303.22
298.96
360.09
199.55
657.31
270.04
670.62
94.5
345.35
735.01
640.26
723.87
275.64
527.23
302.35
715.55
427.75
376.59
600.99
617.68
46.83
44.38
181.28
108.19
208.73
638.05
405.08
683.77
707.08
530.39
692.01
217.22
70.23
517.63
464.48
116.14
391.5
595.58
58.66
716.21
135.29
56.64
514.59
656.52
61.72
77.16
595.55
397.4
406.1
381.98
63.61
61.45
384.47
470.68
737.78
552.15
690.75
449.39
353.6
85.1
416.26
515.11
649.89
206.14
672.98
237.43
563.65
247.91
202.36
345.59
410.74
408.26
536.01
260.1
311.68
20.27
36.93
77.66
699.3
633.41
672.47
12.71
468.89
428.23
737.55
569.79
687.69
609.26
131.61
340.97
527.54
497.43
41.15
347.61
789.19
737.08
487.06
651.39
358.86
331.59
443.51
86.49
639.97
518.79
98.87
275.58
125.61
665.34
252.87
462.95
323.6
461.67
638.43
389.22
619.16
478.93
421.08
623.55
389.94
219.95
132.87
203.26
670.84
625.46
416.42
415.28
710.29
373.18
258.18
185.38
478.12
47.1
710.93
466.67
561.59
210.57
69.9
612.08
539.62
47.73
179.44
336.09
791.44
395.27
254.58
38.16
254.67
779.13
24.98
254.5
782.6
205.22
251.56
48.11
125.78
693.46
447.83
588.79
192.36
411.18
513.52
623.93
461.47
675.6
570.71
622.83
271.85
105.13
582.89
384.73
757.65
723.11
95.4
113.1
441.97
741.83
329.28
374.72
272.17
202.17
617.06
461.45
713.4
760.81
426.09
503.45
578.36
523.34
569.96
10.37
563.58
222.94
276.95
765.47
429.56
50.26
391.14
25.94
294.57
723.62
184.46
431.49
137.65
566.4
390.47
596.07
739.21
108.89
396.63
408.72
663.98
204.45
322.14
275.09
180.97
790.4
88.24
400.4
479.96
328.85
309.09
356.36
764.49
331.86
348.94
447.72
745.23
49.16
654.03
17
365.49
17.65
462.09
413.62
534.41
227.99
250.91
480.93
668.24
301.75
109.02
145.56
563.79
419.69
147.3
194.63
77.51
772.63
402.61
72.23
538.09
243.03
435.47
703.22
668.39
490.55
19.07
351.94
236.91
170.59
53.92
300.8
93.24
246.54
462.22
350.21
484.59
373.64
699.35
5.1
589.72
334.88
107.03
717.5
459.09
572.9
634.61
196.09
193.2
296.86
315.23
400.2
236.38
405.64
640.74
366.4
548.6
324.2
798.84
522.78
635.11
14.71
718.47
379.46
27.19
519.99
778.97
484.8
37.88
308.74
51.19
426.44
288.26
127.85
463.52
411.39
536.85
159.18
674.63
212.44
534.7
336.25
460.26
325.47
799.84
461.06
371.34
36.37
682.96
43.72
608.75
283.89
451.47
444.25
590.28
682.06
49.88
402.24
40.12
40.44
175.65
742.97
197.58
666.07
584.39
149.19
391.56
491.71
77.8
371.69
658.62
156.63
632.15
327.92
189.23
117.35
596.57
602.72
114.96
773.9
321.47
322.7
576.32
135.62
410.89
622.7
510.28
617.3
30.19
325.53
513.39
634.07
246.1
178.16
237.22
678.53
497.07
696.43
141.54
575.54
115.46
487.43
466.35
419.06
719.91
44.37
567
180.32
83.61
449.78
477.7
581.41
328.54
448.76
87.87
66.76
367.8
483.14
71.06
444.98
617.75
306.4
617.01
4.42
575.18
703.22
471.57
20.85
448.57
780.28
691.73
765.11
779.3
473.43
10.07
31.76
743.28
456.58
504.05
740.39
103.15
55.72
726.39
695.02
187.48
279.06
209.67
201.33
141.33
276.73
755.61
743.14
582.81
641.3
91.43
545
83.86
490.47
697.55
343.86
70.8
589.26
586.92
549.63
549.93
78.31
124.14
409.87
193.76
384.71
655.19
265.19
381.8
243.7
384.1
634.19
6.43
400.73
374.4
282.28
557.15
347.57
774.02
795.92
518.86
764.16
432.98
539.53
645.73
555.86
260.12
708.17
31.33
156.3
335.71
699.33
229.88
736.77
262.25
633.3
274.58
4.01
648.05
191.64
554.59
38.88
80.63
633.09
228.35
489.54
287.46
675.62
774.53
280.89
24.71
578.88
14.73
540.89
519.12
128
490.2
367.55
12.43
232.41
335.3
364.59
513.07
750.89
341.53
438.52
48.1
725.14
302.71
224.34
310.53
597.17
788.49
100.64
243.4
517.04
88.64
481.79
594.9
67.86
445.1
361.13
686.61
396.18
3.46
731.98
166.38
100.13
357.56
474.21
241.06
709.5
322.46
571.9
439.52
530.64
761.42
213.72
651
89.3
175.41
298.57
382.34
253.95
702.49
196.51
106.96
551.9
189.49
472.04
71.33
441.67
281.09
379.94
491.96
405.34
534.87
577.05
321.78
169.08
763.73
688.96
14.4
506.02
434.42
518.8
526.57
746.64
427.54
383.09
726.96
497.22
793.66
636.69
533.64
143.07
27.32
609.35
561.1
644.95
359.8
4.93
438.03
437.82
143.03
744.68
37.61
110.63
550.8
414.76
63.3
439.45
789.49
513.79
349.53
183.66
333.59
309.26
689.97
319.73
158.6
406.17
447.31
787.89
268.51
311.96
150.74
504.95
669.58
21.18
655.74
52.95
348.97
628.88
26.65
783.63
217.56
382.46
416.25
669.25
150.68
194.22
119.52
542.92
270.86
406.44
442.6
793.01
367.8
347.54
720.53
80.63
687.01
12.99
169.92
233.43
510.62
105.21
667.72
189.53
784.89
715.3
284.01
73.6
171.92
646.63
757.44
792.25
314.61
556.14
540.1
225.54
16.85
565.46
647.84
220.9
105.02
763.15
463.08
542.96
100.86
135.9
695.47
574.11
449.4
148.43
306.65
7.72
264.69
279.25
337.93
48.45
735.3
639.52
756.13
186.55
620.03
429.9
742.88
573.91
749.81
32.92
564.64
66.37
433.12
479.08
368.04
432.14
400.14
66.61
185.43
439.49
127.79
34.98
690.59
192.72
676.57
397.86
790.88
664.84
369.2
461.63
646.82
772.48
590.17
769.36
489.62
745.24
703.33
542.27
650.99
104.8
618.49
205.91
150.3
108.89
377.82
685.18
346.22
152.49
497.97
0.12
146.51
192.74
423.59
4.29
615.07
745.95
450.33
417.18
610.96
264.15
41.23
634.01
415.96
66.85
574.58
449.7
666.29
31.47
714.24
432.88
251
260.64
753.87
44.86
374.02
184.33
521.23
442.3
350.25
444.34
155.85
536.46
311.57
404.19
509.6
544.85
82.72
320.93
158.48
291.74
718.59
622.08
94.56
164.6
679.15
472.31
501.63
76.18
361.17
41.36
617.27
127.17
356.11
337.85
367.24
637.69
390.45
225.32
685.33
514.89
556.1
734.37
145.39
150.78
619.75
661.16
51.35
599.02
111.44
437.07
202.56
57.36
57.6
470.65
661.63
374.14
261.88
259.69
346.79
14.76
512.29
693.03
71.6
304.62
760.62
163.1
758.99
797.63
332.32
321.95
71.45
595.05
367.1
466.3
85.17
382.19
57.35
492.56
784.82
590.75
728.84
156.2
761.73
207.11
636.59
683.81
796.06
308.84
574.31
581.13
271.42
368.63
338.13
462.6
409.15
21.61
602.5
262.81
511.13
769.09
712.61
328.01
666.13
129.1
522.65
108.46
398.02
211.61
123.11
484.35
48.58
423.84
446.07
422.59
539.31
728.57
423.88
547.22
308.6
627.06
578.46
593.69
312.12
392.32
436.82
306.49
617.08
239.3
462.48
265.39
727.27
355.74
213.2
516.56
610.18
768.63
371.63
32.57
78.78
55.9
431.04
470.95
728.69
640.48
287.42
117.14
162
549.85
716.69
741.03
623.87
166.42
700.82
217.67
199.65
461.97
646.55
637.75
134
15.06
596.05
67.73
582.19
405.34
237.2
630.8
767.03
245.66
683.89
364.99
337.66
253.1
645.08
280.8
745.38
326.76
546.04
694.78
141.18
763.21
303.36
626.63
638.64
145.24
118.16
643.9
494.7
584.72
31.01
149.22
662.55
381.26
560.52
297.76
505.32
701.33
515.42
32.56
317.38
532.4
620.83
490.51
543.54
94.65
527.52
448.06
281.18
797.52
572.61
220.3
405.52
526.73
641.86
317.16
724.44
447.83
239.43
241.63
690.49
185.57
152.82
710.3
770.22
401.39
658.1
379.97
383.03
717.74
425.8
62.79
785.63
393.98
344.29
423.5
383.11
396.91
238.89
63.89
785.71
555.76
653.83
334.31
323.46
109.13
100.26
463.3
209.97
59.62
43.73
66.1
773.7
271.18
179.03
553.14
469.14
544.79
475.84
496.9
19.34
563.16
789.27
675.69
769.21
298.33
356.07
374.82
107.54
505.25
562.74
405.79
593.36
426.37
319.29
174.32
517.5
517.74
362.41
588.4
81.57
581.99
22.34
781.36
446.94
650.26
718.86
363.64
689.58
445.36
558.64
403.29
272.33
212.97
390.7
15.09
141.79
99.51
594.62
613.02
26.48
606.2
258.92
335.18
382.18
195.17
678.24
212.9
47.16
359
443.8
377.02
313.65
68.15
712.67
210.75
611.19
224.92
493.66
679.61
356.68
306.03
529.47
183.26
386.07
799.19
621.3
313.9
378.1
118.74
442.08
412.7
535.56
321.28
284.53
245
743.5
268.7
475.29
789.82
254.81
769.24
789.25
572.15
57.95
103.03
556.57
652.84
755.46
373.81
101.61
436.71
302.25
392.09
681.74
82.58
424.23
2.36
656.38
793.41
396.67
6.37
719.16
655.98
513.66
83.37
299.41
278.8
736.28
153.58
642.43
722.85
538.08
100.28
447.96
43.46
739.69
204.72
534.98
427.45
200.99
590.86
37.41
543.49
194
685.35
780.1
32.16
137.44
501.48
438.22
532.62
248.96
498.02
651.5
604.09
590.9
308.22
364.12
130.44
445.71
730.37
352.09
798.43
127.31
216.98
107.7
12.93
790.31
6.65
594.09
761.32
99.27
301.19
114.87
609.73
626.64
345.95
479.3
375.52
320.99
31.64
491
463.37
599.01
17.03
533.82
137.4
362.03
680.81
305.23
317.32
611.69
403.31
446.09
518.07
380.4
555.13
212.94
517.76
716.64
179.06
573.38
290.41
598.44
269.14
554.22
151.28
349.38
405.25
128.59
201.94
683.7
446.36
121.12
55.95
146.21
81.99
582.97
200.61
70.17
751.96
181.21
224.17
67.84
635.2
36.87
372.97
39.52
135.92
158.34
281.99
12.78
485.31
387.36
697.89
186.72
420.57
605.53
19.19
463.74
104.4
275.86
60.78
629.79
659.62
663.52
191.38
66.38
522.98
214.39
519.38
703.87
231.45
134.96
417.6
402.23
407.98
128.29
232.7
442.65
668.33
384.36 /

COPY
	PERMX PERMY  /
	PERMX PERMZ  /
/
MULTIPLY
	PERMZ 0.01 /
/
