---------------------------------
-- Permability values for SPE9 --
---------------------------------

-- Permeability distribution visualized in figure 5 in Killough's paper
-- Killough says 'The input data included in the distribution to
-- the participants included a geostatistically generated 
-- permeability field'

-- The values below are taken from Killough's dataset, they are
-- not based on the figure in the paper.

-- Explanation to how the data in PERMX is organized:
-- Under each LAYER (i.e. K-value), 
-- there are 25 ROWS (i.e J-values) under which there are
-- 24 entries (i.e. I-values) 

PERMX
255.72
650.41
754.41
677.46
605.04
433.93
444.33
45.33
9.27
73.44
709.98
33.02
30.62
637.48
439.88
227.84
89.19
766.74
741.05
418.93
539.53
230.25
193.82
634.64
709.09
756.84
783.04
710.26
152.58
790.73
42.5
164.5
236.02
403.07
16.09
350.87
603.62
352.92
66.74
698.76
21.3
622.47
210.01
212.13
10.13
552.02
242.98
235.26
382.4
602.18
360.19
73.86
157.29
737.74
760.13
374.85
168.13
601.24
390.4
55.14
528.47
350.31
459.28
288.06
120.94
515.42
185.13
250.05
139.26
562.44
784.55
211.84
503.69
556.38
80.92
742.3
600.39
2.45
289.48
250.75
623.25
620.58
237.69
495.61
238.47
5.93
697.46
743.04
386.2
67.69
650
431.78
799.14
415.16
312.13
654.21
658.86
678.98
707.34
120.35
437.56
292.9
376.76
355.95
595.25
535.12
429.14
362.76
571.09
24.04
610.14
473.29
456.06
329.59
63.13
624.87
524.86
731.86
38.95
410.89
661.13
643.71
314.55
76.14
709.54
174.98
185.97
408.69
3.78
494.35
666.86
504.82
449.73
582.03
22
534.87
102.07
224.88
75.56
111.35
558.76
537.26
40.22
655.71
145.13
86.95
46.75
612.48
468.3
668.83
648.61
622.21
323.52
164.1
581.78
468.23
77.48
126.47
608.1
98.24
621.96
671.88
221.52
89.12
247.89
409.44
326.13
660.26
718.7
386.06
629.7
503.99
775.12
164.05
450.59
419.15
72.27
315.09
697.98
750
258.14
430.61
610.52
703.45
403.28
31.76
41.55
390.55
285.14
217.35
85.97
685.56
686.62
366.58
208.55
436.69
164.67
247.66
749.4
378.88
44.76
426.87
594.69
523.45
52.03
453.69
359.73
351.53
722.12
194.38
621.56
116.81
769.96
491.92
648.61
543.59
723.38
89.97
177.46
392.79
373.14
767.17
458.56
134.69
703.67
669.76
267.86
262.21
454.88
12.61
239
295.75
0.29
330.38
655.01
539.85
386.75
36.96
509.86
327.96
243.1
308.36
559.47
58.1
674.38
468.86
295.34
358.95
416.91
677.94
669.26
7.37
15.61
429.35
419.93
256.78
217.5
92.41
522.85
353.54
613.62
165.95
281.81
149.58
369.42
394.55
457.2
751.46
420.4
608.36
337.7
441.42
587.7
707.31
553.51
179.68
651.28
599.34
62.36
347.37
33.03
791.64
200.98
708.62
554.93
205.99
331.81
364.23
98.03
513.93
654.38
789.69
349.68
702.19
430.67
665.76
318.08
395.62
177.6
266.16
733.93
117.11
774.48
301.93
634.54
641.07
401.15
353.44
562.62
196.46
679
297.58
340.82
683.3
158.55
252.03
626.61
258.68
400.87
764.92
169.47
125.04
104.62
263.44
168.83
90.24
392.68
247.72
353.62
5.2
33.74
370.52
582.8
13.47
205.74
430.92
353.66
652.84
60.99
595.67
569.98
18.67
610.48
545.54
483.41
531.45
558.36
503.66
253.95
385.35
246.09
433.14
250.41
103.92
751.02
514.23
405.04
453.6
179.8
639.11
169.3
57.86
615.74
460.25
494.2
532.26
317.48
158.32
41.4
298.65
255.55
313.35
8.03
94.39
16.18
445.98
652.84
315.78
308.58
720.03
299.81
404.22
115.24
166.42
70.51
90.06
689.66
33.94
188.54
368.29
689.78
203.77
706.88
318.09
773.89
443.27
187.12
288.72
501.93
750.55
534.72
586.24
235.47
143.15
220.9
185.6
649.2
186.85
316.78
128.98
328.32
607.38
176.48
719.06
688.71
431.63
35.11
768.79
432.08
669.64
764.08
684.31
480.15
655.87
515
197.26
744.71
12.4
133.16
562.37
410.21
501.37
180.14
42.58
796.64
341.79
414.98
160.21
490.84
683.63
233.49
402.71
291.88
718.65
676.56
75.87
649.3
161.12
678.74
159.94
36.68
528.94
304.47
755.06
542.29
168.7
38.8
188.95
754.86
285.41
548.51
673.59
46.07
314.16
248
773.05
584.95
601.55
250.7
227.08
72.18
364.41
162.52
480.31
469.25
675.92
718.22
517.19
32.79
13.18
49.19
161.75
686.54
679.19
95.39
763.96
550.01
646.55
560.96
544.54
534.21
25.06
473.55
220.2
200.87
347.78
459.25
282.97
61.67
150.64
650.15
290.46
638.19
19.71
664.41
248.85
583.02
590.4
764.32
40.08
199.66
421.86
466.24
176.26
8.13
270.04
31.73
762.51
85.4
209.16
121.44
60.23
651.94
788.22
490.86
703.27
310.98
457.38
710.51
416.5
459.41
189.04
582.74
346.51
672.03
440.48
770.79
334.04
465.64
698.01
236.54
515.73
346.01
273.04
469.15
507.35
354.7
578.86
671.1
696.37
733.09
714.11
442.67
219.12
619.48
186.95
150.53
698.77
540.81
367.82
151.38
2.73
579.74
670.55
443.11
528.61
104.25
757.41
198.92
798.74
95.5
640.79
469.08
16.83
110.59
153.72
753.66
367.47
361.63
558.7
703.05
430.22
776.7
153.9
425.26
416.85
275.66
333.17
154.1
719.19
177.62
235.58
451.15
262.22
30.65
655.07
359.33
644.17
546.61
101.4
233.51
246.86
380.64
644.33
110.48
658.94
93.04
680.13
482.13
354.75
85.12
280.23
160.79
585.92
444.19
675.26
500.87
415.24
115.12
405.1
422.07
162.12
365.66
489.33
122.23
516.91
507.15
722.63
760.47
502.2
665.33
754.52
380.18
313.78
553.95
163.23
767.91
666.66
557.93
705.41
565.35
788.7
749.1
201.58
328.96
311.59
421.79
793.7
285.41
91.02
156.42
602.44
576
75.9
572.49
63.18
613.26
448.29
206.63
280.02
236.17
742.62
232.63
440.24
706.44
636.88
100.47
507.32
449.48
35.77
66.81
310.49
206.94
262.35
769.54
206.9
459.92
190.18
77
582.58
627.04
146.07
56.8
99.32
782.58
308.75
793.98
590.65
456.56
676.72
585.59
771.4
576.34
521.92
768.43
568.66
413
6.37
67.44
427.97
760.71
644.37
188.2
698.8
66.76
583.43
199.91
95.49
600.12
530.03
376.52
27.17
713.99
531.01
783.27
719.18
773.52
634.1
403.94
399.18
327.48
304.56
55.67
304.2
51.02
758.82
785.12
636.75
394.04
521.6
405.47
499.34
686.99
630.89
763.26
516.44
415.42
201.17
257.08
339.43
760.53
397.73
450.88
509.14
290.56
410.05
403.48
499.78
468.84
666.52
728
235.82
404.61
663.24
460.19
509.45
217.38
320.82
326.53
732.79
171.05
766.91
312.46
483.57
218.73
589.81
625.17
772.79
632.29
649.38
142
619.32
76.65
249.8
27.81
458.41
624.63
741.34
600.86
474.33
135.89
180.45
226.57
542.24
511.1
88.12
47.3
727.51
589.45
316.89
68.21
753.56
721.15
722.97
702.33
472.24
506.23
35.43
656.51
39.95
462.56
626.27
688.77
22.24
653.04
601.23
445.27
335.6
162.92
417.27
598.95
790.14
736.07
309.27
18.11
127.89
765.93
11.31
228.37
760.93
253.96
561.08
492.67
663.87
105.47
528.82
97.15
447.55
85.71
312.6
259.99
74.51
26.99
768.33
425.63
520.58
15.99
70.91
451.89
310.19
112.82
418.29
676.26
50.91
54.83
154.05
666.45
567.48
671.28
763.89
749.17
653.66
447.54
469.98
593.06
208.2
320.96
426.4
91.7
100.31
271.01
691.87
306.77
351.7
24.98
18.51
374.93
269.63
444.89
127.27
163.43
247.77
259.86
502.81
288.83
549.97
429.59
426.78
252.46
554.22
79.14
63.4
689.74
447.25
470.6
461
455.38
34.23
353.73
38.85
382.65
455
103.08
425.02
752.05
695.36
48.92
603.3
671.89
80.1
227.42
64.05
147.86
663.24
238.87
83.46
448.39
739.61
351.81
529.13
354.91
173.39
477.11
402.96
612.32
316.7
127.58
584.59
269.1
95.12
106.45
349.18
485.69
414.78
382.39
20.27
271.48
132.65
92.15
143.32
274.13
432.93
215.95
643.67
583.26
304.55
575.04
341.82
469.31
17.95
68.55
589.3
216.3
377.36
592.71
597.81
312.59
210.71
474.78
172.96
202.47
745.33
69.17
486.52
242.86
183.04
98.32
385.06
338.29
639.94
614.65
289.15
179.66
98.16
323.69
124.4
76.04
47.74
787.01
643.54
256.36
354.52
234.53
266.03
232.36
210.15
308.06
788.23
72.54
682.17
372.97
546.53
71.92
683.58
743.66
748.02
206.33
456.37
190.74
635.29
552.4
341.63
216.45
384.71
619
99.95
370.42
593.59
281.7
438.07
479.44
39.26
516.79
631.81
126.83
551.86
183.43
347.45
22.12
759.66
267.11
372.59
557.16
38.42
29.65
659.79
393.28
419.15
500.19
35.77
740.62
182.72
619.11
257.89
102.76
478.67
106.66
737.05
119.83
4.58
290.94
630.77
81.25
607.86
752.08
5.5
191.47
75.72
764.92
5.68
787.56
425.78
92.51
421.1
330.56
284.24
102.73
654.18
707.58
263.28
564.7
157.33
540.28
563.07
265.78
64.75
261.3
107.91
449.3
76.65
579.77
293.66
329.8
216.48
78.46
656.44
86.7
463.83
500.86
89.39
644.23
489.22
655.15
56.64
319.65
521.2
73.84
417.71
36.87
580.43
195.42
668.87
241.35
735.77
498.54
654.51
298.09
733.44
391.68
168.93
544.58
364.21
565.09
269.18
201.09
311.72
485.56
211.07
230.71
386.16
538
476.41
692.56
450.36
54.74
590.43
335.89
99.58
39.45
126.74
771.16
120.14
631.7
109.5
711.68
96.89
97.95
204.37
638.51
108.49
538.36
220.67
681.4
430.59
727.53
436.58
710.92
192.34
165.41
340.55
758.03
186.45
660.81
303.41
14.8
749.94
481.43
213.54
589.9
423.55
321.22
393.97
77.53
56.24
775.53
662.58
488.03
649.53
373.41
627.36
192.81
463.55
246.81
18.01
513.07
202.85
239.02
281.4
224.91
187.89
370.85
61.69
91.58
581.12
530.8
680.59
792.39
169.04
248.2
624.72
704.55
577.28
78.16
583.52
544.49
108.7
685.32
744.63
431.65
331.76
184.44
269.5
28.61
460.34
105.35
618.45
71.83
688.64
114.3
702.84
475.35
27.51
703.85
568.62
428.3
289.43
637.86
511.76
199.97
597.2
780.25
507.48
20.18
755.36
623.78
319.85
777.72
17.16
364.44
353.66
220.42
328.1
167.46
628.38
600.21
260.72
397.78
475.78
627.4
174.03
693.18
45.89
250.81
472.68
360.69
217.4
480.08
744.4
437.16
777.07
107.81
509.08
117.74
186.68
51.63
474.52
243.75
565.35
8.67
326.04
549.34
582.11
221.3
43.61
413.95
126.96
491.54
737.47
398.25
531.07
323.07
154.26
291.04
244.39
48.76
286.02
96.98
330.11
559.76
35.72
232.63
187.58
409.63
220.53
120.23
576.82
609.53
114.25
511.75
106.12
371
650.69
150.86
2.89
308.83
21.5
280.22
1.23
539.87
367.42
476.15
494.52
253.15
729.75
275.78
252.63
263.53
306.65
471.18
426.34
203.73
499.32
306.4
545.28
588.61
498.31
756.01
151.88
669.61
457.57
452.75
417.5
431.68
716.09
231.15
460.01
370.45
404.09
576.58
690.38
70.48
389.73
374.41
570.89
797.78
581.42
167.88
433.43
408.62
326.01
23.77
22.48
688.82
604.54
331.41
682.97
526.04
510.8
61.04
424.76
504.57
718.16
134.17
130.01
548.24
545.27
509.54
84.35
643.87
683.04
342.77
255.27
420.34
236.95
520.33
599.61
410.31
406.38
184.59
466.42
72.9
620.07
458.05
661.4
387.19
653.06
544.7
473.79
197.5
286.23
359.53
413.31
204.05
228.4
706.6
148.13
167.07
489.46
451
563.75
192.82
91.89
698.54
354.91
366.72
392.9
701.9
423.05
296.49
786.44
88.07
323.2
153.08
438.85
259.8
514.57
455.96
144.28
105.63
423.23
500.72
720.52
775.87
798.4
629.13
518.11
188.34
168.17
676.29
508.22
90.47
298.33
205.26
449.34
541.92
335.13
787.91
135.89
793.43
646.2
741.54
124.87
343.6
416.11
10.12
339.35
150.77
781.36
39.59
571.37
605.64
648.62
325.89
143.59
294.93
208.64
318.65
626.57
701.41
4.85
245.96
438.1
420.07
32.06
659.25
285.38
323.45
497.69
692.68
243.93
658.88
463.68
542.14
42.04
292.31
701.64
447.54
344.05
474.91
220.35
297.29
573.88
66.92
478.9
235.64
354.38
68.26
678.84
470.9
289.85
794.36
272.43
265.96
258.52
428.3
243.78
782.94
21.3
634.95
99.68
255.53
720.67
65.1
742.42
146.64
741.53
103.42
734.69
563.27
210.17
429.47
317.16
688.33
326.68
457.11
700.3
597.59
46.85
62.1
443.4
733.63
607.69
408.09
752.33
267.64
349.67
96.29
334.7
286.33
158.88
597.83
449.3
286.31
186.25
61.86
184.43
42.88
177.36
238.13
722.21
142.51
737.51
779.51
483.11
442.85
789.55
750.24
692.16
306.93
766.86
219.07
141.76
691.9
524.79
268.21
742.28
708.37
150.26
274.53
291.02
440.28
443.14
106.42
236.92
79.92
641.76
711.85
692.56
410.63
479.74
426.71
283.98
464.24
92.27
733.55
483.31
496.17
600.69
584.59
231.1
568.22
378.59
153.39
636.32
192.45
231.44
378.03
435.6
313.51
519.47
242.23
211.06
479.46
600.42
736.37
779.89
171.35
50.74
136.54
413.36
134.83
445.35
20.5
209.72
583.44
521.82
498.59
602.62
202.28
598.9
582.63
351.9
338.75
109.32
296.48
636.55
718.88
426.44
74.52
423.06
22.39
160.82
792.43
302.63
78.6
104.15
517.09
247.29
742.96
571.73
194.33
340.07
468.96
21.54
745.23
611.37
609.98
608.66
536.51
750.51
54.95
132.31
46.33
239.08
153.05
207.52
787.83
382.81
630.91
736.53
388.46
657.34
507.52
796.65
611.39
22.02
547.64
115.23
201.51
582.6
684.15
757.27
764.71
764.16
179.69
148.98
38.89
170.52
232.75
163.83
573.09
790.69
234.27
302.8
54.89
366.53
726.12
577.75
105.17
334.14
417.08
399.41
262.91
520.57
257.16
218.37
94.83
391.72
166.39
41.24
489.93
457.56
118.24
644.46
382.49
421.93
90.81
261.67
268.19
215.03
180.08
7.07
617.96
629.59
778.51
131.34
278.15
481.94
277.05
347.08
586.72
527.69
564.93
497.58
46.54
563.04
705.24
329.37
78.48
418.95
244.59
636.33
435.58
507.97
327.87
271.98
484.1
72.5
761.54
616.77
323.08
151.98
176.2
709.98
364.6
188.87
276.94
369.31
512.44
412.83
382.02
137.28
33.11
734.26
116.33
225.96
293.68
539.08
498.76
644.49
359.98
46.34
87.16
314.41
117.52
399.45
343.68
39.96
222.54
189.44
27.41
75.13
367.61
107.1
153.03
592.61
175.72
629.53
633.81
744.8
702.85
352.43
787.68
440.68
270.29
24.68
794.87
131.82
498.77
476.3
761.96
9.58
528.91
128.36
668.12
392.52
216.46
467.88
125.08
311.88
31.48
146.48
460.89
581.11
357.5
605.53
131.09
429.61
731.61
221.47
676.48
617.31
787.47
182.77
544.87
486.41
726.05
82.24
58.55
147.06
29.74
48.03
732.15
205.75
682.3
730.49
312.18
364.98
296.97
20.54
436.17
465.95
552.62
620.62
0.78
55.58
222.41
793.94
267.86
319.59
230.76
588.81
376.23
639.88
30.9
265.38
769.56
458.43
229.82
703.8
148.01
491.89
47.54
736.25
277.82
318.95
737.9
722.26
306.35
232.2
44.01
293.78
174.88
728.68
467.31
789.43
153.67
748.77
634.53
341.56
627.05
162.56
179.72
131.42
514.47
541.44
257.41
130.02
430.01
632.01
247.71
728.57
411.26
502.75
622.7
520.83
70.04
538.45
531.91
736.33
113.16
268.62
58.56
456.04
632.63
632.74
203.06
167.96
62.68
250.11
96.7
711.06
136.06
283.88
126
294.09
349.37
165.14
116.93
555.63
471.55
452.42
146.68
595.16
382.36
748.89
143.59
582.37
626.02
407.63
521.92
777.43
160.71
186.9
404.68
192.69
285.48
466.66
476.4
686.51
303.37
112.86
381.84
315.65
439.83
129
626.17
85.68
301.48
677.02
486.11
345.26
377.48
39.34
640.33
603.66
338.79
76.27
397.08
450.65
571.28
109.79
458.87
336.59
700.61
610.3
198.67
297.5
157.38
297.34
509.89
203.45
739.14
744.28
456.7
479.43
21.72
44.63
187.96
784.45
632.47
300.09
255.83
190.47
38.71
389.2
17.12
755.97
477.7
255.04
362.33
762.52
454.39
410.29
72.47
677.97
750.95
309.46
65.06
594.12
340.71
203.17
175.45
205.47
670.99
162.26
147.86
113.85
122.13
601.49
408.39
59.13
80.33
108.43
228.32
606.19
714.23
568.48
628.86
209.91
625.17
472.02
323.77
295.16
179.71
262.25
271.79
610.74
65.17
594.76
473.6
600.91
120.14
171.83
384.7
129.23
226.59
467.46
99.29
748.83
730.27
155.93
635.54
637.66
541.94
644.86
431.98
14.22
770.94
50.97
694.17
753.49
289.28
785.28
380.77
8.9
12.73
727.43
268.77
584.51
98.77
38.46
772.45
72.71
626.65
352.59
53.99
36.07
138.38
308.98
7.28
373.78
796.56
310.25
409.19
320.15
370.66
468.96
439.15
545.95
591.89
184.41
160.38
296
189.13
201.52
683.87
709.77
796.7
475.65
777.8
524.01
363.31
198.73
510.83
364.42
651.42
571.2
13.62
126.82
530.11
34.45
559.04
493.03
104.19
140.42
343.04
9.33
591.21
437.82
56.65
404.76
321.24
172.08
273.62
459.58
349.51
543.89
111.74
229.51
272.49
540.02
400.15
326.23
761.21
300.21
169.35
739.23
272.56
5.01
382.49
62.96
571.66
259.32
59.74
717.61
777.71
639.76
567.83
462.53
788.1
257.2
255.18
610.46
284.29
509.05
698.16
582.17
353.64
87.91
260.09
455.22
204.47
634.95
727.17
124.97
561.32
743.49
357.6
360.55
164.3
505.19
169.18
12.54
80.14
287.43
237.83
304.74
496.91
336.13
235.83
259.96
124.64
402.03
332.22
89.53
530.86
399.04
178.99
373.85
278.89
733.3
654.47
366.48
11.96
105.42
127.17
745.47
159.41
362.41
702.84
545.74
121.17
499.78
736.56
510.78
272.64
292.98
44.25
167.83
620.88
160.62
623.91
562.48
710.9
634.86
164.39
779.91
197.5
696.44
728.15
146.49
35.93
693.19
106.46
366.4
321.33
489.32
194.17
709.45
173.82
73.24
606.91
467.05
739.05
450.81
663.63
316.75
411.92
137.84
599.32
723.15
162.84
790.15
651.99
102.13
594.59
279.52
45.16
18.72
429.85
75.56
169.46
181.29
368.61
797.62
69.97
360.54
232.59
655.01
545.86
625.67
47.53
345.62
268.79
279.4
400.16
413.17
713.83
204.56
217.67
750.93
593.67
298.09
528.9
655.22
677.08
120.91
769.04
417.69
692.93
676.08
578.98
426.36
241.52
237.91
408.92
419.7
726.82
289.8
476.16
142.26
590.1
711.32
736.44
735.69
144.5
55.02
500.43
31.23
584.54
407.01
415.23
176.46
39.87
304.07
239.49
748.81
545.8
315.32
403.67
52.09
676.03
519.03
790.56
232.11
33.31
505.3
607.44
560.45
78.09
491.93
333.37
231.11
36.25
520.53
535.71
447.56
613.89
304.48
760.83
322.78
740.72
724.59
253.67
472.43
777.91
354.06
595.45
49.94
520.12
477.53
164.81
17.97
757.1
775.88
381.78
776.38
118.49
204.22
679.87
142.33
230.43
551.56
282.44
315.03
128.6
550.77
394
92.34
329.05
772.49
288.48
179.54
78.94
209.31
291.86
125.47
559.45
570.37
254.57
169.35
667.74
514.8
796.36
292.65
310.99
194.17
33.25
376.3
173.03
282.51
558.4
427.24
142.8
220.84
328.47
453.67
224.62
667.4
79.4
385.22
716.53
3.2
765.03
200.04
462.24
414.11
37.26
268.63
22.02
437.9
402.34
351.83
793.13
484.53
403.48
237.15
292.43
176.32
118.99
373.49
81.27
63.65
272.03
466.65
12.77
559.24
535.21
195.02
581.68
710.85
297.04
80.81
174.6
263.39
558.55
775.97
240.13
638.37
1.89
637.79
222.06
405.9
78.5
539.57
6.14
251.36
366.47
700.45
353
725.07
321.88
706.37
241.96
447.19
159.61
556.79
727.05
421.14
777.23
531.04
305.03
146.5
559.25
565.14
196.66
318.5
526.22
334.27
585.75
725.8
44.2
258.16
305.37
378.63
539.4
619.29
179.28
253.2
165.45
74.61
327.9
404.59
325.18
569.91
602.44
196.04
477.24
668.88
566.91
337.62
588.33
326.23
472.8
227.52
49.5
202.55
37.02
732.93
110.63
772.9
531.49
227.86
71.41
487.61
268.83
370.81
235.34
103.54
118.92
447.07
252.76
720.62
356.31
79.15
329.32
193.5
109.3
29.55
574.12
429.61
671.15
211.19
730.74
53.13
524.45
327.41
605.57
692.2
94.29
167.51
274.48
746.77
776.3
202.13
772.97
636.93
702.08
604.63
343.82
363.58
391.06
536.7
126.1
755.62
413.41
1.77
81.12
324.02
185.96
594.01
655.42
54.02
167.24
99.44
412.83
421.95
122.35
738.82
362.91
31.59
63.4
199.18
786.23
85.47
60.89
610.64
497.57
473.05
667.91
407.96
692.89
487.35
367.73
773.67
724.35
546.03
196.55
109.04
286.96
603.85
154.5
713.59
534.44
482.65
172.56
134.97
34.2
307.17
329
654.42
31.57
316.84
128.51
120.46
295.49
718.04
302.35
324.48
333.1
320.99
377.02
640.92
627.89
354.81
231.56
486.07
484.95
656.34
89.11
411.16
225.36
676.51
169.87
713.59
617.21
596.3
191.37
490.9
776.82
705.84
7.65
375.5
651.31
198.75
322.47
525.95
650.23
305.95
178.96
155.6
328.28
162.41
750.05
251.63
65.28
426.35
773.89
418.05
40.48
304.07
286.6
423.03
751.48
535.49
792.7
597.61
374.24
664.96
120.32
514.85
423.75
327.44
272.78
640.07
778.26
264.19
785.41
381.57
504.35
589.31
440.68
619.03
142.33
208.77
182.07
439.71
242.02
769.51
748.23
542.62
584.32
453.01
681.56
325.58
462.7
685.45
87.16
198.05
378.03
388.55
700.11
144.49
527.62
689.61
650.54
502.7
403.68
576.16
284.82
292.44
370.26
634.54
644.11
25.5
271.56
164.78
13.78
125.37
738.74
363.36
626.39
480
551.15
250.6
725.02
96.06
38.17
295.32
491
799.81
114.92
739.61
271.57
689.69
292.12
149.74
717.76
451.78
452.56
658.22
55.03
441.72
586.07
439.43
569.39
358.33
264.22
727.73
133.86
785.59
659.03
558.65
268.46
57.7
793.33
348.61
602.59
10.87
706.62
375.74
104.35
677.6
300.44
147.91
163.63
530.12
62.93
677.01
423.57
755.11
652.43
246.19
658.46
496.15
315.81
711.19
797.68
762.8
692.82
568.94
634.18
186.05
680.18
554.96
61.48
518.8
510.04
711.48
759
443.68
452.74
175.12
210
71.27
701.29
791.3
538.7
662.14
201.96
292.27
145.74
212.16
734.02
236.38
156.41
187.05
414.19
479.3
571.67
496.51
648.42
33.95
243.53
197.23
703.87
469.46
581.83
568.53
635.96
451.11
440.16
739.33
780.23
281.8
7.75
270.87
213.16
729.43
404.54
233.71
484.84
406.88
669.19
604.36
547.59
217.2
668.57
340.38
788.51
573.66
327.21
94.24
628.67
33.21
415.43
671.98
123.11
608.58
71.56
269.37
273.75
600.22
423.6
565.96
462.18
638.43
588.23
522.2
329.28
433.11
520.8
63.05
149.59
540.76
141.27
547.26
531.29
583.65
661.1
75.77
138.65
423.36
494.46
432.78
378.85
645.2
335.52
585.52
598.43
591.64
218.26
362.52
281.33
771.67
572.71
149.06
604.57
163.06
658.74
532.38
194.47
704.27
718.28
532.91
123.97
744.06
182.25
544.8
331.75
182.6
143.67
133.14
83.85
224.23
511.55
570.59
275.99
622.4
378.57
651.41
755.22
259.04
294.35
31.12
464.9
272.4
159.09
304.55
268.94
211.44
293.39
222.31
358.83
628.22
453.82
716.98
8.5
188.68
462.31
373.54
308.55
473.02
585.89
478.89
224.8
307.06
763.13
206.85
640.05
89.48
88.7
362
547.75
27.26
785.33
738.21
74.03
187.41
626.39
670.91
308.67
281.38
113.91
496.71
355.09
241.57
80.1
307.45
224.05
597.36
89.75
366.27
339.94
54.82
664.73
14.27
268.11
268.35
432.01
680.72
171.79
721.17
682.67
274.74
183.47
215.01
705.54
346.82
260.51
152.71
363.72
627.11
346.71
700.49
561.12
352.2
54.96
379.68
501.37
743.96
559.29
395.66
591.4
146.69
38.39
594.49
448.08
293.14
767.78
375.4
288.53
226.75
458.34
687.4
469.41
616
193.37
227.9
582.85
460.49
569.95
686.14
773.01
706.28
73.83
156.83
541.19
46.34
21.35
377.42
350.08
214.86
508.59
582.76
671.43
211.33
482.79
733.18
336.33
127.63
14.53
672.16
474.2
337.56
237.57
246.49
404.77
40.4
40.32
18.4
144.75
132.88
197.96
628.32
311.34
770.36
71.97
465.53
434.42
613.39
268.37
667.09
601.68
340.67
754.22
179.26
173.12
463.9
80.36
273.09
164.65
719.74
182.66
46.88
568.87
758.76
125.34
107.29
152.55
331.95
335.3
541.55
777.5
313.37
548.11
622.55
454.54
751.59
726.49
684.56
175.18
495.02
72.4
746.98
390.64
256.96
351.72
323.86
563.22
36.08
521.59
525.97
425.72
334.42
342.48
169.18
474.87
101.73
57.94
734.07
287.07
365.86
778.56
617.2
621.17
47.41
631.12
454.37
53.59
476.91
208.14
472
715.94
441.98
296.15
275.93
542.92
782.43
673.99
59.68
333.56
163.28
45.7
739.97
591.23
26.09
677.3
147.72
749.11
329.09
588.11
99.34
228.31
509.27
756.84
296.78
740.34
354.99
563.22
235.33
777.8
481.54
220.56
218.36
559.28
203.93
425.44
724.15
437.96
432.52
464.39
3.56
79.37
91.89
90.06
719.28
286.76
374.14
294.08
727.17
724.13
746.01
503.1
180.77
73.41
660.02
792.15
543.16
644.05
612.21
79.57
2
192.45
127.85
490.14
55.89
621.32
699.64
756.31
57.98
183.41
241.3
728.81
168.36
2.16
659.49
184.43
667.48
688.68
590.08
443.9
238.95
301.09
71.35
386.07
149.99
733.46
34.85
6.57
255.31
480.37
502.51
6.86
659.43
515.65
265.34
419.39
155.07
451.08
104.95
526.09
681.19
229.81
493.15
610.45
432.13
405.85
250.74
753.04
625.89
192.83
307.17
506.11
354.89
154.25
415.37
422.54
200.22
52.54
522.4
125.88
171.63
333.38
590.94
339.23
469.17
253.45
451.85
700.52
632.07
92.6
177.35
319.31
54.35
606.29
176.44
388.12
151.44
258.66
648.84
292.74
507.31
609.01
592.41
756.14
629.88
777.94
349.03
264.59
4
652.56
553.42
623.63
207.83
247.18
447.73
398.58
555.64
30.88
797.73
633.18
699.68
648.89
356.58
304.66
531.85
237.03
532.69
60.15
174.73
620.29
631.15
321.78
252.16
730.82
516.53
120.3
266.36
597.18
9.65
363.65
300.43
51.13
592.92
409.03
383.72
549.14
615.18
60.59
238.21
129.34
44.01
702.99
481.3
33.05
311.98
612.75
148.57
430.37
692.02
572.42
531.87
271.59
795.93
634
223.9
559.29
713.22
96.31
250.03
79.11
492.6
779.32
235.03
402.66
705.5
348.86
260.88
604.11
135.11
517.1
708.26
83.79
179.75
123.92
30.4
129.78
584.12
568.12
660.21
378
780.11
336.87
1.14
446.46
627.7
509.59
585.35
559.14
26.92
183.51
247.65
703.45
573.99
102.14
584.51
661.42
775.23
614.77
711.9
340.81
590.31
197.88
503.24
214.05
15.38
676.45
64.71
363.95
691.12
77.79
268.42
348.38
718.88
485.68
145.16
314.13
107.94
723.99
378.72
190.23
668.2
586.37
158
793.94
224.64
319
649.07
16.88
29.18
165.04
8.43
734.44
705.52
419.12
526.39
778.31
566.33
789.49
212.81
414.33
87.06
14.54
581.84
132.76
629.47
288.37
507.56
692.28
476.05
376.61
778
6.24
620.62
623.05
158.07
200.07
283.71
131.1
777.21
595.57
140.63
549.77
623.32
614.16
207.42
444.73
287.15
165.49
360.24
402.48
536.61
751.6
677.08
654.7
408.04
410.17
350.29
337.89
222.56
403.88
231.95
548.72
666.03
576.8
535.63
50.4
489.38
336.43
444.03
534.07
130.64
227.36
473.51
430.86
782.89
692.27
508.21
51.6
520.89
559.06
59.49
42.3
242.18
534.55
230.92
740.37
151.21
164.53
780.33
193.25
243.77
596.17
554.61
548.94
336.54
440.7
514.47
533.04
491.6
647.73
437.01
410.99
793.57
142.54
463.51
408.93
1.92
9.86
442.53
443.97
34.26
572.13
418.82
799.5
225.92
97.51
702.32
99.57
288.15
138.57
240.44
66.06
746.83
791.14
571.4
421.62
259.15
14.78
512.04
170.87
590.92
227.2
366.83
132.32
407.43
327.75
442.93
627.6
537.56
371.32
215.37
419.12
236.07
26.81
796.34
634.59
529.48
252.13
442.89
713.27
788.63
261.59
615.47
220.7
671.05
624.95
727.01
566.57
385.25
761.54
145.11
529.92
615.42
335.65
248.24
242.48
628.01
650.02
577.78
140.29
83.04
208.54
6.95
402.4
182.21
461.28
483.33
337.38
293.69
737.52
792.49
552.44
84.81
494.7
556.99
241.91
281.05
712.99
539.03
611.83
235.38
387.8
390.31
525.22
207.29
184.05
430.76
154.78
97.38
611.16
170.12
108.85
245.74
730.39
692.84
354.73
548.96
723.41
5.04
430.71
61.44
2.4
462.17
73.48
195.14
760.97
637.8
448.37
664.36
182.74
241.97
135.65
368.93
515.54
285.48
244.68
421.88
19.7
15.14
743.79
166.82
390.92
240.64
171.85
316.1
754.21
621.04
148.46
617.03
227.89
190.38
748.85
156.46
137.51
91.26
395.11
534.94
103.38
118.97
12.74
157.14
142.55
769.8
287.38
306.02
354.97
331.97
325.46
697.66
144.67
574.83
329.26
709.16
367.78
503.76
272.42
344.81
698.89
178.3
235.37
321.95
779.92
87.75
578.39
420.63
227.88
747.63
704.47
446.78
320.18
441.14
246.75
102.03
294.78
443.4
435.2
784.89
622.56
472.65
742.67
719.74
673.75
204.29
53.57
111.34
259.69
234.56
442.37
2.07
217.51
164.17
271.64
161.08
492.56
769.18
555.59
41.04
258.68
647.39
376.83
18.81
249.95
7.88
57.39
750.68
729.4
303.57
517.31
143.86
177.26
671.93
742.2
309.41
309.04
414.63
422.54
508.61
583.92
222.47
321.44
609.56
787.46
356.71
452.74
492.97
518.85
457.82
520.33
48.53
141.79
441.06
52.7
67.24
173.95
390.26
203.59
467.61
501.24
416.41
794.63
540.55
387.22
180.52
416.42
413.79
751.13
585.2
711.1
125.65
521.27
234.01
635.89
92
449.02
341.56
551.57
569.54
283.73
727.73
271.38
536.16
590.6
373.73
573.54
518.15
708.48
159.67
319.46
519.29
627.89
230.82
384.37
788.72
53.02
689.56
15.88
424.23
547.7
659.54
175.03
101.3
409.94
474.27
23.74
188.95
56.96
199.36
422.81
41.66
663.56
415.95
692.57
488.64
216.41
665.53
482.03
69.61
634.69
285.75
216.91
363.91
577.31
783.07
426.3
653.2
202.99
108.59
305.56
100.13
665.13
706.55
373.84
352.89
350.77
189.01
355.74
515.66
645.29
727.88
717.89
711.07
282.49
476.45
274.19
84.91
352.66
198.75
449.39
430.78
510.35
543.1
132.68
288.4
287.86
97.63
409.82
760.11
384.83
414.84
244.34
615.18
604.52
129.77
655.86
501.86
694.08
135.89
683.37
769.12
559.54
480.98
563.29
425.52
365.84
62.44
251.23
790.03
492.3
743.19
227.02
744.87
210.13
325.64
142.13
108.83
550.03
13.54
586.86
523.68
167.22
272.38
9.15
552.63
153.66
778.06
798.3
15.81
446.28
21.96
246.77
581.11
712.35
292.16
58.05
746.91
720.77
162.57
332.93
564.86
690.92
572.9
497.26
691.21
392.63
695.36
129.28
646.67
722.6
629.54
612.76
172.69
189.21
578.72
621.29
244.02
783.36
696.7
71.56
437.52
439.83
78.07
30.86
526.44
577.77
478.76
513.89
132.33
261.35
722.54
614.29
662.22
348.5
250.07
154.57
562.39
686
465.39
356.41
455.53
539.15
264.92
770.18
658.17
600.11
600.96
213.48
442.54
313.01
29.01
372.96
266.65
157.11
327.25
575.51
392.35
554.4
228.6
605.85
461.91
318.5
261.88
678.77
126.26
683.37
235.41
787.69
169.58
85.19
530.32
142.54
510.75
192.5
722.77
727.02
171.37
297.93
417.54
66.06
668.33
593.96
519.82
79.63
361.92
24.54
417.37
64.6
253
670.05
545.23
299.4
757.84
99.63
29.63
14.1
327.55
153.39
441.12
509.63
316.93
245.8
117.67
518.14
366.82
704.87
424.69
737.03
223.05
450.6
701.25
648.7
401.99
107.67
151.63
49.13
734.49
70.24
161.2
497.03
466.65
294.01
736.92
222.14
106.98
733.25
450.79
50.74
627.86
606.42
615.21
457.26
170.52
202.36
585.94
110.45
364.42
436.39
688.36
432.35
589.27
798.61
85.4
607.26
265.87
602.81
403.79
506.16
550.17
236.25
125.81
138.78
580.21
259.18
617.97
748.86
374.81
720.43
375.44
101.12
270.01
370.5
344.94
274.45
331.15
422.53
222.47
644.99
329.74
179.26
195.52
691.04
205.37
689.05
81.62
711.23
677.66
279.36
636.81
679.47
430.09
509.79
61.56
2.98
168.44
616.48
89.56
609.72
353.13
694.39
105.08
506.06
187.78
102.39
320.52
657.96
722.04
392.76
294.65
426.55
341.3
509.35
200.74
91.03
469.7
461.39
552.46
536.26
163.97
637.04
529.23
542.46
255.77
534.11
120.52
577.77
789.55
181.71
5.65
23.28
502.27
189.55
590.22
422.82
628.69
434.55
382.99
570.25
703.51
697.78
95.4
283.74
291.11
191.12
461.2
631.48
433.16
95.25
460.59
435.01
305.5
354.95
331.93
582.98
275.9
628.68
168.91
150.78
515.03
405.38
148.63
588.24
2.96
388.54
582.24
266.03
316.33
80.49
780.51
19.4
509.57
113.82
563.97
394.07
235.98
422.25
518.82
536.84
67.34
772.79
753.65
448.05
518.39
437.47
163.38
659.88
646.39
320.78
759.65
298.91
707.07
337.25
282.3
294.05
507.3
10.84
602.26
609.78
683.3
381.95
91.99
605.2
166.38
619.13
699.11
539.19
303.27
760.61
249.28
679.65
466.82
490.91
649.27
188.71
499.91
321.98
74.16
580.46
555.94
609.33
448.11
457.09
443.12
181.27
182.97
661.23
212.82
207.09
555.94
525.91
4.56
30.35
38.7
341.67
282.29
351.86
199.29
372.77
614.74
219.1
640.86
98.73
183.78
480.25
719.84
168.62
124.53
298.5
714.42
438.53
284.1
163.75
559.82
245.2
576.71
315.89
460.86
790.52
208.77
235.01
420.55
243.51
301.04
27.46
231.64
421.28
534.21
448.04
441.04
185.93
546.42
96.49
79.42
772.18
120.23
554.63
14.2
578.14
467.44
192.71
556.45
257.99
612.61
523.89
37.84
720.79
539.03
15.5
275.8
642.86
464.46
153.91
306.9
301.54
10.16
426.6
283.82
490.17
682.9
522.4
686.96
73.22
127.87
22.93
300.69
110.12
640.3
636.22
759.68
791.06
443.84
132.98
6.06
542
194.25
20.1
260.12
258.72
78.77
280.94
229.69
126.73
120.84
612.54
558.6
789.85
148.57
689.64
85.44
521.71
222.97
402.91
81.41
13.62
51.12
456.92
346.67
118.51
129.39
262.55
317.21
453.19
245.1
135.57
578.03
693.69
120.64
725.65
684.7
145.89
521.06
158.96
596.78
46.13
281.02
535.82
237.01
679.81
620.03
604.18
755.77
399.28
113.59
216.48
305.52
61.95
682.33
89.78
554.4
331.65
475.78
429.6
465.18
558.08
715.51
490.86
754.72
36.57
497.94
7.74
673.8
580.54
204.62
435.36
422.27
167.59
204.79
462.12
552.22
625.84
400.48
630.7
362.77
546.38
423.2
738.42
93.71
599.73
156.39
662.62
226.13
221.45
43.12
407.28
451.32
303.67
106.55
685.81
754.65
704.65
393.13
633.49
433.36
634.39
113.22
109.5
136.56
283.8
99.81
603.26
546.56
612.13
716.7
224.01
450.42
143.03
389.16
181.29
393.75
12.11
518.03
478.85
286.27
12.71
543.25
771.04
181.52
617.15
747.23
764.47
233.55
46.93
4.11
356.58
643.93
346.27
560.84
518.26
355.09
515.13
129.37
505.81
336.23
403.38
389.31
692.14
78.54
203.1
572.25
262.32
483.98
683.76
62.63
484.91
150.44
623.71
699.55
792.08
425.58
611.18
235.44
168.91
662.26
753.95
569.48
661.7
214.08
21.08
660.54
563.05
550.27
642.19
425.86
175.35
45.94
603.49
200.46
624.68
629.27
342.45
562.09
381.41
520.19
44.66
443.26
617.41
73.38
382.59
268.3
15.58
758.06
638.69
241.66
141.96
284.85
209.4
444.74
339.08
513.35
313.32
735.02
13.3
549.11
116.39
690.71
88.28
298.59
548.37
215.55
238.02
720.98
624.89
513.13
671.06
92
790.14
497.7
575.07
386.02
653.52
488.28
763.28
445.64
757.44
160.52
689.96
400.35
435.03
658.04
693.35
499.75
702.39
680.9
666.5
225.11
128.46
552.94
588.96
366.8
309.62
604.44
452.65
116.98
769.04
33.58
552.98
93.25
161.76
427.07
294.6
247.15
288.42
462.75
309.86
788.74
393.55
237.48
306.96
343.73
22.63
488.32
499.71
91.41
225.75
304.16
619.3
743.98
420.67
752.61
774.77
182.28
242.66
422
554.16
767.22
504.03
126.31
67.36
176.55
7.89
368.19
266.78
40.15
282.59
726.55
267.88
700.27
388.15
605.24
456.05
572.73
633.17
141.37
454.76
358.97
773.38
731.63
736.06
225.51
780.03
440.04
776.42
477.11
76.86
688.78
379.54
38.44
549.83
10.62
572.94
227.27
684.86
181.93
246.59
165
441.72
564.53
268.83
386.44
390.1
767.02
39.04
517.36
165.28
598.68
335.83
201.07
382.38
416.29
464.06
349.88
388
98.85
354.7
555.49
59.17
724.57
381.04
765.35
150.94
239.14
652.65
116.62
69.38
94.17
175.23
638.91
707.98
719.69
775.39
155.65
186.11
307.56
592.4
725.29
71.59
368.31
305.85
689.17
21.49
204.09
218.88
77.71
113.46
154.16
404.03
16.71
357.61
530.91
188.95
792.29
342.37
97.06
161.58
319.33
407.4
333.32
629.03
786.67
276.72
431.13
64.13
420.07
375.62
547.62
234.24
412.56
759.85
478.84
178.04
613.7
64.01
329.05
430.86
751.54
631.79
84.31
533.8
342.13
110.25
53.91
626.27
759.36
153.79
328.25
788.71
16.88
117.26
0.64
695.56
18.36
755.91
732.46
420.61
362.51
782.23
648.11
672.38
635.75
794.15
699.87
579.01
170.38
752.12
767.54
499.23
680.22
260.74
631.02
642.32
385.92
224.08
118.78
350.14
369.48
449.98
28.18
234.47
288.59
130.37
750.81
468.5
192.02
648.88
550.04
453.64
30.08
285.62
214.73
173.95
206.25
554.72
477.08
61.95
378.09
615.03
498.04
576.58
147.94
677.17
198.53
315.88
521.32
707.75
611.15
263.72
382.71
754.54
465.33
359.02
157.38
787.68
559.84
486.84
44.81
772.29
10.18
269.83
6.74
116.62
554.86
270.76
569.49
222.54
269.68
158.58
353.21
452
718.56
341.09
123.25
103.62
699.55
125.81
391.78
112.86
759.91
284.24
402.67
753.41
62.09
137.85
292.36
697.54
130
578.12
368.21
110.36
526.36
449.51
81.78
186.64
520.91
546.64
237.55
94.9
180.63
499.97
789.02
530.08
278.4
100.47
160.63
736.57
215.76
730.97
761.23
619.93
613.55
373.96
649.49
156.43
549.43
29.7
156.95
217.06
530.15
490.29
697.49
55.55
166.18
363.88
227.39
517.61
529.27
625.52
717.72
512.85
726.52
547.67
769.43
308.57
557.77
143.35
736.01
760.78
347.77
353.27
418.76
422.7
692.11
396.21
173.72
608.47
225.96
41.92
738.27
136.41
195.7
761.11
642.11
745.37
148
204.46
487.37
134.22
416.69
663.9
66.31
685.9
183.11
160.25
493.31
302.75
337.79
717.8
172.41
431.03
595.13
757.5
668.54
172.19
160.47
769.97
380.14
245.98
488.74
154.54
424.39
546.02
583.05
677.16
701.05
288.92
634.34
718.49
281.12
404.27
565.08
509.7
737.44
727.31
281.86
71.01
696.57
136.44
249.84
559.26
587.61
758.22
430.53
423.99
644.19
376.18
659.22
21.5
283.07
199.93
758.74
689.03
410.99
36.16
670.08
201.53
786.83
785.08
752.85
785.6
535.48
661.96
520.72
282.02
703.04
195.12
471.73
13.6
332.25
722.3
189.26
701.97
395.76
694.61
86.44
733.98
315.53
560.63
522.18
558.76
658.68
61.96
582.37
297.79
110.55
24.11
734.88
573.56
524.84
22.18
627.57
739.3
38.6
383.06
536.51
501.05
494.53
278.31
714.01
739.97
738.31
715.93
339.05
538.48
739.36
232.06
735.31
64.47
547.64
714.39
466.95
622.51
42.89
368.76
640.73
768.79
378.78
424.45
634.02
135.76
491.02
563.68
463.83
156.61
391.62
119.01
693.56
573.36
31.04
577.58
371.99
280.36
135.54
614.91
192.06
597.3
28.61
260.66
451.39
797.57
439.22
277
726.6
219.86
173.05
764.26
292.17
409.4
323.05
219.27
404.34
773.7
710.42
178.42
405.76
77.41
159.98
606.24
300.16
267.94
736.44
446.92
777.39
335.21
656.75
703.22
53.94
442.61
599.99
32.2
386.68
320.08
712.06
99.14
484.86
414.77
80.05
220.24
748.48
23
97.46
315.88
148.24
390.73
792.32
240.73
392.97
442.5
689.27
764.35
284.44
321.48
47.81
319.68
7.71
739.59
634.33
108.28
412.04
381.7
640.12
164.88
175.29
324.03
576.24
745.9
452.73
361.11
484.18
458.13
739.99
522.22
529.64
75.08
509.85
142.86
99.47
238.47
742.21
759.94
287.72
299.87
231.42
92.32
658.46
350.46
792.6
679.77
604.14
129.49
169.7
725.31
397.65
187.92
83.85
653.19
585.23
509.82
107.91
649.87
550.73
633.81
386.06
82.7
364.36
155.96
180.46
514.46
730.3
328.48
683.51
551.99
229.36
416.39
552.99
726.91
706.66
5.42
795.52
268.47
130.23
162.4
549.36
367.68
485.29
17.39
257.61
634.17
150.12
351.78
377.98
156.03
747.9
690.07
266.17
623.37
703.21
375.63
279.41
487.53
27.46
159.01
295.63
353.48
530.49
229.23
14.85
641.5
537.75
502.8
358.25
746.47
508.4
171.95
116.84
353.17
33.13
730.05
538.13
518.5
600.53
720.89
634.23
433.16
307.9
616.27
25.62
166.44
566.88
666.04
766.23
312.84
2.99
527.43
122.4
124.23
251.55
456.88
496.09
643.55
81.56
222.14
672.93
175.8
334.67
403.8
582.25
288.24
83.16
582.16
295.06
340.69
111.48
184.55
477.85
126.64
160.11
10.92
422.03
718.1
615.04
749.85
543.14
70.02
162.51
659.83
557.72
321.98
770.06
105.1
234.01
106.39
426.43
672.32
114.89
220.56
459.21
131.31
424.23
520.59
271.57
134.28
262.89
605.13
210.92
465.04
750.61
758.08
293.22
707.68
687.79
490.09
787.51
381.84
432.38
126.68
318.34
438.46
408.37
579.99
63.48
659.69
199.04
54.47
486.58
70.49
329.03
204.07
277.02
187.07
569.75
354.72
583.51
269.11
599.8
314.68
568.09
465.14
701.46
330.39
181.83
512.14
235.04
730.7
643.01
487.23
739.04
765.37
133
687.04
306.15
96.35
723.56
618.89
552.97
543.27
633.48
202.55
650.49
663.95
758.1
409.08
444.13
218.55
337.03
559.54
533.62
510.32
267.43
626.62
44.95
637.67
361.53
361.39
663.35
761.42
86.03
172.34
590.14
335.71
182.76
661.03
590.3
369.37
622.85
712.34
284.52
207.34
88.28
670.57
653.52
242.74
796.41
274.54
49.63
402.12
442.74
379.94
107.58
535.78
155.21
519.97
597.69
174.45
141.22
294.14
633.6
476.58
139.81
738.1
309.4
54.31
673.34
646.18
192.69
126.29
308.73
275.72
635.21
508.22
197.77
249.09
249.23
740.83
79.54
65.11
201.72
190.67
150.79
427.03
479.7
190.6
690.56
701.63
193.76
717.4
232.77
144.78
721.55
6.31
437.54
478.6
21.61
639.38
457.78
58.53
300.73
643.29
22.37
342.29
777.59
544.27
184.53
557.94
22.05
63.96
72.15
116.08
217.11
206.03
505.26
296.56
174.46
357.51
293.31
595.11
578.47
334.9
709.51
584.67
8.46
372.62
484.28
185.61
795.12
247.34
574.07
108.36
606.82
549.61
166.54
706.91
628.43
568.15
362.9
621.55
340.54
460.59
707.04
21.78
376.2
734.88
586.39
155.84
52.07
674.94
61.11
270.1
396.06
340.29
125.19
584.89
494.65
714.67
291.58
500.7
304.27
692.39
219.33
128.12
606.31
354.9
342.96
309.44
796.37
37.97
251.99
288.9
736.19
665.65
709.09
680.87
564.63
406.66
322.48
731.19
84.57
786
199.32
499.82
619.03
302.33
799.59
278.74
441.13
80.28
206.41
124.07
473.05
216.74
29.45
461.93
409.07
704.7
713.73
95.41
490.75
716.08
426.46
266.7
561.95
266.06
288.01
180.61
215.5
146.51
639.96
513.26
168.26
216.16
167.99
354.31
454.72
397.38
564.11
505.95
366.15
657.04
601.29
333.65
15.09
324.42
340.49
568.5
713.25
476.57
683.98
171.77
740.2
727.37
567.72
308.41
443.36
473.58
257.62
742.97
463.01
333.1
385.41
713.71
445.33
340.12
640.47
672.2
86.9
394.7
561.62
629.8
352.78
89.09
383.48
206.81
272.36
363.39
21.69
188.3
664.75
712.32
713.59
161.4
415.42
40.31
624.11
757.21
50.79
612.71
606.19
330.69
641.97
602.14
24.62
601.93
673.82
136.35
15.65
32.71
713.64
283.59
36.69
32.48
259.62
632.83
118.1
510.85
263.33
497.99
95.8
570.98
38.1
651.31
528.12
550.09
650.65
416.72
540.13
741.04
16.18
695.42
660.91
375.06
100.96
464.11
783.63
751.42
392.74
480.51
206.12
702.06
331.51
62.84
530.06
524.58
236.86
104.12
624.35
595.66
93.66
580.59
306.19
90.5
365.38
647.23
670.36
266.41
182.16
142.82
491.16
442.17
56.75
353.71
786.55
15.64
570.74
155.99
262.34
430.29
670.18
350.56
367.35
746.34
93.57
108.51
474.6
8.62
530.6
103.85
669.01
393.18
565.34
139.45
638.96
64.72
687.97
602.34
674
327.9
456.48
434.21
163.51
92.21
125.18
669.9
658.41
427.46
637.09
256.53
556.66
484.64
95.4
300.21
762.49
491.47
66.1
415.45
357.1
399.03
578.09
408.28
134.09
622.9
10.72
378.06
258.82
437.23
13.23
70.65
715.74
280.33
649.67
267.03
593.09
133.19
370.32
404.9
475.65
657.95
275.84
758.35
460.01
138.66
329.88
707.22
694.47
445
120
284.93
451.59
194.9
658.64
400.3
236.93
703.26
530.71
140.76
279.77
581.69
382.39
588.38
710.61
703.58
47.26
131.56
55.03
200.32
776.21
62.85
595.32
567.48
329.95
686.02
188.13
495.31
516.41
56.26
739.47
578.73
468.81
236.51
530.12
525.64
46.54
163.36
667.33
614.99
628.33
149.92
459.81
719.5
570.48
439.97
186.6
503.46
72.03
292.29
666.54
503.24
380.36
517.14
192.53
128.28
642.02
428.02
222.09
102.66
76.95
572.91
555.56
595.62
447.66
85.97
550.11
741.17
159.01
554.77
540.39
295.95
666.05
651.47
357.54
162.35
52.36
157.4
766.23
617.28
581.83
425.16
599.58
690.83
17.41
76.52
93.15
383.13
155.16
470.25
116.84
310.47
204.77
625.76
516.5
262.58
65.83
63.03
342.48
603.12
342.36
448.55
174.22
88.11
64.44
507.77
500.59
324.4
682.15
481.79
736.19
473.58
162.49
74.83
153.21
352.33
278.86
143.31
368.84
313.62
223.08
255.25
672.82
721.51
419.24
728.86
341.1
43.91
120.87
94.92
784.11
583.07
128.26
716.22
370.46
345.75
633.46
634.14
645.5
461.96
368.5
612.62
737.4
252.34
369.73
693.13
308.84
366.35
369.47
268.92
602.1
211.79
624.56
21.24
289.52
703.98
729.7
150.97
682.12
769.63
4.57
338.64
383.11
127.43
318.33
778.99
513.37
79.01
685.85
199.4
217.79
746.08
742.89
513.52
14.86
266.71
618.09
495.02
559.05
286.18
29.77
547.11
754.95
568.82
593.15
98.33
605.67
23.59
798.78
521.07
73.43
728.44
44.74
236.82
639.74
73.13
361.34
17.3
320.14
350.02
113.63
367.97
444
240.78
563.7
366.74
256.27
16.37
10.8
794.7
775.16
553.59
647.43
615.37
18.22
606.37
418.53
171.97
594.23
393.85
670.29
554.43
630.03
212.78
12.72
629.58
487.98
676.32
691.22
529.43
656.21
20.36
553.7
383.8
486.18
685.26
182.04
182.1
208.52
494.6
183.83
337.57
26.21
236.66
615.47
310.56
99.24
52.05
714.86
429.96
519.74
674.49
229.66
92.21
265.01
29.15
203.02
444.65
163.91
483.54
679.07
116.84
344.83
330.62
332.02
719.38
709.73
87.38
156.48
168.07
72.08
441.33
13.42
456.07
732.26
30.53
225.14
157.61
411.42
177.75
218.96
291.35
445.88
159.42
137.22
687.61
92.49
575.15
539.48
727.23
395.77
528.58
46.86
672.98
267.64
118.24
3.45
645.23
285.56
348.53
8.15
207.13
770.94
552.2
500.82
229.06
430.12
381.86
484.89
608.68
352.94
321.53
256.85
116.21
471.09
364.94
388.53
105.09
402.63
11.38
13.67
310.82
219.13
749.35
567.68
475.57
287.35
517.86
243.83
393.3
241.87
588.59
52.21
767.57
387.56
104.6
615.96
767.13
208.24
32.83
175.64
595.18
334.74
794.22
191.44
794.6
375.33
577.25
358.58
695.82
16.36
81.04
623.71
328.93
412.56
496.58
336.53
183.02
164.56
94.29
547.19
306.25
600.75
220.04
320.81
54.32
198.78
797.63
492.17
320.88
291.01
321.49
16.76
76.8
141.87
653.39
270.13
258.68
31.03
487.97
257.27
540.8
493.91
558.77
450.89
338.75
542.86
302.23
282.91
732.35
466.78
412.22
179.61
573.3
666
430.25
652.59
400.82
189.13
361.92
133.91
799.93
540.7
288.39
77.1
124.36
348.99
122.87
286.6
182.2
109.84
769.09
182.08
50.88
234.35
40.33
401.37
186.71
412.62
498.19
643.23
637.06
657.26
194.94
499.2
515.13
752.05
372.46
139.71
742.71
173.41
72.06
299.63
194.18
612.4
10.65
281.38
678.15
47.38
382.7
78.44
696.51
653.35
362.65
210.96
768.33
746.27
228.62
660.78
706.78
106.05
77.96
321.23
705.05
331.33
138.63
186.68
738.8
568.78
470.52
779.65
479.38
181.48
141.61
140.61
603.12
642.98
655.92
328.55
621.81
680.24
390.64
572.24
443.67
530.95
35.1
498.33
675.3
115.03
798.61
632.93
410.43
294.64
273.86
399.71
132.33
245.17
663.92
187.76
15.21
729.5
132.1
754.07
285.83
313.97
598.23
305.38
67.6
478.93
382.89
683.28
562.49
553.56
255.9
147.59
162.18
328.22
696.08
507.25
601.43
67.88
596.65
436.35
171.6
713.27
485.26
744.9
625.91
536.36
647.24
226.64
753.61
695.13
580.49
142.27
406.52
387.01
737.82
180.34
56.75
426.87
420.43
385.21
331.94
689.72
438.25
305.85
315.71
652.92
173.88
561.83
155.38
509.48
20.75
293.43
58.53
256.26
198.25
192.58
314.24
155.48
795.55
337.74
127.92
526.29
469.13
15.43
451.72
669.96
782.3
312.11
107.6
751.2
677.26
74.29
282.72
490.52
691.8
50.34
666.41
269.06
520.21
392.83
717.47
592.65
705.63
749.61
632.53
147.28
96.64
217.25
413.7
780.13
710.36
671.31
424.02
271.49
638.81
786.12
798.1
270.94
120.4
427.59
435.84
731.53
646.26
719.14
131.1
126.14
766.14
359.2
97.58
135.7
239.93
575.43
49.46
281.41
740.41
260.21
103.14
360.21
637.82
331.94
74.57
357.33
54.58
576.59
550.51
379.88
414.95
277.19
192.48
428.14
777.77
329.89
629.03
553.07
465.23
577.71
340.39
82.89
631.83
365.62
163.47
750.33
233.11
349.06
409.23
534.41
798.88
599.12
343.74
638.53
614.45
795.26
601.86
415.63
633.88
512.05
229.94
247.52
460.17
90.17
438.9
529.92
504.96
284.36
503.85
341.58
483.25
268.99
399.94
152.53
181.96
53.59
348.63
420.08
195.86
495.23
12.52
280.91
474.99
234.85
787.51
344.22
249.39
698.07
228.85
517.1
404.04
659.08
119.62
267.79
301.16
447.47
401.49
474.19
136.83
617.28
1.61
363.38
274.18
483.42
596.66
223.74
99.3
678.38
99.16
346.17
293.72
580.8
508.57
765.07
747.21
677.54
175.15
99.86
186.68
740.01
614.3
256.77
681.9
327.55
543.17
552.71
163.59
122.87
93.75
349.61
125.07
305.99
508.12
307.25
510
278.7
253.44
345.97
741.18
147.46
727.92
149.95
756.61
596.93
474.64
351.19
432.34
53.57
141.32
502.99
309.27
1.99
631.29
636.17
393.96
263.12
543.4
711.6
18.5
375.44
633.78
561
467.44
107.65
348.05
22.3
145.13
47.97
446.52
711.04
5.72
215.65
465.34
338.24
49.19
537.5
273.65
582.08
678.94
423.62
102.65
354.18
616.18
790.63
512.06
500.75
26.49
90.51
74.09
534.21
121.07
582.85
3.77
274.86
395.6
358.61
428.46
123.91
20.56
72.09
203.83
136.25
320.29
2.18
753.24
633.46
196.2
613.17
393.44
592.6
649.83
463.63
569.84
618.96
16.94
335.31
646.9
528.28
74.53
22.5
219.74
541.01
796.48
565.39
57.46
421.53
418.58
626.06
306.3
622.25
298.99
308.64
283.58
176.15
42.7
407.24
142.22
116.33
669.71
318.05
335.29
519.57
763.66
242.99
484.83
585.25
14.81
692.62
42.24
495.54
430.9
61.06
775.12
91.2
669.84
321.27
619.8
299.33
502.7
642.73
634.21
577.51
791.07
766.86
702.21
483.87
348.8
160.78
278.61
39.51
4.54
485.42
479.05
212.7
211.23
394.43
268.2
25.52
669.6
68.88
400.36
405.39
445.83
758.37
63.97
32.45
108.51
510.08
603.24
287.03
173.43
724.23
792.46
532.75
433.04
622.99
378.02
153.68
682.24
57
768.67
486.68
770.69
85.67
151.44
270.77
140.44
107.8
376.99
121.57
100.43
422.38
123.6
95.14
460.7
520.71
771.09
249.43
85.88
242.22
188.39
164.23
296.54
742.82
476.49
664.49
695.69
400.25
773.09
267.48
725.56
105.14
472.93
10.93
344.71
636.89
604.54
556.46
535.6
752.4
276.01
11.48
472.76
65.59
676.26
141.89
540.2
751.67
37.34
461.09
178.43
572.72
437.17
774.07
713.24
554.56
115.44
574.61
76.72
415.97
289.59
265.11
136.65
57.68
710.46
685.41
731.97
506.31
762.91
232
661.64
564.63
402.38
512
797.21
416.9
24.9
222.6
691.56
184.11
578.25
294.93
396.97
699.67
704.06
193.79
276.69
674.61
33.28
43.73
739.41
411.97
395.66
231.15
599.02
512.22
170.62
489.84
396.45
535.25
447.97
379.89
165.91
779.4
69.57
674.2
340.24
480.07
765.07
675.4
683.65
140.29
72.93
116.27
215.46
472.59
215.66
347.17
764.07
183.25
788.87
185.34
645.68
439.01
747.42
726.02
203.1
773.43
263.14
737.94
552.34
579.19
197.95
343.74
140.3
702.65
118.72
121.41
243.61
655.43
86.13
633.76
762.05
381.45
400.64
387.75
474.34
110.23
483.95
787.83
669.58
224.63
644.06
563.53
663.49
435.37
494.06
88.4
788.78
42.17
384.87
124.8
572.48
570.73
189.91
121.04
746.31
10.66
767.51
509.19
323.7
406.52
116.52
221.56
223.53
689.75
226.53
158.79
710.47
486.48
474.67
206.07
92.52
706.55
624.25
269.27
758.61
595.95
429.22
258.98
282.99
296.23
207.14
381.25
608.84
428.31
16.62
145.01
450.8
405.03
82.74
385.81
606
787.3
457.37
744.81
189.18
775.79
676.94
352.74
2.85
221.96
21.76
315.21
637.3
716.46
236.82
373.63
233.07
198.63
308.38
480.44
738.17
542.98
550.26
543.13
613.08
41.79
333.25
377.11
795.64
504.13
521.4
774.42
334.76
530.77
640.02
717.36
156.72
45.39
149.82
577.33
582.3
114.06
240.7
234.46
128.28
169.24
168.2
513.26
791.17
637.11
411.08
124.79
765.82
325.02
467.86
565.01
354.93
684.47
665.79
725.93
199.77
327.55
30.45
396.02
373.01
319.98
585.16
724.95
677.71
25.02
296.72
417.82
177.13
725.99
432.18
138.22
507.08
439.89
706.91
66.79
420.14
640.96
395.05
682.05
24.86
718.83
204.93
484.93
431.76
433.74
198.85
784.19
757.23
701.47
480.81
88.1
4.27
619.28
522.59
760.73
27.4
783.84
289.65
704.42
421.53
460.48
598.69
210.48
663.54
103.63
479.4
489.32
356.74
496.49
576.37
572.3
662
518.99
289.78
440.49
133.56
319.19
257.42
558.22
97.54
245.52
104.7
16.62
6.86
331.48
562.66
160.06
324.91
545.26
795.16
248.76
493.55
361.49
214.26
515.97
730.92
586.96
434.15
412.53
763.62
474.88
553.24
68.84
59.56
253.62
408.25
391.78
218.6
23.57
400.52
272.28
166.7
83.11
581.62
526.69
728
618.37
434.87
422.37
522.61
472.56
74.08
360.3
526.85
735.5
355.03
613.07
331.89
9.25
29.55
45.17
561.7
279.73
513.83
133.82
197.3
748.75
409.96
673.16
138.69
204.12
631.67
265.92
110.82
91.3
799.8
388.47
5.88
204.4
546.37
358
740.74
450.12
277.59
531.02
308.49
599.29
1.5
465.41
362.75
116.18
456.85
129.99
479.12
226.71
434.4
726.59
248.33
383.2
263.94
723.1
98.85
199.53
563.92
683.5
312.18
706.82
508.18
691.48
674.15
710.48
457.05
709.49
299.48
305.37
163.74
686.66
554.38
299.62
184.7
155.16
504.05
568.07
537.11
173.9
418.56
441.35
35.78
558.17
174.88
106.69
31.45
605.06
217.93
606.41
100.56
391.78
390.23
432.85
104.79
79.05
190.51
448.1
673.89
700.85
171.23
755.69
117.53
675.14
391.94
422.58
90.09
434.55
445.96
757.51
49.03
9.88
658.14
308.85
356.79
142.2
550.1
386.94
251.26
231.13
186.53
52.33
384.96
493.33
129.13
132.53
96.03
40.01
410.37
515.47
417.17
134.3
262.69
777.68
376.7
713.97
206.21
146.48
10.3
401.73
287.69
319.27
203.16
617.94
426.84
87.09
1.73
551.67
609.31
25.06
713.93
178.44
149.64
337.76
606.31
34.36
519.73
342.76
480.24
604.08
507.34
583.97
560.52
34.05
785.25
503.46
481.38
41.68
208.78
554.94
4.83
330.85
562.26
272.11
534.25
512.26
574.49
233.59
78.05
367.43
41.6
725.57
592.22
120.64
298.74
7.18
634.68
527.43
483.62
73.63
631.79
661.06
277.53
140.14
531.7
505.76
334.89
509.68
322.77
765.53
554.13
762.38
774.57
477.22
42.66
688.18
353.68
741.07
188.64
34.16
139.9
407.02
604.31
397.36
291.1
229.11
529.87
327.24
146.68
752.47
406.34
613.74
710.32
597.72
119.95
729.72
75.06
566.12
651.8
55.66
732.14
572.04
753.98
461.96
411.66
603.31
638.8
102.15
347.3
675.72
1.03
620.64
541.48
120.51
416.68
319.29
448.85
651.31
99.42
408.01
510.21
732.19
347.51
766.57
36.5
799.19
230.78
335.81
178.02
66.47
663.85
77.45
304.69
345.76
717.43
261.71
373.93
721.39
371.79
759.43
98.07
223.69
410.94
483.88
604.96
359.04
141.25
243.26
269.09
296.44
274.73
552.55
236.84
373.23
2.1
4.39
18.97
182.81
309.78
184.32
47.02
42.65
726.77
736.31
91.07
773.97
419.1
744.81
223.69
142.82
348.03
602.41
443.71
266.1
221
623.74
706.82
630.73
225.35
698.04
149.67
103.58
373.48
68.27
225.19
154.6
381.33
675.26
628.53
572.15
723.42
779.47
600.54
35.66
660.25
648.48
466.2
202.59
405.65
355.65
86.22
668.53
551.18
701.05
158.07
677.48
211.53
475.69
21.13
354.63
374.62
147.54
125.33
44.77
640.39
647.81
742.51
795.08
533.62
358.97
214.4
28.21
697.02
482.65
112.58
277.59
250.62
394.52
630.72
371.73
637.49
87.25
440.91
795.32
510.37
439.68
280.36
170.6
750.63
320.75
543.62
731.53
429.07
794.22
194.15
209.81
524.93
785.44
235.31
491.6
582.25
119.73
464.79
476.2
189.62
755.04
548.22
415.85
584.89
132.07
688.34
118.02
91.48
356.38
173.06
331.52
498.19
501.68
5.26
356.32
618.97
324.58
46.94
742.82
680.36
160.45
223.08
646.41
282.7
741.82
198.04
657.31
646.82
139.71
242.41
508.16
283.22
496.86
505.73
445.41
162.68
445.31
150.85
324.38
260.85
297.95
192.01
400.76
57.87
630.07
706.03
424.59
145.22
363.04
290.42
695.85
251.32
226.4
494.18
253.42
500.19
182.09
180.56
338.49
383.98
522.98
702.27
504.37
304.74
115.75
797.01
346.89
758.35
634.77
0.74
435.2
120.18
351.85
366.38
397.55
570.08
768.13
621.26
793.53
445.6
796.97
782.11
667.61
373.56
694.84
105.97
157.41
457.57
724.2
433.42
116.45
350.86
197.42
697.24
273.06
188.95
134.94
271.01
342.48
619.91
782.6
97.38
357.23
702.7
726.54
604.24
472.74
444.51
574.81
38.85
209.07
471.41
303.04
601.59
661.69
507.03
772.14
700.14
53.69
76
509.84
124.32
135.28
152.66
749.07
747.37
652.96
80.42
504.38
794.68
260.24
498.76
245.52
623.71
726.54
720.33
519.35
290.01
346.69
355.57
379.58
431.6
532.58
656.14
22.02
125.35
648.21
217.69
756.94
665.65
207.59
548.75
244.66
768.06
679.84
464.72
792.56
462.93
379.26
774.01
623.19
641.27
297.95
553.31
761.8
431.35
514.74
657.04
93.22
287.9
401.29
172.44
322.09
546.92
171.11
46.83
40.56
197.7
153.7
465.64
81.53
357.07
475.17
223.98
263.9
570.97
403.72
662.06
651.78
585.77
532.93
703.92
722.47
114.37
350.27
592.69
740.23
550.55
762.47
462.6
292.79
765.59
284.36
523.75
345.54
3.19
482.61
169.55
545.72
40.48
189.28
123.7
442.88
594.81
510.48
799.42
683.72
303.11
749.24
50.64
26.75
524.8
99.37
105.09
702.34
600.19
153.58
538.21
735.12
133.32
795.14
220.92
655.32
184.12
635.56
243.35
186.14
414.06
33.75
16.6
0.55
743.9
375.32
569.99
650.55
659.47
294.8
423.31
558.33
793.43
742.35
573.44
706.2
530
384.2
336.61
236.52
195.37
154.92
545.33
385.39
731.75
435.24
556.32
756.22
8.18
274.45
224.43
786.29
620.69
33.46
646.36
405.47
652.6
130.36
398.93
366.66
375.5
175.41
620.8
344.35
751.46
594.44
616.75
528.04
524.81
248.84
634.45
625.03
549.02
130.12
614.49
617.53
332.29
698.57
189.65
511.25
11.97
327.7
795.68
280.17
243.9
94.68
478.06
407.82
694.81
148.67
53.13
54.59
713.96
780.59
113.81
638.09
696.61
621.01
589.01
541.28
625.08
737.86
127.34
167.58
111.18
179.68
636.76
549.3
726.48
46.6
339.61
106.54
170.05
349.73
82.73
457.4
457.64
24.83
310.96
694.17
153.41
36.53
242.63
303.98
218.99
299.48
144.53
232.54
641.68
556.13
783.65
296.2
322.71
365.24
485.51
595.67
624.14
58.43
740.47
595.09
603.22
456.92
156.58
139.71
782.55
231.34
644.27
214.92
77.4
574.69
423.25
689.71
488.28
549.39
329.05
203.95
368.01
546.45
219.81
69.79
109.62
162.65
128.5
604.56
799.8
726.55
255.46
289.71
319.26
138.13
701.26
144.14
85.08
471.81
90.77
577.84
374.28
362.42
697.81
475.02
37.95
64.1
397.22
515.63
534.67
425
461.36
263.86
626.19
146.6
82.19
214.99
223.17
47.32
534.75
343.26
594.3
587.27
302.8
622.06
169.01
739.39
552.29
406.27
93.5
667.65
52.4
579.3
22.24
247.51
669.03
21.47
270.92
494.38
52.82
579.76
354.95
782.03
299.52
644.67
720.01
231.19
749.59
226.13
294.13
196.09
64.73
218.32
485.74
543.25
211.21
463.64
705.92
736.28
678.6
586.67
386.69
469.58
78.03
61.04
533.5
225.04
1.58
296.44
472.09
424.13
148.27
79.87
249.19
696.85
417.01
752.68
404.09
129.66
561.7
404.86
652.74
149.28
581.46
270.88
252.97
402.55
266.18
617.43
787.94
105.03
362.14
388.53
537.28
674.7
525.88
238.84
197.92
360.06
73.6
628.05
153.6
120.1
320.96
353.45
305.31
796.98
323.64
299.8
184.15
394.21
343.35
232.53
376.08
707.92
725.85
51.87
262.77
278.77
317.49
330.17
317.37
14.28
238.17
660.88
32.71
766.09
314.8
15.06
71.42
93.32
345.75
281.93
187.57
539.82
413.44
629.93
256.08
290.8
790.31
274.69
93.82
375.66
403.28
94.18
671.94
23.04
128.4
490.17
689.97
392.65
136.4
193.95
536.98
21.79
32.63
431.05
791.48
314.65
541.42
324.89
146.21
117.31
570.61
566.47
783.61
475.12
86.68
172.19
411.25
535.52
389.34
122.2
589.59
195.62
615.18
299.44
498.41
169.83
197.72
332.94
793.43
632.2
124.38
179.3
338.57
297.13
390.74
617.18
110.53
284.71
7.59
77.66
564.45
171.53
481.2
26.06
173.96
471.98
326.2
757.71
152.03
730
159.21
312.38
467.63
407
671.95
486.79
649.61
413.01
581.09
447.6
315.17
161.04
707.27
308.57
9.1
533.28
142.32
31.83
652.78
261.15
771.93
326.2
43.61
203.15
230.12
307.05
239.95
85.49
79.28
341.94
537.69
617.5
542.04
599.1
689.59
705.42
746.3
553.69
231.51
418.17
74.94
76.33
314.08
55.03
156.51
191.77
141.85
661.62
240.09
547.74
407.59
300.48
748.35
680.38
645.47
132.62
9.76
338.63
0.66
292.03
625.3
80.37
666.54
286.05
439.1
41.28
60.26
531
210.62
486.36
569.89
127.93
415.33
275.24
389.14
132.06
36.16
752.95
482.66
131.69
752.03
398.18
19.48
251.85
655.07
99.09
470.52
47.53
506.7
499.64
17.13
307.94
611.13
414.1
585.31
736.3
638.17
474.63
766.77
385.88
270.81
766.9
475.69
44.23
39.74
725.03
108.71
585.54
97.2
180.31
564.9
305.18
266.23
687.04
387.31
518.84
476.62
143.7
624.79
669.04
597.65
420.34
106.3
285.44
339.49
591.1
715.19
563.48
591.55
207.28
3.38
364.75
680.42
158.83
185.89
271.39
280.28
375.72
240.4
683.64
148.88
237.77
113.12
73.22
390.6
615.72
351.44
479.83
418.18
381.54
571.4
666.36
334.41
589.28
628.07
444.65
201.4
65.54
428.53
366.71
643.73
392.99
535.58
274.27
375.91
682.74
93.3
74.61
433.72
403.31
497.19
564.02
332.71
373.98
338.26
192.82
123.45
724.05
566.96
544.5
77.41
422.86
326.51
653.43
504.59
748.15
478.14
129.35
638.48
220.06
674.67
259.89
385.96
197.85
769.47
641.11
154.57
44.22
12.57
33.47
244.56
723.67
632.31
256.96
715.69
757.98
343.48
546
569.09
796.95
247.41
741.92
75.33
18.4
343.98
220.99
395.55
10.76
48.11
760.48
385.87
718.27
429.52
225.3
681.77
786.96
634
232.5
21.81
102.18
261.22
778.12
397.62
675.8
431.31
156.12
535.86
232.58
276.38
670.97
448.32
579.94
695.8
765.67
43
184.92
704.09
728.86
124.78
243.74
632.31
593.33
230.66
43.06
350.78
220.17
565.5
233.17
469.5
379.41
260.37
235.56
498.04
509.29
594.44
60.12
233.99
523.8
138.61
480.14
767.77
95.86
522.2
429.27
567.17
9.85
207.9
494.85
174.26
647.24
445.83
336.22
461.05
115.31
244.79
476.55
795.68
641.75
724.66
36.13
420.68
698.14
325.94
5.9
533.78
68.69
572.56
711.72
263.66
444.64
416.58
250.75
154.08
392.74
222.43
405.48
630.48
189.73
128.08
191.16
453.45
417.6
753.26
377
107.46
615.74
194.28
722.85
549.9
252.21
479.47
72.54
189.44
390.25
443.64
341.6
263.44
75.6
44.31
469.23
741.93
462.33
735.07
298.49
555.26
402.23
91.53
167.06
340.18
380.3
652.68
562.12
689.56
422.97
570.54
702.18
23.46
296.81
536.71
264.68
742.37
769.64
375.36
515.54
418.6
449.9
46.37
23.82
19.92
395.48
797.17
409.5
746.87
170.07
350.53
351.66
711
496.59
132.72
391.65
544.58
645.57
612.01
14.81
117.23
616.08
31.9
76.02
454.71
256.34
707.74
271.02
606.29
744.33
428.34
644.75
494.85
92.24
694.62
297.71
588.18
156.25
736.6
433.21
73.13
444.53
279.52
226.11
446.39
498.68
83.71
679.29
125.26
574.55
91.29
573.33
262.89
674.68
468.87
764.89
415.24
697.04
333.18
313.02
698.2
273.13
762.92
376.87
93.57
215.38
750.65
466.57
403.08
396.86
418.66
658.05
669.14
728.84
158.08
470.7
228.27
214.34
225.77
461.83
211.8
123.9
771.27
352.33
688.94
30.76
612.86
328.39
403.92
680.49
237.11
311.59
98.55
237.49
649.61
392.19
380.19
101.43
197.29
297.52
726.29
42.83
664.55
681.08
729.29
484.23
377.26
306.85
423.18
140.74
207.74
296.41
431.19
360.36
512.31
74.09
423.86
133.08
405.78
357.22
78.46
760.22
644.21
347.21
72.89
501.07
474.53
530.66
64.02
528.86
202.94
183.96
700.39
496.8
604.46
163.62
24.64
382.03
605.23
664.24
289.08
418.25
96.59
762.75
167.8
209.04
384.65
359.76
44.58
191
796.95
24.4
150.15
459.94
400.04
652.47
332.58
685.87
386.34
716.78
70.01
337.55
690.43
119.61
626.2
216.4
480.32
608.62
67.78
712.82
455.8
160.94
422.12
626.63
465.81
188.21
654.51
253.9
128.3
561.88
138.8
665.6
593.49
186.06
121.43
346.82
204.2
26.1
57.19
515.69
727.31
450.67
700.66
122.13
274.68
374.46
120.13
268.4
665.54
191.47
102.65
199.46
253.88
460.63
530.63
49.89
214.52
64.43
678.28
648.68
201.16
236.42
380.33
416.62
546.97
142.74
213.92
144.95
590.42
623.24
196.16
19.84
514.37
612.96
283.8
89.86
0.92
705.15
319.84
198.22
425.9
388.41
254.24
780.05
159.43
186.2
33.11
604.87
385.01
119.25
132.3
464.7
269.45
457.67
486.82
757.75
731.63
733.96
275.39
693.66
684.08
663.15
593.79
499.51
167.56
443.79
665.69
14.82
166.92
610.55
330.16
658.68
283.88
363.2
50.79
776.18
86.68
276.57
182.62
766.39
104.74
355.84
527.33
572.08
736.37
127.85
127.67
515.4
773.67
33.94
276.78
741.65
666.85
71.08
633.57
163.61
175.47
153.32
452.7
531.75
673.28
354.85
668.88
525.08
644.79
161.41
611.01
278.82
41.71
515.33
539.4
172.48
725.53
749.63
445.89
727.3
283.75
372.54
325.42
456.95
228.87
667.64
163.13
182.48
0.09
767.2
249.02
303.45
36.79
376.48
442.15
127.4
442.94
352.62
285.53
529.67
352.45
722.69
654.73
180.59
289.32
85.2
21.31
52.9
412.45
379.73
676.93
447.02
138.29
500.06
398.1
242.43
212.89
140.68
250.75
45.68
571.25
457.32
764.9
299.44
307.05
6.11
336.61
257.01
661.53
92.04
152.01
426.51
739.29
649.94
326.15
420.14
191.91
395.78
304.85
148.78
346.55
58.5
490.52
795.98
476.04
64.5
272.38
630.92
81.48
169.35
208.21
346.31
201.4
626.72
290.48
370.28
139.38
451.92
305.96
783.89
793.29
473.1
192.64
313.02
700.43
244.23
762.45
347.96
690.09
261.72
434.72
368.42
730.53
716.75
781.09
13.26
454.61
742.56
562.29
439.18
185.92
650.97
360.5
517.25
789.88
6.81
279.97
614.01
655.65
615.47
101.77
668.44
714.71
624.05
7.63
115.92
25.34
89.44
172.61
468.26
135.81
502.84
129.2
366.46
448.45
688.67
760.21
277.96
190.58
734.52
782.4
607.16
119.01
761.97
777.97
587.51
49.93
29.23
543.03
284.99
495.42
298.29
231.77
74.29
718.37
350.33
678.9
263.91
352.11
522.14
554.16
356.07
564.65
246.42
795.54
602.44
420.93
605.89
292.78
281.93
791.69
314.2
1.2
381.1
709.14
320.78
440.68
429.01
449.25
443.68
732.35
54.35
444.19
440.81
776.57
10.93
482.35
443.26
68.9
742.45
558.4
197.37
236.39
743.24
154.43
546.03
628.21
327.55
68.25
592.71
690.84
574.02
748.72
17.26
189.94
720.37
37.31
623.39
221.57
145.43
770.1
445.86
104.93
63.46
462.68
257.62
265.1
273.52
253.27
26.75
66.66
566.55
339.93
603.76
255.95
346.07
780.16
545.77
355.44
707.63
252.21
75.99
42.8
194.04
137.94
113.32
531.99
111.38
724.33
120.54
152.56
374.56
563.46
173.36
442.69
315.93
741.33
663.68
115.42
693.28
99.63
121.83
563.56
18.71
111.39
174.77
169.47
251.53
267.03
98.03
717.71
703.92
769.09
76.88
50.56
393.83
305.91
663.35
108.81
558.27
161.79
360.33
108.15
727.49
468.38
479.26
51.29
259.79
254.65
665.7
580.18
35.28
170.67
10.22
470.72
493.27
539.84
271.82
290.44
645.7
757.11
223.23
797.72
296.8
422.71
32.8
488.1
321.49
381.08
609.71
208.29
619.94
176.68
50.22
599.64
343.76
741.79
214.68
11
66.8
233.26
541.7
341.29
664.55
114.14
764.94
650.82
254.82
384.87
279.71
588.6
519.32
578.98
594.18
297.79
602.15
363.85
47.07
366.58
732.56
483.05
778.51
460.69
135.74
72.21
526.31
403.83
392.23
53.46
389.33
530.83
268.04
590.6
356.36
88.5
4.49
224.11
584.9
656.05
44.67
366.31
655.68
385.59
605.57
361.71
476.01
124.6
27.73
82.29
205.99
75.83
283.84
690.24
581.37
114.43
151.24
364.8
384.24
274.74
225.78
701.8
400.45
44.27
425.12
254.8
702.58
80.32
729.14
68.35
579.99
407.97
710.25
515.42
325.27
124.74
600.27
778.97
294.65
277.68
775.93
764.82
151.68
206.76
602.08
370.21
158.67
485.04
608.2
422.4
450.66
33.15
206.44
104.67
350.09
546.74
463.72
507.18
166.73
37.61
344.49
654.64
146.3
271.97
604.22
304.2
432.2
642.15
44.69
139.56
628.51
677.17
614.81
711.1
653.85
658.37
309.14
512.51
303.93
439.77
799.34
701.06
601.51
775.82
302.34
509.8
50.67
645.62
310.78
581.64
346.19
56.29
120.33
655.7
198.39
306.48
62.58
57.3
266.93
482.36
344.2
221.48
467.27
63.31
61.74
59.78
799.88
546.44
677.18
142.97
79.54
546.45
317.33
46.02
647.01
419
187.1
644.72
439.43
29.5
225.07
52.89
483.49
345.67
498.51
746.2
554.77
643.41
451.17
543.71
18.03
498.87
183.34
78.66
317.2
517.3
260.02
193.04
255.18
707.58
465.74
743.72
489.22
279.67
784.22
58.23
54.51
451.28
487.73
650.53
460.87
546.95
261.1
466.51
689.62
512.44
34.15
161.25
235.57
580.95
288.08
104.43
737.62
16.87
472.21
648.25
772.17
443.04
701.64
740.75
490.7
369.91
699.08
429.22
1.77
351.12
287.78
603.52
0.81
352.44
539.82
541.38
582.43
465.2
682.9
253.76
9.36 /

COPY
	PERMX PERMY  /
	PERMX PERMZ  /
/
MULTIPLY
	PERMZ 0.01 /
/
