---------------------------------
-- Permability values for SPE9 --
---------------------------------

-- Permeability distribution visualized in figure 5 in Killough's paper
-- Killough says 'The input data included in the distribution to
-- the participants included a geostatistically generated 
-- permeability field'

-- The values below are taken from Killough's dataset, they are
-- not based on the figure in the paper.

-- Explanation to how the data in PERMX is organized:
-- Under each LAYER (i.e. K-value), 
-- there are 25 ROWS (i.e J-values) under which there are
-- 24 entries (i.e. I-values) 

PERMX
782.95
642.93
427.11
613.4
532.11
538.04
545.41
659.2
43.03
572.45
10.34
72.32
502.74
419.84
533.64
781.45
561.18
742.59
484.61
627.41
731.56
328.71
753.18
585.85
194.98
540.05
275.41
448.29
679.33
55.28
237.16
250.1
190.56
169.59
496.79
432.06
173.09
91.05
546.04
96.41
533.95
595.75
670.41
318.81
110.01
111.68
345.54
36.48
528.76
757.3
683.49
455.12
430.8
469.08
599.66
410.83
735.89
143.8
346.36
796.18
218.53
571.97
293.59
671.65
342.29
580.13
305.17
777.89
309.63
65.17
304.95
354.25
772.72
233.64
130.71
723.25
284.4
733.35
614.16
276.95
80.97
293.65
183.06
378.48
674.91
560.03
410.54
779.64
450.53
318
572.34
86.51
298.04
222.69
770.81
4.35
416.9
34.63
345.38
430.98
164.49
83.79
748.22
21.77
673.04
386.76
106.17
100.82
127.99
2.77
698.24
494.5
2.21
585.79
599.33
308.08
356.5
606.68
763.54
94.42
466.78
305.31
235.45
90.1
471.08
134.47
534.38
146.75
796.09
447.54
40.2
271.85
595.86
316.7
682.69
473.61
79.97
481.15
92.67
544.05
176.02
196.13
296.1
430.99
72.38
505.72
344.81
451.08
312.56
207.05
155.93
76.57
20.4
624.2
85.61
580.07
128.98
766.05
185.24
482.29
633.19
798.59
700.01
13.14
324.97
142.59
182.33
55.65
620.64
329.84
680.1
183.56
258.47
760.52
463.04
745.14
709.48
603.89
475.82
334.94
259.28
514.99
352.57
745.28
531.41
484.32
660.7
322.31
759.06
774.52
337.24
46.82
560.16
160.2
605.99
62.54
67.36
517.49
313.95
648.67
680.69
103.08
22.54
404.2
675.52
18.9
310.79
450.06
73.83
204.63
792.98
617.27
201.12
294.03
419.18
729.7
342.61
170.47
737.9
462.43
352.91
306.2
108.92
344.03
230.51
53.77
7.07
613.74
388.4
595.05
467.44
446.25
634.46
610.88
328.13
668.95
407.32
54.93
478.77
421.92
205.81
243.82
482.88
8.12
406.66
109.89
377.24
224.43
63.55
53.06
205.43
30.64
286.13
538.11
616.15
416.13
72.71
269.82
653.95
195
14.92
596.5
230.95
574.39
791.55
375.66
523.83
427.97
45.84
87.93
88.91
79.63
365.92
625.32
478.44
610.42
798.38
669.28
541.16
398.55
334.5
480.05
426.09
272.13
533.79
289.94
286.72
7.57
575.99
272.86
526.51
49.55
681.21
336.56
380.65
714.63
741.97
579.97
522.33
297.87
453.79
226.02
577.47
497.13
173.46
225.54
101.47
246.75
353.09
475.9
537.39
556.53
664.68
413.58
224.01
323.73
38.68
455.75
215.75
37.92
263.85
3
711.57
467.6
555.85
296.7
341.68
80.33
554.78
435.04
713.58
393.55
438.67
183.18
687.66
779.81
412.29
344.9
675.71
451.05
705.08
786.24
470.56
651.66
577.38
117.98
156.25
196.69
736.87
119
177.56
517.27
692.74
709.05
781.92
38.86
353.54
457.22
310.07
104.22
720.92
443.37
734.81
328.47
634.64
529.35
266.4
45.4
377.09
670.45
106.23
365.74
425.13
203.23
335.39
535.94
500.27
647.78
556.04
515.36
315.67
165.24
374.88
528.13
613.02
428.69
306.75
200.85
183.51
179.39
714.95
113.89
334.31
527.2
391.77
55.2
280.79
762.4
441.49
519.05
605.82
653.83
794.22
197.24
200.19
503.91
87.28
134.65
73.01
582.93
30.09
170.03
189.81
1.76
128.4
320.2
789.48
515.92
13.28
573.61
466.63
613.55
295.95
718.67
105.05
247.77
711.86
102.66
163.26
594.95
331.42
250.34
64.64
385.41
442.51
467.46
736.78
150.81
641.27
338.88
444.07
464.03
251.78
653.89
754.43
636.15
693.43
85.47
651.04
397.04
740.69
72
101.1
718.47
157.94
654.62
108.71
267.1
189.54
215.86
703.23
44.3
95.61
449.09
167.82
63.46
306.63
755.66
478.33
462.09
497.5
215.59
99.39
166.22
693.07
19.87
752.79
456.49
215.77
537.57
415.26
660.43
201.78
656.08
670.97
618.18
488
720.31
140.41
385.57
597.56
469.18
435.83
625.49
171.33
737.64
359.55
437.47
576.46
9.77
87.88
428.72
308.56
606.48
473.47
401.17
557.41
785.65
540.67
362.45
371.72
32.52
195.08
473.52
761.7
201.73
698.8
84.57
92.21
438.04
723.5
369.13
741.63
202.32
277.96
541.31
634.59
308.34
276.69
368.43
32.73
693.48
404.83
720.88
13.73
187.07
514.42
558.1
322.29
206.59
762.8
391.32
256.94
52.79
401.84
282.2
6.43
227.51
175.45
469.97
229.26
526.92
715.46
622.61
296.54
791.86
53.54
548.18
610.59
257.21
548.29
395.15
301.6
542.79
588.91
86.6
256.43
99.82
233.97
231.04
97.72
627.28
374.93
732.62
433.5
434.37
188.95
403.94
714.66
453.24
50.9
39.45
357.55
130.71
397.24
402.74
792.02
378.49
592.06
32.81
7.23
120.28
168.82
707.4
163.63
520.01
754.34
608.89
613.27
368.47
500.95
371.1
478.23
629.35
762.69
383.94
285.03
425.32
472.57
394.34
182.48
715.54
351.9
163.88
392.99
462.53
790.62
331.55
451.55
182.81
538.91
133.43
21.49
720.13
439.25
111.75
670.6
713.76
740.02
433.27
396.16
197.47
200.66
16.78
499.26
682.16
113.89
44.86
725.51
352.43
284.14
727.03
740.32
650.58
738.89
169.51
391.6
167.36
440.24
655.69
177.64
579.96
682.23
630.64
245.35
264.76
218.51
0.25
732.83
430.7
220.41
480.75
60.38
788.48
184.92
643.66
668.51
343.31
44.69
733.68
500.38
0.18
116
153.24
659.17
276.52
37.44
82.75
764.07
155.95
267.82
439.85
564.63
191.79
421.87
703.07
405.63
116.58
446.45
8.92
93.17
582.97
23.62
744.7
766.44
772.35
138.41
598.82
55.89
552.42
658.53
446.24
63.79
20.16
315.59
624.79
435.32
489.36
213.36
357.7
82
142.38
646.37
608.38
313.7
492.57
523.05
312.06
496.89
609.47
428.39
89.92
132.88
63.72
319.46
395.92
540.23
46.83
655.28
479.56
366.58
750.32
281.89
291.76
204.49
245.89
298.39
285.84
767.59
527.1
490.76
561.04
176.34
4.89
444.24
352.76
675.34
727.78
54.9
361.56
492.28
39.22
160.04
498.4
370.46
140.91
422.51
559.46
510.79
7.54
85.15
734.05
428.45
27.99
83.98
758.33
743.29
625.16
574.72
74.93
325.91
70.36
409.48
593.85
702.71
136.02
381.79
126.45
630.82
680.62
412.33
82.04
721.18
785.83
20.19
161.04
307.45
289.55
582.39
416.46
113.91
574.09
116.85
191.97
389.78
588.33
396.64
506.22
142.81
215.82
201.49
259.1
7.53
708.44
379.11
711.28
110.68
506.57
379.39
71.88
648
379.82
45.54
474.03
706.2
635.77
483.5
782.36
610.51
514.76
538.76
235.43
320.14
113.79
556.36
80.21
481.32
202.16
463.44
57.77
262.27
561.07
697.54
602.23
217.6
247.46
74.14
615.45
568.24
531.12
216.74
184.39
622.36
799.29
721.11
390.95
411.3
762.54
515.26
25.63
277
305.96
100.27
84.98
631.56
519.88
75.34
677.65
366.4
219.65
556.2
539.41
445.68
421.13
351.26
129.49
565.78
759.74
387.01
264.56
685.3
542.47
470.46
662.11
230.53
631.17
374.09
474.9
339.72
477.84
235.79
170.81
551.06
640.23
691.06
509.91
259.76
510.63
246.05
598.82
666.37
486.59
691.68
248.06
443.7
244.2
694.72
442.89
650.89
625.02
82.53
384.98
650.86
761.47
281.87
107.16
636.56
55.09
541.08
781.9
49.93
258.44
100.35
222.05
772.13
601.16
213.12
111.79
116.07
62.22
468.58
503.42
586.34
459.15
285.84
124.82
750.73
542.52
278.61
419.53
157.01
640.89
767.67
381.66
443.01
302.29
685.63
5
46.54
655.27
383.52
108.24
493.04
739.73
619.01
128.99
352.24
664.99
416.26
438.78
437.43
732.08
627.62
134.75
355.39
18.88
419.99
254.14
258.99
295.04
457.3
682.78
528.16
448.56
487.01
458.99
220.63
736.09
207.27
246.13
755.64
331.97
189.04
265.22
374.48
161.25
525.04
98.72
125.36
433.43
787.17
553.4
658.01
713.13
650.55
670.49
277.58
775.46
412.62
455.7
302.08
449.03
754.49
332.46
756.9
369.04
693.07
723.6
454.36
486.67
450.51
277.66
657.96
501.81
506.02
338.18
42.59
497.45
570.43
520.54
515.78
395.79
727.78
334.23
279.9
527.46
789.99
597.37
673.67
88.98
398.82
122.25
129.21
506.22
73.96
784.59
612.14
499.39
614.57
755.12
524.63
425.57
789.46
354.47
695
61.46
641.2
91.44
662.44
146.95
619.34
10.89
425.79
463.1
242.83
31.49
244.02
329.9
653.59
427.09
528.81
179.86
349.5
316.99
632.96
633.23
434
241.84
384.33
42.61
110.05
627.46
789.01
616.24
254.45
787.47
793.14
69.95
763.46
610.68
523.62
365.99
460.02
271.49
515.54
746.74
697.07
466.15
359.42
709.39
631.92
766.28
395.5
381.02
686.44
793.01
346.11
783.92
27.77
176.19
228.94
507.12
95.16
651.43
622.53
686.04
318.97
243.44
385.71
448.23
485.12
531.43
316
415.39
452.73
127.52
142.81
363.15
48.76
171.74
686.51
114.55
542.86
792.16
717.5
367.14
452.64
509.14
790.03
194.87
104.23
91.32
339.47
791.1
255.33
0.16
294.04
153.78
694.64
89.81
61.08
617.69
585.47
543.9
609.67
86.61
265.46
441.26
625.98
410.14
797.6
612.24
249.49
55.99
273.75
430.85
315.1
685.04
671.49
359.04
797.96
581.72
586.48
661.93
180.98
206.02
340.76
549.22
420.06
604.41
363.92
541.28
337.75
621.04
584.76
146.23
236.99
247.39
261.87
74.4
379.29
429.37
39.48
458.94
279.54
179.47
13.78
657.11
604.44
465.89
292.33
297.92
335.09
171.75
288.97
540.63
82.19
602.32
799.66
33.59
710.4
336.09
42.38
429.83
300.64
529.03
539.41
564.82
606.35
280.88
671.49
259.74
317.62
75.99
68.86
443.5
362.92
189.3
646.92
65.28
672.47
337.18
219.76
413.29
417.24
660.28
5.66
517.25
22.33
764.71
652.6
454.36
761.06
565.55
308.37
370.17
99.8
116.6
196.08
380.38
778.53
676.89
322.66
328.71
725.51
58.77
77.49
398.44
695.29
502.85
640.77
308.2
187.93
650.59
26.22
492.98
213.48
33.19
138.51
381.14
737.27
353.55
77.35
44.11
433.49
722.73
59.79
283.13
192.64
687.94
371.45
21.47
78.38
195.69
608.26
334.81
107.2
294.36
609.89
97.47
403.95
275.3
474.45
626.5
425.44
256.46
86.05
440.49
114.33
344.39
19.44
105.61
240.96
197.99
35.52
485.89
673.6
597.38
351.1
492.95
786.22
296.44
569.63
37.52
278.22
519.68
780.61
637.87
106.47
143.86
695.74
628.9
706.37
302.34
545.39
270.1
446.68
95.49
283.78
182.21
143.28
20
494.52
41.62
415.49
384.13
333.69
679.37
554.82
750.22
490.58
45.82
735.87
754.22
664.33
632.6
265.31
152.19
490.11
507.52
408.4
564.22
480.54
29.43
207.58
621.9
398.71
198.41
769.73
273.15
659.29
192.79
98.27
302.01
582.48
498.16
436.08
498.49
233.8
506.16
580.02
320.27
543
95.95
531.18
776.1
680.63
25.56
41.75
506.37
481.71
301.38
148.81
487.33
633.56
86.62
20.98
213.22
202.96
175.41
340.12
671.21
403.64
447.82
598.24
726.77
502.81
506.06
62.93
234.04
132.69
481.38
250.34
524.26
648.8
760.88
108.53
382.02
289.1
647.78
325.06
655.43
540.73
154.04
429.3
705.62
554.22
526.57
339.46
152.69
249.76
350.78
320.03
660.65
465.96
8.92
473.97
729.6
106.54
633.46
636.59
205.48
296.45
331.85
129.35
141.23
201.11
415.9
725.36
241.71
340.48
222.16
102.86
463.01
722.81
433.91
714.11
440.57
383.41
155.93
655.7
686.24
65.76
37.39
793.81
110.04
593.83
293.45
616.09
340.26
684.51
316.87
310.2
105.65
437.16
346.98
748.7
104.84
44.42
653.34
689.33
99.15
517.44
324.58
545.4
24.25
199.42
369.32
89.28
76.38
769.09
751.34
795.96
530.55
144.41
506.24
423.94
571.57
721.87
455.43
527.99
351.16
663.19
239.37
597.99
642.19
103.12
206.37
387
132.06
252.49
562.74
662.09
445.61
404.52
663.07
663.13
230.13
210.73
41.69
60.73
254.76
93.77
427.75
371.17
547.03
785.64
583
504.96
87
603.27
349.4
287.96
203.97
450.31
781
374.36
294.33
224.66
636.77
54.36
286.18
217.16
710.48
452.39
139.02
519.64
550.07
313
229.42
72.77
749.88
522.06
443.24
722.2
155.13
485.35
573.37
653.1
702.28
505.84
697.7
68.9
40.48
36.68
26.31
460.12
576.43
0.82
565.82
220.94
573.31
350.06
108.16
210.57
302.2
67.65
475.1
364.08
650.82
575.6
119.17
595.09
765.96
751.37
303.49
10.67
445.96
478.92
391.48
306.4
299.02
416.37
710.78
72.26
376.58
410.84
79.59
175.49
461.12
344.77
48.96
37.06
544.85
63.74
442.92
59.31
246.75
77.83
475.25
246.92
299.89
744.23
76.75
567.43
714.66
563.43
572.93
162.06
611.88
782.1
170.06
297.6
581.11
646.68
550.87
701.7
166.97
165.78
154.57
22.8
436.42
34.89
423.57
619.68
769.85
481.19
783.07
163.96
350.12
579.36
209.22
84.43
385.04
98.36
9.42
268.56
564.07
781.26
735.47
209.97
618.26
639.7
447.97
314.05
557.33
465.7
635.57
432.83
213.38
690.84
525.61
32.63
543.92
484.82
114.07
347.32
57.97
287.88
373.92
785.56
586.27
784.94
51.52
378.86
380.96
125.49
585.13
133.24
733.76
774.17
641.17
667.6
430.65
501.87
425.22
324.24
661
133.3
410.57
699.1
741.84
311.28
269.69
431.23
54.17
635.89
664.38
8.52
592.08
534.9
66.34
255.57
590.25
432.76
772.17
147.75
57.89
346.18
563.46
540.35
173.41
225.13
699.63
33.2
161.68
754.45
767.15
192.71
295.8
192.67
509.84
272
568.96
745.7
771.74
311.93
731.71
261.64
317.9
731.29
666.25
510.03
634.55
723.15
601.91
431.24
577.47
94.13
21.22
10.02
31.71
674.17
129.03
549.81
216.37
692.73
80.35
266.23
549.79
633.6
219.43
702.34
714.42
154.3
569.05
428.55
473.2
618.26
309.03
573.19
637.8
84.2
195.46
221.41
501.04
65.39
739.2
630.9
218.18
535.36
230.13
611.33
363.61
170.91
123.86
666.62
784.78
676.27
798.97
172.34
699.11
729.26
165.94
495.82
776.67
179.46
663.85
767.72
137.39
782.52
174.39
57.21
33.28
263.8
34.92
302.66
761.79
176.43
462.56
434.93
711.75
727.8
530.29
631.72
270.57
24.67
210.99
468.41
356.73
176
303.47
200.34
554.07
22.47
645.02
743.95
333.99
588.16
39.9
402.91
490.32
117.07
614.98
223.52
741.03
295.93
234.62
483.31
569.08
721.18
380.62
435.25
389.79
298.81
54.22
183.82
617.38
66.48
547.2
733.95
558.58
166.72
731.52
366.59
175.47
686.06
509.94
563.31
45.38
370.7
239.06
474.39
599.01
450.86
21.82
364.21
563.27
418.45
175.75
501.23
1.88
154.81
643.84
493.93
540.3
241.53
254.35
410.74
114.58
343.77
115.47
735.91
412.69
736.66
94.48
741.29
668.73
61.96
775.61
520.06
353.41
745.93
626.21
335.25
672.9
798
515.51
144.33
130.91
325.31
203.72
519.17
721.72
418.23
791.02
384.28
582.52
232.24
745.37
218.32
757.05
64.6
565.39
499.53
646.97
385.93
387.48
49.45
18.16
494.49
735.59
664.45
716.22
592.75
93.13
599.56
142.16
405.57
163.81
144.79
464.89
50.98
378.76
748.89
126.33
84.54
239.66
293.08
423.6
273.17
467.99
350.92
18.62
362.25
453.66
435.68
545.81
344.76
52.1
43.32
733.47
58.76
790.8
663.37
709.25
519.8
176.7
121.17
752.7
660.69
417.2
225.72
658.35
556.79
100.25
59.33
256.25
247.7
789.13
511.9
432.11
371.68
763.99
346.47
183.12
632
606.28
445.08
2.5
755.67
662.43
426.48
365.22
665.38
781.08
495.03
245.61
402.4
265.97
649.51
693.25
636.11
10.48
657.69
758.38
373.06
795.15
617.49
160.59
203.7
311.41
423.64
329.49
395.3
339.04
200.8
703.68
229.71
291.06
735.35
429.42
435.88
792.82
562.89
578.86
666.66
263.65
600.84
554.28
394.06
667.87
630.04
686.96
462.1
696.42
119.87
380.39
167.3
498.5
12.23
92.76
447.01
42.28
720.27
293.09
534.06
793.03
50.81
321.86
589.46
77.61
318.87
646.96
444.67
147.82
138.31
542.66
328.41
703.61
563.87
509.28
374.88
383.14
89.07
80.29
626.23
694.44
408.89
794.31
378.35
791.26
474.86
541.79
768.52
456.34
398.39
243.72
499.99
635.7
207.86
362.54
455.88
38.24
712.53
498.19
46.89
50.52
630.22
496.02
527.21
320.42
763.41
372.96
619.9
56.77
451.68
461.03
462.29
396.31
396.5
511.92
641.58
708.26
563
527.71
100.4
263.65
162.94
327.53
156.98
782.49
653.31
285.67
727.37
90.71
796.08
509.86
556.17
520.94
663.3
439.32
409.34
768.64
348.21
667.31
168.47
563.23
370.28
654.28
50.84
389.73
289.48
421.23
679.73
116.63
483.21
587.82
620.21
238.3
334.83
287.74
579.04
676.67
247.54
753.69
350.39
648.22
164.8
289.48
220.8
558.11
751.64
339.72
311.06
243.21
235.29
799.21
757.59
520.96
713.28
539.49
310.93
573.05
51.85
420.17
510.69
594.25
547.2
550.82
531.12
555.69
636.85
1.15
664.63
302.2
415.11
336.36
466.32
744.95
315.59
180.4
493.45
353.01
73.39
489.84
199.39
54.47
781.4
125.13
212.23
423.46
429.82
178.06
187.86
249.32
303.84
701.64
269.44
147.69
629.81
479.82
507.52
408.45
100.46
62.39
568.76
680.36
208.36
337.12
137.25
730.25
179.54
553.29
606.63
703.23
520.16
711.09
369.06
321.8
575.32
635.05
198.09
218.5
358.26
513.36
44.01
756.31
480.91
537.58
412.09
155.45
507.21
575.53
35.04
211.2
0.48
318.28
757.38
696.09
766.07
651.29
305.95
633.05
750.51
24.75
646.85
317.28
58.67
418.74
553.83
722.73
663.05
322.09
699.99
434.51
12.58
499.69
393.17
514.88
343.7
320.91
617.27
719.5
223.86
473.86
697.91
207.15
675.09
179.47
483.58
45.96
124.38
193.91
542.57
80.65
474.26
302.26
762.02
156.58
432.33
71.69
767.53
108.62
231.79
31.33
272.02
130.45
247.28
668.95
439.1
746.87
469.65
547.48
178.2
85.47
46.26
143.75
542.07
119.99
616.32
605.13
697.93
86.18
236.57
399.55
420.3
397.54
208.81
731.13
680.5
134.51
19.52
643.24
224.62
373.44
176.28
434.67
588.86
107.77
167.07
566.14
323.93
721.75
393.55
371.05
675
266.49
470.42
100.75
346.63
582.74
564.25
518.74
165.21
673.89
758.33
276.02
360.22
580.36
59.28
368.59
546.98
454.27
263.42
380.72
133.09
733.45
350.89
689.12
749.41
513.66
230.22
281.28
474.74
9.36
12.15
193.67
615.69
379.19
588.96
558.66
625.83
391.62
287.62
12.47
79.8
536.84
446.18
651.38
423.78
494.92
245.29
355.37
226.08
755.34
277.73
284.55
246.19
535.35
698.37
584.29
607.95
756.31
194.31
617.18
388.12
32.66
430.43
394.19
406.24
716.01
797.78
5.76
612.77
723.4
731.59
631.87
82.56
182.49
212.15
417.85
48.51
333.22
298.31
254.97
35.1
146.29
223.52
240.09
431.67
472.34
534.34
676.47
82.49
732.52
568.52
408.78
105.29
555.87
162.93
636.01
738.67
199.06
551.6
88.32
110.59
438.75
350.43
746.73
220.74
481.37
34.92
397.91
82.94
722.41
604.09
614.57
18.52
69.24
749.26
310.76
621.03
95.24
638.13
9.2
654.4
572.06
760.44
476.2
20.5
568
259.48
22.59
184.87
311.38
697.02
426.01
733.86
523.51
474.25
199.09
440.94
298.05
382.66
101.24
278.59
331.31
564.76
281.76
139.87
215.21
422.06
313.8
144.19
779.27
645.53
340.04
158.58
595.7
666.19
402.94
274.33
483.36
259.36
13.35
210.74
486.82
438.56
660.52
180.7
787.97
438.43
358.13
101.84
789.37
279.54
418.94
549.79
525.2
4.73
718.38
60.49
206.2
276.23
461.81
512.15
742.18
263.65
204.09
638.5
674.44
485.95
241.01
97.25
230.06
536.12
638.09
19.39
393.47
96.95
541.86
506.61
796.77
361.91
767.8
666.84
335.86
608.27
501.79
142.19
457.87
2.69
417.39
556.95
687.81
173.01
368.75
12.79
286.87
423.82
759.59
33.07
283.46
571.47
407.4
507.07
54.25
639.03
585.01
194.65
703.65
379.1
59.24
90.1
696.98
751.42
584.46
255.13
448.79
46.28
24.3
17.33
80.01
18.99
229.1
51.46
728.56
644.33
676.54
723.15
517.84
698.4
348.38
83.28
641
340.59
390.64
382.71
479.87
183.36
119.61
407.18
341.65
352.92
147.08
541.97
730.27
37.81
511.49
616.04
593.2
784.4
543.91
89.56
571.74
86.24
726.98
613.26
354.17
390.66
430.51
512.09
542.67
424.3
319.36
577.87
356.81
581.23
245.85
14.15
640.68
557.14
364.02
606.06
319.53
428.24
515.19
40.48
679.58
615.99
509.98
304.66
86.79
97.45
8.41
389.71
40.17
733.97
247.74
755.62
411.11
391.06
738.65
200.88
66.25
643.24
63.32
323.73
271.49
540.1
473.63
421.33
637.3
168.48
296.66
539.93
181.27
692.04
696.08
579.83
782.12
308.29
456.66
768.3
301.96
32.93
484.88
745.84
491.52
297.81
35.73
781.19
790.65
711.11
754.15
325.64
445.43
649.43
441.75
112.53
577.76
259.65
335.78
578.59
323.88
599.08
27.02
568.43
101.22
72.03
331.84
768.66
478.43
711.29
120.31
698.9
329.78
672.15
603.51
118.2
739.8
482.42
283.15
36.87
681.54
200.42
539.36
373.71
293.29
524.19
87.32
440.53
417.51
280.52
718.22
154.46
190.43
411.83
299.21
594.7
374.65
342.44
363.45
649.62
243.56
665.98
242.58
442.28
698.85
432.5
345.54
483.66
227.68
101.52
348.65
216.47
254.91
386.28
784.13
405.09
81.44
296.39
728.57
724.9
753.6
531.45
503.22
605.66
409.59
643.12
450
415.84
661.16
730.61
612.51
125.08
141.16
188.09
623.66
408.29
730.91
281.43
599.83
503.92
276.09
632.16
553.31
386.13
710.61
627.84
689.32
592.12
169.51
507.43
673.42
598.09
75.24
223.57
273.73
724.44
358.67
490.49
748.77
196.04
618.71
720.01
374.33
101.21
284.36
649.11
669.46
342.63
6.71
313.02
512.43
661.21
156.43
43.77
87.61
219.36
556.59
508.36
498.25
311.01
340.07
108.23
500.88
133.04
525.76
534.58
199.8
355.28
714.55
138.17
271.04
510.46
160.03
151.73
666.69
179.9
235.24
89.05
377.59
427.48
99.14
654.26
378.98
780.03
654.86
736.1
289.43
304.23
17.67
527.3
248.72
17.54
1.56
778.05
161.6
225.12
313.45
62.67
184.26
504.98
197.84
682.74
635.16
121.23
324.52
331.25
85.04
473.76
49.98
465.4
253.04
577.2
132.39
222.29
168.66
763.51
397.04
46.23
467.29
767.98
541.2
425.2
509.66
46.97
712.67
269.26
453.04
479.68
774.66
597.94
754.57
6.14
417
526.05
151.44
231.17
761.67
354.68
400.08
321.57
133.8
537.21
16.06
54.64
499.62
30.42
557.07
305.53
750.81
376.03
74.04
342.35
141.61
144.32
437.4
84.59
629.82
240.76
269.88
228.95
312.66
614.72
28.08
94.63
699.45
533.78
550.1
13.1
209.77
566.72
374.65
463.21
4.62
290.07
277.14
133.06
94.44
457.26
466.57
788.26
606.53
249.98
636.89
758.01
534.04
148.73
649.87
297.57
8.83
87.39
650.88
785.79
109.75
773.7
83.63
182.28
394.55
295.58
695.77
531.4
578.98
771.71
539.25
20.87
117.8
228.69
384.57
507.2
216.1
696.67
590.41
634.9
409.81
86.56
510.91
207.47
343.61
425.91
308.28
260.26
176.66
468.94
722.08
255.44
703.33
658.83
639.47
162.73
623.42
761.04
711.98
59.95
384.52
496.28
615.37
768.83
785.14
339.53
736.79
717.45
574.71
237.25
301.08
643.13
111.53
479.61
190.15
751.64
798.48
491.2
666.08
265.7
727.56
727.77
325.02
178.04
259.03
525.16
751.83
599.12
600.93
64.97
740.02
247.26
52.83
86.23
704.04
338.81
480.63
453.28
709.57
616.98
758.46
688.46
84.62
713.83
345.76
669.29
433.64
357.77
390.19
752.12
170.3
2.99
228.55
495.45
498.73
101.59
628.35
103.74
281.59
394.53
369.06
207.47
75.73
682.51
156.92
611.55
203.12
81.33
346.16
497.21
745.28
418.25
181.64
512.77
647.57
396.36
783.43
197.46
637.77
226.26
637.82
76.59
182.09
196.13
774.89
235.91
667.76
272.64
503.08
133.44
380.58
167.38
404.25
65.68
327.45
401.1
632.39
567.29
678.56
174.25
355.38
372.06
352.48
765.59
409.45
238.59
13.06
447.4
434.32
574.09
466.86
160.44
31.78
688.69
478.22
110.29
456.56
95.91
105.86
637.56
61.55
435.12
454.1
416.46
460.63
286.23
103.65
406.76
143.14
542.64
383.71
538.05
0.01
741.78
403.96
477.34
565.93
666.01
585.09
714.17
749.84
266.44
623.77
521.69
113.1
550.37
16.89
659.27
82.81
691.84
380.81
310.13
133.68
583.47
593.39
17.17
119.58
406.13
256.05
300.44
37.88
327.8
160.8
637.25
159.31
197.18
399.35
169.96
750.53
401.29
322.88
315.38
533.41
232.37
777.16
390.85
114.96
146.95
554.14
297.71
332.92
342.98
292.98
611.2
561.27
274.23
601.42
605.1
430.75
670.74
30.25
740.66
738.45
777.72
589.31
275.17
113.54
18.26
562.83
790.62
787.05
211.99
573.45
640.7
597.7
425.14
66.83
164.31
104.1
568.2
277.29
516.55
23.35
39.41
100.66
444.7
627
765.09
184.02
745.52
223.99
644.66
411.02
372.4
666.12
678.24
575.82
185.32
561.19
603.26
523.66
151.46
689.48
362.16
260.75
255.79
414.94
401.71
728.73
719.13
141.72
86.75
384.98
363.91
511.89
390.58
274.06
558.48
615.82
7.23
367.31
78.93
32.17
785.11
643.3
154.4
448.1
253.81
573.68
465.62
194.93
239.99
100.69
358.59
28.93
507.1
706.61
278.9
168.31
3.95
532.88
521.37
577.32
785.41
356.69
584.64
635.21
420.56
184.56
570.01
570.43
57.14
369.52
212.71
575.28
318.19
435.91
260.1
331.41
636.27
175.1
785.96
163.23
31.81
382.3
717.15
551.55
628.32
335.72
579.06
225.87
368.14
387.03
511.04
240.36
429.22
325.93
269.2
222.22
331.31
377.85
321.71
623.37
278.97
722.6
297.78
473.64
158.56
621.7
287.98
511.69
637.92
630.12
87.8
448.87
778.85
476.39
14.96
462.39
780.33
193
285.01
314.13
82.43
194.81
775.72
159.29
571.58
88.54
634.46
653.26
85.55
458.13
379.58
34.55
552.46
764.17
719.73
636.28
456.71
28.89
34.43
505.49
511.9
463.62
487.35
255.83
767.61
103.37
521.23
539.67
730.72
573.44
765.65
99.5
710.1
770.92
531.05
433.94
489.74
348.39
286.63
538.87
207.23
192.26
619.08
6.87
383.45
347.23
129.59
479.83
242.23
575.94
596.45
680.68
421.35
243
613.21
234.58
749.64
646.15
337.9
120.94
642.31
30.31
724.07
440.44
36.16
473.73
523.87
344.87
601.63
789.76
97.57
346.99
602.9
254.99
452.52
253.56
132.29
317.51
470.8
196.88
120
341.05
508.66
687.03
374.67
547.07
453.37
55.13
6.35
446.79
175.31
661.26
570.99
775.38
612.7
592.77
759
666.81
89.07
440.51
506.5
770.95
362.59
348.64
230.25
131.87
681.57
605.18
18.51
547.15
390.26
279.95
207.58
195.51
233.74
215.6
322.26
95.49
239.62
169.5
461.48
693.02
444.58
241.54
309.23
304.14
705.53
80.28
343.09
424.98
650.29
353.37
142.64
734.28
42.44
336.15
473.43
220.1
774.16
711.13
473.62
12.78
318.4
756.84
569.5
45.6
247.28
202.26
74.32
479.72
242.41
449.26
372.23
48.87
271.31
135.75
140.4
326.46
595.75
541.89
768.38
242.04
557.08
428.7
516.44
420.29
585.94
261.09
530.26
350.56
391.63
161.32
211.46
698.62
11.82
340.18
592.8
565.87
3.14
563.8
561.96
163.29
512.15
508.46
307.41
701.39
594.92
299.53
603.96
418.57
325.37
250.23
432.81
317.7
434.15
299.5
31.18
733.64
458.15
586.92
75.65
177.44
618.94
52.28
425
743.35
60.81
605.82
533.03
226.37
438.79
69.07
259.31
217.3
329.75
258.78
489.96
102.37
614.08
255.7
758.68
542.28
680.42
384.11
25.6
175.23
175.2
78.49
228.89
406.31
660.74
14.54
309.33
537.15
794.27
321.83
528.75
210.6
21.81
343.66
310.81
558.62
517.38
606.08
622.18
466.9
666.58
674.81
49.71
759.1
340.28
781.19
607.84
682.39
121.95
454.05
359.93
582.22
53.73
262.58
430.44
371.16
576.15
667.82
572.95
603.26
356.39
254.37
435.28
755.18
588.08
566.61
255.11
544.69
797.86
320.82
414.01
249.44
690.73
297.35
82.32
217.38
161.97
588.87
736.68
118.86
235.77
577.63
353.44
6.31
644.75
90.28
290
556.82
572.16
33.07
463.25
313.1
182.87
682.1
624.61
605.4
374.69
275.87
796.12
698.21
722.66
336.67
23.79
562.58
198.34
514.56
523.01
324.62
298.95
296.47
727.05
63.33
309.29
642.1
579.14
281.85
754.47
27.32
352.39
270.26
596.5
549.02
385.87
552.59
750.91
82.7
182.41
236.77
147.21
440.39
109.03
688.55
659.12
604.85
110.28
598.55
319.11
346.09
427
386.67
24.59
376.57
288.86
196.74
40.72
363.05
755.91
617.56
416.5
523.77
626.71
209.42
467.51
701.05
209.02
327.85
319.11
670.22
250.77
235.59
496.92
757.36
681.93
274.9
650.12
360.92
275.07
305.2
417.52
36.85
416.6
5.2
228.34
378.05
96.96
19
216.55
298.14
30.78
161.88
353.2
654.62
725.27
302.41
388.07
178.78
396.23
748.25
71.79
246.41
432.43
674.31
548.66
120.87
540.1
439.52
269.58
509.72
48.83
578.28
114.71
207.31
794.45
339.37
173.5
788.75
293.17
494.21
555.96
82.59
475
306.06
346.89
733.17
361.63
490.73
327.23
683.73
509.82
208.77
177.94
567.98
768.03
561.42
706.84
460.76
97.24
780.94
470.83
230.58
628.14
521.84
145.18
672.82
159.11
557.58
261.44
721.75
716.13
726.24
88.78
319.68
511.15
223.22
211.22
600.66
592.23
64.57
356.35
357.84
437.26
686.27
729.91
776.35
684.51
423.64
314.69
366.17
65.59
160.76
0.47
333.66
295.64
281.66
258.31
272.14
303.28
781.45
98.22
471.59
404.11
220.58
722.47
686.12
481.71
443.71
80.49
54.77
491.06
751.97
52.5
628.13
535.23
78.78
124.73
197.4
95.54
679.42
692.53
151.32
285.11
155.52
513.99
595.05
187.72
654.3
234.84
109.41
91.62
54.71
561.19
15.52
639.17
497.91
711.33
70.41
582.36
682.26
169.24
270.43
182.26
99.93
537.54
230.33
417.79
535.03
121.47
660.39
574.63
497.29
232.57
280.69
42.51
421.23
116.78
610.16
559.13
48.05
375
408.56
750.12
301.39
168.03
51.42
625.07
399.06
314.55
491.12
207.45
704.14
462.39
414.68
42.32
592.18
428.25
400.7
521.6
285.82
667.74
180.76
380.95
537.52
426.85
284.69
759.76
94.64
132.35
554.73
234.56
402.85
104.08
543.9
564.6
747.82
235.45
674.07
778.14
284.78
448.85
121.14
507.58
516.07
786.36
229.75
431.34
478.69
693.81
549.37
391.5
521.24
303.42
424.7
98.16
284.29
58.64
578.89
152.18
472.49
509.08
75.39
457.28
325.81
761.26
384.07
796.89
109.21
303.4
294.8
406.78
493.82
108.54
669.34
235.21
782.1
115.88
161.07
571.5
411.01
129.6
37.4
491.42
150.46
772.49
20.32
81.56
273.02
660.98
428.9
606.77
309.07
486.43
260.52
628.23
466.51
171.11
578.07
143.65
35.22
429.55
423.56
453.72
300.57
14.86
306.92
82.04
130.82
30.26
400.11
475.85
278.47
25.57
77.48
719.74
311.31
164.34
190.58
400.25
201.15
128.76
402.28
611.86
91.28
548.68
494.32
424.14
736.77
452.28
115.09
411.93
799.33
346.12
497.99
431.58
399.66
41.79
202.08
743.45
208.23
81.85
106.17
357.4
259.79
607.88
511.37
462.44
165.88
21.44
690.76
185.45
548.72
330.76
213.02
586.87
698.12
99.93
170.8
729.68
438.5
791.29
498.41
211.23
57.47
757.65
184.87
232.12
663.93
164.11
687.39
401.12
2.2
231.5
45.75
378.15
725.55
171.96
636.6
246.19
4.87
761.54
189.91
465.09
58.48
565.94
624.15
520.5
539.5
42.24
551.18
681.72
75.52
734.66
304.82
784.06
71.33
589.71
185.52
544.55
405.66
763.51
376.65
558.07
243.55
636.19
383.49
115.1
712.01
557.12
492.3
571.04
209.95
90.4
129.11
281.34
146.87
198.68
689.88
396.87
652.79
352.09
358.33
556.84
499.03
519.37
4.18
595.11
169.25
617.88
433.19
755.68
2.34
544.06
529.96
321.43
631.64
318.83
364.26
486.95
169.66
312.72
485.06
774.42
250.39
475.48
173.22
480.99
790.27
429.31
724.4
72.46
30.54
721.77
630.35
325.86
425.75
721.07
436.81
376.6
268.83
485.14
121.31
605.1
552.91
546.23
451.69
724.1
160.46
335.22
596.65
762.16
515.63
112.02
643.57
30.72
335.27
405.53
694.73
86.64
147.23
269.35
688.93
407.56
687.85
275.93
197.79
269.39
735.29
305.2
621.15
777.11
12.78
313.83
139.34
195.68
315.49
677.13
585.3
655.41
134.81
93.33
611.55
188.79
753.91
119.62
577.44
405.78
609.33
253.21
331.9
165.05
184
603.55
190.72
647.26
397.01
403.55
128.07
384.22
171.07
703.38
724.43
165.5
553.59
484.08
136.92
612.61
507.3
353.87
706.97
273.3
709.13
298.56
108.31
111.18
313.32
408.25
770.42
543.04
299.82
30.73
200.72
721.89
368.35
562.76
222.53
762.09
527.76
282.29
536.6
249.59
798.9
695.32
711.36
112.76
756.4
486.79
734.62
311.65
313.38
301.2
230.44
599.21
604.67
785.45
195.94
193.69
22.39
622.58
365.63
375.03
472.15
14.45
480.03
773.45
762.64
584.63
664.09
717.9
720.24
145.44
115.14
362.7
65.66
425.91
676.9
286.42
40.52
417.66
68.36
694.33
79.35
535.62
18.55
170.74
783.34
170.12
545.39
123.95
597.97
376.99
132.43
772.02
264.66
312.07
186.92
335.58
546.49
561.07
125.33
763.63
82.06
440.64
187.3
347.63
783.29
312.04
149.05
448.76
621.08
542.32
267.74
525.43
315.39
230.81
34.08
394.25
560.54
135.47
180.18
587.67
602.41
314.14
204.35
410.56
431.56
544.32
702.4
769.1
365.82
621.18
249.91
10.86
112.61
677.21
764.34
25.17
235.48
471.83
440.77
765.63
674.82
139.4
626.14
721.63
523.43
385.54
96.32
316.33
257.25
745.03
54.44
68.91
769.52
169.29
6.51
82.98
386.6
642.96
263.08
757.48
523.87
735.12
694.43
98.1
637.69
23.51
546.14
43.83
311.44
138.09
400.92
788.28
311.41
31.87
659.06
313.94
565.77
302.51
118.67
160.94
799.09
447.04
660.78
379.41
448.27
259.24
316.98
410.97
639.99
263.11
586.24
596.97
383.99
161.79
175.74
26.13
149.52
215.7
211.56
250.47
211.83
117.3
699.91
267.96
143.83
256
608.49
547.66
33.23
7.59
150.38
41.7
166.6
99.57
277.54
177.32
363.29
629.3
285.48
368.95
557.32
22.06
714.89
318.9
576.14
170.2
398.39
123.1
767.05
185.78
427.29
392.54
605.25
62.08
287.79
76.43
698.16
598.99
441.17
160.07
416.75
493.02
642.75
178.75
206.01
397.17
282.28
350.01
690.42
294.73
248.49
283.2
359.68
74
193.71
188.19
154.09
427.92
449.27
566.4
266.21
180.13
109.61
791.07
430.39
433.09
85.69
7.82
89.4
618.31
741.99
79.14
794.29
197.26
125.21
70.17
667.87
539.98
734.35
714.96
321.81
342.35
315.49
300.78
131.22
577.8
572.92
371.27
703.25
209.93
247.03
225.34
133.68
425.26
771.89
79.86
559.27
472.61
57.95
230.71
670.35
16.36
168.87
41.42
468.24
435.68
749.93
660.94
32.22
415.56
204.73
602.47
137.6
533.88
505.04
615.38
488.58
5.23
178.18
467.28
564.84
210.92
773.22
793.67
486.35
575.37
195.66
282.06
267.97
233.09
60.17
418.52
338.44
612.38
94.03
604.47
213.37
547.3
335.9
648.51
666.45
304.64
250.7
602.11
594.37
442.8
479.24
246.4
783.7
204.83
717.76
480.53
594.29
276.46
792.55
610.18
9.03
597.77
140.83
748.17
762.83
242.56
636.34
423.06
771.04
408.35
5.11
276.33
783.02
293.76
739.76
293.67
27.67
518.04
302.61
380.06
228.2
371.13
752.32
311.66
134.03
220.52
543.06
161.45
796.06
645.81
10.5
107.8
419.53
782.2
8.81
616.24
423.07
372.18
187.42
746.98
701.63
479.23
178
504.33
11.84
416.86
316.12
542.91
237.39
2.6
73.29
214.41
193.34
718.57
157.69
489.01
543.66
466.82
548.18
317.02
38.35
550.45
601.89
728.44
16.31
537.32
425.84
117.09
762.82
490.54
278.55
564.66
676.59
583.49
61.54
231.89
458.49
21.8
380.84
392.04
698.93
285.26
602.54
676.34
449.12
154.04
548.22
607.23
397.42
289.77
366.25
610.89
377.36
266.01
311.99
382.53
629.83
414.58
156.58
49.85
72.45
473.9
299.41
378.53
398.33
498.4
517.89
196.83
289.35
523.39
727.03
507.82
515.02
627.05
34.98
488.48
347
80.24
342.48
784.9
163.9
515.12
727.42
306.38
13.24
295.69
228.13
550.28
611.05
422.94
199.96
558.3
422.79
321.41
162.37
687.28
481.67
570.47
156.95
206.6
476.87
595.69
9.09
321.66
678.14
543.78
316.2
216.49
70.53
695.33
345
314.21
739.07
264.86
579.79
263.58
43.46
424.59
478.79
296.63
221.82
286.82
417.79
761.96
7.57
380.74
612.52
70.37
591.4
134.51
456.81
466.3
799.26
19.18
202.39
427.6
582.91
53.68
335.23
741.08
203.3
118.02
712.71
554.43
783.51
436.2
160.69
342.33
322.44
468.71
416.73
100.72
238.85
757.2
100.77
161.89
796.06
394.59
358.96
497.79
338.23
60.81
451.6
186.81
265.98
736.11
38.19
788.7
287.64
346.54
81.82
493.52
232.3
729.2
89.03
731.4
515.12
537.81
295.67
143.15
535.47
515.98
408.91
463.33
0.42
593.81
639.74
759.79
368.84
636.79
208.66
244.93
177.55
393.42
33.15
682.86
484.59
684.09
391.62
413.45
529.98
501.23
791.18
477.52
198.32
487.48
676.77
163.16
29.08
399.78
776.56
175.41
115.02
601.91
701.92
374.7
618.05
97.69
518.4
244.37
725.06
311.01
235.89
560.08
323.38
345.91
677.93
708.53
503.41
609.73
152.91
514.34
736.5
510.86
647.15
127.36
765.95
124.1
7.09
597.72
701.06
451.2
554.44
359.35
703.47
280.87
146.66
391.76
111.26
55.65
477.58
645.11
579.01
570.4
470.33
311.88
394.06
721.69
364.66
552.91
166.98
237.53
617.04
349.97
49.76
333.66
448.3
57.73
730.65
614.12
381.57
277.65
652.83
454.72
380.1
446.8
740.13
476.58
207.07
351.49
470.99
670.53
521.63
777.89
415.59
581.99
280.01
314.6
604.28
7.53
768.33
389.03
268.32
421.78
518.07
462.35
545.23
203.46
285.51
480.64
455.6
736.6
288.13
542.94
383.35
247.42
695.68
561.58
98.56
524.62
485.43
779.03
636.22
551.43
796.92
231.22
385.56
383.29
108.36
742.98
562.16
161.81
383.87
115.49
649.95
351.57
478.7
698.45
392.35
23.65
604.99
672.33
548.97
300.07
410.89
379.05
543.31
451.63
131.57
772.02
392.31
258.7
250.67
272.14
207.61
93.77
126.4
424.03
186.72
92.05
358.37
405.69
740.48
48.99
189.38
271.1
293.68
729.78
292.02
316.92
741.76
289.5
96.31
489.41
261.73
339.29
494.88
438.32
367.19
658.9
718.86
195.51
514.42
74.32
374.97
198.75
670.66
745.02
379.95
472.33
196.3
216.98
633.26
764.92
53.96
35.17
575.1
108.42
524.35
401
554.09
489.61
53.04
413.03
17.02
294.22
66.74
284.92
380.93
745.46
150.43
235.26
457.13
612.15
444.29
124.26
421.28
30.1
475.27
356.03
683.87
742.52
188.71
263.11
53.15
402.68
604.57
307.66
304.43
742.76
186.98
337.66
407.03
260.49
462.58
101.15
134.06
324.97
751.74
149.21
232.78
333.95
613.66
579.69
588.26
110.53
296.9
497.28
540.93
478.97
33.25
501.3
158.45
266.29
204.62
610.9
382.08
617.25
43.19
597.58
404.7
628.83
319.84
236.73
33.14
224.7
175.67
529.14
85.46
755.02
552.23
516.9
212.91
199.86
769.39
361.4
401.81
35.52
777.23
683.6
598.69
275.88
69.6
520.93
725.35
384.29
634.91
154.1
22.73
480.35
322
308.02
581.12
551
650.21
536.53
540.7
354.2
608.8
80.9
590.15
421.49
278.21
688.26
320.64
585.64
370.72
161.84
57.02
795.85
254.41
532.14
141.9
347.25
690.82
793.56
366.66
135.92
736.9
777.26
635.73
612.88
651.78
711.99
230.1
526.62
680.29
695.66
532
656.62
164.07
444.48
504.27
484.34
580.96
336.78
424.22
749.27
299.24
417.59
756.75
98.21
371.21
2.14
403.18
787.93
30
727.69
348.96
669.51
210.58
108.53
729.93
715.45
220.92
179.61
777.29
709.1
765.12
335
475.97
467.2
544.69
232.65
666.87
220.17
745.82
188.49
113.95
288.82
142.14
693.9
536.68
595.91
261.07
612.35
719.29
148.26
530.4
396.19
352.3
659.73
408.25
619.79
251.7
314.41
2.55
525.23
735
127.57
634.11
711.99
562.14
421.91
40.61
397.45
194.18
107.45
35.99
248.01
244.41
449.3
287.47
21.5
768.06
263.68
473.57
448.25
785.94
176.27
384.03
29.97
140.72
528.69
555.49
151.53
756.05
16.41
488.73
753
83.41
414.62
360.33
186.89
577.34
99.17
92.39
303.14
570.91
301.56
5.67
241.78
683.14
96.21
252.73
345.39
149.62
46.03
241.85
30.97
589.05
606.2
345.69
775.39
546.39
178.21
365.96
738.16
729.1
51.22
138.53
11.89
620.94
581.78
191.08
205.36
626.39
308.87
93.35
478.14
733.34
251.66
544.56
230.05
635.03
34.34
194.76
31.73
433.37
163.36
561.89
425.7
478.59
393.45
743.21
3.74
81.53
217.88
97.64
423.97
549.65
43.98
756.67
589.28
582.44
599.24
601.55
55.88
296.76
776.77
281.13
775.41
444.56
372.74
312.58
689.76
666.15
136.95
249.45
466.54
671.14
711.93
229.98
72.37
746.83
118.54
580.25
23.9
456.35
561.25
279.13
757.9
633.97
196.48
617.25
408.09
319.28
279
205.5
180.98
601.42
227.43
142.34
474.92
247.25
132.71
62.26
786.66
504.44
219.42
139.07
582.39
645.94
362.44
167.06
756.61
747.44
616.95
559.01
595.76
402.75
161.02
102.24
183.3
429.76
382.58
505.99
154.94
204.86
671.35
457.74
716.8
11.92
430.26
433.03
138.28
347.31
780.1
61.06
98.8
416.84
649.15
605.9
394.64
676.31
588.97
507.66
526.31
774.92
159.92
487.11
353.37
507.27
604.67
201.81
217.06
30.06
697.22
634.44
488.91
251.47
76.41
597.5
63.27
93.25
690.78
417.49
235.93
797.76
334.19
64.1
348.4
709.67
492.93
24.55
3.61
366.11
761.87
362.83
665.71
321.29
364.77
321.71
540.61
540.5
48.82
623.7
418.22
353.01
689.12
137.76
17.25
281.81
609.5
291.2
551.23
76.35
661.3
449.94
638.37
559.8
679.95
447.95
314.48
751.1
167.18
365.87
222.75
215.49
241.84
415.31
780.02
349.75
466.06
350.3
23.26
705.52
776.78
34.33
246
451.29
389.26
480.01
750.23
500.71
516.48
380.06
482.13
352.54
17.87
440.34
740.96
77.76
61.79
126.2
66.08
187.91
197.81
443.53
746.24
125.01
637.79
610.06
695.49
10.09
40.82
2.87
605.66
558.55
594.94
694.22
502.31
150.25
264.39
235.14
486.26
604.55
461.85
412.86
592.5
59.1
698.66
548.95
293.12
246.26
638.65
770.73
111.27
327.09
298.55
573.24
761.35
724.82
563.69
65.26
150.27
447.77
590.35
460.61
596.3
194.74
764.55
333.17
20.16
317.83
343.6
7.36
772.42
451.14
82.47
467.29
681.96
668.6
731.76
404.42
327.15
74.8
47.45
593.35
446.77
337.83
373.95
111.19
609.77
29.42
653.73
732.72
224.31
721.6
624.11
769.73
574.69
2.68
553.37
536.46
382.11
333.7
620.79
548.46
761.3
434.8
399.2
107.09
91.17
134
533.68
662.88
188.64
707.93
204.56
128.97
427.21
795
60.25
737.49
640.6
416.12
315.22
416.39
276.99
722.94
576.05
711.53
584.74
98.82
475.38
506.94
180.65
288.54
515.29
477.35
582.99
256.33
187.62
745.52
366.5
397.76
786.42
336.67
310.31
799.83
695.25
199.09
330.82
582.07
40.66
419.08
458.89
470.95
777.49
291.26
319.26
9.82
463.81
671.68
193.41
120.04
541.07
124.18
588.45
221.14
474.24
469.53
710.12
151
409.27
308.83
479.99
564.7
492.59
479.42
275.64
371.32
470.78
281.74
780.95
527.91
764.84
730.63
315.77
413.09
391.84
46.33
698.97
391.35
118.6
164.66
266.05
644.84
372.36
608.1
357.52
580.4
658.08
178.18
158.18
127.72
613.54
387.39
410.8
399.83
192.26
478.21
596.84
389.93
351.11
365.1
510.8
543.61
479.97
396.29
414.93
718.43
583.25
760.39
276.74
608.72
7.69
146.19
242.61
2.86
229.38
730.24
587.83
744.86
475.87
759.04
365.09
423.03
139.63
626.89
661.69
267.92
559.26
46.58
643.94
725.44
238.4
289.5
397.83
573.71
473.26
446.43
22.77
380.12
774.12
147.21
541.94
725.42
293.86
423.38
487.51
723.79
341.81
375.6
452.19
637.91
511.27
756.39
5.62
383.21
699.92
323.75
195.69
355.8
206.12
494.86
188.05
243.89
626.44
758.66
791.12
111.56
295.19
0.06
657.96
591.58
759.63
789.59
764.36
679.96
229.46
453.84
424.54
102.07
312.75
9.21
662.46
354.37
327.05
458.08
189.33
254.52
391.34
559.05
438.23
36.33
616.99
25.86
408.26
525.08
765.05
499.3
533.29
160.57
76.31
298.65
436.84
720.05
53.85
794.04
21.89
93.67
162.45
534.52
218.32
339.15
493.81
588.73
733.82
64.2
470.09
766.05
629.2
618.66
587.97
212.24
143.86
541.7
119.15
551.46
316.8
346.34
412.5
444.34
706.62
455.61
202.8
772.25
30.84
328.06
263.99
180.16
219.93
349.27
11.27
501.44
455.81
541.8
316.19
94.53
537.29
566.58
788.36
408.12
596.99
29.65
125.52
415.75
316.83
401.97
296.61
485.32
35.98
8.83
140.69
264.53
634.46
227.17
82.53
374.01
153.39
447.31
557.28
781.98
145.47
206.27
266.3
534.42
46.65
610.91
493.66
126.77
303.39
577.32
357.68
300.42
449.74
126.72
323.12
368.51
60.44
219.05
657.86
239.2
278.4
743.13
592.88
311.9
60.6
376.18
40.29
712.68
210.08
312.87
221.69
283.07
555.21
573.93
281.67
528.45
485.29
420.03
339.85
251.69
282.81
699.85
262.37
270.37
523.47
245.79
754.53
396.01
417.98
560.2
85.72
558.09
696.94
290.88
517.8
294.3
0.79
494.58
363.85
376.26
763.49
696.8
41.38
688.53
505.43
211.32
300.41
369.46
721.25
720.01
698.52
302.66
527.19
390.22
648.97
669.42
366.18
621.47
681.84
311.34
343.56
480.02
585.55
258.27
558.75
378.7
744.38
275.11
258.44
458.71
79.65
461.23
518.9
88.43
791.93
436.55
108.24
647.77
743.95
131.94
15.67
498.43
697.5
355.8
627.27
9.77
553.91
43.01
324.41
446.19
379.72
684.89
247.83
340.47
157.82
501.78
727.75
128.73
658.41
280.74
609.02
392.95
508.99
343.79
275.29
719.56
391.3
227.7
771.94
386.12
269.83
608.31
415.67
491.01
423
1.18
769.44
282.11
685.19
454.82
510.82
196.34
757.5
486.07
295.96
543.43
395.29
708.1
485.44
716.38
158.3
587.05
461.99
187.45
518.83
47.34
692.97
276.55
111.33
220.27
591.98
203.04
547.18
142.34
340.91
194.25
37.28
729.99
69.21
504.17
486.23
17.04
642.66
548.72
538.17
491.07
76.88
481.97
798.86
173.21
182.64
329.23
600.9
357
405.84
298.88
119.43
667.1
410.67
217.08
38.12
409.33
372.58
787.99
496.63
761.6
547.76
112.33
158.01
460.57
34.03
50.58
367.6
578.85
95.46
255.07
470.02
677.12
539.55
456.92
283.17
545.38
272.59
15.78
716.48
422
632.65
736.83
739.37
376.87
54.63
204.4
752.26
285.38
184.1
221.87
325.08
634.06
303.61
245.99
545.69
230.84
64.1
666.64
216.06
776.8
450.03
268.77
306.44
526.1
350.33
634.71
369
158.42
742.48
345.5
786.51
796.53
787.93
293.01
97.09
509.28
560.42
588.09
323.16
422.53
275.14
759.59
67.73
720.97
359.29
414.59
522.15
666.93
101.78
274.12
447.12
634.48
456.6
223.42
485.94
644.43
633.86
487.01
31.61
249.4
252.02
722.85
490.02
102.27
775.34
563.73
109.98
344.16
303.41
294.27
548.97
362.59
12.12
645.75
286.28
247.83
461.71
666.15
98.28
563.07
304.28
200.63
466.21
371.34
500.13
367.75
238.59
574.29
153.7
481.81
645.67
638.45
436.39
282.15
724.62
700.83
192.61
349.7
661.85
666.61
775.36
482.24
469.96
416.31
204.59
516.79
757.36
315.1
727.4
255.39
729.26
430.05
125.04
327.94
547.09
232.94
161.85
178.52
613.42
554.47
336.76
376.83
152.33
335.86
6.09
601.36
611.44
2.38
608.09
622.79
437.23
681.24
500.75
493.26
710.45
293.72
700.78
744.97
674.59
471.68
275.98
774.42
463.72
688.89
135.81
122.88
563.09
574.22
720.62
722.69
600.65
796.57
134
34.1
773.75
794.1
646.14
417.27
260.94
336.1
456.33
165.22
141.01
476.11
618.24
214.52
28.5
792
71.42
124.3
383
282.43
315.47
653.45
517.98
243.96
455.08
178.65
257.82
33.39
673.1
748.27
262.29
769.92
314.52
489.16
662.87
320.48
462.3
481.59
95.61
397.16
639.07
646.87
42.11
566.26
291.1
130.97
289.39
436.44
783.18
238.76
199.48
648.78
147.72
563.91
382.68
141.29
260.42
470.74
642.36
357.34
366.7
419
773.15
294.21
347.28
479.53
647.28
418.57
60.85
440.66
638.78
714.24
211.64
257.72
723.25
397.7
408.33
439.59
630.98
78.7
322.27
165.35
151.25
489.69
50.64
350.48
545
272.96
442.77
622.06
49.14
533.75
397.78
717.96
678.13
577.75
71.01
101.43
132.3
559.27
387.49
243.93
703.54
555.55
536.14
123.37
496.87
699.74
239.18
207.86
129.41
129.58
569.9
331.77
516.13
458.55
708.69
487.88
493.02
695.71
9.63
55.84
631.46
511.71
160.42
715.5
417.66
716.14
342.6
41.58
33
361.68
294
285.83
717.81
9.57
494.21
215.88
612.34
161.96
215.26
568.86
590.62
614.93
154
530.47
726.1
261.97
319.84
264.95
289.2
174.19
11.47
763
453.61
289.72
22.02
778
301.64
252.34
676.79
96.4
413.99
459.01
588.11
427.04
46.58
602.04
527.24
406.36
751.24
39.45
720.46
636.52
434.42
681.52
392.08
393.99
139.21
789.62
666.72
265.89
97.16
643.24
369.64
530.94
94.1
6.31
527.75
483.29
623.75
473.51
583.06
418.85
174.75
784.66
583.49
376.58
432.03
788.25
769.76
467.25
204.9
411.4
407.39
367
176.57
623.64
440.68
608.94
315.97
625.13
443.31
712.05
422.5
641.29
277.3
343.35
616.08
264.19
485.99
543.66
304.03
135.18
433.87
474.75
54.61
334.26
276.72
63.26
453.44
452.13
608.08
119.63
153.73
30.13
92.18
58.78
576.43
588.12
574.45
470.41
106.19
413.89
322.4
731.6
448.69
339.24
331.97
15.86
386.91
303.67
190.75
666.98
25.95
684.63
573.98
3.82
735.31
285.14
99.47
513.92
654.79
727.65
456.84
627.06
583.08
687.53
663.64
234.69
680.32
316.35
37.9
206.95
693.54
75.77
673.23
523.3
703.98
61.92
96.43
317.55
435.76
699.54
744.94
503.5
45.82
77.53
439.48
381.03
542.2
397.29
518.84
294.61
535
32.31
107.59
160.52
68.42
235.13
20.3
48.01
212.15
312.52
462.9
671.36
224.13
658.5
77.93
42.59
277.96
686.15
647.05
361.97
80.38
680.96
598.59
428.65
469.76
476.88
663.34
168.47
395.48
661.41
118.88
300.36
665.7
369.87
600.46
222.87
436.85
275.67
89.82
20.59
633.75
746.11
265.02
467.53
298.69
662.2
674.99
7.65
124.01
727.57
377.03
672.11
592.02
634.11
745.41
63.56
341.12
626.36
659.92
67.03
339.53
452.79
189.78
502.24
9.19
109.89
653.93
154.62
356.99
648.22
678.75
521.65
189.46
304.47
1.42
742.45
2.97
338.11
517.75
297.6
248.04
543.49
421.82
604.74
657.05
297.61
596.09
53.48
731.02
544.22
578.73
206.3
442.95
378.37
422.4
257.82
191.54
56.83
166.8
75.12
249.6
381.37
514.99
693.4
635.51
516.08
250.64
514.32
368.52
98.18
510.61
207.86
644.93
416.12
370.27
0.88
555.58
560.32
26.24
282.01
3.86
48
11.04
486.23
741.5
510.77
663.06
784.48
602.55
335.71
181.96
510.48
574.14
1.24
357.07
294.39
110.25
20.77
276.58
298.7
485.7
389.64
660.32
585.71
291.71
279.78
285.08
737.83
425.01
667.75
65.03
760.68
186.78
505.19
160.43
135.75
447.26
112.31
302.9
507.73
593.02
381.47
717.67
17.11
125.69
706.62
63.32
575.82
723.64
310.79
431.13
578.48
381.6
157.6
436.62
43.45
222.99
376.73
343.35
99.74
377.12
773.7
342.33
548.25
670.94
276.45
456.77
351.32
168.92
523.34
791.74
266.98
14.37
562.29
353.6
178.02
355.12
162.25
552.88
738.5
210.6
145.2
152.02
689.74
154.69
101.14
548.81
464.07
696.92
558.57
652.31
189.25
175.34
17.24
777.55
197.13
612.51
290.98
543.26
306
517.14
607.47
559.73
263.31
648.86
277.07
649.23
158.09
448.81
638.32
731.37
112.64
273.72
352.92
543.8
170.76
52.8
164.76
656.13
461.63
434.42
411.64
321.77
320.18
423.45
146.12
582.91
704.63
226.99
325.26
164.63
405.28
663.22
109.68
744.13
284.26
65.89
509.08
366.59
702.44
162.88
454.89
753.17
45.11
299.91
579.61
59.22
106.87
645.56
202.88
152.4
147.64
524.82
693.65
670.47
401.51
49.6
692.37
532.51
125.39
4
736.09
134.66
229.45
603.89
75.43
116.87
75.6
330.35
190.88
280.25
319.45
389.22
670.96
200.43
205.53
428.85
255.89
516.38
43.95
632.03
453.89
287.88
399.08
263.12
754.93
703.19
398.39
659.84
375.97
683.7
374.76
343.19
354.04
553.28
20.06
716.64
390.3
584.51
608.85
330.44
76.69
241.9
462.48
449.37
4.02
354.83
616.58
782.71
494.92
746.41
227.56
752.54
578.99
179.99
224.17
3.57
670.99
606.68
746.08
421.49
783.05
270
758.82
765.02
391.91
468.1
714.88
340.52
343.19
42.64
559.55
636.09
772.62
152.4
455.97
670.23
89.14
758.69
395.14
158.94
2.35
647.57
782.08
462.76
187.45
697.14
86.45
117.15
299.82
211.52
269.51
564.68
416.22
697.18
574.37
191.74
0.04
404.62
596.25
769.8
608.48
489.86
538.7
790.72
182.84
550.45
490.55
568.21
418.26
479.02
589.36
379.5
269.71
608.7
387.48
407.44
129.02
79.13
355.28
126.41
546.29
7.51
125.07
2.28
641.59
222.04
248.2
278.67
707.52
741.87
133.32
476.63
110.71
12.21
273.6
278.59
480.72
640.29
652.02
94.38
779.19
48.81
203.24
57.35
743.1
76.65
51.98
789.12
611.73
407.08
610.43
746.06
633.44
203.26
244.36
48.58
428.58
310.87
616.71
451.47
597.94
362.46
111.32
778.45
354.89
136.63
125.97
344.2
225
663.02
259.45
529.71
790.06
88.13
651.64
358.09
246.84
776.96
733.8
132.73
549.93
757.57
672.21
675.5
202.48
577.33
683.81
549.62
676.83
417.11
639.24
270.39
359.56
303.02
12.93
420.71
569.65
725.57
650.7
543.68
203.78
229.15
129.28
504.96
87.63
299.84
775.39
593.6
657.74
324.42
680.38
544.21
636.75
410.64
724.85
556.01
745.81
706.93
718.45
398.88
780.14
19.04
242
317.38
7.11
635.59
381.22
324.04
711.85
172.82
150.17
52.53
55.5
120.29
576.93
715.87
486.87
700.67
609.29
512.75
425.58
491.17
690.65
464.18
162.71
119.49
537.93
22.56
582.55
291.83
718.19
324.24
606.85
196.02
646.34
470.31
517.88
648.89
561.52
403.43
104.88
299.32
621.12
169.91
285.43
544.2
151.14
732.87
130.16
481.52
675.49
565.55
741.59
697.33
253.17
727.36
201.6
617.76
506.42
109.8
608.7
318.49
271.5
232.49
388.87
10.75
429.13
385.95
199.83
244.84
396.68
610.2
498.65
671.74
121.59
410.29
52.89
536
86.7
48.95
665.43
279.24
137.49
354.9
302.41
671.63
109.89
252.43
278.02
195.36
388.77
335.82
336.35
226.27
688.19
309.18
213.58
301.06
711.01
74.62
608.06
186.21
410.52
63.78
668.69
595.67
389.8
588.7
543.66
716.06
762.34
67.9
258.28
610.74
250.7
723.27
127.96
128.75
345.28
157.67
718.64
646.05
16.38
138.52
73.85
520.03
582.86
17.87
188.87
406.28
498.95
751.09
247.15
432.72
552.79
128.07
681.98
106.77
92.65
78.85
662.48
468.15
62.57
590.41
769.48
754.83
95.98
217.19
142.8
251.73
630.4
348.81
153.56
627.11
761.45
449.44
72.86
218.17
749.2
94.42
293.2
264.86
464.91
177.18
691.04
362.51
517.12
602.98
257.65
736.08
216.05
362.6
503.05
307.95
251.58
442
784.44
125.77
144.67
741.15
233.65
260.82
14.09
605.15
409.71
393.54
537.88
258.39
619.46
548.42
657.59
195.8
326.01
375.81
507.23
749.86
319.87
575.64
539.46
8.24
766.59
260.51
289.52
660.92
141.13
77.27
32.26
224.7
241.42
140.55
63.87
37.81
185.32
44.92
647.08
729.81
299.39
51.27
287.76
311.22
741.81
746.47
109.47
567.82
347.84
217.01
82.86
115.18
146.1
384.73
113.19
299.36
297.64
756.08
331.94
492.55
674.43
275
447.69
781.16
685.4
86.87
244.96
295
232.78
47.47
294.57
216.21
47.15
353.87
87.34
109.9
799.62
336.13
191.39
579.88
779.99
487.71
581.36
671.46
325.6
307.96
702.8
177.77
119
720.6
234.55
574.45
21.09
126.57
292.18
267.62
235.22
68.04
30.88
357.83
733.15
547.43
748.26
662.16
538.86
125.26
343.31
473.3
782.05
498.63
534.61
704.39
268.45
442.36
759.01
473.14
381.25
350.75
360.29
141.36
495.44
612.55
83.43
170.17
420.08
550.32
159.5
571.67
664.61
31.88
723.66
42.08
415.29
11.85
286.3
228.49
349.66
151.85
289.38
652.3
616.38
371.74
20.58
44.17
778.54
517.96
175.61
222.01
376.03
206.81
446.47
636.79
166.93
541.82
338.5
293.33
218.33
670.16
313.55
517.72
384.45
596.04
735.25
183.76
201.44
549.72
115.37
116.5
539.1
353.65
209.67
789.73
785.08
87.12
143.75
249.89
231.9
726.41
504.84
306.1
486.43
22.81
243.1
300.95
772.97
399.19
493.79
108.85
628.27
472.09
22.84
54.56
223.27
680.62
132.4
672.3
541.05
777.3
400.36
13.67
584.35
742.54
666.98
502.12
504.96
354.24
683.97
84.28
83.03
90.04
32.47
599.93
181.95
689.66
149.65
358.51
79.49
484.42
608.85
386.62
663.94
424.51
752.63
332.72
424.33
39.16
492.25
739.29
735.68
472.97
698.84
710.54
412.09
93.53
584.55
726.87
298.96
64.4
677.72
479.39
7.47
123.77
319.27
785.9
554.6
245.95
440.83
4.93
595.45
671.98
516.03
7.53
676.15
478.86
192.99
53.34
103.4
322.23
761.33
409.7
122.46
413.54
371.99
60.74
100.04
354.94
651.72
227.43
389.23
627.46
129.7
302.81
475.33
118.14
781.72
106.6
78.18
584.41
557.74
626.62
513.29
497.88
248.52
396.86
20.44
267.86
139.61
528.16
275.83
427.64
782.01
535.63
593.91
238.29
88.73
248.3
303.35
251.19
443.69
489.04
797.31
680.98
640.62
45.93
599.97
410.34
446.73
514.25
626.75
105.19
540.94
579.25
626.25
247.79
421.59
50.47
414.81
788.07
504.58
790.76
103.33
67.91
614.6
150.44
700.79
279.2
250.11
62.19
534.71
458.57
408.85
626.35
758.26
236.97
564.25
666.22
78.9
465.9
113.34
511.69
797.39
303.29
335.37
346.47
374.22
625.98
513.99
666.58
770.47
572.13
240.09
692.82
576.74
247.41
683.09
557.89
56.65
516.76
191.42
557.93
254.07
493.95
57.28
483.38
59.56
497.24
599.66
784.29
317.99
475.28
621.09
508
429.93
767.45
636.93
477.3
231.66
91.57
220.69
689.29
3.15
351
245.3
112.72
698.4
184.67
797.13
365.99
392.29
336.46
707.96
656.3
2.39
463.2
446.24
726.22
430.49
417.67
216.21
170.18
712.17
94.71
585.39
347.66
220.71
548.04
640.8
709.63
748.3
737.2
622.09
18.17
579.49
2.44
45.3
247.56
631.76
504.66
612.72
43.52
125
373.78
793.86
453.73
264.43
212.54
112.85
72.64
752.44
354.19
765.78
701.27
339.69
12.32
213.66
147.24
649.51
541.98
237.2
411.97
766.15
759.91
187.28
483.67
277.84
365.03
709.27
478.15
494.51
619.79
145.97
178.33
466.92
537.9
316.06
483.57
576.33
50.16
6.64
766.7
735.23
516.78
783.03
498.93
754.9
504.9
342.52
699.64
729.55
488.41
153.36
46.3
162.17
540.28
99.18
209.04
581.37
729.51
360.43
510.88
201.8
359.67
669.02
708.4
48.87
720.95
100.06
497.48
777.7
77.66
348.52
29.71
535.34
488.82
351.08
358.25
108.62
383.54
474.68
271.61
315.94
614.67
663.37
724.74
252.93
390.87
663.86
352.67
228.57
152.8
396.29
89.5
796.32
128.96
669.87
534.13
160.63
207.22
103.19
95.55
31.86
784.91
166.96
121.26
208.48
707
72.81
424.72
214.57
73.19
662.23
658.3
339.13
154.15
639.82
634.06
659.03
84.39
429.85
144.78
1.86
344.32
81.8
217.63
620.2
264.26
37.41
441.83
179.26
433.77
241.3
558.7
289.63
265.41
126.69
767.18
237.57
336.57
288.71
567.85
536.6
381.94
759.71
430.21
787.03
794.28
223.95
45.77
473.08
5.71
559.8
427.03
647.33
653.41
309.81
360.51
464.7
710.57
718.5
93.36
32.89
610.79
609.22
543.11
392.41
72.43
207.13
347.16
391.52
349.48
75.98
99.22
255.67
167.49
228.71
102.4
202.65
31.5
353.54
573.8
162.72
565.91
578
68.45
45.08
204.81
120.59
0.46
179.18
75.86
501.74
573.73
729.56
556.64
164.45
463.72
796.12
363.59
399.87
669.69
335.47
194.43
138.55
368.87
316.99
749.72
741.18
708.25
291.72
148.67
535.83
635.94
738.86
411.25
664.47
701
114.8
182.17
12.03
85.58
642.75
651.76
671.57
783.83
762.73
661.98
638.1
230.08
118.77
608.88
787.74
474.38
659.68
467.65
349.97
166.85
265.04
383.54
191.38
181.82
306.85
60.83
169.64
82.17
177.36
631.08
466.51
106.25
639.22
261.22
62.95
462.19
366.96
468.47
576.3
342.87
16.71
37.57
23.42
149.32
756.48
694.66
90.38
711.84
1.78
740.87
710.27
8.9
12.85
106.52
535.35
580.72
485.59
690.17
313.64
43.2
194.77
559.31
358.56
631.75
22.44
689.27
442.49
25.14
769.82
767.7
582.45
630.38
238.27
311.86
719.35
525.58
358.86
370.58
536.29
85.33
745.04
335.56
21.42
771.74
595.76
25.77
57.5
464.37
714.02
697.97
346.45
173.23
515.04
449.16
64.39
555.92
124.81
40.15
764.75
52.07
453.86
135.71
570.45
670.71
565.78
489.73
546.86
114.38
756.76
58.38
223.71
339.85
770.98
391.82
20.15
729.06
79.41
333.04
139.7
3.69
201.17
513.42
449.8
792.79
617.55
386.73
242.44
437.82
570.99
477.23
533.72
716.63
6.4
694.69
416.88
756.66
61.6
388.53
669.38
601.45
220.17
75.65
267.95
707.5
509.72
452.36
614.5
313.53
706.61
779
43.62
361.35
545.77
263.54
64.55
772.39
281.02
354.18
741.43
48.92
645.44
685.69
528.62
774.59
41.92
128.69
194.96
465.05
68.26
771.79
703.25
370.35
316.76
716.73
262.91
362.06
767.22
92.65
780.99
250.01
517.28
102.61
424.61
31.49
407.87
492.39
650.23
387.38
226.73
133.74
415.97
173.33
566.72
689.35
274.54
648.21
50.37
570.1
455.96
436.7
175.97
731.52
780.61
284.36
665.7
489.65
116.26
132.75
78.28
114.64
176.97
90.01
572.39
620.1
479.54
93.25
131.46
620.91
414.32
105.12
680.41
517.68
95.45
756.83
67.75
643.65
471.72
144.14
380.56
103.54
190.95
207.25
144.81
288.51
22.74
390.34
176.08
457.77
170
604.4
698.82
636.57
400.33
190.53
552.24
386.51
679.64
316.78
625.47
129.83
790.41
223.32
562.57
410.32
316.65
645.04
580.16
4.96
209.64
778.09
479.28
363.73
555.55
576.32
679.05
293.43
21.84
364.1
782.81
684.6
648.53
745.58
204.09
42.32
632.34
403.73
676.38
406.98
217.36
504.32
372.16
736.9
214.3
250.76
358.09
689.61
270.38
678.95
37.93
768.38
157.86
78.66
244.77
283.11
230.68
500.18
339.25
329.6
615.08
584.23
152.45
640.42
32.02
685.68
542.65
74.12
191.37
749.05
428.06
770.72
714.02
522.99
620.75
186.15
203.03
50.15
109.16
51.52
202.41
98.5
31
416.41
730.98
48.96
785.38
475.57
497.69
654.6
27.64
713.16
165.68
579.25
172.29
477.3
525.12
409.56
351.52
130.84
707
245.59
15.96
9.65
152.71
781.61
561.61
427.43
159.2
361.22
186.9
270.59
50.56
365.55
602.56
39.22
416.53
789.08
516.41
200.5
61.55
335.35
788.73
633.33
628.91
294.22
513.69
145.77
762.57
607.01
706.14
404.51
176.25
303.84
340.77
499.98
445.72
797.42
781.12
387.8
477.46
437.45
465.72
208.36
546.05
540.1
233.07
350.21
678.66
674.76
271.65
511.51
417.41
192.21
589.16
542.46
630.13
221.76
367.96
594.97
75.21
314.34
69.79
479.73
121.78
669.75
263.96
507.12
628.42
259.81
673.46
511.01
644.97
222.55
89.79
585.89
52.96
662.34
262
661.14
101.16
370.6
666.4
376.39
433.78
208.77
174.32
783.22
778.38
724.51
658.54
496.86
203.69
75.22
600.84
566.17
276.46
640.82
508.59
252.95
20.8
722.52
13.78
238.37
320.91
723.73
234.84
73.42
617.7
561.73
74.04
713.37
790.87
777.93
278.32
85.78
228.99
288.38
321.53
674.39
290.22
539.95
605.61
504.11
85.9
715.33
108.12
397.15
20.36
275.54
408.93
446.76
89.68
280.29
691.01
378.99
140.15
491.11
734.04
561.05
273.17
157.21
20.39
209.28
775.32
779.08
669.47
618.65
54.01
181.92
76.5
546.96
723.33
139.52
454.26
230.1
382.13
462.1
588.3
280.58
622.14
117.16
242.86
714.51
168.8
73.29
685.85
353.39
248.74
150.66
149.91
619.22
460.76
678.72
440.95
350.13
178.59
544.57
357.52
195.5
244.79
666.64
273.01
218.19
529.92
96.68
569.13
210.31
333.86
235.11
323.23
27.87
104.08
370.44
356.15
171.26
20.09
584.84
657.41
30.73
511.38
555.95
278.21
726.76
157.6
572.75
797.94
642.8
543.79
318.25
525.35
51.22
679.15
778.25
415.64
702.68
328.99
0.11
135.78
304.96
527.62
404.64
796.12
643.05
356.39
580
214.26
32.02
157.21
498.05
454.89
401.4
93.74
452.42
395.9
608.18
184.71
478.09
239.39
599.02
737.06
526.58
524.68
671.54
695.75
41.75
329.19
109.84
602.07
694.9
441.82
476.32
469.31
341.91
620.09
438.8
258.29
70.82
105.61
279.9
693.22
640.08
717.78
704.54
699.77
756.15
503.14
509.78
139.88
305.52
493.04
522.74
88.46
717.63
764.15
97.49
441.37
624.48
616.21
350.44
334.78
59.02
574.1
698.48
26.37
194.81
114.17
386.67
600.34
310.73
463.29
679.26
620.97
185.65
296.34
798.54
316.69
659.09
78.05
251.01
262.11
420.34
382
557.3
507.08
694.64
485.07
234.36
564.23
276.92
313.21
600.26
221.94
554.65
533.8
66.79
472.84
744.65
47.02
544.73
398.5
432.93
320.77
495.49
767.93
533.77
79.41
476.13
231.45
127.97
524.24
145.06
123.76
545.58
669.63
302.89
8.99
56.97
101.38
320.85
676.99
195.48
789.27
160.61
604.8
618.3
734.58
685.4
770.07
427.83
679.68
332.58
613.25
663.7
664.32
13.83
732.36
751.25
371.85
599.42
405.32
142.25
487.27
661.12
526.48
431.04
297.58
27.33
171
543.06
567.68
555.47
395.62
19.37
559.06
793.58
244.86
521.06
463.39
508.28
70.56
212.07
77.75
772.48
47.74
107.42
595.78
276.97
615.68
228.95
594.61
728.85
102.85
714.43
714.06
23.08
613.06
142.95
678.18
273.84
768.75
538.66
610.29
264.51
364.23
654.68
275.46
481.26
581.22
118.19
305.21
598.99
783.86
62.41
335.47
316.59
21.49
593.04
171.3
554.6
450.37
78.79
228.71
27.65
697.13
320.6
671.35
377.92
779.12
761.01
63.69
70.41
697.46
277.63
326.45
588.16
276.68
367.46
398.28
133.73
708.41
119.19
575.48
766.5
336.91
546.42
675.79
734.94
316.51
65.93
166.68
441.13
614.3
205.07
627.51
696.41
395.22
416.17
274.96
680.06
725.64
683.84
339.72
76.3
213.72
688.68
123.95
711.32
115.29
64.28
81.49
41.6
790.78
131.68
207.56
169.82
715.31
285.11
176.66
384.44
710.12
690.98
98.11
239.6
318.69
310.63
381.96
18.16
561.83
669.24
119.21
54.2
680.91
59.05
431.63
715.4
709.15
457.85
343.13
354.06
577.65
133.75
480.02
611.54
52.87
239.2
657.32
477.04
371.16
152.7
128.91
114.11
678.25
328.06
681.91
799.11
204.23
682.75
565.67
726.24
257.8
485.4
270.5
578.58
721.66
745.09
629.35
592.18
386.81
27.01
183.48
290.32
786.91
338.51
457.7
539.54
610.51
228.22
19.24
599.83
779.03
789.51
622.24
196.33
342.47
522.56
647.12
506.22
629.22
523.72
601.79
418.76
666.06
635.65
313.6
355.6
452.91
766.98
347.21
133.91
467.2
707.91
728.27
105.8
658.61
211.27
386.3
184.72
552.69
267.82
753.76
351.33
452.98
386.27
246.91
264.03
683.67
403.36
290.06
631.18
402.47
717.2
509.72
236.33
634.28
221.32
422.27
720.67
628.17
360.26
170.52
387.48
164.92
609.34
21.6
628.67
411.82
414.34
494.21
151.93
172.6
635.79
749.4
576.58
546.61
436.65
224.18
313.35
381.4
790.47
695.18
636.88
531.38
130.24
445.89
45.4
656.21
780.71
793.82
428.94
552.16
64.18
595.22
787.72
135.58
763.54
629.32
796.96
632.69
111.5
375.83
513.9
562.51
18.21
742.58
154.07
138.55
530.27
618.32
637.2
160.72
640.71
769.38
135.73
554.62
69.22
143.29
73.92
793.22
185.61
212.95
545.95
431.99
589.09
115.67
149.07
525.31
385.39
101.05
401.39
98.76
763.54
210.15
68.71
44.8
516.34
241.1
455.28
695.05
309.48
429.21
211.55
394.93
294.03
281.52
488.34
15.13
531.98
732.34
781.11
108.04
424.71
479.58
566.32
335.06
129.23
181.84
375.69
776.27
206.86
795.12
166.3
472.24
548.16
395.28
309.29
538.27
347.77
354.54
585.96
106.54
46.48
606.19
36
251.73
19.15
669.32
142.73
739.38
755.05
296.6
365.7
50.74
387.71
551.19
448.64
646.67
678.98
71.01
436.72
38.08
66.43
506.04
380.58
624.93
731.37
58.99
389.48
238.24
556.3
678.42
765.12
415.21
312.67
176.51
604.1
344.74
124.23
8.52
432.47
357.87
405.46
377.6
397.85
476.56
59.87
33.39
718.97
511.18
38.95
470.14
47.7
273.74
729.24
56.06
388.82
586.08
38.83
336.4
119.79
534.51
134.78
484.72
699.13
598.69
555.15
65.85
112.86
415.1
152.28
692.13
752.19
688.74
166.77
230.51
635.41
514.77
602.81
780.35
298.46
743.92
425.96
582.36
550.47
477.54
729.17
382.58
12.78
405.06
421.59
456.64
42.93
179.45
464.24
779.12
685.3
185.15
63.37
191.7
534.85
363.66
484.38
596.36
189.86
213.12
140.54
21.82
498.65
149.13
200.53
794.97
429.19
64.77
290.76
140.26
140.58
399.82
651.06
125
235.33
757.98
404.91
708.56
688.53
174.28
792.04
722.19
768.9
77.95
757.05
472.93
167.87
447.91
385.42
611.54
174.82
135.12
568.33
394.97
17.45
735.54
293.56
577.25
297.47
290.41
82.15
761.39
314.87
204.17
99.32
365.61
658.54
222.08
93.67
515.17
332.01
510.69
299.52
464.07
754.27
766.84
286.09
46.18
550.18
524.91
623.76
417.02
616.88
328.23
345.75
619.69
150.97
188.76
558.56
621.67
588.26
487.53
291.23
324.44
585.23
572.16
452.11
484
380.77
163.21
382.85
565.96
407.67
277.31
98.73
32.07
358.34
303.35
203.98
309.76
754.93
510.38
61.17
721.69
708.54
377.63
3.05
537.34
369.02
140.15
737.14
657.85
294.39
659.12
384.27
571.61
432.98
135.64
633.34
65.99
661.46
694.63
724.38
318.42
527.58
540.53
575.98
495.37
346.89
62.87
475.75
132.77
529.03
601.69
97.32
623.02
586.08
237.82
670.74
692.5
159.08
359.6
608.01
371.22
11.33
201.33
194.36
589.63
624.65
538.51
790.49
384.04
343.4
32.84
383.8
282.99
391.82
93.08
681.96
561.82
171.19
98
160.81
325.8
14.81
146.04
732.02
489.99
14.71
403.94
789.65
569.31
314.23
101.53
241.45
69.37
226.04
728.97
609.44
501.44
39.02
53.71
737.8
639.75
601.08
630.99
709.24
549.9
442.23
238.56
83.03
624.56
248.43
61.41
410.79
747.58 /

COPY
	PERMX PERMY  /
	PERMX PERMZ  /
/
MULTIPLY
	PERMZ 0.01 /
/
