---------------------------------
-- Permability values for SPE9 --
---------------------------------

-- Permeability distribution visualized in figure 5 in Killough's paper
-- Killough says 'The input data included in the distribution to
-- the participants included a geostatistically generated 
-- permeability field'

-- The values below are taken from Killough's dataset, they are
-- not based on the figure in the paper.

-- Explanation to how the data in PERMX is organized:
-- Under each LAYER (i.e. K-value), 
-- there are 25 ROWS (i.e J-values) under which there are
-- 24 entries (i.e. I-values) 

PERMX
223.29
421.13
503.73
663.88
546.91
580.1
147.37
225.53
782.89
156.51
479.68
550.54
263.95
127.18
576.54
666.09
230.26
302.03
583.95
57.05
115.51
331.14
646.21
524.07
783.48
465.56
564.13
474.39
730.72
799.66
479.65
216.13
281.81
38.44
235.33
141.08
388.65
215.67
713.76
721.45
711.98
44.55
256.67
546.37
314.66
363.21
557.08
332.99
50.03
750.2
414.08
173.51
315.11
164.86
486.79
469.72
667.84
255.29
10.34
490.49
799.02
189.03
112.84
431.81
273.33
563.38
726.69
442.16
457.83
626.15
140.73
150.73
68.15
726.54
560.51
682.49
314.49
212.69
41.7
465.22
22.01
302.59
663.17
245.54
360.79
606.99
798.09
551.32
738.47
37.35
717.23
745.5
142.92
612.83
455.23
185.75
188.33
692.78
724.22
284.96
273.34
789.57
358.89
453.42
474.47
91.58
496.08
603.22
61.46
571.47
212.17
154.62
498.93
63.41
663.73
686.26
281.24
39.09
306.55
432.09
18.61
126.91
539.61
222.11
224.15
493.88
508.13
10.05
652.96
417.27
371.56
281.44
402.69
433.68
458.11
110.7
206.57
111.34
508.47
99.48
728.86
347.69
75.44
776.38
327.93
139.01
503.43
717.33
767.64
688.25
468.09
591.5
17.13
682.76
349.78
64.39
544.62
523.28
662.36
576.68
253.15
103.43
287.38
114.84
752.88
791.81
59.23
432.14
777.7
704.42
206.99
311.83
674.33
762.15
528.5
450.24
545.4
270.28
538.32
798.43
305.85
273.61
797.63
125.1
375.64
93.19
427.98
406.85
346.51
753.77
756.32
16.98
368.11
699.04
277.67
52.26
451.84
181.67
227.67
250.23
337.77
336.3
301.02
70.73
29.25
556.35
740.99
247.67
555.98
52.85
8.78
332.88
513.71
560.28
304.63
678.25
278.73
559.85
506.79
754.09
588.98
534.55
570.63
441.03
313.42
663.24
310.59
663.51
110.14
478.91
467.76
430.38
186.36
371.54
713.99
516.86
687.7
364.54
223.49
351.06
384.14
379.46
194.02
284.23
268.1
439.53
678.69
692.37
150.11
660.73
126.4
468.94
404.35
470.54
548.53
276.61
792.45
154.02
71.25
493.68
242.03
250.36
517.53
252.11
782.8
135.62
575.25
537.58
349.18
420.65
67.3
361.21
440.27
437.24
273.08
165.1
433.33
157.81
54.06
610.23
368.89
732.22
608.54
478.36
617.05
285.65
778.34
554.73
791.31
380.13
338.71
776.16
699.39
552.94
21.39
769.69
546.4
415.07
138.32
484.57
20.24
747.46
421.12
312.89
393.92
627.28
12.14
701.7
472.94
310.07
250.05
641.93
32.51
486.61
60.06
211.17
402.95
646.06
672.82
647.4
402.62
341.16
177.73
5.25
693.1
367.19
16.13
492.33
529.08
358.52
264.09
723.92
340.59
475.5
218.07
101.88
347.69
311.05
330.73
226.52
551.37
461.01
204.56
387.54
231
477.86
68.51
176.44
403.99
72.65
394.45
213.97
631.15
118.96
754.79
160.73
381.46
203.26
0.29
588.27
19.95
536.38
726.27
440.68
129.55
779.18
673.26
143.12
396.31
658.13
658.96
770.51
42.55
780.08
77.18
186.61
560.34
340.4
256.56
124.96
400.2
572.47
327.06
15.6
220.94
455.61
431.24
276.05
282.4
492.13
591.89
371.82
94.88
250.75
523.59
269.34
59.5
672.43
623.41
87.07
484.95
274.88
384.37
192.87
542.99
447.14
579.56
714.72
639.49
478.88
421.57
797.52
512.18
497.56
597.94
594.65
319.16
541.53
295.96
377.89
41.99
333.19
547.1
743.58
517.42
728.23
438.26
541.8
220.95
641.7
358.09
770.3
71.38
680.57
241.99
544.86
155.54
511.61
723.17
269.56
706.19
73.15
415.9
200.56
250.14
181.86
180.78
92.84
705.54
187.44
630.54
370.48
339.66
440.11
449.41
524.3
749.76
594.14
438.22
631.05
199.14
716.49
375.95
242.79
554.86
402.41
577.26
676.9
463.79
428.91
572.82
204.74
186.56
620.96
477.05
666.88
240.94
87.17
792.87
440.13
150.06
212.11
751.8
328.03
595.7
11.23
232.6
363.38
782.77
641.76
473.37
456.83
765.72
188.27
615.79
127.8
417.67
167.12
136.16
176.09
602.13
310.04
151.19
764.8
765.96
211.14
515.54
126.35
577.35
163.37
494.03
610.38
508.3
394.07
296.83
733.83
795.01
395.58
401.63
330.94
660.78
667.27
606.54
190.21
597.13
519.89
510.79
370.67
610.63
333.16
283.7
275.94
44.52
244.23
725.04
448.3
788.08
218.07
351
759.64
387.79
224.99
779.94
327.06
634.2
14.59
9.31
444.66
160.08
372.48
789.87
525.19
28.74
646.89
542.34
221.96
484.33
400.2
264.27
741.62
379.17
162.35
124.27
727.58
286.66
556.34
492.82
104.18
667.53
349.38
378.22
523.71
602.18
358.74
761.89
53.97
274
453.02
174.05
386.48
285.31
349.18
714.4
772.47
420.64
460.65
419.96
331.3
436.4
325.23
202.56
214.92
594.03
158.8
49.1
791.04
54.22
640.68
732.5
39.35
227.34
598.36
41.74
708.64
357.19
155.06
360.95
676.42
793.58
238.99
93.02
587.78
17.68
235.53
468.29
416.07
117.41
372.79
521.24
361.42
469.85
554.61
251.1
49.74
433.8
721.76
244.4
53.59
743.62
796.1
403.76
38.66
221.11
400.93
548.07
516.07
372.95
720.26
704.87
567.06
662.22
521.53
473.17
294.99
333.42
414.51
437.49
662.58
322.18
332.55
467.01
433.8
528.59
240.77
461.46
647.81
561.72
696.79
315.91
529.47
532.25
418.16
658.51
443.28
357.51
738.13
587.34
561.85
730.42
756.26
712.9
479.49
144.83
37.86
533.19
101.48
324.23
323.32
402.95
305
505.87
612.19
42.4
184.4
503.01
744.26
105.44
513.33
481.63
746.66
482.34
740.85
252.39
272.64
585.34
46.27
60.27
302.38
547.73
335.5
751.98
302.1
322.17
166.5
476.34
440.66
782.66
510.22
733.48
432.93
192.24
753.05
430.87
668.99
139.65
240.43
181.02
695.38
182.65
619.04
110.46
162.32
108.31
612.97
114.95
99.88
722.24
21.03
514.48
412.33
523.95
139.67
567.88
781.21
364.12
625.49
135.3
484.53
594.33
548.9
213.63
728.79
200.45
119.85
659.73
627.28
389.99
449.97
517.94
697.34
785.08
708.39
52.84
245.54
524.87
328.35
680.61
277.05
514.66
303.7
770.09
643.49
87.15
689.26
269.9
19.01
9.53
601.55
81.06
57.59
439.89
374.02
307.3
187.72
167.39
703.79
705.34
16.99
742.2
636.36
781.55
16.69
713.63
40.7
182
453
666.1
187.78
534.58
186.06
192.18
578.51
567.33
10.21
691.48
369.04
689.3
220.19
311.34
487.59
773.76
56.56
490.92
520.06
128.27
628.06
798.01
502.01
384.29
782.32
89.48
193.24
498.61
276.13
445.2
459.77
588.57
222.23
735.28
302.64
109.52
681.89
609.27
525.1
355.27
626.55
513.26
538.43
669.29
522.27
675.06
313.92
587.61
87.95
166.76
564.65
290.77
276.02
54.89
464.24
347.27
735.82
404.21
548.52
0.47
768.13
532.17
691.13
578.92
612.34
317.24
574.15
586.08
655.19
672.81
394.4
279.47
464.69
214.24
773.52
649.02
11.85
334.48
746.39
751.15
786.86
325.38
670.88
586.97
403.39
139.05
656.14
61.13
542
319.51
717.44
36.25
559.79
687.7
247.72
212.54
79.94
102.45
789.56
344.46
70.54
600.6
108.37
524.86
72.92
443.01
696.74
520.22
284.26
369.27
338.38
37.68
582.09
295.17
679.17
380.92
583.4
181.77
495.19
575.45
493.58
436.35
760.66
526.38
66.79
404.39
543.83
511.88
50.67
686.94
8.39
164.21
372.84
647.55
615.05
74.87
752.64
353.86
325.35
92.57
436.33
428.91
254.76
557.41
16.28
607.39
537.49
379.39
259.35
378.23
424.02
251.07
456.17
581.81
660.97
26.34
215.8
539.07
407.46
649.29
536.22
632.19
472.93
110.91
391.26
145.88
75.81
101.73
293.11
737.09
527.19
50.85
41.12
392.73
179.65
149.69
776.71
716.13
288.35
124.86
209.84
482.95
22.8
752.79
210.52
433.17
314.23
2.12
458.48
161.29
748.34
681.15
768.06
766.65
614.5
612.25
225.62
156.17
444.87
36.51
26.06
685.75
576.82
761.32
437.74
358.96
590.63
537.16
117.27
301.29
538.97
386.82
46.52
318.74
109.83
772.44
409.81
616.51
394.86
563.77
108.22
178.83
684.82
548.85
158.29
398.65
472.3
355.67
545.89
181.51
450.98
744.76
453.47
683.09
59
771.2
88.79
703.41
610.24
732.84
630
791.63
483.18
753.2
28.42
543.31
563.29
62.75
316.28
304.26
277.65
548.19
557.07
432.1
245.53
755.51
609.67
328.77
584.82
398.27
335.61
458.69
345.52
461.06
557.61
451.14
9.37
107.57
269.77
537.16
54.67
460.77
448.02
514.77
590.23
87.77
249.35
740.41
654.92
770.81
419.64
127.08
469.84
205.34
188.93
636.87
152.87
167.3
617.18
759.24
784.96
125.52
481.06
277.73
184.76
145.27
678.54
158.93
556.01
302.98
517.13
204.11
48.19
128.59
55.74
438.41
560.53
118.1
230.16
140.9
525.45
422.05
78.47
341.58
762.81
117.41
36.51
496.2
207.15
447.15
450.94
584.72
402.83
113.58
156.77
314.75
121.12
573.51
54.35
649.76
733.15
385.05
317.08
477.22
404.71
475.2
406.88
192.33
678.05
793.66
459.51
291.55
51.37
401.45
160.42
326.58
656.78
3.2
140.7
689.65
632.92
697.92
389.25
53.02
690.54
492.56
507.61
645.28
714.41
368.46
382.88
404.59
578.83
346.06
747.58
327.98
35.64
111.25
668.87
281.93
261.06
460.55
165.08
194.33
113.25
50.47
686.29
394.03
77.42
662.68
766.43
181.9
307.23
654
112.19
3.73
235.32
425.17
519.4
559.07
310.71
774.38
8.18
578.06
604.07
13.69
582.75
320.52
784.25
455.74
312.13
431.09
367.17
366.19
617.83
734.89
425.6
785.58
548.02
586.2
140.53
598.07
67.32
420.32
686.11
186.29
369.33
12.43
641.42
130.82
610.98
294.14
266.43
202.72
631.83
688.7
443.38
152.78
656.23
122.62
120.71
623.07
124.31
461.2
21.04
777.75
72.17
256.67
671.21
429.38
245.26
129.47
701.98
512.69
30.36
41.27
139.5
500.27
497.27
227.12
764.89
415.97
224.1
22.6
177.33
6.89
766.43
153.72
759.78
789.07
666.16
85.58
221.07
194.92
348.63
116.24
379.12
118.8
661.66
735.77
67.54
114.34
108.3
92.2
361.3
22.69
27.44
648.42
172.16
504.35
551.23
2.62
274.23
33.33
228.92
506.59
770.59
761.99
234.88
693.19
107.38
350.87
513.32
180.14
415.05
743.53
145.28
83.11
61.05
36.35
382.96
237.52
7.78
684.6
455.48
557.43
498.7
429.54
482.51
184.83
306.18
223.56
223.73
195.89
548.92
398.13
34.73
707.02
755.77
14.93
724.21
580.78
436.97
268.46
7.34
531.02
28.69
11.78
12.41
488.5
158.04
615.62
755.38
124.93
438
194.42
131.74
42.31
132.9
776.1
622.42
96.27
378.58
628.76
10.15
769.57
619.13
370.38
468.89
547.32
465.35
40.53
495.92
394.82
260.18
638.64
650.56
426.13
64.78
663.93
283.39
348.8
729.01
751.15
65.21
336.66
570.13
174.18
478.08
713.02
646.22
214.41
666.5
613.07
589.48
772.84
80.62
71.63
621.24
182.92
575.21
435.28
628.16
697.17
442
25.4
746.03
678.92
722.53
517.82
799.57
654.33
626.27
434.64
290.73
415.55
122.79
146.03
742.98
358.3
692.1
92.24
509.03
708.12
141.13
367.78
705.42
216.13
669.25
526.07
613.64
659.69
785.58
184.47
793.89
608.59
748.88
38.89
741.01
13.03
21.76
569.56
210.96
631.53
692.82
511.82
145.48
265.74
740.43
785.7
194.22
314.84
461.23
612.27
75.8
652.34
275.6
175.92
472.96
140.97
188.12
742.38
597.3
306.33
474.21
34.07
130.53
473.03
780.43
50.6
786.49
480.08
200.06
648.94
75.68
707.21
7.57
357.05
513.72
644.94
143.94
212.02
176.89
298.12
15.99
342.92
547.92
261.16
433.69
120.74
561.28
791.98
300.76
710.08
770.27
241.29
386.21
435.85
250.64
155.09
189.17
80.44
118.42
108.19
772.34
59.17
41.39
304.67
780.83
357.46
749.58
526.31
315.41
754.69
236.38
681.74
636.41
42.83
437.75
540.89
158.04
226.77
265.45
394.59
375.22
631.65
750.57
98.75
183.25
687.1
665.42
695.75
37.94
360.46
147.98
770.91
535.32
369.82
176.05
159.55
162.93
223.38
0.71
120.14
407.71
364
122.3
199.89
565.5
458.83
119.96
673.09
408.05
718.4
609.74
175.32
247.68
262.78
372.36
434.74
95.08
772.87
754.24
129.14
667.17
54.66
370.21
535.96
533.23
190.53
362.74
616.39
27.31
597.94
194.79
216.85
35.81
563.38
634.37
565.46
268.38
77.55
431.12
270.06
399.4
433.11
40.5
727.59
744.2
347.45
670.52
515.41
58.54
617.94
270.92
305.35
338.01
552.79
165.83
108.78
543.76
409.82
576.81
559.66
176.41
770.57
80.34
526.24
316.03
215.78
584.86
410.92
730.65
638.37
510.12
538.48
488.67
406.14
392.57
44.99
719.44
159.57
492.26
72.92
793.99
529.74
213.67
107.5
498.9
491.3
35.77
295.2
398.75
97.65
613.33
553.01
361.24
423.65
316.43
356.4
308.43
330.34
119.05
284.3
570.74
185.3
138.95
585.53
369.6
10.17
260.76
211.64
123.69
759.55
739.37
397.91
453.24
252.44
656.98
752.92
138.25
381.73
138
643.81
469.92
462.33
454.2
121.24
591.21
468.19
94.55
560.92
118.66
498.24
147.12
641.34
751.99
47.17
529.21
587.72
777.03
747.79
484.3
189.36
578.34
546.5
135.41
760.68
162.87
118.43
161.85
326.23
401.81
301.84
272.51
735.99
537.22
5.48
316.32
256.27
354.77
322.3
613.35
45.17
269.17
402
170.84
156.18
165.61
222.9
10.55
280.52
417.17
155.07
129.04
756.37
762.86
101.93
409.19
114.48
102.04
408.02
8.04
726.22
466.08
715.59
567.57
402.2
122.21
371.87
641.99
682.75
679.15
661.99
422.32
581.03
177.52
490.44
46.02
344.91
385.27
147.37
419.1
280.97
601.45
568.65
787.83
140.91
524.69
746.8
494.4
641.99
105.97
441.73
597.37
45.39
685.89
34.63
511.02
409.5
695.54
772.82
9.01
134.61
637.93
37.22
714.94
512.34
790.8
756.66
84.8
622.28
194.74
628.62
204.96
250.06
649
649.54
243.71
778.6
281.3
716.47
696.25
278.46
148.59
184.36
738.55
467.59
19.29
688.16
295.01
400.73
250.72
761.74
47.79
174.29
206.25
787.96
233.72
786.56
593.7
784.51
380.81
406.12
416.59
613.15
214.37
293.6
109.26
212.01
201.2
316.31
45.21
668.54
324.49
770.15
401.12
275.2
95.64
787.95
150.34
764.55
301.18
718.15
792.06
448.31
42.6
378.56
771.12
289.14
293.89
114.78
166.13
790.73
314.53
685.98
647.6
286.8
282.55
6.92
688.41
221.6
704.85
282.16
105.7
473.18
107.87
705.13
222.68
154.8
558.57
522.46
558.36
235.99
83.77
356.36
780.93
316.76
89.17
666.69
6.87
370.86
13.87
706.62
384.6
380.88
82.75
74.47
542.45
481.51
375.14
356.4
684.45
324.81
294.74
646.01
6.33
755
197.87
539.98
394.31
239.65
349.15
779.63
608.46
438.77
731.53
730.28
27.31
383.03
56.22
584.48
403.65
171.64
276.15
346.93
514.15
421.3
256.43
672.86
209.75
348.64
526.91
150.86
136.06
445.45
550.57
148.89
290.72
737.74
417.72
401.57
415.79
435.97
535.72
493.55
608.3
527.43
406.33
118.45
456.56
555.08
240.02
798.46
563.45
611.69
664.33
701.35
606.57
318.95
95.14
757.39
417.81
265.76
347.13
50.56
403.27
457.17
524.74
385.06
250.22
368.09
499.96
579.39
453.99
291.63
765.33
53.75
791.19
686.83
672.84
318.99
460.28
269.85
40.9
366.78
425.47
397.03
429.56
380.64
298.79
467.85
394.96
150.66
333.64
582.01
275.37
258.04
445.19
368.44
793.77
496.56
96.46
253.11
673.36
367.46
334.86
507.6
423
658.75
41.72
173.39
102.1
707.26
725.84
414.59
269.28
65.26
567.31
315.97
1.22
730.02
187.64
19.91
107.75
552.24
6.32
86.25
369.42
523.7
335.38
414.43
666.23
269.76
511.75
110.14
82.38
288.95
582.79
792.3
707.43
739.69
702.95
556.11
316.49
11.56
15.29
795.9
761.7
1.08
392.73
449.07
478.99
201.27
530.4
142.24
288.59
543.69
610.25
302.27
239.93
388.33
188.6
663.04
487.26
169.7
94.82
549.97
139.1
765.83
366.69
308.26
405.78
491.88
229.45
552.37
773.28
410.05
626.63
545.02
506.38
364.45
665.2
395.9
299
195.67
123.65
632.64
414.37
569.3
79.73
780.92
299.8
642.47
537.89
246.82
215
239.78
314.46
215.12
341.52
336.66
580.24
690.24
409.65
599.66
124.46
406.83
91.62
796.39
613.01
49.72
302.86
37.89
505.48
194.89
253.5
181.44
122.85
85.61
259.26
705.97
341.78
653.72
747.29
647.27
469.36
647.52
686.1
426.23
500.5
796.36
646.28
482.73
649.78
324.76
768.84
403.21
23.13
732.9
236.84
146.62
375.11
404.51
179.94
526.37
686.32
27.46
154.35
389.2
172.27
414.45
645.03
716.81
288.2
4.52
221.15
331.6
564.83
764.76
7.73
398.42
431.42
211.37
391.76
244.17
239.51
371.52
633.1
281.48
214.47
617.01
764.94
648.45
490.61
221.09
644.44
78.14
129.6
567.32
533.63
516.5
293.88
759.97
233.77
165.89
614.7
423.99
110.84
403.08
435.55
172.16
749.35
521.18
453.84
304.16
441.11
392.34
261.65
695.6
294.38
785.61
756.31
664.44
519.28
305.62
144.24
305.59
589.21
626.98
406.87
222.68
401.11
349.67
150.19
526.76
390.79
743.9
319.2
284.16
157.97
527.45
684.51
780.97
418.72
547.66
394.65
796.26
688.6
76.45
725.12
610.47
781.21
108.4
573.86
34.17
93.12
746.37
493.59
324.51
172.78
62.34
273.39
95.63
629.68
163.34
753.98
100.51
441.19
729.21
424.67
581.39
51.5
722.58
482.49
218.71
273.73
92.67
300.67
669.52
434.64
144.11
322.71
362.96
149.87
68.75
544.4
582.21
234.2
193.71
794.14
229.6
513.6
380.81
556.24
338.05
467.1
753.87
344.97
636.78
618.55
449.39
265.54
338.78
189.34
606.08
290.47
660.53
279.63
109.07
364.25
480.51
44.83
771.89
410.1
756.68
116.38
432.44
241.82
573.64
395.99
496.77
252.78
69.06
427.43
799.4
102.64
54.06
531.42
742.67
645.84
577.16
436.78
196.58
19.67
769.68
730.19
650.62
216.72
369.67
371.2
37.73
757.02
767.3
52.43
421.43
760.55
98.62
452.41
570.4
435.33
700.25
393.81
273.99
564.49
408.36
693.93
727.59
641.53
95.17
555.22
33.45
550.54
792.46
505.62
76.8
387
356.52
156.06
307.03
565.5
719.53
390.98
394.9
41.61
136.83
520.23
654.55
509.91
116.65
746.74
140.43
367.2
776.69
419.89
455.96
496.54
626.34
139.97
467.37
388.94
707.17
66.31
624.21
102.73
299.08
656.33
171.66
192.61
778.13
720.13
405.16
113.94
609.34
422.68
527.07
117.57
178.77
200.02
676.61
253.72
249.35
665.07
10.72
83.94
48.89
521.01
706.25
422.73
257.6
331.66
94.3
527
230.63
475.56
529.51
446.68
636.04
314.53
709.81
118.72
225.96
251.78
349.86
624.49
291.62
790.23
338.58
121.29
554.16
587.42
337.85
661.41
726.95
682.28
72.83
674.52
618.49
284.46
492.37
326.37
225.49
771.77
517.62
320.74
282.22
455.46
522.46
700.44
405.34
169.95
629.08
591.72
282.19
596.48
96.86
24.15
759.67
595.38
648.44
210.42
410.53
754.93
385.17
426.39
534.53
386.71
188.26
438.74
672.38
458.23
176.5
305.55
682.8
418.67
752.42
333.33
383.18
475.66
516.59
174.31
231.96
169.01
510.51
349.29
699.38
353.57
643.88
173.66
84.65
462.54
573.52
793.9
63.72
144.13
169.76
386.89
135.46
438.72
534.69
501.77
730.02
667.91
666.33
260.33
417.75
225.25
509.44
742.05
643.9
58.58
714.2
557.84
209.15
291.04
694.31
22.57
228.02
165
297.32
738.15
754.81
620.57
66.62
544.41
432.69
326.45
60.65
252.46
468.93
35.45
119.4
623.67
731.6
584.17
457.36
404.29
161.45
474.84
478.78
546.94
194.85
341.05
495.94
296.23
237.56
369.14
364.74
400.31
284.36
346.88
122.78
773.65
580.39
374.64
252.33
419.33
771.82
437.14
453.07
792.49
794.04
208.97
430.46
710.51
505.7
783.54
193.2
507.73
754.78
701.2
229.46
358.95
150.8
702.81
70.68
229.21
590.02
646.5
136.07
648.31
493.58
325.65
620.13
772.75
461.25
15.35
688.95
250.31
412.32
129.45
47.98
259.37
783.29
231.09
370.32
21.97
561.56
222.89
473.43
179.4
74.78
666.79
704.3
369.86
235
384.25
696.01
361.86
98.27
436.3
747.19
764
356.42
91.9
631.21
641.36
576.46
450.82
585.46
349.08
447.18
418.87
638.64
656.51
777.54
96.59
709.51
602.06
755.12
228.07
485.24
218.72
393.28
435.73
268.85
523.57
448.19
311.8
657.43
745.93
191.07
433.2
545.98
553.49
175.24
15.72
250.02
608.05
617.77
144.82
224.69
640.18
156.24
709.43
583.55
555.99
622.25
699.17
242.23
359.45
724.14
742.02
560.77
251.56
689.9
68.41
43.13
282.33
245.02
10.99
554.15
790.62
87.51
151.14
73.95
317.67
622.37
367.76
361.13
16.99
752.39
483.22
251.26
425.83
8.53
492.14
795.68
107.36
508.96
185.25
175.04
481.3
526.86
612.58
32.13
471.77
317.21
210.96
74.12
333.46
735.45
420.76
461.83
390.39
220.48
212.76
65.1
192.88
397.1
589.12
734.34
599.29
498.52
185.83
620.65
546.99
258.07
484.7
46.88
694.37
73.04
160.82
593.46
610.66
603
180.75
309.84
2.91
287
39.91
694.39
449.19
659.02
279.89
692.85
302.84
794.37
234.99
26.71
791.41
798.55
483.43
579.59
57.52
581.05
180.42
455.93
613.41
354.92
21.82
575.89
429.98
537.61
140.71
375.75
269.77
392.69
120.49
772.47
72.22
441.88
140.97
545.66
739.06
434.64
37.12
595.5
629.55
401.62
725.86
250.09
166.39
556.57
339.8
130.65
324.39
664.95
292.68
608.7
313.46
275.05
45.12
633.43
519.87
728.8
422.83
151.86
654.32
298.53
624.38
573.17
32.41
699.3
651.35
629.36
68.37
80.46
592.94
632.49
721.04
181.74
554.08
127.08
376.49
486.29
693.51
747.81
799.92
548.77
422.9
784.45
439.08
792.09
344.75
19.23
184.87
434.71
364.32
216.35
492.8
741.97
353.87
195.92
404.79
216.04
473.42
167.59
627.85
729.99
704.25
739.19
446.36
239.56
759.08
277.73
439.81
290.55
76.49
799.77
231.85
659.69
479.83
645.99
320.54
247.19
425.33
608.23
391.42
102.39
204.45
500.96
421.73
192.27
780.37
354.23
649.11
92.37
247.38
739.13
288.37
261.24
531.86
51.8
526.16
620.73
369.68
185.8
489.12
251.86
465.22
728.53
697.94
607.9
164.22
248.09
620.99
416.62
633.86
703.23
16.7
723.56
738.61
618.59
126.37
516.95
339.41
122.46
540.38
85.48
457.25
614.22
1.16
157.23
98.1
288.4
482
178.44
658.33
451.93
190.15
567.42
444.67
633.11
362.15
68.72
694.38
563.27
781.63
545.75
310.85
405.28
116.41
267.6
571.68
760.97
564.88
323.83
610.33
334.78
473.52
171.72
580.36
320.25
195.66
149.14
201.04
20.24
123.04
275.83
147.75
715.91
652.12
273.54
139.07
360.94
46.42
321.63
646.59
322.13
772.58
647.96
358.65
148.32
507.01
333.05
41.19
22.72
523.52
788.45
176.56
76.27
623.88
301.38
793.75
545.5
108.82
202.49
684.08
174.62
681.75
659.87
244.43
526.77
338.94
29.13
208.34
143.37
626.1
90.17
509.16
255.53
507.58
544.83
351.63
137.43
385.83
496.37
505.48
629.14
158.71
713.95
166.19
668.03
257.22
382.45
476.93
693.41
652.03
472.36
601.12
423.2
638.27
351.19
189.37
376.54
27.22
285.41
205.98
625.56
557.46
163.54
212.81
537.89
210.12
113.81
704.05
609.9
737.19
798.29
480.76
391.23
785.92
381.39
412.1
772.07
497.06
51.53
579.95
785.12
634.49
459.77
127.9
93.42
699.69
65.51
61.5
88.71
654.49
183.5
100.07
593.99
499.94
518.87
374.81
506.8
103.81
570.88
110.76
492.73
299.57
306.56
443.67
12.41
696.72
339.28
315.62
67.37
308.5
519.7
339.26
59.15
260.03
142.46
175.79
678.27
538.04
535.72
152.5
40.02
598.77
21.97
479.16
96.78
609.57
48.66
583.95
446.14
78.73
34.77
201
185.14
469.27
89.44
116.56
104.56
622.6
793.35
777.32
693.09
388.95
233.93
129.04
186.01
166.15
228.31
374.71
791.3
17.97
671.21
175.49
722.49
511.75
336.52
685.84
577.15
355.89
380.59
273.91
291.2
213.31
34.98
378.03
753.22
176.9
241.22
494.3
797.17
779.93
210.3
99.66
115.51
225.36
18.77
232.05
252.18
511.74
288.03
14.34
757.42
641.48
190.08
0.79
172.87
333.73
790.9
775.24
517.2
53.4
487.18
626.04
109.47
483.07
148.61
191.76
645.37
29.55
48.48
700.63
60.69
225.75
244.43
358
36.12
190.91
431.23
496.66
582.86
354.3
256.75
765.47
668.54
463.47
540.22
762.64
475.4
523.07
520.75
384.12
76.86
487.06
634.75
270.45
39.04
51.35
468.25
352.06
708.21
198.9
301.32
499.02
134.3
709.76
526.72
378.97
494.17
418.61
348.47
531.39
705.98
536.16
104.49
412.6
7.37
141.45
247.81
9.1
649.27
9.36
604.78
118.75
392.92
499.04
68.05
313.05
294.61
325.34
764.51
369.8
787.22
667.44
394.95
195.4
42.89
733.73
278.47
736.2
146.72
587.44
197.56
577.07
348.64
374.05
170.55
769.81
5.09
148.89
796.93
262
541.73
746.67
219.48
427.23
265.09
430.95
645.48
767.69
791.74
372.13
333.81
87.99
738.65
53.58
233.46
584.22
17.02
710.59
645.05
59.38
39.6
741.76
706.41
214.27
535.6
650.42
487.77
392.31
796.58
262.76
505.69
263.34
725.01
285.15
136.07
242.4
333.86
146.89
132.45
599.47
368.69
448.64
546.86
415.76
653.17
703.1
771.94
165.66
487.27
673.14
19.33
376.41
573.3
518.39
691.38
223.67
12.61
671.21
621.93
65.22
293.88
183.01
679.43
450.21
86.94
420.54
334.97
697.66
14.16
686.54
33.4
12.88
374.7
2.88
238.45
650.22
125.02
636.94
71.07
437.6
270.63
769.75
745.79
560.17
86.23
256.21
136.91
357.56
451.01
609.6
36.9
353.87
761.52
313.98
103.19
161.65
155.03
321.45
184.71
406.3
115.18
411.52
23.57
387.44
163.06
388.07
573.21
612.95
259.14
792.69
389.57
190.68
202.4
294.1
772.24
342.28
80.47
267.32
733.38
249.81
498.27
724.94
596.22
768.93
194.86
325.48
646.7
197.68
391.5
75.87
354.11
720.04
433.9
485.49
681.73
232.41
264.36
284.07
480.53
251.85
761.34
794.36
459.41
457.19
216.75
773.31
187.63
611.57
4.28
331.26
160.29
481.1
690.5
388.58
269.42
68.37
702.01
724.18
213.93
778.83
642.81
796.07
427.69
435.84
133.87
669.42
557.07
746.89
796.97
560.25
542.48
434.53
213.76
670.95
761.52
771.1
484.47
206.18
775.39
700.25
369.46
241.87
74.27
593.95
725.3
566.63
116.47
545.59
706.81
360.11
85.84
763.65
32.14
458.95
62.55
506.41
696.59
71.57
624.6
422.55
396.19
22.81
551.93
441.61
288.24
702.75
517.89
397.22
762.99
167.66
615.25
615.25
186.91
421.85
603.31
462.35
619.7
726.46
577.24
473.49
384
472.21
716.65
747.97
23.25
763.28
427.27
464.17
204.46
177.84
576.65
421.39
718.79
199.54
65
765.09
646.12
670.23
590.79
57.93
466.42
579.33
185.57
545.77
689.21
344.47
100.63
738.95
66.42
481.24
138.71
503.33
184.28
0.19
245.63
555.03
314.49
558.02
158.49
537.98
792.34
373.68
261.19
493.74
464.47
111.41
598.33
482.32
463.56
353.57
329.27
483.15
336.48
223.21
769.48
668.84
200.13
330
94.91
132.84
27.54
577.87
466.44
186.37
462.58
705.29
795
279.54
144.44
448.03
459.83
341.9
431.34
92.48
794.29
441.03
600.47
499.57
167.41
370.96
85.5
403.44
103.54
602.83
293.94
669.93
374.51
401.1
348.03
534.72
351.48
532.26
115.22
601.81
203.24
578.17
192.31
470.88
245.03
423.68
161.67
401.31
705.82
215.9
413.82
474.07
385.73
628.33
439.21
651.43
700.59
208.51
798.88
22.39
142.89
288.34
242.73
674.05
84.87
612.53
250.71
52.9
240.31
767.9
320.79
626.72
781.85
762.74
689.37
408.17
480.36
436.72
671.85
340.61
654.73
317.84
395.16
520.06
601.09
606.66
128.53
279.44
235.63
261.12
534.1
232.41
681.54
55.26
512.62
116.44
525.36
171.6
454.15
602.29
352.8
707.5
609.04
508.75
76.16
723.8
373.44
601.47
286.54
545.54
604.57
678.77
223.75
92.02
607.07
245.98
420.46
793.57
387.21
485.67
647.24
603.46
19.99
148.33
224.65
323.35
767.31
53.73
112.17
136.69
563.55
28.3
485.64
273.79
176.45
501.05
665.14
593.75
562.49
774.08
341.26
755.97
396.26
720.3
339.83
507.7
188.61
137.04
774.7
101.87
113.67
441.22
574.32
664.58
132.58
456.78
48.07
672.14
359.31
612.59
274.26
657.08
772.65
779.2
240.2
643.88
47.65
411.99
286.82
164.25
222.69
475.61
401.05
72.34
597.58
456.84
471.54
765.69
248.06
286.02
638.88
348.44
269.37
265.29
241.29
695.05
275.8
347.06
406.7
347.41
531.39
113.39
755.4
138.28
687.35
431.81
675.64
790.55
745.09
634.8
649.47
209.95
525.87
772.92
214.25
602.31
701.5
572.34
305.01
791.86
22.52
725.77
38.07
12.83
297.79
369.92
389.4
67.74
31.77
409.34
297.74
715.2
126.5
233.61
49.69
438.87
654.56
470.81
551.87
243.5
247.16
637.6
484.08
729.2
423.65
650.21
33.99
477.52
211.25
219
490.51
19.2
452.06
296.32
724.75
200.52
465.88
328.57
224.2
767.27
417.88
87.47
468.75
95.86
228.4
417.7
619.71
231.64
628.28
365.57
261.93
565.41
345.55
408.22
351.01
604.14
31.78
139.91
544.95
112.25
598.68
306.72
672.93
521.27
45.33
73.98
564.65
32.01
744.1
609.85
777.67
220.35
263.51
575.44
433.05
251.96
575.59
593.5
636.52
636.13
680.63
165.98
637.98
315.53
113.52
73.23
311.35
712.25
187.83
106.27
577.78
289.8
232.92
454.04
37.79
276.1
504.99
436.66
31.75
110.47
739
193.67
466.82
230.12
635.22
447.93
104.48
599.87
786.35
658.38
333.19
437.8
409.73
75.15
107.98
735.18
268.43
552.87
286.34
158.63
579.78
468.45
328.51
198.59
431.21
722.27
80.71
722.82
686
480.51
373.59
645.09
387.45
630.06
689.82
721.8
139.71
568.79
404.25
167.68
721.66
569.01
208.32
762.95
720.1
584.96
260.36
603.19
158.43
774.79
325.83
713.19
785.55
586.68
661.96
244.64
692.59
429.16
414.68
302.4
325.88
416.11
593.16
610.99
291.75
225.25
97.42
194.06
516.53
299.33
115.24
308.9
662.05
220.43
434.08
474.97
128.04
2.3
94.11
521.81
742.37
242.43
538.2
712.2
764.63
225.38
509.85
458.7
252.48
467.26
575.8
69.16
359.55
648.5
432.08
706.25
73.98
229.48
569.19
651.56
197.38
592.08
521.54
150.88
406.29
234.57
283.63
423.72
92.24
763.36
596.86
644.18
570.53
167.09
196.04
252.98
131.34
245.83
103.37
302.82
435.99
263.75
650.42
357.12
672.37
356.39
72.69
543.46
707.39
407.13
388.87
496.67
61.65
289.28
69
527.77
43.74
300.16
600
679.5
170.14
712.39
348.64
12.08
95.33
120.16
772.58
468.61
141.5
273.38
504.82
91.32
772.92
304.23
8.82
363.01
720.03
526.33
152.77
195.63
255.76
86.93
602.53
636.98
201.18
92.78
478.84
358.42
654.02
262.57
706.92
615.12
173.98
254.9
196.01
696.73
242.33
421.44
343.12
152.47
404.87
139.46
591.87
702.22
116.72
407.76
762.32
85.87
517.38
329.96
382.99
81.1
134.54
421.12
468.3
267.05
191.41
168.12
481.45
345.09
563.06
381.21
785.99
433.38
106.97
680.82
775.59
103.28
114.02
19.92
757.53
577.16
772.85
573.25
580.34
709.74
486.37
670.99
558.19
716.71
335.94
152.49
132.41
358.36
670.04
217.66
250.71
190.98
612.54
14.93
256.6
772.03
547.39
145.33
355.79
61.63
653
197.86
638.02
419.93
425.76
429.59
288.98
325.32
511.44
740.86
47.42
368.55
124.7
776.98
187.36
381.86
507.78
583.82
787.56
123.48
476.48
275.15
214.64
50.6
38.5
246.08
46.37
777.7
323.15
660.8
250.95
482.97
457.06
112.25
396.65
625.6
646.32
46.04
78.85
774.69
373.81
470.38
197.69
641.92
114.91
235.82
638.85
168.39
299.18
213.13
574.81
664.66
686.2
725.48
170.66
724.95
632.37
97.17
576.75
284.98
7.69
702.38
343.01
60.77
287.52
151.51
110.12
477.62
457.21
651.04
74.37
294.13
43.53
108.25
791.45
426.3
300.41
419.41
764.54
396.16
540.59
8.72
137.81
677.02
231.21
497.5
109.42
332.64
736.28
798.47
747.71
280.67
744.88
119.57
155.72
292.21
730.08
265.61
117.53
542.31
609.64
625.63
317.83
664.08
279.16
139.77
717.68
389.78
668.25
703.44
730.31
558.66
368.05
610.74
451.56
420.05
8.43
114.9
202.29
452.83
118.39
494.94
193.38
31.6
225.68
323.36
323.76
323.09
431.2
782.53
633.73
647.61
696.99
649.52
61.57
738.36
457.56
512.65
573.68
465.33
337.52
694.46
168.09
598.63
610.77
221.74
115.75
34.9
235.66
423.92
713.04
461.33
7.74
24.37
575.15
356.05
691.58
581.54
335.59
699.12
661.88
477.06
132.28
788.46
149.64
681.55
357.82
200.42
154.57
364.91
182.67
712.03
559.84
132.58
734.89
200.41
434.55
382.62
282.13
169.31
147.35
264.79
324.8
631.76
223.62
108.09
181.77
631.01
422.56
200.2
640.53
790.59
212
265.36
512.17
562.32
301.89
171.35
610.38
0.18
444.77
768.41
714.66
353.84
548.18
377.12
260.82
662.06
262.88
364.71
18.93
340.73
515.52
431.62
90.31
268.02
127.42
374.64
4.24
460.66
463.5
477.36
185.36
571.28
270.91
649.25
141.66
188.29
638.27
664.06
604.18
707.59
109.08
696.31
161.87
400.63
33.33
373.4
590.17
557.6
299.9
378.58
785.37
5.98
657.39
658.97
581.81
661.58
482.86
141.88
717.73
456.22
109.96
185.44
283.67
136.12
96.92
457.27
411.63
613.76
195.21
119.8
599.81
122.02
338.53
150.62
165.6
412.26
144.6
121.46
761.4
685.41
248.74
148.4
310.88
15.29
698.87
188.86
500.36
796.28
204.99
173.48
459.76
660.29
386.06
378.52
404.07
509.51
701.71
510.38
360.35
390.22
182.32
727.87
515.03
635.55
293.7
662.92
115.3
59.32
94.05
413.54
158.87
505.69
142.43
620.94
424.53
640.15
398.72
743.55
763.63
632.33
41.74
82.89
446.78
501.72
283.93
444.2
275.82
130.63
627.31
1.2
95.8
384.06
603.49
712.58
783.06
510.15
194
71.4
562.31
64.12
616.58
634.22
174.46
604.15
272.01
676.77
267
400.26
395.51
571.15
287.86
456.18
374.61
735.46
768.36
254.89
459.95
296.62
70.32
291.01
27.22
535.3
489.35
466.23
489.74
399.04
299.04
443.52
293.94
647.55
793.54
368.71
500.58
710.8
220.08
267.61
361.62
529.38
449.85
517.49
40.32
10.96
509.53
554.43
251.97
456.76
25.67
668.37
11.68
178.94
333.92
355.23
653
662.54
119.93
632.36
127.15
225.07
393.94
121.22
338.94
515.16
132.9
607.47
168.84
199.57
440.1
470.97
770.53
4.13
55.72
696.43
435.71
134.1
633.24
212.96
468.06
355.7
230.93
748.42
725.63
622.09
799.59
368.14
543.07
47.21
618.46
29.23
760.62
443.48
196.46
398.26
663.81
54.5
111.76
154.46
775.26
643.07
620.5
367.32
666.58
516.07
229.4
661.16
205.38
608.06
690.36
149.22
468.31
228.23
576.31
753.56
532.81
279.41
727.74
38.99
669.67
58.65
417.71
458.51
441.11
246.98
758.55
10.05
469.37
592.39
731.22
468.75
64.11
505.24
301.28
276.37
296.64
420.08
11.58
369.52
487.22
759.34
717.49
723.66
294.67
145.16
689.32
606.93
594.53
310.49
708.1
168.38
779.81
70.99
631.24
352.66
224.84
736.49
720.23
557.86
139.89
560.5
278.64
688.37
23.78
726.49
580.8
164.65
615.15
492.32
760.51
477.4
726.08
58.86
288.95
341.53
50.67
567.56
470.96
301.35
778.71
633.95
355.51
690.4
416.04
670.23
669.72
594.68
489.84
581.2
256.92
387.45
256.73
381.53
174.19
203.29
357.43
456.93
736.79
245.07
673.87
612.08
606.47
636.68
625.3
485.22
177.16
127.9
376.81
66.85
498.26
102.44
718.7
718.35
543.34
177.48
591.11
556.65
654.29
646.02
297.39
781.32
648.79
642.4
615.52
555.63
770.76
724.95
102.13
427.59
224.24
182.8
6.7
395.4
279.65
632.82
311.85
567.49
478.29
189.2
364.32
782.94
733.21
623.89
261.9
604.18
435.36
170.55
170.2
427.99
382.57
340.8
417.85
301.13
415.32
674.29
771.37
129.82
279.77
438.76
365.09
293.51
258.13
289.77
750.14
171.98
775.97
406.53
270.85
129.81
195.05
562.1
779.61
664.49
318.49
506.11
318.9
629.99
305.05
143.05
628.09
635.45
356.3
469.66
429.06
250.71
18.07
262.62
613.69
356.49
96.86
438.01
654.69
477.19
776.3
379.61
39.96
38.95
594.13
604.1
388.66
721.75
422.34
144.73
205.06
444.83
266.81
325.06
529.03
243.26
688.89
215.44
624
676.89
103.43
476.76
146.03
150.06
563.21
574.79
505.69
647.71
117.22
725.65
546.25
367.98
413.6
64.35
642.25
525.43
278.38
84.5
409.43
463.89
149.95
736.93
154.28
723.91
737.36
656.84
26.24
380.64
486.22
418.17
428.84
69.95
70.77
337.41
48.6
15.54
358.22
107.64
95.81
528.18
558.03
373.23
468.15
419.42
512.13
151.06
614.3
507.2
698.77
166.52
798.76
671.47
310.24
534.89
140.72
156.09
530
728.52
86.05
365.48
172.81
285.52
198.99
568.6
462.58
493.75
0.07
210.55
573.22
332.95
695.53
644.76
114.38
611.48
743.02
49.74
146.48
165.72
133.36
263.64
491.24
225.75
10.29
84.51
15.75
237.88
63.52
444.51
3.73
536.63
122.3
21.5
525.87
365.75
324.68
219.85
559.66
626.67
387.72
683.11
379.44
58.67
534.56
138.64
156.35
109.04
251.81
545.25
286.05
225.84
175.9
398.71
427.29
520.97
69.25
87.23
181.48
151.85
771.84
232.67
120.2
545.62
64.62
229.22
532.35
14.27
55.99
439.6
480.28
236.66
557.15
138.87
607.64
10.5
670.01
63.16
734.34
329.26
749.12
103.32
183.51
382.45
15.68
788.45
728.67
80.56
620.7
660.74
504.73
454.97
314.77
456.22
493.33
4.02
445.74
74.59
273.42
273.45
270.88
266.89
165.29
796.53
290.35
174.87
45.64
595.21
382.42
327.66
75.07
463
558.16
595.17
776.04
229.65
296.68
440.41
563.36
749.37
751.96
262.49
423.24
348.17
361.98
780.7
178.99
522.69
140.76
538.29
523.69
624
531.04
447.01
500.94
389.87
635.84
582.6
431.68
551.39
502.56
11.9
39.56
352.2
451.35
624.84
111.69
45.03
668.9
560.19
495.87
413.23
297.12
419.86
458.38
471.01
420.35
122.39
133.36
465.04
284.88
428
472.48
356.62
299.5
746.36
724.12
42.01
125.25
627.63
7.83
556.08
286.64
450.89
372.44
325.93
489.62
297.56
134.43
674.83
367.1
541.72
147.33
550.17
216.25
458.6
788.55
735.43
82.95
341.16
724.25
597.76
726.13
104.78
731.85
412.92
646.22
81.76
15.72
451.38
334.39
426.48
102.35
429.48
691.72
622.29
548.16
143.42
715.12
96.85
112.23
408.18
416.64
430.94
675.63
738.09
613.91
321.72
338.85
395.12
623.36
700.05
12.39
659.41
64.43
703.72
668.35
446.55
464.47
294.08
698.66
10.47
793.71
100.69
299.02
606.58
84.76
163.72
409.65
649.41
334.13
416.58
381.56
375.04
23.65
39.27
280.81
690.52
186.31
480.55
122.46
714.48
401.92
554.72
497.69
202.56
662.36
83.13
26.6
29.75
108.75
305.35
187.81
645.26
407.12
578.11
311.68
782.08
602.36
725.18
185.36
419.32
229.71
291.42
672.83
10.41
352.98
544.91
107.5
162.87
273.69
111.42
332.66
612.74
661.79
395.88
216.95
98.32
493.16
604.42
347.32
120.28
240.18
227.74
222.99
758.54
361.77
206.68
381.21
68.25
178.06
82.8
395.4
193.87
353.77
482.51
692.7
76.31
326.68
111.51
683.89
53.8
457.96
605.45
345
99.87
724.02
409.57
678.42
665.61
790.54
247.72
160.72
613.61
41.32
282.3
358.8
597.16
787.3
10.28
305.33
250.5
629.63
293.92
711.28
152.21
131.37
750.48
92.52
52.12
761.93
495.8
509.5
606.4
674.58
265.64
91.62
165.09
282.21
770.75
502.69
138.55
104.34
776.32
277.33
138.87
328.7
585.51
63.61
789.55
270.9
328.49
726.02
36.23
99.81
264.78
205.91
629.86
101.85
586.62
445.17
391.22
649.39
597.18
674.15
473.03
138.45
500.68
283.91
56.12
453.89
625.2
200.83
125.72
332.57
11.07
221.97
259.46
78.09
407.65
153.73
97.22
675.69
113.23
293.32
137.92
709.94
18.76
26.33
192.86
604.73
553.85
207.22
699.51
567.47
169.51
130.87
442.67
68.77
273.56
716.76
680.99
153.2
269.76
676.66
690.08
686.04
773.5
422.63
132.33
237.51
461.44
505.06
152.65
394.16
601.09
403.18
189.2
82.65
24.11
369.82
73.48
513.21
244.78
674.75
451.15
453.79
125.16
187.49
331.89
267.6
381.38
214.3
682.19
639.44
691.76
227.85
377.63
790.28
736.22
14.89
559.25
184.96
469.45
54.95
629.94
44.9
397.52
246.46
408.3
640.77
459.15
408.1
267
345.28
728.46
271.25
224.62
311.31
402.98
630.19
325.13
440
715.05
799.11
777.84
444.32
706.2
170.23
30.71
528.35
762.52
762.71
719.23
133.89
799.61
268.33
93.72
600.53
122.79
608.15
739.14
257.46
371.02
580.4
754.04
429.47
550.49
325.57
784.19
75.72
788.49
416.98
516.42
45.29
676.71
313.92
553
548.77
477.59
527.87
120.98
355.46
21.37
288.67
145.46
283.43
468.63
193.45
67.94
311.43
554.37
433.74
771.19
30.01
41.35
430.95
551.98
443.45
302.54
347.12
337.13
3.65
444.34
72.46
296.75
304.91
264.7
158.26
94.3
433.91
256.06
376.89
683.31
641.53
780.01
247.79
792.36
167.72
178.33
371.54
39.87
175.09
532.28
586.84
779.19
373.21
480.31
791.94
179.74
384.85
374.46
780.74
293.15
58.41
399.92
81.05
513.31
402.2
567.89
233.3
509.31
452.43
683.61
68.71
51.32
677.05
176.85
294.54
384.59
644.63
66.86
25.82
393.26
730.66
47.28
62.6
626.04
790.35
17.61
139.58
762.72
580.74
262.94
77.28
484.15
731.15
303.9
699.28
709.44
50.04
287.96
474.94
463.91
726.04
528.07
382.07
583.94
596.43
343.57
453.56
363.34
714.38
123.69
449.06
446.64
678.53
693.67
385.4
173.69
514.96
279.02
595.69
466.91
445.79
258.59
176.55
155.83
741.66
409.11
326.82
257.45
570.48
457.34
339.01
704.47
462.77
760.06
12.24
497.19
212.32
428.3
50.02
635.24
705.91
121.25
743.74
659.36
203.69
600.28
155.43
548.02
719.06
687.32
526.6
506.74
513.3
242.19
434.56
247.69
229.29
643.13
20.7
159.01
448.11
245.47
225.11
340.59
762.64
772.66
291.77
639.27
665.54
103.6
671.74
91.66
29.06
6.54
363.12
430.99
58.05
585.43
207.21
268.73
463.81
642.24
211.15
753.17
751.12
500.92
125.83
641.37
767.87
558.63
530.14
224.2
781.89
297.29
331.7
74.18
624.84
223.37
688.68
259.53
345.16
100.39
181.75
462.68
74.52
53.26
518.63
639.84
265.68
349.45
332.54
221.33
678.91
409.3
284.82
221.68
672.52
141.45
484.22
413.15
452.77
441.95
66.75
762.63
441.8
241.73
593.07
525.29
757.53
409.6
463.48
264.9
439.34
132.82
798.11
33.73
293.26
592.05
346.18
331.52
565.21
141.7
141.49
7.67
306.23
179.64
257.08
721.5
690.78
601.08
272.65
315.45
548.37
622.54
185.94
576.54
524.17
457.33
659.01
475.75
449.19
117.64
677.97
111.92
274.18
612.58
739.69
752.06
755.86
679.73
387.04
0.67
525.79
249.31
496.33
439.77
1.44
220.27
727.61
740.08
273.16
496.36
563.52
80.99
244.47
16.21
609.03
442.27
186.42
58.91
644.56
59.58
748.17
503.67
21.32
407.68
554.59
575.87
788.72
498.02
311.68
437.18
257.9
622.28
85.7
149.72
678.81
327.69
107.16
431
667.12
724.3
454.38
648.27
577.79
3.19
177.37
68.54
204.64
782.31
678.39
39.02
296.41
59.51
629.59
600.96
607.09
727.23
612.3
684.21
145.28
701.18
40.89
587.37
621.61
484.05
743.4
659.72
39.76
314.09
72.13
414.67
503.37
165.15
96.48
630.15
61.34
315.08
377.22
700.87
460.74
168.49
165.84
336.65
287.67
203.68
625.33
30
749.58
762.4
152.59
272.49
40.83
529.9
159.31
69.88
115.25
574.82
13.68
799.17
479.4
472.78
94.17
476.41
640.67
732.51
368.79
402.16
450.42
564.24
250.44
27.11
321.17
272.45
717.84
130.27
563.75
163.79
379.41
379.65
580
758.57
142.24
797.01
128.55
621.7
734.12
599.96
512.86
53.77
94.21
666.71
295.13
428.04
669.9
230.93
783.71
339.63
726.84
228.06
479.83
673.95
429.07
401.91
367.74
726.44
702.01
308.18
489.38
122.95
410.15
243.7
433.22
374.24
294.39
672.93
495.24
591.59
742.57
393.07
317.52
294.32
68.13
734.81
156.55
720.38
93.68
15.86
383.28
115.93
635.25
199.54
402.83
82.02
295.03
236.33
350.74
359.02
380.99
7.82
433.91
583.6
754.22
333.29
680.41
473.46
421.02
722.71
407.29
650.87
775.44
443.52
86.41
673.39
236.11
123.55
753.78
263.7
284.82
470.66
546.88
552.11
58.11
577.74
441.51
291.7
662.59
9.6
381.33
370.7
199.61
592.83
114.12
487.26
394.33
229.89
773.33
185.9
408.16
194.1
234.08
457.53
758.54
779.17
495.86
245.93
447
252.55
714.28
454.97
261.18
367.3
44.72
593.6
568.66
471.62
687.14
197.72
690.74
551.3
659.3
1.49
272.97
591.83
14.92
77.69
65.12
543.47
84.19
511.68
484.45
230.3
176.15
685.1
617.12
271.6
360.93
611.72
58.78
705.63
595.42
91.8
106.85
614.93
199.18
697.63
514.02
90.53
225.75
11.83
84.55
132.41
201.69
82.87
313.66
295.46
156.5
18.9
408.66
501.87
649.97
486.26
493.69
600.04
626.68
480.74
606.63
771
684.5
44.09
619.28
166.29
23.1
441.43
620.69
324.41
748.74
431.26
244.68
538.63
505.6
270.76
143.98
604.6
584.11
623.1
303.09
256.9
318.32
479.07
630.93
301.98
711.39
294.02
494.98
537.93
374.49
574.92
687.77
59.95
380.26
537.46
237.67
538.44
450.16
508.46
87.14
213.7
494.54
345.35
3.28
329.05
650.59
634.1
68.71
633.35
447.52
536.98
425.85
708.02
516.58
263.51
425.66
377.85
757.71
116.37
115.61
153.41
532.55
575.8
172.52
63.29
414.95
320.85
599.35
252.72
213.63
693.93
249.41
6.71
190.1
311.76
585.85
581.54
652.8
546.73
540.65
81.05
30.66
188.56
199.74
636.06
200.56
61.16
94.62
205.42
65.84
587.81
507.48
381.97
733.91
797.74
373.14
465.63
580.59
450
453.75
509.99
673.79
305.88
773.41
765.68
787.29
322.33
418.1
209.51
787.31
584.65
368.69
638.67
564.62
311.33
658.08
133.32
564.28
708.91
281.09
485.14
374.76
437.72
587.74
666.92
49.78
236.82
258.29
744.64
47.67
203.06
592.93
745.93
93.9
219.56
562.64
241.22
208.04
337.24
707.23
101.69
251.99
35.18
248.27
116.09
258.05
707.77
130.74
216.9
285.87
444.6
17.43
235.67
134.41
313.49
458.77
523.93
481.71
316
771.42
291.47
416.02
793.04
628.07
137.05
79.93
276.74
404.41
256.17
753.02
568.85
364.2
662.46
229.9
161.41
657.62
335.98
499.37
261.78
799.04
168.58
382.48
312.62
618.84
291.1
4.49
614.24
542.56
150.54
292.32
74.43
111.14
329.49
544.48
180.01
580.51
26.71
286.96
179.66
577.86
660.21
437.47
765.57
29.07
24.96
193.51
122.27
61.37
729.02
256.33
284.48
73.82
667.71
464.67
401.51
776.95
361.06
238.02
746.88
575.67
34.61
380.77
624.03
476.77
5.82
258.23
723.69
168.5
214.99
438.37
555.68
174.92
388.35
117.51
666.91
310.13
26.52
524.3
135.67
530.72
538.37
313.29
323.45
576.28
483.96
537.04
216.31
475.99
546.67
410.6
531.94
430.58
427.85
532.13
607.84
586.41
10.92
278.83
684.96
740.84
433.12
261.04
145
369.13
182.46
267.92
166.12
302.96
69.31
776.93
592.44
63.71
655.41
797.11
75.03
100.46
448.47
603.76
0.35
105.55
245.82
466.12
347.21
455.82
109.14
404.95
595.58
767.39
532.98
33.61
387.92
152.35
183.74
303.45
177.7
772.22
628.4
416.61
651.08
521.51
129.85
595.41
267.05
147.48
29.51
130.03
311.5
131.57
390.02
753.15
540.29
536.95
449.46
479.05
437.5
795.91
340.85
537.75
350.46
624.72
726.65
591.35
181.49
310.18
161.36
436.5
80.74
341.11
230.65
481.16
656.35
223.1
512.51
499.29
156.23
260.97
290.81
11.74
302.84
328.72
161.38
740.1
23.14
503.6
287.1
210.01
523.09
762.53
740.27
644.29
161.16
81.16
565.19
161.49
766.09
737.15
537.57
755.52
276.28
395.43
649.18
502.41
794.07
379.15
548.31
3.13
623.04
438.96
22.36
171.96
226.42
369.28
544.7
231.36
594.79
395.62
637.67
69.33
438.64
236.02
582.09
431.48
97.01
221.91
474.44
260.55
410.28
483.32
785.32
281.59
563.17
497.26
578.71
21.06
394.6
327.04
431.87
785.27
390.18
438.86
723.83
518.67
431.29
57.23
345.03
244.61
105.41
292.26
76.99
309.98
332.47
538.85
14.33
784.06
334.84
268.54
252.66
495.83
383.01
488.76
674.05
557.22
783.43
646.27
574.25
349.29
466.38
645.98
311.53
426.76
769.47
668.84
253.59
275
236.8
404.35
156.1
353.87
451.91
35.14
500.8
118.28
766.76
69.78
221.58
170.89
299.48
183.29
335.99
418.85
598.64
24.69
271.17
151.94
681.06
467.38
95.07
214.6
358.66
538.84
603.36
581.58
584.6
793.04
15.38
510.24
247.81
705.64
670.05
111.06
138.92
251.93
397.22
544.7
217.68
402.87
706.21
400.55
194.44
560.58
3.87
403.55
277.23
245.43
145.21
580.05
343.93
628.47
180.1
427.04
605.75
643.45
247.72
201.76
137.08
38.52
720.7
206.77
758.41
349.43
592.22
584.65
789.41
747.66
735.64
226.88
685.31
390.83
605.8
189.61
516.45
63.98
640.26
25.83
574.42
479.1
167.42
734.75
336.49
160.37
484.59
78.77
57
540.75
38.86
461.05
350.75
246.5
609.79
240.51
752.36
544.49
745.52
432.37
574.53
290.05
614.62
255.81
168.84
531.74
481.52
285.83
173.36
568.38
695.18
165.58
255.99
531.5
47.86
646.2
177.51
792.45
615.05
411.15
311.67
192.53
672.08
262.21
418.99
328
745.2
366.03
339.64
460.31
557.33
436.12
740.1
109.3
253.29
399.46
791.02
352.7
798.78
427.74
157.87
582.28
473.55
609.76
771.56
481.16
70.37
189.62
469.13
786.53
480.71
321.97
7.22
610.65
272.12
275.5
785.08
709.75
189.37
539.4
674.46
142.31
298.91
720.75
305.92
466.79
171.63
191.68
771.46
130.17
707.91
618.58
443.38
788.93
614.32
648.03
357.11
459.67
656.92
68.05
7.12
429.72
264.56
727.8
477.41
457.48
550.85
711.31
545.37
404.73
647.77
442.04
556.89
457.38
439.55
702.53
287.29
306.45
706.05
492.84
715.87
523.62
27.06
225.59
655.84
239.57
577.3
107.65
518.13
744.75
554.21
75.05
253.31
764
180.23
312.27
342.74
747.74
772.78
109.67
731.33
618.74
488.58
226.88
776.39
402.01
191.24
268.31
356.2
318.27
550.04
799
636.41
266.55
608.2
472.52
59.84
420.69
727.94
366.64
739.26
731.68
777.35
268.27
290.63
26.6
340.32
731.61
512.98
85.77
177.16
101.5
148.35
620
365.84
635.97
714.58
199.66
544.81
510.21
328.13
26.26
753.83
764.28
589.61
645.65
89.99
600.77
52.93
117.15
671.31
613.63
88.42
433.45
723.12
199
739.76
715.4
23.35
549.13
508.23
460.2
533.29
741.66
640.45
318.33
307.21
643.45
517.32
430.67
138.58
174.06
16.33
215.8
617.68
647.79
574.48
404.97
794.11
612.29
33.98
59.22
455.91
445.99
63.77
536.06
729.51
398.64
406.97
714.98
400.12
131.14
674.08
779
180.73
492.55
737.26
297.23
32.71
615.94
185.85
162.04
111.15
361.6
10.92
19.81
291.66
273.82
328.81
641.46
294.55
133.2
556.9
309.23
378.31
442.78
396.53
595.71
587.5
72.9
222.14
313.49
359.07
241.72
543.13
391.21
89.55
104.05
536.05
586.77
698.13
763.72
544.75
120.02
621.69
438.41
502.52
221.82
652.48
525.11
470.63
172.44
163.58
390.92
155.46
124.37
559.79
422.17
662.77
135.48
306.34
779.6
374.4
730.93
212.2
547.98
507.42
601.4
12.99
349.98
141.14
408.21
525.4
587.68
304.33
726.18
529.13
195.58
443.82
82.58
334.9
46.44
766.07
787.76
556.98
500.52
342.23
410.22
488.57
386.6
425.52
406.46
27.97
702.82
556.64
487.46
725.25
246.62
509.35
745.19
756.77
642.71
478.12
6.05
145.56
474.31
183.62
340.44
645.55
694.26
355.45
276.91
45.7
450.79
238.32
328.75
283.82
86.87
328.19
623.86
150.64
692.9
134.35
770.14
446.85
53.17
738.13
194.67
258.21
286.75
405.36
716.34
237.51
129.56
137.78
188.44
788.62
574.08
293.41
643.61
366.34
496.19
59
544.01
429.19
483.55
442.05
432
690.01
464.35
119.64
609.46
508.11
233.37
17.13
449.11
118.93
784.42
586.88
723.76
563.4
445.76
698.82
563.82
523.59
491.92
279.98
63.88
275.26
548.7
658.82
707.19
327.65
607.15
364.94
126.69
186.75
66.23
657.71
591.31
268.8
2.21
412.35
737.58
768.77
159.92
562.01
696.88
573.44
53.09
347.01
583.81
118.48
327.27
387.93
88.98
541.62
105.3
600.01
356.32
520.06
597.82
23.64
73.75
672.72
335.25
376.19
489.65
119.55
202.87
61.95
33.14
172.53
776.88
291.1
368.05
412.6
501.69
643.02
152.26
266.5
203.21
190.7
298.12
368.26
775.2
162.5
308.24
199.49
609.21
378.21
455.54
387.64
656.35
506.44
113.5
306.98
282.13
64.89
677.94
124.63
620.38
577.08
256.17
788.62
605.3
729.55
326.79
440.02
641.71
697.32
286.78
677.21
782.1
79.22
633.92
45.96
133.66
697.15
338
18.83
673.84
711.22
478.48
129.11
161.98
137.39
575.89
518.41
515.97
175.76
61.14
731.49
454.42
756.26
529.39
159.55
582.96
591.31
291.29
253.13
106.77
233.4
506.81
429.37
550.89
226.12
734.8
379.78
543.67
415.53
747.2
22.2
690.25
311.63
302.5
497.46
331.07
727.67
274.04
786.27
451.09
8.89
789.18
155.84
59.01
22.63
565.71
398.67
257.5
80.81
352.24
562.44
676.95
777.72
689.09
232.52
369.8
5.39
138.4
333.87
435.6
546.95
525.78
18.71
677.53
324.17
203.04
161.85
445.02
571.06
58.54
712.07
143.79
283.05
64.47
73.21
316.19
376.01
104.48
280.04
364
45.88
341
134.57
123.51
453.36
483.09
376.11
647.39
621.52
462.07
371.8
533.41
205.08
525.83
198.43
676.07
10.94
645.43
708.28
587.86
29.26
783.45
750.55
374.05
598.95
249.16
371.24
435.71
227.4
358.57
500.41
367.04
197.52
323.41
365.06
251.89
268.87
649.29
349.67
634.37
243.83
364.64
373.66
482.62
585.84
768.66
435.16
203.62
246.96
797.4
363.34
385.38
689.48
205.32
80.88
742.89
415.81
40.17
404
263.41
209.47
508.79
384.26
320.87
767.18
786.06
377.87
205.4
180.16
586.27
562.45
617.41
202.65
546.54
38.34
333.03
515.63
295.1
307.58
771.75
674.03
141.96
197.33
26.99
308.56
277.99
184.14
569.03
419.3
451.53
9.28
183.22
397.37
34.08
405.75
667.78
794.73
250.79
20.53
741.26
26.85
49.66
42.53
528.1
548.53
19.71
728.92
83.78
744.67
569.22
745.49
136.38
734.78
192.23
702.81
747.06
43.87
717.84
642.86
623.43
175.36
651.2
677.87
128.91
398.69
29.07
719.29
659.86
438.42
368.23
495.07
428.18
640.35
218.74
627.82
594.38
73.69
362.69
731.79
20.27
683.99
767.01
274.51
558.3
175.68
171.29
366.12
440.24
433.38
694.21
764.56
657.27
594.61
592.63
148.55
142.76
529.87
252.23
296.02
412.92
218.61
291.81
168.95
606.14
557.61
185.09
328.57
379.64
248.97
587.21
490.24
402.62
491.73
736.25
779.93
11.76
239.76
507.24
161.04
496.09
174.24
657.01
638.08
257.66
391.1
318.32
584.04
570.87
269.27
423.26
391.55
184.16
401.47
293.86
597.81
613.59
327.58
495.97
677.38
276.93
684.62
767.62
585.52
216.75
430.21
427.77
427.2
422.8
212.92
344.88
564.92
375.3
211.02
717.66
194.4
544.59
330.16
706.25
102.66
106.43
336.44
501.35
588.7
756.69
512.75
231.56
653.93
628.1
281.38
342.24
303.73
669.99
607.14
403.01
795.11
643.33
112
322.74
529.59
315.94
300.02
434.12
131.65
589.7
418.85
584.74
254.76
193.67
346.8
179.34
736.25
721.2
581.4
756.07
777.33
460.32
694.74
300.79
701.83
163.13
579.46
203.45
92.4
290.57
144.76
721.99
21.28
795.98
58.07
395.57
301.62
375.78
112.48
562.26
360.74
91.69
657.79
306.73
673.73
786.64
285.43
238.6
122.87
186.79
263.49
689.72
643.92
88.59
59.7
1.54
358.67
548.8
714.99
117.39
428.45
101.82
321.38
446.49
633.23
354.09
416.19
124.92
477.61
34.75
452.2
708.1
537.82
364.79
311.17
94.86
780.29
731.01
302.86
470.54
723.37
169.23
452.78
123.99
425.08
743.42
123.55
285.13
413.59
260.87
728.53
771.2
439
233.89
152.67
501.21
306.77
360.46
183.28
243.85
758.09
622.22
61.43
482.99
540.99
763.65
346.5
515.48
98.81
14.55
19.48
597.22
27.47
95.48
673.12
532.72
601.9
231.11
792.05
206.97
443.74
582.81
537.96
280.54
313.98
109.32
189.44
296.88
455.74
715.42
572.05
264.14
721.8
439.65
458.94
561.91
37.85
256.06
204.05
310.4
538.08
458.52
493.97
572.63
481.19
364.6
798.63
349.75
579.83
350.51
620.24
711.94
299.23
380.26
659.8
611.46
470.1
252.11
503.6
746.02
49.33
170.07
300.49
699.16
81.31
654.4
699.52
565.26
40.11
111.97
720.32
285.22
66.25
199.98
662.58
423.42
278.07
778.42
41.22
9.29
85.91
132.85
796.19
248.93
719.44
54.86
772.5
578.92
654.37
593.99
572.86
791.53
425.54
60.82
322.7
157.13
273.43
677.55
285.8
237.46
258.59
310.69
569.84
562.32
286.21
28.08
604.11
125.5
66.19
547.23
320.17
103.34
158.12
388.9
270.93
568.17
268.23
712.06
220.38
219.16
515.33
282.44
245.32
173.28
601.3
589.31
781.27
568.84
597
94.42
544.57
68.69
688.27
215.91
144.12
559.93
553.28
635.36
750.29
603.12
17.38
736.67
136.74
171.16
317.21
468.66
28.76
537.81
720.68
38.7
298.59
544.78
36.39
232.79
560.49
575.79
626.6
333.32
93.28
250.63
345.18
183.36
547.92
546.5
627.61
185.84
247.14
78.11
273.44
672.08
498.14
471.98
520.8
587.19
105.44
791.83
578.85
514.69
194.69
132.58
367.11
132.46
115.64
123.9
445.75
483.54
509.54
348.56
364.5
719.74
682.23
459.24
115.83
417.54
637.41
8.48
473.62
293.35
426.08
68.05
398.77
566.44
123.24
767.19
161.24
104.87
280.24
529.08
439.36
292.99
527.1
61.29
663.83
603.56
280.74
50.66
437.49
123.99
519.47
358.37
181.5
718.11
511.41
298.08
66.84
549.68
342.55
108.85
249.23
15.44
650.88
629.79
634.43
405.31
269.95
655.12
121.21
278.9
409.34
38.44
505.52
370.52
560
522.92
34.77
509.02
176.78
15.76
363.86
504.76
584
453.65
340.63
729.33
680.07
583.44
594.77
26.35
708.46
58.69
23.79
656.46
657.55
246.5
543.66
629.68
498.52
390.09
727.01
126.53
487.99
688.37
733.87
789.92
372.71
468.13
352.18
782.3
449.89
72.67
453.12
326.85
276.75
610.47
6.15
221.22
620.98
104.87
365.64
85.27
678.08
61.26
175.7
742.02
101.01
248.75
549.92
25.37
404.55
515.37
469.32
208.76
211.87
605.81
76.67
664.38
364.83
238.38
73.19
329.92
238.2
129.92
455.71
697.76
72.34
221.47
304.69
206.66
228.96
18.05
234.78
509.12
689.4
599.39
0.65
284.88
439.79
197.76
486.25
486.64
394.92
97.56
45.16
248.96
178.35
456.46
789.99
628.21
454.39
508.09
339.05
689.85
8.07
370.13
117.67
747.76
365.06
124.4
607.46
694.38
447.47
397.99
487.01
722.27
402.02
709.78
127.04
16.84
421.55
768.63
90.86
167.73
714.17
159.36
701.83
665.83
312.79
613.59
338.91
113.54
311.77
784.83
243.9
166.49
336.1
497.31
709.43
711.49
382.95
687
79.9
481.18
526.28
475.96
561.36
767.47
444.71
43.05
570.82
67.28
369.52
398.49
167.95
200.95
208.34
401.28
732.57
425.56
464.07
619.21
202.86
718.1
202.97
190.75
675.55
747.28
208.86
683.41
535.31
197.35
760.28
479.6
329.07
346.57
394.06
311.34
407.69
268.56
472.48
483.5
310.33
149.35
71.86
546.97
177.04
99.96
597.54
712.16
501.88
599.25
531.9
403.73
385.76
257.18
169.04
785.86
782.45
54.19
11.83
254.4
371.1
42.66
667.09
115.04
778.58
319.28
6.41
469.66
629.89
47.4
508.6
246.27
423.76
443.12
137.95
469.4
27.29
703.41
596.26
526.48
546.84
500.67
781.48
66.88
554
458.9
485.97
445.05
421.22
351.08
469.09
621.62
216.16
114.63
250.91
198.55
539.99
334.16
635.13
589.23
490.43
553.91
175.56
377.37
245.92
101.04
494.43
420.32
96.68
272
341.92
350.81
4.75
51.01
299.85
623.07
766.82
682.42
661.06
580.07
525.57
187.75
103.53
329.48
234.38
401.76
90.03
212.68
442.39
129.25
517.87
286.01
576.74
702.46
454.07
92.75
70.27
363.18
737.97
319.96
414.47
662.62
86.11
384.13
23.19
432.32
784.18
179.87
253.12
444.29
94.2
269.68
458.84
627.37
235.66
308.77
111.6
483.41
59.15
523.02
575.6
396.93
707.22
252.06
667.49
321.92
380.03
631.5
439.57
625.82
67.84
192.93
63.28
799.51
297.65
750.15
730.71
221.24
64.05
256.8
512.85
552.63
44.2
22.66
536.34
76.08
57.04
674.97
67.63
429.41
795.71
149.63
569.42
632.02
178.61
175.61
410.38
397.88
750.53
689.14
120.55
756.35
261.79
300.46
493.7
144.38
94.87
256.77
420.94
122.9
104.86
387.89
247.09
199.26
312.41
699.03
92.3
80.13
636.66
181.81
515.03
540.02
446.62
448.18
391.03
196.47
394.19
327.08
309.32
336.08
641.03
751.91
138.22
11.46
681.89
388.76
664.8
220.86
413.98
71.42
370.61
236.77
334.7
793.83
84.06
545.98
459.47
780.17
447.14
408.28
572.89
678.27
693.95
668.29
144.19
333.7
271.68
672.95
391.29
615.5
648.32
256.01
494.62
322.35
206.58
782.34
421.24
8.78
786.62
58.22
417.89
121.72
350.77
545.83
274.1
611.62
171.39
474.58
268.26
653.12
342.12
31.33
716.11
18.41
224.25
446.89
246.29
261.85
556.7
242.59
789.92
22.56
595.58
732.25
315.86
323.44
720.59
303.57
426.63
445.3
124.33
201.23
45.07
52.49
586.25
446.62
406.83
512.87
102.31
238.83
645.62
343.24
607.33
245.63
107.8
659.26
504.06
380.23
619.09
486.86
297.38
682.02
283.61
693.7
229.47
587.59
71.89
130.36
82.85
218.48
52.77
502.26
792.66
622.85
673.81
0.4
701.28
703.72
745.02
484.71
499.34
147.7
497.03
638.56
211.65
271.89
653.58
377.52
284.98
72.33
551.5
79.94
0.95
452.16
280.37
525.83
780.03
380.88
237.46
163.63
424.94
148.67
641.75
600.79
230.37
572.69
365.98
81.78
273.72
483.37
314.61
348.65
329.2
769.27
302.2
180.65
173.47
418.28
60.33
502.78
388.31
211.88
658.91
249.87
247.11
176.61
298.65
29.61
224.8
781.96
567.94
22.44
742.34
75.04
197.54
4.79
531.98
100.19
454.53
747.46
759.33
138.52
288.78
773.14
376.5
105.61
796.44
425.25
789.28
704.65
524.25
610.64
209.55
123.43
679.27
527.78
194.74
217.37
72.57
536.57
16.58
207.5
321.64
579.33
427.71
720.51
501.68
563.83
52.09
589.2
80.19
592.53
730.45
407.62
479.91
337.78
272.17
207.57
196.48
462.85
287.62
284.66
84.6
739.31
232.01
779.42
502.64
372.73
740.2
571.74
616.88
599.11
223.95
588.39
65.6
794.12
510.97
267.81
431.59
684
574.54
125.84
377.06
41.06
145.94
680.56
651.61
132.72
97.26
727.55
720.04
577.5
770.69
782.41
188.05
589.65
22.29
659.24
422.29
474.95
168.23
365.35
745.55
732.76
223.38
32.9
277.46
436.81
622.93
522.53
284.98
697.12
765.54
706.66
657.49
515.12
9.6
711.09
66.29
711.54
620.45
762.19
755.44
552.13
158.14
552.73
508.15
714.73
18.09
514.22
341.07
453.56
606.52
673.43
647.99
682.16
797.99
741.42
486.5
243.26
55.5
747.45
56.51
516.18
270.23
178.85
112.04
621.4
582.94
623.16
372.11
223.72
305.59
547.67
395.97
757.15
335.79
578.99
231.23
456.38
125.85
361.64
718.96
490.88
316.64
580.77
775.92
55.61
132.67
245.2
522.21
37.96
481.03
466.71
375.14
602.27
178.6
388.69
12.28
414.63
263.94
114.83
664.86
727.35
579.98
315.67
497.49
204.76
732.11
611.06
154.46
361.4
741.06
251.53
572.81
205.24
621.63
629.54
601.12
714.98
22.05
604.89
602.8
688.74
555.44
115.27
179.54
595.44
551.32
738.5
366.22
366.17
495.16
289.54
620.26
137.46
203.46
493.45
706.38
176.66
223.69
181.2
276.15
622.54
78.08
529.16
380.43
248.74
118.59
651.4
14.38
765.5
618.59
113.89
499.74
463.88
402.39
795.34
399.73
56.68
165.84
139.2
318.68
664.06
573.34
267.99
334.51
423.95
106.88
374
623.59
389.56
627.67
148.38
109.48
661.32
273.86
224.96
367.44
340.78
70.45
749.53
673.79
546.85
322.38
770.02
118.96
612.59
390.59
620.93
667.67
486.32
129.79
489.71
596.12
616.74
732.28
266.41
594.94
143.2
677.47
1.29
269.36
585.28
706.1
22.57
551.66
790.44
20.48
701.2
727.22
780.18
511.04
17.19
3.34
715.66
540.84
238.85
489.01
181.73
685.69
502.25
428.75
143.47
214.66
105.68
661.4
77.96
412.34
240.18
13.12
723.17
454.07
691.22
508.69
578.22
171.28
728.58
359.55
628.67
154.63
10.89
260.5
582.78
401.15
408.73
376.86
317.83
95.18
57.53
790.04
91.36
773.45
627.32
308.11
403.49
121.9
473.09
453.66
250.89
663.99
786.45
235.13
356.5
677.17
427.67
331.43
68.26
672.05
396.02
296.51
110.35
463.4
572.53
574.62
410.67
662.1
727.81
22.48
534.55
365.5
178.15
579.78
81.8
438.19
607.11
627.97
35.96
229.29
757.68
109.2
28.58
488.48
221.11
594.72
291.69
248.73
459.52
87.4
147.33
719.08
329.02
599.3
362.73
689.59
413.52
767.62
524.24
779.93
772.36
754.11
628.9
112.71
402.74
49.67
267
286.82
633.07
34.83
466.64
138.76
631.94
675.55
521.19
769.28
196.65
664.71
49.48
267.12
357.27
99.97
432.13
541.57
684.71
763.3
573.62
726.74
704.81
239.97
476.65
489.48
173.84
709.18
634.08
488.85
724.04
524.14
510.16
138.05
433.65
417.83
432.14
617
133.21
576.58
476.73
581.13
189.15
435.78
341.86
174.24
313.04
675.75
773.47
574.04
631.93
408.72
662.39
501.51
92.12
369.99
615.53
85.03
744.82
694.24
154.22
603.3
169.62
332.95
499.9
453.51
291.18
454.25
90.37
262.5
166.07
522.09
47.23
187.02
295.96
65.95
313.85
188.13
424.59
346.81
177.18
41.8
224.92
434.29
358.25
437.64
252.77
147.62
420.95
759.08
636.68
142.67
244.92
543.26
99.92
593.89
608.6
650.41
419.37
400.99
775.16
272.56
424.84
521.02
363.51
657.07
10.26
230.85
168.87
248.15
379.97
252.27
567.25
431.38
354.63
722.93
614.5
571.84
704.56
136.13
592.61
774.07
154.89
404.93
400.13
347.43
377.71
138.74
450.3
646.89
134.96
728.06
26.81
322
114.94
611.63
155.91
127.15
690.36
198.12
735.07
39.02
583.3
648.65
381.75
543.6
150.29
62.17
717.03
797.58
378.13
428.04
14.74
472.58
337.83
655.68
196.56
631.09
589.38
634.39
522.23
258.61
435.78
747.08
600.1
114.64
192.65
718.16
730.31
568.19
168.42
517.47
672.93
622.29
361.56
588.29
66.56
292.17
595.31
203
647.55
729.47
259.21
179.85
728.92
183.81
129.61
499.61
576.42
682.51
415.82
646.33
498.58
792.81
232.03
358.63
441.12
510.67
187.96
727.07
151.12
398.83
596.82
170.76
322.63
217.13
21.64
297.68
14.74
510.83
23.17
787.87
291.09
370.83
457.44
192.6
14.66
310.29
672.64
637.62
418.3
294.85
567.01
88.2
113.07
10.7
791.31
374.05
287.25
618.81
39.81
581.37
174.02
581.95
426.04
260.72
601.95
467.34
572.77
141.26
727.22
379.01
335.82
593.81
790.98
33.93
411.93
314.33
324.79
3.11
365.61
329.89
160.99
455.77
303.87
606.46
657.86
187.37
393.34
631.45
26.17
66.29
690.75
29.47
201.48
459.65
79.82
458.31
15.42
564.81
14.44
260.93
533.42
252.33
335.6
112.75
549.24
621.61
432.93
138.16
381.04
785.23
635.8
322.36
465.29
71.28
367.78
186.55
696.08
527.59
312.14
648.75
266.35
96.78
322.47
640.06
757.23
792.46
195.41
459.62
645.46
27.72
543.89
246.51
41.86
231.54
113.13
588.53
530.25
395.06
160.47
648.51
546.72
71.24
680.35
706.77
530.2
265.67
587.76
147.3
310.66
426.97
487.52
97.78
720.62
427.95
288
297.35
435.91
214.82
488.97
51.13
381.8
35.9
754.43
205.98
570.57
329.87
744.89
559.84
608.19
247.77
263.37
281.35
711.53
44.15
557.88
105.65
372.51
649.41
716.13
169.9
72.48
660.19
785.06
538.28
705.52
317.97
746.33
245.22
1.47
539.08
487.1
608.3
215.76
430.41
536.11
183.92
435.08
423.1
323.56
577.7
622.08
580.32
642.86
642.81
527.42
316.85
456.74
114.61
385.04
651.13
80.87
45.32
475.6
757.24
24.19
571.43
286.84
595.68
228.27
298.44
728.73
566.46
492.06
387.52
783.95
325
796.1
100.61
750.64
477.47
160.3
272.87
484.61
122.72
513.68
652.89
82.27
83.94
229.67
296.41
762.8
393.72
292.47
235.47
333.39
393.05
492.23
292.83
678.09
638.7
772.97
791.74
606.33
691.46
27.68
16.03
467.92
522.45
77.71
263.07
24.73
108.46
451.52
482.26
702.21
80.69
243.59
789.4
398.72
7.14
28.64
50.4
731.91
231.56
346.28
170.29
51.6
17.06
152.64
558.2
511.3
617.22
398.56
637.9
281.75
391.76
660.87
127.1
9.46
180.07
281.83
125.66
263.47
759.56
125.04
314.98
286.67
523.84
660.06
37.29
67.34
652.01
309.98
353.96
697.34
135.44
380.93
424
419.65
277.66
393.34
464.48
624.09
332.19
309.82
125.48
461.85
733.26
651.7
154.2
162.85
196.11
80.03
788.6
780.6
699.35
109.5
17.96
81.05
716.73
348.13
776.92
572.75
522.71
36.3
728.75
413.41
797.58
288.59
733.12
106.97
259.04
128.68
365.73
680.43
298.78
388.56
147.58
383.59
284.85
637.62
146.37
540.16
634.55
459.93
585.4
223.89
523.47
787.78
730.52
594.35
673.08
208.66
601.32
357.41
547.41
772.02
93.57
682.62
175.43
456.49
698.14
721.19
526.41
418.52
312.16
447.81
116.83
178.55
309.63
464.25
386.6
380.08
676.55
381.84
688.37
540.64
644.38
240.54
20.46
337.84
395
99.66
188.29
779.55
460.37
370.5
405.75
695.64
498.03
545.08
567.38
596.72
260.36
575.34
191.77
777.33
393.21
280.58
3.75
673.83
302.42
342.03
559.29
272.74
620.91
608.93
62.89
796.88
184.81
560.15
698.42
697.11
380.4
497.85
535.79
418.97
17.78
214.01
516.66
33.1
224.07
358.7
197.51
572.35
500.84
454.47
244.33
253.42
340.8
602.1
303.79
150.1
492.97
676.96
758.01
324.32
153.39
778.6
304.73
336.52
433.66
774.62
760.27
702.72
265.54
610.71
297.81
474.5
548.62
574.29
676.93
138.67
625.42
338.25
414.06
644.97
778.83
257.79
24.06
100.77
372.92
362.55
451.59
572.63
730.13
669.04
437.6
584.09
432.16
384.22
329.84
788.67
538.25
135.47
295.38
786.1
70.76
391.29
734.67
776.98
496.96
700.84
436.95
65.47
608.38
725.84
446.47
751.9
615.67
716.92
402.1
43.7
705.63
735.02
201.54
65.8
117.82
552.49
664.27
252.26
61.22
305.17
261.49
319
60.33
49.5
308.49
342.97
505.13
538.08
469.98
727.77
678.81
88.48
788.91
720.05
367.33 /

COPY
	PERMX PERMY  /
	PERMX PERMZ  /
/
MULTIPLY
	PERMZ 0.01 /
/
