---------------------------------
-- Permability values for SPE9 --
---------------------------------

-- Permeability distribution visualized in figure 5 in Killough's paper
-- Killough says 'The input data included in the distribution to
-- the participants included a geostatistically generated 
-- permeability field'

-- The values below are taken from Killough's dataset, they are
-- not based on the figure in the paper.

-- Explanation to how the data in PERMX is organized:
-- Under each LAYER (i.e. K-value), 
-- there are 25 ROWS (i.e J-values) under which there are
-- 24 entries (i.e. I-values) 

PERMX
116.69
19.66
418.09
340.64
554.11
766.91
629
749.47
383.2
267.23
47.54
146.86
317.96
444.5
798.51
29.34
395.72
540.15
25.62
580.57
526.15
136.07
453.97
202.57
321.64
239.64
708.55
698.61
167.07
135.03
152.1
594.14
173.68
548.33
488.85
185.17
769.76
661.67
758.26
680.45
262.85
255.19
77.45
425.73
132.86
33.09
137.11
72.24
21.86
130.36
595.01
254.05
716.85
466.88
0.9
268.98
556.27
300.39
562.75
745.24
526.85
92.48
263.64
637.82
268.91
404.07
288.68
402.71
511.58
546.74
114.8
251.05
197.14
545.61
234.6
248.09
169.29
171.54
473.3
168.64
192.64
96.2
320.43
251.67
238.69
53.38
690.83
671.96
68.79
191.31
125.71
618.84
597.61
755.53
296.02
700.33
422.79
543.3
559.93
5.74
667.39
198.49
251.66
1.97
141.8
744.14
472.92
230.59
209.81
798.51
96.02
415.57
720.71
89.43
312.46
273.58
59.52
738.93
624.74
332.77
51.9
510.71
399.36
637.17
334.3
409.69
671.26
306.87
49.85
288.83
633.08
530.05
573.25
582.45
774.01
339.12
361.67
667.55
501.49
62.56
283.96
329.83
69.68
385.74
498.52
275.69
238.62
722.2
467.62
702.09
197.08
798.37
763.81
74.3
62.58
237.47
148.15
122.83
27.67
718.66
120.81
776.27
713.16
220.66
761.55
700.63
210.95
739.45
648.41
581.31
247.96
452.14
693.84
451.79
331.05
69.43
797.78
341.31
428.67
646.43
751.53
772.18
799.69
11.35
463.22
34.08
162.13
544.97
233.97
625.67
585.09
175.15
428.38
113.62
785.73
647.62
694.24
694.79
157.04
296.61
656.54
675.69
507.32
118.32
591.34
614.83
618.39
563.45
663.79
588.42
260.33
126.04
448.73
713.21
726.19
386.96
274.56
135.4
437.79
397.56
324.13
585.82
51.73
679.45
200.93
729.66
144.63
504.94
686.31
508.21
191.8
394.11
303.48
570.29
172.28
709.58
547.08
217.17
92.81
213.96
613.85
710.83
635.48
36.46
161.91
93.6
770.4
660.37
344.2
424.65
621.82
553.96
564.08
317.65
477.8
181.18
32.25
306.08
247.65
702.38
301.48
489.65
541.89
86.99
417.45
482.94
626.43
561.11
725.36
313.32
592.35
511
428.34
624.39
509.45
238.52
203.66
382.34
340.02
685.39
345.98
357
378.34
164.2
515.63
466.06
196.7
521.6
143.43
778.88
650.73
769.84
738.46
468.49
160.62
701.8
452.35
40.62
450.2
35.75
681.07
428.31
12.62
461.16
475.59
483.48
623.1
776.47
187.73
296.55
64.08
42.83
24.74
122.11
402.5
32.98
199.95
555.2
549.45
578.43
91.5
777.84
795.14
602.09
694.85
563.79
767.53
47.82
486.25
173.63
331.63
658.79
619.01
191.38
53.27
124.31
741.78
211.13
620.43
499.29
582.23
654.79
539.69
304.5
315.82
452.73
537.53
24.6
491.03
777.6
799.22
357.97
528
388.02
16.02
351.06
419.94
512.02
557.23
601.47
181.57
72.3
29.29
187.26
414.87
703.31
480.1
8.75
582.7
362.37
252.48
443.55
112.01
435.58
673.73
536.64
493.13
748.53
608.4
44.23
493.76
598.64
338.94
320.37
732.5
117.61
460.98
454.02
242.71
798.95
106.32
109.16
277.25
495.22
578.69
322.04
669.11
120.88
287.89
692.53
142.14
548.15
720.51
177.47
52.59
629.32
347.89
11.21
674.14
17.65
70.61
568.46
170.12
30.71
357.28
558.82
374.72
105.81
460.42
209.59
33.04
125.75
72.73
462.13
614.21
62.87
594.63
391.62
200.55
589.09
46.67
277.92
292.66
757.83
100.59
265.4
785.7
624.63
89.3
711.8
56.1
638.04
785.05
519.11
650.57
351.18
666.46
405.85
522.4
87.58
31.8
305.17
248.46
799.89
199.61
500.89
348.91
86.35
706.62
606.98
136.98
38.14
135.14
639.22
322.44
547.97
576.37
389.33
675.95
35.11
431.39
707.05
316.42
55.51
776.09
106.9
738.38
793.28
353.27
758.77
462.66
506.58
755.67
57.19
698.71
193.49
322.7
185.78
628.61
327.08
267.39
506.76
458.51
47.67
582.15
62.6
767.18
451.25
155.4
46.7
783.8
344.5
547.41
724.85
597.41
278.49
301.37
781.57
516.73
588.47
552.36
556.97
276.74
369.95
308.67
371.98
768.84
150.5
345.43
425.64
264.88
765.81
459.71
72.36
544.56
595.44
585.64
296.77
575.24
182.81
155.71
372.38
317.24
738.86
590.13
38.66
573.53
726.96
107.8
522.7
725.54
528.37
170.35
162.24
777.08
57.98
55.41
629.6
583.1
342.27
352.49
193.76
717.29
796.56
112.64
393.64
586.8
786.42
712.95
163.29
355.04
268.11
473.18
720.29
4.44
681.11
679.84
242.56
268.06
637.82
746.21
321.78
797.84
530.13
749.33
776.74
790.46
5.54
570.44
696.29
666.43
118.13
210.48
495.92
684.07
699.99
359.25
374.86
752.46
281.85
308.89
253.24
213.55
36.84
385.17
619.14
594.64
170.24
645.09
432.38
154.48
103.14
560.39
731.31
118.89
744.9
319.39
420.69
656.78
746.75
656.39
495.23
132.96
386.35
233.34
568.83
183.6
266.14
431.83
90.4
211.07
385.02
757.46
608.57
475.52
473.4
134.23
8.93
487.57
649.64
460.13
550.96
95.7
419.75
490.72
435.74
696.82
432.94
57.44
497.46
604.16
395.83
429.73
456.16
728.99
760.51
395.71
393.78
17.21
26.9
235.2
771.28
673.49
379.73
710.5
574.68
276.86
176.58
275.78
527.41
540.13
604.19
695.29
195.45
381.82
463.07
269.78
758.08
408.45
773.69
395.73
538.95
652.92
673.77
120.98
754.97
134.88
508.52
744.45
484.63
65.53
395.86
272.95
518.62
631.6
399.51
135.77
618.48
28.29
88.64
321.63
466.79
236.83
216.07
289.25
744.11
77.07
390.78
195.22
189.53
600.83
767.62
633.09
413.3
638.08
98.1
385.5
80.67
415.79
139.04
309.27
775.04
344.34
8.26
312.27
477.57
114.15
292.54
439.76
551.26
546.59
380.67
720.21
366.16
360.65
496.51
529.11
117.22
709.73
29.25
450.24
761.97
355.45
660.03
635.18
665.62
349.07
785.33
328.4
449.09
153.28
432.34
88.18
403.82
334.66
21.65
151.16
433.11
118.98
607.06
204.14
692.57
197.09
492.63
757.31
104.93
678.12
338.02
173.69
132.23
52.96
761.32
544.22
423.15
482.76
20.31
320
697.8
227.77
270.6
589.82
376.37
672.12
334.4
627.63
510.7
498.69
447.29
88.17
503.75
781.54
298.05
460.52
493.38
740.89
792.8
506.01
738.81
33.86
120.32
210.08
415.62
39.48
639.96
673.44
178
626.01
379.96
466.74
155.29
377.65
244.48
662.36
115.93
61.97
206.12
486.15
472.19
131.56
71.8
484.98
558.88
214.41
507.98
215.31
787.33
26.16
140.83
50.06
154.05
231.59
339.98
324.23
627.35
214.97
385.03
280.24
470.14
530.83
23.71
429.56
643.83
686.06
276.34
342.45
763.01
123.56
257.62
305.55
99.06
444.84
579.2
632.25
102.34
29.6
50.65
90.98
794.94
341.3
726.79
542.63
0.22
369.11
276.24
0.48
783.95
369
473.28
412.3
438.66
151.3
147.99
579.35
459.11
711.89
346.03
506.14
67.72
441.6
46.5
25.97
565.61
3.04
241.78
311.08
554.05
769.06
241.27
38.47
226.39
288.56
134.43
548.01
373.08
681.25
263.47
55.27
510.3
190.86
740.38
203.12
139.46
708.61
363.9
215.02
480.94
59.26
151.81
720.97
57.37
149.75
526.14
204.68
144.23
456.44
420.6
249.1
259.45
136.63
609.55
259.95
119.15
32.67
767.85
674.35
216.8
415.88
347.39
156.31
391.87
472.67
111.21
658.06
157.7
528.98
533.24
84.37
291.27
277.83
256.94
734.02
365.22
681.11
755.53
44.52
50.08
41.09
78.06
682.77
259.68
434.01
327.77
722.87
682.72
755.2
767.92
294.77
412.12
151.22
209.99
308.01
7.24
143.48
193.12
20.82
167.11
190.15
561.36
214.96
533.05
770.19
633.82
597.11
82.44
108.2
296.86
678.52
189.07
768.71
200.09
552.52
765.21
105.05
62.93
324.79
665.61
243.79
469.02
108.97
550
439.57
564.51
741.48
507.44
168.78
435.58
21.29
421.08
455.36
797.34
773.43
217.2
493.26
100.91
82.38
797.28
452.16
717.32
715.76
316.55
442.11
703.59
329.55
739.88
446.93
249.68
522.81
261.36
562.95
161.81
621.93
233.91
17.37
594.63
460.75
97.58
448.18
306.34
179.92
671.21
36.67
664.14
604.62
432.02
319.63
360.71
546.01
487.45
761.26
789.42
754.88
623.01
765.61
741.78
392.99
776.14
540.2
302.74
99.94
414.53
632.58
203.89
747.26
42.98
608.73
385.59
224.21
302.74
702.82
41.15
266.61
79.8
631.78
575.82
665.35
53.47
799.38
172.45
348.11
502.06
1.1
66.99
321.51
351.61
785.47
513.2
592.81
456.38
292.38
217.63
75.56
630.05
691.86
125.63
554.97
653.04
590.32
590.23
782.78
433.32
669.74
113.3
768.88
521.02
111.59
643.38
396.46
286.1
159.1
586.96
129.47
355.14
225.24
729.95
632.24
247.18
530.02
451.27
231.09
109.98
277.74
496.11
178.76
566.91
671.86
719.11
376.99
90.91
347.05
209.16
47.07
407.47
759.45
264.25
107.96
21.29
212.65
270.91
249.24
710.13
581.15
511.14
721.96
29.95
11.52
581.49
131.92
363.69
106.38
158.68
736.19
630.65
734.71
770.23
331.11
591.09
268.61
5.61
481.75
70.87
705.35
485.59
637.52
88.42
33.28
777.28
739.38
516.74
384.04
481.39
657.14
275.97
644.09
401.56
611.97
526.95
141.69
653.68
517.45
576.26
4.85
733.4
709.19
258.6
754.82
337.88
732.23
493.23
456.46
621.57
596.25
623.39
788.62
148.17
328.53
602.67
752.34
723.11
582.2
528.77
324.17
23.32
646.95
68.32
724.16
515.59
334.04
561.61
53.47
673.65
297.99
312.9
516.99
284.1
795.11
4.9
80.16
670.5
396.33
782.51
651.88
635.25
781.75
205.89
291.01
505.84
228.32
205.43
64.08
759.23
278.54
406.8
11.22
489.33
231.32
222.32
564.02
196.45
287.07
550.95
379.96
537.23
269.47
548.04
588.35
19.05
730.24
173.37
5.4
222.09
137.93
362.53
275.36
452.81
48.17
669.77
18.87
417.31
237.34
775.8
626.52
372.54
538.22
22.99
474.14
26.68
151.88
579.88
361.09
789.61
240.89
340.5
517.69
670.92
514.78
313.78
615.2
318.08
563.61
264.74
406.74
463.67
541.24
678.43
756.92
634.6
665.03
75.27
714.7
245.65
763.73
184.25
467.65
9.04
266.71
366.14
304.05
559.99
137.79
263.15
202.52
374.19
299.02
427.1
62.1
232.82
261.92
703.29
562.29
75.99
795.67
241.6
517.55
158.39
129.25
617.53
166.31
443.17
95.68
732.49
325.15
778.64
161.14
631.19
183.27
232.29
10.81
368.29
141.48
422.96
762.8
729.13
594.26
671.74
636.32
718.96
782.04
724.11
419.53
554.11
346.74
75.06
630.36
124.28
9.15
589.29
538.81
558.73
618.19
379.19
70.3
467.4
326.91
782.57
135.54
3.28
410.25
752.9
674.05
96.6
659.83
363.79
400.69
574.27
654.34
181.73
766.38
187.43
536.47
51.49
293.14
412.22
185.37
589.14
325.06
692.83
123.88
79.48
495.24
270.81
784.35
177.54
642.96
631.82
777.11
647.45
269.34
540.97
288.5
503.23
297.76
567.25
591.46
639.45
297.33
441.67
266.38
134.91
2.83
86.63
798.06
335.05
765.54
466.57
225.13
414.58
76.42
473.58
727.4
44.95
451.24
416.98
208.55
239.51
349.33
148.66
770.55
457.62
506.79
764.93
418.48
210.74
581.73
470.09
258.44
784.3
236.87
202.7
383.67
624.66
662.53
402.24
642.69
198.07
591.4
617
173.32
203.3
36.98
549.32
315.98
168.56
336.63
14.91
174.26
226.18
640.52
35.51
517.04
724.02
244.02
637.79
274.72
777.33
100.72
101.59
11.52
398.6
692.68
516.24
786.23
371.86
427.89
401.24
435.39
305.95
773.73
574.48
116.53
354.12
398.31
776.69
372.66
78.78
797.68
699.62
472.58
209.74
608.18
641.72
547.73
138.21
680.54
198.07
699.16
606.27
88.17
350.37
569.07
790.97
730.91
668.86
311.8
299.99
572.44
18.4
761.35
701.4
94.04
58.19
526.05
35.16
155.87
46.87
126.22
363.78
557.17
314.55
171.17
110.5
739.23
392.98
268.62
208.02
540.61
754.82
746.21
168.69
11.85
755.74
134.7
629.16
702.38
720.17
661.48
675.12
626.72
488.1
235.46
758.06
351.79
636.38
657.26
111.75
0.9
530.93
700.27
492.22
542.42
474.05
795.39
44.48
662.47
208.93
215.75
386.04
693.97
572.61
628.56
527.72
712.62
246.52
610.43
546.55
337.1
778.21
226.58
733.02
182.35
11.94
473.55
744.64
290.3
675.8
695.44
375.5
5.58
683.49
121.55
403.27
630.22
2
699.36
462.14
350.77
570.25
325.97
118.52
113.29
51.41
336.89
720.49
534.83
549.65
592.75
440.63
126.11
500.44
768.49
777.97
635.95
261.96
421.71
628.09
434.38
374.99
749.18
630.44
776.91
616.88
384.09
407.91
338.61
186.23
709.97
582.61
429.35
579.14
555
633.52
527.87
255.04
218.7
38.99
130.54
134.22
39
281.66
246.43
501.99
690.75
452.32
166.64
587.88
47.98
328.01
532.99
199.31
70.75
237.29
749.53
521.65
374.76
253.41
261.07
87.14
322.03
89.94
472.21
100.37
194.79
531.8
490.18
503.22
6.31
521.19
72.28
630.15
791.68
521.66
550.97
663.85
652.04
46.45
348.25
654.07
774.19
452.94
191.17
416.15
183.08
224.78
556.06
714.36
309.47
372.16
593.02
17.77
452.56
789.94
365.05
155.7
554.76
41.88
701.2
552.69
378.85
595.15
793.79
490.37
471.28
572.49
260.1
689.95
339.23
117.6
583.71
596.72
109.6
13.32
14.91
225.36
481.86
598.28
320.45
457.15
558.13
273.01
766.33
451.12
345.06
721.04
157.73
195.94
589.86
455.97
647.93
289.91
480.35
215.09
634
561.75
629.65
336.67
438.12
679.72
743.33
597.96
88.94
302.6
145.85
376.18
605.24
570.31
36.29
660.75
623.79
639.13
130.54
582.77
629.23
529.3
503.52
336.35
23.59
250.54
451.66
511.31
537.57
645.8
186.46
472
634.98
108.78
247.03
34.74
117.94
753.37
510.47
159.99
764.8
68.78
44.7
599.31
557.04
513.14
66.93
789.44
16.95
621.61
591.91
440.68
544.31
403.17
698.85
319.08
550.91
143.45
710.02
247.52
715.2
708.68
694
384.8
137.9
93.65
25.31
543.92
420.42
611.98
490.1
768.02
328.39
406.45
687.93
782.94
311.68
447.68
703.54
123.14
683.34
730.56
149.61
714.47
515.6
785.22
295.78
127.96
296.95
438.58
601.1
687.31
176.67
479.54
738.95
427.86
745.18
428.9
783.82
777.49
240.47
389.92
92.89
647.52
368.38
563.33
57.97
399.58
764.4
317.04
786.76
6.51
316.7
494.88
741.82
407.67
365.97
601.31
262.8
538.31
616.68
665.81
125.64
535.31
413.35
363.53
740.37
663.34
215.47
304.02
739.72
459.44
23.55
498.52
596.34
718.2
359.36
555.46
561.29
484.32
651.97
558.76
33.27
794.62
647.76
56.57
95.52
76.54
187.29
497.63
669.56
698.39
322.1
296.22
231.01
619.12
535.2
206.31
408.42
788.15
192.44
313.68
234.48
18.5
152.68
663.71
448.26
445.17
745.7
23.56
641.03
394.94
40.24
461.58
234.64
739.15
170.37
473.2
127.63
188.77
543.34
198.17
527.96
631.1
543.16
396.89
799.61
323.11
652.83
564.11
220.58
441.92
301.84
613.73
715.54
772.98
243.25
273.93
581.1
361.07
716.55
460.7
104.37
144.28
117.82
567.08
701.01
739.97
84.9
49.19
5.97
119.74
621.71
749.1
611.7
679.27
619.31
176.86
550.79
129.5
501.43
558.15
682.36
397.92
708.49
173.98
718.04
71.62
372.19
510.38
446.92
510.83
763.63
408.56
719.54
112.54
64.49
734.23
344.35
688.07
225.5
192.29
539.72
649.76
529.05
253.15
176.4
114.51
578.13
447.16
323.78
595.33
609.97
529.55
216.28
452.64
637.85
382.06
86.07
640.74
340.72
560.65
156.63
328
66.9
721.35
258.03
399.36
442.41
39.71
665.64
482.07
226.66
697.48
171.09
623.88
192.8
640.94
295.91
740.35
767.93
512.77
603.41
481
385.66
465.47
714.46
6
610.63
732.11
223.82
59.09
330.11
624.39
142.29
452.86
43.14
170.29
74.43
123.78
125.21
711.31
712.08
236.99
570.01
84.4
689.74
653.58
252.13
564.37
16.56
593.26
439.81
32.87
8.06
152.77
241.3
405.31
438.4
632.34
219.09
159.57
725.45
644.02
406.37
175.04
55.69
131.33
680.57
148.32
62.43
594.93
322.74
123.99
91.86
571.03
207.42
779.16
736.03
542.85
351.08
567.73
167.77
726.01
698.62
96.83
672.03
765.21
636.98
240.72
281.81
667.27
599.08
137.65
482.47
610.72
678.81
174.73
780.07
643.21
608.35
489.35
745.44
725.39
220.91
636.13
119.28
513.13
67.03
347.62
491.56
96.39
167.2
685.72
347.45
575.15
564.74
83.39
742.42
712.82
514.77
778.84
12.43
447.51
542.88
477.04
252.6
676.64
753.9
680.8
720.8
18.99
360.86
673.81
132.07
481.78
547.87
596.15
339.1
733.89
532.95
372.65
77.67
368.14
350.07
18.02
332.55
515.82
193.2
524.56
72.9
655.78
751.16
99.51
103.29
733.08
691.85
117.49
34.72
505.05
312.57
184.25
604.14
93.82
556.67
579.14
485.84
508.34
661.11
192.97
701.17
762.15
729.51
799.73
352.07
129.31
569.76
626.11
274.81
573.45
23.32
647.19
404.42
339.14
459.24
39.08
50.9
522.74
108.21
69.55
650.81
487.35
601.47
37.75
781.54
294.2
520.15
273.83
83.06
780.25
308.91
715.56
452.18
735.18
481.97
458.75
320.47
390.55
606.5
95.44
777.57
651.26
238.4
267.37
734.1
397.65
63.63
563.75
367.98
687.96
34.74
686.26
225.6
426.33
716.09
126.03
491.78
575.73
484.11
466.35
216.16
428.18
140.26
325.97
221.28
398.3
57.48
795.5
478.6
757.33
283.28
569.87
630.24
463.15
699.66
145.36
353.57
561.94
711.97
43.89
391.05
151.38
184.84
702.54
529.26
79.33
425.52
36.79
202.38
688.47
178.21
579.99
30.88
16
747.58
348.86
512.5
664.66
325.33
114.7
289.04
755.49
490.27
719.09
114.7
576.43
668.89
589.84
698.86
9.53
350.34
727.81
18.77
596.48
503.03
774.02
169.82
301.63
285.13
777.64
575.54
599.22
486.39
630.31
726.31
559.13
281.46
527.86
648.55
79.63
241.96
371.39
108.1
456.74
649.29
754.31
146.38
305.92
741.12
773.84
703.29
397.22
30.85
795.6
787.79
251.51
787.25
789.98
200.86
54.27
618.45
325.58
404.37
596.71
393.95
453.48
242.88
711.13
637.12
626.89
88.75
192.24
583.85
48.17
426.21
276.79
564.52
738.01
385.74
629.68
224.93
11.86
729.69
379.9
260.67
413.74
513.5
484.78
116.89
555.7
623.81
520.66
18.49
495.47
15.54
353.07
15.5
581.68
716.9
204.26
369.65
451.89
122.75
4.22
696.12
162.03
730.92
258.21
156.11
663.94
354.07
673.31
552.05
547.48
185.86
741.54
205.57
122.77
363.31
544.62
704.16
535.48
305.12
36.97
654.73
726.88
287.36
597.08
139
608.09
704.38
133.71
527.04
322.14
156.59
725.19
675.8
73.44
121.83
709.34
204.21
214.75
19.43
183.34
561.36
322.33
727.47
587.54
283.96
661.66
541.51
474.41
623.1
149.35
355.45
179.59
623.23
313.49
24.44
661.42
643.18
600.81
368.72
537.08
331.45
232.01
686.2
537.83
230.43
222.71
434.44
756.15
637.26
184.34
598.27
297.1
776.55
594.29
620.1
213.61
126.97
29.47
474.7
571.27
194.33
39.29
296.64
719.58
13.3
788.1
780.01
413.15
459.25
171.42
266.65
609.72
210.95
581.19
423.7
334.93
43.98
423.9
176.27
555.11
322.98
160.85
41.77
299.59
666.53
469.51
561.84
285.65
713.87
620.45
1.96
159.13
44.06
28.26
516.61
190.86
624.51
331.2
258.63
119.72
397.94
620.37
400.3
99.48
586.75
775.94
269.41
398.36
769.32
588.48
420.74
215.07
635.95
505.5
458.21
161.36
315.69
202.77
376.61
400.51
772.53
134.4
634.13
124.29
728.31
402.28
20.63
358.49
538.46
265.55
357.02
455.85
680.51
45.38
605.06
384.04
297.5
106.24
648.22
580.02
484.63
780.47
323.47
473.01
48.24
186.42
284.85
679.49
35.23
529.62
759.77
558.69
683.86
85.38
789.15
789.03
460.25
202.51
152.01
654.87
119.62
381.84
369.45
537.47
395.29
799.47
504.83
506.45
450.07
590.39
724.22
32.4
531.74
708.69
320.83
208.53
235.08
746.09
771.49
183.66
265.85
701.71
191.14
351.16
208.68
636.61
779.33
265.04
575.07
193.09
320.3
453.36
155.9
442.48
123.38
538.39
336.62
615.81
735.18
318
559.67
332.66
736.41
306.99
371.32
104.03
197.03
323.39
644.22
512.26
75.37
235.75
215.32
592.9
431.41
217.64
441.16
784.33
257.04
255.9
616.59
298.7
23.17
514.58
282.26
324.38
261.29
420.54
757.22
775.74
64.35
22.27
272
408.11
778.52
627.9
779.01
90.74
391.63
464.66
25.52
578.52
692.62
402.82
537.09
633.26
127.13
138.12
135.28
403.04
648.11
316.37
480.2
360.64
433.86
392.5
304.26
582.78
137.33
696.77
585.21
372.5
547.88
799.97
129.39
61.64
47.77
303.8
24.35
48.6
759.21
714.69
707.58
623.29
664.91
533.23
338.22
687.93
450.18
705.2
685.15
702.66
375.21
322.47
198.45
1.22
651.12
643.05
264.53
60.84
312.65
280.05
514.98
473.21
372.98
382.37
540.3
773.46
376.98
496.17
21.84
118.38
744.22
508.44
664.32
66.64
452.27
31.5
344.88
482.12
110.86
203.91
645.41
709.56
428.46
255.73
113.65
79.98
588.12
512.26
368.86
241.41
69.25
769.64
255.94
105.58
783.73
394.26
735.79
487.53
224.21
51
134.14
321.33
70.17
433.74
2.8
794.94
678.87
649.29
723.2
713.8
433.71
617.37
711.44
396.8
603.17
59.25
373.65
141.98
265.34
631.97
451.31
430.94
477.83
54.42
180.2
390.79
187.65
299.14
227.84
625.85
145.07
613.76
473.38
10.59
83.54
45.04
563.49
382.32
754.17
115.29
283.12
151.64
282.4
174.09
189.13
0.93
41.89
192.02
281.24
162.32
12.52
479.4
651.66
796.88
13.41
391.08
506.43
331.05
524.84
542.28
675.29
48.12
411.73
765.72
383.3
435.72
22.5
342.8
540.71
759.98
572.56
70.01
205.62
700.92
416.43
453.34
589.49
564.48
417.9
291.94
720.41
271.34
335.36
689.67
491.12
577.02
59.15
590.11
102.86
127.36
96.1
166.81
291.26
707.09
484.43
473.08
276.07
211.25
339.1
289.07
228.13
664.66
80.47
706.69
34.43
527.42
428.81
351.59
277.3
304.05
322.89
776.45
537.27
300.47
782.62
722.52
55.92
606.55
55.39
263.12
57.05
270.43
731.6
555.77
752.59
65.85
484.27
92.56
69.41
702.22
495.93
412.34
308.4
102.92
705.61
431.91
502
399.96
632.22
502.29
243.88
314.22
714.35
440.12
444.24
638.04
92.24
460.81
416.03
701.46
207.55
700.19
443.97
411.07
267.9
227.28
90.72
657.96
343.86
500.42
519.36
576.37
541.87
381.64
545.79
591.86
656.4
67.75
329.66
82.48
386.5
431.72
450.2
225.83
580.35
619.77
78.77
588.76
411.33
520.28
674.86
323.23
329.24
621.61
669.77
780.4
736.1
256.23
599.46
780.73
128.13
555.58
511.4
732.46
675.09
635.99
799.34
626.91
720.5
780.45
755.95
664.8
457.55
445.44
158.39
576.28
310.58
615.67
298.74
52.2
373.23
312.58
432.73
645.9
641.94
302.29
247.57
312.11
432.21
111.58
205.81
18.23
39.59
660.19
635.96
332.97
664.85
674.73
772.23
562.71
757.75
676.9
568.04
788.73
394.42
199.92
340.65
483.71
514.31
15.82
684.87
605.48
5.38
627.77
17.37
264.68
173.78
590.66
601.92
789.66
288.17
437.72
137.32
49.63
264.12
258.06
370.42
252.56
378.08
13.86
26.1
90.23
484.85
447.08
591.2
445.04
81.3
505.95
785.88
229.19
564.69
584.3
630.54
660.91
3.54
281.78
79.37
300.36
60.25
599.03
576.51
454.31
442.72
242.72
315.31
306.18
314.5
406.74
94.78
289.98
623.6
453.74
727.86
533.89
358.25
119.63
571.36
702.58
476.49
1.53
735.11
176.38
559.19
701.8
555.16
473.02
85.95
509.78
21.51
652.5
368.6
82.11
225.83
501.51
260.1
487.22
624.41
104.17
548.65
348.9
521.76
618.27
341.5
615.26
617.11
799.95
289.31
260.01
626.79
62.05
14.74
0.44
275.76
624.68
209.41
278.54
627.6
277.41
641.68
227.18
482.61
410.63
346.26
295.09
2.67
653.76
417.49
421.05
157.43
793
194.85
676.96
620.27
495.49
460.6
245.77
197.71
469.24
401.1
283.15
47.9
645.95
558.25
403.84
33.43
230.61
208.88
491.37
72.03
385.84
143.74
262.82
5.76
39.72
283.29
67.87
311.04
460.27
298.33
556.32
327.61
649.78
575.57
13.75
128.51
213.73
742.31
169.38
271.71
400.84
584.77
470.44
320.8
522.95
365
405.75
734.92
83.05
482.32
388.19
470.96
80.03
323.59
731.94
660.25
497.8
454.45
695.12
313.76
7.26
255.04
198.83
583.92
36.46
226.33
650.35
363.55
710.03
630.69
610.7
394.69
542.83
726.91
520.32
372.6
365.59
210.68
60.06
444.98
416.61
33.93
527.7
397.06
349.65
586.72
446.99
788.88
305.91
407.79
648.8
525.38
653.28
697.22
38.56
94.67
346.93
739.77
539.8
573.58
358.39
653.03
754.55
725
253.16
464.17
600.14
539.47
319.64
419.15
460.42
180.76
411.48
511.67
246.23
454.89
115.74
27.93
532.86
77.21
515.4
393.91
616.59
7.51
4.12
128.25
166.43
655.17
58.73
572.96
712.33
576.31
413.29
12.96
708.85
610.65
72.29
754.14
382.95
399.88
771.11
37.43
762.27
219.84
433.2
240.96
643.73
286.25
114.14
761.33
554.2
208.83
98.5
131.38
513.48
198.56
32.7
432.84
690.7
785.06
2.78
578.68
71.11
100.27
472.37
775.6
497.88
103.28
232.17
442.56
609.68
43.72
669.83
799.03
219.51
421.58
158.58
655.9
14.37
338.97
322.73
484.07
775.8
766.15
69.98
70.51
486.66
259.18
597.01
759.17
288.95
690.62
478.14
698.45
504.25
765.35
586.88
56.2
538.73
486.43
92.43
596.48
634.19
241.21
745.68
41.66
623.72
569.61
461.73
166.92
203.97
112.11
763.28
518.78
680.55
463.67
279
19.95
684.54
616.79
794.14
355
67.6
779.96
266.54
211.34
509.4
507.58
616.08
158.42
738.16
596.11
367.49
490.37
465.5
770.52
143.21
507.1
295.04
170.82
343.02
459.84
725.79
385.04
355.95
357.84
409.65
740.63
297.84
217.96
267.34
160.56
75.97
357.44
425.47
741.95
396.69
15.61
549.37
109.06
403.86
730.87
126.57
117.06
119.77
61.55
76.34
343.85
648.03
649.45
723.23
347.46
611.53
757.88
216.85
319.94
698.1
111.21
265.11
780.4
339.62
624.12
363.7
521.74
716.56
661.88
711.22
265.79
531.2
59.91
44.29
587.11
349.83
581.87
161.1
0.02
769.42
542.55
487.95
478.34
26.73
699.69
458.47
137.73
263.15
350.45
16.94
356.47
161.83
94.98
216.14
33.68
71.79
717.56
683.5
194.67
684.73
672.43
360.1
241.37
43.33
588.91
626.77
612.38
554.15
401.95
733.18
676.41
22.48
783.59
786.22
400.13
28.6
593.77
153.72
67.97
108.26
284.51
18.75
781.55
375.58
601.12
494.97
568.98
475.43
658.59
245.45
135.7
777.27
276.35
257.94
366.36
358.95
356.51
608.95
416.21
372.74
607.56
72.72
251.31
211.73
694.51
205.14
451.06
712.48
496.78
19.26
673.59
464.28
289.51
114.3
571.99
375.01
262.22
378.33
536.9
27.17
741.56
460.98
264.56
118.09
412.48
626.43
517.15
106.08
464.04
363.81
8.09
330.28
273.66
602.29
77.47
757.72
790.71
391.02
291.98
327.21
62.26
111.81
193.33
87.08
378.72
355.95
22.52
62.39
98.76
659.91
43.95
34.21
748.15
754.47
261.2
106.21
293.17
197.92
555.71
766.72
262.94
630.19
438.35
175.95
706.29
399.2
23.11
596.5
786.05
384.19
464.61
718.66
653.45
140.9
632.59
402.65
582.66
683.28
52.08
190.61
474.77
650.18
97.69
184.27
699.21
57.32
480.04
343.24
33.89
353.93
709.21
602.34
597.12
746.58
401.78
777.14
237.3
409.53
347.76
790.42
213.59
236.83
342.17
207.65
376.9
647.47
61.34
425.55
505.84
173.04
666.24
118.26
272.36
456.11
435.26
267.82
796.42
8.73
63.19
403.05
271.07
203.33
149.76
90
446.99
562.75
361.91
381.19
582.59
271.61
619.74
674.83
118.67
649.61
426.6
713.18
779.43
691.6
535.7
484.51
283.09
6.65
415.35
608.04
459.47
611.41
788.52
560.19
690.5
783.93
397.78
665.68
299.68
129.58
703.85
280.08
13.87
247.75
341.6
201.46
391.79
518.06
616.1
628.46
16.34
172.52
443.13
456.66
275.93
248.2
459.64
389.87
95.51
328.27
92.78
312.94
579.34
312.4
192.29
170.08
718.48
357.52
378.18
343.8
110.7
788.18
608.13
630.33
19.13
106.35
402.06
668.28
63.73
289.05
386.43
314.68
506.53
696.51
275.65
320.15
279.18
14.86
719.7
18.21
725.09
298.53
244.02
542.25
717.75
386.9
185.02
619.98
58.53
175.11
230.78
775.46
602.67
102.6
281.18
688.14
436.3
469.05
4.24
371.31
267.87
292.97
618.17
207.8
754.33
122.87
730.14
584.13
754.08
711.63
104.8
89.31
597.21
542.57
620.54
762.91
262.88
203.46
606.04
314.39
292.75
713.69
251.99
56.98
466.46
627.08
794.37
319.08
229.55
441.64
639.16
420.91
414.46
470.25
715.41
553.16
219.67
21.28
526.5
607.33
458.05
767.71
179.19
515.82
409.36
644.51
515.96
487.79
755.11
467.72
74.12
375.35
256.45
496.1
412.25
433.82
380.54
478.57
653.88
659.68
690.8
108.05
396.37
470.12
46.36
766.83
440.71
357.42
288.64
248.04
415.67
407.38
657.02
27.61
518.03
695.91
726.57
536.25
119.6
474.27
635.13
485.81
524.81
465.69
290.22
86.35
265.12
274.94
489.05
344.23
497.76
542.03
267.86
751.87
236.01
214.91
38.09
410.8
770.21
321.97
495.24
788.98
664.87
755.06
247.01
589.51
781.82
792.16
344.8
645.64
40.83
540.45
632.06
153.93
30.82
36.05
127.46
147.48
662.36
427.56
132.77
56.78
42.53
328.5
344.65
111.73
638.04
171.32
376.96
571.48
640.01
203.02
497.38
750.84
317.59
450.6
65.2
604.56
81.91
416.13
793.39
637.37
346.15
16.79
184.42
744.61
88.35
307.17
142.98
25.15
435.21
103.77
373.08
2.66
209.39
3.45
402.98
644.72
540.64
222.34
457.35
723.22
416.63
134.73
689.08
655.2
536.43
506.63
343.98
686.16
629.18
31.37
238.1
466.23
739.92
568.71
11.39
11.79
439.33
171.9
392.63
732.99
494.51
257.17
631.69
378.66
462.24
287.66
336.9
320.06
577.64
191.87
68.14
435.95
403.22
580.36
471.53
472.66
454.03
17.62
191.02
370.99
723.19
154.89
748.07
24.78
349.84
368.47
13.11
658.17
785.5
564.89
669.31
287.96
124.06
267.24
289.54
464.04
681.31
151.39
708.33
788.58
789.08
576.81
330.99
333.54
761.92
223.74
31.43
168.55
657.17
413.98
786.78
483.89
393.58
525.26
524.53
504.46
171.01
40.79
541.68
543.46
734.3
669.45
430.98
239.61
251.62
51.68
471.69
425.47
256.55
36.2
513.05
316.5
3.23
119.76
49.88
643.35
3.63
560.46
759.67
721.47
691.27
686.44
580.41
365.51
37.26
129.45
730.73
108.84
139.12
320.21
179.89
650.6
431.22
82.33
190
789.39
295.99
357.55
408.59
209.59
299.62
210.29
421.71
684.14
656.68
184.89
327.18
499.61
526.68
216.18
353.87
763.76
230.02
186.7
67.22
500.83
725.21
585.39
572.76
546.2
330.37
312.76
114.29
374.44
485.16
396.15
574.24
427.49
561.69
542.53
546.75
676.44
10.9
376.35
759.55
211.63
763.19
24.54
376.97
400.43
662.16
564.17
520.09
788.89
215.87
355.33
362.14
194.04
322.54
104.65
71.5
704.65
615.28
287.78
69.81
59.19
561.23
4.62
558.85
331.34
111.68
244.53
188.26
216.55
565.49
40.21
15.87
358.53
599.64
524.18
157.74
134.9
192.04
192.06
205.67
129.72
232.35
759.69
65.08
241.99
289.76
753.3
598.78
102.13
760.29
235.04
95.57
763.99
145.95
39.44
781
229.85
510.25
401.78
7.67
639.6
629.14
770.61
672.98
396.79
345.42
621.07
111.22
670.38
400.47
207.72
131.85
711.48
173.23
556.58
187.74
428.37
166.42
84.2
220.23
485.45
759.62
726.03
50.85
798.76
348.66
74.78
519.56
642.46
27.11
42.29
681.1
322.28
2.18
609.55
78.14
507.63
602.01
229.12
90.5
318.74
328.64
415.36
291.35
377.78
122.96
472.8
646.71
292.2
224.43
527.48
452.39
93.2
442.51
162.87
452.82
453.48
478.19
664.81
600.95
58.43
21.5
564.85
608.4
672.65
211.26
637.15
23.26
789.64
61.1
626
782.98
519.66
47.85
162.31
312.86
69.91
303.6
696.1
118.3
282.31
545.57
261.05
46.76
405.78
627.48
332.29
47.44
471.01
615.97
794.46
190.25
583.57
231.56
757.82
380.84
85.96
326.57
724.21
671.51
477.13
291.22
620.22
364.36
229.38
575.01
542.05
35.7
565.62
728.33
665.25
277.27
88.7
406.65
109.75
785.31
397.29
40.73
654.43
407.93
155.27
472.98
563.54
689.43
287.89
550.58
343.07
536.79
357.65
312.47
633.28
139.04
583.57
249.74
102.24
671.83
314.54
685.43
279.4
476.93
156.1
240.29
617.94
175.94
12.78
413.86
623.83
786.39
335.95
397.06
293.06
425.04
54.47
768.48
141.04
262.54
397.44
587.04
718.94
378.05
489.83
432.18
232.22
206.81
178.62
88.82
320.72
341.64
744.59
597.27
383.94
80.49
427.15
657.73
763.01
622.21
143.37
3.73
621.13
641.41
785.98
560.34
99.77
63.55
39.71
511.76
489.79
555.83
416.51
319.08
396.72
6.83
779.8
325.35
590.14
8.29
170.46
573.52
563.92
611.73
612.94
111.9
522.6
495.18
680.18
436.11
152.53
636.62
98.91
469.41
171.97
757.24
444.03
463.1
31.5
187.22
508.44
448.33
55.78
339.63
548.62
189.12
775.13
150.68
751.92
617.92
255.05
520.39
746.14
117.2
330.85
551.27
268.65
28.07
301.76
528.36
470.03
402.19
285.19
501.53
579.56
540.44
69.9
567.06
756.51
554.92
196.73
791.83
488
620.18
611.3
701.02
510.39
171.17
310.43
262.71
262.56
7.26
339.62
542.05
243.87
83.95
708.93
682.75
286.13
395.31
300.26
185.86
498.75
44.42
700.97
176.61
323.58
232.63
181.6
624.32
363.98
216.38
181.45
237.13
631.42
267.59
152.23
89.03
648.5
703.57
767.7
758.85
635.33
783.42
799.34
775.25
401.57
95.7
259.38
573.6
551.26
38.48
280.39
788.24
512.47
37.77
773.53
622.53
600.75
127.86
652.27
134.39
289.81
139.83
782.94
368.3
45.14
293.95
427.25
252.94
592.65
53.62
115.65
575.54
194.54
122.43
731.32
77.52
269.93
689.91
70.53
586.4
308.64
612.1
173.98
733.92
577.94
481.25
792.83
91.65
437.69
36.42
750
360.81
655.3
261.61
132.39
297.41
143.38
273.76
384.93
115.49
214.76
243.83
13.33
676.63
9.62
603.1
577.89
616.41
145.35
148.65
168.32
192.56
20.17
7.74
371.19
48.55
155.69
252.51
561.42
635.89
43.82
140.96
598.42
632.3
645.78
413.17
136.03
298.11
140.49
429.65
360.82
790.76
350.14
265.18
94.75
327.47
338.85
348.58
677.4
184.31
33.18
128.93
168.13
483.19
268.7
250.17
708.82
104.09
452.43
631.55
751.75
756.49
347.32
766.94
710.36
204.24
266.39
712.81
741.42
311.29
677.11
415.26
259.42
467.17
312.2
427.1
496.37
665.95
148.46
617.49
512.88
718.3
162.21
612.45
11.87
585.18
437.26
389.31
277.6
498.44
581.03
214.72
608
508.81
111.01
439.62
130.48
256.31
259.51
545.13
738.84
632.56
484.42
633.72
553.52
77.58
225.18
163.73
45.98
594.89
356.15
46.78
649.61
399.09
608.8
474.97
329.07
210.27
205.63
533.45
252
662.61
68.53
43.38
520.98
480.49
221.77
180.38
295.55
122.23
59.5
117.87
69.01
446.09
685.51
80.4
103.67
141.07
92.09
760.33
221.98
487.83
71.61
421.56
159.22
559.24
580.75
78.39
613.2
587.13
789.07
539.13
159.02
646.31
713
492.92
77.11
56.79
176.31
151
192.58
738.31
163.82
759.39
33.82
660.06
764.42
765.41
268.56
533.33
18.24
332.47
712.02
571.65
153
125.54
183.83
539.63
639.94
211.4
570.25
396.52
101.44
613.45
756.48
382.07
716.84
287.23
367.38
709.1
609.31
173.17
95.81
571.99
550.51
710.03
266.31
204.78
504.73
686.72
657.96
271.71
266.53
53.53
50.58
721.83
429.59
307.48
347.15
597.67
762.41
156.72
572.3
251.83
644.62
696.16
650.43
631.09
562.13
603.64
2.32
590.91
251.08
615.14
308.26
331.9
545.92
567.69
486.93
567.58
477.6
351.65
483.91
590.41
82.08
419.06
408.82
43.69
656.23
37.84
350.5
382.16
678.05
439.42
519.04
413.9
673.71
137.17
670.1
405.51
437.33
447.43
581.34
441.04
523.04
528.58
603.65
452.02
440.32
428.43
51.03
438.03
763.42
491.23
493.34
475.5
695.85
542.95
189.13
735.05
758.05
284.57
42.15
194.67
84.51
751.17
439.54
235.97
713.55
781.41
408.42
52.2
559.82
346.48
752.54
325.78
420.26
123.23
84.25
613.47
322.41
258.71
111.62
83.23
622.4
351.93
441.66
707.76
277.13
262.98
540.83
731.06
715.2
728.46
498.53
212.9
574.58
410.05
474.14
141.03
94.65
187.52
648.25
276.6
109.84
34.89
352.43
529.36
683.49
53.09
786.66
599.22
783.3
790.6
373.22
169.9
261.32
461.6
799.54
57.42
27.29
233.17
765.18
115.77
481.68
158.89
600.23
103.39
703.75
585.51
197.14
314.6
75.41
430.85
112.89
398.83
8.99
296.2
250.03
179.25
3.09
491.78
301.3
22.4
523.32
141.78
16.58
253.42
748.8
122.26
487.24
554.85
795.89
191.78
656.91
40.35
35.83
327.2
305.47
369.1
393.51
66.94
395.49
119.35
352.03
175.11
202.84
169.5
577.86
174.2
340.31
761.92
233.61
91.81
783.14
255.13
451.34
156.67
574.13
576.29
72.02
190.48
525.53
246.59
275.29
388.26
118.19
192.53
253.78
437.62
787.13
304.02
702.58
371.05
652.7
668.17
695.06
209.66
705.5
607.89
570.08
784.14
518.39
532.57
115.25
218.93
496.76
90.99
322.17
161.64
153.14
546.67
38.74
616.48
486.98
416.28
143.96
490.63
489.98
619.2
262.97
511.26
121.38
796.41
669.96
411.72
398.39
618.83
716.53
698.6
760.82
94.12
281.07
542.08
453.12
457.04
248.47
327.63
700.69
39.16
390.15
594.09
182
718.73
620.08
466.79
552.68
97.23
281.15
112.63
226.53
56.34
344.06
554.5
627.71
797.45
584.96
37.98
262.19
659.52
222.45
197.49
544.21
320.86
425.9
546.25
75.5
647.95
282.07
165.43
50.68
131.55
291
529.3
620.72
333.33
65.31
493.01
26.6
301.69
745.47
41.33
799.12
335.65
215.26
319.56
60.78
345.13
53.63
520.11
112.93
453.75
586.27
726.35
189.2
466.82
220.21
136.53
453.05
377.22
569.2
548.36
681.6
146.66
55.04
796.47
376.3
633.92
325.96
178.32
765.76
401.51
476.57
171.9
477.26
799.85
126.75
142.14
36.78
608.78
193.22
456.21
47.78
731.86
517.15
265.62
593.36
463.78
231.43
171.61
353.9
631.09
576.37
581.23
125.67
272.81
661.64
434.56
189.04
487.05
11.98
111.39
174.42
538.91
436.66
589.04
766.59
167.74
646.53
180.51
550.26
198.84
234.15
681.06
136.28
393.38
250.6
623.63
413.59
274.98
634.22
259.55
729.71
65.52
550.87
124.25
376.12
599.53
224.22
622.32
25.49
594.3
20.14
384.18
376.31
581.31
558.64
512.74
433.32
137.79
747.97
478.95
635.33
397.02
145.32
772.24
96.97
308.2
211.11
492.62
482.4
717.95
244.42
207.56
79.81
688.09
322.65
20.27
618.37
608.24
550.43
509.97
798.68
156.92
623.88
668.2
155.05
74.64
611.52
765.66
417.71
143.84
534.27
209.06
597.65
779.6
131.65
452.87
687.29
367.38
700.16
175.39
377.47
721.46
41.37
90.09
149.59
200.04
408.55
309.9
646.22
419.81
551.99
3.34
694.85
570.06
201.9
613.65
562.21
679.88
428.35
299.07
362.49
566.21
213.97
346.71
516.87
249.23
256.59
796.81
649.45
37.99
439.88
392.4
287.89
90.74
559.72
772.97
720.86
28.22
412.45
307.48
612.53
496.14
218.15
127.18
598.36
85.11
460.37
466.39
141.01
753.68
359.77
258.94
484.66
41.47
157.23
224.62
503
285.41
272.95
166.13
154.17
329.68
536.05
433.49
669.83
503.02
170.86
442.17
471.31
253.23
793.29
94.66
564.18
4.16
280.09
672.33
519.53
229.66
269.12
500.55
69.01
92.6
119.14
104.37
27.55
536.58
286.56
683.47
52.08
573.83
98.02
196.21
287.13
270.82
679.41
467.58
299.03
43.76
711.69
79.37
91.69
167.29
785.11
231.14
81.95
129.17
690.73
62.84
423.39
265.5
525.04
688.15
564.41
4.21
338.32
621.3
189.52
139.66
174.57
544.18
170.2
115.76
448.85
45.28
44.47
622.99
164.76
248.62
446.43
247.72
192.02
78.22
302.09
761.36
322.68
595.29
743.64
44.73
567.71
734.48
449.82
315.64
272.25
586.4
317.06
43.05
401.38
655.67
725.24
774.49
84.54
467.77
622.81
134.71
18.57
484
375.69
674.3
67.84
576.71
571.31
625.99
679.21
39.28
1.39
260.28
610.7
132.04
664.83
565.5
641.75
676.94
148.03
532.2
180.73
112.77
99.86
55.44
668.14
92.45
443.66
223.98
753.95
659.54
444.7
596.89
303.56
700.69
522.98
690.89
786.76
251.31
279.94
428.98
561.66
261.1
716.22
477.51
192.7
47.02
418.6
518.55
188.06
289.76
591.85
253.58
7.35
70.92
73.99
107
487.17
203.06
270.65
648.09
755.77
287.79
391.05
187.69
409.52
706.6
5.21
21.38
150.05
567.6
422.02
360.17
781.26
147.13
694.63
105.22
554.83
332.64
277.32
287.16
124.86
234.9
39.13
753.6
286.08
250.46
604.02
436.83
283.84
432.59
527.3
199.43
472.65
21.37
755.88
381.86
719.2
759.21
76.45
729.24
168.36
576.68
187.42
379.7
268.85
64.68
600.39
239.38
106.64
795.8
455.8
113.1
2.34
796.85
55.85
710.93
113.62
517.64
707.62
187.27
548.49
35.31
619.56
290.95
16.89
330.16
343.39
409.92
510.65
705.05
687.4
432.66
619.16
517.53
570.45
133.9
283.21
581.99
405.15
658.56
323.57
485.61
496.17
474.4
570.1
248.66
316.91
503.28
119.74
479.15
253.69
268.23
302.41
680.03
36.98
681.16
774.77
301.46
124.73
657.38
351.01
38.79
305.06
76.75
740.87
581.31
607.44
398.18
338.81
254.22
182.7
443.9
580.5
738.67
337.76
735.38
87.99
342.78
433.91
244.58
395.1
560.9
362.47
424.41
136.41
523.91
294.31
61.75
275.25
232.61
35.81
0.09
516.36
621.48
441.77
709.51
256.25
183.38
32.01
417.38
226.91
441.65
86.04
147.11
589.92
490.43
287.1
673.12
353.71
103.86
284.97
255.41
671.15
67.62
468.84
454.09
744.43
486.74
56.57
651.25
222.02
167.29
755.68
667.34
629.29
417.52
53.54
772.91
637.54
329.51
522.21
773.66
353.12
457.7
165.19
386.85
279.65
562.63
277.49
211.57
281.91
792.22
10.25
747.23
738.6
509.25
643.91
378.14
713.58
208.36
278.69
782.01
467.22
336.87
437.83
134.88
776.58
573.91
44.35
182.18
396.52
666.42
359.34
268.68
693.06
410.97
421.48
151.32
218.48
175.39
446.17
180.94
546.02
705.57
227.62
765.89
11.5
623.62
28.38
725.6
171.12
787.86
278.81
407.93
386.5
452.51
407.1
750.11
476.11
269.53
187.06
439.8
724.27
212.1
666.19
494.78
709.45
219.15
281.56
630.26
364.5
465.36
545.43
95.3
253.38
680.83
433.76
434.54
40.45
22.14
432.63
228.39
66.07
40.37
730.52
334.18
169.88
198.39
66.42
693.53
666.61
648.08
217.18
608.7
707.84
550.49
387.18
320.89
83.25
394.59
558.32
581.41
257.23
115.1
736.29
486.52
352.04
321.45
481.06
470.28
131.29
539.82
317.31
502.84
83.37
381.63
458.06
758.65
61.13
718.4
257.36
492.74
79.38
302.35
781.34
364.96
109.48
164.59
77.53
439.17
439.95
490.72
551.49
757.82
345.45
126.59
712.36
492.85
161.51
772.05
228.87
384.28
59.35
53.51
548.84
376.85
124.94
357.84
252.88
156.89
253.67
52.42
170.07
396.81
694.95
663.08
673.52
242.69
506.48
405.85
357.63
374.29
638.12
35.53
383.57
356.31
159.56
722.87
172.72
794.02
519.77
634.2
704.55
794.5
47.06
49.78
34.22
169.77
175.3
529.25
484.76
408.87
694.17
221.51
122.92
650.66
699.15
750.34
776.35
534.29
267.57
751.12
478.12
578.19
749.8
201.44
426.87
324.67
178.11
225.81
726.25
704.39
728.47
400.95
367.67
362.62
168.49
520.47
729.09
463.32
652.95
207.73
122.75
326.03
561.83
129.85
372.91
630.57
133.04
574.88
44.78
443.35
302.05
645.72
184.41
380.39
731.33
783.71
761.06
600.74
701.75
79.36
481.1
318.19
642.46
757.52
429.67
514.58
24.44
533.89
80.11
53.34
163.24
116.03
504.41
360.74
148.6
542.4
483.95
192.18
683.99
580.6
641.08
189.87
217.14
270.11
83.15
127.83
363.47
474.14
352.96
276.66
165.35
25.37
162.72
770.04
489.12
234
55.95
376.51
629.19
582.27
500.58
483.57
338.89
785.73
736.56
187.23
111.03
618.94
615.01
740.29
686.07
38.38
53.09
307.71
554.26
342.58
682.07
664.76
751.74
688.73
682.44
575.13
770
133.81
111.33
238.66
695.19
651.71
594.8
167.85
667.99
272.32
156.93
214.96
322.58
94.9
496.11
247.55
207.09
118.11
507.63
157.4
673.55
547.62
408.74
98.8
749.37
769.41
615.3
338.94
791.04
608.59
318.42
635.86
302.72
183.5
191.23
341.65
717.67
398.51
454.47
308.85
539.21
746.48
506.94
159.82
120.14
118.56
2.89
334.12
349.33
71.05
180.7
457.09
679.08
574.2
539.37
8.7
379.19
599.94
107.33
482.91
348.86
168.76
275.25
27.05
550.04
785.32
280.88
692.31
504.15
445.36
334.75
132.12
303.38
373.39
702.59
624.39
67.21
568.47
621.32
503.3
145.59
708.95
523.17
513.79
366.76
567.4
685.17
188.81
245.41
121.15
430.1
484.56
129.2
764.13
352.07
1.65
567.03
613.64
185.76
191.75
732.1
351.37
525.9
248.24
745.24
542.64
263.56
161.66
765.91
345.53
531.02
481.33
29.07
137.94
39.11
82.12
726.6
560.13
331.26
607.6
76.45
64.16
453.57
570.45
711.9
660.71
664.05
381.53
498.62
399.86
38.76
721.49
265.44
386.47
249.07
150.07
617.89
478.45
611.91
543.9
735.12
5.15
615.16
484.17
419.69
401.24
79.97
322.28
162.29
680.77
376.38
135.91
590.79
724.65
711.32
199.59
451.69
193.95
281.22
761.59
293.39
118.97
756.62
689.23
258.45
529.44
507.41
289.12
315.1
1.97
365.97
651.97
23.54
728.39
57.83
658.51
276.8
611.83
175.02
770.02
385.14
535.1
194.8
221.24
76.41
142.91
590.43
420.98
506.57
491.49
700
562.33
664.82
16.58
203.71
327.23
609.15
103
150.26
436.28
97.06
76.46
772.33
672.42
395.96
368.59
566.63
601.19
734.25
743
14.87
36.13
721.1
251.43
46.97
350.6
383.14
599.8
119.08
793.38
683.5
6.38
155.66
384.38
595.98
138.58
647.35
727.3
304.41
742.1
252.1
193.44
676.43
411.42
371.2
182.15
524.76
645.74
624.11
272.24
338.28
316.89
410.91
484.02
642.83
514.95
548.69
120.92
183.45
72.44
68.34
282.9
19.39
745.49
267.18
555.94
277.4
4.58
75.2
788.82
390.99
147.82
16.09
163.72
525.2
608.85
670.92
317.59
361.08
397.62
376.23
408.52
576.74
194.16
584.25
24.77
673.09
564.95
664.76
495.55
93.46
149.05
149.82
531.24
628.7
122.87
207.77
708.01
559.64
383.18
423.02
483.7
533.76
140.01
704.79
682.34
258.58
226.24
427.2
519.05
459.58
341.58
508.4
9.2
573.09
317.34
725.51
187.03
754.69
261.18
372.16
772.08
325.6
689.21
191.03
414.4
256.24
798.27
349.58
73.75
489.35
74.13
536.34
297.76
259.85
652.19
392.54
482.36
80.25
38.21
760.01
376.86
403.41
37.36
143.69
240.6
313.86
97.22
524.78
787.79
706.26
117.02
725.59
345.62
36.36
326.14
437.49
329.06
473.5
215.01
334.91
483.35
112.92
347.23
408.37
159.03
146.07
200.03
305.82
11.85
481.52
609.38
531.54
783.64
532.51
358.66
787.61
149.07
202.11
641.2
456.79
775.89
555.35
566.87
77.13
39.83
362.11
431.61
441.67
1.4
298.95
25.84
413.8
611.89
317.77
187.85
710.21
530.24
74.99
760.14
594.96
503.06
715.75
52.17
558.96
313.28
212.64
741.45
118.33
165.43
622.32
181.08
682.77
436.1
421.07
464.93
228.66
173.77
267.65
206.63
736.62
390.72
431.96
483.82
314.85
286.79
114.38
35.49
359.88
143.18
401.71
97.91
365.9
554.77
41.14
472.42
95.42
641.22
182.34
713.53
680.09
280.61
642.93
764.92
672.06
485.11
718
570.02
556.09
46.29
513.07
87.17
144.79
28.98
170.45
796.36
244.34
54.93
7.33
253.63
126.3
498.7
574.26
501.34
420.19
239.62
403.29
253.92
418.43
698.89
672.3
732.18
13.96
68.06
129.56
535.95
133.48
373.7
346.33
117.89
738.37
136.06
611.26
314.92
591.8
395.79
629.04
247.44
102.73
498.22
283.89
780.28
357.93
744.13
135.95
55.74
184.62
270.84
96.24
407.92
513.34
7.14
505.17
504.85
41.11
654.88
727.42
108.89
526.92
85.97
187.76
465.71
714.99
591.06
613.1
514.34
714.08
528.96
62.46
584.85
604.57
284.59
125.96
691.57
217.54
44.37
625.75
366.71
67.44
763.08
401.43
116.01
423.04
260.34
646.03
389.29
76.18
607.16
72.91
444.71
403.27
407.8
759.35
588.04
565.13
420.46
573.21
630.96
645.02
561.32
41.52
639.68
709.13
432.28
414.06
18.56
91.84
774.42
566.51
302.92
107.8
402.74
785.51
267.16
702.24
489.38
601.56
291.14
306.97
64.06
277.78
756.94
373.35
543.77
698.33
432.1
111.9
774.93
83.97
507.37
199.24
74.47
457.28
372.44
624.71
53.03
94.27
704.61
398.01
795.74
390.48
484.41
622.71
190.86
751.97
680.3
544.3
300.45
55.77
274.35
508.77
279.52
254.19
641.91
764.7
273.5
376.12
198.13
115.05
669.18
446.85
398.81
516.96
115.89
265.12
125.78
469.09
653.76
268.83
232.95
650.79
167.79
706.76
117.4
527.16
63.72
391.74
597.45
90.3
162.36
272.4
70.8
209.61
760.45
195.28
498.47
285.93
513.94
267.22
480.2
773.85
647.14
758.28
625.57
211.99
661.41
71.2
467.81
315.31
698.08
375.12
736.39
521.63
762.59
143.98
72.19
216.27
556.77
289.66
21.38
497.31
2.53
430.09
409.47
374.68
388.84
626.29
140.24
752.06
376.84
688.72
79.66
312.47
127.91
437.01
559.18
228.37
109.18
59.7
644.85
134.27
307.19
425.57
346.81
230.42
279.13
6.21
169.54
533.25
176.89
78.12
61.68
403.27
102.91
528.61
681.33
321.75
104.4
700.73
629.12
513.88
762.2
690.35
277.37
643.95
730.67
544.32
711.69
318.25
100.3
267.31
534.68
102.89
142.3
424.77
188.53
46.85
233.27
163.49
499.58
0.45
470.68
477.93
26.03
208.1
364.17
26.59
257.75
693.3
322.85
300.13
754.69
739.47
173.87
355.08
119.06
292.55
727.12
247.03
204.99
688.23
571.82
675.28
8.45
545.57
783.3
219.8
445.31
676.21
72.12
126.49
495.84
756.79
607.85
707.75
765.7
674.71
160.8
795.99
752.05
279.17
221.01
59.07
769.36
792.35
15.55
73.76
105.02
565.99
340.18
170.42
176.63
148.79
47.62
298.88
226.23
225.9
219.09
186.07
394.4
756.33
736.97
530.6
522.53
258.21
538.01
261.62
296.04
209.6
615.83
687.85
323.84
101.53
355.94
381.68
771.68
188.72
430.51
526.5
241.21
719.41
374.61
650.28
415.86
420.61
447.82
599.24
388.45
298.99
756.45
369.09
762.44
553.44
551.85
445.92
92.28
557.4
769.73
770.35
319.97
32.05
692.63
521.33
136.05
765.31
70.43
642.98
624.46
43.03
765.87
621.12
525.18
538.32
459.71
504.26
417.99
230.45
722.38
222.78
799.3
468.36
519.54
429.61
235.09
263.25
64.44
10.81
486.75
352.72
510.95
488.99
95.57
13.05
795.48
227.9
352.35
448.46
9.4
598.02
389.54
613.56
580.39
515.56
670.72
707.02
753.38
151.58
686.3
221.71
444.86
69.47
755.02
635.75
205.25
785.67
516.71
505.01
102.3
106.53
96.96
159.85
445.96
237.33
0.98
719.45
297.06
668.08
336.65
484.43
687.4
454.42
145.63
639.61
454.36
34.94
68.78
639.09
43.35
661.31
492.51
460.77
446.62
97.09
553.99
240.04
488.73
647.61
146.53
329.58
308.88
630.93
589.77
172.98
582.71
632.95
414.65
502.16
67.31
456.67
722.84
643.78
455.9
375.04
594.92
203.78
109.86
562.3
756.44
285.05
435.14
526.44
666.02
354.71
322.38
361.22
99.79
266.9
741.35
108.81
53.37
231.11
175.24
326.44
302.44
531.53
483.67
215.02
489.62
622.49
375.39
651.64
107.66
505.93
687.84
747.95
288.46
191.47
773.28
747.96
37.14
787.08
145.24
119.47
530.02
620.57
615.02
632.01
166.73
778.61
348.05
154.21
264.35
346
426.04
637.91
200.41
785
738.36
639.56
795.05
658.45
363.25
796.14
423.17
702.7
38.3
176.03
542.21
291.6
409.08
506.16
790.63
180.98
434.05
319.96
522.76
437.54
324.63
652.12
390.08
442.42
194.49
562.53
337.96
572.97
763.31
620.98
189.12
573.75
98.33
478.76
422.4
112.51
57.3
684.65
312.34
663.78
377.8
623.64
495.04
391.86
325.96
329.31
275.68
587.45
652.52
649.96
533.13
712.08
567.66
436
231.03
527.65
102.88
218.19
7.55
307.11
558.99
132.79
437.66
260
608.24
183.49
347.45
712.21
795.9
30.18
91.24
465.39
514.38
331.58
753.6
618.96
339.2
788.71
679.68
749.84
424.61
533.1
593.86
403.41
311.56
784.07
23.73
541.19
74.78
215.87
384.51
34.67
116.98
473.44
572.18
617.28
443.52
19.06
289.62
44.51
113.95
798.15
649.73
65.41
255.72
715.2
767.54
368.07
597.46
745.72
440.92
306.01
205.69
607.34
691.48
794.71
486.4
544.66
732.01
293.42
488.21
351.03
791.74
222.55
580.44
171.13
195.19
163.87
677.53
681.01
91.85
556.25
373.89
663.61
202
286.61
536.93
591.95
58.75
677.68
484.94
200.29
74.6
261.55
706.71
181.29
589.77
150.63
32.96
87.36
460.05
64.94
651.68
105.01
124.51
517.05
171.36
645.99
543.16
285.88
121.52
336.85
385.54
392.93
625.06
243.4
663.03
331.25
147.91
690.94
584.3
25.09
409.39
709.72
381.8
493.75
167.15
581.71
770.22
315.41
681.25
641.26
256
146.4
234.96
727.28
354.33
686.8
238.65
423.17
265.82
355.05
595.97
199.95
362.88
611.64
646.67
341.39
280.05
730.71
561.85
457.28
137.78
211.69
713.99
657.96
95.92
579.91
779.87
12.62
792.97
10.05
735.21
335.71
45.63
773.2
112.4
411.41
705.61
195.14
615.81
329.9
67.8
18.63
5.8
234.22
344.61
652.26
35.33
92.82
214.08
193.2
739.81
764.45
24.81
693.55
200.12
299.39
337.36
651.78
545.34
524.4
755.63
599.69
690.48
729.6
328.52
580.6
127.88
625.12
34.91
587.94
672.04
567.45
661.16
319
705.69
639.69
22.23
599.21
584.85
742.72
782.56
534.04
429.12
388.08
677.42
448.33
691.98
528.83
208.42
446.73
503.9
692.57
192.44
136.56
241.64
230.59
572.48
187.12
49.58
329.02
181.94
416.17
177.9
121.61
134.78
406.37
464.58
735.08
522.91
243.45
201.53
743.91
241.44
175.17
529.03
751.24
187.67
254.29
520.19
270.86
203.97
291.39
297.19
428.96
419.55
287.6
397.34
263.98
533.54
466.64
554.37
128.71
123.56
138.06
104.19
591.55
56.41
54.47
619.07
641.27
629.36
330.84
389.94
27.63
631.47
223.21
616.59
70.53
186.84
270.85
60.63
388.65
47.97
729.41
366.22
188.12
516.23
621.67
176.39
128.65
743.97
336.87
770.98
63.84
329.12
741.61
267.18
689.38
441.25
355.88
64.15
405.1
503.8
706.6
201.92
631.48
640.29
693.56
122.16
453.15
597.92
558.47
788.74
480.31
570.65
113.01
593.79
707.57
630.32
520.79
736.37
368.64
277.1
197.21
214.85
759.04
509.31
79.07
751.5
304.23
719.6
759.21
197
114.4
580.87
764.45
789.85
364.08
185.74
581.57
336.95
380.51
54.93
644.25
220.31
449.89
495.78
30.01
433.48
98.82
174.16
47.34
244.32
294.67
49.73
572.35
611.76
173.98
29.92
328.02
422.33
80.03
111.22
208.22
231.45
617.3
757.45
730.54
128.41
572.62
783.09
247.04
160.99
213.45
423.15
769.36
232.26
226.79
104.21
589.78
150.77
28.25
364.67
237.48
65
583.52
304.53
378.25
326.14
577.99
516.59
157.51
228.69
614.35
652.47
267.46
105.12
240.5
126.21
513.7
85.05
273.8
759.76
504.22
739.26
603.58
519.28
195.29
566.07
466
180.06
253.24
325.05
238.11
631.87
720.36
570.59
321.5
508.79
365.86
57.32
574.45
668.83
607.49
132.8
82.08
27.73
447.54
680.09
364.72
34.63
518.99
248.36
457.62
237.04
108.19
640.73
247.53
340.43
121.66
57.74
696.58
184.2
639.53
312.37
51.01
429.61
469.42
670.89
423.49
360.37
603.46
486.14
224.31
299.31
518.45
657.84
411.25
633.02
553.98
786.16
52.44
623.3
607.98
322.42
426.98
116.22
240.7
481.74
492.91
732.86
37.3
409.82
583.39
100.53
479.75
15.98
466.88
419.88
174.96
451.96
26.7
683.93
795.76
589.14
12.8
41.11
708.14
159.2
785.34
697.9
675.07
695.02
671.77
393.21
226.65
597.76
611.82
635.42
605.17
328.5
550.23
579.95
162.47
610.86
142.75
578.51
28.8
491.57
165.89
416.41
22.23
123.5
132.43
783.34
532.84
142.8
791.06
268.8
257.79
582.66
36.83
730.95
613.91
465.43
200.05
554.3
571.37
197.24
689.75
735.69
584.23
5.55
507.39
634.36
524.86
487.74
84.78
469.46
349.17
662.42
656.59
548.79
755.66
799.73
457.6
222.99
226.36
289.87
595.24
111.18
689.8
580.27
255.34
285.72
326.54
130.24
365.5
20.98
573.7
517.69
196.09
184.31
346.15
345.28
663.01
649.91
754.14
24.95
798.34
403.4
391.23
733.1
588.78
59.18
248.84
485.47
156.46
338.73
648.42
20.96
130.61
720.6
498.34
86.47
157.38
460.69
211.7
302.67
190.05
351.49
792.22
343.6
452.58
507.24
773.01
367.78
591.52
597.42
0.99
388
194.68
448.28
60.51
395.51
709.04
311.3
7.07
87.05
149.63
515.49
362.93
230.29
409.38
697.48
231
457.51
611.49
189.76
331.15
335.32
442.46
283.68
594.86
26.18
107.12
539.44
92.69
551.22
287.7
41.17
222.35
650.83
345.89
702.19
56.25
33.21
108.15
234.21
287.73
219.54
287.54
651.79
485.6
752.85
681.58
71.54
253.58
170.54
438.23
559.65
376.68
732.51
395.76
699.74
639.72
222
420.73
594.6
279.45
11.83
654.08
43.08
485.46
797.72
202.16
22.22
351.48
29.23
636.25
553.8
36.23
311.76
82.63
50.71
317.47
620.42
277.08
526.31
659.37
0.08
662.26
371.36
425.82
531.69
210.22
264.23
482.4
460.29
46.44
744.76
272.92
764.15
111.98
436.04
282.76
240.94
726.94
549.96
527.5
169.36
299.37
792.36
397.98
789.38
70.13
426.47
457.75
785.6
579.51
136.77
391.59
214.22
664.92
76.86
38.05
702.85
38.75
118.22
493.95
600.2
533.17
19.2
19.59
136.52
301.6
185.02
173.82
299.98
462.02
145.01
758.51
239.22
365.55
734.98
328.98
672.34
743.45
592.32
754.81
144.71
482.1
591.49
37.1
236.52
281.75
535.26
511.55
792.24
62.32
278.39
608.85
18.46
42.04
773.5
403.9
245.86
706.89
131.65
515.74
458.15
241.13
234.24
475.69
354.86
217.39
794.54
92.19
785.4
22.53
322.47
207.8
336.42
28.57
31.83
287.29
14.01
211.05
765.24
695.1
309.96
69.48
742.59
555.29
14.6
412.6
550.04
183.18
696.71
281.81
778.99
132.65
247.97
68.64
1.83
625.86
51.11
636.01
683.92
589.11
484.58
232.5
252.55
589.15
343.21
756.42
164.57
359.34
686.89
419.39
474.56
128.86
281.5
585.18
122.48
651.66
759.03
120.13
96.21
557.72
228.11
357.29
433.19
519.87
748.34
132.2
408.91
775.94
76.75
662.54
618.45
329.55
114.53
442.16
489.1
763.87
231.98
306.82
555.88
205.6
177.7
793.83
147.6
408.83
294.24
679.91
638.56
433.14
206.28
429.96
415.27
581.59
38.11
340.94
299.52
771.53
543.41
314.08
209.17
428.83
209.71
62.35
142.23
771.96
621.39
536.07
393.09
425.98
62.48
180.98
712.59
758.43
745.43
515.19
119.57
38.23
632.31
519.92
798.63
198.6
149.74
794.58
748.99
330.59
798.94
599.84
271.14
399.08
536.02
512.67
374.81
617.18
4.28
269.85
515.86
524.6
765.53
221.38
696.24
445.6
105.11
155.77
554.43
568.47
490.64
71.79
347.3
678.99
244.25
302.86
364.67
691.64
261.05
606.02
316.68
686.23
596.37
296.53
696.89
24.36
218.57
640.27
622.05
9.38
312.17
130.85
503
257.36
383.44
709.35
146.88
488.71
238.42
336.91
556.34
346.57
332.45
307.23
132.85
410.87
287.71
572.39
578.58
147.42
71.21
363.78
59.56
325.76
312.48
382.67
97.5
665.56
564.71
329.99
342.16
610.37
651.04
783.91
239.43
259.92
479.94
592.3
629
402.42
587.26
347.83
229.93
43.93
529.18
785.7
590.74
350.88
777.7
592.83
223.63
688.72
349.05
426.89
522.14
755.02
552.37
678.78
401.88
725.51
314.26
519.78
251.68
484.79
688.33
330.77
724.3
776.92
704.39
607.89
206.24
335.4
764.12
480.53
451.08
423.4
797.9
608.63
436.51
75.89
329.63
708.15
496.15
666.26
490.65
791.69
364.79
486.53
44.87
335.15
734.74
75.62
261.44
534.97
90.65
248.45
209.61
179.36
216.57
791.01
197.22
610.26
750.88
114.79
631.89
638.86
668.03
475.46
487.27
41.37
624.89
140.08
397.82
600.16
232.98
545.96
144.38
47.38
789.57
691.82
207.87
363.45
306.98
373.95
246.67
98.17
771.42
474.88
783.61
227.84
747.14
216.3
136.69
364.4
590.21
337.54
798.3
646.24
391.69
401.85
193
713.06
640.68
226.89
306.85
695.25
748.82
172.94
51.44
434.14
275.25
72.77
169.13
756.86
148.58
332.72
654.15
586.49
655.69
66.28
224.39
193.52
377.58
739.88
285.05
213.73
687.63
508.72
681.69
775.17
260.39
144.66
476.28
11.29
192.13
157.49
10.48
525.17
763.76
760.18
261.49
50.89
218.66
65.64
594.1
16.19
772.95
471.68
673.58
605.23
547.51
143.04
237.51
425.62
665.91
659.68
411.51
551.63
454.79
773.22
182.17
542.71
567.05
549.79
472.98
0.02
5.3
365.21
660.79
497.29
182.04
565.44
161.09
651.07
688.94
395.37
40
82.64
362.94
226.08
85.78
268.3
387.14
578.48
425.99
563.9
184.24
725.92
414.2
414.4
554.45
322.79
281.69
335.08
466.06
618.57
297.25
540.78
790.38
320.02
770.62
751.23
184.25
301.71
117.06
377.1
103.83
450.16
709.2
277.06
155.99
598.87
384.61
725.97
57.25
756.79
655.36
773.25
460.18
357.84
85.55
25.8
1.64
295.93
315.89
388.85
697.79
772.31
121.56
140.31
90.58
372.2
515.68
333.73
92.76
83.4
383.28
635.79
176.02
341.74
264.06
400.05
411.05
11.78
545.32
529.19
195.6
569.86
187.83
694.38
116.52
476.91
157.32
473.18
191.84
173.4
68.02
481.03
773.79
87.75
646.29
699.49
538.01
779.22
288.71
745.79
611.1
576.66
352.32
746.33
721.4
210.28
337.21
395.47
737.15
560.15
657.26
433.61
665.79
358.17
12.68
491.23
786.36
298.42
787.19
214.17
704.47
588.83
35.58
643.45
278.11
151.3
322.78
569.76
433.98
234.86
413.25
106.87
721.33
180.08
477.9
204.96
571.05
570.9
553.44
392.13
712.27
630.74
786.46
680.38
120.09
154.37
376.66
721.72
736.11
787.13
385.24
190.75
209.61
21.4
20.94
4.26
717.65
541.53
306.32
508.36
679.54
760.59
743.12
522.66
374.54
9.82
137.25
166.41
331.78
634.49
53.39
380.41
647.28
793.2
494.53
693.99
516.25
355.45
666.58
460.1
599.37
192.23
761.24
545.63
775.1
686.98
612
355.84
443.24
85.65
650.11
610.16
370.91
397.63
85.75
401.04
516.77
771.04
450.61
778.92
786.46
674.59
491.59
747.78
522.15
236.74
159.1
767.79
721.84
278.8
690.89
378.13
787.53
646.73
89.33
475.88
147.12
60.15
409.91
393.52
239.24
406.66
53.22
760.52
141.83
705.45
168.64
81.31
691.14
274.24
373.85
179.49
417.11
173.04
211.38
70.85
172.58
511.57
543.16
395.39
7.04
323.89
328.01
155.15
564.76
775.06
325.07
646.97
556.67
594.91
477.44
21.95
547.44
612.16
606.38
39.38
670.51
118.86
726.41
680.81
698.29
17.15
262.02
764.11
754.81
425.58
237.86
498.86
717.7
679.91
126.86
290.21
436.42
2.38
299.37
626.53
148.18
330.33
509.74
538.79
222.88
647.77
621.01
505.9
543.16
225.79
483.85
110.78
234.84
4.43
611.89
486.35
628.07
74.88
715.37
722.01
383.95
427.35
142.6
90.32
132.62
50.95
711.85
771.94
239.58
101.19
381.09
764.21
520.04
690.52
712.64
366.76
366.62
659.16
755.92
691.52
85.94
605.77
653.62
543.77
229.12
779.73
91.82
411.39
665.58
149.98
517.06
159.42
656.23
386.41
526.13
504.32
158.45
778.9
60.18
526.23
322.76
243.74
776.37
57.09
694.24
191.66
100.65
98.05
654.32
151.94
71
744.97
196.39
503.12
738.91
552.32
572.74
603.32
529.87
707.4
153.2
135.19
674.43
369.39
470.18
674.54
66.89
137.23
687.92
357.86
15.9
519.21
144.68
578.49
701.01
641.44
439.62
226.04
679.46
145.13
364.66
309.69
460.5
720.49
499.61
763.52
306.27
414.8
752.33
552.1
345.39
100.85
33.35
527.88
160.81
220.85
193.84
440.61
366.75
499.5
94.14
164.95
406.36
461.54
587.31
750.71
111.95
261.83
41.74
399.14
386
732.9
191.47
59.69
595.56
96.07
510.64
253
80.92
155.79
476.42
108.15
157.51
428.76
691.63
383.32
360.51
342.09
753.7
630.55
12
647.58
227.99
703.08
581.77
71.67
586.12
681.35
508.99
159.44
130.85
70.49
343.64
735.64
778.13
637.52
472.48
643.87
258.02
9.01
570.76
215.2
313.41
589.18
365.9
166.11
487.73
6.68
697.67
69.79
695.38
181.97
160.73
339.26
239.17
667.07
49.47
92.01
56.36
256.5
162.73
81.07
478.22
167.77
362.43
497.56
295.79
767.79
326.84
258.55
609.33
34.76
519.27
86.91
239.07
678.22
512.58
560.46
297.03
104.59
401.47
587.41
451.46
318.74
354.41
650.44
688.08
250.94
373.7
560.57
287.77
668.25
650.28
613.79
554.53
442.16
121.51
402.91
262.36
140.53
799.86
677.17
350.41
780.8
262.37
401.05
524.14
373.55
75.19
603.71
581.92
643.56
368.23
438.64
507.82
687.13
347.23
732.2
191.99
478.52
454.21
481.71
552.14
442.12
166.28
343.4
508.5
195.48
65.96
576.12
409.66
796.31
661.81
552.18
581.08
308.64
681.69
451.45
486.02
633.4
604.42
719.89
239.24
369.41
266.49
513.57
665.63
738.35
366.73
436.9
333.24
57.25
559.65
534.23
794.97
674.46
238.23
550.1
43.14
712
203.77
729.6
374.22
564.71
240.72
474.36
337.18
472.73
72.14
444.02
438.22
389.31
552.86
681.61
115.21
221.82
246.17
46.96
159.47
415.51
237.14
443.54
708.14
661.16
386.83
152.18
531.3
107.21
324.28
527.23
424.2
118.05
476.4
278.15
201.44
751.06
396.52
485.86
313.91
644.86
11.78
748.53
403.44
193.94
33.15
76.56
753.6
360.46
341.19
792.97
143.28
284.8
394.07
620.05
199.97
178.48
766.18
167.6
542.9
249.7
532.52
118.35
466.16
446.37
326.56
249.3
634.14
659.76
25.83
409.07
479.19
789.27
525.46
90.07
165.9
16.64
678.58
650.37
725.89
111.36
218
519.15
528.74
537.15
733.09
684.36
676.79
514.02
178
598.34
623.33
461.27
31.15
765.09
631.96
656.96
337.93
293.52
424.87
331.85
150.31
23
124.27
364.77
471.16
319.28
207.18
120.3
39.89
347.52
717.21
269.99
85.82
267.34
601.04
363.26
391.99
479.51
57.54
285.17
693.33
139.65
537.05
631.87
510.74
211.73
248.97
652.28
516.69
440.24
486.98
164.28
699.16
233.65
357.77
446.18
468.75
107.27
0.04
43.22
60
398.15
290.26
189.79
367.7
434.27
419.29
766.63
679.24
635.8
162.13
310.72
775.66
743.2
667.21
4
652.87
41.17
267.88
93.34
405.35
383.03
630.23
316.15
44.44
397.51
663.35
42.32
171.2
52.4
85.28
598.36
283.93
123.61
634.29
224.99
213.62
222.51
789.32
760.03
262.84
705.71
335.74
146.73
602.36
604.89
71.88
118.74
545.06
712.55
46.27
635.48
220.54
685.2
409.09
159.05
305.68
509.69
376.1
518.24
241.84
363.09
679.6
332.66
125.88
472.39
136.72
129.67
39.76
781.92
246.46
793.25
684.62
786.31
767.24
467.04
285.86
295.04
274.15
230.57
484.94
88.79
588.99
753.27
565.18
610.83
96.45
192.19
151.35
199.47
226.51
684.64
788.04
171.57
740.55
681.56
569.93
758.67
457.65
134.38
512.58
357.21
238.64
675.6
601.73
6.56
113.36
649.12
193.94
201.48
90.31
357.5
576.86
277.3
321.98
362.82
376.69
753.58
512.39
3.24
793.78
334.35
455.04
347.24
206.68
687.69
298.25
528.87
203.8
750.14
258.25
304.92
692.32
284.49
236.94
770.5
45.86
388.9
558.22
299.17
563.98
370.54
165.18
348.24
523.11
82.35
639.26
111.34
293.17
599.8
423.84
641.48
149.31
537.93
160.18
165.76
767.27
93.69
451.61
362.18
185.56
11.34
659.7
130.41
699.27
55.82
50.43
543.32
221.09
463.92
365.05
195.37
121.94
402.2
146.04
92.47
551.07
81.52
139.05
15.57
542.97
511.3
100.83
788.25
653.17
239.91
296.59
59.47
29.35
665.96
487.45
79.29
134.56
686.26
756.39
513.34
118.9
647.69
635.71
13.26
451.4
400.72
607.9
775.55
585.54
241.62
737.21
472.92
665.09
272.94
190.42
754.58
767.29
715.89
363.49
403.04
396.42
656.38
104.64
784.61
795.88
516.98
715.39
265.43
320.78
411.46
273.98
195.27
270.82
576.5
145.87
39.96
187.75
527.72
362.91
416.53
796.83
322.55
119.51
502.65
712.96
88.06
318.19
453.89
336.28
647.56
339.74
100.73
314.03
162.91
320.56
22.73
450.15
42.72
125.86
1.88
530.99
348.47
201.95
799.23
259.4
357.05
320.12
8.66
315.46
439.75
451.46
754.67
555.15
37.94
354.37
752.43
478.08
173.81
367.18
398.48
603.8
777.63
549.58
320.83
298.02
735.2
538.62
709.94
721.88
1.05
795.79
181.42
374.04
101.34
167.82
761.28
522.78
327.08
36.68
576.94
546.89
7.21
212.75
622.57
517.7
36.47
620.32
495.67
123.69
447.57
569.05
508.52
455.41
705.46
459.68
321.53
721.28
372.84
717.8
438.55
753.47
567.09
376.74
483.76
570.66
125.11
583.03
328.2
658.92
124.76
241.57
260.15
704.03
652.03
680.67
579.31
314.17
249.05
258.44
242.08
414.58
208.76
702.99
458.04
764.91
252.17
318.84
137.97
154.05
133.44
422.39
549.1
574.09
351.45
213.68
676.63
310.78
56.74
40.08
59.62
548.61
52.39
644.68
497.88
251.35
260.91
229.11
448.25
712.14
148.32
726.4
523.2
674.56
60.18
555.36
448.7
247.64
21.5
667.47
246.29
159.83
543.94
332.63
673.82
304.84
210.48
346.35
163.82
425.67
244.56
271.08
708.81
796.15
367.33
603.79
668.82
535.78
338.21
784.9
688.64
526.43
385.75
409.17
51.78
793.41
369.03
384.97
202.77
451.64
297.86
46.35
213.05
364.08
556.62
208.6
381.91
403.78
145.74
269.03
416.87
357.86
300.24
439.27
596.48
321.61
125.62
452.06
609.5
97.4
62.46
280.41
421.4
397.03
343.34
86.73
457.84
370.58
549.02
231.75
463.38
215.73
187.52
140.4
693.27
385.41
25.81
643.36
249.5
132.31
635.38
378.58
445.24
138.99
355.48
190.39
622.02
103.32
306.08
760.44
788.72
622.62
67.51
672.56
582.78
478.87
287.11
758.69
392.64
47.84
526.4
430.03
567.71
497.86
492.66
621.35
411.83
23.32
389.62
721.86
478.56
133.21
407.43
263.53
204.71
678.96
484.69
639.99
10.81
254.88
28.87
90.75
442.32
691.22
711.49
266.7
98.98
526.75
388.62
654.57
338.38
411.54
460.14
363.85
656.55
90.27
132.16
433.53
7.51
698.4
348.69
632.02
782.07
680.11
543.87
138.73
552.3
209.57
310.86
79.64
566.25
232.69
393.98
256.44
111.79
440.79
578.87
36.26
0.92 /

COPY
	PERMX PERMY  /
	PERMX PERMZ  /
/
MULTIPLY
	PERMZ 0.01 /
/
