---------------------------------
-- Permability values for SPE9 --
---------------------------------

-- Permeability distribution visualized in figure 5 in Killough's paper
-- Killough says 'The input data included in the distribution to
-- the participants included a geostatistically generated 
-- permeability field'

-- The values below are taken from Killough's dataset, they are
-- not based on the figure in the paper.

-- Explanation to how the data in PERMX is organized:
-- Under each LAYER (i.e. K-value), 
-- there are 25 ROWS (i.e J-values) under which there are
-- 24 entries (i.e. I-values) 

PERMX
401.1
319.84
69
527.27
305.14
386.1
631.63
258.95
30.5
444.03
99.91
700.97
156.75
32.11
419.03
194.27
58.62
592.02
197.52
773
226.15
73.89
461.94
181.14
532.05
538.39
720.45
42.36
643.79
149.07
318.28
0.33
81.9
399.83
690.91
537.05
77.15
90.18
476.18
105.69
129.24
224.77
242.08
601.98
500.35
7.42
694.19
259.1
714.17
492.87
588.53
587.53
87.83
389.36
664.5
628.66
792.23
502.44
156.56
675.91
206.5
356.2
31.38
640.38
643.19
133.8
234.21
580.48
447.3
424.76
32.56
182.74
726.63
583.82
37.17
502.92
278.05
277.93
689.5
681.62
394.16
472.86
699.91
146.35
275.88
125.63
182.22
577.41
28.47
495
549.98
70.5
533.93
749.46
107.22
221.4
543.54
318.83
83.61
325.96
626.01
431.68
603.81
541.76
402.54
23.62
505.02
252.89
603.85
250.45
113.98
513.07
210.35
742.07
583.13
50.25
163.31
496.31
520.18
196.19
570.94
435.36
368.77
635.77
370.9
443.04
566.36
714.88
159.6
376.93
73.99
507.91
628.51
645.46
35.19
485.29
637.01
711.97
652.08
781.54
383.69
557.6
241.48
578.24
110.88
2.01
373.17
535.01
682.18
504.82
681.08
270.26
182.6
608.26
84.03
210.51
189.33
138.77
618.54
463.43
422.02
637.92
556.37
374.05
732.46
214.22
110.57
11.97
249.25
180.82
516.59
509.55
687.35
683.08
760.16
661.92
620.68
632.22
414.15
728.08
550.09
730.96
336.3
760.72
412.95
674.54
341.02
591.49
156.67
749.9
419.7
88.6
497.12
249.98
211.98
487.02
329.47
464.52
211.23
91.12
121.63
748.2
685.58
150.04
636.66
480.49
463.25
251.04
781.21
133.2
381.84
619.87
177.84
161.56
648.37
747.51
242.95
147.5
738.06
449.34
23.11
263.52
511.15
668.08
784.37
245.43
773.39
616.67
102.78
749.31
459.21
770.54
630.48
604.67
116.18
241.66
354.86
9.6
455.2
346.29
600.34
640.55
208.26
332.5
527.71
264.26
231.65
43.76
354.63
683.34
148.47
731.5
727.44
778.34
460.41
134.29
458.98
526.75
782.57
797.72
287.64
205.4
607.69
619.84
633.6
186.11
665.26
798.99
200.78
719.65
414.03
186.14
467.16
427.03
376.45
308.76
614.52
521.4
527.71
376.08
738.74
9.25
324.96
79.16
221.77
643.77
690.38
328.61
720.65
647.16
785.19
634.15
591.2
605.72
228.2
476.78
280.31
692.86
341.05
67.09
575.31
436.36
784.99
429.08
772.79
182.86
431.99
666.46
84.09
267.08
333.39
374.79
623.93
242.61
338.04
347.92
709.83
706.9
650.94
266.28
101.74
386.81
423.96
724.84
112.65
790.63
319.19
428.92
347.02
743.8
691.82
189.67
459.66
226.64
318.33
86.19
506.32
749.29
619.41
532.15
694.62
59.91
752.36
304.13
268.13
44.46
763.93
96.26
183.65
650.54
216.39
529.56
281.07
334.87
269.29
777.6
792.07
134.32
276.26
325.56
460.09
94.92
59.61
101.38
667.51
27.37
477.45
504.74
308.72
621.88
778.55
473.67
743.78
368.19
277.04
494.17
45.41
785.8
33.21
106.7
186.05
799.31
217.12
138.46
544.84
388.06
440.22
724.87
464.57
728.27
112
624.21
237.16
690.73
569.13
347.31
619.84
611.15
166.32
80.91
773.36
738.15
110.14
798.2
667.49
413.93
592.17
90.4
576.09
55.97
196.49
283.07
521.09
448.69
141.33
592.22
75.12
376.77
697.1
294.42
230.02
584.54
543.26
223.65
85.13
92.77
766.93
361.38
795.44
626.83
387.38
700.31
747.83
251.79
27.48
190.9
471.45
439.55
738.01
447.66
608.22
510.75
799.34
526.59
680.64
339.19
407.51
242.61
51.74
673.94
69.66
297.32
533.74
414.98
270.98
264.19
301.03
158.82
799.62
737.83
119.29
572.38
457.9
449.6
163.11
575.67
490.77
357.67
257.23
237.34
191.06
387.4
74.34
317.68
699.18
550.13
457.81
757.15
523.13
510.49
195.24
194.85
687.12
100.76
119.03
193.55
32.8
693.92
175.4
446.72
279.84
321.95
749.45
360.02
365.06
748.07
597.51
18.26
585.59
690.39
438.25
569.61
454.48
472.56
323.67
468.25
795.57
752.97
663.9
625.93
317.57
607.55
647.78
415.98
158.66
72.55
546.82
766.23
308.08
143.12
463.94
567.68
32.41
593.53
78.42
158.43
700.67
644.75
657.5
606.93
799.99
366.28
558.32
61.11
122.41
527.97
686
614.47
134.36
779.86
743.75
693.81
102.25
278.55
436.52
4.97
632.38
499.07
522.53
91.96
710.64
639.49
203
687.26
718.24
706.38
716.08
487.71
268.02
645.51
304.99
337.87
420.45
649.89
558.77
260.13
678.63
684.45
242.73
49
596.4
391.66
122.6
3.71
85.86
106.23
236.53
307.6
191.18
689.62
604.54
222.8
689.81
123.84
106.86
213.32
759.99
210.18
182.83
110.61
794.12
727.12
182.46
789.82
679.93
772.71
745.47
478.21
228.65
33.88
637.32
358.41
473.85
408.38
659.29
316.75
686.3
189.42
277.25
224.34
427.01
204.85
369.28
209.59
228.72
273.48
581.34
479.89
789.72
441.18
47.71
566.86
592.88
753.24
451.37
692.45
619.81
361.92
588.44
523.42
356.5
153.57
673.25
65.63
11.27
432.63
275.31
636.02
176.62
292.21
664.57
774.41
631.22
683.69
152.28
541.4
389.48
495.59
429.32
346.78
710.46
578.56
341.98
279.25
161.38
601.53
101.37
30.52
616.27
373.34
402.39
172.2
381.02
537.22
799.45
30.8
477.65
110.82
519.77
777.88
314.31
405.68
570.51
360.42
341.85
339.34
663.35
752.34
395.64
44.44
600.47
76.92
125.64
388.61
601.67
386.72
204.1
149.43
711.14
489.93
713.07
214.13
350.19
524.19
367.16
337.73
479.92
700.63
36.44
513.47
380.97
380.61
295.05
237.27
81.76
151.65
247.32
15.21
754.54
414.59
192.14
397.76
657.55
632.25
722.92
219.87
568.59
393.75
516.88
675.61
13.59
135.49
224.55
752.68
254.98
503.43
29.3
598.37
383.57
549.49
686.62
793.18
337.94
150.46
330.78
408.53
205.39
383.43
412.17
68.87
335.51
55.82
595.21
731.97
198.8
631.06
279.52
509.18
279.28
126.03
506.46
647.64
728.84
92.76
313.76
705.88
337.99
579.09
405.56
143.77
0.81
314.8
553.68
372.7
272.26
578.96
255.98
485.05
433.73
448.78
324.21
744.86
109.26
489.12
120.88
383.58
419.31
648.45
445.45
542.75
239.24
498.76
321.56
410.17
364.61
762.09
453.7
708.36
471.24
674.4
788.14
165.08
402.11
527.87
317.26
602.42
505.65
118.26
40.52
410.84
141.14
356.32
127.52
235.68
500.01
678.56
698.34
186.05
294.37
525.35
736.23
701.8
461
586.52
12.86
671.06
706.19
532.52
602.86
773.18
230.35
516.1
412.41
63.95
606.32
71.35
234.83
2.1
378.94
203.11
583.13
203.11
676.66
576.11
82.15
768.41
182.21
712.16
34.15
522.97
610.39
45.63
438.55
319.11
711.89
183.54
450.69
381.08
69.95
113.7
4.57
658.72
191.83
246.62
746.81
518.91
119.19
189.54
655.72
171.32
360.1
67.03
258.49
198.53
446.66
488.58
725.55
709.64
412.57
585.88
319.21
96.01
434.05
232.88
762.56
41.86
590.04
189.77
194.95
352.15
432.7
589.06
714.42
74.86
717.72
709.84
592.21
157.75
476.45
730.05
507.66
742.63
749.33
187.42
225.24
520.57
256.44
797.1
238.09
571.33
281.23
276.11
249.51
752.65
238.8
48.67
712.26
573.16
233.75
166.38
27.2
249.52
410.54
419.6
4.43
294.26
791.21
52.31
522.03
315.39
205.28
598.15
554.28
649.94
273.02
291.73
117.06
167.93
122.27
635.31
316.11
487.1
308.42
571.67
23.18
513.96
60.01
289.76
106.35
455.81
489.06
568.69
747.85
659.94
7.71
733.7
739.73
717.84
198.24
88.91
639.51
606.36
507.61
296.18
297.32
372.84
452.19
607.78
160.5
276.55
173.13
412.08
656.85
299.01
369.41
770.16
335.37
662.36
301.76
329.2
711.18
202.49
629.62
479.47
766.67
325.7
220.72
47.67
504.67
488.86
780.02
281.94
552.22
486.88
253.18
386.55
530.43
191.08
149.36
129.56
411.23
470.69
202.38
246.21
737.21
557.76
144.53
275.65
569.62
140.47
513.04
64.6
628.32
11.18
91.81
252.13
41.78
351.56
35.58
78.87
146.45
316.87
147.47
217.55
13.79
719.34
400.59
418.32
73.74
526.34
652.33
128.36
621.09
293.87
732.16
349.65
477.64
728.27
530.47
604.96
72.43
268.31
296.04
794.46
536.97
218.85
770.89
217.45
462.21
509.03
441.75
608.43
657.75
414.89
225.05
244.66
269.05
150.95
48.8
59.86
211.2
416.5
668.38
615.61
333.68
799.47
302.48
396.69
23.36
745.32
97.14
103.13
326.24
203.35
621.47
606.36
647.52
535.05
518.01
382.72
325.84
372.49
302.02
310.19
370.14
600.1
367.33
175.02
262.48
185.2
600.8
102.47
419.73
683.1
572.92
739.42
454.31
578.41
326.79
272.28
612.43
274.1
583.93
566.52
238.44
514.07
782.85
653.97
780.42
353.65
724.17
678.43
643.74
475.26
6.33
485.92
399.65
12.88
636.63
756.86
271.13
395.34
652.89
723.57
583.99
154.26
399.75
233.5
578.66
179.05
426.96
234.75
543.18
587.84
617.11
672.83
43.61
311.3
55.05
518.99
60.93
209.56
745.78
742.28
326.94
711.88
794.86
143.31
687.02
232.11
349.34
217.89
45.66
391.58
439.57
412.39
600.17
496.96
641.61
439.92
372.28
354.25
73.52
300.91
500.29
250.58
660.36
779.3
111.61
609.49
550.5
362.56
373.29
403.19
90.89
166.26
471.15
345.13
57.5
436.92
366.45
671.93
517.13
281.43
21.15
156.14
405.73
436.21
412.69
583.46
756.68
305.42
363.36
162.45
35.53
83.47
203.04
585.76
162.02
341.19
182.63
125.74
40
501.84
89.04
435.28
359.86
143.87
732.46
294.99
714.76
34.25
591.19
373.16
648.89
363.59
92.77
562.63
59.26
423.83
624.56
701.78
707.29
176.65
594.34
68.99
579.27
11.02
443.3
409.6
322.97
5.66
314.64
595.51
406.25
543.11
360.78
186.71
285.93
505.13
203.27
329.29
37.34
555
580.26
77.83
178.07
775.13
720.63
479.96
367.29
489.1
347
690.66
139
781.45
50.63
485.92
72.03
138.29
439.45
520.13
648.12
584.19
194.87
672.45
714.69
127.78
357.76
466.46
437.17
790.64
767.6
186.52
255.31
714.04
477.38
439.72
196.87
335.91
214.92
474.77
79.73
602.49
138.21
782.12
420.64
595.61
549.57
335.37
415.37
497.41
645.34
568.79
347.48
14.39
170.86
659.41
431.48
345.28
779.49
141.98
655.14
81.19
523.33
490.58
574
649.18
786.01
784.4
56.07
243.89
38.08
486.7
409.14
566.52
484.32
770.54
481.4
275.73
612.74
567.94
591.16
622.81
431.95
32.76
781.45
242.98
627.67
183.41
59.51
276.4
286.51
472.27
692.82
780.67
552.39
296.21
484.5
699.76
628.88
64.59
264.26
53.69
713.85
334.1
745.86
368.4
311.91
709.49
715.57
507.52
750.14
95.84
181.71
449.29
451.61
235.13
516.54
708.1
395.22
13.72
365.59
174.64
668.55
338.41
624.39
579.82
158.22
572.72
417.23
349.67
258.52
397.1
110.75
311.52
759.04
27.34
81.01
418.93
561.19
656.71
763.14
522.67
223.42
737.16
797.22
369.4
4.42
655.02
641.75
300.24
782.11
738.74
556.69
182.63
547.52
357.76
403.95
633.75
794
582.46
599.4
187.28
417.26
147.92
780.66
77.19
755.8
735.81
785.11
624.27
605.79
572.54
515.84
599.6
471.51
99.84
263.18
673.27
382.15
572.73
650.66
66.64
570.11
693.41
235.49
683.72
474.52
235.65
599.46
351.86
259.31
381.43
592.63
280.17
265.69
293.22
365.21
626.76
430.85
306.62
656.69
259.73
577.7
30.05
417.37
781.84
547.97
787.29
320.35
162.24
134.75
295.5
604.96
519.34
476.16
660.5
410.99
47.55
429.72
643.51
141.97
122.69
438.24
317.89
239.85
265.96
130.86
784.61
262.87
104.89
667.76
652.68
303.19
181.54
789.32
631.14
645.87
721.1
34.77
389.18
457.18
30.25
515.02
111.98
440.72
728.57
508.99
564.67
746.23
329.09
71.47
292.09
286.3
24.18
749.12
415.54
381.6
167.06
474.49
526.37
221.6
746.6
504.52
105.71
777.88
222.24
356.49
367.52
444.48
393.59
558.62
277.03
239.6
324.06
440.47
103.14
509.28
688.45
88.43
592.49
576.78
757.46
735.52
551.13
554.52
760.48
287.35
655.95
131.37
215.77
516.39
428.42
324.79
3
605.61
303.18
445.11
707.64
398.22
652.57
609.94
52.49
190.14
55.92
540.1
719.78
365.26
284.16
316.71
371.52
120.4
362.91
247.36
510.54
244.47
301.03
694.35
730.37
546.73
104.64
623.62
466.53
88.71
242.31
319
412.82
315
403.64
348.66
185.32
242.99
254.82
292.81
575.44
743.81
374.63
527.77
457.21
295.87
408.05
337.39
469.63
775.64
49.41
200.3
218.5
93.17
22.76
322.88
125.21
400.81
258.96
777.72
103.89
14.55
365.61
175.47
507.94
223.16
194.96
576.73
583.22
414.84
147
729.39
498.83
390.93
219.88
298.79
46.09
697.9
478.44
148.13
346.64
691.9
209.42
277.67
382.08
178.08
625.81
361.43
202.32
19.66
371.12
86.88
48.77
506.57
155.16
543.4
586.78
648.96
578.99
378.12
759.48
503.49
352.98
253.52
792.91
756.2
136.48
485.09
93.32
301.53
451.71
357.9
543.75
706.41
328.65
668.45
198.31
209.73
779.46
119.85
130.11
756.35
437.33
73.31
590.43
385.39
499.93
257.46
356.24
196.44
759.71
2.6
514.89
565.4
786.73
570.37
546.37
489.86
296.5
442.2
718.81
87.48
4.17
369.49
412.34
460.22
452.65
19.65
147.88
607.88
490.34
766.47
554.61
520.49
621.72
298.47
51.95
579.44
504.35
275.5
681.09
530.51
510.83
412.89
176.9
353.46
522.3
272.05
442.51
92.4
185.44
638.57
578.67
621.55
65.11
561.36
45.72
186.36
761.19
296.61
696.03
39.16
435.45
70.93
534.06
341.64
68
278.54
177.57
293.4
637.57
583.9
796.74
531.9
455.57
43.2
611.89
446.2
203
280.21
307.53
792.93
146.37
12.12
724.25
45.17
84.71
167.72
772.84
602.54
512.76
463.47
613.74
314.01
453.5
681.28
166.95
373.56
642.27
54.17
103.65
36.1
374.83
474.71
619.8
38.58
411.63
32.74
170.85
575.74
746.9
753.55
578.32
297.41
106.53
295.95
540.63
526.69
65.28
560.55
572.49
530.11
25.5
23.08
262.11
78.97
15.47
439.23
657.36
699.75
212.46
791.29
605.35
724.67
728.66
575.48
571.49
778.95
550.11
790.4
339.92
746.93
288.4
482.25
153.04
73.04
729.03
370.3
634.02
703.87
643.45
607.26
497.53
290.89
401.86
354.31
737.84
209.04
123.53
670.6
539.26
1.01
428.03
799.37
564.9
391.16
683.41
582.39
628.15
200.84
623.6
43.47
234.98
9.12
286.16
197.69
255.48
78.14
250.68
70.07
773.82
264.18
127.34
739.1
198.75
304.14
516.24
434.93
684.2
200.78
322.01
542.05
189.61
167.85
671.52
352.14
764.42
110.98
758.02
691.61
627.79
698.34
91.52
671.7
636.38
518.07
511.74
680.78
4.72
432.6
435.63
475.01
596.74
352.33
490.74
235.07
54.47
665.66
707.73
61.08
320.82
64.87
668.51
139.56
517.67
510.13
40.03
717.16
583.65
375.47
438.1
31.76
116.52
69.98
21.01
293.7
600.07
606.67
595.45
376.4
732.07
514.57
347.7
656.37
420.6
602.72
791.25
579.41
284.7
302.92
490.73
173.59
36.13
593.64
262.44
112.62
316.56
329.56
281.62
194.99
459.07
263.76
269.4
140.01
724.91
748.54
445.43
266.42
456.83
161.21
383.23
115.18
86.4
718.48
495.9
759.63
139.76
271.54
741
488.06
73.05
597.27
258.71
597.76
452.69
141.19
379.12
83.74
328.99
524.36
561.18
504.79
675.48
715.77
707.7
454.38
483.81
685.59
730.67
38.21
261.38
518.71
42.95
416.61
613.42
479.21
791.31
37.72
717.23
792.2
383.29
721.71
762.95
548.85
694.15
790.02
20.24
762.93
791.86
494.74
780.82
253.57
712.23
515.5
141.59
681.06
68.12
480.97
758.31
629.85
13.28
317.5
613.68
422.83
287.63
672.79
532.18
266.48
319.08
769.51
62.89
370.61
146.44
391.38
27.25
711.7
243.67
391.71
418.44
25.6
463.05
409.23
641.73
515.05
364.17
186.52
443.06
82.07
387.22
350.6
375.41
424.18
258.41
762.89
218.42
28.74
499.84
160.89
277.71
682.4
217.27
695.83
99.86
457.41
644.25
374
225.15
257.38
674.05
128.24
95.61
165.67
137.56
438.02
381.99
714.4
634.46
799.15
624.29
556.68
503.04
184.97
617.71
245.98
650.72
275.81
138.24
722.61
46.31
561.09
66
175.73
478.62
534.02
313.56
143.5
11.86
222.99
610.67
709.97
692.9
161.15
746.11
456.08
680.91
656.61
339.6
527.06
734.1
394.8
316.13
338.88
301.05
195.45
110.96
768.01
789.52
621.62
318.88
708.46
666.14
634.81
631.74
520.28
457.36
114.09
407.14
404.79
648.1
172.92
526.05
297.18
7.1
704.08
201.44
530.22
684.64
38.43
680.55
647.58
90.17
62.9
342.84
1.91
719.39
313.18
431.37
202.65
459.44
622.91
17.41
728.99
186.24
476.78
346.25
749.65
580.28
100.33
149.01
428.54
368.15
504.47
723.72
508.89
431.05
130.11
112.06
444.19
93.23
382.7
710.64
681.9
205.63
123.71
786.85
125.39
489.71
673.15
746.39
238.69
789.26
247.59
33.98
328.72
717.72
737.31
149.2
13.23
638.61
150.09
755.21
182.95
466.33
608.44
626.98
533.57
451.42
289.88
694.07
551.6
230.97
796.62
198.52
499
677.72
684.42
566.43
149.86
691.94
356.23
70.19
285.48
501.11
799.25
188.92
672.18
777.64
414.37
487.29
709.28
355.92
588.9
550.78
696.48
523.99
26.48
93.51
573.27
47.94
140.78
433.6
38.3
41.8
627.98
765.98
166.22
763.4
617.64
236.6
163.88
16.89
442.01
238.89
108.61
78.22
194.18
140.44
679.75
790.23
468.25
327.26
364.74
638.09
566.87
488.27
556.97
697.94
94.39
13.22
397.43
67.98
525.53
261.02
109.82
173.67
705.99
320.97
79.35
484.98
641.72
49
539.86
768.9
183.7
613.19
686.86
425
347.57
88.49
764.34
506.31
342.5
700.31
661.78
427.13
307.19
567.62
265.11
642.44
640.54
377.32
50.8
271.55
733.44
658.97
318.31
714.96
481.98
527.62
496.99
625.17
733.75
44.37
678.23
51.17
633.47
575.74
660.18
531.75
768.25
519.02
220.6
52.22
482.11
161.69
676.93
514.3
108.47
492.1
718.8
182.5
28.22
170.14
652.48
127.83
60.78
691.86
105.43
16.5
67.74
760.74
145.91
385.86
735.44
134.4
367.91
741.65
608.71
695.48
247.18
128.35
6.43
672.21
109.31
550.9
120.05
298.82
265.2
24.82
341.06
445.76
603.71
405.79
248.04
359.91
325.62
696.46
60.09
120.6
159.18
61.7
391.88
236.56
762.82
12.45
61.13
0.52
769.15
409.18
35.6
174.09
634.71
190.7
270.73
387.13
579.42
785.98
91.46
304.4
438.5
740.33
676.98
241.2
92.51
389.41
172.27
167.49
532.05
714.09
367.6
336.97
662.02
289.12
264.38
126.28
728.22
192.32
624.81
214.72
391.77
530.28
512.99
61.67
129.91
650.91
597.67
258.4
626.07
350.99
176.51
352.87
110.2
259.96
717.3
798.95
737.44
66.32
544.05
733.84
121.53
94.68
609.05
62.52
463.12
725.89
666.77
213.63
757.45
310.63
75.67
536.64
583.48
631.27
470.93
771.45
138.81
550.37
252.67
80.11
155.8
571.08
121.06
156.27
334.6
735.1
643.03
23.45
765.85
173.51
737.02
791
430.85
173.33
375.37
540.98
352.79
569.51
77.55
105.86
789.58
706.7
588.56
153.92
551.9
157.16
208.73
455.44
413.44
343.96
406.23
206.64
481.99
243.29
375.9
11.58
469.08
660.28
448.34
368.15
446.51
505.56
443.24
657.06
250.37
257.2
706.42
697.05
56.71
225.4
442.51
401.07
434.8
115.75
215.36
535.62
331.2
430.19
542.6
48.13
476.6
452.44
512.94
668.62
4.89
372.18
62.56
580.38
688.25
118.85
48.38
351.32
769.27
315.03
473.86
223.89
252.15
293.53
40.74
150.2
51.49
216.72
406.8
432.05
363.24
122.29
616.37
163.98
121.56
359.77
287.76
142.1
232.65
131.24
255.89
677.07
759.8
74.66
81.99
77.79
489.5
683.13
78.32
355.92
654.32
638.46
463.1
85.26
355.15
74.85
605.05
774.03
468.35
483.18
7.97
285.56
288.5
24.33
796.25
336.73
784.71
106.22
52.85
585.72
490.76
395.42
683.91
31.66
606.21
293.85
512.56
321.63
489.12
45.77
452.07
419.95
349.15
156.22
336.91
211.01
795.17
243.12
130.53
237.82
44.88
618.93
386.3
113.23
534.17
100.95
645.11
435.39
193.87
50.96
161.39
789.32
374.76
623.49
622.36
363.83
346.04
177.79
134.77
269.05
300.91
536.52
742.64
199.95
418.31
697.54
0.96
797.6
413.84
771.88
348.69
346.51
602.8
132.49
258.54
247.93
662.42
457.73
441.6
435.14
51.02
67.78
547.39
574.17
617.09
57.43
380.01
162.51
542.92
530.31
415.32
197.32
295.91
677.36
167.64
413.54
591.22
603.66
220.8
570.4
100.88
294.68
235.1
101.36
51.32
241.94
527.63
13.43
229.36
727.04
152.38
600.72
721.96
457.87
593.93
293.9
151.33
546.36
713.85
200.84
311.39
590.34
700.92
342.53
626.16
741.46
150.6
606.66
194.86
260.71
54
723.93
138.4
325.32
126.82
429.15
579.09
20.29
705.35
341.24
722.04
451.03
470.32
180.63
654.99
645.52
243.25
553.96
174.79
142.95
577.53
448.38
610.53
80.45
537.39
231.49
62.61
483.93
406
691.42
499.46
294.73
343.85
288.48
225.67
430.42
760.04
657.35
219.44
52.2
520.24
769.36
564.42
29.82
75.33
301.43
334.12
290.94
545.38
493.98
10.46
499.81
175.96
717.15
519.05
707.27
675.17
141.63
27.15
779.79
723.2
695.85
206.78
515.27
634.21
297.06
647.05
121.69
736.97
682.64
533.01
82.44
746.99
30.94
0.43
116.98
349.82
427.39
678.78
230.88
640.94
315.16
240.69
507.21
140.13
501.58
177.43
237.42
465.04
612.79
211.27
312.77
243.16
707.72
146.19
421.67
365.96
607.86
418.38
54.88
311.88
195.01
193.03
237.57
312.43
282.76
564.24
76.75
331.01
699.93
32.63
231.85
151.66
473.13
231.26
346.55
112.12
577.27
131.16
620.4
122.6
794.99
312.64
425.99
157.42
235.36
70.2
258.78
499.56
567.07
304.39
780.23
431.76
668.29
379.25
770.37
234.97
91.77
239.95
1.84
339.38
723.11
12.03
494.34
307.05
487.47
335.82
429.11
208.15
752.19
173.28
442.02
348.31
796.35
626.9
554.34
417.24
698.24
744.23
86.66
402.78
3.5
312.59
283.25
317.41
748.79
595.67
780.33
111.29
462.76
488.61
151.18
141.16
727.83
754.38
732.47
610.3
313.32
57.49
793.51
58.45
748.58
485.71
25.49
274.35
606.42
546.53
161.81
383.38
402.95
729
539.08
715.72
654.11
266.27
439.84
522.72
16.81
557.52
406.89
635.48
295.44
70.05
590.43
543.12
520.28
303.82
436.36
412.15
699.21
279.6
733.19
124.69
172
466.06
502.02
521.87
158.56
172.49
775.19
508.71
721.49
65.95
781.53
175.81
730.64
271.31
382.51
657.91
600.45
645.63
298.47
17.27
34.97
575.36
213.17
113.67
546.08
133.77
266.57
354.98
286.22
30.45
271.27
325.65
286.01
423.05
556.39
174.22
515.44
217.63
40.04
459.36
604.71
314.52
17.59
728.5
427.45
527.2
10.38
413.85
368.45
341.21
754.26
133.65
124.64
132.86
601.99
140.99
609.52
477.21
28.45
529.91
394.49
721.72
548.49
139.86
351.33
771.93
261.94
415.33
672.81
695.73
703.77
421.54
572.64
338.6
80.59
368.8
484.21
569.81
37.65
348
739.53
754.65
475.08
467.27
297.36
601.79
585.51
45.05
38.04
632.05
632.91
531.55
654.07
111.47
277.5
698.36
239.52
584.31
30.67
456.06
784.25
742.26
218.71
178.32
27.74
162.22
14.56
51.99
400.92
480.99
62.86
465.67
262.48
129.87
522.69
526.08
420.13
191.26
129.76
101.87
93.37
626.85
417.49
786.16
688.69
593.22
248.4
460.9
452.08
435.7
605.98
340.01
555.65
284.95
57.67
215.1
572.44
688.01
777.77
683.88
558.34
568.98
603.29
608.98
432.3
712.93
537.85
80.57
144.1
429.04
117.64
638.81
135.21
381
123.48
481.83
129.13
735.18
725.93
72.43
21.05
114.83
167.92
197.13
556.07
605.17
20.74
73.85
455.66
86.88
287.39
763.14
23.28
635.16
562.59
584.93
607.95
577.13
742.11
223.27
609.08
171.21
466.78
563.23
632.95
699.23
255.07
255.23
769.59
27.45
376.42
561.94
422.47
222.5
378.2
476.34
694
478.92
259.17
711.76
793.69
416.71
692.65
664.5
265.47
313.38
703.75
76.41
366.16
587.53
449.44
256.1
461.29
571.44
165.95
769.07
202.46
177.17
482.92
236.77
78.16
641.35
331.57
644.76
50.44
38.75
751.75
229.15
202.58
304.47
298.91
78.81
116.03
475.73
324.56
164.43
306.99
399.64
318.9
508.21
799.62
141.17
345.06
338.29
39.53
696.56
340.52
50.25
84.34
714.49
706.85
236.11
403.59
325.46
565.33
395.09
176.44
63.1
370.28
438.18
276.29
319.91
30.81
562.32
163.02
669.5
313.96
680.59
505.29
92.77
330.99
230.01
590.48
35.49
453.45
18.43
420.84
664.39
126.66
102
710.51
235.1
736.27
634.7
119.86
271.15
159.4
237.84
126.21
642.59
795.81
445.67
627.91
716.67
48.7
206.36
37.04
29.09
226.04
396.18
698.49
746.88
24.77
600.12
51.58
614.43
436.86
180.2
330.3
416.82
41.85
69.48
89.7
69.25
125.69
367.09
107.3
410.56
582.86
697.94
113.22
416.15
690.66
326.1
591.98
599.51
363.27
255.63
782.58
498.75
660.91
354.69
555.18
314.76
164.52
303.52
266.17
747.08
56.61
430.97
427.3
163.3
128.11
462.94
721.65
297.64
187.09
796.38
171.75
29.5
633.72
132.14
9.36
383.71
178.46
706.04
202.69
171.72
66.86
58.01
694.72
435.85
727.77
335.82
45.96
474.58
645.38
148.71
727.96
458.8
417.31
671.64
522.87
362.94
350.96
10.3
151.39
252.68
431.57
722.76
130.86
726.14
259.21
23.89
496.72
291.71
103.27
229.51
442.97
434.88
196.92
596.02
479.35
472.95
716.46
432.89
74.21
403.07
434.41
194.04
121.21
493.13
404.71
792.53
695.54
70.65
708.72
281.59
694.34
518.57
685.49
745.55
617.46
139.33
378.64
786.89
630.34
27.58
114.56
414.77
108.27
357.15
368.03
97.88
720.79
117.66
628.51
48.48
559.96
600.84
138.66
798.31
158.4
34.05
359.12
709.89
82.07
569.86
611.92
634.05
511.51
40.02
786.11
412.82
90.81
761.01
264.6
234.21
393.22
596.37
455.35
324.3
400.14
488.73
19.1
545.6
451.47
537.95
668.18
358.6
680.04
685.99
502.88
119.19
484.62
525.95
66.19
723.51
15.77
245.25
761.51
456.7
57.43
519.88
357.46
480.51
491.96
616.37
705.84
622.94
103.46
242.9
529.07
76.32
106.92
443.99
779.45
592.74
459.34
11.87
679.64
742.21
643.33
647.7
478.96
353.03
202.8
186.08
290.41
607.94
329.29
592.02
471.21
399.89
656.15
690.12
570.06
582.57
15.88
159.16
262.49
518.39
136.03
679.7
559.3
366.95
457.82
642.61
745.83
233
536.5
436.88
406.69
277.41
260.62
230.73
585.42
670.12
516.08
315.52
400.48
360.04
84.17
621.75
52.35
5.54
97.01
121.28
598.78
741.45
269.46
597.61
687.28
2.24
749.21
359.18
97.37
601.08
330
62.41
711.52
538.45
607.25
761.7
485.05
762.84
546.13
75.07
551.66
217.31
600.57
340.86
94.55
252.9
560.22
645.03
648.24
199.61
335.66
168.09
679.36
326.15
552.58
530.8
22.33
132.63
357.71
586.72
449.53
137.18
15.9
427.88
310.72
484.81
773.92
275.68
207.68
580.14
233.98
117.5
575.88
108.28
428.91
267.55
268.48
471.86
750.19
293.29
222.37
137.24
429.24
727.73
586.49
98.41
678.04
528.21
653.72
54.04
682.31
625.11
198.85
527.14
541.38
530.16
265.99
416.54
628.66
61.01
765.53
432.93
291.83
638.61
178.08
276.49
245.06
571.3
164.35
709.16
612.45
59.39
86.6
543.06
96.3
680.18
140.11
567.03
99.26
674.12
429.94
459.37
579.68
18.15
10.82
386.29
466.26
235.9
375.6
505.57
162.69
170.43
349.55
237.54
583.82
460.31
541.1
759.1
230.56
628.62
206.45
447.3
103.79
92.59
793.45
102.18
303.82
444.38
340.97
52.77
260.48
396.7
241.42
241.42
413.68
313.27
584.09
517.84
726.48
517.39
421.58
54.79
528.43
236.13
335.17
92.51
14.93
421.61
670.07
484.15
175.89
42.03
193.43
278.08
38.67
179.6
373.27
581.88
792.2
530.71
58.72
679.07
261.91
34.04
467.91
230.11
563.5
560.59
584.12
179.73
310.39
279.95
15.29
133.39
390.19
758.16
468.18
661.75
50.25
713.54
73.45
287.31
722.92
655.11
318.25
372.93
708.94
735.09
65.9
721.02
106.53
343.01
129.06
347.72
240.58
716.49
221.98
791.32
592.81
43.61
343.74
208.76
341.39
217.48
750.76
346.39
220.41
664.61
262.29
61.02
436.86
266.97
197.95
10.97
114.14
738.5
131.67
149.2
347.71
51.74
691.11
431.75
181.09
386.33
470.13
159.2
312.61
366.03
502.36
431.96
619.73
196.25
488.01
782.86
778.47
21.64
251.9
91.06
689.26
680.41
616.61
371.96
139.41
426.53
427.43
235.23
376.54
438.02
690.83
680.98
163.36
588.34
12.75
770.09
572.94
509.72
159.11
637.73
11.86
386.09
606.1
783.04
734.16
268.98
394.9
360.93
750.23
751.28
306.84
658.03
185.34
473.35
545.73
676.35
7.46
485.79
202.23
667.29
793.03
17.89
674.03
405.6
743.82
517.15
429.06
115.18
651.53
350.48
272.3
687.01
668.34
553.54
194.87
562.79
39.96
724.15
101.44
105.7
607.49
780.94
328.01
290.65
617.13
234.67
723.19
483.38
732.03
447.65
189.71
173.26
652.29
433.19
702.98
195.57
715.35
492.8
218.39
797.79
657.11
593.12
707.44
730.67
269.07
447.47
709.14
332.63
697.5
302.18
310.2
419.79
517.25
376.25
215.88
755.59
218.91
176.87
8.98
483.05
612.77
627.8
32.45
586.96
631.21
749.65
308.93
3.48
578.83
160.38
110.22
773.23
444.71
780.83
57.12
410.09
128.2
650.06
560.48
203.71
732.46
325.21
329.86
585.67
356.69
577.56
66.91
758.34
670.88
644.13
426.33
580.13
439.68
213.9
713.82
85.85
25.92
455.87
215.17
450.02
666.55
433.29
799.16
750.92
399.02
223.05
162.45
141.39
61.47
642.54
18.76
359.55
67.6
665.1
335.85
427.25
494.19
478.94
740.05
635.49
491.8
563.73
659.03
644.75
630.77
215.97
697.14
264.13
191.93
393.45
729.1
67.76
523.4
38.93
254.35
167.63
752.15
479.06
462.89
622.37
742.99
26.24
36.42
307.8
274.53
181.35
711.17
48.93
695.97
519.92
185.92
754.48
249.19
656.72
185.43
444.75
119.8
114.09
249.39
396.1
657.29
468.41
331.29
6.41
661.66
360.91
549.84
279.02
390.38
559.44
389.04
97.22
58.22
181.93
364.58
423.25
142.88
336.66
549.02
116.4
781.07
59.62
26.41
316.44
611.31
481.84
765.64
517.53
502.24
380.77
737.73
248.79
334.2
234.9
573.11
338.49
491.34
219.75
280.75
173.68
736.28
489.71
700.76
83.03
494.69
36.64
190.48
520.04
314.77
70.23
116.29
224.18
726.59
720.86
649.34
158.69
314.46
688.5
556.53
524.85
522.76
288.81
67.4
6
100.18
314.8
61.92
596.83
17.21
770.95
5.42
2.95
656.59
130.88
427.13
357.63
541.92
105.54
68.47
294.19
664.5
526.39
219.91
397.93
699.48
82.87
73.49
748.69
593.13
573.47
157.83
595.44
618.51
776.29
556.35
642.15
589.95
102.6
252.61
320.15
607.39
645.38
694.47
588.12
49.89
293.32
362.32
302.19
298.17
265.85
6.17
691.82
449.93
485.39
337.36
199.29
663.67
80.74
595.03
416.76
647.41
694.14
763.64
782.87
50.64
205.54
763.04
433.95
257.43
361.3
276.63
369.83
581.94
446.81
357.28
367.96
123.93
3.73
161.79
289.82
123.13
374.47
91.2
161.91
42.63
389.78
509.41
122.88
276
178.23
91.79
420.73
29.34
729.8
132.25
402.05
125.3
476.63
355.23
589.83
81.49
62.68
798.62
587.83
103.92
744.49
332.25
31.05
752.93
18.75
13.06
140.84
160.52
615.91
142.08
798.01
307.57
134.22
533.01
591.57
363.13
635.16
153.57
793.37
34.59
785.03
795.88
636.75
528.4
359.2
110.22
635.83
270.37
304.05
147.18
162.3
551.62
379.71
664.03
169.27
455.91
476.58
76.13
495.02
279.65
194.13
644.02
710.21
734.97
107.98
720.77
607.36
790.46
795.59
767.66
530.36
155.01
44.63
547.29
24.62
292.13
797.88
95.5
113.25
605.04
300.74
734.87
44.4
754.58
66.48
633.18
596.58
632.23
230.75
381.64
168.57
22.08
753.58
130
9.34
485.58
233.54
714.08
96.52
509.44
148.47
502.87
163.38
687.07
388.35
798.98
578.24
767.37
315.37
398.45
506.96
92.06
319.81
708.68
326.48
435.75
98.27
738.13
665.9
243.63
388.59
615.94
728.39
728.96
569.13
508.75
788.03
375.16
689.42
552.93
210.62
402.09
245.72
597.32
796.04
4.73
36.02
353.6
659.51
605.85
676.79
289.63
254.76
544.56
606.35
478.68
450.13
116.3
262.81
394.87
81.84
14.02
15.47
7.72
218.9
577.74
647.12
232.28
360.41
331.63
317.1
798.26
684.07
598.15
1.25
341.74
597.98
602.64
693
420.78
28.05
735.64
673.77
211.6
724.07
629.04
263.87
157.99
538.62
668.87
352.21
39.14
559.7
49.27
738.91
194.68
574.26
105.76
31.19
261.36
34.11
53.87
343.13
234.86
78.8
494.34
144.37
630.13
543.39
400.09
314.19
171.87
754.75
120.84
442.31
630.73
596.86
535.49
131.38
72.92
35.87
338.57
497.82
658.84
667.24
472.75
724.24
453.89
305.23
353.9
438.6
478.56
724.05
420.27
588.71
496.27
440.42
778.83
231.14
531.72
26.63
494.31
109.24
407.39
270.79
251.21
404.47
578.01
585.89
126.96
528.13
296.68
0.26
255.21
101.09
591.42
687.89
165.41
296.69
174.2
672.73
119.23
647.26
796.05
10.62
53.59
373.24
234.44
23.12
53.78
575
710.72
16.01
298.27
713.42
2.5
729.95
783.86
20.25
496.58
750.1
416.32
109.9
388.86
684.61
792.26
11.02
732.42
381.78
402.44
487.97
52.59
15.66
619.13
666.36
544.96
101.07
187.14
303.17
450.73
268.55
644.37
31.95
797.14
262.68
423.86
729.49
242.94
670.78
250.18
66.78
292.67
204.87
393.56
712.78
141.72
58.47
792.6
81.22
43.3
239.47
90.06
52.41
139.47
316.84
71.99
156.14
715.37
337.06
361.67
781.56
435.1
487.34
553.25
509.8
22.29
543.5
750.47
460.86
391.33
500.77
632.7
589.06
758.15
487.87
551.13
366.5
509.97
702.41
218.89
593.32
323.56
580.29
276.37
648.18
267.49
190.99
198.79
353.17
633.55
242.64
751.41
208.35
248.26
240.75
375.14
693.17
60.74
232.14
672.63
356.73
688.4
196.78
17.93
341.98
152.95
390.25
526.22
428.9
463.78
782.49
21.73
627.4
272.38
29.09
720.41
746.02
218.95
687.67
264.08
634.18
600.12
339.28
31.67
753.03
680.39
54.06
349.17
352.73
685.19
759.22
400.19
1.93
319.22
676.27
538.35
752.3
773.72
571.16
61.23
305.39
677.48
186.63
302.2
242.68
86.9
234.49
714.24
309.06
271.27
794.5
212.42
541.92
778.41
238.78
591.51
53.84
728.44
205.4
215.65
293.06
556.69
226.86
409.54
58.45
61.57
206.77
726.6
479.31
317.74
723.32
545.81
342.51
784.17
370.92
612.69
505.6
598.71
791.56
554.61
471.94
611.44
166.79
250.45
422.75
446.77
446.9
514.56
788.97
623.47
783.71
527.66
110.33
194.75
194.22
134.48
704.27
580.22
207.2
642.91
288.46
288.6
468.38
517.9
370.6
551.48
234.88
748.83
47.86
270.55
438.79
737.02
83.01
597.89
330.13
380.46
329.5
688.95
88.68
316.6
623.55
135.81
584.25
16.78
767.75
635.76
775.11
754.43
635.21
448.08
369.59
121.67
228.28
242.62
86.7
241.64
721.42
431.67
773.94
525.65
702.7
629.59
638.04
444.92
542.69
287.45
284.38
318.07
25.18
754.75
480.63
526.46
196.49
330.33
598.27
623.5
547.83
470.18
216.15
280.93
418.87
668.37
342.69
98.16
789.85
363.59
166.8
94.72
653.7
632.55
134.61
203.24
631.39
496.11
192.83
586.64
650.14
651.86
320.66
782.86
706.23
236.97
480.87
393.57
442.36
287.87
483.16
205.14
230.92
271.01
270.33
203.6
145.96
479.71
537.97
369.81
82.83
127.63
210.63
594.1
258.03
236.86
497.18
627.69
744.22
381.71
459.81
505.58
715.63
729.16
300.73
604.88
177.21
476.28
697.18
150.49
459.61
78.67
318.21
619.89
55.24
257
725.46
239.76
703.25
396.92
280.34
464.79
142.2
681.26
644.24
240.74
170.51
386.01
645.12
443.21
481.46
361.47
579.93
549.34
266.57
195.64
366.55
529.34
205.47
475.7
754.54
97.99
120.52
520.46
343.42
22.1
461.13
227.03
757.93
281.6
456.85
199.11
46.04
190.15
177.2
754.41
148.81
152.83
2.9
476.84
318.36
756.12
585.91
180.58
724.05
581.46
379.48
360.44
554.04
514.27
72.9
83.27
638.68
390.91
88.69
36.63
190.76
647.05
754.47
427.31
699.74
605.79
629.05
255.21
177.88
274.25
502
192.6
403.71
373.79
37.71
140.3
93.08
650.58
236.59
550.32
700.14
717.29
180.83
3.76
665.89
172.64
286.26
161.87
135.63
742.26
548.3
647.96
579.72
554.99
24.85
761.6
760.61
145.96
192.34
93.23
512.57
559.43
186.77
407.1
738.13
128.86
438.24
751.27
515.21
482.19
487.25
245.08
532.39
163.22
641.25
419.25
717.83
339.52
266.87
630.94
495.41
413.43
335.8
320.82
119.29
731.28
624.89
318.21
671.6
625.75
507.96
228.24
662.11
59.9
86.91
789.41
312.02
657.8
361.58
98.49
329.92
419.08
380.51
108.31
361.72
411.77
270.04
352.4
235.41
413.23
584.25
290.48
638.31
729.61
143.82
314.14
396.84
760.41
132.22
292.18
455.57
204.6
404.6
669.51
175.93
779.49
446.07
449.33
8.62
140.87
698.04
206.46
672.07
277.99
524.76
257.66
168.05
790.02
358.88
209.13
762.96
502.37
596.09
433.54
754.46
559.7
463.2
41.88
715.97
634.6
365.85
737.23
16.26
194.14
606.71
316.36
197.44
449.36
776.15
720.39
595.07
740.87
218.19
650.88
228.01
641.9
399.06
104.59
390.89
116
389.8
626.75
608.28
64.71
252.74
150.94
133.39
612.74
372.62
724.16
473.76
61.17
715.4
92.95
257.96
364.8
446.68
148.28
641.35
525.93
330.85
474.17
516.88
200.67
73.47
29.68
223.84
206.16
730.58
780.88
315.19
632.81
617.6
731.06
69.31
44.65
81.1
296.49
181.18
669.62
349.2
766.98
51.08
134.05
17.15
133.53
27.51
372.02
114.87
296.45
159.2
397.84
170.36
701.76
335.53
109.13
97.29
317.65
656.13
669.72
703.2
785.1
232.42
452.66
519.67
511.83
74.54
87.4
318.62
440.37
494.18
39.28
526.05
762.88
510.94
687.72
134.03
549.23
615.75
551.69
536.87
626.72
464.41
297.74
207.9
676.33
374.34
287.66
716.23
137.52
457.38
317.7
582.01
323.39
64.44
736.89
211.11
126.29
243.15
692
561.82
496.88
366.35
398.49
206.44
349.7
179.16
274.72
5.85
249.16
664.32
70.58
466.65
538.46
493.39
677.76
280.25
91.26
638.29
741.51
684.05
184.07
109.76
411.7
419.91
795.17
561.75
568.46
241.36
502.13
86.17
428.69
365.91
6.14
10.05
664.1
660.24
398.37
211.47
342.56
397.76
731.3
188.94
297.85
139.79
742.67
492.07
172.56
515.72
103.77
447.9
764.5
82.92
572.2
41.42
725.38
139.72
284.03
384.54
503.89
150.15
179.08
438.58
336.43
543.83
293.98
314.84
427.57
262.95
748.69
644.63
424.72
181.03
124.02
558.91
771.01
512.81
763.82
331.35
67.55
529.18
92.34
39.71
80.41
462.91
39.81
395.1
99.93
712.81
39.23
74.85
615.92
412.83
687.86
708.75
528.49
568.41
775.68
350.52
419.36
294.03
638.36
637.16
677.47
271.92
780.57
494.72
295.58
11.55
374.87
269.77
564.42
42.26
305.82
32.91
270.3
99.74
373.42
91.4
467.83
716.38
745.6
571.54
763.47
377.69
315.63
618.29
237.73
108.45
488
674.35
606.7
713.28
127.2
485.35
72.88
282.9
299.16
561.34
659.18
169.21
776.55
693.12
144.67
357.54
635.59
608.72
732.65
590.2
374.42
72.86
272.42
309.54
111.84
270.61
219.46
413.22
474.93
311.72
494.01
302.56
132.66
659.64
191.79
150.91
220.84
624.93
799.72
703.16
792.4
241.98
529.36
736.91
560.46
164.05
289.54
558.97
214.66
425.75
521.98
441.06
751.7
109.79
3.32
189.73
515.24
653.12
177.04
398.87
347.39
158.57
70.74
20.77
444.47
552.84
641.18
235.17
132.58
520.89
97.69
300.52
341.57
515.84
318.78
41.56
488.56
218.75
326.23
368.87
168.55
665.77
14.89
775.67
336.67
133.47
150.6
659.94
597.67
391.28
531.95
9.55
515.27
699.69
281.09
723.74
721.74
617.11
785.33
658.3
447.31
263.97
451.02
241.44
101.92
742.11
633.03
204.65
466.6
598.16
344.47
442.02
434.14
169.83
625.13
226.99
52.57
549.64
517.55
549.34
513.97
37.83
683.09
717.5
640.52
733.73
45.76
774
261
786.64
754.84
550.52
272.76
389.3
717.01
477.33
396.84
39.31
24.13
303.46
192.25
384.77
144.68
111.61
790.93
160.41
141.6
412.71
304.76
537.02
163.54
348.35
588.98
327.37
756.09
244.39
350.53
209.23
733.34
83.38
57.73
265.21
562.47
23.96
583.86
755.71
746.78
615.42
684.84
128.98
128.7
722.34
511.5
666.38
339.81
513.62
688.5
378.65
784.85
40.33
463.2
536.22
643.51
257.59
634.04
603.18
208.74
139.76
202.1
491.68
195.63
402.62
517.56
752.77
196.66
91.59
635.08
124.77
206.55
194.66
455.37
323.78
505.08
519.2
456.19
791.59
333.79
243.74
356.21
793.49
504.07
404.27
531.43
344.6
402.11
701.22
742.66
512.1
139.28
238.79
122.36
757.11
684.6
442.51
378.87
198.42
111.12
63.5
328.99
202.39
478.67
147.6
278.11
155.56
33.29
767.68
526.49
77.8
480.9
653.45
329.14
578.13
101.8
746.99
453.52
698.51
145.08
664.01
153.37
782.95
776.34
400.33
659.94
287.1
363.69
247.41
242.43
662.98
451.39
757.82
291.44
450.76
398.53
4.85
566.71
222.09
560.49
228.12
584.67
473.14
104.81
161.58
472.31
570.15
171.94
441.77
277.14
144.39
694.22
122.49
350.74
419.04
564.17
296.51
368.17
230.24
155.42
723.58
179.47
592.07
157.69
329.49
674.14
764.7
116.56
45.59
699.03
155.29
135.83
402.35
340.84
276.78
120.26
574.21
457.4
261.53
185.32
575.01
732.94
552.59
567.49
771.61
506.76
763.33
244.33
526.47
558.25
687.1
397.95
607.5
528.82
710.31
717.93
195.41
14.13
613.17
63.63
353.97
536.16
652.03
109.84
253.75
467.34
663.11
22.2
149.8
135.95
571.1
15.24
494.26
406.14
322.78
567.73
314.19
669.35
93.04
183.32
414.41
638.18
522.21
223.07
674.27
187.42
237.62
750.1
10.35
444.53
318.24
770.85
206.35
207.28
163.65
682.32
672.95
349.55
457.24
779.66
441.35
260.31
219.67
466.32
714.33
457.82
741.87
698.04
259.49
736
269.22
761.48
275.87
512.13
702.7
34.66
435.07
22.11
359.66
601.9
721.65
600.07
757.14
424.14
91.9
358.82
123.28
237.31
342.48
612.33
574.97
572.6
446.38
468.5
235.61
723.76
167.95
729.33
674.93
257.11
100.9
191.93
729.1
154.82
554.34
708.68
127.14
439.05
41.58
426.13
284.3
213.31
771.68
319.16
338.76
602.66
648.25
645.52
775.26
67.19
314.07
654.61
385.04
787.41
95.56
55.68
71.44
137.52
586.24
312.06
196.97
765.23
510.08
665.95
416.02
209.48
362.34
143.51
745.81
341.48
134.23
263.12
174.92
505.78
648.45
302.07
34.61
534.96
358.99
173.17
779.14
389.01
0.84
325.47
134.33
418.38
798.48
37.7
156.22
245.75
181.17
94.88
128.87
304.56
144.13
526.84
351.27
287.71
337.62
56.84
88
744.44
612.86
143.64
637.43
204.79
340.74
367.5
345.54
37.56
612.09
130.85
636.51
31.75
228.31
606.59
83.26
724.24
483.08
667.19
673.42
603.1
209.65
93.93
633.42
509.01
442.32
489.04
280.15
101.51
327.34
167.95
546.89
798.65
798.04
537.32
124.86
255.94
105.72
240.9
311.48
554.4
249.25
190.98
759.93
503.21
5.15
278.08
347.33
661.57
433.28
538.3
107.77
359.6
207.6
588.72
787.3
190.62
259.73
512.16
425.91
348.49
744.6
158.87
586.91
756.62
111.22
345.51
487.36
498.14
200.75
193.39
562.99
36.83
364.92
462.4
344.73
762.23
72.83
103.13
155.99
247.19
758.03
266.12
234.19
346.81
606.08
89.62
613.78
291.58
340.4
182.44
179.58
414.01
643.3
531.7
777.42
600.15
640.59
293.97
479.18
68.34
261.01
597.96
118.19
502.67
248.64
527.27
349.44
178.1
213.8
217.41
753.88
552.09
164.29
342.51
462.4
424.43
666.51
31.8
444.8
480.5
649.44
771.02
144.85
305.56
529.94
368.93
136.66
301.41
568.12
69.3
460.08
35.12
663.37
544.78
452.49
512.45
221.95
637.21
711.86
306.5
418.75
546.92
600.22
589.58
523.71
442.78
461.04
321.75
191.81
13.18
82.6
372.59
104.26
564.32
660.6
645.57
599.03
2.74
134.42
635.36
294.31
516.8
407.28
284.06
67.67
674.58
648.76
711.81
488.55
619.02
746.1
797.73
425.66
386.43
702.29
230.25
298.77
21.61
684.64
763.68
218.28
527.35
104.85
748.57
97.18
570.4
708.94
138.41
380.18
266.08
44.28
59.92
130.45
397
691.2
753.48
97.32
398.29
346.09
487.49
203.68
691.55
651.33
142.68
533.96
106.14
233.46
450.12
100.69
481.71
216.28
696.99
71.34
733.12
604.46
166.77
303.65
236.49
200.78
600.98
117.57
29.76
233.35
497.98
708.06
197.05
173.68
134.78
623.74
171.48
368.16
44.47
609.59
358.78
290.05
170.02
452.37
133.01
407.04
483.66
575.97
34.36
765.2
524.37
646.85
722.71
279.12
288.38
78.78
51.14
241
572.88
337.27
226.94
762.73
32.08
472.68
114.05
250.84
483.59
578.23
232.53
20.87
288.9
604.89
780.35
444.12
325.88
682.83
381.48
717.48
638.19
661.63
342.62
480.13
291.76
714.67
365.64
276.85
595.75
777.29
296.86
713.9
503.88
603.55
41.18
268.02
330.75
181.86
444.48
63.78
359
623.05
145.8
696.04
482.44
764.54
492.12
321.34
735.53
513.65
594.37
298.24
713.83
315.99
130.85
606.08
650.74
669.59
438.1
540.48
590.36
172.17
367.68
373.2
392.69
742.69
363.13
34.9
683.4
474.11
101.81
663.59
415.71
539.96
729.99
721.51
61.13
587.51
332.36
51.56
486.66
555.12
21.01
63.95
532.89
597.57
276.21
433.29
526.52
707.6
546.63
52.33
455.12
400.04
732.2
345.34
286.66
705.11
152.1
769.8
656.54
795.77
8.58
475.79
478.4
458.17
375.1
636.47
210.13
354.38
407.68
601.73
521.14
22.57
507.88
23.71
495.97
140.04
774.39
74.29
95.46
683.03
528.4
599.81
201.84
662.96
662.56
398.07
247.78
323.12
672.62
85.03
217.52
233.9
291.66
15.1
797.87
721.81
229.63
369.65
465.61
521.71
603.62
428.79
592.14
683.6
112.02
607.79
464.43
178.82
659.24
703.65
390.01
659.86
38.23
495.86
114.71
544.1
31.56
633.47
313.51
203.52
790.62
734.02
696.67
420.58
50.55
49.8
83.35
727.22
475.57
756.73
36.02
375.11
794.47
448.17
791.32
743.39
520.25
616.13
486.11
135.28
624.81
285.38
767.24
741.37
274.42
470.18
674.21
363.25
35.27
640.66
602.62
393.29
707
9.64
319.83
84.5
444.5
67.15
395.74
363.67
533.03
495.85
552.72
775.21
450.85
667.85
221.16
381.88
255.58
257.73
722.66
636.05
280.92
601.46
269.1
447.84
461.18
29.99
423.11
689.46
50.28
85.33
515.4
346.43
764.76
792.68
781.34
206.5
437.92
722.35
577.98
4.72
517.04
283.99
20.16
1.47
714.97
53.6
730.71
405.93
99.1
723.43
528.57
486.81
147.16
434.37
374.03
249.92
28.18
360.22
309.47
723.33
620.16
528.47
415.56
453.61
559.51
487.51
172.11
149.33
727.89
776.35
373.66
554.29
682.53
293.18
323.01
337.36
268.3
799.67
489.22
506.86
233.02
401.54
536.63
252.41
196.48
120.27
307.12
239.59
232.51
17.28
760.97
436.72
516.54
432.23
14.47
279.61
198.17
399.5
610.07
121.44
194.17
206.16
638.99
4.83
598.96
374.11
330.06
442.57
397.11
191.6
746.9
184.81
606.41
600
301.21
294.02
469
373.66
60.1
670.21
16.03
474.67
329.7
415.52
542.35
109.04
260.93
141.87
96.04
498.79
290.25
232.5
100.26
753.24
572.21
279.72
407.2
371.14
632.68
261.08
88.39
153.36
618.99
784.18
754.84
665.86
94.36
774.78
299.53
200.36
476.01
690.48
688.6
640.73
281.14
796.97
511.91
25.8
439.89
83.87
464.1
335.56
619.66
691.44
386.27
274.81
665.97
401.78
439.52
139.84
95.67
363.55
602.56
169.13
525.41
485.28
181.41
238.74
681.7
466.31
564.87
6.54
101.48
482.42
343.5
646.92
427.04
301.21
320.44
36.94
576.9
160.72
89.72
502.32
749.34
224.68
200.04
57.72
203.55
52.91
171.2
118.92
401.58
713.07
772.87
337.03
171.8
446.05
173.64
487.74
654.22
275.96
361.81
415.8
283.81
625.4
679.17
573.08
77.03
150.51
153.68
527.78
169.21
658.58
241.43
594.44
166.39
438.42
349.36
453.75
318.98
530.98
766.37
262.04
743.27
682.57
488.19
313.99
336.25
500.71
766.9
571.58
503.03
359.58
386.74
535.55
614.41
16.48
674.89
450.35
578.69
91.49
775.49
248.73
35.96
371.06
583.57
25.37
662.4
680.51
165.07
354.72
233.42
748.88
13.55
783.81
452.76
110.51
769.05
478.77
565.36
714.59
13.92
375.95
188.44
565.77
593.18
189.44
571.8
537
513.31
530.33
80.67
57.68
579.44
21.01
515.9
428.98
136.89
698.93
709.65
260.55
483.07
356.63
33.25
143.15
458.78
127.05
61.88
36.59
645.44
179.31
792.73
165.26
73.04
434.08
16.69
318.99
731.76
751.48
754.54
392.69
62.73
555.21
152.37
17.39
714.14
461.85
663.98
485.09
146.21
296.73
399.04
669.91
750.85
1.01
263.47
325.39
178.9
216.28
742.88
87.66
295.61
484.28
641.43
589.44
530.81
735.43
656.65
761.32
670.63
327.67
5.35
207.34
7.08
80.09
420.8
421.5
269.66
24.21
145.99
308.97
70.07
292.99
478.33
570.73
475.38
789.76
260.42
30.31
277.54
529.48
217.85
635.15
718.07
699.86
559.1
659.86
301.58
137.64
86.75
459.85
56.64
337.44
104.67
335.12
495.81
657.96
261.52
704.12
642.34
175.93
173.11
623.28
383.54
495.07
778.96
693.35
685.4
237.67
290.55
491.04
576.95
133.74
716.51
702.95
230.08
40.46
159.58
179.78
795.43
469.35
236.17
27.59
89.64
619.59
561.09
518.95
531.1
704.82
762.42
347.05
32.18
389.69
683.01
679.73
452.11
504.11
20.61
327.64
390.18
565.79
591.59
182.11
125.03
755.11
83.13
407.69
778.43
652.86
568.25
354.92
670.2
183.18
720.1
782.39
659.23
219.7
743.31
787.02
795.47
488.43
654.71
640.65
266.08
317.2
476.59
513.69
506.47
233
775.91
76.02
542.66
386.24
263.18
590.08
62.59
292.95
441.92
147.04
392.19
540.22
331.42
660.95
249.69
626.53
409.52
82.31
366.87
282.75
237.35
430.47
685.01
287.25
86.26
84.3
262.05
416.87
588.76
653.28
374.83
417.99
597.49
606.08
201.79
79.25
453.84
422.38
727.15
327.92
637.22
231.07
248.5
252.5
727.45
679.57
727.02
139.15
408.65
338.66
222.79
572.23
218.85
384.37
583.8
120.12
72.39
279.45
679.89
766.83
273.65
694.41
272.76
620.64
774.2
303.51
573.89
41.18
643.73
467.28
207.32
691.79
390.4
282.71
276.02
157.96
549.26
102.79
302.23
95.52
286.81
107.27
296.28
623.35
387.72
42.88
68.04
456.12
550.52
528.62
262.97
790.93
681.34
335.76
304.25
568.85
779.4
195.92
220.77
544.08
191.77
243.13
598.32
579.67
348.42
757.54
452.46
788.86
491.44
561.33
222.16
102.33
326.03
70.74
418.47
247.5
317.98
639.31
479.97
105.35
56.89
113.19
236.96
94.15
392.45
674.76
565.28
544.16
294.44
744.98
574.72
305.62
138.86
192.79
715.61
394.19
196.64
4.79
522
37.63
663.98
61.27
685.31
430.18
2.35
722.53
609.33
585.4
251.75
407.64
140.66
168.95
184.31
35.93
127.21
79.93
66.28
258.97
347.64
683.11
528.31
32.42
303.97
518.75
571.66
271.29
207.3
593.04
418.56
248.88
105.22
517.08
170.07
548.17
661.29
263.23
152.41
449.64
673.23
639.94
207.34
544.68
588.6
272.2
519.12
383.82
63.91
327.8
15.33
151.25
136.27
201.5
362.33
342.34
3.67
776.93
332.06
474.38
456.08
86.35
358.5
280.63
33.22
536.63
55.04
445.14
611.83
538.27
10.2
216.14
414.81
492.31
337.13
233.54
97.37
515.99
488.51
602.81
406.13
186.29
545.7
192.48
192.72
622.42
332.5
122.12
647.68
24.3
62.64
173.45
657.06
451.99
334.67
746.88
716.8
320.81
546.64
236.51
67.56
451.56
612.22
157.65
388.61
360.69
384.3
63.77
759.26
422.7
45.1
632.12
95.01
219.2
474.21
484.99
759.5
789.1
696.07
453.67
330.27
601.49
240.26
12.3
592.96
507.54
756.73
53.79
154.55
599.79
742.96
124.86
402.73
8.3
134.24
60.15
495.91
580.52
679.64
271.05
640.23
786.99
255.8
59.3
425.95
632.03
153.77
503.14
666.23
451
778.13
318.25
788.89
444.65
700.84
546.72
360.11
227.97
10.45
241.59
787.51
340.43
25.85
332.73
710.64
384.84
247
341.36
406.41
467.43
654.08
80.91
207.74
468.94
264.88
212.01
216.68
613.87
627.88
634.3
292.04
786.87
185.59
627.65
305.65
293.69
760.99
313.97
84.9
689.66
148.34
670.21
324.01
248.84
657.22
467.97
438.86
673.92
259.83
762.91
429.46
247.54
435.38
155.05
120.76
94.42
771.91
130
253.56
168.94
159.4
216.73
252.05
224.41
572.5
586.72
169.97
704.28
333.33
269.19
739.99
347.24
29.24
259.73
362.67
235.56
293.22
481.83
778.17
781.08
370.16
41.17
774.72
101.46
730.35
282.89
662.85
10.08
587.07
465.39
572.82
99.41
229.36
195.88
373.55
454.56
50.34
715.9
325.31
90.35
357.99
134.57
799.53
678.71
767.9
749.62
487.04
619.68
228.18
468.74
75.62
480.8
58.31
383.53
515.24
331.09
664.33
114.8
335.36
501.84
708.73
634.55
123.68
11.55
508.12
11.08
497.1
611.89
191.05
38.2
284.58
149.29
485.02
383.59
799.17
67.78
193.03
765.79
621.33
604.94
158.83
729.15
318.66
12.1
685.64
278.39
415.32
148.41
525.14
260.54
591.13
796.83
564.63
692.03
793.75
88.53
245.86
20.29
571.53
692.44
133.83
497.53
396.56
322.88
541.14
339.3
262.38
106.68
792.14
296.44
55.65
780.18
423.66
304.63
155.96
56.31
743.3
76.37
215.76
207.06
619.27
459.33
587.49
698.61
769.49
776.82
688.34
173.94
581.86
63.72
483.12
65.85
387.45
241.22
281.48
2.29
654.58
510.01
17.9
702.14
358.87
384.57
21.11
54.36
198.67
396.63
295.92
671.1
730.74
164.57
363.68
766
104.45
640.87
536.27
747.4
29.08
508.76
760.62
449.63
371.25
231.33
704.57
522.03
273.38
475.88
623.74
273.42
739.33
127.84
367.79
658.97
786.14
608.22
248.83
708.9
707.97
342.23
162.45
715.48
131.23
301.92
784.64
757.98
511.45
525.55
532.57
100.18
452.21
251.65
701.65
595.7
218.09
153.93
454.99
93.09
748.49
276.08
395.51
262.02
234.13
636.36
321.32
333.17
722.08
584.06
442.69
230.93
555.81
398.62
523.83
656.61
424.46
701.05
650.82
73.09
641.72
11.08
331.93
696.19
38.02
341.73
467.82
160.94
625.3
687.59
598.85
19.46
117.61
27.9
124.34
322.27
266.16
603.61
770.26
400.97
128.42
669.78
209.19
366.82
367.86
44.38
175.21
470.9
432.75
17.19
84.83
799.69
665.06
597.67
222.2
574.2
55.98
277.81
271.68
156
402.66
152.17
709.97
739.19
130.04
647.82
4.73
728.49
609.53
6.91
685.12
749.55
676.39
493.51
358.87
626.33
197.37
447.99
458.61
103.55
717.31
582.51
131.49
450.87
590.28
180.72
210.69
284.62
440.95
625.3
152.38
528.51
543.65
792.84
569.43
473.95
328.23
192.75
594.33
95.52
555.44
277.86
148.2
420.51
584.92
665.78
565.11
142.72
66.38
670.82
153.99
611.92
682.18
434.28
249.05
269.84
426.14
232.07
418.04
16.11
123.61
783.4
231.93
567.24
756.93
608.8
610.23
160.87
561.2
219.35
608.24
91.92
318.72
698.05
6.45
312.44
501.49
24.76
674.55
249.43
682.34
62.77
32.24
179.16
455.76
477.32
258.34
319.94
48
669.47
710.01
204.01
124.87
681.67
95.7
674.94
414.34
585.62
449.15
733.91
198.47
747.5
42.86
568.65
281.73
528.42
494.19
260.86
401.53
589.97
712.65
663.3
186.94
313.34
336.14
1.93
387.2
194.21
433.72
265.36
325.82
276.18
428.03
22.66
55.02
798.25
645.97
149
47.04
264.63
539.15
497.19
180.25
627.6
720.09
528.13
364.98
552.65
727.76
437.01
787.3
550.24
353.89
161.36
699.34
349.52
224.61
665.25
645.43
179.16
139.16
646.23
447.12
373.11
155.55
307.02
248.02
648.23
459.58
287.61
644.48
410.67
61.85
144.8
420.22
561.19
271.04
580.96
327.98
532.81
143.98
608.16
264.66
154.09
688
493.04
27.56
278.98
400.8
124.99
557.09
587.16
433.46
438.21
362
96.95
659.27
191.21
518.81
352.68
221.89
534.64
35.08
777.33
567.04
77.96
410.01
88.62
313.04
175.14
15.72
294.16
489.75
562.68
572.16
165.7
261.8
398.76
678.24
579.05
23.34
179.88
650.28
592.38
573.67
98.83
310.2
327.1
243.98
59.9
36.07
690.65
295.01
501.51
325.99
766.3
751.89
748.2
726.95
618.22
784.86
240.75
20.21
56.96
541.37
456.41
784.17
79.45
142.77
788.59
245.37
140.92
263.51
474.03
133.14
650.79
66.7
704.34
275.41
627.83
226.95
55.63
582.9
611.5
180.91
452.96
651.4
261.66
471.37
35.67
203.38
680.8
436.64
430.21
34.42
361.42
715.81
482.73
161.2
518.36
341.66
638.31
751.67
70.97
469.54
396.42
743.18
381.15
750.48
302.54
246.66
617.11
662.37
496.71
259.61
443.18
472.56
158.73
253.77
32.66
639.42
639.55
229.44
201.38
203.69
123.59
590.94
414.86
260.2
82.49
356.84
269.15
505.56
172.52
512.73
750.27
331.6
316.16
143.3
679.74
354.37
548.66
480.25
666.68
405.19
261.48
343.82
709.35
452.5
582.11
562.25
241.84
320.49
234.95
616.19
203.18
93.29
456.48
102.66
462.8
423.42
739.66
646.87
1.73
264.11
11.02
75.69
18.73
442.58
127.18
286.73
618.46
397.86
628.46
543.59
516.75
36.16
101.69
533.2
590.56
756.74
567.73
673.61
326.67
407.45
613.3
617.58
150.7
477.09
593.86
36.85
267.43
445.04
300.39
478.15
298.49
537.76
397.13
502.14
252.62
556.48
485.35
695.51
309.66
0.1
705.53
666.19
375.26
423.12
2.61
397.08
273.77
500.78
543.59
636.55
297.63
743.97
403.9
501.09
46.92
61.48
206.46
742.41
13.84
223.73
85.36
120.49
747.16
440.24
627.02
476.5
214.57
580.46
276.12
294.02
225.62
561.18
765.6
396.55
487.63
654.33
125.32
611.64
402.78
56.87
384.41
308.97
6.76
385.13
157.92
315.18
331.71
634.66
773.15
615.73
483.04
235.6
517.84
742.58
379.06
657.16
526.74
784.8
45.52
747.35
537.7
614.37
68.89
508.04
762.33
584.71
683.01
206.44
735.86
268.11
133.47
116.29
607.87
490.86
515.33
427.38
361.06
279.67
62.2
189.47
383.44
325.03
761.04
557.98
15.92
412.73
85.74
539.84
278.15
563.23
638.88
114.48
694.14
644.02
159.62
192.96
713.52
589.13
529.37
254.13
110.99
261.94
478.57
32.81
116.02
208.63
728.28
442.56
588.09
553.06
94.06
603.45
502.8
687.69
390.12
668.02
393.15
429.97
434.24
550.3
696.23
778.95
602.21
499.21
48.82
700.3
163.04
361.06
582.87
544.42
556.22
452.38
1.75
755.33
75.88
701.6
257.9
211.41
415.47
304.22
344.96
330.93
691.14
596.73
604.92
212.63
263.74
765.38
447.27
604.45
549.36
274.16
291.53
349.05
132.24
94.14
512.39
577.79
460.22
723.15
40.49
173.95
264.09
720.12
460.82
206.3
514.14
584.26
409.85
283.75
372.4
65.61
112.3
202.76
511.98
701
422.12
420.49
88.02
175.26
279.96
159.55
427.09
722.57
14.42
234.41
480.35
369.23
193.5
563.7
410.97
702.12
41.51
421.19
763.6
319.9
151
722.1
34.94
601.37
143.11
459.43
331.94
158.84
733.82
102.49
166.53
103.33
221.53
479.45
617.1
521.58
579
505.24
434.86
328.65
583.93
100.16
530.86
226.15
441.12
55.72
25.73
355.14
8.29
294.85
39.54
670.96
795.21
319.57
443.79
532.52
130.38
248.56
96.14
216.69
131.75
664.09
36.96
210.47
483.29
711.48
294.38
707.42
119.27
104.91
284.91
450.66
388.62
698.1
616.18
183.93
207.37
543.97
259.01
78.95
469.71
235.53
335.11
511.99
156.48
173.69
549.37
167.49
736.15
294.33
705.02
575.24
729.41
252.41
492.92
767.06
782.02
170.38
598.71
457.48
384.67
279.96
660.03
390.55
580.68
284.22
324.94
460.87
328.58
289.1
119.31
562.75
298.12
648.86
222.09
229.95
426.51
62.93
43.79
90.76
12.92
391.31
55.52
796.97
458.75
355.93
582.23
537.55
175.74
19.24
473.39
431.36
730.52
273.95
395.24
624.21
295.16
33.39
698.43
578.23
646.91
327.56
493.99
40.56
342.41
338.38
694.4
225.82
657.02
598.32
59.64
204.88
325.41
62.98
90.62
33.15
90.25
546.71
316.99
520.53
99.48
261.87
553.71
394.53
324.04
168.56
583.05
504.72
402.06
192.1
709.52
469.28
234.22
446.5
216.04
718.36
595.66
380.4
377.2
704.46
226.02
342.97
53.05
603.34
549.51
266
507.63
343.8
762.45
665.94
679.2
248.33
419.76
495.19
517.12
760.73
265.8
177.77
273.39
60.94
293.09
268.31
358.11
131.86
779.54
459.52
384.28
506.2
423.8
217.76
764.48
776.25
252.3
235.31
41.16
534.09
53.41
667.36
638.67
638.17
154.74
115.07
277.97
718.32
602.12
73.32
75.37
655.93
553.92
735.32
113.95
766.48
770.12
111.02
562.95
485.14
464.46
46.08
190.64
724.42
670.99
557.48
134.3
524.5
126.48
279.32
108.1
687.86
691.32
457.21
186.04
520.27
729.71
118.84
751.91
219.56
758.09
287.13
136.23
417.1
778.09
138.14
699.71
508.94
372.1
169.23
347.45
775.04
31.49
279.29
413.9
58.55
596.64
83.19
231.02
545.17
190.62
308.91
763.18
607.13
448.34
26.19
231.77
295.19
539.42
790.93
309.42
618.79
429.07
442.35
204.38
524.95
374.67
93.05
123.82
23.42
488.18
122.86
745.2
545.81
431.65
331.32
650.64
362.07
267.34
685.86
21.24
595.44
710.41
582.84
447.75
713.63
593.76
340.98
776.56
477.7
604.05
201.74
244.4
687.75
372.97
565.07
311.78
101.37
113.56
703.19
634.27
611.56
572.02
17.7
284.99
34.17
652.79
0.39
667.45
597.65
4.29
413.95
272.12
152.23
418.63
83.39
486.18
395.74
138.23
620.69
258.79
65.7
625.34
332.84
447.92
435.78
327.39
697.55
386.89
645.74
70.91
657.2
166.16
477.61
52.68
354
639.84
747.4
268.79
0.92
235.53
624.26
236.91
456.49
746.18
8.72
546.44
198.34
50.36
126.49
396.36
666.52
505.68
142.08
402.83
529.23
534.19
485.46
437.23
343.23
708.35
442.27
22.77
11.15
133.83
737.18
374.14
109.43
439.16
134.55
141.12
132.51
371.48
302.35
296.68
682.56
615.51
497.81
250.27
673.64
577.87
23.08
327.29
613.9
655.98
503.28
150.39
627.39
229.54
468.1
88.06
325.15
539.64
213.64
54.28
650.67
658.95
261.89
410.13
504.84
156.16
124.56
706.19
103.06
652.65
385.09
321.94
30.71
116.49
531.09
503.62
136.8
452.14
744.63
218.44
461.28
115.7
731.98
301.01
539.46
252.42
283.19
18.48
386.69
414.72
785.86
33.31
541.38
486.34
243.87
557.34
130.62
627.37
519.47
651.09
702.21
510.84
327.45
495.38
29.26
690.76
380.84
107.42
681.32
562.54
641.97
130.45
129.91
430.56
358.59
116.39
40.81
475.4
523.08
548.42
102.17
585.26
397.89
310.9
493.45
479.51
509.14
451.68
517.52
788.93
136.02
453.55
729.47
263.24
294.23
22.76
195.08
480.63
100.38
99.3
129.45
306.58
552.59
646.37
98.4
731.56
570.72
503.22
545.52
626.54
711.57
67.32
610.78
476.88
370.32
288.91
505.93
606.82
240.27
150.83
620.3
294.68
493.12
171.73
264.98
529.13
691.24
335.02
486.69
431.51
362.86
416.58
321.35
452.56
141.76
82.02
109.99
326.98
501.81
678.97
357.68
104.15
692.42
438.18
424.95
37.69
312.86
670.67
668.47
766.22
284.98
601.62
318.44
649.87
388.96
373.33
398.39
88.37
461.01
206.64
763.08
370.95
167.78
54.22
247.99
202.91
457.25
226.03
192.69
92.58
185.52
374.74
623.53
43.01
726.18
512.26
32.25
692.9
561.86
147.65
422.36
16.07
25.47
351.56
125.37
125.02
331.64
265.51
459.51
782.21
293.19
439.1
596.17
2.92
692.05
105.36
386.08
635.78
137.53
539.04
136.57
75.87
396.21
123.56
716.87
268.65
520.64
705.37
377.85
13.62
369.22
341.24
540.06
70.3
165.51
21.92
161.79
768.92
468.13
564.38
706.77
645.53
358.35
84.14
171.88
145.66
21.11
728.61
641.25
354.49
256.53
308.95
795.41
721.45
632.87
321.11
92.02
513.28
768.69
90
182.15
371.49
754.25
477.66
721.34
11.28
660.42
737.24
678.35
759.4
558.44
588.77
570.47
621.2
435.47
547.95
698.2
404.94
22.44
540.89
72.72
246.51
256.2
47.4
42.85
159.2
89.86
744.36
371.8
542.35
771.24
332.6
584.94
666.9
231.26
637
34.83
57.35
266.82
76.86
178.17
460.81
759.73
697.46
46.8
402.03
537.49
744.12
798.19
191.69
77.49
235.69
623.75
52.93
158.3
616.83
773.02
242.95
566.72
631.95
358.33
497.76
469.15
620.18
400.3
615.51
353.94
645.56
611.62
223.15
420.15
371.31
435.2
336.8
439.33
622.14
705.51
327.85
192.5
299.82
451.58
149.13
396.47
633.56
520.83
218.36
619.92
577.59
304.81
316.52
734.52
206.02
2.31
126.78
563.54
33.51
136.49
776.8
547.76
579.23
208.48
386.77
225.59
385.08
384.92
278.23
266.46
40.24
24.69
377.69
390.18
237.59
150.43
489.56
793.17
737.76
159.47
377.09
560.97
326.29
239.58
47.8
71.65
737.16
388.74
767.79
777.52
185.1
492.01
173.52
287.64
344.57
499.08
309.72
439.94
456.67
765.44
244.92
570.25
335.02
412.3
317.57
117.79
145.7
85.05
349.52
525.5
382.64
491.08
459.01
12.82
383.96
397.14
464.5
127.77
209.83
551.25
36.18
798.81
7.13
111.49
469.16
165.09
650.06
588.73
311.01
799.37
559.75
548.8
9.03
647.47
794.84
319.06
339.36
275.13
470.48
393.97
322.7
273.57
145.11
138.45
397.17
244.5
18.56
602.01
402.84
656.97
519.93
278.59
338.29
381.82
3.53
537.05
150.91
11.21
382.15
520.18
403.27
237.94
501.48
765.42
444.15
249.38
453.22
67.97
137.1
23.66
744.28
752.58
188.95
421.29
59.34
692.88
9.76
517.69
49.4
248.1
623.38
265.11
481.78
732.15
351.09
631.28
49.82
250.15
34.36
251.33
404.79
236.09
402.11
334.79
512.95
679.63
300.58
788.23
36.52
46.22
725.18
537.57
396.57
513.96
30.58
50.31
185.92
179.87
298.48
181.02
377.82
590.06
780.68
364.59
470.19
781.18
649.83
586.48
449.99
211.29
12.35
101.4
97.77
759.03
167.17
409.98
172.2
46.59
547.08
354.59
403.66
112.56
578.42
198.54
483.69
788.62
324.39
702.79
737.25
643.29
794.87
229.61
281.65
704.4
483.48
417.29
699.48
707.38
222.3
656.97
750.44
285.8
535.93
302.72
74.37
714.1
173.67
684.22
632.98
408.61
284.16
218.8
58.74
592.02
790.64
594.25
761.39
175.58
69.9
687.95
785.05
679.24
45.67
411.25
73.86
455.67
539.03
17.57
407.65
348.27
153.07
584.96
237.4
213.23
603.27
491.52
384.6
745.11
342.56
121.12
501.47
398
282.34
418.92
36.62
34.23
306.37
5.32
521.11
220.39
257.93
419.91
392.97
554.93
158.09
788.28
495.74
511.72
506.56
192.56
454.54
764.59
80.17
593.54
426.23
474.01
615.79
666.65
612.37
35.46
227.93
413.89
449.34
784.87
134.27
335.41
406.47
491.47
247.82
540.17
713.12
339.42
583.36
317.46
356.3
612.85
700.3
706.89
212.99
19.89
617.33
700.93
336.65
407.3
403.9
95
707.3
212.71
249.82
173.89
523.78
487.77
213.71
513.08
394.57
469.69
612.96
573.94
194.36
418.79
666.32
457.71
33.74
581.69
147.82
589.17
782.6
328.56
677.62
162.82
346.44
66.34
230.19
535.59
599.46
697.44
548.67
480.98
586.26
216.47
794.84
537.7
22.4
291.12
585.5
492.2
609.52
82.98
618.87
503.21
643.96
279.7
110.1
563.98
733.23
237.99
220.55
447.41
641.78
417.54
85.91
431.38
338.67
546.81
620.98
23.28
609.04
737.53
276.36
730.25
22.14
186.82
420.73
469.82
529.87
431.35
615.38
173.52
421.69
795.36
534.64
241.11
137.36
432.88
787.62
680.2
189.16
776.61
68.78
54.24
329.84
177.39
23.75
175.23
419.5
155.73
551.09
268.69
648.32
488.46
405.42
492.01
363.67
442.87
88.25
273.86
295.27
170.71
138.96
2.06
312.01
385.87
700.08
122.63
672
199.82
349.33
791.77
744.22
435.82
580.83
246.33
276
185.32
2.61
166.71
391.6
626.55
263.75
763.7
438.47
267.98
351.87
135.76
285.51
735.57
636.64
564.96
294.2
454.53
79.33
663.2
461.38
433.72
62.65
209.47
228.97
690.5
464.12
794.64
284.06
733.81
350.94
189.29
650.82
164.22
780.7
585.51
703.61
141.74
716.3
785.93
479.69
605.73
742.42
107.04
629.76
738.27
710.75
285.92
689.86
444.43
666.18
577.3
203.98
301.26
385.08
276.19
701.7
110.71
47.68
156.21
392.81
531.58
293.15
493.05
458.58
426.71
687.39
7.49
278.14
304.5
132.9
621.5
764.54
352.93
681.39
126.1
44.06
705.65
701.11
789.61
657.73
153.69
345.08
563.14
202.75
204.7
599.76
201.95
425.49
795.2
682.29
134.44
187.7
97.26
790.81
317.7
513.95
338.32
59.75
402
346.12
539.48
289.78
575.68
175.73
655.22
750.19
289.49
731.46
168.51
208.79
46.28
497.86
236.52
117.48
534.25
422.35
492.62
781.11
104.43
708
193.5
784.75
79.35
279.04
450.24
332.1
675.13
338.34
297.07
348.14
244.6
331.88
781.48
539.51
559.86
444.03
580.84
517.59
615.31
32.99
750.48
368.33
755.61
694.81
532.93
68.59
302.76
717.46
87.46
500.38
528.56
453.94
42.34
666.01
536.08
767.13
791.16
100.87
503.95
577.36
379.01
661.72
642.83
107.88
75.84
589.15
199.19
477.58
726.74
253.15
185.67
14.64
50.26
548.78
81.55
193.12
618.63
400.96
471.36
558.84
710.8
313.94
289.27
456.87
685.92
245.57
734.3
117.53
730.16
257.56
201.43
686.12
756.73
326.85
284.26
368.15
354.2
643.25
335.78
413.75
371.32
775.85
633.29
42.61
751.8
392.97
225.62
481.23
22.1
429.01
125.49
256.04
360.23
360.14
44.44
345.47
89.67
497.75
660.11
775.13
135.67
743.01
594.12
102.28
786.91
686.59
336.84
356.63
69.51
238.2
315.99
480.61
747.39
306.69
90.86
113.08
473.33
337.64
405.99
113.69
683.37
339.15
342.85
569.65
153.78
424.88
429.16
737.38
340.1
37.51
194.94
490.54
305.19
97.32
68.33
197.79
177.39
543.76
53.43
798.07
624.11
358.16
417.85
123.94
437.83
630.71
752.23
358.57
798.43
276.63
132.33
433.52
795.21
314.49
460.77
475.33
790.93
214.18
471.58
336.82
761.65
685.72
428.82
616.4
777.44
572.1
593.43
779.68
40.2
645.42
457.11
187.46
467.25
787.98
406.56
447.11
309.97
431.15
742.77
369.78
349.76
215.23
284.62
577.71
645.85
162.09
302.45
762.48
650.77
526.38
191.07
533.27
452.9
328.8
542.76
560.78
426.53
620.05
783.39
148.42
578.05
214.25
646.52
10.24
747.95
199.83
433.49
503.2
98.07
355.34
687.59
109.2
10.43
377.53
306.22
430.31
247.1
310.82
315.12
101.06
293.9
491.14
208.98
110.03
215.89
599.08
286.63 /

COPY
	PERMX PERMY  /
	PERMX PERMZ  /
/
MULTIPLY
	PERMZ 0.01 /
/
