---------------------------------
-- Permability values for SPE9 --
---------------------------------

-- Permeability distribution visualized in figure 5 in Killough's paper
-- Killough says 'The input data included in the distribution to
-- the participants included a geostatistically generated 
-- permeability field'

-- The values below are taken from Killough's dataset, they are
-- not based on the figure in the paper.

-- Explanation to how the data in PERMX is organized:
-- Under each LAYER (i.e. K-value), 
-- there are 25 ROWS (i.e J-values) under which there are
-- 24 entries (i.e. I-values) 

PERMX
612.01
778.18
8.11
783.31
622.19
533.24
564.26
353.25
187.17
56.14
257.44
379.16
785.57
116.81
599.28
146.89
755.18
31.78
501.87
642.1
69.12
242.58
532.91
449.29
616.94
35.18
103.92
522.81
658.1
534.25
20.5
192.56
511.36
541.19
603.58
283.86
773.63
750.96
762.15
795.79
94.16
406.69
355.59
232.88
476.22
347.38
447.14
302.82
654.65
557.79
566.54
158.34
7.35
8.53
559.95
665.95
598.06
277.86
595.55
16.01
772.52
578.42
775.74
81.53
660.26
584.84
39.3
265.9
413.05
652.23
609.13
788.29
161.64
424.97
329.63
584.91
159.24
272.87
138.99
718.97
762.08
195.04
669.5
427.4
199.49
680.62
53.17
798.76
534.84
465.29
389.34
597.24
197.72
388.66
218.68
772.27
84.3
424.35
566.1
590.4
507.89
288.08
675.87
495.05
779.72
104.52
162.3
70.86
590.6
503.31
555.73
584.6
542.16
88.53
138.03
653.87
405.02
56.1
500.57
211.12
199.58
389.97
307.45
722.17
503.31
383.02
110.36
220.41
502.46
105.74
95.89
666.81
668.55
152.89
437.59
313.1
2.5
700.14
80.93
725.87
175.01
175.88
290.74
629.52
558.13
710.36
384.11
491.92
219.72
181.64
512.76
759.15
616.08
282.47
227.44
298.25
792.51
467.67
640.66
71.87
692.94
652.07
48.68
7.25
59.24
352.45
604.68
24.84
366.64
93.57
437.42
577
517.55
92.64
734.66
364.92
379.66
433.03
723.87
768.56
799.07
790.63
649.35
145.34
670.33
132.92
401.73
267.25
346.44
58.81
171.63
160.65
391.89
537.8
273.7
391.84
552.92
232.78
615.8
104.02
252.24
425.78
510.3
71.01
464.8
268.98
478.31
642.69
701.12
107.45
409.43
291.9
559.85
332.92
300.03
481.57
471.37
353.46
196.62
707.49
425.48
762.81
320.27
335.93
373
185.04
135.69
762.65
477.52
116.12
765.99
98.79
236.58
754.34
670.36
462.18
189.49
51.57
786.11
305.59
359.55
415.7
496.48
747.2
533.98
292.75
528.82
615.34
52.55
792.63
333.95
322.46
386.11
78.75
26.24
533.51
96.56
664.5
300.98
508.27
728
677.11
669.1
630.12
235.27
575.9
787.65
678.65
117.93
630.44
36.43
409.76
36.1
553.86
656.57
697.2
86.31
292.19
758.95
553.34
498.97
563.39
364.12
699.4
430.85
541.87
129.65
224.09
357.79
325.78
264.33
495.6
54.22
126.89
783.84
186.51
454.07
425.02
91.82
347.26
120.3
227.96
591.28
581.83
585.52
722.11
6.97
115.28
787.81
641.95
102.19
274.54
127.53
758.73
297.09
329.95
200.39
517.22
152.21
209.06
138.9
727.99
656.54
303.18
140.88
179.73
113.72
534.93
12.64
268.78
477.09
638.79
138.55
375.25
472.49
524.58
714.08
556.97
31.75
192.8
337.67
156.71
374.65
751.86
438.37
372.96
362.74
36.26
262.66
43.84
573.89
798.32
206.72
523.38
277.11
193.66
360.59
570.71
437.69
724.36
749.81
305.17
258.62
559.15
69.55
247.12
730.18
65.18
103.33
579.62
789.24
430.38
563.42
563.75
99.54
198.06
466.45
363.22
284.79
338.83
395.35
49.94
461.78
710.61
778.28
198.95
667.15
479.9
711.08
367.04
617.08
153.93
208.92
509.2
716.99
574.67
26.33
756
696.73
696.19
741.42
387.45
589.91
698.46
492.54
560.1
223.7
283.31
639.45
92.19
427.62
310.76
422.99
145.42
451.68
665.26
776.21
563.21
574.24
535.48
325.19
255.32
548.47
89.32
684.92
490.5
577.44
297.49
567.37
76.36
516.63
636.07
714.53
553.78
681.04
242.62
378.14
520.39
740.79
10.27
216.02
243.88
580.3
233.3
382.08
292.08
551.73
313
424.69
670.08
635.24
699.27
605.05
605.18
327.42
187.2
736.17
316.81
282.52
496.4
417.14
601.49
320.98
256.57
640.4
414.55
23.28
517.72
710.26
246.96
431.22
463.46
567.05
625.94
30.48
698.63
303.18
50.46
673.53
507.28
501.01
693.67
423.42
278.05
485.55
345.91
50.19
345.25
600.4
161.29
260.37
757.23
755.38
417.92
222.58
781.15
338.87
210.82
253.7
226.47
357.07
452.46
321.2
244.15
741.32
721.94
588.99
124.68
684.23
747.63
121.34
740.32
579.16
275.16
80.22
421.46
799.8
131.1
383.04
778.09
586.1
460.77
72.15
577.01
38.46
381.74
299.36
604.25
246.01
700.91
89.86
324.47
299.2
430.7
124.66
609.64
193.16
700.6
260
529.18
186.95
127.22
175.23
370.24
336.12
358.4
581.27
248.37
182.33
741.76
109
152.38
305.07
455.48
327.07
142.42
752.41
685.06
469.98
550.67
367.8
19.9
722.2
157.25
464.38
627.16
292.13
747.82
522.95
267.24
703.33
329.68
6.22
399.23
293.21
399.32
720.02
584.7
496.31
255.06
260.78
194.87
734.54
681.62
42.68
232.99
63.08
655.88
732.15
115.18
190.19
476.2
447.57
205.52
419.36
622.4
618.89
368.29
451.34
578.19
771.96
26.65
243.66
348.93
322.95
31.08
656.97
123.91
226.84
548.61
255.47
281.1
124.08
360.74
69.43
231.55
39.64
249.34
262.86
108.04
509.39
558.67
430.37
168.66
595.11
548.47
636.88
429.02
114.12
368.14
685.32
259.31
365.76
612.62
606.57
254.96
90.46
712.05
94.42
476.14
549.53
609.23
448.88
109.46
198.77
280.15
110.02
409.2
559.91
602.67
519.53
35.54
350.8
188.35
68.25
734.87
392.37
708.23
361.06
791.73
346.83
435.43
701.92
670.73
231.9
90.31
370.94
40.46
669.46
312.41
546.68
412.93
762.54
786.76
87.17
378.35
589.11
447.95
94.84
209.19
287.38
172.96
610.55
593.73
369.23
195.84
208.64
192.88
69.31
155.5
323.28
473.61
23.8
757.7
266.04
597.5
797.06
257.65
608
548.76
364.65
109.22
394.13
744.4
590.57
701.71
699.71
693.48
735.3
401.28
796.28
484.48
240.37
204.14
376.76
426.19
510.78
304.49
739.39
25.82
272.09
565.73
218.09
756.92
25.04
403.38
556.26
339.18
250.49
252.15
593.71
731.56
514.67
538.56
209.12
227.19
337.5
27.17
74.87
654.13
390.66
135.79
108.1
183.49
293.19
362.09
293.31
372.76
633.41
79.26
539.62
330.88
774.1
268.39
160.85
195.93
758.25
717.53
526.98
256.33
301.17
75.87
189.32
560.7
305.61
253.1
85.54
224.8
506.04
187.66
36.98
788
616.46
421.81
356.79
212.15
750.72
700.96
674.24
217.38
497.75
669.17
176.29
689.84
87.91
332.05
281.35
240.3
739.76
421.75
96.91
380.64
747.15
479.31
637.71
3.96
31.42
61.4
219.24
750.54
339.79
280.61
277.54
408.2
363.63
416.79
434.8
261.23
12.94
144.28
54.11
463.77
388.17
132.03
326.14
175.78
147.46
218.65
667.39
503.97
369.48
550.98
8.8
144.95
249.8
461.65
93.98
13.74
597.53
548.17
413.3
779.98
206.05
169.97
556.06
357.11
725.53
672.38
93.54
753.05
162.08
249.52
457.89
337.67
85.23
161.18
404.68
537.77
141.89
579.38
416.13
224.97
483.58
252.6
569.66
376.07
702.07
89.57
383.46
99.43
780.47
71.32
59.39
193.6
183.43
155.7
283.92
244.36
759.64
409.02
395.18
171.11
185.46
371.89
216.14
117.77
213.06
451.86
291.77
322.35
300.68
729.67
337.51
795.77
330.68
715.69
133.39
662.75
184.96
299.2
667.78
577.98
126.73
30.85
233.04
749.24
466.89
276.45
70.56
649.89
303.98
461.93
797.01
177.92
344.85
517.66
480.87
125.19
421.94
341.63
531.47
671.1
536.21
53.82
333.13
398.09
104.47
684.16
705.43
799.98
60.92
404.77
553.23
149.06
177.18
310.87
747.82
524.46
795.89
695.87
566.91
367.7
735.58
468.73
681.59
167.49
518.58
425.43
458.39
650.81
481.91
478.94
35.46
17.37
382.39
681.18
119.35
33.69
677.27
612.87
223.36
116.25
234.16
796.09
473.61
181.84
357.06
302.12
603.75
550.07
308.44
789.66
453.96
536.09
607.77
571.26
326.21
137.55
157.94
281.93
358.37
701
399.9
88.32
596.98
792.24
360.94
693.87
333.63
28.7
155.04
147.43
29.17
531.57
258.26
548
50.27
62.81
447.93
124.24
756.49
666.56
455.08
305.72
614.1
28.62
639.5
522.52
181.14
6.14
630.74
287.56
15.58
665.67
453.99
144
549.52
190.7
215.15
406.34
485.44
84.4
331.13
309.37
769.02
30.16
223.79
642.97
502.06
618.54
553.2
265.17
326.89
347.19
127.48
418.81
213.82
200.87
572.9
504.22
708.73
598.48
335.75
126.9
482.96
82.2
371.01
77.16
284.02
366.37
423.24
763.29
315.16
720.04
230.45
108.97
776.83
68.86
657.58
577.14
681.9
539.65
533.7
584.62
292.59
783.13
795.15
100.14
328.05
227.07
758.4
332.65
276.06
68.84
361.05
799.6
157.91
496.84
25.07
49.41
45.43
281.5
82.72
362.32
489.84
435.28
138.34
338.52
316.32
379
297.5
752.83
769.5
169.31
639.6
160.42
358.41
671.68
161.6
262.77
320.73
210.52
629.47
755.15
780.01
501.79
746.37
305.84
509.37
416.83
305.94
749.2
160.17
339.62
694.94
97.19
589.1
610.71
340.83
699.52
690.76
333.64
501.83
418.03
696.96
113.92
40.5
114.04
446.56
425.23
468.19
496.19
337.28
768.51
182.19
477.84
762.08
69.67
161.94
2.7
352.34
248.88
478.86
611.36
651.45
740.91
141.18
241.93
271.23
300.5
40.31
404.27
359.75
234.47
499.02
680.39
645.69
124.36
135.78
448.51
331.06
41.31
418.24
127.12
530.64
494.1
312.9
687.34
335.5
651.65
143.14
109.54
1.99
450.01
276.53
98.11
372.14
555.26
479.14
65.51
269.91
425.84
232.97
562.52
534.46
586.89
270.27
447.43
176.35
766.18
546.55
349.64
375.47
473.37
799.59
782.57
670.04
685.54
339.47
119.26
189.68
317.57
387.38
5.25
353.37
388.17
175.74
503.68
98.32
58.22
196.91
490.43
418.86
488.51
467.96
775.48
212.9
6.78
294.6
260.37
2.31
542.93
467.06
172.26
646.34
12.32
41.08
481.73
701.46
64.93
758.49
79.31
419.13
153.34
436.84
76.07
556.24
338.79
245.19
713.52
511.38
609.82
579.54
677.05
505.59
173.3
523.83
536.88
53.48
637.12
423
435.61
20.41
591.02
792.84
713.17
577.44
505.09
518.72
627.39
674.72
505.96
177.29
587.24
22.03
305.1
475.95
430.92
723.44
642.84
480.68
744.89
721.53
133.67
102.44
391.24
716.8
768.6
428.4
339.08
712.65
408.75
123.93
35.86
589.36
329.93
688.43
677.67
6.84
278.1
562.61
548.64
481.65
19.2
320.53
430.77
455.8
745.12
145.16
447.12
575.94
520.02
490.57
702.17
637.55
720.86
88.94
243.1
287.83
180.68
393.51
690.76
522.3
473.26
500.97
648.36
454.76
135.16
283.12
477.11
350.87
617.59
245.43
658.39
792.06
114.26
197.25
108.52
209.29
676.05
161.15
145.51
669.4
43.34
210.74
396.44
138.99
517.1
140.86
354.94
504.99
214.35
240.84
228.41
372.82
468.36
703.52
10.8
400.39
242.65
727.16
623.84
347.43
63.01
100.8
790.08
442.26
247.1
193.9
607.27
262.1
768.75
614.97
714.4
442.48
663.59
262.24
31.4
587.5
627.04
377.76
218.09
267.46
497.28
672.26
290.88
582.32
700.85
450.21
418.35
186.12
646.63
579.42
425.96
797.01
194.92
135.54
315.58
505.24
258.46
534.45
410.99
671.13
634.09
547.44
550.04
782.19
608.79
197.72
620.11
70.17
613.34
652.54
108.8
792.23
555.65
545.65
184.13
158.22
733.14
123.24
485.22
282.5
601.22
700.16
536.56
672.23
748.91
40.9
81.41
660.54
732.97
700.99
496.34
723.55
37.39
240.88
431.76
122.85
605.2
661.68
695.34
306.6
165.25
2.82
207.52
551.78
365.76
251.96
136.11
335.88
500.58
108.41
186.88
704.26
461.66
703.53
197.23
225.33
132.87
39.77
251.82
768.11
160.75
222.11
342.94
136.5
522.91
616.09
627.61
129.8
594.43
36.21
193.54
86.75
344.21
395.94
72.19
520.25
609.34
210.8
538.81
590.24
372.34
672.1
131.53
551.95
439.21
795.93
461.93
442.25
119.9
79.23
144.96
310.74
18.95
374.02
282.76
159.1
40.86
674.01
88.88
484.44
476.6
436.99
776.12
108.1
746.59
149.36
221.4
417.57
703.06
469.83
88.79
453.94
478.41
389.23
787.93
224.45
555.19
543.22
271.82
643.77
67.55
435.03
29.91
41.76
137.55
739.13
421.29
441.22
61.48
284.96
630.8
84.43
545.57
262.97
331.76
191.84
6.18
223.61
26.44
560.69
237.34
324.62
380.56
530.3
169.77
744.64
39.09
274.89
479.43
272.21
700.76
226.95
781.15
231.08
499.05
210.43
44.53
364.43
386
547.11
239.44
224.54
778.19
573.45
459.67
586.99
449.86
384.45
467.52
765.56
275.99
561.73
61.43
628.51
626.4
49.81
463.92
265.93
66.29
78.7
99.15
746.35
532.99
607.28
504.18
400.16
726.69
765.59
456.64
581.42
89.35
396.35
453.72
204.14
586.14
8.62
785.44
770.08
416.96
797.52
547.85
359.99
717.88
667.15
521.86
619.72
235.34
700.59
224.66
680.27
534.56
564.28
140.11
492.4
378.07
94.88
681.71
469.38
721.16
231.68
427.51
178.33
439.82
787.53
555.65
629.73
335.59
73.8
26.23
143.03
203.29
522.42
520.6
63.78
702.84
60.83
578.91
45.19
8.84
172.06
254.51
11.22
497.42
305.33
371.37
658.02
335.75
147.24
624.77
64.41
29.89
217.87
707.2
12.01
267.6
66.04
135.26
183.11
692.59
612.07
305.4
354.25
167.2
18.63
51.09
322
255.26
92.55
17.58
692.74
257.63
37.93
372.3
70.43
381.13
569.97
295.57
322.51
174.32
218.84
799.9
205.97
232.95
73.88
710.9
549.82
57.66
244.14
16.62
96.13
271.66
302.4
473.66
740.2
712.65
61.6
189.41
115.05
305.72
582.92
100.15
710.04
447.31
477.3
722.44
717.96
305.47
775.79
687.77
453.39
608.39
102.96
702.39
439.21
591.76
399.55
193.19
768.99
749.07
419.45
143.32
106.39
358.69
536.65
404.15
350.95
371.94
356.5
61.57
331.26
759.85
256.01
779.81
150.93
362.78
47.38
582.78
627.67
327.11
622.45
149
239.05
112.18
346.38
159.09
518.96
672.01
76.9
715.38
406.85
298.72
437.75
325.37
162.75
668.18
336.13
591.67
46.71
73.65
496.6
533.51
576.31
536.37
334.68
178.13
9.99
717.77
42.9
716.84
618.59
58.3
709.28
637.71
760.14
354.48
621.39
353.56
740.72
218.57
349.63
588.14
738.97
192.62
552.02
371.98
483.8
701.65
286.57
31.95
145.21
489.05
380.2
474.18
772.57
721.48
382.78
389.09
511.19
200.9
342.5
635.92
238.82
744.54
727.72
754.17
141.88
36.32
326.64
743.34
780.39
524.3
782.11
77.11
238.62
729.55
16.85
217.96
493.13
365.4
62.85
627.67
724.19
617.91
305
399.15
279.38
199.12
779.97
396.92
84.96
322.93
491.02
66.33
584.32
18.16
685.84
636.25
482.26
628.45
55.28
516.04
194.81
165.36
447.58
466.51
771.73
731.66
746.57
188.27
583.81
711.89
171.39
73.98
54.22
145.6
662.38
698.59
299.13
381.97
651.57
371.42
531.47
215.38
100.34
492.93
646.86
703.74
637.85
259.01
212.66
668.05
501.86
1.45
251.17
421.71
177.39
741.17
13.69
381.62
301.99
107.18
384.95
362.09
447.8
554.17
369.97
323.81
664.42
765.35
191.42
39.69
741.76
725.77
182.04
751.87
286.61
715.26
459.82
648.05
348.61
536.31
212.27
322.68
258.1
303.93
793.95
370.68
546.56
615.98
701.05
377.35
180.41
704.79
173.62
207.49
602.25
202.08
1.17
636.35
562.03
111.15
379.42
412.08
518.11
21.56
125.8
144.69
300.39
158.21
283.14
219.21
734.79
536.73
281.21
462.35
552.02
253.55
768.72
719.08
439.99
480.45
382.46
183.7
232.69
16.61
393.12
157.77
312.67
725.31
247.64
767.61
98.36
420.75
439.86
369.43
42.27
292.15
580.65
156.38
265.74
793.01
552.05
796.29
515.18
185.67
5.68
238.33
483.95
228.66
450.98
370.68
342.33
192.78
475.28
120.72
51.29
607.73
526.38
39.72
719.27
136.39
103.95
558.34
619.64
1.99
586.36
768.24
30.91
359.15
367.79
72
264.82
538.58
235.18
373.64
558.46
97.21
711.25
767.06
399.35
697.53
314.14
690.4
3.21
357.34
701.95
63.31
764.87
389.33
132.47
454.39
362.38
630.01
350.36
735.47
605.59
400.38
49.21
70.56
758.22
164.31
12.2
563.07
630.98
483.42
731.43
185.86
290.39
453.6
134.3
124.02
352.78
518.69
417.49
669.9
749.71
781.97
780.81
455.38
388.65
772.28
772.98
12.1
237.68
537.13
441.69
552.51
235.31
523.21
7.46
80.78
15
574.08
96.29
757.95
402.34
690.42
252.4
28.94
75.26
706.07
742.54
136.91
664.65
735.82
191.2
249.8
670.75
644.49
534.82
217.61
379.18
579.07
468.21
338.47
57.89
562.53
201.27
497.83
653.21
392.52
247.76
743.21
524.21
487.48
345.68
579.52
596.91
556.21
307.83
672.29
486.31
499.28
12
258.37
521.54
196.55
788.9
675.7
247.38
651.19
511.52
13.68
288.18
317.63
85.97
44.35
459.14
309.31
194.36
51.14
4.26
629.53
507.12
206.82
472.07
243.6
569.28
700.96
777.73
237.47
545.58
525.11
766.45
180.14
719.43
91.33
243.97
225.14
422.57
393.15
638.38
291.22
94.86
651.08
485.49
663.91
457.11
244.38
630.18
794.56
380.55
732.58
255.93
440.8
101.11
13.94
682.25
649.65
649
270.79
249.67
701.01
255.42
626.32
798.2
284.63
251.95
676.72
798.29
502.47
274.72
577.16
344
178.56
373.41
606.71
761.27
487.87
443.39
437.26
471.7
415.44
42.51
682.02
288.22
235.67
500.48
115.72
581.76
204.89
788.16
259.73
508.03
190.81
462.13
369.78
773.03
193.12
368.21
59.07
302.38
270.39
396.73
419.37
377.5
173.79
245.67
794.96
662.52
41.35
194.31
240.56
692.12
146.71
302.24
742.7
260.81
389.01
132.48
730.26
470.59
401.67
494.51
794.55
284.33
187.85
269.81
120.97
618.3
380.55
325.55
731.1
393.06
783.54
590.19
361.68
457.26
259.33
417.84
170.21
233.12
425.67
359.21
121.52
722.26
690.29
411.32
492.47
455.11
312.32
717.86
790.5
427.8
238.83
245.25
575.09
59.95
321.25
751.67
670.07
786.56
308.71
275.84
68.34
294.92
103.33
245.56
709.13
621.29
64.93
45.55
197.12
300.39
700.69
593.64
251.65
97.4
579.57
620.77
536.66
113.4
700.7
146.04
445.65
427.73
324.75
297.35
582.38
514.45
694.55
31.03
366.34
207.39
66.19
595.65
71.13
531.47
418.15
159.01
489.66
648.74
593.97
457.33
629.96
324.43
426.56
7.14
421.25
425.73
118.25
162
658.13
288.84
526.54
376.57
209.05
322.79
585.86
52.22
279.28
670.23
100.83
389.88
773.85
190.03
84.87
681.36
742.13
578.25
774.57
229.1
202.74
438.28
457.33
386.29
697.1
81.86
664.7
142.22
296.15
528.99
554.64
661.12
178.46
124.9
360.67
505.75
498.46
686.91
464.5
604.43
397.29
260.62
20.88
473.4
533.02
340.44
156.96
225.97
466.1
791.27
77.58
573.45
459.43
761.13
324.02
92.86
30.99
190.79
600.5
330.86
63.74
557.05
494.59
390.12
594.95
127.73
357.52
343.69
506.73
156.1
546.97
538.44
76.22
575.37
541.65
454.33
405.22
192.42
541.88
509.02
126.79
715.15
768.24
28.05
707.08
142.46
253.99
439.16
241.72
191.5
606.57
151.47
453.35
371.44
401.47
647.56
163.16
108.13
599.76
257.83
508.65
98.43
2.04
454.85
164.14
272.86
66.62
343.01
690.13
410.67
75.22
65.31
697.1
682.99
568.15
382.54
157.08
531.93
132.54
656.3
360.44
402.69
318.79
48.86
223.07
156
639.73
619.45
666.6
305.46
93.79
456.01
86.48
227.77
601.25
532.09
154.42
330.86
300.65
764.2
112.68
487.13
53.3
696.67
785.57
242.78
128.57
711.7
628.06
411.57
342.62
412.65
147.69
589.56
766.71
684.06
693.64
781.13
560.66
64.66
716.13
403.91
210.01
447.12
744.15
309.85
670.2
386.2
496.65
398.27
58.2
69.75
398.57
524.64
799.22
2.28
311.21
357.08
335.11
694.53
653.63
212.3
2.29
753.86
178.31
363.24
697.98
600.85
545.86
668.65
268.88
208.04
116.82
441.61
191.82
346.27
661.39
170.31
331.47
222.6
29.09
570.33
520.9
533.48
462.04
63.22
388.31
120.46
76.96
121.71
798.9
80.77
399.92
579.78
89.94
658.66
377.71
73.58
557.62
282.45
704.5
606.58
78.29
485.76
668.91
325.07
189.79
526.97
293.67
239.2
784.49
193.56
582.73
674.24
294.77
379.05
794.12
313.82
493.77
181.66
124.84
376.73
461.32
8.33
431.24
654.09
708.2
755.11
344.29
345.03
625.08
145.41
123.72
714.54
385.48
318.59
536.96
276.44
734.65
418.27
753.6
186.09
323.06
16.6
225.06
4.33
273.36
389.68
315.92
153.84
361.63
690.31
165.92
36.14
84.53
278.26
594.26
493.19
76.98
279.16
662.37
371.29
287.63
220.93
70.81
526.93
321.3
599.92
729.92
610.45
227.91
129.98
480.65
15.24
191.14
281.24
31.54
102.03
759.99
268.79
621.64
251.19
528.38
454.22
466.95
648.01
226.17
268.34
637.56
605.74
652.52
472.77
272.95
355.04
192.12
136.4
228.77
709.04
780.94
209.26
627.23
639.59
592.86
545.46
435.18
307.51
452.53
635.64
3.85
216.28
19.4
618.5
469.99
445.89
631.35
22.79
718.39
771.78
120.87
788.99
317.59
253.58
527.23
538.98
546.93
551.93
577.05
70.98
275.53
765.82
769.07
567
705.73
350.98
743.13
752.56
12.73
250.33
406.71
615.41
798.65
466.81
724.67
129.76
599.25
285.17
387.81
206.62
754.83
525.19
763.77
117.86
327.96
227.12
117.38
271.27
302.88
105.71
280.09
99.6
292.07
562.91
159.85
452.63
784.32
793.17
333.47
122.18
73.2
139
444.66
424.88
155.52
611.02
47.21
751.82
784.05
174.99
50.64
313.5
507.52
600.31
379.03
339.68
178.1
421.89
720.44
231.48
622.16
691.16
96.77
158.24
731.62
532.85
526.12
467.47
215.58
268.63
123.23
84.76
241.53
692.32
445.89
604.32
331.64
719.55
599.57
28.28
428.5
253.32
607.89
714.31
398.74
500.61
538.93
719.22
607.4
795.82
21
726.4
135.51
319.05
22.45
307.98
97.77
214.41
720.13
281.99
778.86
772.99
714.18
519.82
39.44
296.4
174.2
81.06
66.08
503.44
315.23
16.17
366.97
81.68
337.32
674.09
394.38
6.22
264.28
377.7
569.18
502.58
83.23
22.36
5.95
395.56
334.83
632.64
215.35
224.21
34.84
159.98
270.7
124.5
49.42
239.97
67.23
131.94
786.73
702.68
685.63
498.37
208.8
211.35
280.35
125.41
119.6
667.8
382.56
127.85
462.78
503.91
206.5
649.59
317.71
659.97
79.58
226.52
197.89
488.63
690.46
536.8
661.81
106.51
646.17
459.24
29.68
246.56
196.31
429.2
200.95
475.18
530.55
398.62
413.62
106.27
652.45
425.68
449.56
746.53
287.98
215.56
588.11
698.73
272.25
674.66
656.12
56.49
433.11
321
657.2
33.49
344.98
780.13
477.36
340.82
482.4
635.29
715.33
186.41
556.72
544.82
159.29
321.05
56.65
695.08
201.15
361.16
585.09
756.62
508.45
533.7
615.94
158.24
446.05
6.63
696.73
528.77
124.91
137.19
575.2
179.86
697.68
18.25
769.59
416.76
402.44
667.95
710.79
165.13
260.32
358.6
669.23
515.3
613.66
749.38
668.18
453.63
92.36
412.47
151.52
219.24
258.82
638.79
71.63
332.04
260.05
356.07
449.58
348.77
749.4
180.92
391.6
350.4
77.71
751.16
511.77
127.75
271.72
171.67
772.5
712.13
72.36
269.54
488.24
329.22
96.36
128.74
544.62
736.82
376.45
396.22
8.35
562.12
263.36
386.01
448.86
728.54
512.45
469.68
471.68
243.44
753.93
360.97
737.78
255.42
643.97
787.53
58.78
654.54
112.95
343.78
6.14
335.49
738.65
129.57
48.31
643.93
726.61
581.14
120.68
582.25
309.43
141.93
168.17
415.11
343.6
475.9
157.29
726.92
434.06
658.25
74.42
62.1
205.41
471.89
234.06
112.57
24.67
226.65
201.98
361.15
79.23
529.96
185.97
508.47
553.12
610.69
766.34
287.17
204.71
495.83
113
43.78
724.34
38.55
552.98
729.39
464.87
502.49
267.45
34.11
611.08
515.4
274.21
17.52
668.56
256.24
705.51
124.85
557.25
636.27
543.78
797.4
171.04
705.32
792.46
573.31
503.95
337.73
100.99
594.77
3.74
274.4
230.95
617.83
2.2
357.71
759.41
171.24
503.89
462.15
262.45
613.59
248.06
665.52
175.72
229.05
259.24
318.25
257.44
274.25
305.88
31.72
776.5
3.89
16.58
528.42
194.33
65.44
684.5
760.9
133.67
347.82
360
629.72
132.85
211.98
398.94
784.42
99.66
359.7
4.94
628.23
498.29
578.79
703.87
30.32
145.09
636.73
625.44
439.88
424.72
665.71
252.38
197.83
267
787.48
729.98
386.11
152.36
441.58
497.75
253.15
597.58
231.06
521.1
605.21
134.64
681.3
752.18
303.16
345.93
492.09
537.83
377.5
221.22
556.36
297.69
7.29
323.9
732.29
666.9
637.68
791.86
149.94
780.77
745.56
680.45
28.61
728.64
511.77
111.89
320.06
66.76
72.02
530.67
645.09
371.07
719.18
739.17
81.06
616.59
437.93
796.02
197.59
546.94
309.64
499.65
3.79
609.91
675.12
333.83
522.01
12.84
574.82
537.33
310.74
703.59
667.64
480.35
206.04
300.71
215.87
449.85
487.79
74.87
45.54
331.24
777.12
798.22
469.13
505.32
476.56
427.45
52.94
733.97
595.79
619.76
787.54
710.51
764.25
258.2
99.84
78.05
222.16
313.4
552.03
484.75
85.15
101.73
532.42
799.75
221.51
695.38
221.31
21.63
41.72
272.62
536.68
337.57
473.96
43.33
305.89
312.05
715.93
795.5
682.98
396.08
441.2
188.42
176.99
361.87
779.15
165.1
635.31
590.03
736.26
315.01
141.53
382.33
761.26
614.22
712.57
31.76
540.76
556.14
406.4
723.24
106.95
714.31
224.39
17.44
779.32
352.64
142.66
236.24
217.57
430.73
683.5
749.06
639.51
330.59
657.75
422.98
620.13
277.62
317.58
799.47
300.46
772.72
669.18
530.3
576.17
27.21
797.95
426.35
279.87
617.58
234.94
460.7
788.65
33.07
488.84
634.65
718.24
733.4
243.41
70.71
390.85
566.77
641.42
4.15
760.64
380.6
663.41
145.44
237.41
455.14
568.6
664.15
430.09
797.83
363.63
493
369.17
379.55
258.45
681.29
775.23
791.85
556.13
207.8
127.16
304.83
72.05
625.39
660.86
22.48
158.23
590.65
431.95
697.38
399.59
2.68
388.31
290.32
197.95
6.44
766.54
220.18
58.94
579.84
513.85
19.31
348.25
232.85
207.43
509.11
647.45
641.7
538.02
64.91
739.16
411.18
404
703.22
29.98
740.43
336
426.32
315.44
467.2
365.05
693.43
40.26
562.65
531.17
112.51
506.66
180.88
220.43
517.1
176.39
222.12
385.95
175.71
382.92
631.13
159.89
267.81
406.07
426.88
497.84
609.85
524.22
28.53
80.3
222.71
172.54
616.79
186.19
677.42
19.34
276.5
190.73
592.11
289.58
444.46
587.59
766.96
97.41
724.45
395.51
412.77
452.57
458.37
316.22
138.66
767.24
699.77
55.57
429.04
700.71
794.25
387.93
47.81
667.56
328.17
105.96
654.69
727.04
81.55
282.43
477.88
549.58
136.14
657.75
575.73
260.11
160.56
477.72
776.74
258.82
52.34
33.61
245.06
198.17
210.38
251.97
226.95
478.01
291.06
143.22
397.53
192.71
414.44
777.49
329.02
525.79
360.67
107.44
724.03
279.26
496.36
644.6
754.82
253.46
726.31
366.62
727.21
362.79
647.73
146.6
666.1
46.59
393.72
17.7
436.04
436.32
700.44
516.8
763.63
129.29
689.81
665.56
491.23
682.93
773.62
286.68
38.82
627.54
525.63
672.64
595.12
419.48
491.36
791.75
347.86
294.98
299.55
288.92
506.35
743.13
745.24
134.93
69.81
252.85
267.62
319.25
717.55
798.83
635.98
771.61
241.14
183.65
604.74
194.21
252.31
198.78
162.82
177.38
158.51
501.63
566.5
182.47
586.65
246.02
86.6
731.7
632.98
558.74
105.22
666.99
378.56
7.06
118.08
271.91
353.18
581.36
486.82
651.99
744.79
430.39
795.09
610.88
199.14
413.9
634.78
331.87
367.44
296.16
56.06
9.99
442.72
764.13
686.06
525.44
355.6
65.56
71.22
425.63
11.17
254.82
214.43
703.83
604.42
577.87
390.22
428.42
162.78
413.19
368.38
620.17
359.94
207.35
336.27
33.43
252.65
538.34
271.99
24.23
607.98
186.49
368.64
319.35
6.33
245.47
751.85
670.91
507.35
70.83
366.11
271.03
796.55
685.46
716.56
227.24
556.56
246.71
33.7
662.21
92.75
21.22
229.11
589.82
191.97
126.13
81.02
304.76
741.04
706.77
127.73
500.59
232.76
762.53
119.16
233.35
372.05
595.72
773.62
503.02
89.74
582.65
551.74
313.13
763.51
426.1
422.55
416.68
516.05
68.75
351.95
726.17
530.21
170.32
754.88
345.34
188.2
673.61
283.01
400.12
169.45
577.67
253.87
32.23
286.83
390.72
253.18
240.01
701.06
183.28
177.81
533.89
447.14
507.66
487.72
583.83
660.01
106.26
4.78
178.58
304.65
635.03
386.12
736.48
490.46
71.96
374.8
64.89
297.68
469.49
31.34
687.07
112.66
28.07
629.46
61.57
453.69
468.71
398.47
328.91
133.92
727.43
69.83
691.3
114.75
597.66
415.07
491.12
264.56
629.99
3.69
73.55
118.15
314.07
12.08
597.21
220.34
328.98
406.14
780.19
334.17
622.83
79.95
716.4
2.69
621
575.27
132.32
731
517.17
717.66
398.02
103.31
307.08
524.75
348.04
367.97
44
194.21
191.33
126.65
221.37
172.28
592.14
247.77
79.07
39.48
92.69
407.43
150.88
481.08
593.47
612.72
284.46
274.27
459.68
401.84
285.11
84.78
355.99
364.92
63.9
521.18
132.24
138.89
261.86
693.89
523.42
426.22
730.12
311.98
415.46
441.59
16.14
430.55
776.81
271.47
27.8
510.08
772.66
370.44
370.59
551.95
127.48
512.01
431.85
51.95
409.64
300.78
139.26
468.39
280.5
175.43
313.4
770.9
764.59
404.16
218.63
128.1
65.92
503.98
669.44
530.21
302.88
530.83
719.09
220.51
161.91
92.96
471.49
756.81
716.98
695.39
169.11
132.03
679.02
110.39
453.7
364.4
624.98
380.95
517.41
86.04
245.9
401.43
719.29
58.21
123.1
14.56
626.9
525.5
134.73
727.08
150.53
676.26
215.91
311.83
238.06
374.12
707.3
432.97
797.6
480.26
514.59
668.57
441.66
433.07
351.43
81.65
505.51
415.75
710.93
264.72
571.22
82.92
554.43
274.56
380.7
797.3
745.93
480.93
489.54
299.51
453.33
358.31
179.23
733.15
431.78
335.54
596.31
359.75
725.34
160.3
793.55
358.34
291.92
496.2
677.68
235.55
612.42
662.18
250.3
569.91
49.62
370.68
796.49
455
194.1
136.94
443.66
376.7
479.04
76.89
543.13
736.34
540.55
232.19
728.59
43.7
677.94
460.24
503.03
491.39
781.44
440.24
26.85
42.69
261.21
591.56
628.83
562
373.02
415.9
346.64
560.48
395.43
18.76
236.82
378.72
76.15
246.66
422.82
558.4
629.27
43.51
178.93
711.04
733.33
60.92
455.99
419.54
653.97
107.28
80.43
296.57
624.7
590.78
192.25
341.33
765.73
648.44
669.38
162.02
198.13
200.14
754.18
261.74
661.4
419.12
612.96
121.57
291.32
305.09
402.05
105.61
405.62
714.9
402.35
440.19
143.34
43.85
797.03
789.42
426.6
176.13
479.09
501.23
651.92
87.11
100.9
56.68
721.93
405.28
119.61
507.27
783.69
643.83
355.92
586.82
518.35
90.99
560.24
678.61
383.46
727.26
289.55
329.41
457.51
268.12
424.68
270.93
47.56
33.52
81.75
196.29
461.54
349.37
732.6
434.17
213.55
786.25
798.13
40.45
213.08
685.82
482.03
153.65
606.87
665.67
548.58
168.69
540.27
171
397.93
561.13
665.98
105.09
166.8
791.93
189.03
725.89
448.21
618.8
627.23
755.92
702.11
249.07
614.12
461.6
586.84
731.51
390.85
119.69
322.63
485.59
512.99
668.18
371.07
612.08
63.01
264.14
568.92
107.57
97.97
594.02
89.44
761.23
346.04
222.58
529.31
254.06
475.83
165.27
81.42
276.71
786.45
163.68
419.01
761.39
625.12
528.31
368.2
71.96
490.7
204.08
460.79
613.31
383.17
775.79
703.87
11.62
398.44
731.52
134.61
556.83
317.41
95.73
398.16
229.39
106.91
221.07
110.77
680.43
165.62
273.89
211.17
609.1
787.2
189.77
646.92
709.63
381.56
469.79
635.9
651.6
731.24
135.07
508.9
617.68
221.08
28.02
279.26
527.38
649.75
665.46
273.53
673.11
495.2
89.07
478.31
492.31
316.52
450.51
288.12
94.54
219.23
704.25
597.12
522.32
384.39
110.89
355.84
289.99
494.78
598.64
646.78
686.16
275.03
130.87
364.48
334.45
49.56
436.16
283.66
444.47
20.55
776.16
681.8
309.94
95.97
702.04
796.29
587.77
372.37
644.55
94.5
651.01
796.74
435.86
46.45
445.64
659.85
295.08
389.11
669.81
53.47
472.05
433.15
154.14
395.75
264.27
347.57
642.5
691.22
307.38
718.55
783.82
739.68
269.28
293.12
526.97
238.76
408.71
83.17
122.94
156.27
732.36
21.93
484.36
76.24
6.06
181.57
349.92
25.81
333.04
530.78
335.75
258.62
642.1
349.2
41.79
526.49
299.35
733.8
798.31
213.51
787.07
25.83
544.78
400.22
795.6
722.89
458.15
720.95
475.53
656.19
71.66
734.23
778.44
388.57
521.98
272.36
166.4
287.94
319.16
475.58
416.78
146.54
89.53
586.9
711.14
199.07
294.71
797.44
530.57
708.26
152.36
563.13
449.86
699.33
598.64
765.88
769.58
132.13
239.15
580.08
49.23
59.05
272.77
716.22
483.77
643.51
258
514.56
371.05
561.7
439.61
322.52
656.32
576.94
149.28
401.97
387.33
477.95
269.39
144.26
491.58
155.93
320.42
569.85
469.32
456.11
536.87
354.97
701.83
445.68
84.35
237.41
730.75
209.69
336.89
72.56
502.74
440.68
397.75
698.95
500.52
460.04
618.06
259.35
387.89
412.75
187.66
786.29
799.6
454.25
545.08
338.32
752.67
631.55
788.74
719.69
116.11
602.79
53.85
126.1
391.3
742.04
445.2
518.45
601.19
596.38
792.93
408.99
620.52
498.26
684.32
761.01
556.95
541.6
192.15
738.54
683.32
434.66
751.09
536.54
698.83
113.32
225.23
626.06
267.67
170.03
391.28
573.57
766.63
383.25
22.89
13.33
320.98
300.3
338.59
520.16
52.3
438.36
533.45
5.05
483.09
16.73
583.43
483.69
469.53
419.78
46.87
444.56
701.05
305.01
745.33
160.79
62.69
700.99
552.95
364.49
766.74
353.2
487.49
173.22
370.62
551.24
351.33
765.67
176.34
234.43
491.77
637.45
173.52
597.62
740.05
345.22
2.94
457.25
184.1
748.48
16.47
661.01
447.09
17.27
587.48
211.6
683.23
175.13
98.9
289.29
52.49
263.42
574.9
692.98
646.05
385.06
375.14
197.52
382.99
37.2
252.79
298.83
67.8
427.17
521.69
162.88
543.56
511.35
478.29
210.13
68.2
372.2
505.32
591.27
304.87
383.97
358.86
758.88
294.68
691.61
454.14
7.28
239.08
130.08
594.5
46.52
436.58
277.98
178.12
732.89
495.07
454.55
628.5
738
107.36
262.39
282.52
680.13
252.39
378.52
244.35
408.97
369.11
285.87
558.85
91.45
150.9
78.47
75.39
59.72
242.42
180.89
373.32
369.59
668.73
287.32
42.98
466.73
7.65
152.02
534.99
506.62
67.92
323.44
34.7
754.97
539.49
189.98
667.42
390.25
433.34
316.18
352
539.35
4.23
257.79
482.23
329.78
63.09
162.49
417.17
512.45
238.16
288.56
755.49
565.2
188.12
563.51
466.46
109.66
29.32
133.65
528.45
690.91
706.21
414.1
297.45
497.68
359.71
105.8
262.91
630.42
338.26
495.01
683.28
145.2
57.63
198.18
456.78
329.02
164.14
365.05
29.95
779.19
333.17
635.05
488.18
133.09
649.47
591.68
646.04
639
242.99
59.29
80.12
234.53
415.56
188.72
340.4
439.03
404.22
108.52
141.76
353.6
268.42
691.53
80.32
242.18
430.22
783.3
399.3
761.25
218.24
635.49
282.33
395.52
723.62
639.49
615.88
67.99
590.63
640.02
222.42
72.52
125.97
318.02
366.57
397.51
761.77
545.25
125.53
307.99
676.22
645.7
701.18
514.48
659.75
290.3
106.95
737.19
696.03
799.14
109.5
315.41
448.13
713.14
72.02
789.24
175.68
686.43
772.55
92.3
55.03
774.17
45.04
664.22
694.1
128.92
93.8
542.2
518.88
336.67
685.86
636.82
705.48
248.51
114.75
328.05
700.61
312.39
592.1
324.59
505.5
386.73
566.81
387.84
616.46
619.23
230.61
265.95
239.02
598.87
763.2
766.91
680.29
14.2
737.41
512.52
41.67
240.56
436.07
34.09
340.99
11.55
533.27
184.84
412.5
511.58
466.37
500.44
173.04
408.43
797.85
611.65
240.97
58.05
741.71
127.52
125.21
598.85
536.63
387.4
492.06
615.77
587.76
50.7
644.54
624.77
592.43
36.72
603.25
163.92
443.84
407.37
121.27
519.96
23.09
95.57
623.03
75.94
168.23
371.63
261.83
587.24
602.98
93.6
666.92
199.67
416.62
369.93
224.18
539.89
234.22
553.47
11.86
123.8
58.24
394.79
778.6
56.96
394.71
23.3
601.34
505.71
388.2
94.95
147.51
140.3
598.64
141.24
370.39
621.82
266.58
258.91
354.78
246.43
317.79
723.54
591.73
630.95
119.45
62.91
4.1
135.39
611.95
697.49
111.67
680.2
154.72
21.73
168.45
145.33
308.02
314.93
593.3
331.25
639.82
660.28
448.18
730.37
568.83
216.09
708.89
33.37
68.15
357.2
640.24
412.41
128.67
226.83
719.72
646.96
314.98
166.2
515.59
203.57
13.94
242.01
664.83
344.1
248.09
799.74
204.89
748.45
345.27
654.53
781.17
38.9
75.29
132.69
625.19
462.95
166.35
151.14
494.39
520.16
614.24
576.45
40.69
746.49
261.51
597.95
518.43
538.9
212.25
111.56
487.67
367.26
470.78
8.8
154.77
371.77
71.18
388.56
23.15
565.1
662.37
489.74
481.09
500.59
348.57
128.51
278.12
646.09
302.73
455.03
337.91
316.6
726.67
455.2
329.64
412.88
381.13
648.18
419.32
611.34
30.07
157.53
256.77
309.52
641.72
31.01
609.32
162.72
703.2
611.75
457.77
298.24
627.7
302.22
560.84
494.01
608.67
664.17
102.48
248.58
246.63
424.11
752.88
163.52
147.24
438.44
574.92
558.4
389.36
367.09
390.37
23.51
220.71
683.91
171.51
723.51
494.23
82.44
458.57
502.86
173.43
643.55
515.94
754.38
175.32
450.29
64.75
750.27
750.65
119.47
721.98
750.78
475.01
515.32
746.7
0.09
532.09
94.65
562.12
43.02
100.04
55.17
285.94
780.16
492.98
31.58
568.67
653.2
437.89
734.82
549.42
246.65
759.95
335.74
39.61
786.02
6.22
283.81
380.88
750.72
324.93
355.56
600.23
483.8
372.55
130.05
136.13
481.27
365.01
213.17
542.4
585.12
29.11
297.39
179.6
274.91
58.45
74.95
736.85
635.06
687.13
191.6
90.88
390.66
479.67
654.94
426.99
67.63
249.04
328.43
575.55
165.03
331.32
512.95
206.09
397.17
634.17
767.16
346.05
269.66
35.22
792.82
670.35
504.95
165.06
750.79
33.12
519.84
699.1
675.76
714.42
122.05
613.61
618.69
678.22
261.41
777.99
151.07
548.67
368.26
28.82
293.35
223.73
478.15
324.03
325.9
203.76
484.87
484.98
397.95
449.83
772.77
150.73
664.93
141.12
332.21
77.47
489.99
38.8
117.37
778.78
349.14
494.22
353.82
646.99
597.61
360.63
300.1
706.71
177.18
524.57
503.65
508.25
480
134.43
579.26
701.79
582.21
742.43
422.81
270.32
240.55
42.1
727.9
231.27
436.44
215.01
151.78
480.78
362.24
523.96
151.1
474.16
254.17
548.08
24.27
581.11
750.77
751.24
214.8
707.01
188.06
457.99
684.55
236.66
317.73
393.69
666.99
385.41
214.62
595.2
510.5
201.66
148.57
793.59
16.71
244.77
622.53
743.34
532.84
760.82
111.95
538.49
584.97
54.42
637.6
563.21
318.7
571.13
269.94
294.25
143.58
727.15
698.36
38.65
296.55
4.03
88.86
652.12
532.51
770.79
110.06
266.52
646.65
471.4
500.25
516.72
265.07
483.56
421.98
13.89
119.64
99.45
300.06
110.45
696.33
770.31
353.11
271.56
726.93
496.14
271.07
668.91
339.32
711.49
649.3
386.03
399.04
303.41
462.63
698.78
431.88
566.61
661.9
654.34
550.23
625.11
229.32
730.57
223.4
749.62
632.36
546.26
42.33
18.12
777.99
205.11
278.95
458.28
28.79
790.33
316.55
4.6
509.53
0.6
148.04
385.52
787.76
562.41
131.52
494.13
222.87
200.97
246.53
489.17
429.38
434.77
613.38
714.96
89.26
298.46
527.14
451.94
501.29
375.53
414.24
180.79
149.9
192.69
793.37
449.15
427.28
578.7
335.74
542.18
49.02
223.1
388.38
281.19
181.11
660.83
268.4
333.46
552.68
575.51
260.84
56.39
347.35
724.3
643.41
54.88
557.3
563.88
270.2
489.97
720.63
517.62
607.14
115.51
156.13
25.05
86.29
549.17
734.21
512.94
370.36
485.36
331.3
757.97
668.08
39.82
60.89
344.43
335.01
697.71
497.25
162.13
191.38
98.04
272.06
673.56
127.75
273.75
511.72
359.05
531.22
564.19
503.99
213.02
627.4
434.38
719.38
682.1
795.2
340.28
536.66
57.62
585.75
789.9
784.47
754.14
630.16
492.43
318.61
749.68
564.63
355.91
351.57
799.88
599.97
259.19
773.08
178.74
168.07
380.3
369.82
413.45
374.4
196.1
663.33
286.65
698.98
136.25
709.05
671.97
673.36
110.99
522.55
313.37
531.63
502.29
488
127.41
717.14
637.71
243.54
520.12
554.77
318.2
627.88
243.71
62.26
554.6
793.07
229.1
770.64
715.39
285.84
210.8
715.87
761.66
480.51
629.09
370.83
539.89
532.11
623.34
652.28
666.64
224.68
180.05
288.85
298.05
712.2
472.05
780.64
179.15
121.72
514.55
423.23
385.25
11.26
355.15
435.67
354.28
189.32
747.77
594.51
730.98
23.21
118.41
471.97
190.42
696.55
132.72
366.79
230.74
342.82
133.73
531.27
661.41
634.45
343.46
214.09
584.5
248.47
550.46
720.29
745.53
724.93
668.3
423.7
198.69
528.71
577.57
601.27
320.95
189.31
542.04
641.8
284.37
706.77
629.53
767.56
735.45
122.04
704.46
513.68
287.49
328.4
355.72
10.73
161.63
536.22
349.61
320.99
196.47
668.07
292.25
738.39
489.04
199.42
701.29
647.96
6.78
771.47
309.75
107.88
286.52
754.37
228.07
503.06
715.44
585.64
791.53
141.64
59.27
690.77
182.83
183.09
797.67
344.94
124.44
69
361.81
679.46
208.65
400.92
761.92
365.9
199.9
35.54
199.35
638.28
483.34
145.36
488.53
302.28
446.72
71.7
596.1
775.46
263.1
651.16
779.8
288.38
62.24
713.08
302.03
129.43
45.36
295.1
537.74
616.09
702.94
675.72
109.51
195.16
466.85
525.36
145.73
79.95
649.08
691.78
490.4
487.87
311.57
543.32
563.64
189.67
616.83
462.73
259.19
793.24
385.38
238.78
64.59
524.36
36.46
201.98
643.28
222.88
489.41
587.01
480.7
283.63
252.5
4.26
473.46
9.33
754.68
565.53
285.34
484.2
76.28
216.11
630.53
412.93
484.69
329.93
734.51
722.66
290.21
143.86
748.26
250.51
597.14
437.87
132.91
238.55
283.04
735.1
323.43
534.03
720.78
285.18
78.94
653.2
274.48
222.24
621.15
441.33
379.11
204.51
377.02
387.35
402.49
251.86
575.26
531.49
238.34
655.69
619.71
55.63
306.31
119.28
130.54
738.87
509.11
188.87
105.58
283.75
415.49
118.79
167.37
85.91
674.15
760.97
381.12
510.92
84.87
600.52
779.74
760.78
184.16
80.23
278.24
727.17
584.6
389.43
692.58
447.58
272.38
367.5
405.69
367.78
408.52
344.15
272.61
209.12
768.01
417.99
202.53
233.06
367.32
211.02
602.43
436.94
158.21
666.22
727.59
703.41
198.26
654.73
544.2
561.54
441.7
699.44
203.7
215.45
479.35
36.62
789.9
431.11
324.76
387.61
408.36
426.27
646.56
123.67
170.35
688.02
336.85
754.48
517.96
797.21
683.99
701.96
542.67
91.05
238.76
219.59
279.17
64.12
731.26
452.44
647.42
48.97
175.56
179.54
64.85
183.77
175.34
643.87
55.66
715.17
35.51
251.96
545.7
447.03
580.76
96.29
351.07
633.08
76.91
481.86
550.38
288.91
330.35
765.51
162.99
496.79
569.79
179.39
445.11
408.98
502.4
562.85
228.47
744.42
754.34
84.5
653.13
668.13
95.14
422.49
193.38
237.39
339.79
458.42
763.01
552.57
19.15
188.46
230.95
507.97
511.76
678.44
379.96
620.29
272.42
474.08
468.89
561.04
792.95
771.72
476.82
43.4
668.68
130.04
30.68
243.84
441.75
772.29
58.66
724.45
549.62
708.91
454.35
72.92
282.61
736.13
323.04
283.35
754.99
605.83
338.25
357.34
629.77
689.1
35.02
50.89
599.69
118.28
121.72
119.63
111.26
493.35
525.54
428.01
666.68
723.33
298.92
656.01
70.34
333.43
133.04
148.73
11.32
722.94
602.1
503.09
391.75
117.34
285.88
183.84
538.11
434.62
305.57
57.31
480.38
710.6
716.95
651.58
491.72
547.2
100.31
724.75
97.52
417.43
140.37
673.2
274.5
40.73
512.65
27.12
354.11
464.58
389.13
88.2
432.9
591.34
247.29
145.61
201.45
690.12
709.56
773.1
728.57
149.01
527.75
301.11
260.52
453.81
28.48
700.86
129.6
481.17
98.01
748.01
162.13
266.96
750.53
158.55
797.85
727.66
541.07
535.88
639.77
38.85
525.37
606.48
741.38
565.15
435.82
416.33
81.38
274.9
527.8
114.37
666.38
110.77
213.65
204.08
579.12
252.61
768.03
52.28
56.1
786.81
24.15
193.85
281.29
78.05
403.59
512.58
703.16
445.24
426.37
502.05
685.21
762.17
406.94
223.17
357.89
54.69
193.58
426.61
391.01
58.48
772.88
434.31
687.43
707.92
0.23
264.45
36.69
5.01
374.31
253.53
178.73
309.09
259.87
563.96
190.02
183.91
226.6
446.8
9.62
574.66
50.47
303.66
468.04
705.26
780.14
134.89
31.23
240.68
168.62
57.33
476.76
515.14
391.34
457.44
470.8
207.68
427.26
474.2
297.86
796.97
589.65
314.86
698.23
471.82
215.18
94.69
17.16
253.05
212.3
439.78
383.09
241.27
352.72
153.59
274.97
256.64
412.17
357.32
159.07
380.8
582.57
579.26
444.5
606.32
620.42
101.11
52.75
450.57
169.42
313.17
689.45
193.77
678.97
369.9
595.06
251.62
141.92
516.01
66.23
663.39
314.66
210.6
64.78
67.15
66.33
640.71
102.36
417.45
473.67
314.36
360.4
477.65
202.78
313.58
398.28
404.58
185.96
396.81
367.96
113.19
703.46
767.94
219.92
228.02
767.3
185.02
688.57
513.5
299.22
625.38
107.95
5.02
336.78
312.79
2.31
646.91
327.21
554.25
385.91
482.56
79.47
462.86
404.76
524.03
745.04
394.26
615.36
279.81
112.72
701.58
501.5
198.87
109.33
393.25
685.29
54.33
477.54
644.61
111.75
120.94
63.87
778.46
39.52
615.09
328.75
95.15
169.6
761.03
90.2
22.12
247.65
250.97
767.43
45.74
22.81
538.94
521.42
191.02
739.64
249.92
596.42
204.58
619.28
240.02
34.61
232.79
384.02
438.88
363.9
315.85
679.92
124.78
664.64
16.73
654.42
315.67
426.1
417.76
177.19
138.49
144.77
781.96
776.71
783.47
269.02
334.02
306.84
105.95
469.5
110
454.8
51.46
330.29
715.97
658.95
306.25
514.98
565.47
574.44
683.65
138.72
519.5
491.97
531.58
637.49
71.44
130.03
609.96
426.21
391.6
457.19
494.49
312.68
315.81
456.12
736.83
650.16
604
679.56
305.34
691.18
307.83
407.24
214.65
424.61
151.22
655.79
72.87
291.31
704.77
624.23
39.37
525.99
715.18
211.55
675.61
565.73
750.27
781.96
120.55
485.4
597.18
222.44
280.91
255.08
574.97
581.76
639.48
302.51
142.68
728.6
539.52
462.41
469.32
281.49
532.34
598.11
205.39
85.19
664.25
651.41
459.87
173.54
239.28
143.15
402.21
691.37
738.68
234.91
578.53
282.89
621.41
740.83
775.1
328.14
606.82
572.19
565.91
382.79
669.78
432.44
304.7
374.53
474.03
493.58
110.19
414.08
29.82
203.44
264.19
606.65
501.01
249.47
473.57
354.37
225.14
463.51
767.73
407.36
651.9
313.44
344.89
432.53
555.18
756.06
134.73
403.64
542.11
717.49
406.43
725.64
718.8
54.81
721.12
476.97
485.45
678.22
187.62
631.63
505.44
43.2
341.42
303.35
340.79
43.91
717.4
47.43
49.11
428.25
445.05
589.19
617.23
417.53
546.12
572.51
421.3
14.18
88.46
42.1
534.63
337.88
383.47
502.49
263.88
670.93
621.76
369.39
604.74
452.15
172.31
707.59
629.75
686.4
706.23
416.35
461.42
755.66
159.98
515.63
507.13
213.74
505.36
383.91
757.03
779.37
276.97
687.12
423.68
179.96
157.12
308.87
235.16
145.29
407.98
382.68
711.44
357.06
113.77
111.79
132.1
150.85
694.19
798.03
492.12
326.93
714.82
429.23
776.89
628.17
447.17
478.82
692.34
205.02
124.95
460.82
717.54
310.85
573.64
308.59
479.11
781.2
420.14
157.31
54.48
0.14
102.88
669.98
601.29
319.34
327.25
688.34
676.42
576.98
70.16
372.04
251.81
768.11
290.15
597.27
695.67
499.83
273.71
480.96
290.23
737.25
259.44
165.27
196.66
786.06
252.46
107.49
683.54
543.7
718.88
542.46
685.82
535.61
461.48
418.21
534.83
610.01
488.34
27.21
726.7
535.04
295.28
173.66
662.29
414.24
240.01
616.96
183.61
679.65
633.8
198.65
227.01
708.68
134.87
588.84
250.36
516.55
64.75
339.9
450.75
28.73
667.02
179.79
149.59
732.84
85.51
375.13
185.82
694.81
383.85
422.42
259.98
145.43
365.26
581.58
715.81
514.02
94.19
736.9
687.28
145.87
356.08
124.56
293.89
312.59
98.79
53.57
723.53
227.18
287.4
524.05
654.64
266.48
379.93
202.96
511.65
482.95
603.98
38.55
588.93
595.01
51
652.03
431.81
196.06
368.75
680.4
362.4
131.76
729.17
171.13
227.86
337.08
743.43
598.91
261.01
367.14
733.68
23.53
369.44
494
184.65
259.74
707.27
573.25
187.05
25.72
609.36
457.6
637.55
465.14
770.15
766.09
539.51
45.32
548.36
647.67
723.63
512.1
76.58
494.54
335.61
47.41
573.63
401.41
366.03
350.06
501.34
766.19
197.07
243.51
540.47
263.2
395.97
192.96
117.61
357.95
85.87
19.38
233.06
294.37
98.27
564.81
196.96
410.63
240.92
688.27
377.59
66.78
298.56
114.3
471.06
388.53
121.88
466.65
736.51
451.48
432.2
663.05
594.87
190.43
195.32
690.05
113.46
749.29
133.1
87.43
76.72
140.93
59.75
189.07
698.77
480.67
258.71
316.9
560.84
692.03
311.96
693.7
137.35
742.39
7.32
654.12
302.78
305.39
405.02
789.03
293.93
36.4
14.86
436.23
544.64
10.21
115.61
154.85
599.09
312.53
596.94
528.33
341.11
394.99
576.22
384.13
491.3
277.54
51.74
400.27
131.01
374.85
665.38
528.37
375.66
620.37
759.89
55.73
578.24
53.38
1.94
68.45
128.59
485.24
230.89
462.83
739.44
455.5
419.37
281.88
552.16
169.09
277.38
333.91
454.66
183.79
106.64
124.9
649.46
249.83
642.17
462.19
248.04
361.5
33.42
225.17
507.06
755.57
269.81
528.6
190.12
436.65
750.74
124.52
740.92
241.74
598.7
639.23
794.05
703.29
226.73
425.9
432.03
411.94
353.46
349.2
550.4
87.05
6.16
57.32
645.69
643.84
363.15
648.96
466.62
54.26
258.68
143.7
19.56
242.74
503.54
728.6
381.62
797.69
107.44
750.48
280.84
190.31
117.75
757.82
283.13
264.51
404.29
95.7
756.07
59.64
473.37
770.78
15.42
208.42
776.1
703.38
465.13
477.58
675.97
530.3
461.97
536.01
111.98
456.35
445.71
509.09
267.48
243.3
354.6
400
29.33
221.59
418.09
237.3
565.72
247.57
568.84
33.91
89.62
761.74
394.29
322.55
134.7
24.96
633.65
166.51
492.62
436.28
45.81
683.91
581.02
301.93
331.92
394.82
483.14
668.66
747.64
10.16
82.32
483.11
372.78
178.84
534.56
247.65
194.84
365.78
156.82
105.98
763.49
441.37
423.94
649
603.74
671.01
384.19
688.77
788.89
643.21
570.36
457.89
392.61
478.52
463.51
736.92
331.63
186.95
444.79
318
273.92
392.57
437.86
33.23
468.08
299.02
50.02
446.71
427.53
639.44
662.5
577.35
177.15
73.33
673.66
685.74
549.26
723.4
565.08
483.2
339.23
71.61
262.03
765.52
307.02
235.96
166.24
122.53
625.96
125.46
554.52
190.53
777.7
6.87
160.28
241.6
358.32
342.61
402.63
710.12
373.45
794.08
327.86
726.52
152.6
764.71
105.64
489.92
717.48
702.35
585.65
525.73
443.39
446.93
722.73
780.34
495.38
624.89
549.75
314.66
312.83
166.66
60.22
776.41
558.97
266.31
387.94
116.17
657.89
197.76
441.21
26.22
598.55
552.84
80.37
358.44
108.4
269.42
325.78
573.32
762.39
511.72
688.78
263.47
109.42
383.57
212.88
421.9
8.74
500.81
640.85
729.8
300.21
309.9
197.19
528.65
582.49
466.48
297.82
25.37
684.09
792.24
222.9
347.48
296.29
526.95
475.83
739.66
60.84
759.24
336.82
760.39
126.87
710.53
360.07
185.7
107.78
586.11
434.28
581.6
534.29
523.12
759.49
2.02
606.47
211.27
77.84
661.12
655.09
449.16
188.07
385.77
712.6
520.14
639.47
148.67
354.28
433.19
626.69
204.86
87.63
494.63
694.49
572.57
465.17
363.8
716.52
63.53
129.17
395.61
692.99
457
324.81
585.19
466.39
763.66
177.66
682.51
180.9
664.28
287.12
381.36
197.1
12.78
384.65
324.74
727.51
609.98
540.37
450.83
37.36
132.39
320.89
664.89
230.6
188.04
616.1
101.49
544.18
685
135.36
597.78
28.3
785.92
547.91
123.53
660.85
188.87
353.17
107.37
674.91
783.86
224.15
305.15
43.42
452.84
237.61
488.76
703.01
68.38
392.46
682.96
32.57
213.95
306.1
553.92
187.64
778.46
448.95
66.01
170.54
385.87
177.2
517.48
417.15
479.63
136.96
292.18
563.62
77.27
372.65
165.3
115
448.73
794.37
662.56
796.26
277.12
376.84
22.76
160.97
758.8
528.64
280.33
379.33
317.22
302.75
660.83
104.66
357.95
319.09
49.26
492.36
179.06
354.3
619.4
271.63
669.51
625.31
206.31
221.38
362.57
388.6
177.28
219.92
662.24
720.64
500.44
605.55
616.29
219.22
693.38
609.01
368.83
535.5
250.52
785.59
733.64
565.04
694.26
708.93
448.07
213
84.14
346.39
664.56
667.31
251.64
532.81
670.14
441.55
629.03
600.32
162.86
494.35
475.81
416.69
64.15
370.85
157.94
447.24
143.7
479.42
65.19
392.41
370.93
606.39
714.38
108.64
149.24
678.24
783.37
711.74
237.3
722.02
196.21
496.93
676.3
152.64
356.47
709.56
626.11
579.45
704.44
271.01
503.5
591.88
794
222.59
745.13
180.6
151.17
799.72
785.07
344.61
312.18
757.15
508.03
270.16
713.91
547.57
344.88
471.58
461.2
796.38
503.87
169.42
379.05
447.69
614.45
508.14
270.34
652.56
8.38
479.2
567.75
44.65
174.41
568.32
478.43
181.23
546.82
356.03
218.72
435.04
731.09
416.25
383.27
212.2
715.49
648.93
560.18
768.37
627.15
565.46
708.61
433.19
403.39
227.28
279.3
702.38
451.8
100.87
309.22
240.63
510.56
438.82
423.84
731.34
70.43
332.48
332.86
572.23
352.39
506.84
590.83
776.78
752.47
9.06
724.88
737.22
306.45
171.11
74.65
307.86
520.58
525.77
134.87
722.6
247.5
406.08
465.57
576.87
455.87
507.48
322.35
499.91
597.88
503.14
720.11
181.64
288.92
550.47
33.21
33.2
417.19
766.19
738.53
345.08
632.36
349.46
565.99
658.5
348.8
488.13
723.09
290.49
328.42
409
507.96
90.66
43.11
304.11
594.71
574.91
365.13
349.44
408.72
417.64
179
690.92
276.46
720.75
563.77
450.88
722.58
234.13
402.29
109.62
26.02
415.59
513.62
562.77
151.93
665.27
255.05
305.32
218.7
570.58
699.99
171.23
283.57
550.63
302.04
740.62
659.01
505.31
90.93
31.8
365.41
26.64
540.04
633.72
517.49
788.71
593.57
399.58
720.26
12.13
184.06
277.91
404.17
542.04
617.56
403.75
370.17
662.4
255.26
57.39
329.87
171.37
467.76
742.97
762.41
521.7
194.54
28.49
118.16
429.02
121.9
473.12
90
556.35
403.56
576.8
412.5
51.12
728.78
491.94
701.29
571.01
577.36
759.89
750.82
226.24
54.81
79
408.15
638.76
91.41
452.26
537.62
476.67
526.83
59.08
9.57
452.98
65.04
511.82
735.2
164.31
395.93
726.5
17.7
745.05
235.4
283.61
740.98
75.72
253.23
408.22
295.39
319.26
784.11
733.86
37.62
221.79
326
347.85
245.24
140.47
287.32
392.64
120.77
669.81
431.64
748.11
593.98
462.52
70.13
328.45
294.86
496.78
542.95
199.02
205.54
125.16
743.5
286.46
590.53
494.52
0.56
401.74
667.48
76.62
412.22
471.93
478.07
704.85
12.22
660.95
253.57
469.14
36.11
89.06
429.24
363.37
534.92
363.18
738.66
723.4
324.49
546.5
571.19
455.89
142.72
97.4
680.36
737.53
257.17
647.07
92.31
209.22
565.65
248.45
597.18
496.24
728.65
373.36
798.92
503.13
747.08
646.36
526.4
748.41
455.54
562.33
675.11
343.93
299.52
128.34
277.23
37.16
394.45
773.73
338.45
340.82
592.14
342.36
285.9
556.96
103.87
707.81
91.7
712.31
382.89
62.54
366.07
456.44
278.98
727.42
506.02
375.48
362.06
212.64
426.03
563.75
7.71
579.17
407.91
495.36
52.08
265.64
744.23
368.54
23.37
345.26
579.27
304.61
25.77
629.93
357.61
373.01
317.57
165.49
799.44
573.96
294.68
293.39
471.69
9.89
595.77
433.84
503.55
715.93
12.62
634.21
300.93
142.39
49.76
197.78
750.8
181.05
82.43
240.49
100.55
180.36
603.2
773.02
794.11
68.82
378.38
302.48
308.87
740.01
174.31
692.88
444
624.04
669.85
524.56
668.65
17.97
650.56
677.33
174.49
108.18
646.71
258.88
149.6
382.25
356.36
513.73
133.42
199.51
766.34
103.89
337.52
728.43
483.18
29.43
772.66
634.05
544.15
430.28
380.79
412.48
116.11
441.25
254.28
91.62
122.83
576.39
569.66
540.98
534.56
692.11
641.86
206.28
205.36
24.07
376.46
382.36
300.51
436.79
758.1
529.15
668.75
643.53
627.87
608.59
342.39
203.49
467.81
448.38
392.02
353.8
710.83
473.49
728.88
482.29
392.36
705.06
447.64
20.33
341.71
275.53
438.44
761.13
698.38
799.8
755.85
267.29
169.56
500.4
763.19
219.87
314.99
429.22
1.16
268.9
10.23
103.44
413.51
698.61
772.54
101.69
299.97
78.34
719.41
544.72
228.87
10.38
121.73
586.36
468.41
510.39
296
330.1
588.45
526.56
599.05
117.89
110.2
203.37
150.71
424.36
77.26
243
781.36
762.48
281.75
744.45
571.9
691.9
99.95
286.99
308.58
437.03
206.44
236.61
404.07
204.03
298.75
407.72
4.66
609.01
17.94
614.37
125.77
720.37
199.88
163.84
566.2
126.95
758.8
363.46
216.98
301.7
353.3
181.99
133.05
351.07
275.5
785.29
345.33
335.24
773.97
92.22
11.11
96.57
388.38
8.87
722.89
410.02
223.08
282.36
95.43
159.29
522.38
732.68
677.27
794.46
521.19
112.05
197.49
130.08
527.42
240.44
161.11
416.59
551.59
170.14
585.92
586.8
715.81
28.08
763.91
234.19
534.72
339.01
350.88
237.54
105.12
283.93
446.11
697.77
381.84
198.13
487.87
274.38
330.44
156.6
233.36
715.67
719.65
707.42
277.59
590.13
278.31
732.49
145.95
366.31
529.76
662.57
185.19
667.68
146.85
137.5
644.67
100.82
500.5
148.18
227.42
747.2
749.24
255.03
537.13
122.52
281.11
104.84
545.15
79.79
389.6
349.42
497.41
599.35
524.92
287.93
0.87
493.26
457.61
696.55
790.47
769.87
693.45
92.75
530.62
590.11
677.34
762.85
478.93
422.77
227.22
289.27
422.52
604.54
24.33
216.7
398.31
282.15
590.33
792.35
717.72
62.85
343.85
559.79
327.96
289.63
274.99
762.2
166.81
131.91
106.56
292.04
767.53
417.67
742.18
341.48
503.44
101.39
74.13
781.09
761.61
480.95
565.98
201.12
701.5
556.77
297.43
453
524.07
640.74
18.11
67.36
716.01
301.42
433.61
567.82
655.53
709.3
513.09
175.61
252.56
666.2
777.14
176.64
734.45
721.9
419.67
112.01
142.04
580.93
535.65
362.05
6.39
774.95
581.5
636.14
74.73
774.48
658.74
108.22
450.49
3.89
553.37
49.71
183.29
630.32
677.34
647.17
269.2
126.22
753.06
102.8
780.82
555.91
757.26
145.57
194.64
403.77
519.32
93.16
88.43
643.03
667.02
450.1
89.41
435.78
198.89
18.83
507.04
301.35
328.99
531.35
688.47
419.63
603.46
732.48
174.67
233.9
177.77
80.6
424.5
472.29
212.26
506.13
645.92
221.05
753.77
545.31
792.49
463.55
238.92
22.55
141.3
679.15
192.75
380.59
619.1
306.38
73.48
299.93
767.26
110.8
189.9
340.43
373.71
137.03
754.12
777.43
616.98
114.56
98.58
296.65
482.96
420.17
121.59
381.65
281.59
459.33
769.02
401.04
683.75
210.32
375.91
248.48
267.15
609.7
226.32
41.77
117.86
760.55
102.11
598.48
463.66
167.14
456.09
644.04
247.4
178.36
458.53
422.01
580.23
188.4
399.39
651.59
159.26
334.39
10.93
584.7
280.75
97
566.18
42.67
102.47
166.2
688.55
124.97
146.82
187.79
380.41
198.71
767.79
533.97
131.7
603.64
200.67
397.44
521.47
258.73
158.81
451.95
44.42
142.94
457.12
309.95
699.75
722.39
581.2
731.97
334.85
188.83
44.27
523.89
60.06
134.9
231.49
670
472.61
274.24
709.85
373
346.37
229.85
87.76
464.06
162.64
206.14
341.28
644.85
515.1
709.46
93.36
139.3
78.14
540.67
600.81
130.07
382.22
622.95
344.48
635.95
131.24
107.04
301
24.37
306.08
319
701.53
563.13
686.17
379.78
607.57
774.68
670.96
268.09
695.41
343.09
259.52
742.58
625.33
681.99
575.86
687.18
423.05
185.18
766.81
668.28
751.21
479.6
5.24
746.74
394.5
469.61
353.92
662.03
646.12
456.8
608.18
780.33
204.17
132.16
464.11
180.94
677.41
691.54
755.11
163.9
753.78
144.48
638.85
669.97
653.65
68.28
261.74
4.2
241.45
507.69
10.15
431.77
56.63
775.54
137.32
81.53
174.11
439.89
454.25
662.74
782.12
729.77
286.6
734.58
707.06
503.28
299.38
786.51
230.14
424.02
390.81
496.46
595.18
257.38
660.28
138.97
377.6
255.19
709.08
298.02
269.84
34.17
30.65
541.43
353.44
540.88
417.36
582.76
219.89
776.6
298.71
663.32
528.27
416.31
783.73
707.99
751.4
161.25
569.82
262.68
596.47
336.35
40.19
4.06
699.8
432.14
338.05
626.36
260.13
22.43
12.54
608.99
279.56
702.33
419.7
778.34
24.23
71.74
99.83
474.11
661.09
124.42
460.15
209.47
22.51
564.99
298.89
285.96
473.59
719.36
293.19
653.32
349.3
745.42
451.76
582.53
368.22
214.44
506.75
379.29
11.19
412.1
324.76
513.73
236.38
704.09
201.96
728.46
51.33
667.18
716.58
35.38
372.71
144.32
368.04
515.29
534.01
187.75
26.12
550.35
136.95
81.17
379.82
144.25
235.37
481.49
517.15
614.66
673
557.24
65.67
286.44
412.26
665.96
275.02
152.54
671.3
597.61
151.51
300.79
15.46
300.7
717.19
247.29
708.45
100.04
304.43
524.29
352.4
630.93
558.89
663.69
291.36
756.33
639.75
353.93
544.17
594.28
320.25
95.06
671.08
607.12
280.33
742.46
2.51
754.87
799.76
554.18
726.44
433.89
90.21
545.58
526.05
506.74
431.65
181.5
511.39
651.16
107.94
371.43
703.57
330.58
584.99
82.79
242.57
26.83
674.4
98.96
643.76
184.1
360.05
724.28
546.93
672.57
374.11
792.76
645.68
184.02
575.12
244.05
490.53
320.54
186.28
798.15
455.28
761.29
743.2
62.71
374.9
780.81
393.89
42.83
442.09
108.36
72.74
568.5
136.09
776.77
634.36
536.5
30.58
91.28
38.58
253.43
165
554.18
316.7
205.37
169.06
660.35
296.98
229.06
295.26
365.42
350.41
401.52
424.78
425.22
391.02
312.24
720.07
190.22
510.83
317.7
103.84
505.1
374.95
43.72
229.96
93.69
773.41
343.16
555.55
217.23
538.3
347.25
124.33
640.27
622.17
169.04
684.23
193.27
753.69
467.75
209.92
64.46
733.09
43.95
465.02
698.28
454.75
173.84
415
700.31
319.8
90.01
436.99
458.76
33.01
338.42
592.58
151.46
335.57
188.54
313.89
68.38
589.93
633.51
764.1
125.27
672.38
780.73
754.03
235.83
129.04
451.09
494.87
88.09
606.71
714.3
325.52
43.96
224.21
99.12
186.18
475.85
74.58
753.85
162.2
150.08
171.95
116.68
300.53
790.34
615.46
641.73
616.52
674.67
337.67
745.22
569.86
652.67
96.94
709.35
45.66
797.39
217.46
109.27
547.77
341.24
71.02
791.5
605.07
229.16
263.25
194.45
508.03
75.07
467.69
407.67
624.52
427.72
19.33
534.92
701.72
752.36
476.72
133.93
319.02
535.21
539.6
143.35
749.52
519.77
698.29
30.54
649.69
604.6
344.75
0.39
685.89
579.41
79.78
114.45
437.81
253.31
619.87
433.82
348.18
97.92
192.85
61.33
248.2
760.04
259.69
710.49
606.69
34.1
132.58
694.45
20.31
74.46
126.71
96.92
464.32
399.77
247.53
397.94
66.93
323.8
275.37
651.07
772.12
530.4
625.62
8.53
200.49
469.57
34.92
481.2
368.13
206.15
355.12
617.24
221.78
521.69
571.71
293.34
77.38
550.97
414.16
442.02
140.71
468.43
782.01
556.08
707.86
565.15
521.26
692.93
598.38
635.17
428.19
461.19
316.49
63.54
10.68
714.77
757.03
783.63
638.72
661.43
227.22
619.78
485.38
372.86
687.97
737.77
125.26
59.92
205.8
430.23
597.1
573.51
741.08
627.59
587.87
458.55
556.25
362.48
29.87
579.49
746.05
263.57
768.5
728.42
748.96
89.61
260.12
175.59
448.56
417.86
686.57
187.96
140.57
332.12
639.39
326.79
224.59
745.17
477.22
418.54
551.02
138.58
238.18
558.86
551.73
9.72
595.57
432.31
670.65
182.56
139.28
41.98
742.39
418.08
736.01
424.86
790.31
502.98
24.74
148.94
743.51
229.24
254.59
581.26
341.49
593.75
300.19
553.55
199.26
648.86
540.67
183.16
224.7
143.57
346.71
283.83
126.86
372.93
591.45
348.34
386.77
679.91
275.76
296.61
188.76
737.93
762.32
713.84
120.32
470.84
462.46
246.78
298.34
134.12
663.88
338.27
53.5
0.63
752.47
558.19
309.43
393.57
679.16
42.91
782.28
473.94
544.68
74.67
524.62
488
404.46
153.37
244.89
136.99
763.03
186.03
63.57
574.11
410.88
735.23
788.65
54.27
712.79
38.09
263.39
569.07
577.37
563.84
764.86
407.25
176.39
370.13
627.34
464.84
260.99
326.56
787.36
574.02
305.71
396.99
275.6
143.92
527.12
242.4
436.43
537.83
393.88
686.39
493.45
586.17
412.5
408.16
352.36
114.22
659.93
30.9
510.71
415.79
356.14
777.97
736.94
428.01
477.03
314.6
224.59
439.92
227.81
691.87
774.01
205.5
206.4
176.42
506.2
567.39
512.69
740.99
782.07
798.23
127.22
154.29
400.69
579.18
454.7
131.33
506.87
584.53
586.57
745.59
363.89
53.73
535.8
452.26
663.39
745.92
254.78
53.44
571.65
662.06
347.21
358.31
66.15
239.39
321.55
542.56
172.08
215.83
199.41
517.97
610.17
405.52
729.08
386.23
512.15
379.88
212.22
585.24
179.96
620.35
205.83
422.32
271.62
746.77
633.65
775.63
72.69
150.54
598.85
181.37
280.54
739.72
142.06
66.09
718.19
232
621.18
12.61
97.91
272.36
744.22
137.65
97.73
391.15
654.6
386.91
556.91
151.69
139.8
396.97
410.9
344.06
542.87
601.47
338.18
232.31
192.53
748.23
637.94
455.34
19.77
434.7
365.48
330.94
557.98
483.89
499.58
19.57
94.63
16.49
66.92
132.04
124.6
82.72
398.81
659.9
691.83
14.91
468.38
605.37
446.22
22.91
392.86
730.91
764.39
141.76
31.84
319.91
353.97
140.6
29.03
76.49
222.18
347.41
389.98
616.33
650.27
582.57
75.38
420.82
21.79
11.42
226.98
372.33
718.73
769.86
766.83
221.62
624.84
765.12
65.43
244.21
357.71
291.31
277.66
326.58
548.84
190.19
158.78
74.61
700.34
523.46
141.91
93.34
103.51
559.89
315.45
505.39
390.23
326.62
310.47
685.96
97.15
104.84
256.24
644.72
358.57
269.35
264.69
115.71
74.37
177.36
217.25
683.24
516.55
14.39
787.19
76.84
318.32
532.73
17.3
636.88
238.36
234.11
136.89
379.06
378.73
140.57
215.67
85.72
345.48
604.38
176.37
701.1
325.72
76.59
262.23
182.31
211.67
158.86
587.34
99.55
179.05
340.9
173.21
68.81
323.02
734.8
629.83
181.39
28.87
571.46
730.27
516.54
118.41
566.17
547.91
392.81
619.93
562.19
115.87
216.21
236.39
82.94
646.79
632.12
19.06
559.7
131.95
400.15
120.1
109.52
560.41
61.51
751.97
758.79
548.55
482.87
593.59
427.16
517.14
116.31
453.43
474.33
506.74
317.18
318.92
2.3
8.31
26.11
65.14
221.61
31.75
358.37
441.8
539.54
382.44
292.04
451.43
162.15
287.31
196.23
779.63
269.38
41.18
536.74
531.83
298.29
144.99
750.99
216.07
467.07
688.28
290.24
759.96
753.31
529.91
549.19
384.71
400.83
13.34
75.89
15.76
501.98
376.92
520.17
97.06
158.09
546.7
398.68
66.27
376.35
783.07
109.71
583.16
660.99
155.14
54.35
432.89
529.27
502.15
340.34
168.42
85.74
617.42
555.84
390.07
689.28
246.98
215.53
317.06
485.27
381.38
731.39
429.82
56.18
426.43
655.39
235.54
497.8
416.71
606.76
452.26
757.01
36.52
243.22
450.77
778.24
85.43
190.45
730.41
525.67
316.54
214.59
178.17
19.43
268.35
27.53
778.74
748.14
138.41
81.48
431.11
234.05
539.67
625.03
91.66
31.17
291.89
762.52
213.23
176.29
603.94
187.19
70.13
200
764.12
7.05
774.99
642.72
142.31
453.27
198.5
145.93
0.28
35.09
606.57
619.95
333.71
150.25
424.98
344.84
415.42
567.11
662.77
723.23
633.78
219.02
378.75
343.29
248.68
127.87
523.78
215.52
492.47
235.97
394.26
270.22
752.87
380.86
418.18
228.81
480.43
189.86
547.19
108.26
309.15
684.09
423.34
537.35
753.73
198.13
655.84
259.79
250.55
428.43
84.96
426.37
7.52
512.43
47.5
747.6
261.99
204.12
477.43
6.92
255.66
251.98
187.41
515.43
623.4
275.34
337.74
785.32
213.36
383.15
68.1
35.51
238
138.83
445.72
510.17
759.72
440.21
358.86
748.02
451.29
672.04
789.76
527.88
257.87
377.58
194.15
228.67
760.17
332.99
122.15
512.03
102.59
23.79
619.24
44.55
87.1
766.74
593.89
267.73
194.89
270.12
375.06
607.3
150.63
22.69
545.9
169.7
724.05
492.49
470.63
238.82
661.9
636.65
89.84
295.7
271.96
95.37
562.6
182.79
307.93
270.97
765.56
451.57
66.42
136.74
572.07
446.7
679.94
693.08
571.56
554.96
313.47
27.06
732.27
422.18
42.97
507.16
130.29
145
196.89
39.39
250.77
306.93
609.84
355.92
113.54
234.75
422.96
334.85
744.71
134.06
74.78
555.86
725.55
758.71
788.84
99.71
673.83
162.88
369.5
678
731.48
182.75
576.13
262.32
475.1
60.49
289.69
693.72
214.11
794.34
267.64
192.67
348.91
608.76
620.32
339.39
494.99
618.26
734.36
40.31
540.37
102.6
32.36
193.64
288.83
699.57
300.09
418.77
142.51
357.59
352.51
675.35
704.9
418.3
652.89
115.11
78.15
427.28
401.43
201.92
424.02
452.99
145.56
732.6
619.5
604.24
355.05
691.78
156.31
692.24
635.21
195.64
26.02
480.44
403.75
117.81
708.83
47.17
336.9
329.59
796.31
656.39
301.87
105.17
74.48
126.2
622.41
177.05
69.12
283.56
767.54
326.1
368.53
446.75
416.67
62.26
37.98
567.39
79.91
356.42
66.37
732.3
755.28
13.11
14.25
335.38
435.29
5.74
190.27
504.74
192.3
612.77
477.57
509.87
53.54
658.08
721.75
481.48
423.33
302.25
437.07
459.66
485.22
686.32
205.14
479.44
435.11
7.62
695.54
26.31
709.23
528.04
711.78
762.64
723.75
147.09
623.71
447.4
161.27
633.17
453.94
131.59
3.12
62.1
163.72
420.29
451.01
627.04
116.52
390.18
270.94
366.67
21.43
520.77
66
686.29
120.36
322.91
150.42
352.44
137.75
234.79
693.8
379.17
796.14
233.18
476.34
377.4
436.88
597.61
702.63
591.1
197.36
99.87
415.97
161.7
271.32
512.87
133.98
180.13
80.44
578.98
737.37
227.23
413.38
294
650.48
319.28
153.74
328.39
679.04
606.86
123.17
404.43
112.79
615.65
146.29
199.37
455.87
147.44
145.27
94.36
641.72
700.58
466.83
678.21
204.21
27.87
392.21
420.14
761.92
145.19
407.88
28.27
373.87
65.15
544.93
123.22
309.91
203.39
517.86
10.07
434.57
548.4
336.37
470.63
380.13
55.33
80.25
648.36
727.81
597.64
580.8
77.29
396.14
746.27
611.3
101.24
771.9
119.64
130.85
509.73
536.54
785.59
332.78
735.44
669.37
545.01
467.08
645.76
467
259.62
343.38
617.94
206.86 /

COPY
	PERMX PERMY  /
	PERMX PERMZ  /
/
MULTIPLY
	PERMZ 0.01 /
/
