---------------------------------
-- Permability values for SPE9 --
---------------------------------

-- Permeability distribution visualized in figure 5 in Killough's paper
-- Killough says 'The input data included in the distribution to
-- the participants included a geostatistically generated 
-- permeability field'

-- The values below are taken from Killough's dataset, they are
-- not based on the figure in the paper.

-- Explanation to how the data in PERMX is organized:
-- Under each LAYER (i.e. K-value), 
-- there are 25 ROWS (i.e J-values) under which there are
-- 24 entries (i.e. I-values) 

PERMX
679.63
410.78
476.06
510.1
309
134.6
786.89
774.81
597.58
598.96
718.5
276.35
125.99
56.4
679.04
230.6
224.8
338.21
369.28
581.1
548.94
725.46
650.77
706.47
789.07
737.27
544.68
28.97
168.52
167.58
585.88
102.23
347.07
449.7
662.46
30.88
311.7
437.32
592.27
86.11
127.66
647.05
795.06
775.99
773.83
771.54
610.58
196.02
550.23
417.56
181.3
645.72
523.57
163.73
46.58
261.87
563.61
580.06
97.95
472.58
726.53
325.55
621.33
669.71
646.13
285.5
531.4
23.14
271.11
726.61
361.47
455.57
560.88
64.43
704.05
8.94
320.96
46.64
236.23
192.68
204.76
306.62
744.48
417.44
94.4
610.92
320.44
680.03
154.9
456.94
576.7
531.88
208.55
753.93
318.59
259.36
203.32
515.52
4.97
506.94
799.51
390.66
230.23
136.71
224.55
632.15
772.62
457.87
402.05
551.36
114.73
507.78
629.98
793.31
131.43
557.21
175.03
705.63
518.51
73.69
451.7
378.86
723.1
529.46
590.96
294.93
606.99
378.19
574.42
489.43
390.08
420.62
778.17
436.2
696.44
625.43
552.32
564.71
225.92
394.2
385.81
216.62
140.59
374.56
147.05
605.46
694.09
24.07
570.42
456.49
184.04
794.51
710.27
290.32
730.02
761.31
155.03
294.07
298.67
384.21
255.08
632.21
611.06
145.13
323.58
270.91
290.24
411.64
101.81
161.21
190.64
340.07
770.76
637.88
123.61
305.04
132.06
140.89
651.47
189.81
269.78
452.42
311.29
567.44
708.14
444.2
131.3
587.43
112.95
454.6
101.27
272.6
587.25
460.99
395.99
593.89
204.12
256.44
476.61
382
692.03
204.91
602.96
616.08
82.74
4.36
768.99
474.16
29.95
643.41
743.05
42.14
696.5
179.55
130.71
179.07
634.65
62.86
224.38
732.68
355.86
60.63
517.67
400.07
240.13
667.67
294.53
17.13
526.25
557.89
280.71
32.86
684.45
323.5
524.4
50.03
463.17
625.87
3.37
375.77
686.98
487.1
124.41
254.55
645.72
667.59
604.91
121.66
325.62
665.97
204.31
475.8
645.05
456.16
349.65
194.79
51.49
62.65
636.49
364.78
774.7
159.39
121.97
440.04
795.4
522.73
459.71
726.96
726.78
532.65
260.28
669.31
751.41
538.91
565.58
427.69
115.02
672.39
370.24
692.23
125.93
350.44
634.38
762.35
150
746.85
293.42
103.62
714.98
48.47
348.33
338.49
181.65
320.32
613.54
178.29
765.99
607.37
614.79
591.93
177.09
506.57
67.18
328.43
158.29
490.2
657.46
551.74
17.22
23.25
170.09
149.3
101.22
616.74
233.86
388.4
193.19
383.32
654.46
377.62
657.1
64.06
141.95
705.18
458.86
515.67
534.43
12.2
25.5
575.25
735.1
624.49
437.77
28.15
244.96
793.35
291.83
222.82
204.48
477.38
722.3
691.31
136.07
122.59
138.86
487.64
564.21
756.24
228.94
641.3
280.8
136.06
652.06
765.77
489.31
332.47
535.42
740.24
33.83
409.19
638.09
315.42
402.08
581.71
301.43
717.61
799.04
533.68
44.04
493.33
392.68
479.16
586.55
299.05
716.26
6.73
641.73
731.56
703.46
456.9
658.58
72.19
509.39
391.11
707.39
210.23
276.25
48.45
501.01
271.4
611.46
31.63
661.44
679.27
364.62
364.15
40.4
183.98
1.05
459.24
333.34
558.74
292.73
427.99
389.27
622.61
7.05
559.65
156.03
73.38
24.58
376.82
48.98
195.14
11.6
712.8
36.42
493.67
310.77
196.97
20.86
321.92
548.66
148.69
471.6
783.06
6.41
520.99
685.16
341.85
198.76
691.47
258.05
348.07
536.46
112.31
635.67
146.61
293.64
227.79
738.99
285.88
431.01
80.06
679.21
489.1
6.76
533.44
310.79
726.06
32.36
674.12
29.78
365.19
172
526.69
335.27
714.7
237.88
221.66
469.47
435.51
148.63
138.45
184.63
786.17
702.01
586.94
294.81
401.15
651.93
459
230.04
522.01
445.21
437.4
20.15
199.51
655.77
505.54
331.12
29.16
219.08
439.62
721.32
646.13
468.99
698.13
520.31
491.28
492.45
613.68
526.31
576.43
799.82
617.66
308.17
571.34
443.58
191.71
296.77
35.9
772.76
618.67
457.66
109.65
174.48
266.12
624.16
645.9
255.49
303.22
530.2
321.33
86.93
750.8
652.85
497.12
497.97
311.08
455.22
602.53
239.41
300.94
565.83
552.95
53.77
418.59
357.56
203.13
98.92
253.25
318.98
559.4
24.74
134.86
593.28
540.44
371.28
415.06
510.28
358.72
135.4
676.77
417.45
762.49
565.97
322.11
789.86
648.45
296.11
442.18
315.68
337.72
794.39
44.26
563.61
118.36
778.22
682.88
209.67
549.16
746.93
769.62
530.06
518.93
643.17
42.97
792.42
375.96
400.68
351.53
788.6
308.82
770.08
222.77
24.86
548.39
184.07
413.87
401.4
46.28
782.91
505.87
473.54
36.2
434.19
156.98
286.89
61.24
552.49
614.54
384.37
404.97
794.1
61.92
220.74
0.47
225.9
416.2
212.8
727.37
29.27
174.38
173.22
98.02
407.18
521.45
568.77
561.83
80.93
215.42
491.61
700
388.46
89.12
194.21
295.83
718.7
609.25
469.82
261.32
299.8
419.8
355.58
347.46
287.68
627.81
357.43
358.98
701.72
294.39
620.93
176.22
332.37
426.44
337.77
82.73
275.24
124.29
68.25
645.46
557.92
257.45
313.99
399.81
231.69
697.63
35.88
781.15
401.56
269.67
252.04
661.32
421.11
645.64
151.76
433.75
722.75
216.23
299.38
44.79
322.77
388.47
1.7
259.98
752.86
386.76
522.18
380.67
516.68
433.51
428.52
375.68
398.99
89.31
113.62
710.54
668.1
290.97
533.83
237.86
351.92
158.38
584.57
307.11
312
589.83
562.97
210.87
238.75
134.89
6.06
494.41
114.22
126.19
733.68
166.35
490.12
506.65
194.81
603.39
333.53
494.95
714.15
442.2
654.67
662.53
184.85
163.91
733.66
575.55
439.3
697.18
67.96
306.08
135.77
329.18
325.51
543.07
760.5
631.16
208.31
106.43
682.29
220.09
115.37
787.95
747.57
697.55
17.18
380.63
401.49
0.51
88.79
144.24
244.68
222.13
513.13
404.8
675.18
526.7
11.32
665.99
276.97
583.38
567.29
715.3
689.41
385.69
765.46
494.38
232.62
37.44
525.81
339.54
720.12
309.11
43.02
449.22
431.92
116.36
459.86
67.82
617.13
547.51
493.88
506.66
704.11
61.15
177.8
790.51
429.35
286.57
207.74
445.24
517.53
656.58
764.71
590.55
747.53
364.78
293.76
674.81
68.49
275.91
187.18
617.53
507.56
165.25
404.78
83.59
395.93
385.95
559
634.28
52.61
293.05
729.66
133.94
290.96
119.08
237
681.8
426.84
119.6
392.8
709.81
484.93
431.25
486.57
130.01
461.74
282.83
294.81
467.01
29.2
552.58
151.24
692.77
484.09
160.84
615.98
257.68
542.78
165.51
55.86
374.78
387.99
641.78
594.97
497.45
748.43
251.39
99.83
664.93
697.86
128.79
182.61
770.4
716.29
143.66
774.06
36.39
685.38
682.23
595.76
180.39
335.95
39.24
370.17
247.21
143.97
62.18
388.03
417.86
123.45
382.62
7.98
117.46
77.54
205.39
21.46
640.6
8.76
737.02
245.74
504.31
582.95
339.89
755.72
724.53
160.88
429.1
425.11
341.18
790.46
757.11
575.9
283.14
562.08
549.21
82.56
711.79
221.43
505.39
587.51
631.03
362.48
109.44
419.99
172.27
797.36
342.4
13.43
558.57
346.82
311.24
134.27
381.09
261.76
707.2
214.53
774.77
786.52
707.92
779.87
246.74
68.99
604.86
382.87
554.06
218.37
454.01
368.77
365.6
617.56
213
49.86
476.46
623.78
526.89
641.67
413.82
131.02
442.92
498.11
493.42
411.44
456.63
497.65
357.05
383.63
130.23
36.04
734.89
794.77
400.51
42.09
217.45
625.89
382.84
404.28
423.11
416.47
6.41
203.4
468.58
316.87
371.56
11.12
553.83
777.91
406.24
103.73
252.43
26.02
196.71
40.19
484.21
445.49
592.14
95.15
393.7
699.87
434.68
535.29
353.17
357.35
543.91
142.82
632.5
26.97
685.79
296.73
354.35
43.23
438.41
616.54
264.08
509.07
315.38
237.1
81.93
304.75
46.37
406.5
778.97
216.92
500.15
724.71
153.88
419.34
645.11
341.37
584.21
33.52
304.22
38.33
138.7
76.29
696.68
654.61
162.64
359.87
435.56
706.81
367.14
3.28
82.24
562.28
330.22
679.45
783.52
503.39
307.94
429.68
718.02
375.04
620.95
166.6
682.58
614.66
28.44
355.9
655.84
225.27
488.15
794.42
729.12
386.41
234.47
284.88
415.03
793.39
484.99
446.92
109.75
202.27
77.1
354.78
378.22
311.42
555.85
506.23
381.25
478.73
509.21
164.45
777.14
354.99
616.55
209.1
267.91
100.32
80.3
83.33
416.12
242.08
736.19
485.83
638.22
485.1
499.66
779.89
393.8
685.39
63.53
762.43
534.16
371.26
363.56
279.43
733.36
697.48
82.83
149.76
773.86
731.01
682.57
441.7
320.56
334.71
434.08
736.68
230.19
492.73
389.71
398.35
532.86
469.47
510.97
591.06
518.99
399.3
648.29
592.59
660.21
475.86
9.16
571.26
402.8
300.94
412.44
778.81
137.96
379.7
94.12
719.51
17.21
277.94
184.89
114.51
727.78
467.71
599.03
628.32
95.79
348.39
642.07
412.61
216.28
379.37
10.8
737.2
116.99
388.05
564.82
251.26
568.46
139.75
788.44
405.95
448.3
430.01
149.12
327.95
357.44
510.93
93.76
478.5
286.78
274.79
729.2
674.63
711.78
772.37
196.27
684.59
675.8
637.88
62.61
294
789.68
313.35
283.56
766.27
212.1
489.29
588.87
45.24
336.1
754.95
603.74
128.7
634.81
416.09
659.27
353.36
349.73
651.68
615.51
513.87
296.21
459.87
95.33
788.17
7.48
622.79
224.61
465.35
644.86
162.61
624.59
640.7
459.92
365.76
321.6
773.29
444.46
49.33
725.32
359.74
7.18
377.76
511.88
78.51
218.06
770.06
313.68
567.92
719.28
734.39
646.97
94.76
291.39
689.55
540.88
776.28
414.47
389.29
594.61
573.01
320.06
13.93
225.56
114.32
640.08
705.1
172.05
472.4
767.69
727.72
218.05
529.05
413.58
742.46
739.95
148.37
105.53
452.13
105.42
279.56
120.47
645.97
475.18
96.18
527.22
606.97
794.84
15.27
93.1
471.5
563.45
774.06
118.46
516.35
103.8
538.93
482.24
18.29
64.84
524.31
205.33
69.33
543.85
705.3
687.34
271.11
297.71
331.57
144.26
436.62
791.34
237.42
33.62
625.51
23.76
793.17
132.71
428.02
737.75
402.42
393.93
782.22
733.65
773.16
196.18
23.05
275.89
171.78
507.16
489.92
149.17
571.1
611.21
204.43
629.33
677.52
501.9
270.01
764.36
89.27
359.75
347.33
163.92
579.72
293.21
761.23
516.35
505.15
239.4
251.41
292.2
555.54
600.86
560.04
8.64
167.77
258.86
260.12
650.34
714.68
508.49
147.24
662.82
344.68
451.13
258.58
689.04
184.13
87.29
2.14
472.81
217.68
456.84
716.18
327.19
625.09
43.86
683.29
460.4
659.83
757.7
235.34
738
32.03
445.81
577.27
184.47
458.63
78.58
315.74
755.42
236.87
231.04
78.81
585.9
131.68
574.32
138.31
96.51
512.34
154.49
662.15
488.77
547.36
582.22
47.25
369.45
342.14
718.26
11.1
375.8
461.04
655.88
404.7
124.91
105.01
717.24
506.97
256.26
315.13
549.65
205.92
417.35
550.34
397.04
339.2
466.72
217.71
70.98
134.64
605.3
11.85
523.5
770.55
21.98
18.33
412.03
288.94
629.31
228.98
50.49
578
686.83
170.6
696.76
51.65
719.66
27.79
218.28
786.34
331.47
594.45
151.46
614.13
31.16
63.51
542.94
43.82
312.49
15.14
587.57
696.7
367.92
20.69
716.56
367.4
63.87
688.85
693.31
466.87
263.11
312.29
143.23
221.82
177.04
535.62
380.55
557.95
797.9
445.79
368.87
158.68
27.8
133.13
232.43
451.73
143.13
763.36
216.86
124.99
624.85
249.83
93.79
750.1
405.52
540.26
779.84
788.26
741.16
744.74
336.8
24.65
726.39
697.05
27.93
436.35
435.58
273.75
214.79
725.62
90.08
80.31
751.43
180.35
617.31
131.87
174.32
779.84
415.67
314.53
636.78
776.03
273.21
720.27
763.46
382.85
160.69
466.56
115
88.98
756.81
336.57
164.46
317.34
605.91
430.82
339.64
194.95
229.7
727.15
118.19
68.69
357.97
130.23
712.29
529.87
171.69
264.71
652.1
100.57
664.81
794.13
11.83
120.36
728.06
139.39
313.13
387.84
649.45
223.88
26.76
430.74
469.35
324.09
364.06
80.49
792.29
164.4
561.38
559.13
4.7
316.81
360.1
268.74
242.55
72.17
28.5
264.17
566.15
276.53
336.88
352.7
235.59
702.19
80.1
107.05
547.46
28.57
146.4
656.48
512.73
51.94
792.31
76.89
319.66
415.39
15.57
120.15
329.04
414.99
562.26
386.24
312.87
789.82
248.09
180.53
22.43
676.5
369.01
66.86
357.35
569.08
526.75
548
510.54
30.24
263.03
297.67
601.26
718.25
80.51
186.94
18.21
316.13
369.41
739.2
576.66
248.46
315.88
464.34
206.51
443.43
636.06
435.9
163.11
333.64
314.11
231.98
2.04
381.36
586.63
430.91
279.72
235.4
249.36
306.02
654.56
273.6
398.27
356.82
332.81
542.31
525.27
446.35
613.79
187.39
473.53
666.05
500.95
313.65
746.72
765.19
350.34
503.46
63.21
197.1
389.67
609.58
796.05
73.93
91.81
59.89
237.7
771.05
10.71
356.54
490.09
543.5
211.84
200.1
448.73
650.67
720.35
750.63
400.44
9.19
234.9
635.6
5.26
766.72
730.03
96.26
733.34
612.79
709.62
571.53
736.55
776.8
134.86
744.47
114.31
587.19
205.52
426.67
589.22
747.28
239.44
609.12
403.51
483.2
761.03
543.95
450.67
387.35
681.43
410.18
14.07
177.36
76.74
732.29
169.64
192.53
542.1
636.08
648.68
432.59
327.56
378.07
246.34
518.37
480.14
450.37
445.58
183.76
743
532.6
482.76
325.49
500.1
419.22
71.18
576.21
221.46
745.84
379.57
79.63
763.12
624.04
34.6
699.4
721.97
397.26
152.72
430.7
230.92
332.8
548.55
723.09
770.86
93.81
501.01
172.21
272.35
341.05
733.54
413.68
174.22
126.07
555.02
150.87
773.63
210.41
114.84
534.47
40.84
454.81
606.38
203.39
93.05
568.69
343.65
626.45
70.59
12.78
463.27
78.87
527.88
126.04
209.5
516.83
437.26
543.21
36.41
287.08
394.93
576.26
354.8
174.55
407.75
524.64
712.51
481.75
716.29
740.92
341.11
479.2
215.08
296.35
768.81
642
31.26
72.3
648.33
270.7
151.55
493.79
129.38
0.48
373.93
282.02
308.47
446.79
673.62
476.16
397.27
179.92
90.87
656.53
441.03
306.14
412.63
681.31
218.29
345.83
462.83
242.89
72.43
319.23
314.31
434.12
557.19
128.16
605.18
716.46
334.4
530.96
106.76
276.02
214.88
715.16
734.68
548.78
7.17
249.28
101.43
536.79
777.34
370.67
797.5
237.51
461.77
61.44
729.35
625.05
643.42
684.16
546.04
139.75
565.42
105.88
323.4
199.76
690.7
344.45
795.97
48.02
404.58
730.31
163.99
39.88
488.46
692.97
583.63
710.79
600.87
770.23
716.29
772.56
406.18
23.39
314.2
610.76
146.82
268.37
314.3
620.03
264.79
518.61
432.8
490.59
357.97
52.3
672.45
295.42
688.87
509.85
451.01
575.78
250.51
692.98
568.61
573.37
140.25
400.03
648.05
642.18
129.45
102.78
455.57
703.91
489.9
225.29
165.03
365.1
8.99
461.55
755.33
232.9
236.25
462.67
97.01
26.09
581.04
283.49
625.5
579.38
6.79
38.72
80.59
321.18
2.57
617.98
529.41
568.44
122.41
329.01
134.61
521.88
482.88
126.49
785.84
665.82
97.34
598.95
139.42
366.59
19.01
436.8
389.49
58.66
518.92
794.64
232.7
36.02
286.89
121.59
29.98
343.47
175.26
172.25
752.12
696.7
577.13
771.15
506.41
414.71
272.35
701.15
218.99
796.48
113.6
587.66
32.95
207.46
212.61
104.36
288.4
790.42
799.81
39.26
644.37
273.66
32.49
639.17
572.03
243.49
582.94
599.68
729.33
553.08
741.43
407.71
781.25
788.21
761.45
109.68
536.93
83.39
677.19
279.65
700.57
599.4
70.11
195.06
443.44
674.47
318.8
676.14
447.24
582.66
558.32
73.18
464.66
513.87
783.49
741.34
183.57
507.25
351.65
392.09
79.8
237.02
302.16
484.37
147.52
699.51
590.91
281.33
693.3
120.06
91.54
436.62
509.97
176.37
147.3
562.18
301.62
525.65
466.19
634.74
609.41
720.77
189.19
162.23
299.16
317
783.72
316.66
24.95
526.84
646.05
777.17
167.03
596.56
670.2
293.7
1.55
571.32
729.05
45.14
664.18
82.42
566.45
509.57
418.48
738.62
260.6
116.85
538.26
263.53
425.3
278.08
557.28
691.03
471.29
20.89
239.67
68.19
729.24
485.12
685.91
314.8
353.37
427.71
9.57
56.38
551.77
65.45
99.75
21.66
285.07
24.28
589.82
711.27
104.85
621.15
748.11
657.01
266.84
116.13
166.59
763.58
328.78
58.44
7.29
711.09
449.9
5.81
171.29
576.65
792.99
553.15
115.44
76.02
650.7
95.12
457.98
537.73
637.1
289.69
260.06
600.32
603.19
743.26
13.83
572.13
331.68
588.88
525.39
126.96
747.5
698.36
144.1
656.38
3.92
444.42
5.14
551.13
725.66
794.53
483.09
408.4
168.09
513.49
637.63
787.83
267.28
646.31
720.77
206.68
765.45
696
160.84
387.95
397.61
229.92
326.43
242.09
410.36
55.2
233.54
146.63
76.48
7.16
505.52
138.49
137.36
67.16
6.36
505.84
4.37
48.56
54.66
692.31
641.44
38.03
64.42
394.97
36.32
251.05
778.08
683.09
108.81
278.72
649.31
275.13
759.69
263.33
28.08
37.59
506.67
115.84
92.95
266.76
82.74
436.62
29.09
342.36
700.42
352.81
442.59
395.64
473.81
569.72
783.01
295.71
728.78
368.45
698.89
14.45
675.75
705.53
117.7
773.96
93.52
344.84
450.89
102.67
83.72
218.18
674.07
420.78
531.23
588.79
616.26
531.79
455.44
549.24
183.79
202.12
287.82
395.63
513.66
320.39
764.87
522.25
180.5
273.36
258.46
739
277.2
707.5
2.17
761.29
651.02
401.9
61.14
490.28
158.54
106.1
399
363.08
582.92
257.09
460.02
580.4
754.15
492.85
722.82
175.06
715.93
548.52
762.47
655.12
772.91
34.82
254.72
372.43
742.87
223.41
387.68
311.87
500.11
702.5
507.09
604.56
344.71
456.18
40.64
376.8
254.71
773.28
141.14
666.66
5.25
114.88
192.3
144.67
255.15
702.15
581.44
697.67
381.05
702.9
398.15
637.01
477.07
580.46
158.67
686.85
32.16
666.7
495.32
432.58
698.76
411.9
350.29
175.76
619.49
718.16
214.72
5.15
125.09
685.7
265.68
529.9
84.52
128.98
292.52
255.77
120.98
336.65
661.65
390.13
769.53
524.09
102.11
314.41
612.99
70.97
350.49
534.15
79.49
648.56
53.64
547.57
294.35
48.82
211.89
19.24
502.01
535.67
574.43
333.04
349.4
219.47
630.31
76.72
254.71
383.76
353.39
696.68
764.17
641.81
508.16
648.51
191.7
480.68
705.64
550.16
581.43
195.04
262.76
295.66
143.51
608.45
336.64
692.44
446
55.42
716.86
367.37
201.7
742.98
275.76
409.62
526.65
706.25
421.03
382.17
247.48
314.98
771.08
780.97
283.62
503.77
411.04
259.24
93.81
20.42
638.84
393.8
397.47
630.47
131.14
503.5
21.69
518.04
791.78
293.73
567.48
98.02
506.83
395.64
687.6
736.74
354.59
371.12
344.28
239.84
189.85
247.02
136.07
538.72
715.68
204.63
400.13
701.31
78.9
31.77
771.8
574.08
686.27
16.31
532.93
499.07
278.04
771.25
481.02
178.45
539.41
782.62
72.81
634.52
293.3
185.54
728.33
20.36
539.56
70.42
783.75
82.24
724.36
219.36
221.74
30.48
465.82
436.43
375.64
300.5
489.61
701.9
108.49
508.22
181.58
610
220.75
192.11
82.27
401.86
359.25
327.87
562.82
628.36
432.21
1.22
721.45
434.81
429.85
702.21
72.44
0.22
390.25
109.65
35.37
336.34
307.34
229.99
405.66
294.11
354.46
153.79
152.26
400.93
791.83
482.09
619.41
749.23
212.73
728.36
113.45
667.02
480.01
581.29
42.82
359.14
587.82
50.14
783.67
550.98
278.58
771.91
7.68
567.76
200.39
66.45
536.42
90.05
166.16
375.3
424.15
771.61
785.85
427.06
715.21
702.17
499.24
672.19
36.72
456.95
339.88
267.56
722.42
799.01
253.48
587.72
12.87
532.43
608.91
123.79
101.54
576.44
434.19
393.88
744.78
405.38
374.74
768.64
763.16
48.67
270.93
774.65
565.16
418.12
589.32
503.5
416.86
636.74
699.8
660.04
180.23
546.84
129.64
434.35
673.87
721.88
193.37
548.16
676.98
578.73
364.46
26.72
570.16
448.33
60.21
36.09
533.89
394.88
380.5
148.57
90.48
708.82
126.8
199.25
188.62
236.65
584.3
179.75
779.79
598.38
278.67
171.8
44.01
705.34
166.07
211.92
244.77
31.82
511.32
475.73
397.69
121.08
521.16
686.92
200.17
167.78
298.86
7.39
193.67
248.34
326.66
357.4
669.81
257.33
650.67
109.8
235.95
188.5
60.54
442.4
265.21
573.87
501.3
119.47
91.14
163.17
135.88
269.19
619.32
717.16
607.35
586.67
142.91
122.34
162.67
50.97
365.64
273.78
20.45
416.16
175.03
705.48
366.06
76.89
268.51
302.54
320.51
19.92
554.41
338.01
56.34
507.24
136.05
56.63
427.96
223.93
568.69
98.45
613.63
113.8
547.28
88.46
216.12
13.48
536.53
8.72
182.3
195.13
6.49
785.2
491.9
681.29
415.42
284.71
27.99
12.95
261.97
398.1
332.1
693.31
171
523.77
328.06
188.28
292.15
644.21
736.39
86.01
409.24
583.37
550.56
425.17
243.13
450.08
566.68
675.29
611.04
174.66
231.99
467.49
603.85
441.93
360.42
552.23
253.81
638.66
158.23
760.35
706.17
367.35
629.52
236.84
506.14
378.27
551.25
639.46
465.93
421.98
623.42
61.57
372.77
641.88
387.22
678.83
684.31
625.45
327.89
697.43
317.72
49.73
721.12
202.26
751.7
574.98
163.64
356.34
346.56
228.23
658.51
643.62
633.35
148.24
164.59
123.25
611.43
777.61
137.9
583.64
621.11
506.51
563.1
183.76
54.2
140.55
540.64
346.32
355.66
704.53
226.92
362.44
766.97
318.42
237.41
314.52
374.82
423.84
137.09
491.94
448.33
723.8
595.99
693.06
568.42
186.1
357.7
613.99
32.58
18.02
391.31
134.52
725.48
447.67
416.15
464.42
355.68
791.68
14.82
239.13
64.63
460.04
44.25
187.7
616.04
501.1
702.16
607.21
576.19
795.06
326.54
347.27
416.19
560.07
250.38
372.89
141.92
550.05
611.67
771.98
436.19
54.41
630.51
59.02
690.09
716.12
716.36
733.29
615.38
518.74
640.49
602.14
768.96
493.76
36.9
82.11
330.22
83.49
478.13
4.99
352.02
71.39
588.76
477.37
408.01
395.18
185.08
115.59
715.88
681.88
536.25
74.1
335.03
757.36
186.59
677.9
556.39
595.22
356.37
209.58
666.38
565.65
555.34
268.17
295.23
184.74
368.94
198.7
678.78
114.42
361.6
431.74
131.09
633
630.09
491.52
170.14
386.98
212.88
404.38
118.16
687.72
626.28
123.54
325.06
235.93
599.21
100.43
19.78
725.61
242.48
562.36
632.71
757.09
165.13
436.69
155.55
166.44
56.22
272.56
438.5
199.34
416.67
571.85
704.64
781.07
247.97
678.13
45.95
64.91
641.58
357.27
458.41
4.35
702.12
763.08
296.26
496.86
710.3
762.52
97.24
518.62
577.64
316.37
441.49
716.79
364.6
434.26
691.61
442.88
769.18
689.14
235.38
750.72
666.94
53.63
684.93
257.28
715.19
275.81
522.08
198.74
37.31
281.81
19.8
462.1
379.02
355.28
287.35
58.35
555.25
547.17
33.49
104.82
392.93
570.79
263.25
531.02
456.25
514.39
683.38
469.14
362.25
573.22
622.69
407.35
71.42
27.29
443.75
585.84
209.8
543.73
674.02
41.41
197.72
589.28
268.71
17.63
534.04
194.02
134.32
17.06
206.02
695.06
336.74
124.2
20.17
328.1
514.3
332.2
403.41
170.14
40.43
131.82
352.06
3.65
506.13
454.58
781.72
33.75
397.48
431.13
244.41
651.4
437.66
33.68
340.3
663.45
738.59
129.41
711.39
43.25
429.26
68.27
408
741.7
727.49
481.4
631.94
196.29
447.62
656.26
536.57
440.98
567.78
121.9
314.86
759.79
136.51
281.24
399.93
26.91
445.3
116.25
256.59
509.75
519.72
334.7
114.69
287.42
355.4
145.55
323.17
328.86
133.72
693.77
475.65
262.72
193.49
528.16
681.63
548.92
577.19
174.51
778.66
110.98
642.98
123.95
535.97
273.62
188.41
544.38
103.62
504.74
641.02
556.18
734.92
85.42
100.67
15.58
739.08
269.76
656
526.12
567.51
144.53
87.67
557.75
604.98
369.68
205.26
685.96
693.96
191.84
236.2
518.83
391.28
105.38
295.38
165.14
221.74
441.63
616.12
570.41
377.18
630.73
207.07
563.9
242.33
708.5
375.22
395.87
733.78
652.76
247.59
615.56
72.33
90.85
121.64
699.62
54.62
757.95
333.69
368.13
225.35
407.19
524.1
595.35
152.78
457.39
16.07
113.06
611.88
134.93
180.8
405.21
655.62
593.47
102.76
424.29
105.61
442.92
460.82
308.47
164.24
732.36
60.64
418.68
160.56
534.02
57.21
186.04
511.49
626.42
174.43
771.18
583.02
488
464.21
556.48
224.04
716.16
51.84
142.2
622.52
37.88
242.68
95.39
202.19
278.39
404.72
794.47
373.15
179.1
562.42
746.35
731.94
123.73
796.25
223.58
11.16
782.94
133.99
650.98
494.04
232.86
732.5
534.97
307.14
44.87
797.42
574.71
430.85
343.32
234.62
621.15
501.69
417.13
236.21
469.4
616.07
144.46
565.79
537.98
718.78
458.55
106.88
773.09
183.48
636.15
764.87
516.29
252.93
566.35
676.75
56.13
795.22
537.71
550.7
607.49
335.22
779.62
666.28
730.6
443.06
325.14
170
107.5
149.88
349.22
798.33
418.11
349.8
210.11
726.07
271.13
372.85
762.19
320.19
173.93
784.91
639.91
189.68
127.95
698.33
779.74
197.02
99.61
589.69
549.4
349.47
787.63
654.51
514.04
328.29
409.63
338.13
509.64
52.15
646.25
357.22
94.99
765.75
171.47
14.31
690.62
768.89
720.59
582.51
457.6
453.55
272.06
286.45
677.48
150.66
429.7
187.53
256.94
56.5
191.72
164.04
381.14
670.98
89.69
669.24
118.18
419.18
335.79
700
620.07
405.57
78.15
84.79
249.21
371.93
725.06
560.85
703.22
653.85
606.3
277.51
531.9
659.14
38.55
636.45
762.93
522.79
557.46
538.69
613.87
744.25
399.91
160.39
565.22
750.63
375.32
493.79
460.82
284.01
508.34
98.94
358.36
611.71
650.19
598.49
283.33
538.7
426.14
394.6
452.41
428.55
236.96
30.82
53.05
508.32
694.78
344.45
799.93
420.4
119.26
276.58
777.05
349.26
193.25
562.87
502.3
99.47
143.52
796.26
403.73
204.69
451.36
161
235.12
159.52
509.66
31.44
657.64
344.12
264.64
175.69
188.31
788.95
453.6
454.07
607.73
171.44
684.34
287.6
793.28
420.32
184.39
20.58
269.14
306.94
204.24
493.46
230.46
467.79
69.14
474.86
20.46
742
289.14
151.65
535.97
648.57
414.69
781.17
22.12
287.22
541.7
428.29
474.47
715.82
663.78
780.02
412.74
574.48
545.01
137.34
795.62
21.04
257.85
670.52
642.3
587.07
464.82
99.44
79
27.96
288.53
656.48
433.81
242.49
93.81
157.03
727.21
56.7
80.91
681.56
695.39
149.26
306.72
491.3
597.12
530.14
442.87
286.78
523.92
275.13
732.38
292.18
392.86
464.29
445.05
759.87
652.22
681.66
510.57
401.14
314.81
698.98
339.69
196.08
670.27
21.48
562.78
444.43
306.25
228.05
0.19
793.2
632.59
188.01
63.96
753.44
104.06
491.54
320.37
79.12
591.58
709.19
517.51
100.4
323.84
469.78
563.76
406.92
374.88
13.71
637.62
249.57
319.01
173.54
663.15
212.37
298.58
399.61
75.12
559.2
614.6
453.8
121.06
351.84
382.82
750.63
5.8
54.18
401.57
151.19
796.1
595.07
160.86
562.23
203.2
722.49
98.96
174.99
109.21
279.86
160.78
338.19
435.26
431.76
533.41
355.4
31.49
443.03
566.78
318.31
717.7
586.73
456.47
658.74
512.87
123.73
15.81
715.29
68.12
450.53
740.72
797.45
185.95
674.33
365.08
124.24
620.67
683.87
516.84
44.22
358.12
442.45
347.27
300.68
158.25
175.14
639.42
116.09
250.7
785.92
663.48
417.81
120.14
373.14
474.95
230.42
362.58
190.07
7.34
43.84
429.25
148.69
675.73
465.54
761.43
171.82
27.13
744.55
254.5
339.82
241.66
80.46
361.64
12.39
608.55
675.66
409.35
430.97
310.64
74.64
353.91
528.46
782.72
539.24
762.16
795.61
504.1
109.11
605.72
163.18
253.88
390.01
782.96
53.84
291.59
438.97
383.91
730.93
792.63
753.81
7.57
540.61
272.06
195.64
333.07
199.68
731.42
690.46
138.19
119.72
483.75
651.27
69.15
602.45
177.91
761.47
611.85
432.22
737.15
224.23
636.1
339.29
494.6
288.21
115.13
31.53
786.6
688.13
745.13
208.15
169.95
453.34
679.95
522.13
521.96
352.89
489.8
365.41
529.21
266.37
434.62
604.63
442.71
287.47
556.34
764.43
767.21
482.35
760.92
367.79
139.41
268.96
20.77
1.07
662.54
380.24
139.1
781.82
351.19
725.78
396.71
189.54
462.82
407.23
305.13
355.4
559.67
622.46
60.97
644.04
425.78
67.83
27.23
294.12
107.98
30.88
235.46
650.59
305
380.68
395.8
5.94
471.71
388.64
294.73
575.96
98.17
418.36
259.15
49.73
73.93
379.44
603.61
679.03
759.61
760.18
617.19
571.67
583.7
169.35
783.34
296.91
172.67
160.84
141.33
355.22
11.41
734.82
380.78
721.35
280.76
127.2
305.45
365.54
424.58
530.79
489.13
306.86
315.28
316.81
622.09
119.51
651.78
756.62
418.24
739.76
695.78
717.61
687.17
642.13
130.43
320.9
117.37
623.95
405.7
178.15
249.48
622.26
521.31
442.93
74.17
213.23
495.08
49.57
764.71
279.66
631.42
597.5
50.09
560.43
629.84
387.54
317.41
316.75
755.5
15.96
333.87
273.74
510.08
414.51
427.43
178.72
796.13
499.04
558.71
52.17
299.29
69.29
405.79
400.29
2.83
382.76
728.78
150.64
538.55
612.9
700.05
639.7
578.18
244.35
603.34
168.16
624.27
703.46
67.98
334.57
67.3
67.84
589.53
711.74
99.35
708.54
441.85
390.22
196.07
199.54
102.07
272.1
455.03
650.44
612.5
273.44
277.44
51.72
352.02
240.9
197.45
694.32
615.93
399.07
474.09
597.22
737.34
293.64
52.41
105.88
518.96
531.9
559.12
74.06
263.09
311.72
249.41
561.77
711.58
654.97
674.51
635.46
382.42
240.39
103.38
60.62
261.45
427.19
169.41
269.25
492.96
215.48
167.84
21.83
301.19
546.86
313.42
64.17
506.29
596.14
14.05
414.36
165.91
563.79
493.22
126.44
151.18
342.43
492.98
724.7
347.03
628.63
97.07
674.29
697.99
143.37
242.37
756.65
697.09
512.45
581.38
432.63
743.51
230.61
16.76
634.98
623.26
133.35
547.63
449.71
517.59
92.73
417.98
489.51
138.7
792.09
738.07
105.78
721.09
310.03
640.65
200.68
498.16
756.78
136.37
711.24
522.14
403.7
615.64
7.96
644.33
195.98
291
615.95
186.03
176.77
686.16
544.85
331.81
396.31
779.84
54.57
315.64
691.33
33.76
467.02
431.21
498.84
140.44
695.43
267.79
3.32
77.19
236.39
151.24
13.31
216.51
105.92
66.54
226.37
120.14
681.83
31.42
18.4
597.73
409.09
732.04
226.84
793.43
437.99
717.66
464.85
539.49
161.16
67.04
537.51
265.46
576.67
706.19
278.41
253.67
175.75
107.95
472.7
80.09
117.22
100.34
421.03
771.68
8.27
592.53
131.3
681.88
350.36
358.39
458.34
508.21
756.36
648.8
494.22
131.52
362.91
361.6
449.38
253.11
482.43
469.14
490.7
400.92
179.3
369.46
602.3
478.38
242.54
386.56
414.36
503.36
486.17
622.54
788.64
400.08
621.24
69.16
179.81
446.14
34.49
150.07
544.14
791.78
657.58
699.33
511.93
347.51
783.4
554.4
529.49
195.22
552.21
147.02
655.7
552.55
304.52
686.94
136.57
574.99
737.41
63.83
495.31
185.45
114.12
490.19
237.36
284.2
280.52
319.92
137.46
690.79
482.76
385.22
689.9
460.29
716.16
499.9
717.07
624.2
743.8
413.78
363.55
198.83
334.92
350.2
490.06
228.07
792.18
790.16
757.91
452.08
605.79
23.41
338.64
257.8
765.96
706.61
487.07
315.83
502.32
781.69
532.89
633.79
487.77
5.35
740.67
251.63
655.41
60.78
671.9
501.8
545.04
780.88
697.9
333.68
650.72
6
178.75
64.03
770.97
190.24
152.28
578.44
391.98
31.96
788.56
78.84
284.79
612.97
681.1
247.81
614.58
264.35
737.78
330.1
39.02
586.62
21.2
284.04
637.52
429.11
166.29
647.64
168.4
38.04
48.82
166.41
733.62
191.08
631.63
790.37
402.63
362.03
571.63
508.94
394.86
361.34
449.32
106.66
270.52
336.84
666.14
469.9
145
518.42
411.65
292.97
293.77
295.56
706.04
543.82
409.63
33.71
775.11
681.9
401.63
653.99
452.58
366.35
463.14
231.48
11.98
380.73
198.69
341.59
774.37
624.8
379.97
112.02
670.6
215.2
500.8
188.96
6.72
500.48
4.5
798.53
148.47
66.34
382.16
309.07
482.52
792.99
692.56
305.98
441.03
29.74
407.43
794.61
383.7
333.9
29.75
597.43
225.67
343.43
769.47
136.41
799.6
712.99
633.49
321.19
628.9
340.36
134.17
743.51
613.07
353.73
41.88
497.71
531.23
528.33
214.24
356
254.44
24.21
519.21
305.09
96.03
712.23
692.93
478.84
684.47
281.95
12.7
308.27
133.85
14.89
80.36
747.15
507.16
257.66
732.95
195.63
471.85
493.68
28.35
385.26
132.23
183.56
706.99
628.29
400.38
405.18
398.1
710.85
349.36
444.9
510.11
614.47
0.79
217.11
551.48
70.97
396.04
459.18
213.04
497.74
470.97
349.15
335.98
145.34
395.15
786.62
306.57
308.42
720.38
487.04
245.44
757.07
448.83
65.73
232.23
281.1
659.47
83.89
648.11
547.41
557.01
519.75
725.45
471.22
220.36
191.71
479.07
270.84
411.62
339.35
495.86
620.28
763.24
337.04
559.59
12.69
215.43
471.84
477.69
751.26
360.1
378.26
5.87
297.08
106.62
102.03
327.79
365.2
12.83
704.22
706.76
333.84
459.47
123.44
764.93
217.46
646.28
166.39
720.59
355.62
729.46
17.22
438.49
455.85
351.58
666.74
284.45
253.18
32.75
475.16
508.42
525.86
37.33
206.07
764.15
797.82
667.95
607.83
546.34
473.17
7.88
139.18
534.91
552.4
355.42
369.29
247.25
21.85
575.02
749.78
422.31
44.86
752.82
273.1
615.56
128.67
415.47
559.69
420.59
437.85
252.57
354.02
24.71
81.96
53.48
542.34
284.55
332.89
747.78
558.19
82.77
13.82
469.08
602.49
488.41
201.24
321.82
336.63
761.74
74.8
249.64
433.95
207.76
34.14
185.35
138.3
107.83
420.15
349.23
130.16
430.47
698.37
65.87
464.39
124.9
683.83
513.89
249.67
546.64
116.55
455.05
640.83
37.9
608.81
460.9
598.49
98.68
787.8
446.25
674.32
505.18
442.31
652.67
686.34
214.56
80.76
314.85
710.51
669.17
44.79
575.07
330.95
529.72
51.06
578.99
506.72
662.45
100.9
350.27
500.63
166.09
518.64
207.6
455.02
418.26
10.89
740.41
63.93
549.89
626.12
682.8
21.15
604.97
52.99
296.3
454.24
363.71
324.38
755.47
81.01
208.01
269.84
135.73
433.31
418.97
472.06
395.53
279.91
53.01
752.23
621.63
758.38
419.62
11.25
278.44
60
339.01
794.94
478.02
341.65
113.43
798.45
152.79
366.42
177.02
426.36
292.53
614.05
120.99
110.68
513.17
571.17
592.18
468.19
327.88
665.93
40.99
633.54
148.59
61.37
310.59
503.76
286.88
759.03
488.66
173.5
176.36
480.49
773.25
244.22
183.47
637.08
27.52
60.6
286.08
686.75
175.84
180.36
270.43
738.62
699.75
534.76
69.37
709.24
583.79
494.9
299.23
674.17
400.87
581.45
468.29
732.9
699.15
289.34
527.71
481.38
61.31
775.27
174.51
309.86
397.77
440.76
263.78
162.37
635.09
620.12
549.79
497.03
608.06
730.47
359.11
356.99
525.57
543.01
90.36
459.11
432.26
16.94
45.19
122.22
72.31
362.65
488.37
252.2
145.59
526.51
340.75
202.35
120.34
440.89
407.92
600.81
677.92
437.65
82.4
164.49
592.54
724.51
626.44
653.74
208.28
332.57
291.22
531.52
578.29
605.51
308.86
12.9
477.69
64.41
235.23
306.98
293.4
107.14
175.75
691.37
156.77
403.28
345.12
45.48
47.08
787.91
430.86
193.39
175.24
744.93
264.58
94.61
122.1
373.66
794.85
375.71
762.39
316.59
15.83
124.46
450.25
783.13
35.12
418.76
712.34
95.94
396.42
771.15
506.7
128.05
304.69
660.46
42.38
782.54
243.53
450.97
326.75
266.37
653.05
603.42
134.03
146.82
260.49
528.59
663.73
143.89
21.93
704.85
364.2
797.07
530.93
363.92
455.25
438.99
289.13
283.37
529.91
750.2
223.03
638.09
269.99
81.09
125.9
260.37
381.94
215.76
445.93
785.69
275.4
248.5
745.64
200.43
631.55
708.14
302.67
115.77
762.67
151.66
347.4
525.88
250.82
482.02
576.04
40.75
668.48
573.03
536.52
223.27
286.18
485.33
701.21
717.89
752.24
616.37
798.5
512.81
750.66
556.87
136.89
173.66
605.94
63.1
427.46
133.63
750.9
607.04
569.96
326.2
394.26
783.79
431.11
375.32
324.73
132.18
31.28
792.61
446.83
123.39
577.35
611.27
67.37
528.9
0.54
696.8
354.86
110.68
738.4
373.08
752.39
765.25
483.56
316.5
122.91
775.12
364.96
306.97
405.33
107.67
613.05
180.52
217.31
743.28
776.34
209.22
743.8
758.48
325.83
345.62
334.51
425.88
424.26
591.89
589.8
60.83
446.58
287.07
539.58
534.73
440.88
771.25
484.38
265.34
516.82
187.63
578.39
78.41
478.3
166.69
724.05
728.99
401.34
377
591.23
791.34
489.33
223.76
566.65
330.75
580.12
38.35
473.74
365.02
155.16
227.69
659.49
631.7
520.1
468.87
793.93
27.31
296.26
589.53
472.45
130.57
573.9
707.45
694.23
436.31
498.76
273.06
686.28
393.97
535.25
278.46
786.8
760.74
530.54
491.19
244.85
720.85
538.01
128.28
553.52
677.03
687.59
375.13
183.57
515.29
668.82
767.55
79.88
81.46
445.01
456.73
374.57
400.28
177.98
694.44
110.35
770.7
70.44
68.49
494.51
605.7
691.43
791.11
792.18
516.02
295.86
54.29
590.49
512.96
613.06
446.98
601.32
513.25
460.16
318.47
134.62
263.84
408.48
728.86
8.11
21.38
506.04
178.32
137.42
657.73
58.97
631.92
759.61
211.83
538.55
477.45
789.78
688.81
49.87
167.39
310.08
173.51
347.05
99.82
108.62
389.05
3.1
168.63
125.54
737.2
95.84
96.27
424.5
530.33
523.3
750.84
496.07
273.19
720.62
0.35
124.43
456.75
93.27
630.53
578.42
777.19
62.53
525.13
173.7
377.49
427.66
284.39
445.79
747.15
267.93
453.88
239.22
325.48
65.68
7.57
196.05
504.18
283.75
622.21
509.85
123.25
140.2
65.43
713.1
767.33
286.5
731.85
688.23
16.34
583.02
155.41
640.4
20.44
586.86
318.27
420.13
230.13
513.38
459.9
198.09
691.73
475.47
184.23
249.42
616.57
138.17
265.22
115.16
500.85
294.28
170
359.7
420.8
442.42
578.74
507.02
111.52
467.41
691.91
719.77
709.64
137.86
107.99
507.7
260.96
672.87
417.96
120.53
555.7
353.73
262.95
260.85
691.08
96.32
19.64
572.61
448.36
556.31
756.37
556.8
494.56
184.97
203.7
247.68
548.9
95.29
407.36
497.37
724.84
690.9
443.05
177.41
530.76
732.21
325.47
580.06
344.78
175.13
74.4
693.6
458.21
728.67
282.5
587.56
327.81
652.36
437.09
664.79
698.19
39.08
581.28
671.12
273.23
456.77
384.79
632.84
548.85
275.01
554.23
468.76
636.63
556.89
629.76
544.73
348.59
340.08
96.02
587.39
39.06
345.5
527.28
748.72
153.47
421.52
333.61
15.72
520.96
420.09
324.54
583.51
717.84
169.37
482.47
101.21
417.72
641.17
24.62
62.97
615.17
283.56
494.37
637.12
529.95
27.43
641.48
300.6
478.08
71.21
196.72
547.75
417.81
206.35
198.47
777.59
744.02
625.14
699.34
165.06
288.5
746.62
527.18
352.07
376.52
181.98
49.02
731.36
187.03
236.11
331.49
690.98
639.28
414.3
349.97
748.38
254.96
554.36
85.77
789.14
165.51
40.82
703.13
218.2
354.13
620.87
387.94
604.57
143.39
682.85
154.48
432.7
31.09
50.81
727.27
500.99
163.33
373.12
230.8
362.2
475.34
206.66
689.96
676.05
525.09
381.73
520.71
120.93
571.55
629.5
176.43
67.24
795.3
43.8
267.47
335.82
702.19
236.12
346.06
17.42
238.38
620.26
790.14
52.93
733.19
302.87
681.32
706.09
132.18
797.77
86.01
385.52
169.2
654.12
529.08
213.91
287.86
186.13
35.62
253.51
25.33
118.59
297.91
244.85
9.58
277.2
113.12
11.41
659.31
492.82
455.19
111.95
765.56
505.16
239.43
283.66
364.22
119.55
180.72
4.95
289.98
167.74
181.05
245.07
190.61
493.15
542.72
19.63
118.51
230.61
373.5
300.34
625.4
293.28
207.07
542.79
716.06
351.79
506.29
384.29
395.98
736.52
426.17
127.91
403.24
37.21
325.85
708.27
781.48
714.72
471.77
794.16
117.69
661.96
794.77
599.03
375.8
680.27
114.62
781.38
510.62
478.13
381.29
132.15
255.21
760.81
740.06
613.87
243.25
140.18
477.62
290.67
474.83
772.16
240.59
615.78
541.24
95.36
313.43
601.09
720.33
533.7
63.54
292.85
656.92
606.29
345.89
231.55
327.33
693.94
561.82
325.07
154.42
172.56
312.91
233.83
623.45
127.22
264.9
458.37
4.77
175.17
80.32
474.32
386.82
28.79
777.48
264.48
110.25
255.27
33.25
218.96
782.24
757.96
547.83
461.02
794.76
389.47
443.27
221.31
416.55
416.84
637.12
81.8
490.12
262.47
203.44
495.38
158.43
334.02
146.82
364.73
492.58
722.17
205.39
98.2
469.25
313.62
288.84
559.63
561.45
273.92
262.94
369.62
60.46
369.34
733.11
272.21
751.55
81.66
256.6
150.96
154.73
602.08
524.33
331.23
233.73
504.55
355.93
790.01
82.87
170.82
14.29
244.67
89.56
493.61
98.77
581.05
483.12
30.09
322.37
305.49
677.39
667.12
769.77
197.58
237.5
548.22
270.92
252.3
210.47
199.97
636.13
488.23
736.57
562.06
49.6
780.69
560.08
413.04
611.83
436.74
654.64
565.51
649.09
92.25
444.2
680.9
686
489.09
213.57
590.6
246.58
244.93
301.97
571.23
215.97
399.78
266.67
677.89
279.14
128.58
754.9
11.84
381.12
127.59
500.48
722.06
283.27
41.79
578.72
337.68
338.69
28.61
96.24
425.24
774.5
355.04
538.78
798.64
416.73
216.05
44.68
727
674.39
709.2
482.74
490.82
177.82
87.06
6.93
108.45
193.02
615.65
102.25
5.85
646.27
633.05
550.31
52.15
407.16
368.01
670.41
640.06
525.02
77.06
559.17
95.88
9.59
266.77
524.22
375.11
312.52
607.93
341.72
143.02
411.82
267.52
257.68
177.13
272.72
448.72
336.92
438.68
296.01
540.22
464.99
499.52
227.21
45.44
216.94
187.2
539.42
279.66
770.71
77.84
592.78
2.17
378.37
569.05
418.44
372.23
454.64
83.69
322.46
741.36
788.22
697.77
169.61
497.62
792.18
692.59
44.7
346.2
32.43
753.74
742.89
453.18
45.25
580
30.77
749.05
293.88
438.71
354.58
403.24
455.87
546.92
737.09
91.93
424.82
310.75
519.52
693.76
276.49
151.77
134.5
79.55
33.5
423.4
578.12
615.7
423.39
401.74
754.33
728.03
567.17
547.09
305.83
657.02
520.55
309.39
699.05
713.86
508.51
752.96
574.22
392.15
646.09
409.01
536.43
107.46
748.46
405.77
223.48
194.37
728.94
530.55
298.7
68.55
20.6
726.22
581.86
153.45
569.66
705.79
190.84
519.73
659.16
554.11
190.69
46.33
640.45
183.22
323.97
685.17
334.71
641.58
280.25
96.17
21.02
534.81
225.35
436.32
582.37
564.04
629.69
133.4
775.18
378.67
593.52
184.86
101.5
256.85
466.6
486.77
303.01
212.01
389.39
236.17
593.14
780.54
87.1
261.62
272.12
417.29
700.04
351.36
70.87
482.59
351.32
28.89
86.05
191.33
221.13
439.34
470.59
150.37
94.83
725.97
78.81
393.07
458.43
724.14
600.97
73.19
307.32
330.6
365.43
525.24
406.5
609.92
357.29
350.25
487.65
316.81
422.98
254.26
394.95
641.22
264.58
553.03
148.6
302.56
556.76
18.99
109.86
370.44
276.25
249.77
627.01
288.54
344.12
759.59
398.21
471.7
383.09
542.48
539.68
359.83
768.21
422.84
358.4
388.34
521.86
562.62
534.54
288.96
236.77
222.22
29.29
59.63
397.43
392.7
321.25
534.91
447.02
286.11
73.03
77.93
466.79
525.81
74.83
489.58
775.55
353.35
402.09
498.03
686.53
248.95
616.13
174.24
325.06
329.24
6.22
749.2
197.91
668.33
474.37
573.46
622.86
486.04
621.91
504.95
611.09
284.06
43.59
92.66
647.17
622.01
510.54
390.62
1.59
35.81
628.54
175.74
414.25
187.31
629.19
219.25
251.39
382.01
236.97
169.62
671.45
682.77
108.39
93.4
335.53
463.14
798.11
57.74
605.59
223.25
483.86
364.44
726
454.9
541.75
168.67
637.14
618.93
37.08
639.74
328.22
2.83
440.07
374.36
224.01
591.69
320.58
185.12
39.04
451.58
797.48
97.07
415.31
126.23
356.7
68.48
154.16
101.78
307.03
310.59
378.61
202.86
551.57
4.36
95.2
148.31
322.5
743.92
631.41
667.34
274.51
529.72
759.85
360.01
238.05
796.34
551.32
530.28
87.33
707.56
607.12
647.64
432.85
662.51
344.49
229.53
427.66
358.67
261.84
542.89
614.96
758.93
595.69
471.39
698.4
514.05
145.61
585.32
782.54
484.91
519.5
640.06
432.64
681.66
463.66
661.58
104.04
399.8
51.06
557.31
717.38
653.37
723.22
661.97
249.69
247.25
7.5
85.23
292.43
430.05
138.59
768.16
481.43
330.53
685.5
331.47
480.62
48.36
272.32
10.8
382.41
698.16
199.16
131.28
621.83
236.5
388.78
131.74
629.59
22.77
291.4
90.82
745.16
708.32
555.31
670.59
351.6
413.1
338.31
10.75
382.23
457.2
24.27
442.02
629.93
553.28
116.59
568.87
616.77
41.53
214.55
754.4
19.26
740.87
694.9
686.58
489.02
2.79
452.35
102.4
256.61
247.46
541.63
44.38
67.41
212.34
201.25
222.74
678.98
301.16
260.55
706.97
439.82
717.97
36.28
519.11
728.53
193.98
450.87
252.13
197.65
103
664.62
30.34
415.1
453.85
80.73
333.25
161.44
746.63
86.69
124.84
402.31
252.53
25.79
271.18
779.86
468.52
233.12
699.46
53.48
570.15
31.21
663.43
215.48
773.4
592.59
230.49
691.77
513.48
87.76
280.89
404.49
718.88
668.09
722.71
335.74
500.75
199.77
272.49
798.22
678.3
420.25
417.25
542.38
597.75
381.08
49.64
259.8
499.85
419.19
578.9
473.08
648.51
498.65
756.63
405.53
220.26
467
409.6
224.24
777.7
430.89
16.88
672.85
656.95
685.44
609.87
631
567.98
445.58
752.35
676.57
546.68
628.43
565.46
130.1
788.51
738.79
573.12
138.5
781.6
430.32
464.73
456.79
225.65
493.97
289.76
549.24
431.26
546.27
103.83
8.45
42.07
672.18
408.88
291.74
198.37
155.3
741.67
655.93
24.36
232.32
51.83
724.21
146.9
120.82
116.41
434.94
66.61
47.66
266.61
82.6
270.06
604.03
505.71
500.22
351.47
277.82
232.13
208.16
113.6
193.25
282.51
154.79
574.62
738.66
184.74
457.44
234.6
475.54
353.44
723.72
403.52
512.4
790.34
226.6
781.65
272.41
186.02
735.39
381.28
468.29
679.45
498.54
758.15
229.06
382.4
261.06
385.12
204.91
82.64
784.11
260.65
332.76
515.64
250.44
633.49
75.79
107.42
324.59
89.08
179.24
345.97
313.53
458.12
704.89
410.74
359.58
670.6
324.05
749.27
708.44
191.1
136.93
222.22
85.98
665.89
329.2
586.69
688.38
771.92
282.03
45.61
691.72
364.34
524.84
489.88
2.72
279.49
146.18
345.37
750.48
472.46
570
414.75
385.9
596.86
703.72
524.94
790.4
367.76
755.06
126.16
799
339.52
683.08
282.17
305.2
706.13
623.66
318.14
712.27
603.85
658.95
17.22
372.2
168.41
306.25
211.08
43.01
34.75
235
268.91
397.49
552.88
56.41
383.38
448.16
734.77
641.01
385.65
109.71
607.43
517.76
490.34
598.59
179.23
92.68
747.6
146.73
416.48
195.23
167.56
177.2
640.42
793.02
613.45
270.82
31.6
585.17
597.16
21.66
592.85
735.55
464.2
621.83
356.27
706.37
669.51
111.15
157.78
545.27
753.64
463.07
159.91
572.62
175.82
668.47
732.24
373.89
137.62
657.6
281.42
613.15
522.56
659.49
192.89
545.44
123.09
56.19
747.46
229.29
29.69
294.06
409.85
624.17
149.43
678.89
742.31
111.8
496.85
26.35
268.86
240.39
436.13
125.18
403.84
268.34
83.87
524.82
624.59
294.22
164.58
658.46
133.98
662.57
589.99
583.79
620.51
278.24
36.26
708.09
165.62
130.16
408.67
286.64
265.14
775.44
703.89
394.85
251.18
403.26
427.62
663.78
344.57
15.57
232.65
157
161.81
727.99
90.94
760.99
109.69
424.14
732.93
777.29
67.21
149.29
509.63
115.48
490.17
426.47
261.92
91.28
596.86
456.03
707.93
622.08
625.2
143.82
102.99
316.45
714.67
156.75
478.93
19.52
685.43
260.76
621.29
412.23
614.91
532.76
386.71
132.86
566.23
540.02
750.74
406.17
627.75
494.84
53.27
155.61
415.35
108.84
43.96
175.28
776.9
724.56
332.39
57.05
433.56
475.46
650.14
623.66
217.75
617.59
368.18
265.85
692.78
643.62
301.13
163.14
111.38
521.9
104.08
40.08
431.73
636.75
657.75
519.53
157.54
546.01
701.43
1.42
70.07
209.99
667.36
396.77
508.4
419.45
213.85
588.27
308.05
602.25
695.27
440.85
251.6
567.2
104.46
488.31
555.81
536.01
110.72
675.99
639.8
635.06
396.67
365.93
741.15
500.13
16.38
512.62
560.09
171.06
774.29
513.55
176.55
414.54
431.49
502.05
755.06
563.96
547.61
759.82
376.67
774.96
705.82
769.2
547.64
708.52
681.97
299.51
163.41
634.91
95.37
749.81
512.16
741.34
609.88
776.76
355.31
775.11
531.47
318.62
423.34
727.26
70.1
430.77
407.67
56.37
473.07
105.97
224.1
111.4
50.13
594.14
9.66
247.07
275.97
311.41
178.21
614.44
606.5
430.86
195.64
387.32
77.84
109.21
626.59
26.23
520.02
206.68
590.72
745.55
343.81
315.35
561.89
755.3
722.02
73.77
83.44
16.32
28.83
42.66
420.53
683.26
621.88
436.13
13.69
496.39
366.41
657.96
540.56
452.46
705.72
423.55
260.48
145.05
21.01
35.54
491.88
445.41
15.67
697.21
588.44
70.3
152.4
545.4
197.5
564.2
110.15
51.39
464.48
104
370.75
4.58
717.08
255.13
514.29
623.98
744.15
763.41
535.31
642.85
785.05
170.73
56.4
187.88
484.09
494.85
208.69
576.24
159.96
787.79
403.98
26.53
733.3
129.23
660.82
132.99
489.31
619.64
37.15
731.15
658.07
299.31
483.18
557.58
703.57
58.43
150.29
69.44
156.71
418.25
647
83.74
280.87
378.04
216.67
741.1
26.55
781.22
437.41
631.7
394.44
51.94
679.66
758.55
526.19
730.79
296.97
560.29
37.61
341.48
602.89
794.21
459.91
361.8
649.42
364.3
12.88
266.31
88.48
784.46
132.4
209.93
383.52
436.07
339.68
794.02
495.48
179.29
11.87
390.29
797.26
540.54
514.03
792.03
583.53
175.75
401.62
416.16
12.23
30.38
3.9
778.08
118.83
190.27
267.28
203.03
517.17
531.6
262.82
96.96
53.19
766.17
748.68
53.23
224.77
388.27
540.91
240.02
797.92
480.81
187.4
42.38
688.93
211.65
473.7
704.73
414.43
73.11
764.66
189.9
494.72
411
198.07
764.44
415.15
428.64
22.16
525.48
547.77
382.1
486.21
503.28
491.75
382.33
78.26
53.59
52.07
111.86
640.99
471.43
81.98
226.72
717.74
780.7
39.61
548.48
693.83
740.52
223.98
412.67
508.79
319.82
174.61
706.53
334.71
92.9
198.62
764.75
699.19
330.62
494.25
319.76
439.83
356.77
417.44
217.99
775.4
127.84
558.58
707.25
254.57
196.48
423.64
783.42
644.25
114.42
223.58
546.76
677.85
566.06
259.97
60.14
20.36
13.91
396.16
445.68
315.91
717
584.83
414.22
471.23
740.73
661.89
602.1
301.62
795.4
415.18
783.83
35.99
701.96
290.43
200.32
339.69
154.81
390.32
43.17
145.56
762.62
128.76
325.17
372.7
719.5
159.52
140.19
541.42
63.82
744.8
317.57
433.36
411.27
441.82
60.62
65.31
528.05
202.2
723.33
234.8
313.48
284
46.37
296.43
645.55
748.91
268.52
734.18
122.96
100.27
70.72
455.26
344.34
699.33
251.32
789.75
147.15
700.55
646.32
679.64
153.63
751.8
282.93
31.2
595.3
508.83
241.19
87.58
383.71
634.87
632.94
189.37
399.53
539.71
720.98
696.62
368.81
277.53
786.11
329.48
783.07
786.61
610.19
189.76
431.51
390.63
146.13
79.93
510.4
80.17
148.72
558.06
365.15
320.82
723.51
143.85
579.36
84.14
520.64
309.07
387.24
249.45
301.58
772.3
440.59
610.18
518.03
413.45
648.12
456.72
263.61
20.39
444.86
52.22
708.65
533.01
515.3
686.51
444.36
464.16
36.01
140.79
464.14
154.91
204.7
394.42
444.58
225.49
253.01
483.2
497.36
456.12
3.47
515.64
75.87
796.3
674.49
214.87
574.71
629.34
596.88
460.2
772.79
30.54
194.36
381.35
525.77
371.68
201.56
108.4
567.2
730.54
478.78
183.14
279.93
287.33
40.78
616.34
325.79
346.19
692.63
582.49
598.23
794.34
157.26
629.48
379.94
207.45
316.52
455.12
380.54
510.04
33.59
243.51
370.36
787.46
2.56
186.07
444.37
670.3
516.76
397.71
207.76
317.83
187.11
648.71
661.88
92.94
90.68
473.4
398.82
741.11
732.83
48.89
651.22
495.7
496.73
64.4
79.84
337.63
305.64
69.94
244
382.48
598.64
70.53
536.16
102.75
55.83
6.84
245.88
358.12
770.63
711.45
420.12
100.53
70.88
178.51
726.35
703.79
570.69
713.37
255
176.02
68.03
747.57
444.22
791.45
552.64
177.89
261.89
243.15
254.56
717.81
359.7
443.11
305.72
486.56
506.89
337.27
660.71
549.4
64.97
123.61
750.04
709.76
622.75
76.76
570.65
352.39
186.11
578.78
373.14
754.18
262.92
35.04
561.66
517.64
625.51
253.42
601.01
217.6
746.27
291.05
173.09
605.24
245.51
129.41
339.73
390.34
362.77
771.4
107.12
63.21
15.71
361.55
98.77
538.78
542.23
272.69
466.57
380.99
358.94
346.68
444.94
675.3
208.53
483.9
607.23
573.51
784.08
153.29
385.41
265.87
186.65
571.61
306.8
610.68
446.49
771.72
713.92
5.74
195.55
539.82
575.33
738.2
695.92
261.27
423.11
680.25
623.91
264.62
376.66
92.93
40.38
104.26
27.99
504.47
60.21
718.77
462.46
536.05
499.86
209.52
538.56
481.53
385.68
415.9
161.5
541.67
3.09
44.43
62.48
437.26
15.01
490.77
615.64
83.35
743.7
749.12
70.48
718.1
607.96
657.47
405.36
578.83
231.09
287.88
581.65
439.29
60.51
4.85
758.73
48.63
160.49
17
288.21
220.43
500.08
234.51
705.47
428.31
174.57
138.39
593.15
792.36
357.39
348.3
4.57
679.65
185.22
335.51
299.58
322.93
365.16
423.18
242.69
5.71
525.48
534.4
683.85
724.99
617.71
435.36
699.34
303.32
30.16
289.81
751.64
588.67
362.89
732.87
38.02
529.23
506.2
157.19
34.23
576.62
55.99
707.96
472.73
200.05
384.68
127.92
377.13
737.76
296.16
407.15
600.51
126.06
243.09
643.04
701.65
568.88
289.43
12.58
115.06
93.23
630.07
52.76
127.52
68.32
384.49
545.26
257.8
138.21
549.6
185.41
210.23
300.45
608.35
648.64
310
757.66
640.72
603.62
698.73
272.76
278.27
316.54
192.88
422.57
577.35
337.06
29.7
695.22
412.14
466.59
415.1
74.83
762.12
121.35
562.03
530.78
636.42
305.38
299.29
581.17
66.49
658.52
756.03
549.99
407.26
174.42
297.01
76.01
169.91
467.16
207.58
544.16
155.16
139.49
474.11
476.65
155.75
662.59
107.89
130.64
776.09
490.43
78.28
297.09
365.18
403.16
258.36
770.25
318.16
387.03
295.49
746.67
27.27
565.11
603.89
379.59
730.63
666.46
464.02
543.07
593.13
645.56
106.77
769.69
419.97
69.52
30.9
362.92
554.21
22.02
323.95
745.67
490.26
30.88
561.21
536.02
558.35
243.57
215.4
763.35
563.59
384.2
136.55
430.21
571.47
67.98
248.1
567.89
379.42
526.78
351.58
730.63
270.52
239.86
96.2
612.34
314.35
604.7
225.89
286.01
212.06
163.4
516.02
389.48
795.84
600.66
106.97
199.16
470.46
621.4
120.89
472.41
448.28
743.26
357.13
716.33
376.63
94.28
237.06
447.89
402.81
205.05
336.78
391.39
391.74
583.94
532.18
1.83
750.43
760.47
539.75
712.52
198.39
503.72
486.59
320.56
74.31
57.54
355.32
577.69
642.76
534.68
111.93
47.04
779.37
399.22
215.41
155.01
407.26
152.79
458.91
221.88
278.88
368.44
500.68
639.37
10.4
649.19
664.32
721.32
705.87
412.73
486.78
89.44
496.39
30.01
52.28
777.89
6.76
139.58
598.84
734.25
178.61
616.19
96.78
376.82
410.58
767.96
534.23
106.66
741.74
119.01
351.92
471.53
425.46
296.47
117.58
581.79
482.45
419.49
50.1
523.39
509.42
482.02
546.5
369.64
282.53
641.93
635.65
109.25
344.68
687.76
7.54
147.45
461.16
57.96
89.1
296.32
456.29
603.24
262.65
167.17
741.73
473.27
428.46
413.3
484.71
671.72
219.53
630.55
447.76
121.42
591.76
277.08
601.4
496.57
33.07
614.51
776.51
77.9
278.81
712.53
10.16
384.09
175.19
459.18
617.22
252.55
593.05
14.17
232.52
541.9
591.82
709.39
312.28
533.66
586.06
234.8
624.22
726.56
125.97
374.47
548.26
460.22
382.96
234.47
161.57
359.88
360.03
397.17
231.29
407.53
378.84
362.74
59.3
480.72
747.94
263.2
644.85
577.95
142.2
427.49
607.86
210.58
793.85
744.5
598.08
505.06
244.84
190.43
727.54
677.06
700.37
763.72
102.83
298.26
344.21
222.78
609.71
283.95
582.23
239.15
399.49
435.11
299.76
428.22
677.36
84.37
135.12
712.26
106.77
625.61
14.36
478.66
470.83
350.01
469.24
559.68
422.49
591.61
573.48
661.08
537.05
759.89
747.18
228.73
763.77
529.22
735.6
135.31
617.48
633.89
267.81
616.89
496.26
30.29
529.6
667.79
72.15
671.97
279.22
263.07
149.05
780.87
666.47
68.67
449.53
149.15
294.05
75.05
87.64
68.54
615.83
659.04
52.09
161.75
220.45
89.35
280.38
251.97
562.06
617.32
292.61
728.88
524.07
256.44
259.61
799.91
169.04
274.67
575.28
712.88
114.79
267
30.51
250.3
593.71
559.4
529.75
199.92
215.2
700.29
522.86
565.89
761.56
568.86
224.97
298.08
332.92
186.33
202.38
697.59
151.67
369.23
402.08
783.22
685.76
584.39
150.11
52.37
288.71
337.23
477.57
14.09
393.86
703.99
207.6
778.56
116.05
573.81
20.72
349.67
798.5
532.4
107.32
357.48
145.37
266.6
663.61
452.71
629.8
513.17
471.62
13.64
416.87
675.4
541.22
456.93
0
417.83
412.01
714.22
617.16
684.47
97.79
649.29
324.44
770.9
242.6
633.59
24.68
537.1
605.55
279.95
595.89
352.74
131.29
185.44
421.86
50.11
27.83
226.67
217.11
372.57
297.93
223.19
400.48
612.04
633.34
320.21
315.3
297.54
753.31
293.48
106.08
135.65
65.78
258.5
734.95
702.17
338.9
149.97
248.67
717.11
680.84
730.98
90.37
252.67
625.14
97.24
84.32
154.08
467.63
600.66
519.73
478.51
194.55
196.87
609.93
624.17
302.08
637.3
576.77
407.44
515.77
265.74
350.47
336.24
353.89
776.99
580.01
544.38
607.49
197.65
166.36
563.04
788.58
627.67
309.48
511.72
568.96
418.04
300.31
234.47
659.8
660.88
780.15
239.41
441.71
290.19
467.62
48.77
386.26
268.62
141.4
670.68
666.69
577.01
541.29
483.27
215.83
79.62
472.61
60.41
441.16
597.5
453.44
236.43
348.86
257.5
553.14
376.4
415.19
360.06
683.67
189.31
767.14
131.12
463.18
777.43
745.32
398.72
289.48
741.25
586.45
519.56
219.12
687.42
561.07
575.07
435.97
633.97
486.21
91.99
705.99
248.44
280.53
165.59
93.72
685.92
87.12
85.43
520.09
215.73
551.85
289.62
561.97
620.27
115.99
253.84
251.16
377.64
594.49
20.01
725.76
554.73
176.57
769.7
127.54
735.81
652.2
68.83
660.84
296.75
245.56
707.51
790.78
702.08
540
766.57
311.1
48.41
499.87
509.31
248.76
631.67
458.06
117.5
234.46
628.21
694.81
281.08
127.73
216.36
144.25
353.7
302.97
768.99
273.2
763.74
635.22
597.32
302.65
445.02
25.76
327.75
401.76
52.48
289.56
49.41
578.53
150.2
500.49
419.7
554.55
604.07
224.27
717.35
38.42
612.77
224.81
670.21
571.57
80.79
89.18
240.92
620.1
696.14
698.03
799.93
49.18
629.9
610.2
656.86
469.49
683.23
542.27
524.49
373.78
738.92
55.97
639.42
653.06
122.09
5.13
799.37
238.83
345.89
528.28
349.46
770.94
250.03
674.28
653.86
616.1
725.23
316.49
140.96
511.69
566.69
687.26
61.5
783.68
658.02
106.83
554.42
784.05
185.57
419.37
653.91
65.67
337.14
141.7
174.62
741.6
447.15
751.5
321.32
708.96
672.15
331.5
433.91
268.93
739.1
423.92
333.98
458.43
264.5
100.85
166.59
769.63
374.65
240.5
667.1
368.4
478.87
196.87
515.14
461.31
782.43
343.12
608.46
80.65
537.2
763.11
259.39
609.22
597.33
772.64
432.2
648.27
5.07
391.9
457.51
305.29
789.66
367.61
471.49
249.01
542.9
411.42
782.31
436.73
346.37
396.68
308.25
90.26
549.88
442.96
23.25
81.75
552.66
576.12
189.42
511.12
779.99
584.65
326.53
95.41
262.96
541.67
666.34
47.06
239.89
614.32
188
96.28
57.59
532.83
331.1
491.12
367.32
696.66
139.58
151.07
642.01
584.7
32.51
623.9
66.55
296.88
143.5
734.28
257.45
171.31
239.27
739.22
312.78
304.1
390.29
201.69
677.68
353.64
704.24
422.49
549.66
780.88
530.5
725.21
394.2
77.5
773.12
63.75
755.84
189.96
628.65
56.91
691.17
84.39
753.69
699
674.07
552.14
718.72
393.44
352.43
198.96
688.72
16.36
389.14
608.62
513.09
98.1
606.71
521.13
660.08
602.53
682.36
774.84
303.33
252.33
692.24
704.91
308.45
555.06
203.79
701.1
740.19
277.06
571.46
471.08
775.62
266.32
799.72
90.16
201.23
152.25
422.44
189.22
47.69
465.26
719.36
789.9
633.43
221.61
772.29
681.89
365.52
606.82
89.31
130.8
497.44
423.23
64.4
142.95
775.83
500.53
305.82
121.97
745.71
228.29
71.2
389.42
468.44
591.6
364.9
457.9
185.56
342.43
561.44
347.85
53.84
681.91
242.76
382.47
640.44
752.55
169
647.41
600.47
53.69
234.82
688.57
320.89
222.26
484.82
485.03
499.97
116.55
404.38
155.17
471.24
550.05
16.36
473.07
690.71
651.49
95.17
166
409.57
791.18
559.26
761.5
641.47
108.85
181.64
613.87
9.09
247.99
40.47
462.29
724.53
433.57
328.72
786.72
643.64
471.84
739.46
481.7
575.09
449.93
209.55
622.04
548.98
745.74
75.92
145.61
546.31
283.22
452
312.02
421.56
794.11
783.91
600.01
723.13
585.23
766.42
732.5
507.96
420.83
217.08
485.04
782.44
657.92
106.52
243.72
338.64
69.09
361.56
233.24
552.54
575.01
37.81
149.73
748.28
378.84
19.06
416.7
276.33
534.47
563.54
562.27
277.93
413.71
463.59
357.14
355.85
170.03
266.08
390.88
105.88
255.12
522.36
745.93
423.95
150.99
399.62
645.49
296.81
709.9
233.96
179.75
500.86
522.92
310.41
343.07
270.42
622.23
627.79
80.35
27.16
283.37
541.51
496.37
798.31
616.36
709.7
531.84
376.48
545.93
339.03
765.79
316.49
632.26
533.13
771.67
522.79
206.75
124.23
510.14
361.08
422.47
598.93
108.01
57
89.81
587.06
754.49
622.27
407.39
309.91
145.38
43.32
617.25
627.44
77.33
253.97
166.8
547.24
63.73
664.24
245.35
237.57
344.41
88.31
173.92
775.18
98.15
591.95
205.44
785.55
2.59
264.45
519.49
752.37
228.94
205.83
495.6
517.46
106.96
449.9
404.49
89.47
408.37
784.64
683.98
163.89
693.56
432.74
516.18
759.39
411.68
355.79
679.77
44.48
333.01
473
484.15
211.55
259.55
186.45
524.81
678.18
212.42
431.61
478.52
602.47
292.08
787.31
772.19
546.26
160.89
419.82
758.99
664.78
524.27
753.51
602.96
376.69
577.66
412.48
374.33
271.92
27.7
105.43
708.3
372.76
626.49
384.68
342.07
288.65
749.99
301.96
326.69
54.43
135.66
453.08
306.18
120.53
317.66
427.21
262.23
142.93
586.27
261.98
792.44
541.65
558.91
158.59
66.76
513.26
56.27
608.97
732.72
264.77
273.88
331.17
425.74
187.81
318.77
271.66
633.16
588.72
487.37
314.03
370.63
635.19
73.3
335.14
397.22
746.7
338.08
231.67
155.21
367.13
186.46
345.79
465.57
336.25
651.97
9.17
161.88
380.16
538.44
124.83
362.29
261.12
315.03
629.05
446.3
4.9
489.89
198.37
78.91
37.09
643.72
734.08
460.34
322.54
248.88
738.62
440.11
697.26
576.27
147.64
75.02
326.79
81.33
246.07
87.18
635.88
425.94
316.93
695.79
270.43
107.93
382.17
242.57
281.42
61.77
264.97
599.08
202.37
31.12
592.84
345.32
265.03
515.4
96.81
581.67
164.42
337.5
440.68
265.86
89.05
10.96
78.28
473.35
218.58
621.51
59.9
265.36
27.38
294.33
416.73
582.8
291.59
232.7
365.37
268.31
745.66
797.37
525.34
710.04
674.13
760.98
109.77
30.42
579.03
244.67
607.8
448.29
457.97
370.64
518.2
229.11
59
354.38
570.79
273.17
375.44
226.12
232.4
377.84
654.05
591.71
319.23
106.91
175.3
52.69
370.64
408.37
154.02
414.36
406.09
719.4
208.91
189.49
226.09
341.18
741.72
121.75
0.17
124.67
119.25
380.84
584.34
569.24
405.85
189.4
567.8
104.61
195.82
689
775.85
748.26
730.12
677.82
27.89
308.53
189.54
192.45
666.6
723.65
246.08
103.18
366.86
471.41
120.64
528.57
135.92
57.04
463.5
30.92
383.27
637.63
556.62
15.07
587.97
238.2
406.91
207.85
667.6
637.3
696.98
459.22
299.21
121.63
578.9
338.01
461.87
552.33
212.99
389.54
768.53
546.31
118.94
577.32
673.34
765.32
307.17
211.25
332.51
451.08
343.02
100.85
49.7
40.87
239.77
554.74
115.49
273.65
769.32
501.17
639.11
504.68
630.98
167.49
161.53
478.56
386.7
663.56
117.8
490.79
632.18
486.44
58.6
226.61
48.7
528.39
486.79
268.69
631.15
266.13
430.74
12.11
5.72
748.12
22.22
309.05
378.89
689.37
257.17
329.52
132.69
643.74
182.73
478.19
244.71
464.34
79.03
355.62
372.5
214.96
166.05
478.58
161.05
491.48
419.18
419.08
615.6
501.42
599.72
394.74
122.04
75.18
409.82
304.69
592.42
763.43
438.59
760.35
456.89
428.89
91.59
408.84
621.27
791.27
599.81
125.72
532.66
353.66
212.19
682.94
458.85
633.85
707.57
797.2
537.18
377.62
496.27
501.2
628.36
357.54
709.29
711.84
654.04
55.71
513.96
207.39
102.11
248.35
550.01
521.56
553.57
358.76
156.99
409.77
499.85
759.98
573.03
711.81
644.62
632.34
186.8
16.66
231.82
179.87
527.13
390.73
135.84
188.89
749.11
747.12
252.31
533.09
407.82
551.11
96.03
88.33
378.99
150.02
666.61
202.13
574.73
633.71
747.69
18.95
571.58
348.72
375.29
11.51
430.4
187.13
519.86
486.28
21.11
450.25
109.16
638.12
387.85
36.34
44.78
773.92
776.3
557.23
55.31
574.22
654.49
716.91
110.98
201.28
48.2
718.22
503.9
21.01
453.03
426.53
493.81
541.56
168.59
258.54
172.03
688.65
216.58
469.63
430
446.52
307.98
715.24
204.85
739.49
138.82
718.29
653.39
424.47
554.88
171.51
51
787.24
662.69
723.42
101.06
523.87
91.76
419.96
335.77
139.15
317.46
160.43
605.74
155.63
518.02
491.65
447.85
288.76
743.02
165.62
377.62
519.75
230.97
209.37
572.99
445
163.94
626.6
765.48
558.98
571.51
495.9
492.44
30.13
645.49
287.23
481.66
204.36
783.7
373.11
42.32
777.25
556.09
402.12
131.56
192.92
580.46
518.03
621.43
343.14
555.22
235.66
361.14
258.3
357.65
192.56
561.37
429.56
608.91
642.52
270.91
251.19
226.24
470.45
374.95
414.62
640.07
649.3
139.23
698.33
770.39
468.98
45.96
94.1
601.47
596.34
197.75
412.54
148.41
393.65
289.63
77.77
296.73
249.93
295.26
71.25
134.65
707.04
522.51
577.16
607.51
90.25
788.07
463.92
782.52
168.68
582.76
433.54
229.14
350.81
732.56
575.46
717.86
659.72
247.84
9.13
770.44
508.37
296.26
248.79
675.71
22.32
163.66
255.03
460.45
785.96
416.17
77.01
55.26
786.94
298.46
132.69
448.31
627.08
600.34
68.29
230.8
210.48
27.66
194.81
35.67
448.08
297.08
553.4
211.58
459.41
455.8
281.48
382.3
728.08
127.92
587.56
249.65
163.97
73.17
461.5
538.21
380.98
92.24
231.98
795.95
431.13
165.56
177.92
711.21
300.59
590.44
205.27
607.5
621.62
742.48
644.29
78.65
632.14
404.69
307.06
177.71
612.2
343.62
352.57
344.99
426.3
758.33
309.96
611.75
569.71
188.27
797.53
729.53
594.43
665.54
578.15
442.63
778.47
376.33
312.39
0.05
614.09
309.69
171.69
402.06
166.09
301.98
13.95
475.46
222.75
216.78
421.27
699.51
207.45
725.48
668.58
373.76
309.62
492.87
562.85
399.92
252.53
453.29
756.49
497.34
456.85
500.5
708.5
705.78
163.45
175.46
279.93
525.17
390.99
718.8
128.96
86.41
403.09
373.96
116.76
786.41
550.1
630.08
490.05
294.72
681.89
740.41
246.98
511.12
380.68
607.24
117.77
207.57
92.56
447.38
381.82
685.64
246.83
549.81
682.59
716.68
328.17
19.79
105.11
535.01
733.76
128.11
314.94
49.83
522.5
4.17
197.44
340.08
34.29
166.14
680.48
654.79
593.48
378.87
285.14
774.6
530.2
297.29
455.12
122.48
580.43
270.23
608.3
500.66
676.11
273.7
588.51
353.66
309.16
26.69
664.59
71.07
16.69
524.87
19.89
398.95
760.88
660.56
42.37
727.38
280.43
653.83
575.87
513.93
388.6
409.73
465.58
304.21
372.95
9.95
152.55
639.85
710.53
731.56
122.24
318.37
463.2
698.18
550.59
443.73
20.57
729.1
88.45
1.94
710.14
362.65
770.64
746.11
782.78
571.15
627.52
169.84
739.2
75.76
215.76
587.16
379
336.17
537.23
443.45
478.56
794.9
234.88
465.62
759.43
373.17
794.89
4.94
705.65
198.62
268.74
469.08
540.88
72.67
600.81
244.07
425.92
361.04
107.19
264.45
80.04
248.41
62.06
755.57
708.71
420.69
59.01
656.08
656.72
229.62
434.96
637.9
110.76
535.47
326.84
175.41
19.64
204.48
135.03
156.54
482.47
518.77
599.92
684.47
518.93
567.46
230.92
351.52
561.52
141.01
721.53
388.91
270.77
502.71
210.82
264.45
206.47
500.77
336.42
409.88
52.59
621.16
618.18
332.08
414.78
788.34
534.9
417.47
721.14
327.14
6.28
128.17
61.98
675.04
302.71
561.44
500.1
96.3
471.62
501.94
778.02
245.27
414.15
439.62
532.93
355.1
206.36
70.91
502.53
380.03
82
425.93
98.15
154.22
472.23
666.94
688.82
574.91
680.47
615.78
136.45
67.04
261.05
183.31
10.65
483.67
190.5
692.99
568.81
429.49
454.09
148.8
715.97
544.61
8.11
382.39
686.54
367.58
526.52
441.29
125.17
211.43
55.67
350.67
318.7
479.78
451.74
786.68
42.6
378.26
54.21
356.38
504.5
365.82
96.09
487.95
99.12
136.36
225.69
407.61
615.74
177.41
422.89
343.03
685.89
799.56
552.25
773.97
720.38
447.84
755.18
477.13
20.43
208.16
224.61
623.74
64.09
457.31
784.26
261.44
523.08
733.04
621.13
680.35
368.83
248.8
559.33
475.71
705.24
294.95
508.11
610.05
334.56
665.16
262.97
281.13
326.84
139.8
350.84
263.97
435.66
78.66
763.99
520.02
117.39
43.23
273.46
98.96
116.75
267.34
635.68
759.3
349.24
758.52
616.61
422.58
122.31
716.47
296.4
154.67
51.11
397.14
210.23
583.73
747.71
104.86
622.68
524.72
537.22
154.76
123.26
334.04
99.24
539.49
669.86
758.78
85.5
419.19
43.41
652.6
706.62
783.88
189.42
150.13
231.7
525.4
97.81
35.73
150.03
322.92
514.83
134.82
177.14
620.93
463.92
790.1
779.02
686.38
366.02
344.47
368.25
351.73
164.27
661.12
410.23
282.16
359.39
531.15
632.21
770.62
22.82
131.48
415.28
679.61
251.95
66.53
96.48
57.64
648.08
97.85
332.81
680.07
6.4
604.86
784.7
288.51
23.76
403.05
218.82
416.98
604.58
718.98
707.28
691.54
526.12
106.99
449.79
377.6
597.82
779.78
221.22
621.25
330.28
340.59
471.5
9.58
244.91
566.9 /

COPY
	PERMX PERMY  /
	PERMX PERMZ  /
/
MULTIPLY
	PERMZ 0.01 /
/
