---------------------------------
-- Permability values for SPE9 --
---------------------------------

-- Permeability distribution visualized in figure 5 in Killough's paper
-- Killough says 'The input data included in the distribution to
-- the participants included a geostatistically generated 
-- permeability field'

-- The values below are taken from Killough's dataset, they are
-- not based on the figure in the paper.

-- Explanation to how the data in PERMX is organized:
-- Under each LAYER (i.e. K-value), 
-- there are 25 ROWS (i.e J-values) under which there are
-- 24 entries (i.e. I-values) 

PERMX
482.46
594.29
700.75
470.79
454.52
292.1
699.07
421.06
637.12
682.96
651.91
72.27
182.63
113.25
691.2
204.23
607.64
505.91
614.11
41.16
783.68
113.86
177.16
422.45
737.01
58.22
545.42
297.42
559.08
454.31
723.91
648.95
780.32
773.72
145.54
498.8
223.5
293.18
160.58
634.48
322
398.64
340.1
290.74
123.77
387.21
221.06
151.52
443.23
233.89
297.16
435.14
8.5
231.77
714.74
423.93
587.03
279.11
314.99
744.28
277.72
300.61
191.78
554.77
555.88
480.66
712.18
358.81
742.06
439.44
697.27
98.84
214.29
690.95
636.79
170.5
175.4
86.87
478.18
124.27
361.23
407.33
313.62
123.18
468.86
148.58
613.13
736.47
405.23
444.38
680.66
797.14
495.09
581.95
374.66
767.27
662.14
682.78
724.95
347.28
205.75
725.98
278.42
8.15
8.82
34.63
784.45
288.82
39.41
662.17
344.38
492.19
690.8
304.29
509.24
170.48
123.68
408.34
199.76
372.8
68.12
425.06
102.04
51.75
152.41
200.45
397.49
544.43
306.58
731.37
225.54
333.85
438.45
343.42
198.46
213.73
677.88
725.18
297.02
6.53
427.54
579.56
590.41
630.37
743.76
460.82
660.94
260.95
327.94
284.19
33.42
615.82
400.29
325.37
552.99
165.38
242.22
1.86
317.4
450.81
86.19
779.85
181.37
643.49
423.06
237.15
352.39
611.48
334.97
559.15
643.39
248.52
788.71
706.63
142.86
429.86
603.71
568.32
514.84
554.87
385.4
455.76
343.2
94.78
132.42
319.95
59.83
166.16
132.37
227.7
314.77
636.01
422.98
516.4
295.18
625.31
425.51
376.91
464.34
611.77
406.34
244.29
762.83
136.78
127.19
417.87
238.51
265.9
377.4
446.3
466.23
62.53
48.73
505.62
755.51
458.54
557.87
383.22
611.52
582.88
665.79
387.75
143.88
413.77
165.07
142.61
584.9
412.16
44.05
65.02
624.83
315.91
96.04
695.54
750.39
15.46
242.82
19.78
357.9
723.1
137.83
735.74
207
533.44
53.08
599.29
238.61
705.06
294.57
572.27
14.63
366.01
259.01
112.97
203.43
152.74
1.9
95.4
123.14
568.44
570.65
378.55
540.46
337.65
297.68
551.23
355.97
365.46
676.7
186.83
740.32
535.44
713.2
331.94
470.95
317.36
437.92
356.6
727.28
105.19
424.93
501.06
709.34
207.25
449.47
379.08
225.05
563.46
27.73
657.07
278.02
460.09
539.99
246.08
787.95
93.95
166.83
128.33
204.84
336.8
90.06
758.27
689.93
91.82
195.57
518.85
313.73
448.89
169.65
676.46
25.19
176.34
786.26
726.03
231.83
302.04
726.4
482.54
608.14
672.94
316.64
749.39
118.1
601.01
355.64
374.1
120.84
278.81
446.7
569.84
500.44
786.88
733.35
311.24
82.29
792.6
49.15
243.44
82.64
201.59
476.45
71.74
698.94
448.15
542.39
756.2
121.53
154.06
759.26
294.87
241.78
546.97
578.62
245.97
487.55
28.14
177.08
165.34
627.63
267.59
211.89
277.89
483.49
759.38
683.52
770.79
714.46
205.44
346.89
498.84
633.62
268.17
679.25
731.81
171.14
81.43
708.8
413.09
540.52
369.32
285.16
471.22
519.2
161.67
756.22
196.17
223.33
496.92
46.77
212.57
541.46
399.05
164.04
507.99
607.01
218.5
364.57
96.14
50.14
753.29
747.02
660.74
563.43
120.92
737.43
99.12
446.16
410.88
421.06
337.02
770.91
526.42
427.7
731.92
341.72
216.56
564.63
144.26
246.26
513.1
342.41
181.45
223.83
243.85
385.56
503.82
31.2
612.95
404.99
663.28
385.89
551.7
734.65
363.34
495.77
485.89
355.2
464.14
49
754.92
776.64
295.27
126.71
223.38
688.91
157.29
754.09
267.4
223.6
378.13
116.75
1.35
783.95
387.45
244.38
649.33
323.06
4.56
52.78
683.41
157.56
327.8
358.13
213.8
200.87
729.66
627.36
39.91
598.59
129.16
723.7
521.76
414.16
29.67
424.17
475.5
38.08
341.79
148.99
260.67
793.98
713.4
515.18
471.16
747.18
756.05
767.1
361.02
316.86
420.77
74.12
222.11
173.3
181.07
44.3
328.73
562.74
566.21
517.17
73.48
544.22
720.58
420.97
316.18
606.33
654.43
371.43
481.48
716.32
354.11
290.75
707.8
9.15
557.8
242.54
668.56
515.36
607.69
261.64
206.98
707.02
415.09
335.84
186.37
30.15
422.52
13.44
444.07
657.07
396.75
400.49
628.27
288.66
630.68
248.63
267.7
120.23
238.92
62.59
441.75
138.98
706.96
663.29
514.83
482.93
397.04
588.79
500
292.55
726.83
430.07
762.92
397.14
386.9
562.78
352.65
167.14
701.87
578.26
320.19
465.92
175.2
535.2
702.39
724
362.74
670.81
793.86
255.95
476.17
448.42
157.17
786.73
467.45
351.28
708.18
767.81
399.67
641.52
585.41
799.17
32.67
279.81
111.55
373.01
675.1
284.04
681.73
397.13
603.57
568.93
567.6
431.52
601.32
323.4
374.79
633.68
193.58
673.75
54.62
337.33
560.55
588.3
794.83
378.15
664.67
125.65
624.86
637.33
220.93
407.63
310.81
431.65
105.35
769.82
487.53
112.09
459.77
619.35
230
276.72
127.36
309.02
35.37
10.2
611.75
42.68
342.55
367.5
720.18
33.73
705.67
475.6
59.54
246.17
577.67
668.31
413.97
158.69
775.56
189.59
470.16
567.76
510.42
210.85
389.55
728.01
451.79
87.35
338.53
647.91
433.61
472.73
540.65
423.99
474.49
628.46
354.52
632.29
502.24
765.5
110.8
60.02
135.68
49.28
324.46
565.77
158.52
568.25
343.03
537.6
325.61
503.09
65.17
128.24
268.1
714.04
613.9
169.97
39.52
601.05
2.7
107.31
394.3
724.96
8.67
314.32
703.97
707.94
603.43
308.67
682.33
614.86
23.65
145.51
327.81
478.13
478.67
679.02
474.38
106.29
49.92
632.65
208.6
321.79
760.11
727.24
361.64
132.77
523.59
757.04
463.56
153.12
244.44
488.46
652.52
565.18
139.17
526.28
693.17
311.53
99.1
751.73
342.58
544.51
349.82
430.39
504.35
720
445.46
399.69
431.23
402.71
456.39
263.99
506.24
176.78
297.83
544.51
359.04
683.28
255.95
127.67
191.72
190.96
370.49
365.55
653.47
245.85
576.28
108.47
487.52
299.2
491.14
408.12
320.63
570.77
242.36
298.23
288.57
251.99
129.34
256.26
678.45
174.43
201.67
45.01
35.14
788.67
114.59
267.87
99.7
570.08
482.63
119.04
481.33
160.94
468.34
605.77
113.81
453.58
205.62
26.66
708.97
545.88
684.44
308.5
523.91
298.22
634.14
135.68
658.91
220.2
559.38
345.46
794.79
261.97
536.49
82.8
702.76
481.45
258.2
546.41
684.51
775.74
711.72
301.95
761.18
591.37
677.23
783
117.85
384.35
788.88
121.13
177.6
746.74
93.63
682.02
741.92
106.21
258.59
726.02
74.74
791.45
515.25
90.6
599.53
41.6
767.79
731.86
433.9
496.66
173.95
17.1
203.26
757.14
16.08
2.46
698.64
272.74
173.22
455.31
475.09
264.43
289.2
631.57
20.22
692.26
711.89
601.67
203.61
158.6
88.71
689.56
750.73
73.61
18.1
340.87
198.09
712.17
645.59
77.77
369.33
676.52
126.23
431.43
44.25
559.85
270.94
183.88
619.67
176.34
791.28
517.29
430.29
763.48
194.15
705.19
648.66
777.96
527.16
101.16
764.15
483.42
341.3
707.14
653.14
131.96
255.03
48.87
547.97
776.83
779
577.36
797.35
621.93
597.17
404.78
98.49
506.24
12.94
288.78
346.89
5.12
406.53
155.61
633.28
96.5
10.69
116.43
400.88
97.29
584.72
17.8
152.24
789.67
462.95
356.25
116.59
308.2
454.47
716.53
650.56
163.97
41.81
767.16
641.16
6.62
450.53
262.87
670.78
689.09
322.77
196.65
493.79
50.07
444.03
583.56
785.71
172.83
799.89
724.33
165.79
92.29
607.34
766.85
695.39
703.45
665.65
751.69
383.5
389.07
358.26
2.32
95.77
135.52
174.29
147.66
269.58
590.08
92.15
338.71
23.85
388.96
259.88
736.71
118.2
222.21
9.3
610.28
541.9
173.19
348.57
191.88
505.1
235.2
648.88
662.25
231.62
254.24
338.64
685.9
404.97
745.39
6.03
634.84
321.22
780.1
164.27
353.25
783.25
150
213.99
367.51
384.44
547.15
756.54
129.42
127.44
272.97
628.42
385
661.32
446.09
650.41
730.97
89.57
783.13
575.49
450.58
308.48
492.93
557.46
326.41
273
336.33
491.35
33.05
520.35
371.32
440.42
374.43
323.53
439.32
172.5
71.88
155.15
414.13
716.18
398.19
6.8
192.71
433.37
195.03
392
240.44
442.01
235.42
313.01
214.6
644.14
476.55
646.36
84.31
70.61
303.96
445.97
358.98
178.68
666.54
672.55
605.67
455.23
182.36
692.31
417.04
558.96
135.15
178.02
566.11
643.56
103.8
467.51
313.68
694.48
408.2
577.02
48.45
0.74
182.89
231.32
101.76
526.76
755.27
771.3
529.75
210.36
389.88
628.5
746.45
273.78
628.67
716.92
558.74
152.69
772.98
701.72
246.04
245.1
732.13
506.07
316.28
413.34
359.86
128.91
44.1
48.28
679.65
27.4
641.23
168.25
414.78
631.31
559.41
410.86
345.72
532.65
187.14
549.34
129.1
310.98
777.07
515.94
445.53
739.37
731.83
636.04
798.12
409.18
680.45
563.48
479.77
560.84
157.63
268.6
572.65
551.21
774.87
509.56
207.26
528.65
515.18
494.31
504.52
364.33
306.36
407.74
425.55
620.81
415.19
696.33
654.63
745.72
295.17
329.39
463.54
193.6
308.21
138.61
670.88
627.46
570.33
266.61
198.96
358.49
660.42
675.92
310.88
646.58
351.85
88.34
525.34
617.52
44.56
690.25
223.15
705.25
103.43
171.44
409.5
758.05
611.45
132.13
782.49
709.83
470.57
466.3
523.84
622.14
308.82
547.84
675.38
735.02
285.64
462.34
493.04
577.5
453.21
777.6
236.39
703.52
0.62
718.19
697.17
798.32
527.42
19.95
689.04
782.88
166.57
124.96
70.74
623.62
695.5
253.97
295.34
331.84
164.65
380.63
278.28
469.43
84.47
791.79
310.59
47.53
786.46
125.59
335.48
295.92
316.25
449.85
369.91
569.48
53.42
79.73
117.37
519.28
375.77
728.85
648.5
412.67
329.4
53.66
490.27
92.19
585.74
15.08
365.58
481.2
447.89
164.28
683.83
299.15
21.86
253.06
140.56
450.26
723.43
96.26
642.52
11.12
130.99
734.98
504.31
29.86
234.04
44.52
385.07
627.01
780.15
776.58
477.04
102.08
520.36
482.57
65.46
118.4
228.24
334.72
565.91
454.98
260.11
753.66
256.34
214.37
768.78
191.8
643.64
602.04
113.93
482.38
311.4
68.77
744.44
344.39
154.82
667.82
195.76
169.47
563.21
476.23
495.66
494.29
562.14
119.88
357.85
365.22
216.84
248.66
339.41
51.12
338.12
403.87
729.22
350.71
741.79
712.35
636.53
444.75
645.74
632.33
116.24
411.01
665.86
783.85
735.73
369.86
120.52
24.46
384.32
61.34
507.11
12.44
165.07
292.23
681.9
61.36
724.71
339.07
92.22
377.59
171.92
685.9
566.69
475.84
570.27
101.52
277.45
70.87
792.37
323.51
125.93
236.35
141.24
444.58
641.71
638.43
513.7
737.05
302.1
792.59
359.86
516.59
86.85
125.04
728.98
765.53
332.04
364.09
67.48
646.04
708.61
466.36
189.82
347.93
203
377.49
417.12
291.14
605.71
652.39
128.29
402.28
510.56
400.75
87.13
551.87
297.3
653.8
311.62
620.44
650.17
208.07
490.15
503.88
734.55
789.19
352.06
257.69
112.03
186.4
439.38
237.64
710.6
387.91
699.39
83.79
455.88
741.33
172.56
278.21
454.03
632.37
373.44
565.29
133.79
464.12
594.65
276.71
225.42
724.67
461.97
700.93
241.15
253.33
514.04
145.29
180.52
429.72
411.94
360.68
134.32
733.91
237.37
113.1
136.1
770.96
726.32
612.1
48.28
797.88
75.71
364.15
227.43
210.4
367.33
692.86
642.18
201.85
518.41
636.19
719.22
493.24
262.48
516.74
678.09
607.62
587.21
295.65
443.27
241.95
333.39
80.95
656.94
401.84
90.52
772.39
82.69
264.68
69.8
78.84
734.89
92.04
261.68
225.84
139.26
277.24
528.98
503.57
196.72
339.26
278.54
337.79
695.66
13.54
41.31
192.55
398.75
81.34
644.44
287.3
101.69
456.8
102.32
262.21
141.38
227.37
664.5
198.79
159.7
492.91
290.24
26.34
241.67
543.01
385.2
270.37
33.53
332.79
674.24
457.14
753.09
242.49
649.85
43.43
43.18
214.26
9.94
273.06
112.3
83.28
628.91
339.03
482.77
83.89
229.81
195.3
10.4
201.96
491.05
489.66
461.89
606.87
351.18
559.87
637.99
565.16
446.23
505.88
351.98
539.19
275.39
226.72
278
386.97
46.06
47.64
327.4
157.99
350.63
325.74
70.65
180.93
65.57
623.2
697.47
613.32
558.67
52.52
272.37
576.52
57.37
708.29
470.92
593.71
502.97
788.93
62.84
355.06
377.33
572.74
755.66
428.37
286.08
311.2
105.42
451.73
135.01
301.7
475.51
460.44
160.49
185.3
768.03
86.82
608.86
93.23
244.61
358.34
343.23
422.32
616.51
208.66
391.07
33.32
28.5
189.2
424.69
99.83
204
371.95
297.15
502.5
799.84
74.1
517.01
681.94
303.39
784.38
632.68
100.49
539.46
677.08
764.71
679.9
194.45
449.32
283.43
324.9
153.08
230.55
478.15
374.45
372.22
279.16
584.5
552.47
97.24
665.79
681.98
797.75
95.13
517.15
389.56
56.69
449.01
710.72
336.83
724.05
398.9
19.95
683.56
183.55
717.68
84.51
262.72
767.75
349.1
722.02
407.53
555.3
205.83
624.52
293.98
52.04
340.61
684.72
727.6
502.71
301.73
24.72
599.57
171.3
198.85
473.24
583.37
648.52
36.25
246.51
453.48
373.42
79.38
296.05
189.6
748.78
780.65
33.33
412.14
229.64
765.28
606.49
513.73
114.03
320.86
156.09
86.9
158.63
442.44
707.24
13.63
475
792.62
293.55
770.61
174.56
656.04
536.4
99.55
131.33
619.25
625.11
711.97
45.31
262.09
36.26
510.46
130.86
66.68
421.64
58.03
55.6
157.93
23.53
785.37
153.59
83.02
254.48
3.26
19.97
1.81
16.83
89.5
210.97
623.38
306.48
585.2
83.48
222.39
395.47
401.61
518.43
458.28
564.56
425.43
763.71
645.66
779.65
779.12
93.15
667.08
369.89
356.19
766.11
567.49
297.04
192.32
359.79
125.78
630.19
545.69
239.13
484.06
705.87
392.57
40.25
367.18
224.46
319.09
437.3
309.98
774.52
98.75
518.26
475.9
166.28
790.82
494.81
255.33
708.97
190.11
296.76
681.46
728.31
376.59
10.08
170.1
248.51
6.92
250.04
476.59
283.99
494.2
401.62
591.78
368.91
107.36
164.91
734.06
708.97
415.62
743.18
703.66
102.82
455.8
441.99
102.7
45.83
639.44
75.38
514.02
669.65
17.73
640.25
216.86
651.28
533.42
724.56
338.72
118.23
573.97
185.91
37.92
195.82
510.77
711.74
46.97
675.65
720.5
339.73
655.73
695.85
90.05
475.21
264.39
655.22
361.23
107.49
77.66
14.42
212.52
58.44
566.04
208.52
221.95
507.72
554.22
390.23
247.06
685.49
17.05
783.59
405.1
735.25
708.73
734.6
497.11
583.33
174.78
499.11
253.5
558.64
261.88
224.84
648.27
478.53
431.39
394.14
180.79
417.84
319.68
61.19
587.44
208.46
106.53
249.18
147.2
47.28
391.18
354.3
268.29
600.57
259.56
741.38
268.98
328.7
2.06
5.09
670.54
66.8
560.44
607.91
422.41
461.05
216
648.66
20.34
54.95
277.47
490.45
90.29
433.84
287.57
0.76
103.43
727.01
14.3
123.92
512.55
226.01
759.04
432.65
586.26
450.36
404.61
715.16
131.23
287.58
33.18
647.22
710.61
159.54
477.35
486.03
440.38
752.12
279.33
79.62
527.79
74.71
219.22
301.96
15.34
85.56
307.37
239.63
187.76
462.97
660.77
40.63
556.46
345.23
323.88
45.98
381.43
551.59
710.26
563.51
126.76
434.76
635.14
787.39
608.41
318.21
533.57
223.14
421.65
66.17
251.47
309.25
646.78
470.36
314.71
80.77
34.83
338.15
249.81
310.77
119.48
724.33
99.61
68.09
640.72
260.48
122.08
378.11
124.09
584.95
139.25
128.81
643.98
161
353.56
453.1
273.52
750.64
711.86
440.51
778.72
344.59
650.96
236.56
794.75
141.57
662.19
757.73
313.11
335
664.04
662.18
262.92
735.64
417.93
442.05
412.79
200.53
779.5
726.97
768.73
279.33
704.82
492.09
155.49
600.85
85.47
217.37
785.92
219.36
197.66
736.54
269.41
518.89
14.72
242.63
612.17
603.68
600.31
628.61
385.78
40.99
337.33
256
506.54
755.01
203.75
85.45
481.84
672.36
144.75
345.47
679.94
112.65
297.51
738.98
155.84
341.09
257.68
618.49
350.03
195.62
234.52
123.8
165.98
571.3
469.03
515.63
529.93
255.47
321.4
292.38
582.75
769.6
117.3
544.49
124.86
652.1
284.58
596.36
437.7
565.98
744.92
402.62
309.91
510.48
446.78
46.24
630.97
358.69
403.31
460.39
97.14
68.53
162.73
343.48
256.72
253.46
495.63
644.9
323.26
584
520.57
574.13
225.22
766.5
116.18
180.24
443.02
745.79
112.75
143.75
777.07
570.92
608.73
32.07
105.29
715.38
226.49
786.57
173.44
286.44
742.93
538.54
156.96
799.38
283.79
736.29
772.78
520.1
473.1
422.75
549.44
638.68
471.67
589.21
570.7
583.52
482.62
528.87
787.11
609.12
784.95
497.38
481.16
460.8
764.11
230.21
446.63
346.04
278.6
27.99
724.94
343.3
254.05
740.03
580.26
437.98
621.67
155.81
566.88
592.64
484.08
104.87
205.46
342.88
588.64
355.27
552.81
56.65
337.65
700.06
128.36
332.2
4.53
257.69
655.8
195.81
780.5
472.7
36.37
413.98
271.71
206.21
154.5
143.47
492.15
272.44
88.52
287.1
621.15
15.02
32.21
436.03
788.9
682.67
177.9
101.05
588.97
108.47
722.45
55.18
288.11
450.85
401.61
747.14
280.93
72.58
279.48
748.05
48.17
739.88
349.25
222.26
248.29
76.58
253
338.85
573.71
777.26
390.73
283.79
153.24
618.28
211.8
770.08
513.86
692.45
164.3
518.02
799.79
121.05
314.45
518.52
292.18
768.45
669.3
313.5
230.77
771.07
122.57
711.56
474.99
182.23
33.23
683.52
416.87
384.46
416.04
778.86
465.01
307.67
702.57
675.66
199.83
754.74
781.46
397.23
359.29
500.23
326.29
624.37
396.47
724.07
273.79
321.26
551.94
60.37
749.64
410.34
724.44
745.45
287.6
360.09
779.38
339.57
464.29
245.67
428
233.92
249.29
422.73
402.95
470.41
61
612.72
472.53
645.3
642.9
333.95
28.28
780.54
99.28
549.31
459.15
500.73
486.44
394.39
460.27
353.45
528.35
509.35
146.05
339.73
472.27
781.04
760.85
674.31
614.09
139
525.95
331.5
1.16
562.57
661.34
420.55
696.91
379.59
731.45
550.82
82.05
98.33
611.26
115.58
440.81
421.98
38.12
63.67
669.23
401.23
157.81
206.92
345.46
340.74
372.84
14.66
145.1
57.36
749.33
41.83
420.62
511
313.33
551.48
736.74
606.34
360.65
317.94
722.17
288.99
750.45
691.15
240.64
495.31
507.92
455.27
618.81
244.03
409.61
568.49
79.73
575.36
292.13
504.06
271.75
446.53
503.5
298.76
334.04
244.84
576.75
395.52
351.01
428.75
495.44
10.65
737.78
280.96
323.34
275.43
154.98
566.41
266.76
122.22
19.35
701.43
156.28
761.52
581.41
294.98
789.39
16.51
588.9
63.55
189.98
510.13
666.27
604.48
224
512.72
786
195.32
669.69
22.87
195.48
231.01
716.37
242.28
723.77
93.48
474.59
527.77
322.14
405.4
308.86
478.72
378.21
284.57
180.99
499.37
38.91
624.29
466.23
299.18
573.08
642.63
520.42
302.15
393.33
754.15
73.2
417.06
146.85
80.55
726.15
418.65
555.27
347.47
336.41
235.41
550.64
173.05
128.99
341.04
11.76
653.43
210.15
267.36
154.16
522.48
28.18
614.17
522.85
605.73
422.82
600.31
277.99
701.27
692.56
175.71
239.48
552.37
51.61
399.99
615.02
102.6
600.17
732.64
168.65
278.56
784.64
550.47
326.76
627.04
591.3
748.38
585.76
102.15
406.36
238.45
477.26
443.18
777.04
7.13
411.21
207.54
775.58
797.24
266.5
209.33
621.61
649.85
172.2
124.95
135.26
343.41
705.53
261.74
547.65
456.27
752.49
670.66
40.19
721.38
68.77
25.41
406.46
541.83
201.97
357.7
519.94
528.79
26.95
665.08
321.26
607.05
328.77
456.98
303.8
99.26
658.89
357.3
566.12
328.79
529.27
601.84
278.95
592.55
141.66
81.41
226.93
195.39
465.09
194.17
330.56
324.95
234.34
486.12
597.28
261.65
719.21
794.8
590.58
353.41
517.49
78.61
99.61
216.23
605.04
562.35
425.91
433.17
462.44
165.12
405.86
468.7
611.33
792.63
574.25
664.41
258.88
134.98
458.19
139.26
537.09
254.5
448.6
84.92
746.27
331.96
650.41
612.9
324.48
686.62
798.51
52.66
112.24
534.38
4.01
131.54
692.97
710.19
660.02
481.41
180.2
785.19
225.79
567.51
484.83
60.13
677.66
670.25
336.99
439.34
747.09
463.23
483.86
104.11
701.07
164.4
414.67
367.13
288.07
398.76
446.97
305.53
772.5
614.21
616.21
472.82
443.95
213.78
667.62
506.85
593.69
346.88
594.03
229.79
784.76
589.98
109.06
9.58
232.92
319.1
500.35
183.18
556.97
559.23
614.38
159.08
624.83
675.05
756.82
517.99
472.49
428.13
397.77
559.12
138.23
642.94
473.54
535.85
19.83
649.89
45.8
626.01
369.59
368.92
750.48
212.39
621.15
371.6
219.21
290.34
708.92
509.9
557.31
209.29
539.05
59.48
190.93
628.7
444.77
207.14
483.91
611.83
646.68
298.35
464.92
13.54
371.77
256.71
230.96
140.42
427.46
80.86
786.89
141.2
255.56
775.08
456.16
687.91
353.11
774.13
170.87
487.81
603.36
219.47
287.39
383.87
257.36
377.9
621.71
366.07
282.85
24.46
465.98
479.8
543.23
596.72
653.22
288.04
703.86
501.97
491.48
438.71
626.35
307.94
172.9
673.07
150.46
382.1
170.46
339.28
643.59
701.76
604.91
557.86
172.18
230.36
599.1
149.12
507.11
640.74
609.69
799.43
371.81
547.93
523.02
366.88
767.2
23.22
653.43
19.46
300.59
79.3
595.57
227.15
133.62
215.88
570.26
739.04
68.69
491.91
556.34
585.26
602.08
281.59
407.02
431.1
43.01
640.77
792.23
639.68
103.43
412.52
405.02
176.95
159.28
640.94
632.9
595.13
483.53
419.33
329.01
44.49
547.66
527.31
773.3
690.84
404.01
32.13
611.94
699.52
343.16
554.25
740.48
669.92
792.73
146.27
230.72
23.28
30.36
68.73
9.51
162.53
474.28
284.58
275.92
531.88
798.41
435.8
375.89
697.51
19.61
404.35
232.82
353.59
611.79
732.32
52.47
645.9
570.23
690.63
796.27
626.5
661.37
401.07
227.31
689.73
409.65
482.14
555.85
432.32
491.5
527.45
559.89
258.37
715.97
647.2
354.38
385.28
506.44
502.9
17.31
124.91
543.95
797.76
90.95
271.46
41.55
78.42
320.55
707.27
113.89
293.31
86.25
444.65
160.06
516.77
315.96
461.19
463.44
279.13
411.62
261.15
350.15
230.74
63.93
498.58
346.03
701.97
283.91
656.68
581.31
391.49
110.77
731.35
785.26
155.65
325.39
747.43
631.98
228.62
132.71
289.92
656.56
41.74
324.03
620.22
302.43
271.36
208.09
176.87
751.24
425.66
216.19
584.18
458.66
395.92
526.73
399.43
50.77
191.81
317.67
484.02
406.1
563.13
66.67
645.77
277.47
42.84
617.52
314.56
337.95
742.68
185.27
227.17
84.63
104.16
182
447.41
419.54
28.44
70.82
452.23
154.44
747.51
159.33
154.09
135.64
767.34
266.49
650.69
253.36
766.44
505.6
307.36
674.26
80.1
77.2
99.96
117.63
472.15
654.12
79.25
183.5
30.96
42.36
328.11
251.87
463.1
629.16
319.43
508.1
220.96
705.47
253.17
168.53
166.31
524.11
555.96
402.08
563.43
660.11
559.65
716.46
119.8
747.61
712.55
605.11
161.81
646.02
580.88
573.25
82.77
520.99
239.23
767.09
641.06
793.38
365.22
116.28
287.99
285.44
3.16
415.07
202.31
323.87
482.95
53.13
415.12
652.34
646.56
279
386.99
328.94
453
609.31
392.66
408.51
246.85
654.42
723.34
25.17
578.31
201.11
486.13
460.73
510.73
485.03
366.43
551.33
331.53
533.7
708.05
67.48
565.9
51.77
383.15
279.44
725.67
795.81
353.57
362.99
96.19
290.14
569.13
276.83
190.77
643.94
343.38
122.68
705.81
541.59
467.58
704.07
376.01
600.5
698.81
530.32
36.76
764.83
789.17
292.75
236.2
740.6
572.45
79.18
242.59
520.5
646.48
169.5
298.59
141.84
312.02
115.61
232.93
554.64
104.23
700.53
25.91
390.49
794.01
694.22
306.3
476.14
417.99
718.91
686.98
87.72
182.7
489.08
41.87
267.86
311.79
720.95
516.2
506.08
735.48
197.18
296.77
301.55
741.82
348.6
343.9
158.78
611.17
147.87
400.8
567.05
369.58
521.65
248.57
318.42
64.37
697.22
528.24
65.3
570.44
2.79
699.59
265.45
621.91
594.12
791.07
298.3
157.04
399.43
782.91
56.88
426.4
540.5
686
441.34
622.93
14.03
27.14
720.51
649.79
686.32
168.72
23.26
705.34
558.4
303.43
713.85
666.83
169.87
731.51
328.12
7.81
291.61
527.26
610.24
633.63
269.98
679.96
651.32
70.88
381.27
726.62
782.15
252.01
692.89
628.21
288.98
302.5
749.9
140.96
93.99
788.81
656.41
343.99
610.52
639.75
748.09
537.27
669.7
333.57
64.65
616.29
479.8
80.58
538.89
237.33
119.59
470.81
303.04
611.92
227.16
617.83
407.97
284.26
203.15
462.92
749.08
494.42
173.91
784.86
183.82
183.99
112.69
520.54
15.07
525.81
104.82
609.21
633.42
378.67
396.69
713.07
354.6
300.15
391.71
487.61
163.78
303.97
648.64
379.45
93.86
478.06
746.43
541.49
57.95
671.55
782.61
573.53
494.95
56.83
429.45
96.81
289.02
523.69
96.17
495.69
279.43
100.67
194.5
297.7
580.13
498.92
490.09
265.34
622.22
518.22
457.8
384.27
351.46
90.3
607.14
495.73
538.87
421.92
711.89
124.74
314.61
10.31
662.51
351.4
781.3
286.13
540.19
461.78
231.19
607.09
475.77
239.27
78.41
549.86
164.04
608.32
194.2
436.73
39.33
476.53
50.11
39.94
109.94
355.65
721.1
6.05
613.53
743.44
599.15
151.61
277.06
229.24
220.59
203.05
460.72
799.7
272.43
719.72
509.13
721.72
30.2
1.94
777.89
327.71
228.7
712.53
634.97
305.73
145.09
101.17
382.98
636.96
784.09
127.26
74.97
23.99
574.08
767.74
659.43
422.63
662.03
27.08
448.07
230.04
181.6
644.11
354.69
27.42
494.28
168.99
498.97
394.55
720.36
423.94
131.7
720.99
586.79
563.99
37.36
774.41
404.03
664.94
259.32
443.62
203.26
237.83
696.88
521.63
138.92
683.08
37.63
728.47
97.9
105.08
794.44
404.96
558.75
336.9
32.21
727.4
487.6
616.58
51.38
21.79
325.29
454.04
399.14
221.17
270.67
83.78
134.67
626.74
372.7
535.88
556.28
592.43
24.99
565.58
538.31
461.68
456.63
690.01
545.07
449.03
763.63
326.53
189.72
204.92
58.65
569.15
285.56
283.19
399.48
478.35
687.73
535.25
630.76
770.02
551.42
796.48
146.81
442.62
196.97
57.82
297.73
409.81
646.15
265.51
439.22
228.24
76.99
246.98
783.93
6.26
71.3
509.49
487.27
237.38
419.69
17.63
774.07
178.52
627.67
775.62
218.72
351.03
126.57
175.74
283.1
714.67
43.33
693.29
297.47
430.32
603.64
709.51
649.16
21.93
134.31
8.98
82.08
795.19
630.01
325.02
128.45
240.52
193.96
413.88
722.78
317.04
159.42
723.19
603.67
544.41
442.96
40.81
273.88
261.69
207.81
142.87
565.3
317.69
663.62
417.33
506.48
126.29
102.02
181.44
187.28
194.44
38
542.72
779.08
519.8
202.87
142.78
297.63
174.94
171.06
630.59
312.49
513.03
580.79
6.56
94.01
530.47
384.22
568.54
535.72
15.97
270.5
397.4
482.22
774.13
426.72
599.23
681.14
89.76
319.23
121.84
349.34
796.88
62.74
198.84
243.73
383.94
534.48
28.88
562.55
439.2
792.44
662.92
327.61
698.16
505.82
320.62
177.32
391.23
231.92
47.98
512.6
718.1
182.57
256.66
197.98
142.69
15.87
751.06
559.64
439.03
111.29
107.07
650.72
379.07
197.08
520.85
698.73
442.2
408.84
261.05
204.18
271.32
701.98
181.68
69.48
596.7
452.32
37.8
35.89
682.24
61.28
675.6
793.77
0.25
160.52
102.79
366.76
238.26
351.4
236.81
392.8
249.39
371.99
417.07
397.08
672.72
507.57
70.95
595.36
238.27
17.85
143.29
113.47
404.4
733.69
661.1
645.51
226.2
240.62
125.36
585.23
374.04
649.55
116.45
206.38
466.24
281.78
175.49
34
581.12
610.67
354.83
188.61
655.06
778.42
692.27
28.91
205.45
608.99
284.49
164.39
718.96
421.38
24.21
364.07
411.36
597.2
190.47
344.23
144.22
788.47
122.28
375.33
176.16
186.41
232.54
428.32
345.4
61.73
354.22
661.81
333.46
121.73
319.81
542.59
63.27
225.3
355.61
217.12
329.49
430.16
4.04
402.22
691.27
297.34
703.12
155.4
588.32
342.84
389.71
86.91
721.55
548.47
488.22
352.93
756.63
183.98
456.46
72.17
64.64
728.04
40.15
789.09
732.47
264.1
146.74
35.25
251.91
365.96
96.35
129.3
359.46
105.3
336.81
407.86
243.35
302.17
697.27
19.05
267.24
361.21
444.24
631.97
595.63
484.59
521.49
239.06
5.74
121.03
170.56
646.69
2.26
749.78
353.91
437.16
282.62
790.22
222.72
605.64
717.26
375.63
344.09
9.02
614.54
146.06
102.59
101.07
365.86
321.17
672.81
335.42
464.23
339.15
782.34
47.09
166.19
723.97
188.3
147.12
124.76
305.01
520.21
365.56
526.38
657.04
211.76
332.95
214.87
132.95
672.76
629.79
486.49
773.71
210.9
436.96
642.5
794.02
706.45
776.92
386.19
686.49
187.45
413.19
633.11
15.64
649.88
546.95
405.74
604.9
350.65
554.14
727.57
277.52
506.31
663.92
649.28
212.53
442.69
389.45
415.36
162.44
260.89
328
33.22
89.37
725.75
147.92
790.43
147.81
762.11
638.62
103.31
706.18
332.52
22.61
67.51
326.3
43.87
552.19
409.95
741.63
477.17
229.28
98.5
1.93
760.98
634.82
445.09
591.57
176.97
6.44
402.81
192.44
88.69
728.4
34.2
264.89
211.3
24.25
216.32
680.71
340.27
512.01
393.68
188.73
31.75
163.07
122.8
468.76
199.41
401.31
518.83
504.8
198.09
195.38
444.82
353.57
510.48
166.82
604.37
78.02
561.55
150.06
467.23
346.45
674.93
543.19
24.37
555.2
382.56
191.1
405.52
452.83
151.05
382.57
254.5
276.71
624.46
466.26
2.47
788.12
29.87
626.24
390.65
574.35
715.61
609.88
529.08
20.5
15.24
353.49
405.22
285.71
363.71
623.87
158.21
355.87
230.89
606.45
169.61
281.48
706.78
535.63
449.76
90.14
505.91
492.68
231.09
791.97
672.75
233.46
390.33
736.7
430.37
197.24
326.17
687.97
85
462.11
750.25
310.27
256.81
555.36
136.47
122.45
603.26
282.56
562.24
782.92
786.63
301.26
249.7
1.98
150.13
4.86
141.84
201.62
766.01
718.04
349.87
692.4
284.07
734.96
769.9
309.08
661.85
125.6
257.84
493.61
240.43
14.8
85.3
587.36
673.83
124.12
136.72
55.02
28.05
635.92
549.72
32.61
638.87
122.44
169.97
219.64
142.92
374.15
614.28
119
355.14
415.17
114.45
128.67
112.2
583.48
283.16
744.8
172.76
549.89
748.26
332.73
355.1
107.29
746.25
63.41
415.53
48.38
551.38
790.67
4.12
352.35
322.36
755.22
392.23
408.32
407.7
189.56
649.91
81.31
643.46
413.09
338.46
662.25
666.68
418.8
763.27
294.19
294.52
783.97
337.55
702.38
326.51
334.95
531.16
231.49
660.76
191.8
574.42
470.38
51.49
751.14
55.8
186.49
262.56
626.1
598.63
2.08
511.97
275.81
77.61
35.61
17.38
224.65
42.85
99.54
479.5
151.61
719.85
492.06
337.72
118.46
245.59
479.98
393.88
134.49
180.07
335.14
583.15
683.83
708.66
654.23
101.07
463.28
248.7
69.96
639.87
593.69
675.86
714.83
132.11
9.64
147.94
538.26
291.84
161.12
447.31
632.09
351.85
149.25
165.98
106.4
74.41
712.07
507.93
170.92
655.06
512.56
100.71
522.66
244.57
220.28
770.32
218.05
151.41
78.57
201.17
196.4
597.44
490.1
536.44
620.6
650.48
437.77
699.38
232.68
601.63
298.52
123.49
689.19
508.74
601.34
387.46
342.77
256.38
392.44
753.82
480.96
761.1
557.41
635.05
548.79
283.14
159.36
309.59
727.29
3.58
658.53
417.63
83.94
362.56
480.82
582.3
178.3
277.61
762.17
50.01
615.05
547.17
686.55
552.36
220.8
730.07
378.69
374.55
10.28
569.83
199.81
355.23
73.3
171.79
109.89
683.75
347
317.69
613.96
488.13
607.49
425.63
532.14
347.75
716.38
239.06
493.75
649.74
409.02
271.82
25.71
763.25
279.39
378.65
220.52
128.86
283.9
603.21
444.59
666.27
166.01
46.21
554.89
10.79
444.94
570.49
645.54
26.4
293.79
78.81
771.46
459.79
459.44
685.09
723.76
319.1
28.49
708.73
377.91
92.79
699.93
484.89
218.7
172.69
205.67
685.08
610.39
222.94
270.85
60.55
795.82
705.87
225.47
378.5
499.97
520.16
648.09
741.65
264.95
732.72
797.7
335.23
99.72
179.65
798.06
71.32
121.68
110.29
188.32
276.17
239.16
502.52
230.39
534.21
597.39
798.84
383.5
776.67
607.3
611.19
335.82
410.93
344.48
328.59
750.6
515.92
510.24
495.67
79.97
617.69
790.04
47.1
457.6
100.28
744.78
454.07
202.64
274.75
457.57
494.08
566.93
673.06
53.14
568.11
747.23
433.88
297.48
663.78
636.18
433.7
357.93
513.42
519.61
755.68
353.02
306.5
123.05
791.63
470.52
257.6
779.03
88.3
54.14
731.2
594.34
539.32
728.98
278.42
722.47
64.63
675.08
679.81
344.69
544.42
447.02
596.58
339.54
501.54
790.56
714.44
245.51
50.67
208.29
694.76
56.86
445.78
97.96
82.04
524.77
261.8
212.88
255.53
152.23
571.57
172.76
305.29
78.02
565
333.86
53.24
17.74
581.91
111.05
191.27
575.26
67.79
642.61
174.8
436.41
269.43
198.23
59.73
447.06
35.81
429.65
688.05
249.03
121.17
719.79
549.76
249.25
182.38
22.97
285.54
493.03
627.21
111.9
262.47
96.22
542.63
722.69
684.28
496.35
730.7
254.55
43.26
314.87
326.31
105.98
688
671.62
277.19
77.47
216.28
138.91
779.78
374.41
742.02
380.17
720.01
193.39
326.74
658.63
572.1
673.19
731.89
473.28
73.78
184.56
685.6
278.59
473.68
81.74
66.45
3.2
335.35
50.45
458.78
96.67
62.92
358.85
324.35
680.47
723.33
271.31
553.39
621.9
179.97
246.54
569.78
654.13
336.35
122.89
531.45
355.09
494.52
644.76
199.73
121.58
738.33
408.97
793.79
263.25
686.38
686.49
600.28
617.25
685.78
491.42
703.79
189.91
230.01
471.54
718.33
332.15
518.71
793.52
243.47
271.64
784
139.77
510.37
465.12
50.84
168.59
717.38
77.91
236.83
757.14
55.58
316.43
289.73
712.77
500.1
51.23
479.41
465.44
164.58
377.24
640.46
24.49
140.41
725.66
670.71
239.32
753.63
156.14
774.21
174.55
362.41
582.78
142.18
540.98
359.7
257.96
178.42
109.34
508.26
661.95
473.48
463.6
285.24
110.28
759.37
786.33
169.39
632.83
178.13
223.68
703.69
201.05
580.09
412.81
501.53
710.89
584.1
238.42
229.63
680.22
253.45
715.84
480.68
137.71
170.81
357.72
651.03
159.06
532.93
244.14
348.2
382.15
266.62
569.78
679.59
453.95
210.4
373.13
78.84
622.24
76.23
424.2
762.92
510.03
210.82
289.28
581.87
491.9
89.62
254.51
129.89
576.3
428.5
742.54
577.77
10.19
713
224.83
583.88
605.46
0.36
587.21
226.18
4.43
429.99
487.04
476.25
526.74
542.02
509.42
735.56
70.67
208.03
311.32
294.84
610.92
222.48
796.84
650.1
524.57
771.36
672.26
102.38
349.04
288.61
782.74
599.21
384.77
791.34
700.49
559.7
774.64
731.37
408.44
258.5
260.38
359.14
246.21
743.64
140.54
460.38
529.23
276.67
774.04
298.36
593.66
678.99
452.66
128.19
596.33
541.59
545.67
73.51
746.65
63.27
151.04
263.6
453.44
217.84
63.22
276.71
212.4
606.92
688.85
58.98
795.48
181.07
719.32
317.44
300.32
602.57
496.79
778.77
221.14
296.99
721.38
737.99
705.38
172.8
576.05
183.65
774.22
30.68
609.29
559.35
456.08
338.9
149.42
279.64
768.76
37.02
189.43
587.33
771.28
534.49
229.86
614.22
391.76
474.3
688.16
225.72
304.37
149.17
298.56
233.41
222.02
596.05
156.93
224.81
416.36
765.03
621.71
220.71
363.16
141.49
80.72
393.41
503.07
199.27
265.26
54.73
683.49
278.22
406.94
117.82
441.97
280.42
661.18
181.35
198.88
482.91
53.97
318.4
85.73
627.28
277.99
14.07
443.32
710.3
477.03
613.75
302.94
242.02
338.62
11.05
591.75
628.18
277.71
333.82
581.67
519.24
326.49
481.1
693.76
506.4
329.69
347.64
642.65
776.04
320.13
348.59
370.57
618.88
753.73
233.26
212.96
388.15
505.28
788.65
138.59
463.75
390.03
184.24
88.98
91.65
348.04
405.97
183.1
355.94
157.1
709.76
232.24
496.5
131.78
249.36
426.22
401.37
451.81
629.27
51.28
39.21
361.21
456.88
727.65
428.76
57.38
795.77
783.67
623.56
213.74
205.12
713.55
74.71
159.6
543.42
793.74
279.65
604.4
417.81
311.6
766.94
128.25
179.37
424.62
295.3
159.78
237.59
499.23
627.4
629.77
264.29
385.15
200.75
551.18
283.75
226.83
11.29
664.23
498.86
717.69
323.94
407.28
434.5
739.76
610.42
338.66
511.53
28.66
532.27
219.76
522.55
16.09
387.14
263.5
251.94
229.37
547.02
156.57
704.18
490.73
221.13
268.76
478.77
330.68
383.72
106.94
25.04
148.57
192.02
116.81
115.33
23.42
293.21
100.71
642.54
420.65
597.63
92.48
98.59
490.68
656.33
117.37
27.33
290.53
768.61
772.23
362.49
417.78
168.87
256.27
526.87
287.54
92.35
45.77
659.31
785.77
173.05
277.06
281.13
337.47
490.1
670.94
777.4
82.93
781.48
456.83
432.48
708.95
332.73
20.08
645.68
367.88
439.65
692.3
451.16
672.35
138.34
603.41
306.42
316.7
456.9
593.39
523.2
546.11
337.61
595.62
315.14
12.6
410
136.13
88.7
98.49
602.88
735.24
493.26
309.66
741.05
401.37
333.37
234.77
181.31
384.67
771.85
271.32
175.94
603.4
790.76
356.38
59.51
288.27
645.99
182.06
459.49
522.92
268.62
349.18
480.24
24.98
539.58
278.27
130.61
404.61
279.82
657.83
499.93
441.78
572.68
511.73
754.49
422.74
666.53
123.43
402.66
274.76
759.4
346.92
520.54
490.02
277.85
149.89
58.69
789.31
737.77
638.83
94.4
722.01
88.35
564.25
65.92
790.18
262.64
331.4
737.59
427.47
246.79
561.79
212.01
397.16
114.56
524.38
57.51
353.24
737.07
461.94
428.44
54.58
775.84
23.73
289.15
343.41
0.12
381.33
118.29
321.14
219.93
156.95
29.15
163.11
762.9
332.43
348.63
13.31
538.1
106.01
131.8
204.21
589.32
369.45
538.59
38.06
218.75
53.38
96.31
172.29
473.08
455.43
259.23
87.84
431.08
28.39
70.77
695.97
268.64
3.55
718.56
427.22
672.69
16.84
34.97
187.65
425.99
240.45
176.86
632.82
325.74
233.35
60.55
722.21
125.47
451.88
273.73
746.36
671.41
427.24
555.97
50.26
787.35
279.84
219.16
198.74
409.01
596.18
482.72
158.41
393.93
696.85
523.87
619.94
258.23
377.53
673.93
561.44
685.67
353.51
639.68
353.91
140.86
459.3
122.55
556.21
257.75
145.76
579.3
240.63
322.84
668.01
112.48
85.24
696.48
301.25
728.61
494.7
408.99
423.11
71.07
283.64
749
677.79
543.7
640.67
281.95
175.48
780.79
649.21
174.42
362.14
351.91
251.65
699.52
32.84
500.45
191.45
504.75
799.33
567.96
425.3
630.37
278.03
372.36
716.76
157.44
54.89
19.92
227.21
118.87
135.92
616.65
510.47
554.2
54.8
482.78
419.47
306.27
610.22
686.05
512.88
382.82
355.73
199.74
598.44
310.13
695.1
108.19
679.11
516.34
710.28
358.72
253.76
99.11
281.42
67.83
47.95
104.75
340.37
710.16
669.16
654.34
151.56
622.95
737.96
495.55
661.38
181.76
29.53
523.94
570.7
546.93
99.75
349.62
345.13
61.51
238.88
639.17
143.68
219.73
765.27
217.51
145.86
415.97
375.58
727.08
37.58
742.23
336.15
294.18
410.29
678.09
282.01
109.54
635.94
285.95
299.4
106.2
300.25
509.31
149.67
624.05
736.52
247.5
527.9
10.78
440.52
231.96
675.89
339.47
60.42
641.86
526.68
23.7
287.69
510.97
8.4
434.98
613.59
677.99
357.02
493.44
149.17
483.57
29.28
319.64
109.04
718.31
145.04
550.28
625.84
740.42
515.98
797.55
121.86
458.49
672.21
120.49
642.01
504.79
40.63
476.37
76.38
223.57
265.91
226.72
9.65
96.07
77.09
209.14
734.36
197.47
3.08
210.18
94.29
540.79
387.39
65.39
18.53
605.04
319.04
135.02
82.02
277.26
582.59
795.81
422.03
527.53
262.01
606.55
100.06
40.38
710.81
85.12
513.19
742.72
524.53
617.58
122.62
750.52
517.98
799.46
517.43
335.37
357.76
292.72
49.55
45.65
184.62
364.44
236.78
524.88
694.35
309.94
235.68
439.86
356.31
129
639.24
138.77
177.43
724.29
709.06
485.46
287.22
129.67
544.61
255.16
587.28
578.51
773.58
30.66
244.42
617.56
792.43
737.48
504.54
562.1
460.86
135.44
207.27
540.72
26.55
640.3
510.14
413.11
155.64
581.28
154.49
48.21
549.65
314.33
639.83
727.45
302.54
721.91
673.82
560.79
521.68
216.35
739.57
74.43
695.87
411.39
104.56
344.15
532.89
297.09
764.57
43.81
593.88
410.56
774.45
653.24
329.23
647.81
628.02
658.04
580.25
517.65
710.77
672.25
702.01
230.36
451.24
621.02
457.13
359.62
515.4
85.53
747.02
726.38
749.68
269.87
76.7
631.82
479.72
124.74
620.95
452.35
156.54
214.39
135.06
677.24
405.22
545.36
420.08
46.92
348.35
480.77
147.62
551.24
5.75
491.32
302.18
177.23
22.22
402.02
330.11
199.4
341.39
542.89
531.12
93.04
204.06
550.83
173.8
72.44
476.08
571.62
544.24
760.25
785.57
538.51
90.26
324.24
310.68
542.1
367.95
457.68
686.44
127.65
754.57
386.79
200.78
606.47
285.98
636.86
344.28
222.65
308.61
369.53
225.88
686.73
695.3
151.23
314.22
280.95
137.34
260.36
411.56
1.77
696.08
257.93
326.34
344.93
166.95
79.38
639.43
455.11
112.22
615.05
618.71
74.39
633.2
159.85
457.27
365.18
451.01
397.52
78.17
690.88
214.56
496.2
762.07
123.25
387.43
602.58
142.17
264.41
604.31
36.03
56.27
412.96
721.89
426.7
70.58
632.33
706.56
342.57
494.56
698.41
648.32
492.86
98.85
185.14
418.22
285.68
564.24
375.59
692.4
653.42
125.26
266.05
664.77
382.25
750.16
624.62
443.08
651.99
113.71
202.99
72.06
386.68
447.79
105.43
278.42
77.71
612.55
427.31
165.26
273.21
390.82
188.75
419.78
113.73
173.14
557.29
155.53
278.6
75.11
353.16
76.25
481.35
418.19
484.64
770.91
740.82
467.08
732.1
367.21
200.36
113.04
179.13
130.82
242.58
259.96
3.64
178.11
173.84
129.37
558.82
653.95
407.77
529.99
344.13
347.91
404.08
539.96
669.35
673.79
237.7
214.91
729.56
549.16
546.71
455.48
773.06
148.38
172.53
493.14
293.48
112.89
242.01
83.13
54.12
15.14
21.32
466.66
761.26
176.79
496.89
571.65
721.9
569.81
223.62
342.61
736.52
253.36
513.3
707.14
389.94
386.95
123.95
668.56
45.92
359.74
323.96
53.04
471.68
213.86
458.93
431.36
406.73
367
284.33
445.06
779.78
774.87
250
325.42
329.6
153.36
371.75
78.81
595.91
53.32
629.11
214.43
744.52
332.08
589.83
143.54
676.56
281.82
427.66
650.26
368.01
554.11
131.22
486.97
216.41
77.19
596.87
13.99
24.93
777.25
340.76
681.78
462.69
411.65
492.56
610.29
682.28
223.55
729.93
636.06
247.53
675.31
245.44
493.04
344.33
66.39
8.39
577.04
590.33
690.44
118.62
749.25
61.3
5.83
108.98
553.16
345.4
48.99
442.05
676.12
638.8
423.51
233.01
289.39
59.73
248.63
192.88
119.46
467.9
119.04
68.33
663.73
330.02
126.69
150.04
499.44
481.09
396.59
279.73
391.11
756.36
574.31
404.88
127.37
486.4
736.1
641.16
191.26
360.7
6.33
373.92
660.79
26.86
715.06
194.79
555.1
796.64
489.97
443.75
169.97
200.62
301.61
346.91
649.92
593.63
707.33
694.39
461.62
414.76
598.85
272.03
535.78
670.33
718.15
18.48
324.71
486.6
492.62
474.16
476.97
254.54
98.29
621.87
611.43
494.62
399.33
239.53
382.62
532.3
277.31
180.7
496.47
72.76
340.87
22.29
201.7
212.06
491.94
475.28
191.81
300.42
649.35
103.14
417.6
629.93
527.87
682.89
277.43
327.97
365.17
676.39
492.92
614.21
629.39
524.39
0.95
462.22
495.62
527.53
147.12
57.08
390.6
536.17
445.34
607.73
33.7
722.77
630.66
215.38
734.58
436.23
302.57
124.02
481.81
757.32
583.12
623.99
789.19
559.55
777.18
141.94
243.97
707.75
118.89
243.64
548.26
715.64
672.94
220.37
98.56
519.52
202.19
58.19
450.54
744.34
146.15
89.73
178.9
127.47
477.58
55.57
138.54
794.19
558.35
522.84
106.4
539.55
688.55
120.86
618.9
34.99
384.61
663.52
716.12
151.86
307.65
42.91
141.65
571.72
601.7
415.07
4.47
748.15
116.07
178.53
299.19
118.61
143.78
619.08
793.13
252.3
66.52
104.94
370.39
630.08
562.04
111.77
490.48
623
312.51
719.44
247.09
236.92
637.23
200.67
552.57
293.29
726.06
295.05
611.47
85.55
162.8
316.94
27.78
367.49
245.38
18.49
491.28
374.17
350.4
553.22
331.87
18.38
249.83
723.72
26.05
371.58
154.42
49.51
235.46
77.57
359
681.85
446.28
298.86
480.54
250.65
497.43
378.45
659.9
639.58
445.82
92.65
499.47
557.59
427.34
450.45
546.85
178.32
0.44
63.29
475.47
101.25
460.39
366.44
566.36
101.97
236.1
121.1
377.95
227.3
291.88
279.78
177.13
111.76
453.66
616.03
391.1
471.72
239.41
346.4
354.86
139.89
533.01
245.64
244.52
273.58
329.74
406.6
340.57
392.68
527.69
785.04
728.86
436.59
770.66
47.3
535.57
258.3
527.9
81.76
155.13
210.9
160.02
734.9
555.93
165.01
182.38
211.14
698.1
79.46
40.05
66.85
610.87
112.12
518.4
290.55
47.71
679.71
671.66
102.91
615.99
371.2
44.73
335.55
323.69
609.5
650.84
647.98
199.31
481.88
678.6
328.45
610.81
169.65
73
465.59
138.67
9.12
209.06
737.99
281.75
13.08
82.08
594.68
708.15
717.32
748.52
603.13
140.93
344.01
542.01
534.86
474.37
388.43
51.11
321.87
633.71
701.88
132.84
426.1
530.89
181.08
661.02
281.49
677.93
798.98
55.56
356.31
553.88
89.43
102.98
665.23
655.72
162.03
537.72
183.95
658.86
350.98
77.73
656.29
326.36
485.77
584.59
259.35
174.28
646.89
410.09
554.8
389.33
695.68
778.82
110.23
256.69
609.15
235.61
137.74
274.96
535.87
18.63
557.77
466.95
364.41
557.18
671.22
282.78
206.04
485.29
207.82
717.48
146.71
99.21
421.87
365.72
374.49
734.97
363.36
623.47
751.02
393.2
260.38
669.91
177.84
169.89
522.14
560.62
786.93
483.55
73.87
335.6
467.56
61.62
260.09
60.16
798.1
679.85
56.71
571.2
773.17
529.09
250.39
475.62
341.93
230.12
242.05
117.98
55.76
453.77
687.51
597.95
429.27
358.04
3.39
188.29
682.92
207.57
118.68
730.28
454.55
289.84
584.56
399.57
632.69
448.69
154.07
527.86
374.5
430.67
475.68
212.93
134.03
509.07
109.75
72.6
141.55
726.73
42.5
86.03
182.71
302.75
799.86
578.46
629.17
389.19
687.67
148.72
214.4
650.29
559.4
221.15
469.17
127.63
387.75
155.69
572.99
16.46
272.07
215.27
181.06
399.37
730.65
473.91
490.36
779.65
751.72
477.66
432.68
196.63
791.72
217.65
251.8
119.8
580.38
457.48
680.8
293.99
693.14
602.41
437.5
670.51
562.74
525.4
670.43
576.69
177.05
591
705.63
627.51
407.75
664.95
687.66
342.43
349.79
322.27
18.94
291.91
540.06
167.39
631.6
431.95
235.1
68.55
541.64
149.11
789.83
574.78
122.61
31.96
552.83
306.91
141.12
447.19
641.88
718.74
234.6
46.19
363.02
473.98
308.93
523.02
462.13
86.57
609.9
147.29
626.68
794.28
619.1
77.7
505.92
247.86
133.95
319.39
148.52
162.49
617.14
341.48
739.53
472.82
508.58
640.4
529.76
744.15
186
634.2
238.97
46.48
341.69
636.26
121.78
699.65
114.6
7.26
213.74
672.35
635.18
371.54
215.11
729.37
51.78
238.33
273.18
237.1
111.37
604.89
77.55
633.37
297.1
783.35
319.2
206.37
126.29
61.33
62.58
251.67
334.43
453.42
410.03
279.25
673.55
304.02
648
23.25
329.95
262.41
573.23
562.3
393
10.99
657.61
573.22
511
631.06
523.44
561.93
339.71
252.08
536.96
291.32
21.42
622.98
627.87
765.19
166.89
39.67
250.9
338.21
398.94
274.78
333.46
417.32
676.51
594.74
517.24
21.27
137.83
568.71
324.77
265.72
569.14
377.16
305.43
125.4
190.03
195.03
30.56
123.74
276.16
63.26
680.28
678.94
401.89
720.48
749.52
436.34
560.26
757.42
498.69
382.18
741.62
317.18
394.94
24.91
626.69
214.72
736.42
461.74
579.84
532.12
305.54
233.05
478.29
708.63
383.25
578.17
640.89
606.12
64.64
380.93
681.29
409.83
375.34
6.57
740.86
45.18
8.53
647.13
742.28
390.23
128.09
167.19
366.18
625.89
744.29
178.09
719.04
182.57
381.51
563.75
511.93
463.01
742.81
198.89
506.64
621.86
305.03
186.47
90.37
514.29
544.69
62.4
785.68
59.25
410.83
52.02
586.58
225.7
431.75
567.74
767.68
622.77
718.66
787.97
598.43
509.72
701.19
212.59
592.27
457.37
97.86
393.32
327.44
445.03
431.85
688.59
127.88
174.3
423.68
123.49
299.12
608.62
52.81
365.91
456.46
487.18
680.8
188.44
170.22
612.48
39.19
294.98
63.27
504.7
641.96
601.87
320.56
232.25
783.61
260.69
313.67
183.72
293.07
26.91
163.26
683.39
192.3
128.04
165.8
478.63
263.97
791.19
525.21
158.24
613.25
252.96
216.53
177.96
514.8
94.32
366.54
510.26
337.97
416.27
773.18
660.47
324.07
51.18
146.27
734.9
284.67
799.45
349.16
445.92
620.27
331.99
653.15
58.84
170.28
7.55
223.37
439.99
775.63
484.32
117.25
669.42
558.97
671.75
468.21
767.16
194.36
705.45
151.89
700.97
203.23
1.15
114.45
743.23
90.13
143.88
561.09
257.06
672.44
553.05
251.48
779.46
636.43
62.84
246.36
532.71
472.94
321.84
581.41
269.07
287.9
520.56
687.79
143.07
406.46
74.79
111.81
762.04
643.97
319.48
516.41
755.95
237.07
155.13
289.89
455.65
695.41
259.83
58.53
364.6
436.68
318.35
60.2
684.62
164.51
154.24
74.67
671.51
20.98
593.77
385.26
523.48
496.28
513.86
481.61
430.31
538.05
5.34
790.16
351.09
530.91
192.96
731.58
200.57
648.5
424.86
599.64
414.05
96.28
212.5
56.57
32.87
149.01
549.99
357.24
367.96
340.98
127.91
772.75
690.94
232.18
485.11
78.06
165.6
199.34
579.79
40.49
327.25
724.07
361.31
134.13
609.94
353.52
788.51
440
522.73
215.8
185.09
281.66
717.13
125.48
556.88
476.42
133.69
78.52
12.91
68.49
575.96
43.21
169.81
568.49
498.98
156.26
119.19
480.53
17.44
336.53
188.89
427.39
785.93
456.61
259.56
697.76
271.47
221.57
641.7
743.33
447.7
687.01
111.57
741.51
455.69
743.28
684.27
787.38
136.74
381.63
23.01
18.69
369.05
242.79
76.12
498.12
98.17
170.73
735.11
383.79
281.1
516.41
366.79
218.3
728.23
438.37
459.62
618.34
411.15
562.06
228.39
767.38
445.85
486.46
271.68
552.46
695.42
477.62
87.5
568.47
463.31
115.41
297.62
322.99
41.58
737.61
542.76
159.15
632.26
488.03
30.2
631.23
515.72
190.67
231.31
676.61
86.66
93.57
777.02
411.1
407.94
500.5
431
63.96
55.4
248.46
658.4
376.24
315.87
446.85
132.74
321.07
656.23
302.36
196.71
424.94
334.92
551.96
762.99
445.36
364.6
619.95
757.84
273.13
667.55
56.12
459.6
224.97
606.54
91.22
685
768.61
319.14
35.88
399.27
287.37
223.79
140.19
106.84
726
390.97
190.43
103.91
158.17
268.03
480.73
87.99
428.27
598.54
596.05
397.16
287.34
41.6
64.38
243.09
351.72
791.06
414.21
671.46
179.88
299.33
34.4
564.99
350.14
343.27
307.19
565.59
492.86
779.13
540.88
242.8
404.35
772.05
81.35
399.06
290.79
256.95
633.95
118.19
259.81
455.87
791.75
564.9
622.29
158.82
479.93
546.79
571.14
471.85
608.52
150.66
638.08
209.41
130.13
287.37
352.33
168.73
122.39
190.55
270.64
547.08
462.65
413.27
777.78
21.17
87.76
20.07
330.03
319.9
199.9
284.25
333.92
192.69
209.48
699.36
516.23
563.44
402.88
604.15
59.83
555.77
562.3
165.14
792.91
240.61
345.62
790.54
645.57
249.15
781.52
723.85
768.19
414.74
588.23
588.93
505.87
481.12
670.99
518.43
584.56
495.57
322.35
518.13
350.63
637.71
264.29
422.35
206.16
64.75
517.49
183.67
252.67
503.26
490.37
531.14
757.55
156.91
77.06
420.42
581.47
483.45
178.49
700.01
281.89
485.67
180.57
76.78
322.01
138.38
175.83
769.84
721.42
116.67
451.89
28.4
512
9.25
379.61
617.12
475.45
536.72
498.11
485.68
327.82
588.94
47.17
96.03
262.65
77.51
464.99
60.04
431.07
339.49
572.87
543.23
610.63
553.61
178.39
705.62
589.08
236.57
324.75
620.88
558.06
96.65
212.03
69.98
746.42
75.31
519.73
408.65
635.85
689.39
31.01
378.1
497.86
675.44
666.6
396.31
411.35
241.52
680.7
784.05
449.65
616.29
447.88
690.89
761.76
525.84
274.94
629.2
65.38
299.7
508.79
364.33
83.79
798.5
373.36
582.69
320.45
515.19
459.89
454.53
433.5
629.91
56.39
677.89
361.52
740.27
180.51
338.87
721.51
47.36
79.57
627.72
737.82
785.28
245.23
619.66
10.01
202.35
354.6
457.79
418.73
521.96
748.57
40.98
184.36
198.69
25.4
443.15
785.4
733.78
402.24
260.83
66.83
298.61
434.55
22.94
591.95
118.78
313.79
386.64
452.8
455.2
488.74
77.91
120.76
152.03
370.65
360.47
161.13
346.49
125.89
624.85
649.89
523.88
265
494.76
672.38
673.59
149.44
620.69
139.44
712.05
423.05
510.62
370.99
713.39
677.55
505.98
139.51
480.81
344.6
358.73
702.23
340.43
656.53
171.82
334.04
558.66
115.81
367.63
515.94
671.23
464.53
333.77
750.42
619.97
608.27
475.83
470.96
696.45
702.3
344.11
742.44
77.34
787.39
759.91
291.26
444.15
688.45
636.77
777.24
559.22
287.96
451.53
372.81
747.5
516.37
659.02
477.06
237.49
70.59
27.21
559.34
79.88
597.06
146.85
54.96
498.65
504.5
131.05
416.66
298.36
736.09
495.41
603.01
457.72
494.43
690.82
737.86
614.77
530.93
421.31
117.49
655.69
703.89
676.59
583.22
467.05
776.29
39.71
612.9
582.84
415.5
747.02
392.13
239.41
28.97
483.07
399.27
740.96
157.32
337.14
568.95
556.76
125.05
508.66
267.51
628.96
167.28
324.64
369.48
432.37
532.79
392.41
745.99
786.47
708.87
748.8
289.53
475.71
713.39
456.85
696.16
419.06
273.73
663.04
161.3
0.87
208.62
605.78
612.22
189.27
530.21
152.69
227.14
364.4
186.11
96.82
288.89
355.73
721.63
682.5
735.18
400.59
495.57
631.92
655.43
543.83
387.74
257.2
674.88
479.22
234.13
99.56
533.2
141.11
188.26
601.72
377.35
119
91.51
455.08
337.83
145.4
234.73
234.61
56.24
314.93
466.27
371.16
417.78
604.13
298.98
782.57
91.13
235.36
655.28
432.55
468.4
173.77
198.54
780.41
656.48
333.79
221.93
405.38
171.02
698.04
596.66
224.29
265.93
375.03
603.06
344.64
659
428.33
30.42
794.33
68.38
518.24
178.21
584.37
105.82
769.7
280.76
269.24
551.42
189.94
625.54
525.97
240.38
159.19
747.32
720.75
638.16
606.66
534.91
637.74
297.48
642.97
723.66
580.55
471.77
92.73
462.07
90.71
580.63
538.82
340.66
503.79
92.96
367.53
103.78
589.72
462.06
742.12
112.59
362.17
337.77
383.46
482.37
133.94
64.69
108
385.8
549.69
230.45
375.11
747.09
421.55
665.28
76.31
188.66
712.4
428.8
10.64
151.89
245.59
86.9
110.12
566.27
703.31
452.05
161.91
501.27
156.68
135.03
511.09
668.12
693.78
33.33
766.31
559.78
563.21
690.78
475.92
328.58
454.66
764.12
573.16
148.03
551.21
688.55
161.13
45.33
642.39
465.79
157.46
595.97
541.3
11.45
43.38
304.23
447.39
58.53
682.73
620.49
666.46
54.93
601.93
85.65
268.29
237.69
225.94
418.3
308.79
375.43
429.29
61.93
498.34
542.64
183.52
283.89
573.69
139.68
416.56
355.48
325.14
193.17
504.14
111.01
423.72
66.54
694.25
120.36
364.44
685.16
703.25
118.63
152.87
431.78
716.84
206.33
105.39
307.81
380.18
441.05
175.18
247.31
11.21
409.99
308.71
519.39
583.26
412.35
287.58
300.25
519.26
113.94
26.05
585.33
686.67
629.63
233.44
586.58
753.73
67.29
347.9
790.5
350.35
299.18
660.55
593.79
445.68
107.79
759.87
662.09
516.85
688.45
421.52
136.29
339.12
552.46
458.61
282.2
287.01
92.22
541.81
311.83
721.24
446.24
412.05
728.04
500.08
271.67
400.38
216.68
13.52
214.13
381.49
467.85
502.77
12.93
622.86
239.96
554.62
339.02
680.27
198.13
190.61
545.15
719.85
346.78
135.35
105.8
33.34
254.32
41.8
558.62
481.12
707.26
48.53
296.43
250.35
195.3
34.62
447.44
163.49
34.01
777.17
763.94
36.76
267.76
630.67
450.31
76.53
110.23
592.45
43.86
562.12
416.87
737.54
264.43
546.97
72.52
162.99
793.35
296.79
186.84
781.01
4.73
2.52
529.71
736.23
448.9
465.74
564.12
88.83
251.6
147.37
557.2
489.09
218.37
507.74
540.4
352.33
33.84
48.33
216.33
117.94
743.84
101.31
531
169.59
557.72
664.95
77.66
241.36
424.36
7.61
467.6
144.25
493.27
156.9
28.09
210.07
366.69
317.15
788.6
646.94
692.58
650.22
739.15
149.38
174.98
550.22
642.2
371.44
37.94
524.05
212.41
753.13
143.76
61.54
110.92
242.64
443.08
390.61
589.8
259.58
282.31
737.54
274.42
169.17
674.86
599.43
653.96
338.21
701.23
207.73
605.32
614.44
352.07
610.17
482.73
27.64
629.52
609.49
76.08
126.55
541.26
479.26
318.89
24.06
598.39
402.05
94.28
683.46
532.76
712.42
250.59
271.06
100.47
161.25
250.55
512.07
470.28
376.17
235.17
538.74
572.43
669.24
405.7
103.32
771.46
785.72
750.46
314.63
337.55
199.99
137.09
292.06
714.36
414.21
717.11
588.6
95.91
290.4
742.13
627.87
345.79
125.3
678.4
742.96
592.49
226.53
149.62
745.54
143.44
139.84
450.94
91.93
69.82
662.67
243.83
49.14
561.73
614.97
416.43
473.51
305.3
328.58
486.26
39.03
253.98
557.67
50.57
31.24
153.15
795.91
274.95
20.93
420.1
394.43
401.21
375.55
45.78
67.02
712.29
380.33
471.51
611.57
545.74
749.56
372.71
599.98
284.91
662.77
739.22
170.57
41.9
213.24
111.23
527.48
187.08
762.97
799.57
390.49
542.87
201.7
557.2
519.59
31.84
490.91
549.26
776.73
650.4
780.31
266.37
192.19
443.81
618.15
316.57
23.2
790.9
706.67
428.41
364.25
230.61
605.54
160.65
688.82
391.65
726.04
95.69
777.85
144.62
183.77
204.2
714.44
558.76
730.61
416.57
560.86
728.55
356.29
121.75
749.58
387.55
99.65
296.78
754.84
43.59
641.25
187.02
498.73
251.1
563.74
497.13
708.69
734.63
101.24
781.1
138.26
373.71
594.52
180.5
119.48
142.61
560.56
323.02
559.49
514.41
69.57
608.15
388.41
459.88
351.41
533.12
90.89
668.79
577.17
697.39
678.57
19.29
471.56
351.62
179.24
129.28
565.28
189.31
366.53
447.1
81.08
2.43
648.29
548.28
606.94
27.26
395.05
258.47
113.18
782.8
265.18
85.07
307.27
537.86
239.34
216.29
425.43
611.67
43.47
293.86
363.62
626.02
27.16
122.16
442.69
560.83
217.17
780.8
616.63
723.85
295.28
29.03
487.15
223.9
50.19
323.17
442.84
200.19
744.17
167.24
249.72
342.97
320.58
631.66
457.18
777.91
236.46
365.3
446.63
537.32
391.32
683.15
179.04
28.02
717.94
137.17
85.89
346.46
143.92
189.35
11.19
251.38
698.6
457.32
304.66
460.81
44.88
748.43
735.6
210.89
799.39
749.59
747.62
2.57
218.52
441.85
461.66
786.83
463.57
353.29
244.68
79.42
132.41
715.01
9.46
275.24
751.78
796.75
496.86
195.52
606.09
404.27
95.63
581.39
422.69
664.69
792.21
628.57
378.31
96.06
216.5
98.73
301.75
316.93
30.65
364.09
702.66
272.89
460.28
796.3
466.56
755.47
329.14
663.52
136.44
71.28
674.32
772.62
104.19
535.42
786.46
750.98
45.4
445.24
73.79
729.6
50.81
156.66
297.31
107.45
451.09
685.12
74.09
608.16
12.46
258.71
35.31
10.82
14.28
722.22
432.31
77.57
387.31
14.18
295.54
69.47
457.14
167.7
625.7
420.53
51.09
640.41
154.71
228.72
245.01
648.38
689.43
527.61
558.35
680.8
614.2
513.17
395.39
782.09
544.33
42.55
642.94
477.9
680.06
265.85
575.66
319.71
63.23
624.54
649.69
81.77
195.19
669.83
494.25
306.43
89.95
203.2
716.97
732.73
359.03
614.36
192.41
798.79
386.42
268.66
474.05
729.3
718.99
150.15
140.1
562.97
107.35
176.83
158.92
572.57
564.2
358.43
284.97
51.77
567.74
186.49
465.36
631.71
505.68
795.06
635.45
20.46
80.81
323.63
719.34
593.3
547.44
257.56
317.64
334.43
35.99
534.56
703.25
384.77
146.36
204.81
336.36
577.18
74.8
676.37
515.41
266.44
797.55
205.62
325.27
268.51
76.97
785.28
526.87
293.57
518.32
369.44
604.79
139.94
109.78
781.19
473.41
643.39
780.8
288.09
24.84
191.14
455.87
761.46
798.51
454.32
509.72
107.99
653.39
149.96
140.97
292.14
270.14
653.89
316.04
679.24
134.73
14.44
16.48
42.07
347.59
775.68
95.04
424.39
389.64
618.67
433.81
659.12
200.8
650
167.15
253.31
484.6
683.42
50.93
256.48
362.11
204.89
479.41
347.79
364.83
320.08
225.1
306.9
530.2
269.57
6.14
604.38
203.23
730.47
50.23
672.36
582.51
277.01
604.4
183.18
491.88
309.39
238.37
698.8
259.49
618.14
675.86
579.08
123.25
772.67
237.12
422.17
425.83
585.63
465.3
677.62
101.64
554.94
345.19
227.01
370.21
604.97
352.17
231.66
424.81
330.39
176.69
425.83
553.21
81.73
794.66
746.49
461.81
164.4
43.31
270.7
215.96
42.98
288.71
567
378.6
712.55
117.55
392.71
460.89
552.42
691.58
351.63
496.11
169.08
605.54
353.53
799.06
260.69
628.38
629.49
290.27
122.93
260.87
353.26
337.4
309.19
708.82
214.21
274.53
726.22
593.18
615.01
534.88
579.27
596.49
48.16
556.82
224.6
711.33
202.47
489.02
268.17
320.01
514.56
234.99
562.93
92.81
39.76
410.49
673.96
33.51
751.57
663.51
723.1
92.71
517.13
369.14
458.79
354.66
405.74
76.84
237.37
749.34
614.24
640.78
441.46
499.46
273.25
179.05
765.14
380.9
143.12
777.73
754.42
409.15
376.28
520.51
232.29
722.71
269.59
431.19
121.51
90.01
106.9
64.3
50.97
100.09
215.13
624.91
55.66
7.53
115.3
259.92
193.81
43.13
81.78
26.8
458.6
472.49
215.4
579.72
334.9
318.01
304.96
179.77
653.27
537.19
65.39
97.23
62.39
454.62
761.13
56.29
47.22
24.25
787.13
531.93
445.85
25.44
243.23
336.21
621.07
779.77
240.59
651.75
241.08
673.28
390.04
656.26
605.12
409.13
496.25
708.54
794.36
750.11
104.6
674.04
197.58
322.97
483.65
198.55
644.47
60.64
383.91
227.47
34.03
199.07
130.87
150.28
489.25
366.31
474.68
394.1
412.3
93.93
249.08
216
294.12
309.39
154.56
147.02
470.63
217
633.74
426.47
288.98
204.82
779.79
123.3
649.02
175.83
237.93
294.06
617.39
266.58
232.17
115.51
532.11
513.87
200.53
385.39
159.57
422.5
525.78
548.36
716.21
604.86
240.8
630.47
59.92
334.71
129.7
452.91
169.57
54.35
590.68
114.64
137.67
722.17
548.77
283.7
66.59
286.07
217.27
656.01
559.92
13.44
15.66
319.76
190.15
144.94
3.15
685.33
502.45
356.73
550.97
383.49
230.06
10.3
698.87
112.63
166.59
749.32
270.7
69.01
762.28
93.68
29.07
32.78
336.42
779.55
695.17
261.38
285.32
606.38
99.18
668.21
191.76
545.88
518.79
593.35
201.69
715.14
470.45
598.88
175.04
437.49
13.62
337.72
189.62
301.55
316.26
752.29
357.04
775.99
192.42
636.85
758.19
599.69
787.32
305.18
583.93
557.12
423.83
191.47
99.66
246.24
535.39
271.96
211.09
426.63
261.84
543.48
453.43
386.16
149.5
640.77
91.87
792.88
448.17
195.75
361.03
469.63
286.71
781.24
665.92
207.3
590.58
629.54
8.14
609.84
633.89
438
776.72
422.65
443.78
432.96
164.05
20.86
29.02
179.5
343.26
78.8
552.59
33.37
546.36
656.65
255.73
272.23
550.7
265.45
454.16
411.64
519.16
777.76
104.11
654.7
709.98
177.87
531.48
102.42
65.98
260.25
11.23
631.71
285.85
267.33
797.62
386.48
737.46
776.1
307.08
46.26
542.78
420.25
10.92
677.45
567.55
777.44
510.01
11.95
224.62
677.13
570.5
532.88
682.8
101.62
78.78
294.42
515.67
62.73
459.28
156.75
282.9
122.57
565.89
3.79
124.83
677.52
756.37
332.17
299.98
48.26
416.81
247.72
73.67
544.01
99.05
174.06
203.13
760.17
434.53
235.72
621.4
12.31
634.77
792.18
240.98
78.44
74.36
203.13
196.07
679.43
202.56
238.08
524.4
247.5
68.66
149.86
231.39
373.99
597.86
455.34
423.32
507.81
92.59
251.59
626.69
141.12
27.45
482.41
310.8
163.92
676.29
362.21
34.9
502.81
269.9
79.8
764.35
264.94
785.75
57.9
236.84
563.79
769.94
254.77
175.28
388.32
241.64
253.5
44.16
14.6
510.98
330.39
505.74
76.07
508.67
530.84
441.01
600.7
90.95
649.58
210.85
673.16
233.72
81.5
459.1
3.94
76.01
370.12
377.18
519.84
728.91
258.89
79.42
567.79
84.33
212.46
199.04
263.63
305.29
586.18
481.41
462.32
416.36
191.44
190.62
495.73
546.86
439.78
332.81
242.44
709.45
612.4
502.58
262.39
558.06
320.1
453.61
104.56
424.65
147.62
213.65
509.34
159.02
649.21
122.32
652.75
642.67
441.44
616.03
199.05
369.07
698.78
497.24
0.3
220.58
81.08
161.76
719.49
129.74
343.45
565.83
58.53
605.18
623.24
41.41
400.42
252.1
798.81
180.84
466.48
650.76
143.2
622.3
378.87
568.86
417.11
408.34
506.85
695.2
164.7
796.45
535.85
529.09
532.43
124.85
268.57
435.9
311.91
587.14
657.5
559.8
69.31
607.29
150.42
509.1
330.34
55.63
155.23
192.41
214.45
160.69
424.28
464.78
451.53
107.8
289.93
95.73
312.55
456.26
694.33
590.37
346.5
536.97
697.89
168.74
48.02
276.77
48.03
202.85
180.45
481.69
538.08
123.87
789.64
567.81
626.96
398.83
170.9
126.55
615.08
78.74
25.68
407.14
382.54
463.86
469.44
360.47
603.28
203.3
755.85
472.78
451.54
99.34
695.3
641.92
767.77
639.17
600.74
79.81
551.67
158.9
677.38
193.42
536.27
418.58
785.35
542.88
174.06
145.83
179.66
585.38
528.1
233.92
354.85
602.06
58.08
82.7
241.59
421.93
523.7
356.5
320.52
272.79
641.39
427.89
772.11
331.59
107.43
660.47
412.55
394.54
222.89
368.63
73.61
467.56
498.12
251.67
277.54
698.05
193.86
150.97
368.43
559.6
333.56
529.79
632.39
100.88
235.87
413.29
570.85
747.24
229.43
581.84
774.95
320.34
645.82
31.76
446.96
493
203.03
75.3
76.05
544.29
641.97
479.23
710.59
202.99
527.48
733.57
382.82
713.3
765.9
286.58
773.17
402.96
89.02
81.6
143.52
96.03
289.76
764.64
536.35
748.77
386.19
415.03
740.34
761.18
656.9
728.77
52.2
702.26
16.32
781.14
752.28
460.11
518.95
744.27
457.72
363.16
557.36
725.41
769.58
346
162.15
616.92
501.58
568.51
735.86
325.16
106.67
194.22
252.69
437.07
730.29
301.91
508.42
384.77
761.62
594.43
143.71
38.79
520.39
391.49
715.44
273.43
330.67
542.56
37.86
441.6
708.93
653.93
212.79
434.05
248.7
36.12
663.3
632.25
506.85
25.86
153.88
649.83
487.99
47.52
405.24
218.03
761.15
653.65
62.31
708.01
154.4
427.42
751
394.98
377.86
57.38
363.96
530.19
583.6
110.79
652.53
154.07
313.48
241.66
275.74
392.33
545.28
728.09
555.17
641.33
555.58
614.84
752.81
21.91
234.16
700.21
207.82
727.23
761.75
768.9
412.83
588.84
0.98
574.41
440.74
546.24
496.08
22.74
734.92
717.34
293.09
622.13
363.94
670.79
255.38
671
648.42
130.77
737.46
41.01
375.14
210.67
211.56
432.47
623.5
60.53
771.71
84.21
383.23
641.82
68.29
310.7
459.8
225.88
612.39
368.04
501.67
135.77
40.93
200.01
67.98
454.18
191.43
630.1
532.29
639.19
707.78
222.72
351.26
138.53
199.87
87.34
171.95
660.6
623.93
413.83
88.49
48.23
97.64
739.66
321.11
389.06
515.17
701.26
496.46
676.22
772.08
596.81
224.74
675.25
566.54
16.67
626.59
569.88
690.74
241.43
209.7
608.59
488.47
339.59
739.2
434.45
727.43
49.21
28.44
696.53
798.46
767.52
720.21
335.42
338.69
300.69
476.42
717.86
168.28
342.63
419.68
566.53
500.74
293.82
543.16
523.33
378.4
239.13
339.87
534.96
221.86
510.71
604.52
3.5
499.11
38.72
289.03
76.34
691
6.77
363.17
167.9
703.05
713.41
499.28
153.2
577.17
643.13
664.05
687.8
340.11
151.87
460.45
455.08
788.6
80.6
37.72
721.97
199.41
791.17
187.67
368.71
371.4
281.69
224.82
66.04
667.86
619.35
550.93
307.53
25.99
55.26
213.09
372.41
63.48
91.6
573.68
341.26
451.06
21.04
453.24
695.27
397.16
26.51
35.64
392.04
108.06
307.35
633.59
466.82
259.86
248.71
15.14
695.25
264.87
500.48
612.76
501.42
569.79
466.38
638.01
467.68
168.32
727.81
159.3
489.94
646.59
650.55
49.22
279.29
462.31
101.68
92.44
550.18
773.85
599.97
300.11
377.8
757.62
768.85
423.31
67.14
391.71
685.95
171.81
98.79
558.01
384.07
306.44
493.23
474.48
577.04
48.87
416.87
506.61
369.12
305.25
102.59
54.44
290
615.96
344.72
664.74
123.53
281.93
623.39
23.06
273.24
597.52
528.8
71.83
663.13
669.3
192.85
623.79
401.18
702.99
681.78
455.17
522.5
799.3
120.01
309.55
424.05
3.23
415.66
440.9
406.07
624.55
33.33
702.38
194.61
676.5
538.84
559
46.22
234.35
211.41
348.22
160.07
344.16
194.14
571.87
462.98
102.26
29.58
350.92
719.6
528.84
542.81
341.58
401.43
92.44
560.15
786.94
197.85
537.93
382.32
768.48
577.63
24.06
506.73
455.72
99.24
395.85
408.44
157.37
546.12
577.28
292.5
339.02
212.58
706.76
794.93
308.77
557.19
357.56
592.83
749.72
257.38
537.2
474
414.12
149.54
366.36
63.72
547.31
752.4
249.67
380.14
509.51
152.62
661.59
278.65
27.34
93.93
629.91
50.6
249.25
666.13
138.91
135.78
663.23
18.14
210.35
386.3
11.93
217.22
344.6
561.9
58.74
505.39
462.32
100.71
171.61
187.89
299.17
305.11
795.11
769.52
590.85
786.95
417.92
249.63
697.98
543.03
159.63
329.5
175.86
227.51
688.33
441.34
317.74
532.31
120.28
257.47
473.05
385.92
127.59
400.88
213.37
517.16
28.46
70.06
38.19
427.64
732.77
441.81
352.71
207.2
101.1
799.23
412.26
623.49
11.06
548.75
314.09
187.03
437.85
242.23
741.2
456.39
109.48
86.43
547.97
304.09
509.02
191.35
543.97
576.12
701.7
444.18
143.17
207.97
356.92
141.72
439.79
332.22
229.82
734.16
245.21
194.61
599.51
757.04
534.31
147.2
630.57
413.52
90.16
609.41
620.11
114.91
693.59
66.53
610.85
247.79
324.37
439.32
705.81
297
216.48
769.01
349.86
746.73
204.23
232.11
228.9
634.61
150.63
726.53
641.27
646.13
676.83
47.74
213.01
634.4
740.92
150.57
703.52
580.94
786.72
32.76
588.48
777.03
384.08
470.87
437.02
662.85
33.08
299.98
623.11
600.71
470.72
780.59
394.85
724.18
311.06
83.57
443.41
396.81
797.03
86.92
301.84
311.98
459.88
184.4
307.85
165.46
507.73
767.55
675.02
788.66
561.59
69.32 /

COPY
	PERMX PERMY  /
	PERMX PERMZ  /
/
MULTIPLY
	PERMZ 0.01 /
/
