---------------------------------
-- Permability values for SPE9 --
---------------------------------

-- Permeability distribution visualized in figure 5 in Killough's paper
-- Killough says 'The input data included in the distribution to
-- the participants included a geostatistically generated 
-- permeability field'

-- The values below are taken from Killough's dataset, they are
-- not based on the figure in the paper.

-- Explanation to how the data in PERMX is organized:
-- Under each LAYER (i.e. K-value), 
-- there are 25 ROWS (i.e J-values) under which there are
-- 24 entries (i.e. I-values) 

PERMX
448.42
311.63
170.81
21.38
73.95
63.96
267.26
188.95
507.27
759.67
312.97
511.05
737.06
179.05
20.57
708.69
463.42
771.66
277.79
128.63
235.36
85.72
716.01
244.77
284.48
174.38
556.18
384.66
116.44
74.75
573.12
7.8
400.54
560.2
363.84
724.5
554.18
590.09
276.47
277.03
145.16
401
148.4
167.1
134.53
754.55
405.82
62.61
432.43
147.17
172.15
611.88
48.51
199.66
776.01
475.18
616.52
369.95
115.41
298.43
537.08
426.72
167.22
90.79
21.53
540.6
122.04
208.97
617.99
295.02
67.43
71.38
572.23
3.93
104.11
598.2
763.38
178.78
95.56
44.07
767.28
302.38
457.34
703.92
725.52
693.78
297.02
677.02
229.24
625.77
791.04
649.95
52.51
5.21
645.88
12.55
124.81
755.47
142.44
661.47
735.14
14.2
404.53
283.94
287.71
741.5
95.59
594.48
99.8
531.11
586.81
213.9
594.46
661.28
178.23
428.93
768.36
68.33
491.18
18.49
735.08
692.94
286.18
278.57
642.16
508.1
475.81
371.34
351.01
389.85
697.16
622.88
461.2
310.18
306.26
707.31
336.61
307.18
233.51
126.86
390.48
671.82
477.99
157.92
435.09
93.13
640.69
743.78
523.72
30.82
190.56
285.66
447.75
701.75
556.78
534.97
103.34
762.91
392.77
755.87
734.53
629.14
794.88
571.45
738.77
795.95
617.66
280.77
390.51
220.8
201.99
641.27
192.06
688.36
717.68
13.98
324.53
246.38
76.44
44.07
116.31
546.81
156.08
139.11
637.79
66.89
540.29
84.03
70.16
480.7
442.16
765.48
384.82
473.49
5.66
775.55
276.21
120.96
748.37
723.4
348.26
796.72
21.18
571.23
718.4
714.74
293.69
529.12
299.59
184.65
518.93
378.12
198.31
136.52
393.65
764.05
487.94
190
501
716.38
228.53
741.78
502.86
285.35
141.53
305.23
60.47
522.79
392.15
218.34
103.08
730.15
265.19
332.54
138.09
781.04
413.97
783.92
106.65
363.41
447.89
535.24
379.02
388.35
184.5
554.5
729.45
515.27
450.76
755.67
208.18
112.59
384.98
339.84
91.06
630.39
213.67
211.22
587.29
156.3
45.06
77.75
300.76
588.12
2.52
754
794.28
336.79
651.33
648.6
86.78
792.05
246.93
706.58
385.52
289.51
516.23
290
745.92
502
313.89
247.02
225.24
726.3
286.54
476.84
776.65
575.01
665.36
648.88
517.47
93.81
718.81
49.85
34.87
225.71
72.63
229.73
696.09
441.05
61.6
572.1
799.73
641.37
242.47
716.72
379.48
739.46
681.72
237.69
477.04
445.31
659.89
389.94
418.16
452.48
682.82
511.43
603.33
142.71
724.84
471.4
511.05
153.29
319.46
616.19
293.1
651.67
616.93
610.5
350.28
87.49
711.34
736.39
687.81
417.01
687.96
454.83
528.52
187.29
235.25
140.83
552.22
375.55
184.6
187.19
761.82
383.81
578.74
657.67
138.89
732.5
115.88
180.02
436.33
393.91
760.17
646.98
275.96
516.49
304.57
174.41
440.33
331.84
192.09
432.64
611.08
584.14
703.31
147.49
88.26
305.95
262.15
88.39
390.77
481.65
607.07
657.21
251.12
732.88
58.73
600.7
327.18
261.42
383.09
169.55
319.12
698.91
759.1
232.1
178.02
786.17
613.25
30.7
336.23
735.83
94.61
583.13
752.46
308.83
244.91
572.33
13.31
355.62
305.39
267.03
541.77
16.71
583.24
669.43
14.3
408.49
371.68
95.21
544.8
480.36
486.48
277.39
599.95
645.22
14.29
198.64
25.66
227.77
499.87
166.49
248.06
291.9
654.47
186.08
494.37
255.49
778.88
310.26
605.96
656.22
375.04
242.33
331.02
562.52
794.22
188.34
603.88
661.95
425.11
92.35
711.71
425.12
27.24
237.77
534.33
129.12
50.51
442.13
186.62
196.14
673.09
198.57
287.69
719.75
71.92
171.85
794.64
383.65
641.52
679.64
435.2
112.63
224.22
390.38
797.32
67.14
165.89
219.75
331.82
437.75
52.81
796.03
303
423.31
528.71
310.55
473.46
322.63
752.45
245.08
567.6
616.6
139.91
180.28
140.36
681.92
568.13
194.41
624.39
47.03
168.02
148.22
255.59
799.15
93.63
506.88
347.05
422.53
169.34
532.25
529.97
84.42
790.39
148.43
18.67
563.09
42.37
784.39
520.8
365.83
86.67
238.34
524.39
686.67
625.19
76.24
279.95
50.82
674.32
356.2
257.28
30.76
544.81
778.71
466.97
116.83
190.34
214.62
370.47
387.51
85.26
670.18
233.3
348.64
668.49
665.56
84.01
370.99
697.71
123.13
286.22
72.75
562.8
453.3
339.41
352.78
123.15
780.39
569.96
723.22
759.78
740.94
218.01
462.38
386.64
674.28
57.73
707.06
641.16
111.33
488.85
723.13
77.34
711.13
643.51
114.27
586.25
688.52
165.55
71.94
349.91
257.67
280.5
183.44
62.33
529.82
25.01
242.59
687.9
641.54
345.31
266.42
116.52
340.36
782.1
370.44
789.57
626.01
616.21
673.9
483.24
506.11
549.05
704.67
224.4
589.38
87.23
165.96
526.26
619.65
10.33
282.44
212.43
248.02
340.08
780.98
177.56
36.45
49.45
385.99
454.69
416.73
751.55
360.39
575.25
799.68
645.1
227.57
590.25
349.34
783.21
262.09
197.74
266.78
223.36
222.78
740.83
409.33
62.44
243.98
199.31
79.7
484.18
222.78
309.97
551.2
770.5
109.33
796.21
464.93
497.11
144.26
112.55
20.54
245.65
57.89
273.38
78.71
722.38
274.33
404.64
519.65
776.73
362.25
719.01
113.04
391.28
466.16
15.96
353.79
243.24
52.08
290.71
135.59
722.98
53.73
689.41
38.67
329.63
309.48
569.73
779.29
96.06
785.24
560.53
576.2
205.4
392.92
569.88
606.26
603.95
722.5
541.21
242.86
540.79
477.78
539.5
477.66
660.84
103.63
159.43
725.18
435.02
398.88
171.43
761.82
795.21
293.17
473.08
538.05
309.78
316.27
772.84
58.63
543.52
218.17
384.75
443.26
408.04
594.3
260.24
89.93
414.11
492.69
242.47
333.29
86.98
275.93
730.08
513.15
42.21
306.79
79.76
0.61
34.35
98.32
197.01
138.52
790.52
224.18
162.03
443.48
223.81
52.69
24.14
112.93
617.07
686.44
679.09
214.95
177.39
420.89
543.43
504.97
544.21
469.18
272.04
353.14
709.66
546.84
275.4
743.95
142.83
653.45
146.64
469.26
303.87
51.37
441.68
716.41
127.59
402.57
434.04
73.6
302.35
212.04
378.66
730.03
264.61
20.28
126.72
694.85
662.29
400.75
68.29
232.86
790.18
694.25
241.39
696.34
319.16
532.79
340.08
511.95
499.08
96.84
500.48
128.1
185.03
554.25
596.75
389.02
751.23
717.52
535.48
611.44
162.76
715.29
653.71
614.14
711.58
211.8
448.21
348.13
60.04
543.58
188.08
784.95
699.5
193.6
414.58
756.72
629.83
402.8
493.61
658.52
528.87
770.3
286.47
316.65
778.89
731.05
360.01
627.63
524.43
195.87
363.55
54.4
496.91
292.85
144.63
58.04
700.11
258
185.77
410.51
633.25
495.45
321.28
561
776.51
503.11
109.65
600.82
485.33
171.9
463.29
180.98
337.38
3.26
38.62
109.56
135.46
286.57
666.09
306.19
659.63
231.31
458.74
700.86
463.8
518.83
123.09
176.53
2.2
681.33
492.1
655.76
772.31
437.15
540
783.58
547.9
408.18
632.45
239.79
600.62
504.18
375.52
181.58
327.09
285.65
219.66
586.04
259.72
398.13
702.8
24.36
588.58
765.92
631.12
456.75
534.77
140.94
183.34
530.33
668.13
361.16
287.23
727.67
360.08
240.64
272.09
670.84
361.98
724.02
359.11
198.85
101.61
629.65
629.85
28.8
62.84
278.26
256.87
331.75
523.69
174.43
288.17
312.12
607.27
354.19
468.96
749.09
311.03
663.99
546.21
334.96
145.11
475.6
710.09
376.83
382.14
111.96
437.92
263.62
91.29
112.27
74.17
382.01
579.67
31.83
466.84
707.2
316.37
88.98
477.44
734.79
484.71
425.96
736.94
132.3
569.31
81.56
720.64
276.69
532.03
386.78
506.89
366.89
303.31
401.24
41.41
688.29
575.3
505.63
406.06
740.05
319.37
697.47
448.9
146.05
190.51
293.6
677.67
615.95
87.92
255.99
36.72
702.43
324.53
551.32
153.51
373.73
628.55
534.97
31.67
318.93
545.11
370.29
314.63
450.79
583.82
513.2
80.13
83.81
204.67
317.37
429.67
523.83
124.23
286.58
156.99
532.58
352.73
247.94
10.23
664.61
212.05
107.07
465.6
362.2
482.89
384.06
598.92
396.72
786.1
745.56
81.04
391.09
75.11
576.83
97
716.26
277.21
311.78
25.07
419.33
341.88
457.82
57.27
777.41
490.08
129.21
188.9
152.83
727.26
68.64
672.43
771.25
771.11
177.11
112.19
5.97
6.97
669.25
76.94
532.72
791.22
320.37
352.73
382.95
7.78
103.84
222.43
263.96
391.79
152.83
732.53
784.83
245.21
419.07
476.57
289.63
597.87
598.9
359.12
466.07
658.53
226.44
680.89
550.49
550.42
234.66
708.64
562.49
329.41
247.06
404.27
99.18
587.99
277.74
775.34
775.05
267.88
798.79
575.7
600.51
544.23
752.88
477.88
601.41
609.06
780.37
25.87
281.01
235.77
754.26
129.64
134.43
502.03
472.31
468.66
258.9
674.67
223.87
792.83
37.5
300.69
758.13
263.07
430.8
625.72
76.42
53.11
166.63
81.69
73.46
595.49
348.98
573.24
354.88
459.07
500.35
715.24
116.83
316.29
626.53
383.57
271.21
33.93
467.39
9.15
595.34
188.62
115.84
416.23
787.62
767.72
7.89
128.7
496.24
349.33
458.96
424.02
113.85
424.77
526.78
433.38
177.48
763.35
512.16
336.57
781.38
215.04
700.68
309.53
202.29
517.14
784.23
281.51
480.84
125.27
487.22
532.17
330.59
18.4
792.78
782.61
195.35
774.03
361
75.83
513.05
540.16
27.01
138.12
654.14
558.96
473.33
18.19
131.96
531.8
620.37
439.21
420.74
288.89
244.5
438.2
10.54
258.43
397.77
6.27
373.42
510.74
606.18
344.6
219.43
155.02
226.97
23.55
339.78
43.39
48.18
447.95
323.72
211.04
291.82
549.92
327.45
622.48
112.78
16.9
790.11
600.07
157.41
214.35
466.83
4.07
430.63
2.26
708.06
684.87
529.22
173.41
276.64
402.86
638.24
390.84
246.17
41.42
65.63
7.84
590.21
324.55
348.11
594.04
502.65
667.45
307.86
65.17
469.37
309.4
97.53
359.73
394.7
459.22
329.64
19.33
142.6
35.9
11.55
146.52
87.78
469.06
476.71
215.67
548.95
252.01
348.95
215.91
726.57
796.88
798.04
0.35
58.51
125.37
706.03
740.6
264.52
365.99
205.76
615.41
570.35
270.92
491.85
348.73
120.77
555.59
66.86
492.51
111.13
503.71
549.81
594.04
269.31
505.15
415.79
606.3
112.43
594.38
742.6
799.84
768.77
448.42
228.36
331.61
693.46
399.17
273.12
61.01
695.12
475.68
676.25
298.61
6.27
434.57
115.52
618.92
128.33
400.24
99.9
221.24
526.95
416.61
100.25
622.25
603.01
258.48
108.06
537.62
714.04
238.6
650.77
246.43
793.97
646.51
405.33
792.83
755.87
720.99
276
674.13
697.96
498.41
314.53
9.04
555.27
485.86
329.54
633.63
408.09
149.02
779.92
181.74
139.18
186.52
591.31
271.86
561.62
237.71
228.62
185.73
120.81
501.71
790.36
677.19
404.21
686.24
619.06
567.38
454.56
125.31
331.31
539.99
600.61
73.96
342.55
169.01
389.71
285.2
288.41
517.99
707.05
356.64
744.03
419.72
102.64
216.86
93.56
22.66
42.22
579.14
645.02
164.84
352.53
100.26
636.54
134
378.8
528.34
415.8
435.53
90.89
619.45
394.06
235.05
385.66
673.12
288.56
426.24
451.81
23.28
730.27
204.89
41.9
23.79
43.72
218.49
604.12
585.51
338.43
15.94
490.11
313.66
187.38
404
0.71
572.94
372.27
472.33
396.78
608.97
63.87
372.21
204.41
461.18
695.93
308.25
252.46
692.34
407.5
569.94
659.95
555.4
708.82
159.02
150.63
373.31
736.94
641.57
340.13
339.34
2.87
611.72
13.89
448.2
7.68
214.88
263.57
409.23
318.25
107.4
284.94
509.05
648.06
33.73
318.41
629.27
166.16
493.58
266.77
23.28
141.88
46.7
596.14
133.59
601.95
652.05
650.47
686.73
621.15
327.89
768.44
535.14
646
537.54
354.45
637.74
322.34
323.48
633.12
591.1
515.12
329.37
479.33
748.17
565.43
327.57
443.7
481.29
542.8
642.99
788.86
611.19
424.26
460.16
767.56
520.67
766.61
128.81
772
428.34
72.69
516.97
727.04
49.89
169.48
754.95
102.84
638.33
8.88
242.93
625.99
134.83
353.76
235.64
280.54
494.46
315.55
700.06
612.85
168.65
431.9
14.94
390.3
657.19
693.11
39.9
188.35
160.28
354.86
402.02
313.36
270.11
516.42
437.92
328.35
604.52
551.68
289.65
637.41
177.4
212.06
714.73
274.46
547.27
795.63
241.05
136.14
721.88
645.75
509.14
150.19
712.58
412.42
557.48
645.39
358.71
755.92
182
416.45
262.35
302.49
770.67
316.65
580.69
767.26
437.45
455.41
578.19
523.49
397.28
367.24
486.5
773.51
424.67
478.37
265.44
436.29
53.89
602.56
594.23
552.24
141.72
239.76
613.01
426.02
4.25
102.66
324.03
416.76
279.85
406.79
523.47
406.95
456.74
447
557.06
200.47
116.03
445.35
561.08
18.97
338.04
330.04
679.72
107.04
201.32
155.12
227.98
325.32
682.5
351.22
610.68
141.35
568.63
713.84
41.27
413.89
462.16
167.75
376.5
462.25
692.67
484.15
366.7
355.6
252.58
226.96
399
177.74
275.74
550.25
174.97
79.67
616
638.62
707.75
297.69
588.4
273.31
738.39
283.62
653.89
558.75
273.38
791.09
228.19
768.49
603.92
440.45
331.44
675.65
343.49
716.86
349.24
151.48
307.56
55.83
794.08
256.33
361.79
361.69
291.37
353.77
612.12
667.35
21.77
629.54
713.52
222.28
641.38
797.84
35.52
597.71
478.56
83.61
573.88
90.96
453.4
600.12
349.96
258.72
590.68
215.78
658.96
732.5
590.06
202.12
68.29
457.96
412.57
476.69
309.49
708.57
36.65
354.89
536.88
626.81
347.12
709.9
113.07
507.15
164.41
589.05
413.89
799.05
478.31
542.6
525.71
720.39
636.88
687.3
180.64
466.28
597.34
551.89
364.87
264.66
402.55
240.94
464.91
764.8
501.71
730.86
355.31
434.2
15.14
635.63
39.46
643.58
456.54
349.44
114.19
702.44
62.64
578.6
332.99
494.93
126.26
3.59
661.03
457.25
645.4
571.52
657.94
349.57
595.17
94.11
263.93
125.84
36.69
12.27
434.14
110.99
468.76
613.16
230.06
142.08
107.72
151.24
513.63
234.89
679.89
213.62
155.33
325.4
397.1
437.71
592.72
576.17
219.88
503.27
236.31
605.33
505.75
577.87
654.85
324.83
502.28
518.84
166.55
643
637.19
589.05
299.54
430.35
547.79
327.01
46.9
139.84
577.79
796.66
288.5
320.95
221.22
302.89
699
52.09
297.75
49.67
752.28
56.3
470.86
532.49
232.49
619.11
444.32
85.23
723.95
5.12
742.62
311.46
569.81
634.72
600.9
4.3
52
691.37
431.96
19.47
460.24
410.01
108.59
6.03
455.35
286.53
578.01
658.08
690.51
616.4
795.25
202.05
545.95
473.94
728.83
474.96
725.14
8.05
86.55
253.79
282.64
251.45
542.8
63.34
556.46
37.11
612.61
111.76
792.93
650.84
429.33
268.54
416.08
585.93
739.18
247.97
701.8
147.78
702.27
89.01
716.63
491.13
335.26
120.82
602.16
346.2
158.68
249.28
722.56
761.98
211.56
56.83
23.48
64.85
329.38
272.31
361.46
730.29
218.46
283.23
395.81
284.44
572.74
210.35
172.56
19.93
542.77
338.83
148.41
696.49
306.31
612.09
462.24
162.09
291.11
402.53
797.18
171.25
518.32
169.52
99.99
772.42
768.58
90.14
466.44
295.68
514.68
198.75
67.53
686.38
679.19
103.8
406.68
492.35
495
148.75
235.21
75.45
84.61
758.52
91.1
379.38
770.58
198.5
440.97
506.21
797.09
346.45
699.58
165.54
184.49
453.23
7.93
748.98
620.78
267.52
265.81
68.77
571.99
354.94
777.07
68.03
433.29
48.51
484.16
574.7
186.09
315.64
422.07
666.7
149.64
708.15
117.62
649.12
532.89
73.2
652.06
602.34
703.68
331.66
757.66
46.49
40.88
249.22
249.34
645.96
509.75
596.9
62.85
658.58
19.57
61.42
69.83
165.59
656.29
698.99
367.05
443.86
214.38
503.45
649.54
296.31
575.34
395.03
584.45
304.96
324.11
579.22
204.57
114.92
369.51
361.1
580.63
32.46
92.9
170.69
488.08
102.39
755.86
158.48
295.61
440.21
2.67
260.24
628.28
308.59
297.79
470.47
338.39
735.18
51.92
7.74
118.99
186.61
412.28
405.42
190.37
597.02
347.8
266.69
333.1
7.44
72.45
578.98
586.67
647.19
15.85
259.19
531.7
478.09
489.34
55.55
455.83
458.14
669.95
449.48
363.8
244.29
470.03
330.17
59.05
94.66
165.07
511.28
371.56
720.95
519.01
74.68
322.18
227.17
88.71
786.95
454.12
275.26
97.96
156.58
242.97
537.36
392.96
200.7
313.07
258.88
46.16
337.41
76.7
396.08
67.18
359.18
741.52
533.58
771.42
546.83
288.88
540.28
89.76
228.35
569.78
219.99
223.33
509.21
540.62
476.4
661.03
425.14
463.61
129.09
618.8
618.26
22.51
216.31
389.27
147.9
651.3
767.82
540.53
5.64
494.88
755.74
137.69
62.52
572.79
506.47
151.88
658.77
702.6
548.04
484.6
73.66
60.87
516.66
590.77
581.83
275.06
451.79
619.99
247.65
142.16
617.8
777.57
216.06
552.51
497.14
13.08
194.88
369.3
44.73
600.23
673.51
676.96
721.69
451.2
719.16
173.38
505.17
752.48
151.31
25.28
159.63
313.6
517.42
446.26
623.18
602.93
636.27
29.52
576.31
607.61
317.37
250.51
694.7
252.3
762.76
701.99
28.1
357.97
757.53
130.13
389.65
565
378.02
206.27
69.18
522.5
360.38
746.87
292.17
103.91
677.05
685.78
128.6
241.71
72.65
237.39
648.03
244.34
177.82
688.14
33.7
679.6
530.83
790.62
576.62
46.07
584.57
688.56
262.01
178.51
456.05
427.01
312.04
134.89
242.06
461.72
703.23
481.84
354.61
159.53
463.87
452.29
14.95
569.23
773.6
148.75
288.68
782.73
703.39
28.29
416.78
572.02
633.07
94.27
719.37
458.87
393.81
753.79
428.33
744.66
284.79
204.13
387.52
720.21
8.5
521.34
412.36
703.67
654.6
625.4
539.34
331.18
591.71
743.58
401.92
16.86
396.4
136.37
334.59
129.8
235.72
506.39
183.44
361.12
733.87
541.61
227.34
637.68
408.64
718.65
416.38
99.24
11.45
226.54
343.38
232.75
292.43
582.92
439.02
6.55
88.24
164.5
757.76
289.96
249.35
117.23
363.61
536.49
191.86
613.57
565.69
496.39
544.75
528.23
799.43
199.55
674.57
410.78
173.52
21.61
297.35
638.63
505.77
54.97
230.61
200.27
652.47
67.42
717.55
474.59
596.28
45.58
141.33
717.46
566.02
387.5
635.48
492.75
625.19
549.73
579.49
177.07
362.87
324.46
512.3
278.92
334.64
360.14
497.95
99.71
316.84
430.03
479.03
275.45
432.9
719.55
719.54
84.77
50.91
33.58
336.33
749.84
504.02
259.67
518.22
475.52
523.93
27.28
795.87
123.38
725.06
339.45
587.5
793.02
693.46
763.27
584.54
571.31
78.84
62.06
230.06
546.23
57.81
648.51
275.39
313.5
273.7
470.26
291.68
682.32
566.83
327.29
783.18
345.74
575.04
551.8
150.13
511.47
592.46
292.92
127.45
125.59
728.33
598.24
286.22
383.12
776.36
571.08
4.42
174.4
451.7
507.66
605.44
112.31
706.78
743.79
4.72
370.1
102.1
479.1
798.55
759.72
425.43
79.02
37.98
681.33
768.94
106
624.04
553.13
215.37
335.47
716.69
504.52
431.54
525.17
61.88
207.99
590.4
58.92
281.79
724.23
567.05
797.97
328.82
347.6
442.49
10.97
220.56
489.84
90.12
174.57
328.55
175.73
533.65
67.63
794.51
577.48
218.71
61.01
302.13
118.1
308.01
520.23
728.16
586.13
271.49
60.24
282.46
190.35
677.99
559.96
625.39
362.38
68.97
151.81
307.74
541.8
116.29
345.25
664.36
74.8
388.93
728.96
299.66
795.5
484.51
286.34
217
710.45
229.45
123.82
139.7
317.4
494.08
639.46
53.84
139.99
307.39
48.79
359.83
571.23
379.82
220.84
668.52
689.14
211.32
211.49
407.33
43.6
257.16
43.21
788.84
720.09
368.07
122.33
263.41
633.61
457.53
558.62
788.73
428.03
489.13
246.24
756.54
572.9
355.01
149.7
511.93
154.23
505.38
683.85
78.31
638.05
482.48
211.6
122.83
264.98
32.07
572.56
124.61
547.55
117.59
337.77
649.19
514.66
572.66
496.92
720.97
664.6
449.35
53.13
697.05
340.3
258.76
568.2
380.14
609.77
573.44
723.81
604.63
729.43
429.16
794.99
662.63
511.97
20.46
758.19
364.76
60.6
414.66
376.76
49.8
116.84
581.79
61.89
464.85
441.08
251.2
665.82
471.28
144.72
271.49
456.54
438.66
28.78
164.87
490.66
664.11
453.59
679.07
705.39
418.71
306
92.85
487.25
241.02
185
382.29
624.83
369.98
616.41
51.88
189.5
379.55
746.74
272.49
516.48
81.5
291.8
314.77
447.55
295.27
54.66
155.32
75.98
80.04
223.13
519.09
787.75
751.04
510.9
83.94
642.03
379.65
222.27
752.46
733.85
119.64
365.47
94.55
57.69
19.68
505.19
258.13
158.52
413.96
670.78
106.26
457.26
469.64
239.87
122.75
257.2
535.04
23.87
701.29
290.63
59.61
588.24
185.43
409.14
679.9
40.9
496.62
600.63
604.53
319.58
559.7
535.68
223.09
479.64
618.86
328.88
662.86
457.96
675.21
199.37
203.64
733.47
126.07
212.1
473.54
0.51
738.77
393.8
409.14
163.15
676.81
91.28
358.98
54.87
461.9
168.39
296.58
87.42
631.65
346.89
181.45
383.56
515.32
786.41
788.59
523.84
370.18
56.42
323.74
541.49
17.39
33.47
26.99
583.02
62.57
113.37
589.97
606.25
106.68
64.09
591.03
710.63
581.5
240.97
673.17
459.39
263.97
161.11
213.34
272.42
127.31
262.6
123.7
58.41
567.45
388.39
630.98
115.82
100.41
740.56
468.07
645.6
432.9
37.57
513.56
34.55
491.26
728.66
638.99
534.33
41.97
372.87
713.21
638.06
433.41
290.23
535.72
312.24
272.15
433.17
294.19
623.02
627.12
787.39
374.12
388.23
396.78
626.37
73.94
458.44
716.53
92.1
109.89
508.45
162.43
671.83
736.38
355.25
411.34
247.62
225.22
733.61
665.16
609.13
746.13
362.07
741.41
318.78
206.54
124.23
537.11
594.73
620.15
305.64
374.09
460.84
393.48
344.36
48.72
361.51
537.25
262.24
495.12
124.62
339.81
488.24
203.09
637.19
2.98
613.17
532.07
105.59
708.8
404.02
245.34
2.25
353.42
304.25
591.31
725.59
272.07
143.61
244.64
528.54
628.79
444.74
347.97
463.15
694.41
681.82
12.43
256.58
544.73
461.21
497.28
571.4
465.97
411.13
14.14
716.28
637.66
746.33
8.93
149.31
325.23
416.35
758.81
616.53
764.7
115.72
527.99
370.81
248.04
708.28
309.56
742.63
577.42
12.98
329.19
569.16
17.48
67.82
601.09
557.78
770.63
651.2
216.04
419.99
120.86
207.03
578.92
82.92
603.25
429.49
696.8
188.28
209
493.9
278.99
19.94
576.68
48.04
514.99
517.43
741.43
375.67
3.06
681.64
319.39
676.89
626.34
787.14
125.37
382.43
383.97
622.01
35.9
536.91
472.77
236.17
752.69
572.08
225.4
359.85
618.08
628.49
54.76
35.52
417.53
193.31
593.32
269.47
309.8
584.16
492.13
64.39
249.26
740.25
234.24
776.65
784.44
412.99
384.93
341.75
340.34
583.36
512.93
766.25
766.69
114.51
696.33
527.58
497.28
714.34
30.03
781.03
794.14
256.68
588.21
447.16
298.13
302.72
506.86
369.13
270.19
498.5
170.31
787.28
237.8
457.12
38.12
119.69
335.56
186.19
588.24
700.14
562.21
67.41
154.07
594.09
124.28
344.46
448.84
708.41
54.09
91.42
694.45
553.62
193.49
692.46
277.43
551.4
510.43
666.97
574.37
74.6
346
779.04
567.82
750.35
619.86
114.48
40.12
573.09
688.6
142.02
415.95
470.39
737.44
590.25
39.57
329.46
355.38
74.77
197.3
616.65
198.07
647.12
743.67
448.81
174.67
461.21
309.72
735.09
402.78
579.15
407.84
281.68
43.4
262.13
751.91
134.35
712.27
314.44
792.88
307.58
490.62
513.93
2.47
645.84
774.64
546.54
736.84
83.57
32.16
151.37
232.82
115.22
199.41
32.42
660.72
281.62
58.88
492.87
570.73
118.13
174.89
130.65
289.17
85.27
493.59
412.77
562.39
102.48
712.4
558.3
394.53
655.93
546.76
601.57
382.42
642.43
2.05
779.01
31.14
459.74
239.04
799.14
620.65
11.1
686.38
458.77
606.88
401.26
95.58
632.12
176.34
775.68
414.4
440.37
70.28
235.74
776.7
785.13
48.62
137.99
523.31
716.09
297.04
354.41
121.41
353.26
756.72
131.09
454.98
60.78
441.44
36.95
270.73
25.74
75.06
538.52
353.18
40.88
716.7
641.2
89.71
227.61
749.13
671.68
579.34
325.72
419.92
206.88
224.9
21.45
25.46
257.5
592.29
601.84
360.95
265.15
565.69
275.53
434.93
611.29
220.41
527.81
217.7
395.56
794.71
509.57
413.1
509.78
720.52
780.38
648.45
10.05
143.8
504.64
701.34
137.24
8.87
275.51
15.8
752.56
210.17
136.08
193.3
170.04
646.46
599.87
516.42
783.73
161.77
351.46
644.52
408.95
58.72
599.11
390.47
782.89
276.28
480.37
624.36
324.01
209.98
426.51
455.23
451.98
48.83
684.83
426.01
41.23
373.05
632.51
798.48
48.67
755.08
637.4
285.31
642.45
267.31
194.98
707.85
251.41
727.64
464.96
638.89
601.97
550.81
255.57
519.3
57.27
15.99
490.7
123.81
690.84
41.77
570.76
352.83
119.38
218.05
270.39
71.87
491
160.3
337.18
33.59
563.45
351.78
583.3
640.09
66.11
448.48
433.11
376.84
126.57
661.13
507.14
83.53
362.57
748.67
130.36
12
73.09
582.79
236.04
347.66
167.52
161.1
233.2
534.23
329.3
391.87
204.66
209.34
355.41
30.5
471.12
758.77
698.84
79.93
141.01
641.84
218.27
295.76
258.62
347.32
240.42
167.13
254.38
247.42
136.86
264.15
729.48
538.38
530.45
230.5
172.4
175.72
683.48
306.15
465.39
594.75
88.9
368.33
768.43
595.18
564.84
55.19
693.35
760.83
300.1
583.83
540.27
664.44
633.49
422.93
35.83
185.44
410.51
66.31
497.94
468.35
515.65
447.25
22.49
615.39
716.15
372.62
538.2
318.97
408.55
652.15
796.3
795.69
656.66
362.99
394.46
106.04
108.75
337.06
524.52
537.53
51.1
420.32
670.57
542.06
40.18
534.73
576.37
253.8
468.37
254.1
701.57
292.57
240.84
126.94
149.18
473.9
536.16
787.35
334.63
220.95
621.27
764.56
669.24
175.47
27.35
49.97
585.46
410.04
499.99
255.27
32.59
690.88
161.95
656.45
109.63
428.33
182.74
244.49
405.93
259.75
418.13
103.37
233.28
522.08
721.58
373.69
238.74
146.84
706.26
443.41
572.12
784.54
293.25
201.05
679.64
572.86
636.21
751.15
668.39
582.43
464.3
332.42
568.54
614.16
514.34
302.98
520.03
15.2
565.24
774.96
51.83
757.16
123.07
557.05
773.84
495.73
716.63
440.6
441.86
418.41
691.07
402.34
264.55
359.34
567.02
662.67
150.73
495.43
527.66
685.85
425.44
686.03
255.5
191.49
325.55
117.93
443.16
624.9
113.94
718.73
524.49
229.19
71.64
352.81
401.41
365.39
579.8
513.27
374.71
755.57
469.12
496.94
434.1
65.31
294.16
31.02
394.41
663.3
187.62
32.36
715.4
671.08
444.39
46.92
641.67
251.29
71.4
43.41
775.95
359.21
297.37
647.89
737.58
165.29
155.46
482.67
322
29.86
472.69
85.73
210.89
75.53
131.59
176.67
284.71
303.71
523.88
602.36
86.09
740.85
566.13
406.98
428.5
420.93
571.33
275.68
617.6
491.88
519.16
648.77
711.75
209.5
469.84
169.32
757.94
786.37
260.93
360.41
394.75
468.13
291.63
404.04
38.48
145.78
666.8
461.67
137.33
349.63
797.78
16.11
20.74
559.48
163.38
684.75
493.37
277.62
533.18
192.7
560.89
586.66
505.89
209.9
269.82
669.23
251.63
548.01
609.39
203.4
609.74
613.72
343.62
440.46
589.46
61.14
376.4
324.56
203
252.78
679.25
289.35
456.63
785.96
489.57
115.51
20.07
198.87
57.59
666.9
183.72
341.2
545.53
460.33
202.28
346.8
136.14
154.2
252.58
688.08
790.99
655.24
71.39
312.07
148.92
506.95
345.52
5.34
713.31
721.69
427.94
345.79
737.32
240.62
466.15
606.06
23.66
166.2
221.24
385.81
2.72
41.33
275.62
36.97
524.53
209.31
643.32
10.91
408.43
591.86
90.94
116.67
622.04
205.08
97.42
416.25
548.85
59.79
134.23
67.84
636.82
99.03
191.17
169.11
158.41
545.9
656.79
229.15
410.88
118.7
441.79
469.31
69.41
120.82
180.48
236.38
98.9
173.74
199.23
589.69
74.1
109.99
450.63
779.04
14.49
681.86
437.56
642.86
719.08
755.17
475.65
370.05
715.91
312.04
787.74
51.24
586.54
415.42
130.64
690.18
134.09
465.62
784.66
90.12
559.99
51.05
653.33
765.71
546.26
195.55
146.91
557.33
341.33
464.56
495.15
556.4
758.2
120.18
289.92
221.76
702.5
798.99
752.63
741.11
779
308.57
385.27
486.66
382.45
296.41
78.49
637.64
116.53
66.05
26.03
266.51
556.13
201.5
511.11
438.65
417.76
107.58
780.54
605.5
402.24
3.2
633.6
663.27
122.11
345.63
354.15
426.03
511.58
645.85
599.29
65.45
137.72
584.87
46.07
344.32
271.36
81.7
463.1
473.97
484.62
79.41
483.4
480.17
484.66
121.17
449.24
267.41
476.55
453.05
671.76
94.75
359.95
488.17
506.39
320.03
536.8
639.25
423.63
396.53
333.29
257.09
659.28
622.28
56.56
646.87
415.5
785.7
629.29
113.08
678.12
629.33
549.57
121.7
512.14
678.71
148.48
794.66
400.59
468.86
58.78
145.27
749.74
346.77
701.35
189.49
255.44
18.37
59.21
230.21
80.07
41.39
64.19
768.98
556.13
11.13
364.31
556.96
187.98
224.68
621.06
210.98
795.41
198.89
3.49
237.78
288.06
645.03
341.09
446.7
163.41
483.88
361.25
328.5
384.78
65.06
232.97
305.95
97.58
738.57
448.67
736.68
387.59
113.35
706.43
584.49
692.45
476.4
32.96
514.52
264.22
478.31
556.72
133.64
142.31
716.46
630.43
0.35
421.38
152.39
407.86
493.53
709.67
250.71
679.9
720.67
42.86
530.27
519.69
440.48
48.73
634.94
25.14
496.19
326.25
475.68
34.39
23.85
169.35
125.45
382.14
132.47
611.87
197.86
458.72
548.02
571.71
741.41
755.89
554.36
20.41
262.77
446.2
756.08
541.22
313.5
635.57
196.84
765.39
775.96
567.11
718.78
317.31
653.57
694.71
562.69
192.25
496.54
74.34
684.68
547.48
594.78
194.35
372.86
325.97
327.54
319.47
718.82
148.38
655.59
9.5
308.45
10.18
344.72
733.93
87.05
16.09
671.37
534.53
353.31
641.25
426.23
179.07
285.08
82.66
28.33
299.74
756.76
786.02
268.36
673.5
179.05
318.46
755.66
533.45
272.55
405.86
241.8
350.97
556.46
275.59
72.57
455.06
207.62
491.06
146.62
744.92
616.23
465.98
771.48
413.57
150.92
265.05
571.56
8.31
132.8
430.5
27.38
693.67
235.79
552.2
326.96
700.64
622.53
136.7
551.45
646.66
47.77
740.43
246.63
799.85
13.01
700.69
65.61
310.83
792.38
407.82
334.18
644.72
30.89
192.19
542.52
724.63
418.03
445.26
687.63
95.67
14.67
270.71
330.36
117.05
302.84
266.55
63.28
222.46
746.58
377.81
539.33
30.43
499.49
576.68
761.38
716.43
552.9
576.55
548.97
417.6
450.09
546.39
630.56
725.84
108.04
708.91
10.96
459.38
257.5
149.04
232.74
518.87
300.32
329.53
799.89
744.55
26.18
602.73
627.96
87.59
372.55
637.05
57.5
250.92
547.56
226.38
109.8
446.68
666.24
54.44
159.06
101.39
355.82
760.92
701.74
285.91
772.13
326.75
427.2
367.9
232.99
578.42
439.38
14.55
78.02
514.76
299.07
421.25
751.53
62.02
707.35
789.25
778.23
675.71
232.02
40.29
52.62
179.11
130.53
13.47
274.41
285.82
274.13
409.47
197.51
633.66
139.31
397.82
746.85
39.81
343.59
652.41
710.52
124.89
45.07
656.75
414.79
125.68
738.54
62.18
626.75
686.24
41.16
470.92
78.52
163.13
162.11
627.77
253.35
108.28
374.75
424.29
302.11
313.63
706.69
799.62
570.24
459.2
204.77
543.39
646.29
217.44
464.29
50.12
14.67
459.77
405.2
205.12
680.51
323.51
429.43
587.39
480.31
92.02
785.27
207.92
136.04
750.09
740.56
767.43
379.79
191
506.96
177.79
8.93
275.44
434.3
167.24
181.1
684.06
322.97
694.83
178.03
394.49
733.38
426.52
134.38
705.49
365.13
84.31
91.55
153.46
108.73
525
458.54
96.22
703.97
773.69
405.62
210.75
138.35
119.55
696.53
69.79
504.91
234.42
262.85
79.88
525.95
476.19
369
65.42
122.98
277.25
487.77
80.57
247.79
222.18
728.03
290.89
1.92
241.53
124.94
407.15
208.16
551.19
724.84
748.66
712.55
115.17
435.75
395.13
711.94
168.15
511.42
133.17
169.63
355.76
676.34
588.47
87.33
654.57
400.95
596.89
303.19
178.18
351.04
529.48
367.33
95.57
206.62
246.75
408.59
231.22
486.76
326.57
375.81
254.61
633.06
414.92
320.43
353.93
447.01
781.29
623.67
563.96
513.06
681.77
262.78
177.92
157.47
244.07
535.93
432
778
198.4
689.56
440.11
73.37
614.56
330.82
635.44
216.76
505.12
573.69
763.84
58.74
266.89
702.76
426.72
578.33
136.76
701.47
125.35
704.9
26.82
515.9
303.09
415.16
76.85
697.97
261.05
532.19
340.98
317.09
2.41
501.88
607.32
4.85
656.55
747.04
368.06
415.89
297.33
181.84
50.15
318.97
249.11
134.49
0.38
672.62
11.1
460.52
187.66
29.46
414.54
283.84
240.77
339.6
203.23
647.85
3.18
538.07
597.34
322.49
508.88
559.97
506.31
15.92
254.72
593.62
305.58
320.36
285.07
552.56
739.21
404.72
684.28
580.92
16.12
363.16
31.63
208.35
142.88
148.47
559.61
673.56
633.24
260.05
250.81
701.35
319.65
593.1
745.46
179.67
307.54
418.75
209.39
784.72
286.13
395.39
253.29
409.7
371.04
747.94
630.53
190.47
482.41
360.46
254.73
654.96
321.03
343.07
430.74
726.6
552.87
562.86
21.89
529.53
33.54
74.12
76.65
125.93
195.21
363.04
621.58
589.5
367.04
563.38
405.14
439.64
244.32
574.25
212.59
618.57
440.28
792.78
439.2
342.16
70.96
458.89
427.06
219.1
725.72
108.55
572.88
265.11
298.65
426.81
326.2
32.59
793.71
677.85
527.32
571.86
355.24
329.08
446.56
61.75
281.74
681.51
171.99
165.71
673.08
440.61
628.85
43.94
776.05
31.5
630.91
168.32
648.82
194.21
103.93
262.62
667.3
0.32
15.4
726.83
561.6
256.49
236.38
589.59
767.97
7.96
686.45
252.37
633.12
434.66
174.73
718.44
435.13
258.12
5.27
763.3
181.25
654.01
323.66
503.51
244.63
742.16
723.79
695.77
163.73
130.88
218.91
454.23
255.34
444.21
594.62
655.58
681.92
678.91
743.78
300.9
528.18
109.17
206.24
144.01
338.51
506.58
756.79
587.74
319.43
334.53
285.36
659.94
184.45
790.58
174.78
523.58
104.49
304.36
580.82
104.8
338.81
494.89
691.9
403.28
317.84
520.7
776.05
416.03
404.92
224.09
421.14
429.03
37.74
474.29
696.22
591.49
454.56
251.13
661.67
462.02
516.94
658.81
700.63
490.07
373.74
348.98
478.85
147.15
54.62
87.67
285.83
614.46
704.29
611.45
311.19
173.66
691.65
716.74
441.64
477.02
179.17
576.57
27.8
504.62
390.27
700.58
387.86
665.43
362.63
3.83
294.41
225.29
243.88
399.6
401.26
81.69
59.75
25.3
212.75
781.69
163.06
264.93
744.11
408.55
212.84
656.52
236.22
726.47
339.35
528.31
187.22
32.18
553.46
755.53
762.15
182.62
705.14
185.74
156.58
620.07
786.28
420.35
578.57
276.81
539.75
72.01
494.78
788.86
93.44
411.86
604.34
716.41
444.45
524.67
536.74
28.56
382.07
225.3
258.74
692.87
197.06
159.51
733.7
787.29
358.23
263.15
582.87
331.5
571.33
456.21
525.13
206.74
342.5
606.98
578.22
526.08
19.27
480.55
401.83
278.57
11.37
228.23
407.67
421.53
632.76
311.56
245.81
529.21
298.05
353.38
469.76
571.81
81.43
138.01
159.13
722.23
291.58
141.33
100.23
657.35
91.92
292.61
141.1
447.45
718.27
335.22
59.39
222.35
246.33
125.21
95.99
757.71
226.94
749.77
708.9
292.78
168.6
282.51
589.98
252.81
576.23
142.08
550.21
306.77
566.15
751.7
553.4
412.17
106.93
752.04
204.75
430.41
100.72
347.24
669.17
472.52
393.32
758.12
628.5
514.09
645.4
103.81
650.13
768.8
779.14
9.63
40.98
411.33
241.71
623.72
11.24
440.96
201.92
147.2
143.78
585.49
116.26
702.96
470.93
731.44
153.09
720.85
375
517.26
353.47
531.57
196.73
300.44
368.45
34.28
398.53
616.41
287.77
511.3
598.35
675.16
265.5
248.79
554.89
509.57
373.85
474.97
330.05
470.75
560.71
729.06
527.6
653.17
125.28
377.02
102.59
129
222.59
401.73
118.86
152.77
171.17
731.27
730.35
89.42
548.21
671.88
346.34
728.94
77.82
379.11
8.81
81.77
18.25
166.4
492.1
290.18
666.45
118.37
511.66
369.4
568.47
328.51
708.25
710.55
793.39
580.08
671.74
441.29
696.28
554.01
332.02
458.63
203.24
92.98
16.65
273.04
304.69
228.83
682.77
66.53
369.1
180.88
345.9
290.43
755
6.54
438.71
418.02
47.66
369.12
568.35
635.21
507.8
217.17
710.48
91.81
282.51
451.8
788.9
59.7
85.96
552.92
760.45
641.24
623.84
49.86
58.35
140.65
711.87
27.59
321.87
654.32
38.57
330.43
647.12
617.8
158.71
275.75
6.01
202.24
703.04
703.3
762.15
417.36
65.04
326.26
599.31
14.15
715.83
762.33
538.9
777.62
782.12
83.41
532.15
782.92
481.03
103.66
681.03
187.89
460.38
728.29
650.15
505.1
482.56
538.63
168.3
646.38
391.27
38.58
609.47
762.8
238.82
416.51
192.54
75.66
292.67
452.9
341.57
441.08
268.07
718.82
140.39
159.03
311.81
75.59
792.36
593.13
667.39
591.91
175.79
413.23
721.1
449.8
58.3
442.71
743.02
276.43
616.41
140.85
664.56
590.67
396.4
777.65
194.24
36.38
210.37
347.25
522.06
785.16
725.33
185.53
301.14
547.86
342.21
136.79
592.41
308.74
176.36
20.4
534.52
246.27
696.1
462.64
690.61
85.33
678.72
201.42
453.92
362.76
387.76
361.05
529
462.7
99.04
232.06
434.31
282.6
347.6
588.21
591.21
295.92
88.72
80.2
24.65
521.61
297.24
365.39
490.69
350.3
577.52
252.26
240.1
297.04
461.88
163.96
148.18
496.48
199.25
658.06
41.33
174.73
683.42
172.04
119.02
65.33
333.03
84.74
567.19
684.19
78.77
534.62
79.97
549.4
699.4
22.93
513.4
206.15
713.33
20.25
401.61
222.46
613.34
386.93
756.28
473.08
379.15
85.88
512.89
683.2
52.14
138.31
591.34
381.12
62.67
558.76
626.32
260.37
383.69
638
259.32
315.49
777.23
767.52
323.29
434.93
209.27
169.96
170.74
526.93
144.87
188.37
282.19
30.91
702.64
623.67
208.28
422.54
741.86
202.49
257.16
771.29
115.68
351.82
379.9
23.38
641.45
1.3
418.36
351.81
766.55
327.52
769.32
275.33
276.2
713.03
721.33
10.55
723.43
783.92
678.57
663.22
720.76
464.82
549.48
417.44
27.13
705.23
47.63
99.02
187.49
791.2
544.24
179.96
118.95
674.19
45.95
254.18
517.99
619.25
448.47
196.16
221.37
587.24
263.69
70.56
731.87
376.41
790.19
297.73
759.98
100.15
424.32
759.72
482.16
582.09
650.92
169.99
703.2
242.67
632.98
83.86
734.02
52.74
476.36
608.53
570.42
515.55
369.6
622.74
752.69
527.39
260.28
455.84
336.3
678.89
125.2
454.5
247.59
703.6
641.99
407.94
717.43
19.41
465.81
321.94
533.62
501.41
287.19
710.2
255.83
263.33
651.26
649.94
350.96
703.03
263.9
303.72
736.23
617.51
232.83
460.36
505.45
572.57
466.22
746.97
63.23
7.81
199.27
763.8
590.83
28.81
195.66
43.63
345.91
782.78
216.21
382.7
267.44
404.42
377.51
770.62
521.45
746.53
47.68
200.32
628.15
541.39
350.39
675.14
230.16
178.3
551.89
96.53
524.74
343.15
45.66
785.62
611.51
630.65
795.29
408.35
538.36
61.19
370.13
672.55
83.67
195.59
726.48
219.25
351.65
483.09
741.46
201.32
18.38
351.97
749.23
15.75
744.1
746.79
477.16
218.04
46.86
88.75
209
739.46
342.16
521.24
75.37
539.55
252.12
781.98
591.27
647.38
301.17
292.2
230.28
207.68
82.32
216.46
380.39
83.77
738.63
193.13
626.68
563.48
9.79
136.33
685.48
92.25
534.14
676.37
796.77
45.27
374.81
661.47
50.46
384.95
98.72
665.11
503.16
615.04
63.34
304.25
319.84
545.32
179.15
478.12
591.65
119.89
61.68
783.09
4.19
648.86
325.18
47.94
756.82
553.87
229.53
671.99
177.41
570.27
705.1
779.24
340.19
147.23
336
138.26
753.15
329.39
642.68
550.47
535.87
663.52
689.2
136.59
586.41
604.63
205.3
41.53
605.98
50.21
397.94
698.08
186.72
655.7
721.88
692.22
396.1
122.45
67.81
444.45
413.09
749.51
750.78
281.98
664.82
626.78
380.87
741.15
419.94
363.54
166.83
220.21
367.11
347.3
457.53
604.73
629.61
285.77
478.32
98.59
373.69
624.49
246.07
53.01
619.3
395.48
294.55
796.27
120.02
161.42
365.39
223.85
728.75
499.4
258.88
798.29
507.68
228.82
513.58
279.89
45.41
528.84
495.27
738.4
186.84
16.13
546.37
16.47
771.65
629.87
577.22
143.87
726.44
272.35
517.52
636.41
630.2
265.01
271.78
788.66
579.02
303.61
317.64
612.04
341.63
611.87
353.18
671.08
232.68
587.31
553.07
241.84
580.09
268.79
764.7
410.73
208.89
753.23
711.59
34.3
213.05
42.76
90.97
411.83
424.45
654.37
781.43
124.44
784.74
516.1
423.5
73.91
490.95
435.99
542.33
756.42
592.61
154.31
702.11
479.49
137.22
790.64
289.27
428
750.01
671.54
505.83
794.26
793.67
69.89
226.76
532.46
9.78
347.87
625.66
68.12
302.88
535.04
253.62
391.49
42.74
201.41
505.63
676.01
406.27
715.16
98.24
263.69
291.41
635.34
688.52
796.85
572.05
311.9
750.11
714.42
630.59
174.53
618.89
642.42
472.27
557.92
730.74
575.59
734.26
11.75
195.92
248.7
96.62
655.71
327.66
364.45
439.75
378.31
316.57
102.61
343.63
383.34
197.74
288.01
368.38
416.51
546.82
653.6
791.1
282.87
613.74
62.24
522.34
270.17
713.9
185.09
718.71
170.11
506.27
205.46
408.26
538.26
644.64
755.09
202.06
362.8
499.99
701.53
734.69
435.61
165.85
125.05
283.17
16.23
430.94
761.52
624.16
239.03
666.58
389.7
219.85
688.68
95.43
659.06
244.55
796.48
76.23
371.44
634.36
615.57
366.52
369.54
506.3
684.88
779.72
479.85
83.17
316.62
479.16
341.23
412.99
476.32
131.18
153.17
788.3
708.27
427.21
731.1
293.55
568.86
775.02
79.74
200.95
596.84
210.73
257.66
753.6
461
69.26
204.46
15.37
202.37
52.67
487.46
551.36
542.13
538.28
713.84
658.14
373.58
165.29
625.23
206.27
211.29
496.92
634.98
779.71
537.53
153.98
756.2
719.88
555.28
315.18
505.34
476.66
124.23
377.7
337.52
29.38
236.98
64.84
17.85
756.02
15.99
479.42
404.66
368.58
592.93
523.78
360.29
599.77
44.13
681.29
160.66
17.49
639.88
572.44
14.87
77.64
126.75
376.57
510.28
61.94
722.89
395.76
538.22
108.68
111.34
446.84
530.66
347.83
589.15
306.76
768.15
103.81
554.69
96.83
635.47
585.02
124.25
286.85
44.2
632.17
83.37
660.71
137.93
34.72
24.96
688.65
722.13
32.59
650.53
739.68
682.39
266.97
610.45
146.89
539.43
705.19
266.88
202.28
134.32
389.33
618.8
253.21
715.87
467.87
531.47
335.76
78.69
82.02
123.9
158.13
485.08
796.15
795.68
450.28
253.8
543.11
190.78
295.79
660.41
43.46
238.23
551.97
410.44
564.26
246.55
520.44
539.41
392.2
643.96
165.02
298.31
688.62
270.88
537.22
151.05
546.55
514.98
624.67
571.99
216.87
641.99
799.47
582.72
696.3
750.65
697.94
155.58
22.2
438.33
308.18
746.84
211.59
777.05
710.26
513.31
583.42
474.16
531.55
715.01
140.26
782.21
683.11
183.62
331.76
768.85
172.21
662.96
705.69
277.18
182.43
436.42
421.23
311.51
15.58
771.03
527.24
90.03
784.7
8.64
25.26
682.09
301.89
626.41
170.55
110.58
188.62
326.94
600.17
577.45
525.3
750.72
681.98
10.34
137.05
551.51
166.73
37.25
526.79
131.44
130.25
538.63
618.27
710.52
718.94
153.93
586.61
488.39
661.07
347.72
457.24
466.32
297.53
663
388.87
114.5
583.76
280.58
430.65
153.71
772.51
298.18
346.53
189.65
365.99
92.79
283.62
537.2
298.66
35.39
290.33
549.8
115.74
416.99
468.81
364.68
10.61
292.95
666.32
228.07
601.11
613.31
435.6
383.69
54.54
74.05
649.15
344.52
647.74
532.05
452.04
24.22
133.94
508.55
314.17
150.43
276.33
208.45
167.46
258.84
385.99
579.86
565.21
509.49
685.08
582.08
200.63
245
697.69
66.29
563.24
406.73
575.06
152.02
451.73
610.1
369.35
675.61
735.98
754.22
141.83
373.19
414.89
605.22
251.52
91.32
422.09
670.31
635.52
29.45
583.8
10.68
121.15
420.92
209.39
189.39
636.7
119.47
53.73
767.92
797.59
95.8
533.36
78.92
521.73
736.64
117.64
108.05
747.37
518
186.2
89.35
297.64
140.98
324.27
380.98
409.12
229.67
648.6
722.61
548.17
126.55
426.21
334.2
745.07
46.1
546.56
204.77
757.92
426.07
253.29
108.77
531.27
622.65
488.22
586.49
321.54
441.32
731.44
546.36
554.44
103.24
302.41
423.93
69.41
657.51
666.49
403.47
286.22
455.45
418.39
144.06
552.43
376.27
4.12
478.02
268.86
330.25
6.03
180.07
81.42
298.57
173.83
787.93
514.52
611.59
490.94
789.98
662.17
630.46
634.47
634.16
722.73
331.79
64.22
626.27
77.55
187.89
461.09
790.09
190.5
288.72
195.17
153.16
691.26
310.53
660.97
381.38
701.59
474.84
687.44
216.42
82.23
166.7
581.05
330.56
632.83
275.7
106.48
511.93
708.7
379.7
340.03
66.47
74.58
467.82
167.88
570.51
4.47
732.87
610.04
57.98
117.56
425.2
605.59
545.46
518.86
792.35
614.48
400.55
81.15
590.94
199.21
453.58
373.79
680.12
678.75
734.1
276.49
551.5
105.28
42.82
74.09
205.85
644.97
732.24
68.53
251.27
228.75
621.55
108.35
716.98
144.29
703.41
652.46
23.45
230.71
4.33
112.67
503.63
599.87
697
698.93
682.61
569.52
211.81
240.5
725.29
547.88
61.25
0.2
101.91
291
15.6
281.02
269.09
766.97
196.44
399.89
294.16
223.8
549.93
770.92
161.82
681.97
771.94
647.81
507.91
514.04
568.63
616.09
253.25
546.48
48.25
40.8
142.7
474.28
190.34
304.96
662.43
242.11
348.35
776.01
725.55
84.48
2.91
460.89
65.77
366.1
606.65
141.18
99.21
15.4
293.14
717.69
511.95
360.6
533.5
562.45
420
122.37
168.17
452.41
134.09
106.23
437.4
173.36
277.49
208.05
134.74
691.03
592.73
280.47
475.62
266.25
26.95
487.29
675.46
696.3
680.97
348.56
103.05
604.05
736.21
523.16
492.56
277.96
704.61
219.39
363.65
723.7
70.32
283.92
551.78
447.98
634.13
331.99
389.81
297.15
711.55
563.37
272.67
117.59
337.9
509.5
656.31
330.63
271
603.78
203.78
655.82
53.28
708.31
44.61
123.57
322.81
375.73
327.97
335.67
245.32
222.19
487.31
418.29
294.02
206
130.11
307.3
170.56
7.1
765.26
366.58
414.05
346.23
284.7
502.71
122.43
363.63
474.2
728.13
237.46
240.61
229.81
11.18
530.97
485.49
258.97
69.56
312.5
397.22
254.25
182.13
24.84
579.62
350.65
728.63
51.44
317.45
497.76
49.3
116.48
665.17
626.09
77.3
627.92
453.34
359.49
613.11
683.93
299.74
294.64
537.11
333.09
47.36
13.96
470.71
774.72
64.03
88.38
311.65
622.49
143.95
650.06
236.6
418.95
315.63
400.37
135.96
403.55
176.57
311.3
726.14
4.28
267.95
384.86
722.06
735.97
739.9
666.33
395.02
76.23
274.69
231.51
543.95
70.57
45.25
795.87
767.89
205.01
133.94
220.92
482.77
238.15
430.75
326.34
435.12
231.69
0.45
270.83
561.65
620.57
2.42
431.38
621.33
299.77
562.97
607.8
322.59
88.23
612.38
186.52
596.58
74.59
154.75
321.13
327.08
430.84
774.65
438.3
285.01
153.21
369.89
1.38
622.76
7.18
570.74
227.9
488.4
507.76
719.39
151.13
283.66
772.2
175.14
319.17
607.23
21.36
729.44
565.96
262.09
791.98
423.14
575.89
54.37
515.52
501.93
206.48
550.83
225.54
86.59
175.58
531.59
610.85
287.62
195.29
632.35
388.08
89.27
587.01
720.09
239.03
379.14
149.17
761.56
517.05
421.79
307.5
529.68
784.84
751.96
519.39
138.79
281.32
479.6
675.05
386.33
522.61
758.3
411.26
437.38
580.2
28.38
673.51
556.14
444.85
483.1
164.62
784.57
458.07
101.34
282.6
340.54
231.21
128.02
280.32
188.94
54
253.9
154.02
291.51
628.17
424.65
575.15
380.33
752.99
12.92
331.99
787.31
407.51
159.94
607.6
188.95
706.56
217.78
306.66
661.34
76.26
29.36
223.39
253.3
451.45
709.98
108.9
741.04
277.92
625.62
425.35
485.26
186.34
2.38
552.54
598.45
535.79
28.77
145.62
48.36
52.81
175.1
449.77
146.11
241.28
762.37
511.25
106.37
455.11
99.54
746.72
137.47
583.22
261.49
430.43
452.03
293.07
472.25
596.99
220.23
299.11
783.96
688.85
62.53
439.99
486.86
148.86
409.88
65.52
140.32
59.26
509.96
541.87
454.2
29.27
237.5
285.2
766.4
668.88
655.74
272.68
185.53
798.39
178.11
721.71
727.02
674.24
634.49
779.51
207.48
754.6
567.42
51.23
502.16
662.68
205.74
770.69
373.76
180.18
647.73
613.66
436.25
654.77
96.25
193.29
329.27
231.06
545.22
190.25
611.86
353.44
227.89
718.63
494.29
0.95
454.61
648.05
390.54
251.38
543.23
700.73
606.63
121.6
341.93
291.96
418.61
216.08
580.33
596.49
598.3
794.45
212.8
419.94
497.56
771.14
713.1
70.82
389.38
209.94
561.34
681.32
791.26
587.32
389.01
577.28
252.87
6.22
399.63
182.43
181.91
647.65
327.42
64.7
674.09
570.19
145.62
266.19
494.43
30.87
772.39
391.48
522.73
244.12
578.36
13.26
39.83
392.84
404.49
726.56
311.08
538.33
21.34
537.79
567.02
328.35
730.99
700.25
68.11
205.96
343.21
744.01
215.2
373.45
473.88
72.67
180.92
662.85
153.84
145.06
391.57
377.8
615.63
537.3
634.22
365.24
330.13
246.12
47.78
104.48
198.6
441.62
261.37
73.98
155.08
125.88
536.22
93.19
715.01
275.95
188.74
29.4
369.12
165.78
341.41
707.64
597.99
480.2
402.44
105.58
266.19
175.2
374.64
659.73
344.42
234.28
213.01
311.89
283.46
37.95
135.1
527.25
217.41
665.56
453.43
211.66
632.91
267.71
748.91
131.18
688.02
493.6
756.43
85.85
173.94
740.77
317.77
372.94
121.58
593.68
86.06
418.74
204.67
434.29
644.7
205.25
237.07
740.45
701.07
372.78
475.3
67.56
732.48
58.53
226.74
152.15
548.7
324.71
369.36
85.31
665.95
582.98
655.64
424.08
243.15
26.44
6.41
90.88
670.69
507.53
274.1
714.81
624.83
307.63
333.53
595.81
273
581.85
313.59
576.91
350.71
629.62
181.42
654.98
283.45
204.45
737.56
442.5
651.38
162.27
647.53
116.16
617.13
384.07
458.77
58.96
481.83
221.26
641.9
227.41
374.52
171.53
563.61
530.46
303.1
186.84
91.46
639.27
317.22
758.93
311.9
111.31
715.69
374.85
545.11
176.6
772.96
526.84
240.65
458.37
571.91
751.84
561.69
344.22
722.22
212.27
219.85
265.4
410.37
615.98
426.52
137.97
65.06
344.77
695.52
336.3
24.67
585.01
70.18
396.29
597.43
132.94
555.78
313.57
160.03
762.22
774.79
441.94
661.26
223.45
139.39
478.93
448.68
643.19
519.88
33.77
163.6
159.06
754.96
398.71
796.45
10.3
6.61
284.01
523.83
617.33
777.84
214.39
72.49
529.49
785.42
227.25
69.6
476.03
415.82
85.31
431.22
115.35
44.37
584.08
780.21
673.92
267.9
147.84
617.24
236.42
691.56
671.31
485.32
508.65
226.85
109.98
781.19
289.94
681.14
1.63
10.74
523.37
207.43
306.57
730.53
707.17
48.23
285.63
398.41
755.24
24.35
65.53
287.92
544.87
142.5
76.4
201.48
377.05
82.63
21.3
54.5
602.83
458.07
648.94
659.52
435.06
345.45
765.3
709.09
484.21
162.27
486.89
469.95
208.41
308.12
772.14
641.51
470.24
302.54
121.21
278.67
364.46
598.01
648.34
395.38
403.59
134.77
618.42
663.63
350.59
796.94
474.37
26.54
90.69
534.46
796.78
260.8
337.04
697.33
66.97
546.62
199.36
748.92
588.6
620.49
794.7
573.55
544.03
769.13
709.85
454.01
350.76
164.01
747.37
703.64
572.84
573.32
474.68
590.64
799.73
60.35
750.29
71.3
551.93
45.1
248.66
51.89
404.35
759.43
348.43
558.1
737.88
721.98
684.67
631.66
310.11
561.56
714.02
89.83
781.25
11.04
371.72
583.83
16.3
242.89
790.74
211.52
718.25
270.78
485.18
452.67
261.53
686.2
234.17
328.01
362.88
32.69
719.22
175.17
246.27
390.59
307.46
793.11
197.74
743.59
737.35
346.49
712.7
721.22
225.1
194.84
453.75
158.02
161.09
178.3
261.06
415.87
606.71
623.04
225.22
167.79
437.3
553.93
307.99
544.63
20.95
671.72
11.98
45.31
533.18
388.51
113.92
601.78
660.08
794.17
499.73
133.8
753.85
439.36
660.79
87.39
364.98
252.03
266.47
485.39
396.78
677.37
555.42
649.16
664.56
578.32
601.41
293.04
134.54
453.8
404.52
322.78
140.29
287
523.15
181.53
338.27
15.14
17.05
763.25
182.97
520.28
231.04
739.33
194.59
161.26
261.15
482.09
516.96
466.15
165.65
21.48
267.61
599.55
536.62
430.34
490.7
99.18
99.93
503.97
746.07
597.27
137.63
740.88
387.06
586.05
464.53
293.47
639.99
92.65
61.44
711.02
640.89
198.49
189.93
208.14
530.11
424.47
147.73
233.94
494.64
641.89
481.52
224.45
563.07
452.78
184.43
464.8
35.88
31.32
156.33
336.41
5.58
776.12
562.94
295.17
751.36
758.29
780.38
587.34
458.65
438.49
636.19
789.59
668.2
33.25
449.23
592.96
666.53
361.36
400.95
558.24
108.41
748.77
261.05
613.62
103.76
131.25
791.79
69.64
536.03
201.06
726.03
720.95
344.15
372.42
582.54
355.84
213.04
14.96
413.31
222.42
88.77
48.24
451.1
258.03
680.23
10.97
367.73
97.16
301.73
597.63
530.95
742.02
379.81
640.26
414.1
686.04
257.96
27.29
727.18
153.44
216.24
282
420.11
599.28
623.66
302.13
234.11
102.86
124.69
133.51
15.88
389.2
84.95
380.92
687.7
577.79
267.09
238.17
299.78
436.29
625.09
30.9
161.3
716.93
30.58
704.41
475
213.94
706.24
674.72
384.09
471.65
6.72
561.1
539.52
429.75
506.98
523.78
28.06
184.76
754.56
245.77
248.47
43.47
15.24
334.46
395.23
594.41
8.04
486.04
207.17
466.67
249.57
449.17
131.11
304.85
737.03
568.6
209.28
314.3
644.74
543.53
462.55
449.23
366.67
184.95
382.38
275.11
447.05
290.36
163.04
574.72
72.97
488.52
53.25
677.54
644.19
440.73
613.05
594.58
627.12
796.51
449.59
733.84
284.23
236.52
335.03
117.99
416.67
92.16
214.64
419.89
796.63
562.38
735.68
264.87
542.06
657.9
266.63
323.89
768.73
615.14
21.56
8.17
265.59
300.63
679.36
620.09
195.99
498.14
358.8
715.64
67.34
299.63
539.67
518.67
487.2
412.08
41.1
234.28
175.94
262.59
377.86
296.38
191.91
3.88
647.47
507.92
653.26
604.6
522.86
697.02
492.49
117.05
64.28
428.77
588.81
693.71
748.21
298.07
690.39
165.71
597.79
186.94
277.77
628.43
424.37
517.66
249.73
568.15
129.47
212.2
411
452.47
708.48
392.16
159.09
610.99
368.17
39.24
15.33
57.4
269.76
478.92
6.5
219.35
89.3
704.23
372.78
44.94
287.05
392.59
132.78
6.25
594.47
51.67
788.76
184.96
604.08
251.45
71.2
630.05
375.89
485.67
405.75
342.18
490.43
260.88
517.77
31.67
475.11
194.11
507.29
334.86
3.17
14.85
729.79
720.22
557.14
183.63
728.12
500.94
97.88
356.71
640.46
398.43
796.93
418.64
494.38
341.9
560.7
308.22
750.76
332.51
541.81
179.3
693.14
117.14
570.25
713.76
387.32
448.88
228.94
611.3
729.27
572.52
338.3
515.05
584.52
352.24
794.57
357.07
534.86
720.6
468.69
157.09
290.57
322.62
468.84
520.27
478.29
759.79
314.83
509.04
695.87
271.81
718.07
274.65
500.95
407.18
653.88
278.6
315.55
549.83
650.89
369.02
516.37
107.69
671.79
446.22
120.03
732.05
426.91
660.64
590.19
316.51
436.15
304.7
460.48
79.02
442.84
602.88
300.9
392.67
405.55
650.7
252.53
702.73
500.59
768.04
791.1
74.08
571.49
716.48
83.46
508.66
658.67
732.65
790.21
70.71
344.59
55.31
725.52
557.42
771.05
349.17
73.62
518.85
401.72
742.16
238.97
547.08
768.34
119.88
324.76
730.74
243.25
632.38
657.75
346.76
488.42
242.68
190.91
524.32
402.18
501.06
386.69
572.3
404.49
284.58
660.92
452.71
38.18
151.04
680.07
130.17
10.25
622.49
392.39
789.88
347.6
52.14
168.54
783.66
168.83
208.44
487.78
376.17
714.9
670.98
737.88
113.61
650.39
155.18
658.06
160.59
211.35
420.67
243.42
430.75
593.86
46.08
687.51
368.65
711.51
170.34
693.65
144.95
73.9
131.55
669.66
498.05
404.68
243.52
561.13
16.71
75.21
459.68
573.5
602.75
324.81
2.95
395.64
373.01
243.7
577.38
197.54
364.17
558.24
318.57
372.37
142.21
103.8
216.05
438.41
549.49
441.57
188.97
786.14
168.05
371.54
725.47
715.61
419.57
628.66
47.96
774.84
637.77
130.55
361.94
431.32
305.53
460.19
233.83
302.14
306.64
297.32
446.99
144.14
449.6
401.76
446.47
753.08
696.54
706.77
136.88
454.12
120.4
188.31
648.02
78.45
94.26
588.43
573.69
690.75
775.98
725.96
233.65
590.28
785.8
51.31
336.88
410.24
793.94
708.33
469.3
533.4
632.28
499.26
471.28
649.61
136.9
715.96
44.33
422.48
289.87
12.31
577.88
428.48
14.02
532.85
432.55
242.23
376.77
39.15
392.85
311.65
351.27
723.21
675.93
197.9
589.96
366.69
543.54
559.54
151.87
602.79
775.56
397.7
93.84
147.26
532.4
485.67
312.08
551.4
712.3
781.07
310.64
143.69
466.39
62.3
195.83
730.3
558.13
362.4
404.39
280.81
554.2
709.42
701.68
498.39
771.96
575.49
483.24
374.31
701.16
188.14
140.41
193.22
366.75
643.33
342.32
624.28
437.98
199.35
622.88
606.04
348.69
306.24
505.1
222.28
537.59
556.59
397.43
559.33
558.62
351.03
676.88
304.25
157.12
500.34
640.94
674.07
170.45
583.64
187.44
100.92
374
262.04
301.41
436.83
231.21
529.58
137.62
293.86
156.43
208.53
730
536.34
12.34
613.38
734.08
159.91
84.98
137.79
33.27
160.96
561.35
331.45
569.54
779.46
627.89
327.68
730.01
131.49
96.85
607.45
678.35
358.66
508.51
559.03
491.6
47.66
15.96
38.93
82.66
176.03
162.09
326.25
778.31
125.2
579.65
55.24
436.2
782.2
9.62
698.09
636.98
148.31
719.91
105.96
286.83
32.46
547.86
106.45
119.51
550.29
411.17
203.21
503.19
9.07
687.74
264.73
233.52
682.39
29.44
617.47
172.66
40.52
685.2
706.74
500.54
487.46
593.88
193.82
224.55
337.32
496.31
280.24
451.24
678.57
127.66
97.35
678.51
437.59
521.07
441.21
435.24
98.29
574.54
491.28
228.6
589.4
689.97
133.37
442.39
778.84
244.65
605.74
422.01
492.54
268.24
559
714.42
639.6
377.65
9.26
502.13
503.09
313
123.2
3.5
83.78
220.93
184.7
69.72
565.38
701.6
361.88
747.69
572.51
159.1
634.67
433.7
684.24
301.76
537.16
310.43
657.68
597.64
50.49
195.92
761.67
373.97
475.53
138.75
717.83
408
52.89
598.15
456.65
289.47
216.64
536.5
671.68
683.68
540.39
683.16
48.01
379.56
518.37
616.9
180.66
632.05
154.2
62.58
717.54
310.13
9.14
692.62
429.61
777.31
510.77
10.94
37.36
156.44
226.17
591.28
223.28
348.55
683.5
609.32
361.81
497.51
396.08
267.26
318.41
310.06
768.87
272.28
542.05
365.93
9.92
399.29
23.89
321.23
254.24
295.59
151.5
754.21
413.63
408.4
745.3
444.02
636.55
632.15
432.84
337.12
593.79
107.37
508.67
432.08
728.87
273.38
686.76
32.09
652.29
48.1
168.24
314
489.24
480.15
631.63
347.17
303.49
113.71
402.94
29.9
520.62
493.1
258.8
678.52
550.06
502.98
610.93
622.16
706.76
339.98
718.98
709.79
566.24
141.51
356.61
407.21
436.69
558.26
242.84
225.24
550.26
732.91
335.56
714.41
207.24
94.6
343.09
647.34
2.8
620.8
248.7
104.33
368.43
275.4
570.57
311.46
383.2
589
267.75
260.5
300.73
398.99
435.47
21.77
516.35
210.53
133.64
62.75
716.9
358.33
581.81
351.41
346.79
71.26
85.37
56.31
778.1
106.76
159.5
196.4
633.31
699.15
471.96
135.84
586.41
51.02
423.85
115.12
614.02
325.93
470.46
212.58
742.99
651.63
190.64
648.93
531.04
103.64
99.21
416.32
122.25
179.33
197.45
360.26
667.75
373.14
162.36
278.41
628.75
776.62
87.35
769.09
442.94
780.32
719.8
670.9
225.64
267.35
232.04
554.48
579.6
252.55
273.32
268.36
464.34
312.12
327.85
590.3
179.71
231.8
179
65.95
106.63
726.89
35.4
79.6
44
352.6
216.11
81.72
779.27
440.32
49.33
62.33
459.32
81.45
197.61
626.04
582.33
625.48
460.82
732.62
17.67
60.19
549.79
656.25
455.26
598.69
553.39
687.66
275.45
600.37
469.26
339.94
602.54
455.26
313.13
301.34
732.75
716.5
219.19
374.83
568.06
740.99
656.94
17.09
779.5
183.38
92.77
115.06
124.8
683.62
178.96
260.69
678.48
717.42
172.83
244.03
505.1
519.41
388.52
676.42
69.96
613.02
8.27
378.72
554.74
662.46
490.15
677.58
6.02
434.56
128.8
446.69
476.21
245.99
34.88
327.53
55.66
316.78
640.96
236.69
138.43
642.49
177.63
750.55
87.49
406.66
574.33
200.65
202.23
137.61
367.35
51.65
636.15
31.63
94.56
701.02
22.44
580.19
772.37
396.55
104.05
745.15
115.36
439.63
330.9
194.78
77.16
99.32
596.53
93.33
771.4
155.13
579.76
590.3
474.3
575.81
182.31
45.7
9.53
757.48
569.49
2.72
235.35
402.41
352.22
161.54
87.82
708.13
554.74
715.33
530.22
306.76
431.55
378.71
561.07
669.22
769.76
259.89
383.44
444.29
700.21
147.52
270.59
767.8
642.87
548.62
35.73
357.14
541.55
465.74
718.01
120.06
96.58
455.05
142.2
430.77
486.73
626.75
620.27
245.61
337.57
571.29
131.76
73.14
292.95
511.24
335.07
491.82
162.07
320.06
279.79
234.54
692.9
211.17
87.48
413.39
359.84
112.84
125.73
404.06
479.2
439.39
40.02
412.53
623.49
421.44
581.53
85
43.29
397.01
307.81
670.84
503.14
112.29
713.82
589.09
274.7
403.73
733.39
62.7
207.97
52.44
603.9
570.27
599.29
414
333.55
495.22
252.98
429.46
748.96
245.26
90.12
98.69
5.02
539.19
237.59
292.17
25.89
133.96
372.16
334.65
89.36
546.33
559.51
490.16
8.18
303.45
299.45
304.02
728.46
375.93
640.62
65.93
454.5
425.39
53.7
630.15
782.74
721.78
686.22
398.59
87.53
165.66
693.02
788.59
383.73
383.16
114.38
22.12
687.03
594.31
105.68
354.98
92.3
224.9
140.45
446.12
398.16
627.73
337.97
786.28
360.29
347.04
582.1
186.88
519.03
589.64
46.31
36.92
586.84
790.65
155.42
80.2
516.07
523.27
256.09
325.78
571.03
233.62
604.96
384.03
404.68
423.97
259
557.57
369.75
238.88
617.63
570.02
253.11
570.58
200.07
189.03
778.11
752.47
50.82
118.75
715.6
309.8
515.82
735.83
548.75
465
48.77
236.72
494.6
64.61
140.49
204.49
674.55
766.13
241.82
296.25
305.53
796.59
722.14
569.85
25.46
798.84
615.8
234.09
147.53
529.22
271.63
138.36
681.07
76.69
102.4
169.24
690.14
542.71
134.76
139.7
794.6
27.43
39.41
345.09
16.21
239.85
139.57
714.12
695.12
549.87
152.65
592.96
485.78
735.36
307.42
386.16
105.8
766.21
631.48
591.94
785.1
144.06
122.6
242.72
22.43
369.81
56.54
325.88
582.53
257.26
431.22
66.34
456.84
209.84
792.07
676.57
592.09
81.39
179.94
34.06
259.8
614.41
665.66
190.71
442.63
666.07
664.58
745.06
340.64
255.12
178.43
4.76
759.5
102.63
590.57
163.54
459.34
522.65
583.25
500.74
235.59
728.06
339.82
618.35
76.3
39.45
321.19
424.06
25.62
785.87
249.72
730.51
515.35
54.3
234.08
743.49
77.91
409.08
182.21
341.21
325.43
451.84
62.49
97.01
431.47
447.68
236.74
263.49
189.3
769.62
314.46
63.29
357.98
9.82
693.09
531.67
717.35
128.9
540.32
126.18
221.97
292.63
757.59
273.18
732.48
59.18
769.54
15.73
626.05
185.5
425.9
761.85
520.9
783.85
327.13
383.78
457.93
701.35
50.92
682.93
428.27
396.36
307.34
621.32
554.24
374.67
72.46
257.54
629.98
592.12
236.12
234.92
131.41
357.84
555.85
613.27
438.16
789.27
596.92
180.7
294.65
128.07
592.52
129.65
759.13
473.82
105.14
283.11
688.15
61.06
61.69
503.26
410.97
686.13
13.41
491.37
158.84
319.16
389.98
50.07
270.33
129
101.39
90.72
785.54
745.27
457.03
318.97
535.26
738.01
629.72
512.76
483.99
65.57
774.07
147.64
348.13
728.66
786.71
51.76
162.16
684.37
574.8
153.58
339.96
707.66
666.24
16.03
546.73
407.84
526.49
201.64
791.25
349.02
432.8
725.2
449.32
396.54
140.41
121.31
522.4
71.8
37.84
143.52
472.32
271.9
337.49
796.13
247.15
363.47
660.81
91.36
223.47
773.13
336.43
668.32
589.34
184.83
637.59
42.65
566.93
13.88
691.47
152.35
797.88
288.82
61.72
648.26
667.88
693.54
444.7
267.17
750.43
472.86
434.4
689.13
401.02
83.73
682.99
397.06
657.57
669.25
118.53
319.11
483
177.33
279.13
24.73
257.34
348.01
769.1
162.85
465.8
432.05
126.99
395.07
546.64
500.05
142.3
554.44
644.31
144.48
454.07
631.01
358
193.72
413.31
664.52
607.11
134.76
610.43
414.3
460.8
523.11
242.19
121.43
76.81
169.78
183.52
400.35
503.2
638.16
123.63
18.35
281.27
398.52
34.35
160.27
104.95
208.36
144.88
568.09
69.92
223.28
312.76
615.05
43.02
781.95
62.83
237.02
190.63
724.69
459.52
185.15
162.64
485.58
362.13
501.44
350.32
623.96
115.74
162.51
531.44
593.06
715.41
676.98
729.6
122.77
463.98
440.67
716.71
759.4
478.87
393.9
612.22
121.14
369.64
197.52
486.42
105.63
438.75
138.71
456.18
419.25
753.83
85.32
350.31
756.4
637.64
566.18
595.63
405.48
782.65
670.71
129.8
251.97
460.05
305.81
250.59
99.37
785.36
719.27
517.18
611.3
330.88
59.05
65.58
694.75
268.78
792.53
330.9
706.55
230.81
736.61
504.19
533.78
715.21
364.52
185.52
605.43
646.32
730.02
72.01
183.27
290.85
107.18
54.57
153.75
237.54
731.46
425.77
66.55
75.26
125.41
692.87
366.72
274.46
692.46
792.15
626.95
443.97
693.87
583.75
726.83
377.52
600.14
19.18
339.29
719.7
249.88
418.58
401.32
741.08
75.59
702.93
633.14
792.71
226.35
131.7
565.8
460.6
294.89
43.37
793.39
502.57
460.51
487.91
92.93
580.05
645.2
498.68
779.82
585.24
191.27
309.69
226.65
531.25
282.42
402.93
103.4
653.48
67.21
90.77
544.38
289.82
329.52
701.96
229.68
792.33
182.09
399.29
327.07
79.82
303.12
338.97
727.62
377.91
330.01
643.44
44.82
19.23
536.84
291.25
238.05
12.04
386.95
418.83
639.33
133.88
315.75
242.91
779.66
596.61
755.1
123
198.67
141.1
599.69
265.15
209.96
549.63
269.61
94.42
737.79
350.52
591.22
55.9
82.32
303.86
221.75
499.41
293.57
358.54
601.36
694.19
695.11
41.1
76.02
297.12
362.31
578.47
658.59
553.72
711.32
118.75
227.81
796.2
157.09
597.08
4.88
90.54
239.48
454.81
177.56
603.87
90.95
377.94
721.43
749.21
292.99
794.97
339.66
118.1
114.15
369.08
258.92
664.24
557.35
179.69
33.33
755.65
487.36
543.8
719.44
588.16
44.08
258.03
407.34
602.83
75.67
629.1
272.6
178.02
40.97
634.32
523.06
335.61
121.3
215.39
396.9
141.18
109.68
208.36
621.01
723.68
270.51
570.59
23.65
265.08
50.3
299.71
209.72
412.39
231.48
685.45
734.88
609.55
547.5
193.05
454.26
268.06
709.02
592
291.38
272.4
216.26
690.11
344.89
397.81
59.26
576.28
381.23
771.02
693.36
778.49
407.8
71.27
133.9
383.45
697.16
81.45
489.56
472.99
290.7
729.73
460.46
588.68
288.56
438.08
732.86
345.65
476.34
201.8
565.95
347.75
30.87
575.03
268.25
85.95
650.57
478.85
198.91
135.49
558.63
113.29
769.41
323.73
583.41
422.19
443.74
586.83
615.94
144.21
63.79
723
595.11
377.57
593.34
506.16
573.51
500.88
521.22
591.27
187.68
166.02
291.96
128.6
366.73
57.11
193.59
379.58
490.93
706.31
515.5
391.77
97.98
267.98
23.55
319.06
558.85
111.01
22.5
35.69
124.47
691.05
654.03
265.63
210.07
505.16
321.47
303.6
734.06
574.5
799.99
519
756.6
96.37
629.76
383.83
52.15
267.85
159.75
498.15
285.67
470.76
150.99
587.28
660.63
309.49
352.27
211.4
1.2
563.73
648.81
363.72
706.05
125.68
248.78
708.41
510.68
562.81
403.74
416.71
443.11
409.74
504
165.91
697.78
61.87
742.43
317.58
716.42
77.33
514.81
706.74
341.85
473.47
788.39
538.61
632.73
680.74
60.36
399.76
180.47
700.76
149.66
4.31
243.38
269.87
734.99
547.52
469.43
676.84
281.39
89.27
3.41
268.29
187.07
233.05
709.31
61.02
739.15
792.42
549.2
591.79
264.96
535.61
737.17
338.07
419.88
288.78
643.55
29.61
207.84
107.2
155.79
182.31
778.77
72.92
1.85
524.43
384.92
381.66
8.61
155.19
413.67
466.76
787.01
724.08
274.28
156
182.04
557.78
498.99
638.23
603.49
448.57
757.38
647.63
56.06
650.12
393.56
562.73
667.16
615.68
212.29
232.29
512.13
592.36
694.56
119.5
415.39
312.13
295.73
144.16
322.56
189.94
434.12
770.43
99.93
591.8
7.94
47.93
704.54
155.92
41.9
518.32
532.47
216.25
659.2
751.53
19.01
708.32
234.3
789.76
508.88
766.16
646.51
227.43
131.36
78.46
783.5
380.91
727.38
682.22
602.71
161.43
14.45
780.5
598.58
269.63
244.88
587.83
141.98
337.33
310.25
794.41
715.75
200.38
595.83
401.71
297.48
357.06
177.41
618.81
77.57
169.57
196.02
334.1
398.44
725.52
62.4
221.35
463.93
179.35
420.41
15.57
175.17
66.6
205.86
255.78
128.89
412.15
523.7
281.42
216.59
163.27
192.96
493.97
485.12
68.97
755.4
706.3
509.34
654.53
378.95
712.12
122.28
773.81
130.93
47.37
513.17
405.74
621.26
786.26
24.41
129.75
65.11
291.52
240.88
728.57
498.81
361.83
474.02
82.72
466.48
596.09
76.63
45.49
423.21
506.29
90.6
186.57
59.96
600.02
512.77
673.69
171.21
361.11
643.33
471.49
685.36
507.64
520.22
434.9
609.75
550.85
181.83
200.9
609.8
641.56
148.84
618.13
710.91
261.5
562.98
151.02
791.98
261.47
132.64
744.92
770.9
788.12
475.03
303.15
735.11
669.48
606.06
92.45
358.55
773.27
113.2
61
304.49
229.14
62.86
509.72
346.95
118.43
509.21
694.63
779.48
763.5
706
397.4
728.03
762.87
632.94
378.09
379.81
389.02
453.72
298.57
551.61
798.73
683.38
88.71
469.53
499.85
130.65
171.6
439.53
531.6
496.56
305.18
475.16
648.5
117.53
768.48
204.87
716.62
187.21
406.56
313.11
196.3
278.26
744.7
162.09
372.24
545.95
543.63
87.58
696.08
637.03
524.37
35.42
342.18
227.5
333.94
708.4
485.43
391.13
711.74
557.8
710.27
733.58
407.71
37.54
549.92
353.14
528.06
379.15
544.25
490.59
604.86
452.93
152.92
139.1
587.02
693.98
354
81.62
146.49
58.67
198.18
427.78
440.28
196.92
173.13
418.84
61.74
59.52
271.9
18.07
20.91
663.75
638.01
788.99
587.72
232.64
609.61
747.73
747.99
21.31
710.85
72.68
593.98
577.93
608.89
694.73
673.92 /

COPY
	PERMX PERMY  /
	PERMX PERMZ  /
/
MULTIPLY
	PERMZ 0.01 /
/
