---------------------------------
-- Permability values for SPE9 --
---------------------------------

-- Permeability distribution visualized in figure 5 in Killough's paper
-- Killough says 'The input data included in the distribution to
-- the participants included a geostatistically generated 
-- permeability field'

-- The values below are taken from Killough's dataset, they are
-- not based on the figure in the paper.

-- Explanation to how the data in PERMX is organized:
-- Under each LAYER (i.e. K-value), 
-- there are 25 ROWS (i.e J-values) under which there are
-- 24 entries (i.e. I-values) 

PERMX
249.89
546.74
753.05
92.29
186.44
272.79
549.83
624.68
120.97
702.87
470.91
506.11
223.29
775.72
559.04
583.76
724.6
16.2
533.86
573.43
782.54
13.64
752.62
376.64
523.67
333.81
290.62
325.08
356.37
741.84
199.91
128.39
399.61
547.57
30.78
549.6
514.28
779.37
536.64
311.88
695.79
152.47
254.48
276.84
304.91
604.5
765.4
57.52
238.28
557.5
583.09
33.57
313.38
612.02
536.17
61.73
549.48
489.51
31.15
198.47
271.36
539.77
623.46
384.26
497.04
569.74
36.15
515.19
724.91
632.09
313.72
141.69
208.88
37.91
723.33
343.28
228.76
573.59
143.92
549.67
273.21
364.9
492.28
385.59
290.84
101.67
772.3
370.29
190.3
265.41
597.62
438.31
249
285.76
330.35
431.9
517.52
495.75
668.36
421.5
28.74
142.14
369.28
44.35
379.38
89.21
522.28
559.79
246.52
256.34
604.62
471.3
95.26
456.03
392.04
41.95
23.99
650.73
88.82
702.35
82.84
286.93
324.72
589.13
246.63
586.67
255.24
355.99
645.15
355.73
295.6
613
59.35
248.34
22.94
31.6
238.77
505.13
417.47
164.72
202.31
499.38
155.18
133.44
297.85
733.03
632.91
275.76
97.54
521.2
486.59
441.9
748.5
532.43
190.29
24.83
359.93
775.13
259.88
216.83
125.29
503.26
154.9
265.84
80.13
472.39
318.69
79.6
716.84
461.03
614.03
70.78
764.74
198.39
413.75
484.54
666.34
390.79
771.84
714.51
420.32
307.26
284.21
407.41
212.93
443.71
74.4
447.4
26.53
390.57
487.46
723.82
23.3
668.9
648.05
197.77
642.67
378.45
513.13
576.32
754.52
455.65
431.61
138.58
232.19
272.33
227.83
368.14
232.48
187.85
654.43
603.31
75.38
264.37
796.83
393.79
760.02
405.09
594.94
231.21
70.34
34.91
11.58
557.02
420.23
599.11
574.11
100.32
1.03
241.35
57.46
163.4
354.14
269.33
663.02
148.57
574.81
691.39
41.13
639.23
454.81
724.34
42.87
202.29
16.24
487.53
724.03
427.98
341.63
177.75
735.52
134.34
21.58
535.59
402.79
345.38
158.41
439.99
347.22
285.75
639.6
755.45
252.43
691.41
103.73
389.68
250.46
184.61
280.03
493.45
406.59
700.32
375.81
525.33
376.36
180.26
567.06
57.06
312
315.78
473.84
35.81
244.72
444.26
536.12
486.54
514.44
709.2
343.99
206.74
357.35
680.68
661.52
101.75
297.85
385.56
359.1
434.43
18.27
755.02
501.77
95.08
637.09
100.24
782.84
297.07
142.08
218.91
184.82
406.55
225.18
578.82
315.96
415.67
759.53
326.01
229.83
642.96
243.67
529.55
318.88
421.35
314.49
630.35
182.93
727.03
461.26
84.02
731
584.61
537.39
644.68
87.63
394.56
677.49
149
723.93
66.02
430.59
406.6
171.53
169.22
72.09
465.56
542.45
708.13
769
291.34
189.04
303.68
599.11
110.6
569.03
164.02
420.62
133.32
619.67
482.24
677.03
572.86
101.38
480.63
85.66
791.59
132.63
288.94
511.9
508.02
288.52
7.76
558.39
679.65
413.82
109.84
627.1
196.18
254.73
232.96
758.77
555.5
538.45
373.52
182.53
568.66
700.17
596.02
687.92
7.55
534.37
53.38
772.98
236.1
786.56
580.52
111.13
626.8
351.72
782.61
555.12
341.4
9.37
680.31
6.95
450.96
748.66
591.47
87.19
505.16
120.28
583.11
369.05
556.64
278.98
693.18
712.85
789.48
181.12
782.32
259.64
421.58
395.69
765.3
154.96
166.49
564.42
579.09
239.37
421.59
146.11
275.23
485.21
719.73
122.28
452.38
186.45
268.06
2.87
96.56
259.99
387.69
676.94
308.48
655.68
366.2
383.17
138.65
348.33
656.9
518.4
550.57
445.64
186.58
50.37
80.51
176.6
245.31
459.48
151.86
793.34
424.54
204.37
419.8
349.39
333.53
451.52
254.67
527.89
635.76
105.1
50.26
74.21
434.52
302.69
360.98
227.05
575.56
373.59
531.69
110.02
580.19
770.08
627.77
27.98
155.37
472.23
356.88
641.3
521.6
59.97
492.04
451.86
511.51
75.54
120.67
255.29
181.32
604.33
398.66
463.48
144.98
670.65
749.94
534.65
730.18
434.55
22.72
31.68
342.85
173.01
193.4
427.4
228.15
262.85
249.26
126.45
432.1
18.15
434.74
474.46
122.81
590.6
317.8
105.26
54.55
381.58
341.29
57.95
480.98
675.58
332.25
745.28
143.38
552.97
323.6
795.42
116.27
477.62
312.56
646.08
225.76
227.3
510.38
56.27
598.75
569.31
579.5
466.64
579.04
727.75
334.56
270.18
525.87
19.14
146.56
93.03
115.64
684.54
542.33
126.93
157.09
455.89
520.89
715.25
473.43
447.81
240.51
257.36
457.92
222.71
223.39
770.12
213.45
383.24
384.79
599.32
456.7
740.88
647.44
586.87
164.32
137.71
547.8
706.01
697.28
641.9
111.68
477.14
6.78
27.44
247.79
786.87
180.23
730.5
326.32
174.56
472.81
195.88
32.51
78.06
766.8
209
771.52
107.67
581.29
434.23
732.18
539.73
706.05
715.53
192.07
115
485.26
245.51
603.4
25.63
366.12
415.35
435.03
551.93
583.69
570.28
288.81
328.47
484.85
153.04
195.77
398.36
122.2
351.78
102.36
496.2
537.3
677.81
50.69
755.78
149.88
163.79
507.46
647.53
406.79
381.62
519.45
227.39
520.89
130.91
482.73
304.64
407.87
12.56
700.28
18.46
278.56
412.35
577.92
146.18
558.5
575.64
7.84
725.1
773.39
645.19
295.5
117.99
155.84
594.41
290.45
51.8
712.26
479.91
328.85
514.11
596.69
678.73
566.68
577.72
14.83
623.93
107.24
547.82
435.02
138.54
184.82
566.84
393.92
48.18
492.44
530.49
321.28
662.93
628.55
501.48
114.43
740.76
414.91
183.3
582.69
715.42
589.87
183.97
86.77
217.9
507.41
79.34
378.08
582.16
54.14
341.73
590.52
193.54
71.25
319.16
495.78
307.11
127.42
794.67
580.97
268.03
186.33
384.9
368.78
155.98
346.26
289.9
198.9
385.6
714.7
756.98
565.55
257.68
558.09
671.43
101.78
719.29
429.33
413.42
770.68
600.03
649.09
72.43
167.22
113.79
528.72
459.65
487.78
480.23
774.46
421.05
673.01
737.12
233.87
393.11
369.69
660.27
421.83
364.82
296.31
437.04
403.99
279.25
279.26
50.95
534.85
678.4
485.17
23.56
296.62
630.75
657.37
538.21
219.15
351.29
548.78
364.16
563.17
368.01
437.96
126.14
154.98
207.44
673.27
609.41
346.09
18.58
447.48
226.37
260.37
52.11
445.15
172.32
528.25
216.94
556.73
436.54
271.56
749.87
332.68
10.38
191.34
682.66
538.17
132.88
694.36
351.37
273.09
185.64
550.91
327.56
0.02
367.71
694.92
224.62
739.22
452.74
649.92
139.93
503.66
515.12
785.38
681.83
270.16
776.3
464.2
434.55
685.8
620.93
498.89
576.03
340.7
686
64.18
484.98
22.53
378.02
700.14
525.26
559.5
414.89
361.2
277.78
771.83
38.88
9.44
451.18
488.59
749.71
575.55
306.01
431.06
296.39
242.77
121.56
258.82
661.67
177.05
545.67
241
87.52
755.54
83.86
473.8
185.17
395.16
374.58
9.98
717.19
260.47
527.27
372.82
673.48
394.87
625.36
505.52
253.23
174.48
223.38
487.43
791.83
332.31
581.08
516.56
156.82
63
80.6
222.36
466.42
113.21
434.58
662.93
350.75
618.26
236.28
377.05
347
439.7
171.78
28.52
618.28
298.98
621.68
711.71
529.59
759.39
121.18
476.48
591.42
430.82
112.04
489.81
503.57
127.37
278.37
581.06
766.75
545.92
108.32
737.12
384.36
294.04
4.96
545.69
212.95
620.72
52.05
267.18
714.14
261.24
452.61
45.09
630.08
491.35
368.23
24.75
307.82
308.6
219.03
586.04
366.5
125.61
707.8
284.71
468.8
255.67
208.44
191.7
339.49
564.56
384.86
89.52
168.68
742.5
66.67
609.74
160.12
281.21
44.27
611.03
438.79
282.41
39.8
292.33
383.31
290.82
336.79
537.07
758.99
230.14
378.27
361.82
710.09
633.24
232.18
411.95
735.52
412.94
336.97
342.19
151.59
755.51
259.65
230.23
653.22
280.17
274.9
517.06
283.34
273.48
13.26
587.07
601.39
219.1
483.1
536.67
252.43
740.42
21.68
450.1
270.02
474.61
8.83
114.41
29.12
354.75
410.13
524.68
83.5
74.13
636.75
142.38
371.57
330.2
455.12
158.46
444.29
19.78
763.15
666.93
312.47
312.11
161.34
592.43
408.1
311.19
411.35
597.24
660.71
303.02
94.13
90.05
786.89
284.01
31.41
518.01
703.9
113.72
548.24
603.06
327.53
650.82
150.45
766.12
61.4
560.2
156.17
89.81
760.62
791.02
154.92
440.61
22.55
745.42
545.35
731.06
704.13
130.35
350.28
327.69
658.36
326.67
129.75
38.02
389.31
378.59
691.87
40.5
307.74
0.45
20.86
237.43
202.91
724.95
441.9
628.87
194.71
385.75
245.22
755.99
262.29
61.81
796.81
26.97
64.51
593.59
746.73
248.22
548.21
740.71
83.57
534.14
707.08
159.13
39.22
510.76
512.86
382.64
141.52
429.63
791.15
294.22
563.28
296.91
76.25
168.72
379.41
578.63
673.69
780.75
445.46
384.37
128.86
44.93
363.17
628.18
719.28
526.17
626.72
429.53
544.69
21.52
674.86
384.12
541.81
358.5
216.99
516.4
344.02
415.26
93.28
569.84
760.79
153.25
46.38
149.62
449.73
305.36
173.02
20.28
375.24
536.7
585.14
0.98
33.81
49.68
26.3
475.62
475.4
416.71
457.3
253.77
133.58
603.49
68.83
167.72
427.26
399.17
4.75
383.24
483.47
283.84
295.68
109.95
121.73
482.9
605.6
359.78
728.21
367.82
48.42
501.68
192.84
2.68
513.2
404.61
610.25
677.48
721.1
356.18
358.01
449.41
225.74
92.45
600.96
173.33
117.29
241.34
621.31
693.36
209.84
786.57
295.39
711.41
483.78
66.77
219.08
338.91
99.92
126.29
482.67
11.39
165.01
231.14
61.58
533.38
521.8
142.57
393.89
406.6
105.53
754.93
253
596.98
678.88
233.3
504.36
563.52
697.09
201.87
580.23
106.26
606.51
318.44
371.4
401.12
691.56
755.51
475.23
629.47
473.16
64.26
90.9
357.73
534.09
346.55
673.9
639.45
494.4
204.8
601.5
357.06
559.74
77.07
165.2
460.95
97.83
338.17
359.88
497.04
773.94
50.35
55.85
136.57
352.11
601.88
460.14
571.31
343.56
789.38
762.33
668.37
553.11
293.25
45.65
461.63
714.65
112.98
442.25
44.88
713.22
421.96
705.65
547.02
438.42
329.46
500.06
173.01
427.71
141.32
101.06
202.38
718.52
268.78
722.83
327.5
75.75
516.65
597.77
347.2
457.77
234.09
448.11
103.55
58.4
719.13
710.97
417.82
326.77
476.03
56.88
92.89
794.24
181.6
485.73
410.82
379.8
20.44
424.55
508.77
491.12
45.28
99.35
677.21
524.48
587.64
669.69
73.27
66.08
246.4
479.97
251.93
420.05
312.85
475.28
721.5
203.9
27.52
603.42
251.75
183.9
500.66
263.06
642.37
736.54
733.95
408.51
578.89
290.68
55.37
290.39
627.56
331.33
262.78
708.85
610.33
135.36
629.5
779.89
162.41
497.97
173.28
724.69
507.58
296.69
562.29
192.66
788.87
347.34
207.97
346.05
709.38
21.13
667.61
192.27
210.09
788.25
350.85
658.98
773.56
323.83
727.9
66.89
309.57
677.25
176.76
172.08
142.36
290.56
430.41
400.2
267.81
181.03
210.32
167.9
198.43
387.03
305.88
782.7
208.09
498.85
202.2
18.47
650.79
704.41
569.11
644.09
203.05
4.11
138.05
143.39
446.33
493.97
783.68
518.46
426.6
227
187.7
202.9
255.64
328.42
786.07
322.84
351.61
104.15
146.48
80.11
155.63
705.09
789.77
488.4
386.93
752.85
648.06
670.86
341.13
600.06
24.81
771.16
684.87
255.01
42.93
453.03
144.35
630.35
672.16
422.28
164.24
669.02
126.39
524.63
789.88
139.83
65.52
169.32
397.24
370.42
329.09
40.14
394.43
753.57
734.2
481.85
544.53
164.94
718.3
88.82
603.88
659.84
177.12
570.43
732.82
748.47
497.21
518.17
97.55
21.85
778.6
223.21
187.46
487.69
386.09
532.96
685.38
657.24
503.19
294.44
766.8
282.01
125.94
50.28
485.02
605.45
686.41
493.8
475.5
124.71
148.81
7.23
586.3
599.9
282.17
347.57
662.1
242.35
365.14
379.29
153.91
94.51
243.63
589.57
494.58
769.52
677.4
770.82
56.4
489.33
612.19
287.65
756.49
406.12
792.81
38.46
181.92
329.94
786.06
597.29
590.9
46.6
210.95
85.41
327.49
645.44
799.39
287.06
292.98
40.07
636.82
102.86
389.38
42.05
105.24
100.12
688.91
32.68
795.21
171.25
173.65
146.38
175.02
558.86
685.74
748.34
384.17
121.02
355.59
70.41
474.04
24.47
791.78
643.5
122.62
416.47
589.11
253.2
593.85
160.03
62.37
787.23
618.8
70.91
79.3
180.57
258.83
177.13
628.6
590.93
376.97
183.66
672.47
319.51
513.31
551.78
164.26
672.83
476.26
587.57
661.66
219.77
323.87
22.87
385.72
628.66
76.81
519.97
9.98
576.82
341.98
67.25
691.33
403.69
91.11
353.68
518.97
317.64
173.24
179.87
233.1
141.85
209.98
535.81
227.87
395.04
592.74
552.93
548.6
715.91
376.21
509.43
545.36
468.01
295.92
514.67
471.37
165.56
307.76
145.05
746.81
49.52
134.22
514.07
494.32
373.86
498.85
440.77
18.88
143.19
223.96
346.21
416.04
633.64
606.26
572.5
198.57
335.62
92.03
540.09
552.19
354.24
224.88
599.78
167.7
504.45
200.53
321.46
601.27
236.04
322.91
514.42
361.9
81.95
377.91
357.25
684.8
356.09
232.14
615.8
125.42
295.92
641.51
771.6
603.87
275.77
312.96
79.12
416.59
84.92
359.51
304.65
434.03
573.49
372.21
639.67
199.04
734.05
334.49
236.5
789.98
403.25
1.77
719.72
471.77
624.42
418.76
766.34
313.56
362.51
642.19
746.72
163.59
457.16
689.45
134.22
600.88
669.23
146.45
402.72
756.78
637.48
483.56
562.33
213.45
482.1
317.72
499.25
459.93
617.39
404.78
402.97
640
281.79
73.21
351.87
483.94
281.05
393.56
306.27
583.48
238.23
493.36
747.31
51.69
631.75
44.45
407.78
602.28
790.35
653.74
225.67
502.79
502.29
528.67
417.7
275.43
791.05
447.05
331.27
446.74
28.4
695.3
292.17
455.29
350.56
252.34
106.66
352.73
174.06
293.1
81.33
321.97
558.44
568.6
113.68
38.01
370.46
256.65
132.41
622.87
339.32
356.23
343.43
676.16
638.29
44.02
769.57
454.65
378.02
335.58
182.78
572.44
637.7
208.92
181.86
303.03
355.94
155.44
14.23
526.51
317.27
163.84
451.56
732.18
744.22
280.06
312.91
584.1
469.58
615.64
344.42
77.36
94.34
569.98
333.21
285.28
56.7
283.39
104.63
535.42
432.08
48.72
691.29
562.34
716.62
237.14
559.15
5.75
51.85
131.74
78.45
411.66
727.43
450.48
161.26
381.15
496.76
553.23
100.14
219.37
307.7
742.87
278.2
381.26
120.87
165.61
201.71
324.12
438.11
326.29
73.25
797.17
491.13
585.69
228.31
129.6
339.31
98.5
3.01
752.25
97.92
777.61
106.62
351.8
406.09
48.85
385.03
794.83
694.22
649.85
68.7
275.18
364.22
506.45
255
628.42
332.95
607.95
135.51
548.47
650.73
744.63
793.43
48.13
678.28
629.09
155.54
166.47
298.35
765.3
242.33
795.43
41.79
534.22
564.09
463.14
649.97
540.19
367.8
420.32
581.95
631.49
682.8
460.83
596.83
21.51
272.16
149.45
161.14
444.6
176.48
727.58
134.36
372.42
312.32
482.97
216.91
608.03
585.08
31.63
296.21
380
216.31
193.08
221.07
40.66
457.02
737.45
333.02
543.9
95.02
147.15
609.38
320.63
746.02
182.43
280.9
632.73
596.42
253.3
588.92
527.79
174.72
401.66
388.33
38.26
578.59
599
423.75
667.96
258.22
607.9
535.8
481.77
607.03
163.29
525.42
427.26
349.34
49.97
747.52
342.04
402.68
346.32
107.12
307.78
133.22
635.45
68.57
700.81
730.4
329.4
688.76
375.26
424.59
493.51
574.95
617.79
556.78
726.37
218.28
649.63
31.18
425.92
235.16
521
15.65
670.91
120.2
368.88
780.9
440.85
267
6.63
551.03
621.52
642.47
778.09
275.95
298.49
526.45
580.27
226.25
746.48
563.54
497.75
667.02
182.6
273.77
780.04
15.11
473.95
13.5
218.87
159.21
523.05
273.4
333.88
164.24
607.11
709.93
316.87
207.4
334.86
466.96
404.28
726.85
235.4
758.12
656.69
426.58
338.31
112.67
322.82
12.71
789.79
320.12
123.76
586.76
38.87
101.72
185.36
548.33
728.6
635.89
713.94
685.41
660.68
590.86
660.84
573.05
317.97
580.12
636.03
27.59
496.14
25.28
615.52
770.97
98.16
59.88
0.44
3.56
600.04
265.3
367.79
385.52
269.18
251.34
450.65
621.12
599
392.41
425.19
607.14
600.42
760.42
541.63
218.82
477.51
750.3
430.62
498.73
470.67
685.42
702.2
664.75
638.99
180.04
488.44
493.75
46.28
8.2
234.22
254.3
309.82
354.35
358.63
324.24
110.47
149.39
470.68
744.37
626.04
482.54
24.71
284.59
127.34
730.57
182.06
639.71
367.08
323.58
559.93
385.21
533.55
713.88
648.44
445.72
643.9
123.24
469.22
324.25
568.06
2.19
700.25
720.35
214.45
22.97
694.03
535.66
168.47
741.92
366.83
379.58
478.12
796.56
202.79
273.44
222.92
264.71
5.04
90.86
309.23
797.5
486.43
21.73
111.74
408.82
4.96
74.78
446
724.02
473.83
559.83
47.9
647.97
366.82
125.29
639.02
29.07
113.48
192.71
32.16
323.33
155.74
540.51
669.03
166.04
90.34
705.68
416.21
320.96
648.09
65.24
381.21
141.8
260.04
179.88
591.98
319.63
684.68
138.8
705.01
35.65
138.42
475.45
85.5
236.28
623
472.37
431.98
231.71
141.77
543.26
400.48
170.88
660.17
631.07
406.28
591.94
391.67
460.11
754.52
229.28
165.19
462.72
123.65
98.77
693.85
54.88
719.2
580.92
426.58
734.79
189.1
79.36
28.37
197.76
149.45
595.99
238
778.01
37.12
543.79
461.75
504.33
761.01
502.63
432.99
209.8
495.75
641.11
55.67
193.62
526.27
712.47
9.24
392.44
295.81
128.97
241.97
480.91
119.32
602.12
769.67
422.42
596.16
703.31
187.83
602.86
143.89
2.37
513.61
370.62
59.25
43.8
298.92
435.22
430.28
49.74
41.64
423.41
223.21
549.24
660.85
76.22
370.5
272.66
721.39
589.5
781.99
171.78
705.99
107.32
296.71
680.4
651.98
436
183.39
201.24
436.52
186.25
50.07
59.54
653.46
81.36
789.81
646.96
673
484.58
677.08
603.23
28.26
522.01
735.93
195.82
218.02
573.88
555.24
504.14
174.89
601.78
72.12
678.16
35.39
46.47
321.89
313.51
449.59
300.16
526.4
343.31
12.09
142.17
511.02
503.53
505.38
184.38
273.79
790.79
185.82
379.7
597.79
469.14
499.54
576.27
63.44
683.74
237.11
797.83
7.47
219.45
724.21
150.36
458.17
342.7
445.35
364.98
6.1
0.18
105.38
273.03
404.79
743.49
314.12
68.87
88.43
692.85
277.92
2.74
527.06
255.38
297.49
415.65
518.29
348.47
719.02
308.38
688.68
476.44
426.43
334.49
126.83
168.68
450.43
526.87
128.39
763.02
330.71
624.03
443.34
579.13
249.72
204.44
296.69
225.11
717.91
193.1
708.81
186.08
677.32
13.33
206.37
389.15
413.33
327.54
48.04
347.25
691.68
263.64
63.27
570.09
11.36
211.36
797.58
609.43
426.2
600.09
49.35
422.7
626.81
299.75
563.59
688.53
661.76
374.88
14.67
203.2
515.6
415.08
29.48
356.31
724.41
508.03
80.51
171.91
755
204.87
355.03
178.96
749.77
514.86
217.31
542.69
152.02
569.55
605.71
705.95
661.86
306.39
462.14
255.32
434.42
137.38
228.58
394.07
258.12
705.21
109.96
180.45
317.1
547.74
33.1
395.56
444.41
93.8
386.39
240.1
108.57
224.88
427.3
183.95
211.25
350.37
653.64
685.43
399.18
647.66
59.32
287.64
629.26
423.66
277.41
502.69
795.89
614.44
462.35
770.95
769.33
344.06
794.62
400.51
423.28
280.31
317.86
652.05
158.21
85.03
105.7
342.69
564.98
366.12
705.26
13.12
33.6
649.88
443.38
429.86
519.74
449.8
597.9
765.09
529.08
100.61
34.16
187.24
243.55
557.5
168.54
690.45
417.02
608.35
354.4
247.25
367.19
428.67
605.24
1.07
553.05
208.26
182.18
680.49
429.08
655.78
267.64
518.9
272.72
339.73
257.54
623.11
536.51
92.13
511.15
69.31
233.61
315.05
693.86
337.33
134.92
700.33
551.91
765.63
263.63
173.93
61.66
269.1
229.38
97.14
216.71
358.74
325.39
486.07
11.14
744.66
369.02
500.12
6.55
80.39
516.08
453.07
106.87
404.39
142.56
652.4
60.98
793.83
745.07
159.54
579.35
536.77
229.06
86.24
100.59
778.31
336.53
540.54
630.84
761.63
212.42
755.17
312.6
154.02
221.83
799.48
373.07
284.03
654.03
297.2
244.65
42.57
589.15
182.31
743.52
342.39
120.79
290.28
152.79
694.61
257.55
754.3
738.55
382.74
585.16
627.97
546.98
86.62
6.41
482.34
64.25
269.01
568.49
17.29
303.44
490.99
134.06
151.89
505.57
551.87
787.38
264.86
157.24
407.4
634.69
300.3
718.37
473.07
521.51
370.8
408.81
686.72
170.72
702.95
712.72
381.16
577.27
178.36
25.07
311.44
483.43
711.67
359.04
507.97
52.97
766.75
287.85
598.52
215.8
147.97
586.63
694
64.38
39.77
456.87
127.24
603.47
713.75
263.7
257.78
306.09
515.67
23.86
532.47
488.17
533.9
264.23
741.24
631.01
731.04
8.94
749.01
410.79
335.66
293.68
488.74
568.05
437.4
80.38
181.29
626.39
590.1
44.29
720.15
554.71
714.92
324.8
450.07
16.89
56.88
170.99
82.93
585.13
125.28
794.24
387.75
279.61
688.53
580.28
778.94
473.97
761.61
668.74
128.49
583.28
415.75
131.4
136.77
599.65
270.61
683.28
205.8
638.46
263.11
109.6
259.47
221.58
131.49
562.2
409.82
203.25
619.79
342.09
770.33
192.89
105.7
650.21
723.48
352.36
503.8
732.27
5.87
367.64
745.6
767.98
604.75
237.33
573.23
482.65
729.57
431.23
757.44
545.67
717.36
10.67
748.74
779.11
17.21
732.42
119
652.57
248.72
208.75
439.89
297.76
723.35
372.68
326.66
64.4
530.64
420.64
753.61
693.42
112.09
318.25
511.85
8.83
726.51
509.3
338.41
705.28
540.84
678.08
586.02
620.7
550.11
16.58
169.05
706.29
344.61
86.29
573.52
575.3
673.79
590.09
252.4
218.62
13.77
675.56
430.12
246.78
415.78
76.48
289.87
506.37
39.11
366.44
19.39
603.59
674.4
481.77
591.32
627.51
777.43
609.27
523.33
778.51
333.58
654.55
162.61
469.32
615.73
736.5
536.34
488.66
497.17
643.69
500.93
570.96
628.65
19.6
221.94
395.58
732.77
80.27
538.23
607.49
300.51
526.8
640.57
704.87
158.79
387.58
505.07
621.71
236.18
453.3
251.08
525.43
120.54
647.02
493.07
120.2
676.21
134.03
54.66
96.88
25.46
403.03
134.81
601.25
50.49
662.13
451.15
348.97
13.61
375.33
725.88
399.33
278.23
123.16
506.18
172.49
142.34
354.87
740.87
612.36
387.68
705.35
204.14
527.14
279.82
222.87
416.99
404.14
129.92
648.19
675.3
435.75
211.72
483.13
604.37
209.15
371.76
671.18
189.36
747.77
297.8
313.79
126.46
526.42
345.95
538.36
792.93
41.57
664.9
660.96
289.95
718
0.2
716.31
518.91
709.48
171.33
272.22
756.09
124.44
403.59
443.8
45.45
694.12
93.35
288.13
544.99
195.29
163.19
351.06
661.37
716.24
581.97
21.28
569.81
13.44
336.16
545.02
659.79
262.72
398.88
32.22
777.44
523.67
173.68
158.26
522.47
658.35
784.39
690.31
608.78
14.18
190.63
178.16
154.07
103.81
83.31
121
56.72
334.62
767.92
563.63
334.71
570.25
535.44
543.29
482.39
200.64
346.43
388.31
658.71
346.98
431.86
628.83
562.58
526.74
306.47
619.21
589.95
155.42
6.4
97.43
123.1
7.23
28.06
758.19
480.65
347.25
401.6
473.88
761.61
489.53
45.32
299.26
428.62
758.74
55.43
88.83
19.86
356.3
356.16
248.84
75.47
780.98
645.71
438.68
123.78
566.58
793.03
402.98
178.24
710.72
408.89
401.27
505.82
617.48
68.03
373.7
234.69
777.06
226.48
639.03
772.62
70.38
114.6
728.18
349.27
689.7
100.11
697.85
355.9
111.43
420.55
65.05
655.76
377.77
215.95
217.85
206.25
798.25
115.45
595.37
142.43
456.69
773.18
135.13
299.25
523.18
449.11
476.15
121.95
738.95
436.83
661.46
277.01
458.26
465.62
158.72
108.94
795.67
601.37
516.27
132.01
521.13
519.96
300.04
671.98
61.6
635.71
574.87
778.11
587.68
312.87
571.45
305.89
242.49
85.13
133.55
95.24
31.37
509.81
444.72
630.42
356.51
100.76
345
138.4
252.02
533.4
555.13
47.47
488.47
634.04
255.8
223.28
241.15
413.73
238.33
666.59
342.41
546.65
108.97
277.45
304.21
473.62
109.21
17.56
220.73
373.51
513.92
771.47
245.28
427.08
735.7
428.11
749.14
98.88
427.55
413.68
366.48
370.28
102.15
259.33
155.7
32.83
83.53
634.05
11.44
560.52
423.3
360.28
280.23
160.2
713.02
150.32
610.16
264.85
365.53
148.98
157.41
313.66
491.15
770.62
74.05
342.01
30.91
119.78
375.81
7.43
270
527.2
481.54
428.25
245.59
10.01
317.92
537.48
595.46
648.46
797.53
667.81
677.3
511.83
47.42
306.09
403.91
135.21
582.03
748.92
532.12
212.89
565.8
16.76
284.23
60.16
208.82
446.01
46.49
232.31
739.49
502.87
538.72
66.65
654.01
315.6
199.58
356.07
718.41
348.04
34.79
484.3
490.32
189.83
382.44
447.87
701.02
324.53
633.98
657.32
508.55
780.27
358.59
229.93
395.33
22.39
470.63
717.43
373.9
628.08
370.59
32.87
644.13
429.05
559.08
529.75
719.13
259.09
282.19
464.03
87.97
23.17
44.63
703.23
728.3
430.42
264.72
169.26
166.68
105.53
32.5
470.74
111.23
214.21
651.13
601.55
426.04
308.55
578.93
312.34
799.17
113.46
537.64
636.76
741.99
325.2
110.76
250.22
94.02
148.72
482.01
112.02
683.74
119.83
410.83
431.33
15.28
421.78
797.5
173.97
522
641.28
782.85
515.08
129.84
39.11
39.62
333.8
66.94
8.02
388.76
438.24
693.59
156.74
396.31
430.88
515.28
245.65
745.69
378.08
295.75
306.92
446.78
756.17
249.96
589.75
494.8
725.2
463.73
215.51
740.33
74.35
733.58
430.99
131.18
779.93
370.5
122.45
194.94
515.7
89.37
400.86
373.23
619.56
738.41
105.58
342.4
248.65
392.31
273.17
700.52
781.83
512.49
128.84
133.27
697.35
27.05
704.1
109.46
685.47
419.43
207.04
163.49
473.65
184.87
343.45
765.35
147.19
455.65
78.33
307.26
39.1
102.94
31.83
222.93
625.7
655.79
738.6
476.52
733.54
630.59
681.64
568.8
654.39
417.04
210.46
487.11
368.12
468.52
94.45
284.13
531.93
729.84
172.78
145.12
92.33
166.52
755.53
482.89
243.87
315.37
634.77
482.35
96.78
392.16
604.72
28.61
637.78
347.74
783.67
298.44
705.83
23.61
505.92
584.2
680.08
2.62
553.65
496.96
38.88
109.16
142.08
44.18
528.82
226.46
40.78
575.33
799.97
84.39
762.11
766.7
649.03
421.18
447.65
141.37
522.33
421.03
281.12
578.54
118.13
533.77
473.57
689.88
432.49
487.88
474.2
535.17
243.52
468.85
390.82
129.87
181.21
769.34
242.57
300.24
170.96
301.14
171.18
523.78
72.47
576.28
46.15
66.64
662.44
791.24
269.65
399.82
473.52
439.98
135.85
479.25
692.44
620.88
106.39
449.24
515.22
225.48
67.14
237.36
492.38
753.82
372.95
380.72
606.56
253.09
162.08
789.75
162.58
194.44
575.53
331.63
399
46.73
61.58
332.19
281.73
254.31
412.25
191.48
14.11
566.34
20.93
722.34
720.78
13.44
535.95
280.69
273.93
593.26
608.22
0.03
622.93
194.41
225.85
66.68
142.38
734.82
178.91
596.65
131.57
17.53
733.77
685.81
760.62
667.04
518.31
510.55
115.36
74.53
792.19
751.1
550.29
584.58
112.81
490.73
521.35
168.93
624.7
51.4
385.69
403.63
605.68
705.81
612.42
323.79
279.85
80.97
266.8
267.71
592.24
770.91
92.33
142.89
682.92
391.34
619.07
85.88
415.2
725.97
81.34
425.23
127.16
746.45
508.54
569.44
50.6
385.49
729.71
615.79
335.9
469.84
412.07
98.24
576.25
788.03
233.16
563.6
61.05
481.59
346.12
626.44
607.46
171.96
299.04
567.27
758.92
517.36
52.77
386.83
711.96
641.22
556.76
145.28
99.37
521.23
267.95
590.69
577.52
226.77
505.65
186.32
614.46
679.34
130.07
753.35
118.62
237.05
544.87
10.06
537.12
592.5
443.09
678.91
433.11
357.45
691.77
174.18
343.69
544.63
583.99
23.24
797.61
88.84
452.77
514.99
253.45
155.35
209.82
758.76
624
87.72
766.8
572.78
165.37
659.41
562.59
574.8
239.6
350.14
159.12
505.95
64.71
138.37
119.37
673.35
188.93
202.97
457.64
499.37
143.76
772.51
187.48
35.59
273.16
538.25
239.25
164.54
540.64
187.73
218.23
631.07
195.25
260.16
496.24
509.38
23.1
362.29
342.72
305.57
545.75
25.22
7.93
68.71
685.58
32.28
44.99
145
375.68
577.94
703.87
42.16
623.64
206.24
498.02
637.06
356.68
730.04
433.93
30.21
47.42
713.82
113.11
471.78
746.09
691.39
777.67
13.46
593.94
735.66
725.6
178.39
417.75
252.56
436.83
333.08
717.86
624.27
511.97
740.5
373.08
11.13
388.92
734.56
106.88
571.91
714.99
457.21
303.65
60.47
274.8
13
724.68
96.34
222.79
88.58
557.64
344.15
542.37
350.07
303.19
79.78
733.86
303.48
430.8
275.08
269.93
579.84
617.75
781.02
243.98
359.86
468.01
380.9
506.19
519.8
501.37
650.14
645.35
23.06
94.14
165.56
776
21.23
742.17
28.01
689.56
372.11
134.78
224.79
686.36
0.15
6.81
15.06
171.02
338.33
646.57
198.04
267.49
13.24
364.77
238.39
790.28
566.09
79.6
289.89
654.69
782.14
28.06
229.16
249.8
68.62
510.99
645.74
752.47
319.05
535.39
322.3
208.6
272.55
217.33
254.7
631.02
280.49
546.86
385.12
162.57
784.17
442.52
558.25
43.47
438.58
93.7
770.33
619.89
190.65
536.18
251.46
566.43
223.83
525.36
619.34
425.48
40.75
708.53
463.36
76.89
236.11
77.48
697.81
185.45
250.44
540.74
121.38
14.05
504.54
503.32
523.13
702.54
679
387.76
493.54
761.97
307.21
189.13
601.73
130.87
141.8
682.67
63.62
254.15
607.18
558.49
285.41
232.5
448.8
774.3
311.13
5.97
218.07
421.24
534.57
414.33
783.27
494.04
778.91
779.45
293.44
174.98
793.95
99.27
231.62
362.67
507.91
176.4
123.85
67.48
51.41
27.33
327.9
12.78
306.05
780.68
403.55
181.02
338.01
631.22
181.08
144.13
733.04
265.08
756.59
29.22
462.24
421.39
563.31
419.12
337.89
29.35
206.94
104.9
184.47
223.21
693.27
478.68
780.44
617.42
586.94
700.81
438.02
757.83
717
790.75
329.99
282.42
133.97
707.48
340.38
756.97
796.19
55.49
109.59
344.05
280.02
247.03
395.08
115.42
669.4
466.27
793.02
675.33
396.32
315.19
454.76
759.62
650.41
320.35
441.88
384.51
211.13
753.05
723.2
212.31
477.62
371.32
566.32
711.14
591.27
635.96
438.2
0.24
259.28
637.54
281.19
177.71
578.58
85.01
745.32
385.94
548.72
283.18
291.76
739.8
446.6
391.14
242.35
418.31
14.8
714.46
10.2
7.32
581.78
322.18
733.01
162.05
778.04
446.03
346.96
135.14
56.65
105.14
138.61
370.58
514.98
673.33
639.29
161.93
795.7
47.11
449.26
707.57
735.99
712.26
350.91
668.05
647.51
155.59
99.88
671.27
629.76
701.77
708.48
455.45
669.34
28.04
284.23
93.69
209.29
207.93
664.93
315.86
477.49
24.77
80.88
720.39
38.24
285.16
732.54
516.62
785.98
488.96
669.02
87.91
763.73
203.6
362.5
236.53
119.01
790.75
408.02
224.72
46.17
342.38
109.78
470.84
345.28
311.11
355.58
509.72
439.21
551.16
526.58
16.35
270.12
367.6
655.79
256.61
338.12
748.76
713.17
746
372.71
592.93
140.75
364.24
468.58
272.69
426
534.48
319.58
63.64
614.07
189.99
549.32
676.58
361.91
345.68
481.33
82.23
93.14
340.43
476.43
621.52
445.26
511.32
155.43
329.11
354.08
613.26
510.98
745.12
163.89
786.27
295.32
147.02
762.47
278.93
207.24
152.43
406.17
47.94
319.14
250.37
524.43
642.12
330.26
727.35
125.22
189.25
445.31
203.17
48.32
640.33
655.69
143.09
749.06
187.93
134.58
253.83
532.48
418.23
254.47
680.7
345.6
577.23
286.55
504.74
577.73
397.67
538.69
564.82
123.56
129.53
207.64
382.31
696.94
17.73
516.55
386.7
147.84
683.31
355.15
544.17
751.87
696.51
170.55
240.79
156.58
44.31
625.11
256.28
718.21
660.18
518.5
516.23
450.2
511.38
120.71
137.1
759.08
502.15
565.07
480.29
233.79
102.08
130.48
577.35
673.26
373.16
764.54
467.26
553.89
322.66
236.12
295.4
784.43
189.03
60.57
369.15
557.26
243.88
399.12
722.79
407.99
201.62
469.26
73.65
476.83
225.91
103.99
21.42
368.24
775.38
317.85
187.89
768.08
670.81
303.6
671.17
371.08
357.54
37.68
456.89
323.17
151.2
104.87
773.66
241.41
215.61
771.48
239.15
469.24
414.29
311.47
317
228.91
148.87
738.55
240.69
677.59
799.98
799.33
645.76
692.63
314.19
35
410.54
763.15
401.34
310.04
37.57
436.03
304.37
219.75
260.66
148.3
416.44
162.9
629.23
772.86
549.64
276.86
267.73
392.26
675.73
498.65
700.45
204.45
419.5
540.64
575.83
496.94
227.79
430.36
233.07
206.99
371.63
211.26
341.77
100.78
35.26
411.88
298.64
149.35
601.38
146.56
493.81
298.16
553.3
199.05
262.04
485.35
312.8
248.88
535.8
666.3
326.78
640.78
480.07
153.52
415.92
547.91
505.96
395.43
664.74
567.44
632.12
72.96
578.14
125.82
230.52
78.86
236.06
239.92
26.55
294.2
595.3
655.22
112.21
768.19
243.02
345.81
60.06
687.26
126.5
123.67
647.53
197.6
722.63
317.11
463.11
78.78
555.9
260.94
608.44
14.41
102.89
88.79
793.64
650.68
263.88
214.1
470.81
649.39
566.1
550.1
581.9
304.56
117.92
164.38
653.23
66.89
572.39
0.76
444.85
170.51
525.98
554.72
332.52
446.96
310.67
471.47
664.61
285.37
506.17
206.19
5.39
138.49
307.19
465.58
708.88
494.62
38.53
285.63
179.14
616.85
655.45
96.42
786.91
515.05
743.8
58.28
775.86
167.01
462.15
616.65
645.18
432.43
343.86
718.08
487.87
170.51
235.16
621.39
344.2
609.63
778.34
413.9
476.18
305.15
117.07
35.09
672.57
662.87
106.88
268.67
106.84
161.09
294.06
412.67
759
90.97
1.49
692.48
407.76
715.2
623.35
429.34
452.03
127.44
576.34
274.23
621.82
109.99
690.87
248.09
347.42
685.65
48.23
488.05
608.63
325.88
770.62
562.7
263.88
279.92
310.28
77.65
467.2
235.25
539.69
370.06
111.36
720.83
404.49
560.62
790.54
614.16
274.32
298.56
668.02
561.33
618.39
237.5
217.03
532.23
664.32
280.58
115.86
694.1
494.37
620.6
156.78
748.7
661.71
211.5
169.47
182.63
113.3
346.33
514.61
438.02
751.39
675.98
520.15
538.92
638.87
699.78
605.15
328.61
247.01
248.41
647.56
532.56
346.65
172.71
352.68
740.75
549.99
365.74
504.68
326.22
15.82
25.37
23.55
788.38
298.31
90.04
416.89
383.21
383.77
597.48
537.21
382.65
673.66
170.81
464.86
273.66
144.81
428.64
370.98
636.72
398.03
184.05
432.56
705.58
257.26
156.54
349.6
770.39
730.64
72.08
555.3
751.31
703.94
554.13
248.29
632.57
2.13
561.76
325.42
524.04
194.37
396.24
312.63
639.25
299.01
209.85
711.27
758.67
305.76
81.36
459.82
395.49
602.37
203.24
165.51
2.58
291.46
667.42
85.74
242.94
573.58
12.71
46.48
7.9
68.04
398.86
78.36
263.6
119.68
264.7
744.43
757.3
342.71
675.96
210.85
213.63
457.47
163.46
360.5
494.73
350.31
9.69
207.72
630.89
747.54
5.16
244.79
489.53
125.84
138.57
712.16
197.32
684.14
511.64
656.49
446.14
285.07
198.25
569.83
227.1
685.86
683.86
134.1
370.79
416.4
645.52
672.32
103.51
54.19
679.83
639.98
284.85
750.81
268.62
283.38
147.05
153.82
124.86
657.54
639.13
124.4
172.96
589.1
38.26
86.02
334.28
212.24
370.6
356.87
529.73
299.73
718.75
686.53
559.31
331.38
157.37
679.78
449.08
547.53
577.01
407.77
34.31
29.18
87.58
584.45
737.26
473.56
782.73
211.7
236.78
273.89
350.86
648.95
492.5
498.8
88.58
2.6
474.39
762.93
607.45
2.23
88.46
602.01
782.17
372.85
135.76
747.91
708.63
533.79
503.95
413.86
351.38
478.15
488.75
220.54
333.21
19.13
508.51
670.11
362.9
356.24
44.79
313.31
398.29
625.23
653.39
459.35
688.98
796.97
209.83
315.46
382.99
456.85
660.56
233.86
701.02
204.89
552.61
414.13
399.95
457.41
113.99
508.33
326.46
425.9
285.23
510.96
118.71
35.48
334.15
675.17
378.9
722.16
441.82
281.39
386.03
617.46
303.5
387.78
517.33
79.75
423.75
4.02
210.83
385.02
43.29
553.02
310.72
747.69
451.82
655.09
681.22
259.05
80.64
112.78
705.02
698.94
490.76
362.37
188.88
484.3
671.62
736.84
181.64
498.37
90.33
67.21
72.16
440.72
638.03
63.22
489.88
799.52
175.37
636.89
324.89
369.05
76.92
165
491.74
556.33
631.17
267.03
359
44.63
30.06
431.4
13.63
774.75
774.49
330.94
108.38
291.09
17.49
222.64
384.03
462.77
796.4
386.36
198.17
165.24
426.38
278.45
123.38
366.87
362.91
184.79
612.56
415.04
680.28
81.83
273.98
529.1
733.5
103.96
164.39
682.99
226.26
700.13
568.29
194.67
788.46
97.99
97.66
697.2
66.57
25.79
401.94
307.17
535.39
487.88
284.95
515.32
62.29
166.83
295.63
328.84
274.75
282.41
618.16
649.78
677.28
393.62
634.27
169.77
147.52
126.89
127.28
239.44
259.98
25.93
343.04
484.52
763.18
206.72
470.82
769.96
732.91
709.46
526.57
81.07
775.78
322.9
538.29
209.28
700.46
38.63
497.26
750.7
789.83
636.46
784.49
456.51
396.11
670.6
147.38
627.8
49.64
569.18
281.66
158.98
424.78
252.31
744.09
170.88
172.65
117.19
131.21
299.7
579.1
98.94
217.62
301.65
656.61
753.91
129.18
788.67
610.54
449.97
729
629.52
341.66
635.67
563.28
131.12
508.17
222.99
93.67
674.35
675.8
261.14
392.97
65.85
628.7
189.66
245.9
444.3
413.71
679.81
397.48
726.91
475.31
503.05
771.62
137.81
499.11
470.14
614.5
365.46
316
508.58
486.98
126.97
564.9
516.02
110.52
402.76
508.2
589.03
86.64
616.28
29.31
473.56
722.36
298.11
464.67
51.99
433.2
338.13
48.01
624.93
141.48
262.72
27.63
267.08
474.08
88.4
320.98
8.77
479.49
56.8
91.28
287.49
78.28
392.42
576.01
424.06
546.21
595.99
51.01
115.64
722.86
711.05
325.46
226.65
703.43
687.19
569.85
319.17
143.81
579.91
302.71
445.88
245.42
260.58
395.3
394.91
642
565.65
344.13
157.44
708.78
304.56
189.99
232.5
730.19
544.17
175.06
10.12
56
456.22
695.57
475.05
126.12
519.74
516.33
681.66
319.59
286.54
246.13
227.02
225.91
159.82
644.62
333.28
520.24
151.66
115.22
440.4
458.12
459.93
727.88
798.42
713.55
580.98
315.35
682.67
372.63
781.58
222.94
740.69
154.66
53.85
626.71
106.99
657.72
115.48
638.81
84.47
695.1
656.63
375.37
265.18
758.74
615.56
449.81
169.23
741.91
72.63
7.52
251.9
257.07
65.85
245.62
410
648.42
287.71
527.69
193.23
723.54
579.4
254.59
622.51
423.22
362.99
24.95
297.19
709.93
798.1
29.58
717.69
743.07
281.28
323.65
625.66
595.56
186.45
644.55
95.97
8.14
596.25
261.92
131.98
668.24
706.54
394.81
417.26
46.47
65.47
86.71
79.34
84.51
454.82
50.18
711.06
612
725.58
388.76
698.64
486.02
646.71
340.39
746.23
774.12
143.23
570.75
412.83
307.32
245.67
494.43
650.44
318.97
165.65
56.79
80.57
610.65
653.49
659.83
303.92
637.61
303.76
601.24
246.82
581.78
106.67
389.72
87.71
703.21
569.89
502.81
10.68
199.06
417.25
294.26
7.35
281.87
791.61
80.1
335.25
133.48
424.2
743.33
129.1
214.93
478.71
128.31
618.9
776.38
379.11
225.59
735.81
284
510.09
435.46
798.53
703.88
597
588.89
770.48
773.92
612.57
238.96
532.97
375.22
618.97
731.91
793.96
32.02
214.98
362.14
405.23
695.2
65.94
518.16
251.3
224.8
285.72
733.85
793.69
21.62
147.15
667.33
594.54
294.56
220
719.94
701.18
269.26
291.18
93.56
381.26
707.19
587.88
443.21
460.06
425.21
178.85
241.57
596.45
752.64
719.76
724.17
557.34
92.97
445.98
103.05
367.04
603.81
359.62
332.81
635.76
782.91
592.05
560.27
61.73
491.52
245.12
53.48
737.97
371.21
701.91
51.95
555.99
577.91
173.62
349.61
38.6
464.8
254.44
209.99
160.3
185.07
162.77
765.02
167.31
337.52
468.77
513.05
55.11
366.99
376.87
770.47
733.24
373.68
105.75
279.32
329.02
698.67
657.07
237.62
142.74
317.36
627.18
338.97
423.26
613.24
231.66
337.66
497.34
168.83
541.13
494.33
319.56
313.68
177.52
153.24
555.39
9.23
336.54
552.62
564.27
762.65
10.16
126.34
412.95
278.88
648.61
790.24
141.74
285.61
169.51
113.44
73.45
157.05
254.72
222.46
612.59
395.8
652.21
760.03
334.02
496.76
110.75
201.52
201.76
199.45
575.69
630.85
637.52
533.82
309.35
217.7
352.71
456.69
136.95
356.87
630.25
671.18
27.62
259.94
648.96
202.86
534.17
212.4
631.39
531.61
50.52
334.66
397.86
670.96
569.25
431.27
347.39
618.22
129.91
271.15
600
161.61
478.83
304.66
712.86
93.86
186.17
264.03
404.38
647.62
153.8
188.85
398.41
740.32
170.46
424.12
85.21
55.81
568.76
652.28
146.4
86.4
313.81
700.89
30.06
532.95
500.79
256.87
13.16
335.34
418.01
370.74
272.57
46.68
592.05
381.88
248.92
272.39
71.87
73.27
414.17
232.17
628.64
664.81
193.23
670.94
53.51
382.33
547.47
692.19
285
471.53
196.3
315.82
476.61
392.64
556.23
421.87
95.07
265.7
78.09
414.23
393.16
771.57
313.22
108.4
94.51
16.71
723.4
64.13
353.17
547.55
658.11
609.61
667.85
241.08
142.89
339.41
216.01
159.77
193.2
317.64
542.21
548.46
29.73
486.49
635.1
365.98
361.08
784.14
112.21
155.27
12.15
615.45
63.59
708.47
161.38
313.07
5.92
304.46
289.89
683.45
345.11
321.93
107.83
793.71
579.09
352.03
722.19
47.08
308.57
388.36
550.28
377.75
685.76
200.27
695.86
713.71
266.16
570.43
557.37
613.57
395.21
252.92
707.8
25.4
228.4
624.82
433.45
30.72
68.66
560.18
226.92
47.01
188.41
582.35
147.94
172.31
729.96
165.64
236.08
206.41
481.03
292
311.63
605.18
196.84
99.06
232.17
229.19
503.89
127.25
452.93
302.15
525.72
477
407.9
75.11
613.52
41.89
189.65
267.53
586.69
227.46
612.9
277.55
247.38
176.9
188.18
510.87
682.81
175.7
538.28
445.81
608.51
28.37
586.7
431.08
86.46
759.8
597.67
400.24
684.3
650.31
38.46
685.71
206.47
215.88
63.99
218.56
748.2
713.39
737.35
104.68
140.75
253.4
628.29
399.19
573.64
673.02
223.88
68.04
274.63
152.25
381.78
781.65
5.37
370.17
540.85
361.83
628.25
699.34
72.65
200.96
775.31
645.05
655.96
540.57
58.59
749.41
163.83
317.06
583.56
705.65
580.11
230.33
250.92
397.38
542.44
308.86
106.27
509.65
483.09
444.3
224.85
137.04
142.74
81.46
279.01
246.47
790.26
450.48
670.87
309.54
487.05
628.52
434.61
188.34
107.03
362.92
301.34
77.11
224.17
185.23
263.81
428.04
530
180.27
32.65
365.52
129.99
233.21
198.89
291.02
139.97
324.48
338.69
187.76
760.84
497.13
491.37
464.42
57.12
253.96
24.36
361.67
500.7
98.55
602.13
677.56
334.43
350.94
535.68
753.76
618.89
580.87
392.91
688.38
107.97
606.38
240.81
553.11
567.48
223.64
10.46
23.75
268.64
728.09
425.89
622.86
776.31
340.95
111.72
683.46
9.14
378.29
568.68
463.47
292.09
374.64
448.21
653.1
418.14
166.19
713.9
177.47
132.79
689.44
206
231.79
266.95
743.92
490.44
398.46
714.17
522.41
468.07
639.65
442
548.19
24.76
548.1
692.63
565.54
724.31
150.31
587.66
75.65
464.84
7.42
310.78
236.33
71.27
323.92
308.43
59.8
188.74
606.79
416.98
733.62
594.33
326.47
349.5
5.9
407.31
383.18
58.15
450.19
478.47
102.42
192.48
45.11
272.86
405.54
286.85
566.56
523.97
651.03
53.51
159.92
259.94
557.92
108.66
384.73
158.06
538.12
662.55
196.71
68.4
238.8
121.02
329.59
12.26
512.93
19.11
635.21
305.96
386.79
112.39
309.95
419.35
131.59
90.86
186.22
541.89
578.36
424.83
713.13
657.65
208.49
138.09
543.87
237.19
403.13
554.55
547.13
111.96
380.35
669.84
158.73
770.46
614.82
604.59
612.73
571.68
586.86
331.35
274.57
265.25
627.17
13.89
29.45
663.53
144.43
630.4
628.94
244.25
114.97
697.79
338.96
238.95
328.79
417.08
13.92
771.72
246.48
107
659.63
86.34
500.1
621.26
217.54
211.09
197.39
227.73
270.43
774.24
182.67
499.79
644.3
249.87
294.9
53.97
637.75
329.08
36.79
615.84
357.65
12.02
704.76
59.84
339.06
107.66
2.75
237.56
43.72
608.29
322.41
702.5
159.37
147.61
104.53
770.23
727
760.7
685.83
124.54
103.29
699.48
706.36
271.62
391.73
540.41
169.99
690.63
84.09
650.37
362.58
148.3
671.65
253.24
754.47
274.11
98.02
403.28
566.28
624.25
384.29
132.77
437.05
465.65
351.26
296.51
25.52
692.25
220.29
214.91
302.57
468.94
515.09
395.79
63.14
538.06
427.07
93.69
651.41
209.46
413.6
489.41
683.51
263.14
682.09
377.03
274.64
617.57
136.86
659.66
173.89
468.11
7.13
505.61
300.24
172.64
578.1
495.16
102.29
462.93
524.05
551.53
597.83
549.88
113.5
50.2
754.67
644.75
406.19
779.2
125.7
751.27
183.75
326.1
588.74
204.39
372.37
760.44
444.22
395.24
173.12
337.69
50.65
379.75
383.72
666.03
126.87
387.69
754.93
487.1
390.48
656.65
261.04
591.32
589.95
182.28
22.14
409.83
763.52
726.95
471.88
378.78
507.29
387.14
792.34
170.12
362.41
311.11
463.52
580.02
271.27
795.08
669.64
127.02
431.33
543.59
290.79
446.38
594.19
584.25
698.3
720.6
427.34
270.21
261.26
349.1
225.97
87.95
463.8
196.86
377.13
677.57
176.92
751.68
441.34
381.41
244.98
571.82
562.2
762.14
729.65
714.07
227.8
25.56
159.6
116.95
294.79
781.69
780.15
651.81
301.93
238.79
168.27
171.5
551.42
588.68
569.63
231.04
168.42
367.98
597.98
473.34
316.72
164.54
696.37
794.39
165.38
611.09
615.34
514.71
23.16
644.17
245.07
203.59
108.54
508.43
703.46
344.43
676.22
560.17
1.97
586.36
496.75
176.13
403.72
657.45
449.71
693.45
556.15
200.03
434.12
640.46
75.9
486.58
713.8
429.21
172.43
204.12
51.3
19.79
288.41
31
668.29
554.65
741.01
272.14
285.81
43.73
508.76
513.12
185.99
558.18
709.4
301.39
743.3
439.48
139.2
277.74
733.24
263.81
643.81
360.4
9.77
602.33
509.49
184.26
681.7
613.09
715.84
95.5
534.41
188.83
38.11
61.37
389.3
450.06
198.45
415.59
706.08
456.48
716.02
719.65
189.76
140.73
601.35
718.36
780.61
626.72
636.52
751.26
703.07
138.93
339.51
242.53
673.67
380.06
350.78
790.66
530.99
684.37
57.64
64.97
748.76
95.2
58.56
783.45
656.47
578.39
391.33
440.85
252.57
197.87
441.07
132.46
588.02
380.04
312.6
738.65
607.98
416.28
248.57
326.77
101.77
641.71
405.22
517.49
437.22
510.79
669.83
134.08
543.84
383.24
535.26
438.06
534.35
93.12
195.68
354.49
68.62
129.11
484.81
609.57
752.73
717.1
697.52
52.44
715.6
578.87
286.09
115.92
507.9
34
6.4
798.13
757.47
518.53
395.59
232.47
694.34
357.57
415.67
144.78
688.13
242.55
437.22
596.13
621.36
539.3
38.85
33.98
15.55
105.81
596.72
336.71
174.12
679.77
48.71
139.12
774.46
496.1
119.76
359.99
397.62
242.49
763.74
500.7
199.85
343.49
217.81
94.39
625.19
245.4
473.49
17.43
207.41
321.61
507.15
604.7
371.01
507.63
655.9
426.82
617.54
101.81
735.18
457.74
164.59
112.98
337.99
439.43
701.28
318.17
600.71
266.01
679.25
86.86
106.25
486.77
448.36
520.95
678.27
618.14
594.83
613.64
54.48
486.53
313.62
528.2
478.04
460.61
52.5
753.16
783.65
495.18
604.97
181.92
792.33
294.89
750.56
641.92
443.65
783.02
298.24
634.13
559.12
304.02
443.76
792.96
560.56
329.85
491.14
482.85
234.3
799.66
643.5
149.23
710.68
8.49
61.32
230.07
571.53
427.97
760.22
413.07
307.53
744.85
590.37
206.87
74.82
701.14
713.52
136.75
494.82
565.26
735.33
34.51
278.96
31.21
111.04
238.8
521.75
750.16
396.71
93.21
489.13
172.73
295.63
404.29
645.61
347.46
249.65
167.66
668.46
575.07
611.5
168.3
156.02
677.54
249.65
125.15
100
61.15
521.7
358.43
727.33
311.15
306.79
424.7
119.81
176.87
312.03
612.86
716.12
8.47
697.4
566.45
254.46
50.91
11.01
744.26
520.41
689.24
297.15
301.57
146.91
194.92
313.8
458.73
468.43
199.55
508.57
724.24
211.92
167.67
688.92
169.37
570.68
797.2
651.55
323.46
329.21
116.61
77.86
369.79
306.45
328.18
433.5
77.7
480.23
456.61
573.65
273.23
329.88
679.32
592.5
603.99
224.23
590.59
370.18
121.05
780.32
681.25
656.88
48.22
270.33
8.56
237.19
596.86
484.7
728.71
496.79
665.16
442.88
76.68
337.57
122.12
16.2
123.49
707.05
530.61
727.98
200.91
308.63
635.3
760.62
554.14
249.34
416.09
726.79
562.26
578.71
621.35
379.56
314.46
141.49
181.26
467.11
442.31
174.41
675.67
285.1
489.22
60.1
196.55
674.68
16.86
598.16
330.26
707.61
335.66
748.81
459.77
327.43
514.06
240.62
354.88
249.5
612.02
467.61
455.27
193.49
329.25
412.01
606.67
308.98
13.2
737.01
716.51
637.29
149.7
584.67
289.25
591.94
335.33
306.73
518.16
260.97
194.6
597.04
436.58
668.75
74.76
264.78
408.62
492.96
305.48
505.55
654.95
536.78
763.04
259.36
344.15
560.4
515.76
390.19
720.57
39.5
540.9
603.94
160.44
433.08
453.34
247.3
141.33
79.06
422.27
424.95
325.67
277.33
683.25
605.18
268.26
316
315.28
768.81
530.29
125.99
365.89
730.83
727.02
113.11
568.41
588.22
550.5
238.19
171.47
0.83
118.59
562.37
396.01
261.68
252.56
271.44
397.56
62.06
574.22
407.65
728.89
778.46
784.04
763.61
489.28
371.14
436.91
84.29
82.89
260.95
220.52
43.7
596.01
389.71
155.22
72.05
298.48
483.14
688.84
631.61
530.16
487.34
84.2
651.14
12.58
314.59
770.86
673.24
500.08
413.43
762.96
765.46
541.01
212.79
510.69
566.56
756.87
233.92
77.37
235.02
633.15
173.96
604.71
455.33
96.57
279.61
169.77
772.84
221.13
457.21
190.43
459.28
429.6
235.75
396.59
19.96
710.06
531.94
582.03
180.71
370.84
476.35
409.54
68.63
282.29
127.86
568.25
289.95
568.37
23.19
518.31
780.22
590.03
560.69
613.55
6.95
122.86
82.79
538.49
256.14
524.51
765.77
226.9
632.19
768.08
155.92
725.92
201.84
691.69
294.97
222.82
268.96
286.15
235.41
555.62
432.8
691.88
109.13
750.24
757.19
100.71
359.61
547.11
304.48
731.17
719.42
196.13
471.82
490.3
472.81
532.29
394.01
721.54
376.34
196.67
269.02
475.42
313
76.26
640.87
217.25
370.66
502.22
644.72
74.31
437.78
682.79
555.5
577.78
482.09
71.79
457.85
80.53
486.84
298.31
390.41
42.07
546.77
68.2
443.19
103.76
409.98
17.9
404.76
589.46
636.76
372.01
221.11
620.04
531.68
518.22
107.12
328.02
207.22
126.75
68.1
513.05
16.81
38.87
226.29
288.67
723.51
433.94
587.5
19.79
382.29
776.29
413.11
599.69
647.88
112.35
159.46
541.04
683.45
67.16
564.32
222.33
712.05
454.26
458.89
523.55
232.03
468.21
561.98
687.9
413.56
731.22
191.29
410.21
416.63
373.02
156.97
395.71
767.96
415.25
254.57
534.43
346.43
585.71
87.25
49.89
133.38
74.97
574.67
194.7
763.78
93.04
90.87
141.51
350.83
753.22
581.5
85.09
571.29
575.04
632.77
674.7
417.63
576.79
260.03
323.48
291.85
290.55
304.55
681.57
738.58
728.31
661.07
242.64
630.13
112.42
669.08
592.55
51.03
757.36
527.73
335.93
510.12
23.47
282.38
96.68
596.42
79.5
596.08
494
250.52
603.54
66.3
568.08
769.11
748.12
562
601.08
160.24
259.86
569.91
107.57
191.18
415.56
701.94
84.93
105.89
649.28
357.76
714.49
189.11
435.35
99.18
199.09
467.12
298.3
538.88
671.77
172.81
519.85
91.21
101.04
633.52
162.25
620.93
621.81
299.96
9.35
598.84
105.3
568.07
251.81
734.86
374.64
149.37
724.9
676.85
260.43
652.43
629.89
510.86
17.08
702.58
40.11
697.57
410.67
190.99
415.24
187.84
102.27
573.27
289.63
644.33
726.88
475.37
639.73
143.21
725.99
523.65
611.38
56.1
619.97
544.25
736.04
167.51
157.9
580.96
74.81
455.24
351.03
542.96
154.54
476.17
753.41
540.41
455.64
681.07
335.88
739.34
595.62
557.02
401.34
174.81
380.74
137.43
508.07
497.81
613.13
758.86
680.39
122.23
394.53
233.22
384.86
116.08
107.47
640.41
385.15
118.96
691.52
321.9
224.58
788.25
684.64
54.17
169.11
114.45
741.88
91.73
15.05
597.44
515.86
650.09
66.57
499.88
157.67
623.47
98.82
780.17
539.69
393.57
118.14
459.27
470.91
444.11
145.84
582.66
28.34
445.46
508.25
697.66
638.06
156.29
64.73
544.42
440.25
437.3
530.65
321.73
306.19
186.74
121.7
229.85
759.37
615.98
704.28
648.26
177.61
200.99
41.09
601.97
577
19.78
574.39
587.43
497.72
798.5
5.08
593.04
734.59
662.73
739.5
221.25
270.77
309.4
631.79
373.74
649.26
36.23
364.17
501.4
209.17
574.27
759.17
583.66
165.87
323.57
377.72
344.3
143.26
558.49
49.1
178.98
671.46
101.93
587.74
192.8
545.16
691.59
650.39
45.24
114.63
397.8
61.49
633.61
219.46
469.03
565.36
671.14
68.02
622.4
688.23
130.98
73.52
567.87
633.47
756.99
376.91
39.33
717.4
703.92
251.81
246.92
11.53
177.23
63.38
263.34
745.27
796.78
131.31
797.15
458.37
166.5
61.86
384.46
77.97
342.9
19.94
415.28
103.09
694.02
372.53
5
159.65
22.21
688.19
363.23
455.92
415.23
135.53
58.22
346.63
244.94
578.57
532.72
763.38
211.7
706.03
606.23
572.28
115.81
507.14
35.22
252.57
517.39
77.61
454.12
33.76
104.41
703.84
199.08
645.06
90.71
761
577
136.9
140.98
325.1
545.72
715.91
290.74
198.71
326.66
510.53
590.33
603.57
416.26
461.1
634.56
90.73
670.34
336.08
85.72
228.15
118.79
186.44
790.54
271.48
157.58
783.54
289.66
317.93
504.83
37.21
421.76
474.65
593.24
481.78
285.36
581.74
479.06
267.4
602.87
186.31
717.04
728.15
776.03
656.1
45.6
508.53
507.38
553.09
795.24
630.86
542.76
388.77
360.96
635.67
661.3
452.88
149.24
429.97
369.65
642.56
230.03
421.33
665.8
572.09
310.7
176.86
353.01
156.59
402.6
646.52
616.8
97.72
731.69
63.9
122.69
359.55
711.79
127.58
687.74
674.52
370.46
660.82
771.96
292.64
735.55
321.32
243.07
304.29
306.5
721.5
54.44
780.25
238.58
115.25
365.4
162.21
314.33
199.1
383.06
191.47
554.31
76.15
335.15
74.44
707.83
532.06
124.5
249.22
635.84
497.63
775.68
746.49
95.65
221.08
237.14
217.49
55.21
695.73
579.53
701.16
760.04
328.08
235.99
465.02
383.3
253.1
573.62
338.21
460.4
725.61
435.42
24.05
25.27
208.69
392.98
301.93
430.26
694.64
694.31
734.61
228.09
335.28
385.74
700.72
80.28
530.05
387.9
591.04
544.7
35.91
31.79
309.07
375.73
436.16
341.34
121.11
356.11
604.55
546.2
561.36
502.08
298.62
157.11
751.43
515.52
359.85
677.05
28.63
368.76
559.35
730.68
765.23
116.37
755.5
213.72
314.8
199
69.21
795.64
185.54
383.12
339.67
204.04
634.57
756.03
167.26
104.46
235.52
131.37
365.69
154.37
798.19
341.84
770.13
540.9
569.4
215.03
528.26
15.99
318.54
677.34
512.27
681.81
210.94
255.56
653.55
679.15
274.2
357.78
744.22
490.25
315.25
79.44
588.26
44.64
363.71
745.92
410.56
127.39
498.62
486.43
573.48
693.28
444.13
444.11
615.63
572.65
36.19
412.9
142.27
438.48
158.5
368.59
652.1
749.3
664.45
653.14
630.89
69.19
707.53
228.38
650.09
740.97
462.94
731.08
31.5
213.48
70.58
793.88
701.17
229.71
489.2
132.41
647.33
47.78
160.94
535.84
400.74
284.48
763.2
344.08
163.13
529.33
786.97
221.21
565.48
354.97
101.83
605.16
371.36
650.83
256
749.7
769.64
215.79
359.8
788.65
667.99
728.15
322.4
570.32
315.21
87.13
516.65
647.21
456.81
476.87
563.53
176.01
426.23
695.85
438.35
783.78
120.22
280.25
550.06
550.49
519.19
59.76
624.6
456.34
199.31
62.52
769.64
117.47
129.19
334.05
537.56
640.27
501.55
344.96
273.81
407.1
128.45
359.43
550.47
223.28
594.68
475.96
308.73
254.42
126.51
132.13
701.86
630.16
40.87
655.56
447.05
711.59
20.87
164.57
474.66
364.98
109.8
581.27
32.17
400.52
233.58
495.81
562.95
379.68
227.05
226.64
350.39
612.49
21.98
738.88
583.59
509.82
788.65
300.74
174.54
369.65
79.56
569.04
681.36
159.3
39.41
696.54
504.7
530.53
475.78
703.41
169.47
296.91
335.52
306.82
80.05
371.83
697.63
391.55
25.31
271.3
47.38
426.64
406.5
185.26
133.43
534.4
407.04
422.53
513.89
635.45
501.52
741.82
336.23
459.63
417.19
42.52
257.2
678.69
145.33
361.18
541.62
748.8
138.8
19.04
527.12
449.5
616.41
351.61
596.83
200.45
184.31
516.75
203.92
154.46
710.47
489.2
485.33
194.79
227.44
273.46
590.76
495.36
484.13
364.93
183.89
284.59
37.3
658.06
28.32
245.04
212.51
432.28
612.04
83.79
507.25
17.09
7.68
271.34
669.47
656.34
276.1
276.71
358.16
42.93
301.88
466.38
203.74
714.19
657.82
650.47
260.32
713.38
585.16
143.42
496.2
622.09
421.17
493.81
358.97
381.73
444.97
341.25
258.91
47.76
346.64
176.04
445.5
268.18
399.47
22.98
299.85
614.55
123.29
41.69
532.86
391.75
524.23
633.46
561.03
448.21
324.46
778.05
218.31
641.39
402.78
381
701.88
586.84
538.66
683.06
404.86
708.99
227.04
294.13
43.2
731.17
389.47
674.86
793.23
647.75
425.03
560.39
369.2
270.84
384.82
63.57
67.85
141
357.2
536.48
167.73
454.42
752.3
558.41
722.13
203.97
249.43
472.31
436.1
102.9
761.29
99.93
625.3
644.88
114.98
272.69
332.77
567.73
34.72
298.37
8.89
0.64
207.91
297
663.43
54.85
308.12
162.55
624.57
321.55
51.06
284.14
234.35
448.39
96.44
740.4
680.08
762.44
578.65
492.24
241.47
63.09
765.52
370.22
334.76
554.76
367.52
586.35
629.91
139.99
590.06
113.68
531.31
692.85
434.93
501.71
776.06
701.29
400.76
415.5
557.29
374.46
199.08
67.57
189.54
611.77
359.28
480.32
473.32
442.36
129.62
111.82
347
569.25
382.4
407.05
17.86
33.61
116.96
414.26
412.48
44.08
396.81
418.8
36.38
783.95
579.7
240.76
238.54
395.93
142.74
773.35
797.78
390.76
467.25
790.92
41.21
597.51
296.67
64.11
68.15
138.11
30.25
569.48
364.44
14.18
426.76
705.79
601.24
151.98
581.13
501.34
308.67
613.33
73.74
215.31
763.21
77.15
460.09
129.27
411.97
448.83
168.7
349.66
555.39
0.17
277.91
666.55
421.5
2.44
37.26
471.42
103.85
260.13
647.86
255.2
788.64
50.72
678.51
697.98
373.52
675.73
224.39
571.78
196.61
108.67
699.48
450.57
404.34
761.73
426.08
291.79
297.06
671.01
410.25
346.53
666.26
357.45
635.4
401.58
653.24
235.64
226.29
269.28
693.77
581.11
23.82
97.04
586.13
228.54
175.86
773.3
457.47
591.11
20.33
341.18
420.52
261.53
152.51
710.61
24.21
308.93
340.55
125.14
712.51
607.77
4.21
460.29
365.83
4.62
276.05
572.6
113.95
660.08
547.57
375.92
235.4
211.73
95.83
202.4
220.8
278.75
457.54
308.33
215.99
185.06
550.69
197.77
190.24
636.02
19.56
179.67
590.99
656.81
550.41
188.99
464.33
645.95
421.52
596.33
338.19
219.51
386.51
182.33
160.17
261.48
266.88
578.37
193.12
518.22
204.48
432.46
553.39
508.39
180.54
57.27
361.8
288.32
312.45
396.13
323.45
786.33
79.15
774.88
379.86
154.18
175.42
320.93
737.23
648.48
251.67
778.54
286.37
346.62
240.83
565.63
772.34
79.73
549.95
135.98
201.98
742.07
525.92
359.8
275.38
238.43
639.74
697.55
16.7
249.43
368.69
571.04
639.91
478.6
307.74
335.15
20.01
521.57
260.01
110.24
88.84
686.54
390.95
214.27
279.12
442.93
444.37
173.89
450.93
651.75
266.48
64.51
793.81
160.71
408.73
400.02
8.17
526.62
173.28
109.13
144.31
647.48
704.5
320.33
744.62
206.96
622.92
682.11
165.74
682.42
656.17
51.91
361.09
127.04
483.18
125.62
780.88
563.4
190.92
458.69
280.47
66.78
290.66
787.66
137.77
690.5
326.01
739.21
168.02
471.24
444.04
528.87
429.95
135.57
446.49
404.65
601.54
198.76
505.28
88.9
250.07
740.43
85.97
686.71
381.06
546.6
43.39
749.82
330.99
674.36
259.38
192.99
166.73
426.39
547.75
506.83
343.78
736.38
226.93
777.03
512.71
296.85
17.5
83.09
610.95
14.51
352.93
762.82
730.52
400.48
402.77
85.75
765.81
452.61
225.31
6.25
527.4
251.37
191.47
154.37
673.17
512.79
482.58
580.56
564.07
432.59
482.01
527.12
787.13
557.35
740.9
74.85
100.07
204.38
441.43
438.42
775.68
318.42
433.06
308.18
583.91
450.4
138.27
473.37
199.41
69.75
103.23
286.52
497.42
392.98
168.69
696.03
476.64
631.42
515.98
534.35
228.86
97.78
45.04
641.52
691.39
349.6
244.16
310.58
765.22
794.67
186.7
404.57
22.09
65.29
418.35
393.42
161.37
529.94
452.26
472.02
185.69
551.6
136.4
18.49
461.33
491.14
714.33
277.66
759.92
255.05
341
17.38
368.49
33.61
756.47
715.86
776.49
32.52
563.9
357.56
483.94
92.55
368.91
45.07
206.67
159.14
26.78
30.95
109.45
515.99
294.35
519.15
712.06
385.97
434.01
260.07
632.9
336.06
150.55
11.27
47.6
328.2
612.66
235.91
760.35
435.29
647.97
706.92
319.84
124.16
556.85
553.72
500.56
647.27
356.68
782.87
528.07
486.2
327.8
677.38
103.58
182.71
260.65
786.45
153.59
775.16
509.44
423.25
88.52
193.62
19.96
740.24
462.47
318.37
237.94
41.22
732.56
708.84
270.47
684.34
794.29
441.8
137.78
340.63
681.49
200.53
535.94
781.91
307.38
222.21
102.78
619.03
778.78
335.68
687.79
451.63
623.41
321.48
50.18
257.92
422.38
610.1
255.18
513.31
603.98
734.29
474.74
23.29
423.91
172.95
430.14
210.22
565.37
266.19
324.72
101.1
339.05
734.37
480.24
307.39
311.63
503.27
530.16
314.64
36.12
210.42
514.24
593.23
198.06
776.8
28.76
438.03
107.33
660.55
548.27
758.56
799.08
626.07
465.82
284.88
663.26
412.87
231.15
402.03
672.63
339.86
405.59
698.79
647.28
486.56
145.81
113.04
475.83
605.1
410.07
299.69
347.4
249.35
772.76
504.87
304.09
539.39
271.58
440.6
335.72
513.08
288.17
184.7
410.98
336.41
436.63
377.79
320.57
518.51
22.81
753.39
398.33
394.65
564.78
588.29
744.76
586.02
709.98
205.19
372.47
92.7
653.61
680
598.23
27.8
615.73
593.59
677.73
67.15
325.6
38.12
277.07
2.87
628.97
570.57
271.9
84.95
268.46
71.99
756.33
354.53
254.06
247.58
764.32
785.17
316.26
477.77
674.49
400.32
664.72
776.96
326.25
782.1
552.13
608.47
672.37
668.81
779.59
166.86
752.76
133.52
566.31
150.89
156.75
372.35
377.27
172.16
412.25
214.75
217.32
410.18
752.35
488.24
15.81
608.63
115.13
344.23
173.18
67.58
13.02
719.42
349.76
472.3
206.9
123.91
305.69
17.07
695.96
355.54
571.89
693.88
475.8
699.6
753.99
700.57
676.37
653.64
548.24
54.69
730.98
347.85
792.33
720.81
330.9
539.92
322.78
657.22
400.36
251.68
283.93
564.65
370.27
309.97
724.89
649.97
32.19
727.35
118.69
29.68
277.46
747.02
624.46
558.6
223.25
557.12
83.94
686.88
688.01
121.76
330.25
766.51
156.06
621.59
791.11
718.1
420.82
779.01
284.1
46.52
337.16
769.56
91.55
417.96
290.46
342.36
464.68
446.12
32.79
476.09
498.27
697.8
532.77
638.89
450.15
668.22
423.32
616.48
154.43
109.86
185.09
167.16
55.35
201.37
451.87
30.34
297.84
496.71
306.76
598.81
134.65
548.92
773.62
747.3
553.49
383.14
71.07
195.66
647.44
389.56
610.61
132.05
407.51
260.7
744.13
180.93
174.56
564.39
67.2
575.11
514.05
384.58
490.21
578.7
589.19
297.84
531.59
332.87
667.22
72.65
357.89
334.79
218.98
722.31
628.74
734.67
563.6
92.55
24.01
71.01
129.22
99.07
684.15
611.73
98.99
55.86
492.87
383.48
713.83
294.55
501.04
276.77
98.21
612.78
556.27
529.98
146.11
415.69
225.92
539.34
342.98
762.7
521.43
14.12
83.89
107.46
208.52
458.13
173.09
201.72
177.72
555.06
550.59
319.07
49.11
618.59
472.04
204.78
788.33
796.8
280.5
685.35
505.41
301.19
705.26
29.32
343.03
478.33
195.86
526.53
2.02
777.55
586.42
633.44
443.04
739.25
145.09
28.2
714.88
26.44
104.75
529.06
103.44
337.33
711.46
644.17
514.31
462.09
497.49
786.31
35.09
499.99
682.01
431.36
65.6
715.4
718.89
793.14
635.65
721.67
313.45
319.44
772.02
772.65
641.22
493.69
31.26
685.77
520.46
549.73
93.45
523.99
486.72
204.42
355.79
374.46
325.2
454.36
208.65
297.67
579.01
698.17
389.11
766.99
796.91
640.21
404.23
91.42
204.26
280.58
446.22
276.54
9.16
461.24
59.46
518.56
275.09
789.78
276.3
304.56
386.65
560.23
17.84
152.06
576.38
56
168.5
27.77
147.49
349.82
616.44
656.21
618.45
605.61
45.89
161.89
50.26
795.43
299.99
506.06
642.19
597.34
518.72
76.32
25.68
709.81
611.88
710.95
84.48
551.52
315.76
455.05
301.87
300.45
794.39
440.2
174.14
254.7
315.1
428.81
409.04
495.23
414.02
456.56
253.72
764.75
730.37
727.57
602.31
684.23
735.77
37.99
445.78
116.11
376.21
661.03
500.69
180.42
79.6
504.87
573.72
550.81
575.68
548.59
123.78
330.46
1.9
80.67
42.16
302.73
708.69
155.97
307.27
218.47
499.96
488.76
157.78
547.16
7.67
323.89
414.53
395.78
122.5
555
725.44
699.86
664.9
270.25
634.34
96.48
716.9
128.46
32.98
281.41
730.95
792.98
460.52
428
192.35
362.72
341.37
129.55
466.49
427.94
579.67
692.23
645.67
606.22
662.02
622.12
332.24
80.28
368.65
590.82
211.35
681.69
12.32
148.17
253.74
468.42
37.88
32.23
147.95
481.01
741.89
379
781.57
536.62
639.67
416.29
75.71
107.26
795.8
230.99
363.65
695.9
60.39
556.02
538.79
262.8
553.17
236.48
300.91
592.5
304.45
471.49
673.85
497.37
221.5
56.41
418.61
236.11
762.18
681.44
630.93
516.63
607.64
179.38
341.87
686
670.85
705.16
612.83
602.06
163.99
121.75
407.13
715.21
543.57
540.49
36.39
244.31
694.82
30.57
118.17
157.65
223.66
231.3
420.15
657.84
578.79
205.86
158.4
58.25
182.05
737.55
91.16
444.93
663.12
470.57
118.12
378.77
368.17
726.42
128.42
565.08
735.85
367.54
127.09
572.54
641.16
540.33
305.1
109.44
771.75
135.51
662.05
415.42
347.1
386.43
399.96
433.31
636.12
464.07
253.52
672.53
351.92
81.91
227.81
88.37
63.46
389.22
773.17
768.48
520.36
543.23
766.63
349.87
351.89
134.99
148.92
484.53
122.85
368.86
521.87
304.65
737.54
736.92
581.97
204.09
50.87
80.1
384.53
232.43
558.53
663.22
355.75
791.31
778.26
609.4
228.86
459.64
459.5
26.97
748.15
189.33
722.71
466.93
565.61
191.08
510.33
172.24
715.86
224.75
293.22
632.15
318.53
263.08
639.56
217.67
589.63
796.98
486.38
727.9
407.8
778.31
573.45
551.29
512.26
464.97
59.78
539.71
300.89
370.64
406.41
181.15
135.13
288.3
662.73
80.04
765.77
418.75
424.32
629.44
125.09
412.36
686.17
404.85
171.22
510.04
446.13
361.68
152.07
313.23
28.76
97.86
765.6
586.57
728.24
593.28
527.64
233.32
494.3
45.62
391.19
215.35
299.78
193.98
21.23
153.64
781.57
157.38
301.87
405.62
565.87
710.43
531.23
231.43
668.24
166.6
379.26
783.57
301.44
636.46
155.84
557.23
237.57
612.49
129.4
49.23
284.19
474.14
256.61
729.32
756.65
605.08
116.41
784.51
724.23
441.2
371.13
792.71
757.58
406.36
257.17
554.78
638.15
484.41
290.35
678.69
629.04
349.81
371.44
69.1
43.2
431
518.38
341.39
143.88
179.36
307.17
77.08
266.19
42.12
375.55
134.43
43.25
432.85
411.31
288.89
63.62
120.35
577.43
640
353.37
615.19
755.76
121.87
25.98
269.03
517.71
366.79
240.99
200.03
539.86
507.83
311.85
305.8
626.56
761.95
137.04
603.79
182.59
736.41
108.11
688.59
783.46
489.56
334.77
556.24
69.16
733.78
668.35
586.51
758.49
270.87
556.41
474.36
607.43
102.96
253.65
284.74
86.11
719.14
789.19
506.21
536.13
749.96
667.64
702.76
265.24
480.66
527.64
397.89
378.06
510.61
240.27
777.39
582.98
312.76
99.04
668.41
90.69
553.91
741.88
771.39
33.94
58.45
386.17
1.03
89.29
11.2
277.78
547.92
549.12
701.98
379.07
74.48
92.22
693.69
756.07
374.3
126.1
654.49
609.08
681.97
643.75
783.17
644.38
350.98
169.1
266.32
750.25
348.91
793.63
467.4
552.52
49.96
485.93
414.97
122.95
636.95
780.39
95.57
247.85
701.1
373.21
218.08
714.21
722.08
146.47
35.08
717.19
194.18
656.72
127.58
514.14
353.71
626.92
714.84
446.82
67.75
103.76
551.64
10.68
277.93
220.05
376.62
344.95
325.5
392.92
181.31
607.21
369.19
721.78
179.23
107.23
289.38
273.4
458.07
636.47
331.48
630.22
404.07
354.62
295.98
502.05
216.27
216.02
419.1
478.87
257.62
779.52
794.61
277.44
576.98
465.04
784.2
425.74
131.81
741.6
641.21
172.25
64.02
378.16
316.12
378.19
233.9
713.25
160.48
735.91
330.92
80.7
132.84
755.03
690.59
798.13
414.35
91.44
307.25
632.11
663.51
107.73
484.05
413.24
638.98
592.28
665.15
592.42
602.48
206.93
687.68
518.59
774.4
96.02
392.17
380
179.16
523.07
588.44
534.87
44.7
574.7
327.28
68.28
416.64
793.98
103.09
348.94
178.2
135.82
795.78
22.46
473.27
449.73
613.77
510.4
314.08
22.23
223.91
65.42
61.95
744.99
375.81
63.57
671.62
188.76
580
107.84
634.99
415.31
192.45
279.47
22.8
681.47
44.8
179.74
444.94
375.43
371.5
176.91
41.4
75.85
187.01
799.67
742.64
62.55
352.74
109.82
42.06
44.69
308.43
14.09
522.85
195.86
356.44
614.2
798.53
589.15
725.37
523.94
433.76
666.52
102.07
349.62
35.75
603.37
190.27
446.58
670.16
145.29
752.93
675.78
102.44
793.41
44.65
216.46
601.09
346.99
685.38
186.7
365.91
287.75
344.44
761.45
146.79
355.76
21.91
194.06
302.6
730.66
643.38
201.66
757.09
29.68
459.87
116.63
514.76
696.02
629.57
334.36
375.24
245.66
479.89
342.45
626.58
795.64
126.42
639.21
331.5
201.2
9.61
392.45
630.87
233.09
556.96
660.3
42.77
91.8
333.24
39.97
208.88
589.09
278.79
100.43
588.62
104.06
420.47
183.09
135.75
32.17
191.3
733.04
425.62
328.28
602.1
220.2
214.88
565.04
300.21
85.87
758.34
762.86
230.77
522.45
780.8
657.23
115.18
788.45
724.19
548.17
360.87
335.82
664.74
307.92
296.47
220.18
397.35
295.68
783.48
757.94
570.59
20.25
375.97
542.38
41.06
300.07
205.86 /

COPY
	PERMX PERMY  /
	PERMX PERMZ  /
/
MULTIPLY
	PERMZ 0.01 /
/
