---------------------------------
-- Permability values for SPE9 --
---------------------------------

-- Permeability distribution visualized in figure 5 in Killough's paper
-- Killough says 'The input data included in the distribution to
-- the participants included a geostatistically generated 
-- permeability field'

-- The values below are taken from Killough's dataset, they are
-- not based on the figure in the paper.

-- Explanation to how the data in PERMX is organized:
-- Under each LAYER (i.e. K-value), 
-- there are 25 ROWS (i.e J-values) under which there are
-- 24 entries (i.e. I-values) 

PERMX
145.12
240.85
192.24
491.91
706.45
785.72
0.08
412.12
631.98
366.39
279.94
685.99
724.18
145.51
221.07
361.03
745.2
15.99
106.49
38.41
623.43
207.04
607.55
559.06
513.26
393.56
648.86
525.15
522.2
557.69
755.32
799.38
610.99
159.58
418.42
237.47
350.8
425.35
136.16
740.73
579.3
635.44
703.35
279.99
748.34
713.47
321.03
112.15
530.31
8.1
575
305.78
119.26
381.18
243.8
341.03
13.19
15.11
721.83
488.43
248.67
422.43
405.54
755.38
745.4
657.58
47.43
322.87
284.78
543.22
291.39
575.4
707.52
144.21
200.02
302.78
1.04
363.66
469.99
631.64
451.72
619.02
77.29
74.71
693.17
727.61
255.71
365.28
113.78
373.49
695.06
78.64
552.61
264.12
697.56
647.93
270.93
398.9
661.71
767.5
281.97
248.99
550.08
762.04
515.7
596.71
192.17
578.11
636.53
249.92
718.44
627.42
684.65
553.26
756.59
683.29
324.42
646.76
480.95
230.75
604.04
539.25
533.4
536.03
27.86
720.76
74.14
76.17
139.46
99.46
745.81
739.75
157.4
164.83
220.93
314.83
196.02
369.89
620.29
416.29
467.94
633.58
483.09
729.54
589.88
146.98
787.36
214.36
193.29
402.3
49.88
444.84
279.76
499.97
27.24
185.73
713.53
5.84
121.04
1.78
747.09
535.64
295.99
232.96
754.23
755.09
176.23
277
782.92
425.58
57.72
338.1
334.72
230.43
326.37
289.27
14.04
657.27
610.87
732.72
566.56
112.53
504.25
261.41
790.06
352.9
204.94
589.13
597.83
336.26
163.63
587.33
12.06
525.94
123.47
659.25
628.3
345.93
283.76
383.28
290.24
654.06
14.03
402.26
481.85
642.13
368.77
42.65
260.53
173.45
205.29
233.65
331.06
204.79
429.78
414.18
253.64
744.38
424.42
699.55
640.2
43.59
420.79
154.67
554.41
384.99
26.16
357.96
657.67
144.99
143.9
209.75
735.31
555.47
557.03
774.5
429.63
564.78
271.41
689.56
10.16
616.11
662.2
283.58
522.93
597.54
326.12
787.61
657.3
490.27
217.77
11.7
615.81
670.14
22.91
500.71
631.54
254.01
572.26
96.94
314.98
479.98
299.84
43.28
6.09
562.43
572.2
795.18
274.06
794.98
658.62
13.98
332.09
274.02
546.93
630.49
677.29
86.97
557.65
478.42
0.11
536.85
781.71
55.61
754.16
170.53
272.74
541.46
353.38
748.21
245.44
684.66
772.24
208.71
106.76
99.16
637.7
171.56
624.18
630.24
473.64
234.72
663.78
766.27
23.08
232.54
727.46
63.4
249.34
729.62
621.83
558.09
219.18
492.63
5.98
367.03
743.28
695.18
458.51
189.97
509.72
106.17
128.86
548
462.12
574.71
276.85
220.5
594.97
548.7
675.04
490.92
155.39
643.34
324.56
559.69
185.48
687.67
369.62
516.09
220.76
752.21
494
92.03
542.32
722.86
478.29
643.13
709.14
610.72
279.26
456.57
655.04
698.28
131.72
250.84
792.56
735.93
778.66
67.68
545.73
74.07
275.67
686.39
429.65
97.68
92.26
418.85
9.44
240.32
276.37
255.27
479.29
439.08
235.72
557.51
550.12
68.39
329.03
477.97
430.92
308.84
181.8
441.22
281.97
334.8
189.4
699.44
618.73
587.47
176.13
126.78
514.82
348.94
567.63
694.14
773.41
236.19
607.06
97.28
775.21
168.88
91.31
326.58
408.48
405.44
438.09
767.47
29.54
271.97
417.91
633.12
672.25
650.5
490.25
9.54
656.97
143.82
740.46
62.15
367.54
728.42
501.89
520.03
748.64
375.24
782.65
634.81
466.26
594.94
532.15
634.28
680.79
442.92
505.15
209.12
150.53
586.09
624.12
390.5
716.77
34.86
571.77
757.09
328.66
461.04
430.5
129.7
126.4
530.98
547.28
527.7
490.45
389.14
352.31
191.11
230.33
397.95
470.11
353.61
425.2
263.6
550.4
423.17
157.6
386.32
610.88
108.69
406.09
139.02
238.31
573.37
786.16
370.84
208.4
34.56
79.92
257.71
664.37
74.94
741.5
371.25
334.42
432.94
111.76
191.86
718.58
417.53
549.3
18.38
186.97
412.48
767.85
199.49
605.96
570.73
400.47
491.69
174.08
491.14
236.22
339.45
258.63
694.45
526.9
678.83
510.17
355.62
778.27
119.96
87
529.55
728.75
610.72
494.09
431.4
280.89
145.32
301.82
710.78
225.46
232.33
606.66
191.84
307.9
571.4
84.05
283.91
481.71
422.52
210.01
506.92
573.3
494.79
717.45
341.71
588.2
248.09
749.37
383.92
309.51
271.41
580.72
474.82
292.02
352.44
602.07
318.51
746.64
797.91
402.23
582.82
692.11
298.27
34.84
77.93
113.73
235.91
231.35
686.85
301.18
261.23
306.38
168.78
434.89
330.73
685.91
411.7
349.66
320.94
748.5
189.12
358.83
547.9
742.21
505
482.66
94.6
451.76
114.96
458.35
626.23
162.11
687.92
464.99
550.15
273.78
171.98
778.45
533.94
187.52
257.02
50.59
554.98
276.5
698.04
343.7
594.21
43.78
473.78
401.43
417.84
40.58
508.1
360.98
53.52
362.19
40.35
746.99
265.15
384.09
28.3
790.7
332.73
196.23
26.13
715.33
678.02
505.68
168.63
474.8
434.25
231.2
553.98
458.71
398.9
330.03
601.26
90.62
375.7
24.97
459.46
758.12
279.93
797.79
584.16
151.58
210.3
745.72
434.58
13.82
87.33
36.7
215.44
625.77
79.33
228.32
625.79
681.53
384.21
52.73
112.89
711.73
594.86
620.88
322.96
478.39
485.66
674.56
501.11
555.94
699.89
174.95
759.47
184.26
136.1
578.69
209.22
593.52
664.67
787.14
313.66
315.5
608.06
443.31
455.82
214.86
414.5
797.47
498.62
498.31
782.85
333.06
327.97
625.84
708.14
194.37
757.87
589.66
451.13
146.13
30.71
349.02
372.7
472.01
168.21
292.1
174.73
274.48
401.56
372.83
66.44
445.89
510.69
671.93
361.14
750.05
507.1
497.87
59.64
796.45
502.54
159.37
626.26
422.42
473.56
468.56
335.4
172.77
466.93
603.35
702.99
654.63
714.95
3.46
428.39
488.1
125.74
179.16
726.74
71.17
387.37
500.03
357.08
471.87
486.18
278.34
732.27
735.96
313.65
134.03
82.06
264.21
17.03
116.28
44.12
601.53
36.93
66.72
689.44
200.98
779.35
418.99
444.64
141.91
632.52
413.87
16.27
525.07
184.82
456.02
774.08
752.93
702.71
708.58
16.75
379.97
118.01
659.67
737.91
9.17
641.03
747.79
430.49
259.59
245.64
164.8
343.73
611.57
527.43
507.95
592.81
556.4
27.87
31.47
675.76
443.29
88
758.97
797.66
797.44
63.37
7.39
587.53
160.59
275.06
389.47
229.22
298.49
418.8
171.22
203.33
266.17
301.14
95.61
321.98
702.18
317.76
166.2
713.05
378.39
112.41
431.53
252.3
138.9
442.93
6.25
110.57
694.22
286.48
50.81
256.85
587.62
794.97
214.42
66.41
142.77
67.55
350.37
695.88
317.38
637.68
597.33
50.88
572.13
70.08
117.58
672.59
421.26
663.71
32.26
311.84
441.27
112.36
481.07
796.19
97.91
769.4
477.59
383.28
774.52
435.99
463.81
445.28
411.6
365.56
484.42
16.59
166.89
340.24
65.96
761.32
719.56
663.12
95.93
643.77
15.2
397.36
193.82
33.52
645.06
568.36
205.14
658.27
117.11
699.8
223.18
381.73
748.18
21.06
447.83
557.87
325.11
304.72
308.4
753.87
177.3
174.52
395.4
354.91
85.86
471.39
575.99
151.92
67.81
401.71
256.74
171.9
305.46
222.74
119.85
591.2
653.61
738.09
78.11
551.86
621.58
619.21
281.92
563.76
552.25
40.77
10.32
278.14
406.72
686.64
687.24
731.38
224.25
407.39
235.82
752.9
498.75
119.48
77.87
187.65
109.79
473.34
234.2
403.16
71.98
254.24
329.28
416.34
552.5
634.39
583.35
746.66
379.3
568.01
607.21
131.89
627.61
219.61
303.63
480.65
222.87
133.02
420.65
78.51
625.42
461.09
2.1
237.32
103.92
108.31
75.17
40.46
552.5
490.76
617.69
67.91
773.31
242.76
546.08
171.05
358.76
294.94
636.27
105.16
699.75
749.23
197.53
196.78
745.29
335.51
188.82
726.42
254.06
430.61
651.35
542.72
581.9
28.28
664.59
481.12
162.06
367.91
249.05
11.34
13.02
250.67
517.14
775.44
194.64
165.4
671.47
424.72
423.81
700.64
570.87
402.24
495.93
671.21
412.15
493.27
672
763.95
80.41
687.85
327.35
239.44
739.56
353.19
546.69
793.43
127.88
537.63
26.61
452.71
595.07
788.55
291.66
375.49
477.74
558.9
285.94
343.12
221.87
422.47
553.62
654.4
368.63
187.78
733.04
382.87
585.44
667.18
528.74
238.52
124.74
755.39
719.24
602.52
291.04
423.48
204.71
260.15
215.44
729.03
616.67
437.56
685.04
663.63
608.09
384.66
569.21
312.57
497.32
595.69
305.15
49.17
269.85
22.78
205.38
283.63
608.14
567.83
50.4
326.77
233.13
683.67
304.93
775.59
668.03
544.56
457.46
760.24
31.31
609.99
570.91
287.8
392.9
365.53
27.89
449.53
621.63
156.11
596.07
178.5
534.82
519.87
626.73
57.37
540.61
784.02
347.29
794.37
248.03
502.49
550.7
550.06
301.83
68.54
556.84
159.92
754.74
76.94
723.39
420.01
689.99
71.23
661.99
659.56
402.1
627.46
565.74
111.87
279.98
57.28
461.67
739.72
661.21
706.23
651.14
126.87
264.05
697.79
733.35
382.46
84.72
749.87
382.83
129.87
328.55
18.38
497.61
748.88
608.37
250.33
254.55
734.83
483.66
415.25
505.05
347.46
474.31
528.93
397.27
733.5
620.44
60.57
71.26
490.3
411.49
391.85
626.06
675.34
493.29
470.8
120.66
171.2
518.61
619
241.8
356.46
649.01
125.63
233.47
115.02
44.34
50.47
158.83
71.18
21.13
778.11
628.56
619.02
719.19
319.3
610.77
734.66
451.41
463.12
515.17
239.32
100.99
24.91
545.49
453.96
660.34
140.41
226.28
404.43
288.82
692.02
417.14
167.96
384.84
383.17
14.15
433.61
438.62
1.93
449.25
509.81
344.41
584.55
269.56
176.94
293.21
341.39
642.4
123.71
276
118.24
56.76
414.5
10.89
367.23
767.62
250.22
116.54
701.61
378.79
66.93
161.63
742.7
397.63
137.24
510.67
766.41
240.72
229.03
491.12
153.38
490.5
105.72
572.74
641.31
233.09
718.02
264.58
271.07
174.52
654.47
210.02
799.79
179.84
722.58
642.44
285.51
12.65
516.81
765.37
515.65
544.27
394.89
720.24
49.32
285.65
199.89
637.88
551.68
74.56
81.34
344.24
679.14
782.19
434.45
728.29
437.73
462.64
215.27
514.61
557.53
650.77
100.8
375.06
494.48
515.94
799.01
90.62
687.79
707.14
37.05
227.15
398.47
434.27
400.89
405.61
742.84
197.71
134.08
621.08
798.08
681.58
102.21
2.65
668.55
114.05
340.31
491.78
400.77
373.59
757.28
519.11
527.72
711.15
281.5
573.54
740.42
638.29
68.94
548.56
65.87
215.08
69.55
675.5
29.22
406.26
604.77
661.82
747.11
211.79
325.31
606.65
484.74
105.74
202.4
497.62
513.45
528.92
691.63
113.67
666.02
165.36
531.46
359.93
733.85
74.2
707.63
465.27
18.9
511.07
62.1
97.17
636.97
705.33
520.65
717.13
580.83
715.93
426.08
15.59
494.58
587.07
223.44
277.92
716.29
743.75
374.85
212.57
692.9
653.24
57.28
771.68
11.99
285.15
576.08
186.83
61.82
12.04
452
726.14
331.19
549.69
793.4
683.93
493.6
316.19
208.99
593.24
528.96
457.72
304.94
18.39
17.54
167.99
400.66
587.17
286.05
349.29
0.95
361.18
407.85
519.99
690.52
561.48
558.59
791.33
167.73
174.84
315.5
181.88
771.86
347.66
207.47
91.7
134.63
554.18
425.72
371.04
295.69
102.71
469.2
309.45
703.28
360.88
217.84
654.63
605.91
171.65
74.59
294.68
160.83
728.01
732.33
796.24
751
713.14
110.4
352.08
772.97
251.04
687.45
591.96
162.65
577.21
575.52
678.66
602.23
658.25
12.91
662.4
599.88
313.14
429.1
521.56
148.95
414.37
45.88
220.36
10
376.03
637.55
15.76
337.48
296.23
160.46
162.43
372.28
798.15
284.15
564.16
422.93
724.21
562.1
276.27
148.35
626.82
121.79
116.85
526.15
765.76
671.39
673.58
312.64
344.15
381.5
375.42
458.75
428.91
244.7
357.66
239.76
333.92
27.02
235.44
573.93
304.02
550.17
83.73
46.53
754.44
199.62
307.93
177.47
260.11
57.26
31.64
57.72
766.38
249.11
175.87
471.42
300.39
457.63
163.4
288.66
411.62
517.12
17.44
554.74
239.76
420.74
776.75
532.3
487.35
84.4
396.65
224.7
47.14
678.46
584
139.4
275.97
446.06
138.93
40.62
130.6
520.45
462.7
399.27
768.62
4.01
638.66
681.46
486.98
312.41
619.79
732.79
520.37
50.08
721.71
710.56
113.63
222.69
518.65
423.62
663.42
722.93
785.1
663.64
551.28
620.75
279.05
131.32
442.6
583.67
516.88
715.87
490.32
441.25
78.22
347.96
705.24
476.94
757.78
590.71
761.63
548.83
309.43
734.89
330.5
276.71
556.92
10.78
717.6
603.81
447.97
787.82
270.91
17.3
778.28
602.76
1.5
261.55
159.58
210.5
125.36
199.74
210.4
548.93
288.6
317.8
508.07
421.36
586.78
353.74
265.63
620.71
160.1
634.73
482.71
179.2
699.83
125.17
496.04
421.91
688.78
177.74
149.17
693.11
495.23
371.01
43.4
100.63
507.31
108.05
747.25
404.56
187.39
416.11
74.68
783.09
479.36
180.97
705.52
168.22
470.43
189.88
431.33
49.89
338.27
703.56
628.63
192.62
632.77
375.49
32.48
285.73
422.68
303.11
299.72
79.06
484
758.93
229.86
564.17
84.08
149.63
518.75
746.68
637.91
491.39
563.76
288.46
56.7
525.3
770
178.72
113.04
780.53
664.6
297.15
229.59
170.67
73.66
56.34
453.64
689.01
604.71
141.63
81.92
754.52
542.07
590.7
351.08
620.72
24.69
133.51
459.39
760.18
750.04
619.32
198.97
126.4
587.06
398.89
7.81
254.29
419.54
273.75
721.65
725.08
456.43
657.28
234.88
645.47
789.46
269.58
209.62
505.33
612.21
184.55
333.04
54.46
183.3
479.72
427.85
718.79
297.84
428.4
393.87
69.43
89.18
795.42
4.24
253.51
515.88
709.6
670.11
463.8
145.01
336.09
522.47
266.63
361.87
106.42
549.38
248.03
508.73
538.58
64.76
414.5
391.06
133.87
318.55
474.02
485.19
513.56
352.08
540.24
591.58
798.99
776.25
594.81
372.82
799.19
429.29
621.09
157.95
415.92
570.58
1.55
230.61
781.99
31.01
3.47
430.77
658.82
465.24
671.92
368.59
379.49
238.38
189.88
794.38
361.12
193.55
628.08
165.61
784.37
674.73
339.85
729.54
80.61
278.27
439.12
708.46
42.22
305.25
698.86
534.22
403
220.85
6.45
716.38
682.53
54.99
564.65
638.95
117.74
166.22
436.37
516.41
691.04
415.44
200.49
379.31
525.1
586.12
92.71
137.16
728.46
515.72
121.94
130.66
375.46
454.66
242.14
333.8
45.89
108.57
38.57
519.07
280.8
45.97
778.48
122.13
34.65
597.02
295.09
486
786.27
400.1
722.1
304.15
536.53
732.99
500.8
727.55
787.22
602.54
592.62
686.77
35.08
488.15
9.02
267.56
350.79
338.43
407.09
236.89
91.5
788.35
460.49
624.1
630.73
366.28
553.58
784.28
235.58
20.32
55.22
666.62
552.63
508.22
662.64
705.14
468.87
634.69
784.31
259.87
595.68
31.44
297.25
345
240.88
372.19
24.84
403.86
373.44
537.2
136.03
14.03
43.39
675.75
362.64
267.14
662.91
380.12
751.1
305.71
429.07
601.31
572.36
625.05
157.51
64.55
266.12
677.3
98.12
419.39
176.53
751.27
123.96
423.69
625.53
378.08
496.66
24.47
351.79
528.63
388.78
615.86
775.97
287.29
544.95
635.29
250.62
700.57
90.98
493.77
755.99
500.05
626.15
604.89
664.45
733.56
724.47
419.22
729.23
790.79
526.54
625.73
377.88
492.59
413.55
207.81
126.06
412.66
597.49
512.39
512.77
674.78
541.33
207.08
71.44
150.87
693.63
640.76
138.75
479.51
355.23
139.2
284.93
549.47
730.27
87.91
225.27
790.98
749.48
300.19
63.41
574.11
589.47
761
597.88
433.9
330.37
5.88
476.24
374.59
372.18
363.56
169.56
336.33
111.51
634.95
773.47
58.61
327.78
446.71
775.44
614.36
642.24
364.85
367.29
723.36
434.63
297.74
761.25
47.4
470.92
431.23
89.35
711.21
563.39
281.05
254.63
720.81
331.01
421.68
274.56
320.44
727.27
4.03
92.97
718.49
665.6
147.56
389.7
281.63
184.74
448.02
221.27
594
483.29
72.42
277.21
244.91
707.62
522.15
371.82
186.33
773.25
244.18
196.47
484.5
492.64
371.61
564.83
517.88
310.28
328.32
677.42
19.48
119.08
586.4
427.97
467.57
510.55
309.11
773.63
205.69
10.51
493.13
274.21
759.13
159.77
632.51
181.17
213.66
629.29
116.95
241.3
510.93
83.03
404.75
138.44
579.49
305.77
623.94
54.09
235.86
725.56
204.56
432.82
326.57
753.68
119
625.48
741.56
644.1
405.5
570.56
648.87
544.32
288.97
754.29
723.3
619.74
110.87
292.93
372.45
444.09
686.39
769.74
106.42
158.31
682.34
52.4
646.43
382
652.47
126.31
4.24
189.76
669.88
601.53
152.23
766.83
188.18
680.19
575.54
453.98
72.14
474.81
235.85
277
701.82
441.81
686.54
121.22
57.12
575.88
309.58
797.83
794.83
109.5
76.35
721.45
127.4
537.48
14.64
256.22
390.19
794.3
464.39
621.27
377.03
316.62
37.36
770.39
750.36
372.09
354.67
333.87
614.65
343.82
284.86
370.31
745.5
771.13
53.04
7.78
545
640.04
32.48
584.24
564.61
353.03
756.89
436.51
699.06
473.14
538.5
84.82
173.19
302.24
767.92
302.26
747.17
73.99
798.21
29.29
110.77
44.45
134.03
572.37
548.47
412.22
641.12
138.24
637.63
471.93
525.76
171.58
80.78
563.48
10.27
360.04
206.31
745.8
136.07
244.91
528.48
361.62
411.77
451.41
607.83
502.56
548.54
722.89
440.88
187.43
713.37
22.82
400.46
792.71
412.71
789.07
512.47
121.86
152.52
593.4
521.79
723.91
389.9
72.02
131.93
99.3
161.78
724.06
162.29
85.06
420.21
720.49
299.47
253.46
687.66
404.64
233.85
391.88
143.36
298.68
283.46
724.22
234.35
702.53
674.78
402.13
672.4
266.3
742.33
158.1
149.95
683.16
443.87
267.87
336.26
493.7
350.74
799.49
10.45
556.09
457.44
645.09
628.9
555.58
371.53
309.59
746.11
469.82
391.36
484.53
663.94
338.64
787.34
179.06
672.38
481.7
54.96
344.18
472.77
242.1
751.16
319.67
233.12
457.81
725.96
548.58
207.45
417.51
297.33
798.85
770.69
341.33
487.68
16.19
125.03
312.41
269.74
775.84
734.53
455.25
155.59
556.07
77.62
593.21
93.01
308.44
17.62
225.24
634.37
736.06
774.99
48.47
284.16
282.75
365.05
172.79
545.81
384.15
256.56
47.9
777.16
350.07
138.59
410.66
275.14
237.99
323.79
267.55
547.14
668.31
178.44
694
697.99
284.19
708.14
554.4
87.13
793.17
52.58
162.12
224.31
711.83
77.75
167.93
344.65
535.53
632.6
708.13
21.91
161.48
402.38
422.2
580.77
334.49
200.59
215.58
797.64
677.12
330.78
131.44
64.99
67.91
738.86
600.21
571.24
753.17
562.09
712.16
670.83
471.3
788.05
288.94
263.24
442.05
454.35
708.16
197.61
148.48
105.33
706
408.4
90.66
784.24
405.09
616.48
653.81
139.7
592.92
210.68
741.79
690.93
447.09
634.62
612.55
115.26
713.49
123.82
355.11
146.96
600.35
196.22
176.77
19
655.27
519.71
355.39
194.33
343.12
548.67
759.46
396.48
316.18
729.03
248.95
411.6
33.21
518.87
424.81
47.78
459.7
571.62
204.02
181.61
414.59
158.91
782.14
57.94
752.8
670.15
129.13
151.31
321.83
24.17
515.77
447.37
195.56
368.42
732.7
744.59
351.83
369.11
622.46
698.45
223.6
38.81
500.54
769.65
447.89
12.72
1.86
696.97
65.35
566.9
29.23
339.58
636.09
739.66
611.12
54.37
281.93
530.15
213.56
768.2
547.64
681.92
9.68
612.92
106.01
77.28
224.92
671.36
720.59
102.8
237.09
614.86
41.97
239.91
403.09
38.14
267.78
369.06
294.44
712.57
526
685.22
746.67
680.81
772.05
59.67
121.62
28.27
658.51
641.9
458.2
52.44
292.3
616.19
180.74
601.47
474.32
25.6
38.27
604.71
291.24
793.35
231.85
673.2
304.03
672.1
463.69
168.26
366.77
362
474.17
756.64
82.57
125.96
557.45
502.43
224.77
262.91
61.29
57.33
646.19
187.09
172.67
779.93
183.35
258.81
478.94
20.5
728.89
335.31
704.42
621.42
370.18
529.48
508.94
143.38
37.57
60.44
734.9
286.28
548.87
122.96
791.81
411.38
233.14
606.93
289.22
198.39
509.97
116.47
61.98
35.72
479.6
157.35
338.35
514.96
344.03
327.69
698.58
581.97
498.95
475.18
255.81
53.24
13.18
438.9
202.85
455.18
214.05
335.98
383.9
422.9
781.52
237.66
289.25
644.9
399.34
308.46
637.22
657.42
363.53
188.81
598.66
369.79
214.11
179.5
765.17
231.05
328.59
131.9
555.74
426.31
324.74
178.18
410.31
31.13
688.41
70.92
548.28
553.57
302.4
748.76
378.39
138.58
161.58
546.07
694.3
706.05
92.01
21.93
797.79
322.85
522.09
240.35
416.15
146.89
170.79
553.27
90.29
345.7
418.34
590.22
469.54
613.29
696.33
424.66
291.29
205.4
86.54
727.9
484.31
502.4
412.24
569.61
705.06
637.56
556.31
511.73
269.8
463.31
518.14
588.91
705.47
489.03
692.73
377.13
626.32
628.66
734.7
621.13
671.46
469.79
572.7
676.54
447.86
392.88
46.1
53.93
758.01
152.93
275.05
368.6
18.72
383.28
539.07
625.64
412.78
217.03
526.74
719.84
76.35
540.41
92.75
273.07
196.08
163.35
257.65
482.86
710.56
308.99
391.14
86.63
477.92
546.69
404.09
58.48
126.97
214.86
672.77
756.66
81.16
459.54
662.96
68.37
572.38
775.21
173.31
238.57
303.98
660.49
570.46
496.88
517.23
654.15
299.32
692.66
612.24
632.48
227.54
147.6
594.54
348.11
568.56
173.49
55.04
766.18
662.71
522.65
743.23
14.18
526.38
653.3
376.13
283.51
514.54
115.38
364.86
89.32
0.14
607.83
712.94
481.94
0.17
359.26
6.18
591.54
428.55
516.14
148.35
510.41
39.34
36.75
468.57
747.4
542.75
8.43
338.12
563.37
648.25
200.26
731.29
263.48
13.12
141.75
697.81
604.47
124.38
757.67
281.56
78.76
126.22
59.27
366.73
379.52
190.19
613.48
310.81
360.89
350.07
288.22
799
635.47
596.3
200.58
662.37
783.47
148.4
588.99
459.64
666.69
405.56
257.52
580.64
668.63
133.35
465.99
67.2
719.87
346.37
612.41
48.8
427.4
618.87
390.78
763.54
198.96
279.03
182.21
249.99
15.22
616.94
258.83
11.86
338.69
295.43
465.68
176.38
799.21
151.06
319.42
449.49
284.19
508.62
611.1
404.51
444.03
450.04
473.79
692.55
443.47
80.81
211.78
196.84
120.96
569.33
230.19
304.44
458.52
628.91
534.68
363.21
150.32
167.07
680.92
346.9
500.23
171.1
8.84
551.08
391.25
722.03
466.76
428.88
417.31
265.27
549.62
777.9
6.22
400.68
184.41
449.98
716.98
65.01
653.95
198.35
46.57
765.5
551.37
380.62
720.01
791.3
427.7
89.32
631.96
125.12
339.67
98.61
576.54
559
303.03
686.51
343.4
17.62
259.35
421.35
369.34
343.48
468.5
132.02
185.89
334.31
592.16
368.04
32.73
123.47
773.99
798.57
16.22
266.79
697.43
571.62
670.28
461.21
560.41
43.77
562.78
303.04
119.05
798.02
213.23
264.82
432.79
650.33
445.33
799.17
51.1
491.39
684
81.12
146.36
655.5
241.46
463.02
85.71
740.64
712.37
674.56
332.39
622.71
547.74
194.79
325.33
125.98
565.96
302.93
300.53
37.11
118.89
41.32
57.35
735.3
305.09
148.13
411.33
331.55
705.19
126.55
98.16
398.71
539.44
428.2
273.25
536.44
369.42
271.74
95.58
632.75
233.27
247.67
672.39
159.67
34.63
526.63
117.43
209.42
254.57
699.52
464.89
586.1
148.18
52.82
88.99
724.26
710.68
721.85
541.36
572.59
306.35
614.8
689.21
537.17
472.97
494.07
340.31
232.28
42.87
297.16
427.31
299.36
205.48
13.86
785.94
674.16
33.46
174.4
655.88
270.01
552.56
426.4
468.88
366.42
409.4
707.68
308.43
753.72
428.21
286.33
479.58
546.85
337.19
233.78
425.76
441.64
736.07
774.47
291.73
300.64
380.46
308.25
477.13
118.82
29.85
410.82
438.04
308.49
426.06
797.86
723.94
673.55
524.69
463.73
177.26
689.88
124.58
272.21
480.64
308.06
791.75
765.25
606.67
100.01
732.66
508.12
616.21
688.5
781.78
746.89
10.58
373.25
559.56
298.12
557.62
717.18
466.79
190.54
149.94
621.03
228.13
618.14
613.89
447.31
593.66
380.49
611.66
696.32
384.88
407.85
138.62
543.87
165.6
204.92
377.18
386.65
343.83
12.05
484.18
203.41
89.04
37.88
488.85
733.95
773.04
325.96
124.32
363.07
124.88
583.02
433.98
119.08
428.34
650.03
262.88
582.42
475.94
702.21
414.98
676.74
288.84
34.11
755.67
308.39
428.62
638.9
453.72
465.75
412.13
549.66
424.37
30.37
391.18
338.04
576.01
584.12
172.8
544.39
566.78
380.45
205.17
466.17
453.81
279
326.69
771.61
178.54
540.83
404.04
459.85
356.75
2.35
455.38
707.48
620.13
716.33
43.59
19.64
478.86
531.7
420.35
692.54
580.2
482.73
389.35
285.26
405.35
240.9
668.68
74.69
14.86
137.61
386.29
705.91
421.75
693.47
343.2
374.92
397.43
771.01
647.82
285.45
526.11
285.57
785.51
423.68
696.88
406.53
243.83
427.47
471.68
260.29
301.93
730.79
338.81
357.39
645.73
243.47
696.95
419.96
227
627.28
635.01
472.1
553.4
109.87
582.87
104.31
327.2
366.73
46.38
123.27
161.37
349
237.22
448.97
721.88
431.33
195.19
745.58
699.16
630.28
468.92
507.37
791.57
561.94
117.28
238.05
130.27
61.86
302.13
483.96
481.24
86.85
392.74
351.03
579.82
732.63
254.66
632.01
405.71
408.47
528.82
287.14
686.14
332.68
90.14
67.39
2.98
287.35
71.78
398.44
764.92
680.27
435.82
207.04
193.88
440.28
243.25
120.44
138.19
353.99
110.81
285.76
111.8
646.09
260.85
37.66
155.34
269.47
749.57
223.39
370.33
799.28
397.67
239.43
735.46
398.01
339.7
714.2
635.98
444.56
564.02
313.85
90.69
228.13
577.5
449.36
646.91
649.53
435.16
625.05
222.47
498.59
792.93
470.88
790.16
100.95
694.1
63.94
761.44
711.05
354.55
523.55
252.05
239.58
229.75
358.87
446.65
187.89
501.58
441.71
643.22
378.34
363.91
234.9
113.02
98.78
118.83
561.03
288.59
596.14
269.28
23.5
110.41
791.18
156.23
172.12
98.92
783.42
197.92
93.47
419.09
436.21
379.28
780.78
143.94
127.17
676.07
714.46
157.67
168.65
797.18
681.3
642.57
534.03
799
359
337.82
731.78
711.12
294.07
17.13
305.24
742.46
696.24
322.04
677.05
771.05
36.06
65.68
313.58
770.64
132.71
544.52
714
429.86
541.68
597.29
726.44
581.33
623.86
671.51
525.67
711.59
244.9
450.55
298.2
556.5
542.08
660.74
746.1
380.07
465.2
66.54
96.96
603.03
446.72
299.38
726.26
224.2
225.23
528.05
414.69
217.8
39.09
711.97
715.81
10.03
165.64
707.53
422.36
703.34
693.11
706.02
251.89
574.14
544.57
191.08
221.28
719.41
205.03
100.76
786.76
721.7
535.19
517.6
159.87
378.53
180.93
550.57
58.38
149.88
105.11
400.43
143.74
767.16
472.53
750.58
306.37
745.49
172.24
745.4
433.09
321.64
218.51
620.36
107.46
31.53
169.43
451.1
288.59
665.13
223.74
398.48
275.74
688.79
173.34
587.59
687.36
282.99
561.86
390.36
200.23
504.78
43.27
461.06
441.02
47.21
635.94
550.61
222.14
696.47
468.85
408.73
712.56
46.17
797.57
298.7
619.04
681.16
240.29
575.2
619.83
413.28
399.44
780.27
420.67
542.16
183.3
477.96
68.23
143.69
94.17
181.13
395.14
592.81
625.32
35.95
16.08
435.23
40.53
358.61
658.25
653.07
676.84
107.34
214.96
776.27
304.63
313.1
641.63
496.51
48.36
713.59
530.53
117.87
671.76
466.59
54.63
788.21
421.49
228.13
550.61
758.71
644.02
795.78
80.06
270.74
264.48
147.56
474.54
235.58
126.77
9.52
352.5
350.22
696.87
627.56
790.56
699.08
234.3
590.27
655.33
777.87
219.87
706.51
18.77
303.39
391.59
231.58
127.7
22.08
658.78
647.44
695.02
475.11
553.01
151.56
613.92
174.56
509.54
270.13
708.75
146.59
206.78
496.32
436.21
72.69
215.28
191.25
93.65
230.23
598.84
361.45
64.86
15.01
77.45
656.34
287.88
559.71
377.08
328.9
634.03
788.83
569.29
253.88
633.45
387.41
213.26
336.95
391.46
508.35
706.61
412.16
88.74
539.19
219.17
17.13
228.92
162.6
280.21
256.82
394.91
288.69
16.71
49.41
14.66
136.36
81.53
108.09
47.01
282.29
600.74
257.24
221.58
207.75
440.9
453.09
166.82
237.97
142.02
772.74
713.86
162.18
568.29
367.86
561.05
784.35
186.77
497.88
349.14
586.26
621.51
612.9
171.41
109.4
128.41
344.85
40.47
198.1
183.39
83.87
77.21
53.04
516.44
464.57
471.89
368.52
61.99
753.2
514.89
467.84
312.54
370.54
200.18
659.98
51.85
788.62
159.46
155.65
724.95
291
119.69
483.65
261.84
452.65
677.25
11.57
554.18
683.1
295.94
390.43
488.52
664.19
420.45
220.02
190.68
352.4
570.97
87.26
317.74
402.24
408.24
49.76
376.41
580.45
301.36
34.54
680.42
37.3
102.96
96.07
719.48
82.73
597.22
127.57
783.4
225.97
339.49
739.37
274.46
585.12
498.94
710.26
225.2
485.87
539.12
178.9
585.34
160.91
737.88
302.37
100.01
238
259.38
419.83
375.84
75.17
279.69
73.61
367.15
218.26
464.22
128
591.04
170.44
439.37
7.68
616.83
182.94
783.3
698.72
450.77
682.95
611.28
546.78
173.61
608.18
358.85
532.87
164.47
603.82
396.24
372.06
636.2
300.28
234.46
569.96
171.31
258.55
642.09
167.24
343.89
175.25
44.32
127.01
716.92
421.68
600.86
241.9
557.58
411.13
13.45
433.51
756.64
558.21
403.47
235.8
471.8
736.3
571.81
738.48
71.01
17.44
37.1
57.66
655.82
470.16
290.97
226.16
268.92
260.28
38.61
742.51
491
266.08
510.5
129.16
699.47
462.51
543.8
271.22
43.45
423.79
273.74
152.72
466.61
259.05
328.02
135.37
485
708.38
540.54
586.55
221.16
633.7
707.52
54.18
350.21
276.2
48.3
593.58
628.46
781.39
97.94
634.13
670.13
644.41
634.41
67.09
575.18
709.79
759.42
527.57
167.29
509.7
798.54
764.86
153.75
795.3
439.46
768.65
168.53
464.07
237.42
475.9
546.89
558.12
269.08
713.31
50.82
449.19
19.97
377.19
149.97
40.99
299.47
111.72
676.25
319.05
228.3
87.58
135.6
741.87
406.83
1.15
627.91
206.95
157.18
367.02
295.62
639.64
712.22
570.95
525.96
658.8
540.77
46.54
230.58
529.39
266.04
565.85
20.19
88.62
447.05
177.07
672.06
791.38
185.93
93.73
778.36
113.44
426.84
13.78
625.51
768.68
273.39
603.98
138.7
51.37
27.82
166.3
107.5
406.53
619.74
687.69
779.15
576.83
16.29
435.86
35.37
579.63
781.05
791.07
157.97
205.23
496.17
208.51
10.37
678.72
590.27
12.18
455.48
659.69
295.13
664.13
643.37
188.8
80.3
338.02
176.25
615.48
261.08
288.17
481.09
725.49
363.45
425.58
29.39
301.98
319.66
331.6
584.94
195.67
478.26
719.79
488.13
326.52
639.34
578.19
395.91
702.96
631.92
64.29
651.55
360.89
704.14
105.26
473.72
517.92
476.5
700.95
398.2
166.9
32.76
210.24
274.7
182.38
131.33
323.01
772.9
126.16
675.7
673.9
208.07
27.15
150.67
350.13
650.36
249.11
355.99
756.17
563.44
416.16
359.81
126.86
162.5
274.93
666.47
320.81
162.82
213.07
51.42
198.59
772.13
199.68
693.38
165.91
611.88
269.72
494.34
40.33
662.3
697.8
485.57
648.99
525.12
626.51
510.66
765.04
174.46
157.01
450.89
282.95
302.87
741.98
656.75
620.13
766.42
706.07
16.14
75.22
31.27
438.37
744.07
396.44
60.43
561.02
20.36
372.84
226.88
440.4
675.22
207.73
795.95
610.79
483.74
708.58
499.88
612.83
32.59
118.3
219.23
72.28
447.31
391.07
255.37
554.71
393.92
613.07
548.48
300.8
172.34
367.28
47.22
475.17
409.32
254.47
180.9
603.65
233.09
487.67
270.47
276.44
108.32
51.37
113.17
330.15
475.9
752.15
153.33
223.62
14.45
150.19
478.41
659.67
321.58
42.08
169.29
37.62
257.95
304.56
80.78
689.84
551.41
352.25
491.1
782.96
64.95
649.05
325.19
310.67
60.55
170.39
39.77
542.28
780.14
396.74
338.34
225.01
126.44
256.08
616.22
503.7
689.7
241.71
214.6
15.79
447.74
157.75
369.82
451.23
216.87
595.09
585.49
140.88
758.67
349.01
524.12
89.15
436.48
33.26
792.91
203.39
650.96
344.59
763.22
489.43
283.38
556.97
226.46
244.66
462.43
730.03
26.62
405.35
242.45
137
382.84
309.62
704.42
540.28
35.49
193.28
447.89
207.24
562.39
374.41
656.97
411.89
594.09
177.91
620.4
128.61
742.23
129.65
344.36
151.14
161.82
321.97
167.16
164.8
581.21
16.96
206.07
290.07
582.09
721.21
100.62
84.91
592.27
425.44
564.73
676.92
280.06
91.06
658.93
157.12
40.35
121.76
76.4
39.98
254.97
698.65
289.97
466.39
531.62
126.12
168.05
166.87
721.32
593.6
343.05
305.62
672.83
492.03
176.85
224.37
786.09
346.09
295.59
67.59
443.47
534.39
279.31
317.43
517.63
693.58
351.53
36.35
752.82
444.5
347.9
391.34
241.91
417.79
670.19
779.64
93.37
32.26
428.16
335.05
576.7
283.23
353.84
364.13
632.62
295.89
662.21
234
6.87
399.47
681.73
204.07
403.5
758.08
22.83
364.17
471.82
377.99
150.38
398.07
313.26
684.93
780.1
354.58
389.72
113.08
241.35
479.78
142.93
287.7
449.94
38.9
54.64
69.94
466.18
65.78
540.18
272.18
422.92
356.35
741.18
138.45
799.83
495.92
485.54
113.57
762.9
499.39
668.13
347.21
724.97
289.74
300.15
162.93
549.84
112.6
48.92
35.01
618.17
316.18
48.19
376.75
695.87
19.56
497.38
61.65
347.37
26.17
317.45
430.97
388.17
628.68
738.55
576.46
595.4
533.31
717.91
39.94
101.83
509.87
185.41
425.74
724.35
49.64
320.16
636.28
484.53
2.71
546.53
139.32
218.05
541.67
552.02
784.2
56.05
385.34
634.91
485.99
227.94
265.93
161.35
249.76
297.66
67.48
79.86
127.45
271.01
342.25
723.77
379.12
331.44
347.35
440.1
258.67
397.54
209.46
24.71
647.91
663.79
93.78
699.78
76.9
336.31
410.92
266.69
584.66
114.66
197.6
12.67
601.17
307.61
185.59
205.04
421.5
437.27
694.24
158.43
186.95
781.94
68.37
287.9
695.98
297.55
103.17
606.98
443.62
230.34
618.19
497.32
231.79
518.59
242.11
449.49
524.62
549.56
587.85
731.04
776.96
399.79
379.13
197.01
350.84
187.92
104.43
100.69
156.59
280.72
783.14
594.03
166.77
55.82
768.85
192.41
654.98
195.19
149.5
325.09
365.86
620.2
247.12
651.88
106.54
524.52
684.29
234.94
460.59
787.58
710.15
577.64
208.37
194.15
39.24
327.99
175.25
704.11
26.4
573.41
794.04
784.56
672.37
684.5
696.58
487.65
336.9
99.12
594.87
331.8
738.23
180.37
432.75
102.83
536.28
486.17
696.07
314.53
323.32
370.8
40.34
21.41
279.3
114.42
364.59
786.4
254.56
475.19
10.23
335.06
358.21
137.02
702.91
768.22
728.36
643.27
782.44
156.68
77.45
37.52
175.95
218.65
523.02
761.01
378.2
749.43
85.03
798.89
347.82
369.54
353.88
86.72
545.57
466.51
17.04
563.43
318.95
529.01
375.85
5.5
571.51
498.96
662.96
542.27
772.53
43.8
505.5
72.52
758.63
36.3
684.74
0.65
221.72
743.3
440.04
298.43
490.23
58.14
509.41
676.41
90.36
780.44
173.13
537.09
763.83
114.42
275.22
629.79
509.24
748.3
62.55
534.15
303.25
582.78
465.41
61.24
177.71
456.14
94.5
505.78
190.05
527.4
658.01
311.51
508
78.9
25.02
111.09
55.9
744.88
603.18
326.31
711.57
523.43
654.31
278.21
674.69
769.62
701.39
528.51
643.93
37.54
72.82
604.04
797.99
335.83
82.4
352.84
382.86
33.97
774.12
516.68
24.18
241.92
273.64
368.42
762.36
233.91
386.65
43.31
49.8
600.24
523.13
436.04
178.9
555.08
173.01
631.77
439.14
535.57
679.45
526.75
232.61
338.09
778.79
570.04
754.2
125.39
109.49
251.53
416.63
417.99
260.58
583.29
327.47
351.67
255.11
234.4
58.97
283.42
207.28
217.92
743.64
161.68
175.04
357.36
331.68
473.64
43.55
314.93
614.96
628.71
103.26
9.47
564.01
794.04
285.47
192.96
246.62
160.21
798.65
519.11
591.75
575.06
285.64
394.1
33.21
22.57
224.32
204.61
508.42
682.76
61.83
204.26
341.61
521.52
143.54
221.38
676.7
288.1
272.88
386.36
358.39
287.83
205.31
160.98
520.34
396.15
296.89
515.44
577.85
134.74
524.47
201.28
695.98
400.13
136.53
521.39
630.86
787.32
672.52
275.96
726.87
436.57
587.71
511.46
616.04
160.29
390.53
422.31
3.69
289.69
225.07
377.67
112.59
713.96
370.12
582.69
517.63
556.39
256.54
251.27
640.74
589.25
167.17
619.02
193.49
120.06
537.87
696.2
195.02
542.7
160.7
725.98
4.86
225.26
393.01
631.8
433.48
566.17
518.88
431.6
265.52
222.13
688
122.84
653.93
616.44
581.79
329.7
548.27
719.03
470.31
398.49
303.33
401.28
348.19
8.53
375.72
571.29
518.34
732.98
400.45
222.92
342.15
496.78
318.63
366.12
295.87
122.31
638.45
741.07
541.72
741.85
205.31
430.77
471.92
437.65
405.55
145.31
545.35
46.6
314.91
8.02
197.75
407.53
351.81
3.5
706.49
724.52
346.68
125.78
799.83
136.33
18.5
264.8
399.24
296.28
236.37
38.3
587.99
350.58
474.16
61.1
684.61
266.4
103.14
623.73
225.27
140.59
678.11
389.76
297.24
252.18
139.25
655.94
469.8
495.7
184.03
558.26
257.33
788.67
80.79
647.02
391.61
399.94
423.65
552.48
700.65
335.66
501.02
175.9
175.24
6.91
772.66
793.02
551.2
581.23
172.27
599.7
449.39
786.13
406.74
252.28
50.84
720.61
784.43
535.44
22.27
422.83
791.08
93.72
337.17
206.95
407.61
0.99
321.42
693.42
225.08
652.22
195.27
589.36
785.45
215.6
535.87
390.45
109.79
665.83
120.74
708.27
568.07
399.21
53.15
417.24
319.7
182.21
771.85
339.04
456.08
667.98
346.13
16.94
768
442.07
648.36
367.37
328.59
611.67
680.73
680.72
21.3
226.86
640.57
207.85
246.39
498.05
139.8
488.94
149.25
392.85
475.69
355.99
22.16
330.19
528.08
360.09
660.18
68.11
351.22
509.86
458.3
236.53
528.17
167.45
236.67
567.85
370.26
81.07
91.18
612.98
586.84
247.38
749.74
54.6
346.89
769.96
729.69
289.68
608.56
303.78
698.84
381.83
38.84
603.73
85.11
563.04
484.53
413.43
127.58
37.03
724.2
19.11
580.13
556.77
264.3
316.97
407.23
263.65
298.72
129.74
55.23
591.89
167.14
122
170.94
231.67
484.21
659.92
345.43
361.04
239.62
734.27
181.38
556.68
50.21
210.33
416.24
778.99
254.98
760.02
151.49
281.77
60.64
469.71
671
317.64
165.13
48.03
362.53
678.12
666.17
500.11
508.59
199.23
564.22
176.57
198.18
771.06
306.24
629.53
50.57
470.84
786.43
400.59
72.09
481.34
556.55
779
730.71
770.79
471.78
533.43
483.83
231.79
418.43
8.35
15.97
654
441.14
157.17
531.39
562.85
477.29
407.09
358.02
634.61
712.77
538.57
629.89
468.5
589.07
746.12
565.67
715.58
399.05
88.17
392.46
794.68
764.64
429.76
348.13
365.72
350.74
737.06
78.96
87.57
576.88
502.59
604.45
238.79
747.38
684.43
372.63
708.71
540.54
764.01
544.34
157.65
595.35
18.66
169.08
768.58
370.48
561.09
65.68
768.08
488.37
277.25
373.23
783.13
411.08
56.03
309.35
155.84
108.33
661.41
519.31
414.82
44.39
22.94
475.27
438.25
170.11
220.52
662.14
128.73
284.79
226.66
430.16
750.15
551.16
728.9
482.38
520.33
686.13
130.21
46.1
43.33
66.82
311.49
266.48
591.63
382.56
722.28
696.66
742.59
781.67
121.35
402.88
205.27
669.59
666.67
260.96
489.88
356.21
328.01
634.58
150.14
243.98
223.62
483.47
104.8
773.22
360.18
601.24
398.46
179.99
124.22
72.46
580.01
627.75
294.78
716.71
128.78
395.74
350.72
439.05
764.68
720.36
521.67
668.65
789.84
359.6
122.16
512.26
205.19
226.32
157.96
40.57
251.77
96.63
223.94
72.19
665.45
441.23
17.89
320.69
693.84
391.69
468.28
261.49
577.83
376.14
159.33
176.8
292.79
645.55
383.81
95.66
578.41
742.09
387.86
414.84
280.03
570.65
656.57
505.47
17.51
465.63
176.77
220.73
452.77
761.31
687.35
465.48
502.73
335.82
345.23
660.28
81.16
753.87
799.16
384.32
703.54
71.4
305.91
572.79
571.41
69.85
746.5
489.6
206.68
368.49
693.79
774.63
603.95
106.61
59.22
192.27
601.27
627.69
125.17
165.04
258.76
659.17
657.92
103.04
142.13
381.97
50.88
546.72
680.66
353.87
83.87
429.37
99.78
511.15
772.31
424.74
611.91
69.74
462.55
332.17
586.39
254.77
396.48
715.42
687.65
705.59
787.94
620.25
314.48
56.83
516.5
459.92
321.99
656.24
606.99
403.09
298.31
55.65
606.72
116.62
402.58
373.12
537.6
467.77
321.76
690.79
351.94
757.56
794.04
638.24
322.74
125.96
562.72
297.87
101.99
691.54
757.81
30.28
527.2
253.75
283.82
241.59
335.89
389.73
730.91
795.56
345.59
710.32
547.09
49.11
221.45
15.96
275.79
726.89
72.76
669.81
108.52
372.31
202.16
4.99
182.08
672.51
141.19
525.37
260.18
249.97
571.59
632.51
788.62
158.82
732.75
688.22
150.72
476.51
378.91
723.97
290.41
306.76
147.61
68.73
512.44
521.66
120.89
772.69
536.36
269.77
334.69
614.99
230.9
657.03
779.29
667.23
75.01
35.67
110.91
738.62
255.64
92.37
453.22
160.58
316.04
500.75
454.89
300.86
711.08
168.27
277.39
40.78
599.52
248.78
675.54
416.77
253.08
312.08
408.89
213.9
694.82
173.56
606.87
784.26
707.98
510.53
128.6
38.02
569.79
449.98
298.12
584.18
465.57
643.65
33.19
425.17
99.36
625.64
271.8
110.49
302.08
771.36
569.27
673.35
730.77
227.07
763.53
594.81
584
799.3
343.04
35.33
220.86
575.95
721.85
361.93
503.46
153.32
746.27
216.86
215.26
513.95
690.31
537.79
180.15
302.06
38.65
360.49
507.97
224.15
478.39
457.64
630.11
729.6
404.55
577.54
670.06
297.83
13.39
178.6
248.02
54.34
462.98
84.14
664.68
44.55
526.96
473.76
486.42
597.48
703.27
376.47
429.08
124.88
286.84
194.47
222.44
76.12
556.77
144.65
243.77
176.71
149.12
196.88
519.16
115.16
479.19
455.84
379.56
554.09
562.47
594.71
657.46
226.26
672.08
658.1
271.37
401.26
619.49
585.98
266.45
636.86
356.42
710.55
58.72
469.63
418.25
258.63
153.52
744.04
435.57
49.8
263.55
725.81
434.71
179.51
722.47
605.38
581.41
639.17
640.76
24.06
664.74
629.89
408.04
696.3
747.33
439.22
183.3
67.26
772.93
289.93
191.16
246.37
284.57
75.06
375.92
46.43
28.17
90.38
744.12
289.95
233.06
466.59
578.19
511.08
493.5
236.74
321.69
297.37
225.97
554.2
88.66
393.92
663.15
409.65
620.59
328.08
277.81
641.44
123.47
455.69
697.9
108.45
559.73
364.34
688.04
738.69
83.05
463.82
247.33
643.42
659.1
548.94
192.83
6.15
81.52
709.25
587.67
666.85
244.23
748.03
545.79
779.02
161.86
206.27
528.81
532.7
694.36
766.08
88.96
168.59
189.45
199.55
112.44
540.12
170.42
555.96
453.15
464.26
605.58
248.83
394.99
420.6
5.4
520.7
179.24
173.9
60.39
690.11
412.44
587.78
786.58
464.59
593.74
341.08
385.91
694.72
281.05
27.77
751.37
527.29
712.42
602.66
612.28
204.15
633.95
491.79
547.32
641.57
267.17
541.62
64.6
781.76
528.8
271.18
529.04
311.05
402.59
717.18
775.93
541.16
295.27
12.71
57.9
791.45
170.81
718
323.32
227.93
142.15
626.91
369.06
433.69
653.8
558.99
596.5
697.79
510.6
131.92
736.57
677.01
588.21
578.14
304.52
189.34
462.11
668.62
618.82
175.57
523.41
304.29
762.59
655.59
60.57
241.29
23.7
773.03
148.65
299.9
348.98
657.76
181.83
335.91
576.53
211.4
779.94
156.71
492.81
336.34
645.5
248.56
185.02
445.79
18.52
495.96
17.12
166.03
493.05
600.81
644.96
659.86
15.62
26.46
653.52
231.1
698.04
569.48
84.75
423.97
695.4
684.38
297.18
250.29
425.25
736.96
678.5
402.44
637.38
773.44
485.43
762.46
478.84
48.69
124.68
627.44
13.22
460.25
374.23
565.26
294.12
106.54
2.36
620.26
781.83
416.82
40.44
3.73
127.89
576.68
320.34
419.85
32.77
402.89
31.19
25.31
557.52
53.5
447.56
767.16
570.83
781.13
575.05
427.94
236.37
620.39
761.44
333.23
420.76
571.78
604.61
460.8
99.16
571.27
59.44
197.42
118.43
586.42
133.36
718.92
575.78
435.48
307.37
360.1
522.89
309.38
420.14
12.14
277.16
471.23
675.04
461
153.55
187.26
779.14
135.32
213.11
673.43
333.16
348.31
759.14
657.25
633.41
276.12
527.43
553.66
332.81
338.81
412.86
779.69
269.5
545.35
3.97
6.22
183.33
539.11
779.02
479.49
386.12
546.53
746.83
508.2
370.83
32.81
486.33
215.94
634.69
751.1
59.42
20.53
268.45
506.94
652.76
239.7
203.92
709.42
552.11
57.4
186.69
437.37
614.23
582.5
475.75
347.55
654.32
528.09
536.08
326.2
517.74
239.08
426.94
771.03
338.71
85.16
29.42
469.41
63.47
169.09
267.68
549.91
301.97
536.83
694.4
491.07
87.38
478.58
740.68
656.12
101.67
35.28
52.46
521.66
777.83
578.98
334.55
369.38
706.79
130.42
488.03
670.83
765.13
363.53
524.52
766.14
71.69
628.66
218.91
596.37
217.26
601.1
737.34
275.8
689.19
175.25
454.95
412.56
303.42
438.08
233.51
775.57
344.64
539.91
139.16
646.21
89.51
319.03
140.43
292.13
683.76
542.84
23.91
637.67
213.29
700.4
341.74
171.2
463.76
561.9
166.78
552.5
761.64
334.21
7.34
61.5
748.72
621.54
188.76
596.62
766.67
452.5
256.12
92.32
171.24
25.56
62.64
169.1
534.51
55.07
667.43
188.81
785.94
436.63
401.83
446.84
151.42
796.18
297.82
42.94
392.25
523.03
619.92
72.82
225.7
261.42
555.23
32.02
360.35
169.23
739.51
456.16
72.86
736.26
447.38
383.12
287.44
721.88
64.42
749.7
474.62
317.8
735.46
731.4
335
108.58
292.79
49.53
521.66
64.61
367.42
78.3
255.22
234.07
252.31
500.65
676.04
580.54
667.23
297.95
721.3
263.22
654.77
203.66
768.85
779.87
243.2
208.18
192.1
416.27
414.92
274.09
209.29
262.11
715.01
48.53
340.07
178.41
163.15
422.58
115.37
385.28
63.9
335.48
394.44
457.35
594.66
782.69
706.93
256.4
653.9
136.57
331.27
551.51
552.06
666.69
197.29
415.9
59.49
321.08
228.32
153.25
412.76
279.36
251.99
285.9
24.2
152.43
618.87
746.71
523.56
292.29
394.4
7.83
595.12
181.15
352.42
495.83
522.64
419.63
237.28
701.8
304.14
56.39
347.81
281.59
589.66
94.13
387.32
58.29
792.72
576.89
427.03
171.09
351.41
123.47
685.64
707.58
775.28
333.53
431.82
272.16
588.16
424.73
321.05
505.69
691.12
429.88
21.53
69.96
785.45
460.62
398.49
143.29
524.38
235.4
12.17
439.99
260.04
61.13
250.8
478.9
242.95
143.1
575.95
190.77
157.81
572.43
133.54
244.63
188.63
416.09
156.2
693.52
191.22
391.88
611.4
521.82
162.38
708.44
451.44
707.73
99.07
543.73
391.67
441.18
32.59
271.27
679.8
149.55
691.62
307.03
98.74
586.18
605.99
701.21
2.64
766.7
258.16
515.37
236.24
753.14
322.49
531.79
479.09
205.26
347.89
209.5
734.85
241.31
567.07
541.51
774.6
392.34
544.56
59.21
722.73
79.64
405.65
24.4
782.89
511.98
603.07
128.34
302.77
85.56
554.15
301.3
81.24
145.06
747.66
714.68
778.71
378.96
248.34
124.29
594.03
382.33
754.22
471.55
308.83
776.15
270.96
540.8
83.05
203.73
345.75
508.02
95.85
441.81
620.92
464.34
417.1
400.6
101.98
405.73
228.85
430.78
12.79
548.7
221.24
633.31
422.52
402.76
152.6
630.04
383.47
251.67
706.71
669.33
224.15
364.72
61.16
329.59
760.7
72.7
788.16
649.63
779.12
610.78
476.12
532.53
77.31
487.44
20.58
780.87
244.93
651.62
463.38
616.27
766.03
334.27
478.05
546.48
528.62
607.78
188.75
342.22
64.56
778.25
555.77
40.47
582.54
526.76
584.67
187.12
742.3
292.34
448.04
111.01
730.89
353.31
608.78
424.01
548.26
566.19
547.01
546.58
244.75
579.8
353.34
756.38
618.25
715.71
587.55
170.24
610.4
266.35
286.31
520.72
12.48
413.14
519.95
97.18
277.69
694.36
436.61
759.92
632.85
717.76
677.04
670.29
770.18
499.33
212.56
742.22
610.5
519.08
16.55
603.67
255.58
246.03
789.18
776.35
421.34
719.53
200.01
778.37
493.83
105.92
711.94
561.33
235.06
366.67
466.35
401.5
639.3
192.81
180.57
604.89
267.94
70.26
554.37
456.81
164.01
262.52
453.62
700.24
788.23
687.96
343.22
452.82
130.66
772.49
664.71
274.24
595.25
629.84
437.42
405.38
668.18
687.74
688.98
372.58
409.28
728.2
4.87
185.47
319.22
390.83
474.54
455.9
446.39
445.76
209.39
672.93
4.82
746.26
348.96
133.29
36.38
572.94
271.77
136.46
162.09
503.59
424.84
313.78
565.95
767.88
233.87
215.69
155.37
369.1
766.79
611.62
522.34
45.56
747.71
436.81
590.48
793.02
165.31
35.71
297.78
396.54
635.36
445.97
519.6
736.54
403.98
321.36
740.38
48.4
704.17
203.54
492.73
738.74
101.64
276.91
333.26
320.22
357
231.77
611.11
30.47
619.78
370.92
571.19
461.28
315.45
796.17
419.99
151.24
284.39
232.41
205.33
320.06
247.19
348.05
757.05
180.66
96.41
445.71
668.4
472.36
469.82
159.39
79.86
730.16
462.51
572.44
664.29
418.03
390.39
325.7
497.1
178.98
488.05
71.14
721.11
605.05
119.23
143.76
308.68
449.25
78.98
398.9
219.35
345.54
274.36
769.96
354.52
761.16
386.62
571.54
575.15
315.83
57.08
609.5
466.5
533.31
729.08
699.92
410
739.73
189.23
340.05
116.77
493.92
584.22
89.72
497.56
122.51
397.04
572.09
583.73
434.93
767.65
420.46
22.97
185.69
339.15
22.21
284.21
188.98
172.19
203.43
451.79
627.72
598.29
565.16
743.68
658.9
195.98
570.79
174.66
215.89
602.01
329.36
272.26
8.25
776
415.89
393.11
789.42
257.2
280.6
424.9
161.32
671.15
479.91
291.24
690.74
567.39
76.82
48.27
513.94
753.48
550.05
242.02
100.76
95.48
492.73
123.81
341.51
58.55
488.55
759.72
567.83
561.74
724.53
86.06
124.1
77.7
330.54
299.46
31.3
314.42
133.92
265.52
620.55
586.29
521.96
349.78
448.69
306.39
599.54
389.8
290.19
232.57
132.09
452.4
54.46
42.86
646.76
464.86
367.22
207.51
62.58
749.2
793.11
230.87
389.09
106.63
254.86
453.23
742.32
423.87
672.86
28.22
719.23
380.56
663.79
532.98
113.53
171.42
186.21
557.84
694.11
436.2
610.35
596.74
596.93
153.65
573.33
764.24
62.83
351.05
312.92
480.68
622.57
650.16
195.78
422.27
523.66
70.63
606.46
347.53
60.75
193.16
572.96
93.37
655.13
546.91
583.16
592.2
302.73
710.85
778.99
588.67
402.95
172.82
114.67
43.19
498.74
126.02
218.27
519.49
444.25
108.16
131.83
232.95
385.47
56.6
299.27
176.14
518.42
267.57
531.9
215.85
381.74
504.13
795.26
87.73
229.54
121.92
605.91
274.2
378.1
93.44
15.13
143.89
185.57
226.29
40.61
322.03
417.67
497.2
163.07
503.2
112.03
658.37
363.63
452.22
649.45
568.78
558.39
746.1
92.9
711.55
712.83
569.59
256.04
27.34
531.02
675.42
75.36
338.8
564.48
493.1
405.71
631.08
359.62
353.6
604.35
177.98
732.62
505.03
4.3
96.74
596.04
315.05
792.87
527.51
188.25
45.55
195.11
242.69
590.24
511.53
529
277.08
198.37
199.25
138.98
790.31
580.92
125.53
495.95
1.43
113.27
638.94
18.16
706.47
663.48
544.76
780.99
214.38
193.03
389
1.87
375.81
573.03
355.71
369.56
13.81
17.97
785.43
634.39
293.86
164.07
780.71
294.09
61.4
312.87
175.09
170.35
217.51
220.54
670.62
81.09
126.21
634.9
210.04
590.51
328.35
230.58
634.22
291.17
377.51
152.57
47.88
494.43
238.74
157.61
542.63
741.2
75.03
614.95
63.17
754.42
448.54
58.58
175.37
651.43
200.73
162.34
380.35
259.39
420.78
68
310.02
2.91
450.53
666
457.06
187.75
731.85
251.33
35.41
709.55
670.15
252.52
591.66
135.45
170.14
218.26
71.12
100.18
690.61
559.29
720.39
151.6
515.09
576.81
749.36
292.01
371.15
349.24
365.35
84.53
117.89
303.16
248.39
113.28
75.97
693.86
406.25
430.73
280.4
119.95
267.57
298.22
19.82
490.91
326.97
529.16
624.25
232.26
87.97
191.71
630.99
621.64
166.58
565.64
750.32
661.82
328.77
250.98
91.52
635.28
722.85
250.54
594.25
555.65
259.76
165.88
495.4
187.18
411.13
477.46
669.8
155.44
427.45
151.22
778.52
175.56
425.94
770.94
639.81
486.86
567.62
658.42
196.46
160.39
284.38
45.65
742.29
685.3
157.02
722.55
81.48
422.06
150.92
13.29
625.09
135.87
157.13
351.07
394.25
133.81
151.61
77.57
87.62
554.55
68.44
205.39
624.75
305.98
146.73
440.06
112.63
742.72
409.13
489.72
464.48
408.3
342.7
167.92
511.39
482.75
375.96
753.54
779.96
793.99
468.58
771.69
390.78
575.83
705.09
465.65
624.55
23.84
159.5
260.59
424.79
631.78
662.83
592.71
524.66
76.5
342.21
669.1
487.37
586.94
258.13
127.08
179.12
721.91
490.03
97.97
779.8
436.57
370.83
440.44
493.52
54.89
36.14
288.94
781.76
790.3
164.89
660.78
542.41
209.58
565.66
571.8
554.76
646.12
462.25
644.98
723.87
697.76
485.9
585.63
528.56
252.39
24.39
161.13
129.37
607.81
267.98
467.21
419.44
551.44
322.71
390.81
726.49
232.9
67.71
424.62
163.72
438
687.51
135.74
375.67
443.88
80.83
758.91
593.93
745.93
638.52
509
556.64
553.53
308.74
608.04
129.4
398.66
709.52
464.71
337.32
303.85
21.28
137.56
61.63
163.34
135.49
98.82
287.43
684.93
151.09
616.14
210.3
442.33
167.75
180.49
47.19
63.16
154.96
303.01
329.92
158.44
459.95
650.91
314.32
408.86
201.49
561
175.68
410.87
397.74
501.32
160.39
219.98
589.8
365.87
571.42
37.92
49.52
292.54
305.68
464.55
233.64
426.08
690.93
422.82
637.83
81.74
744.93
187.53
189.2
202.43
48.23
310.19
164.56
770.4
49.86
252.03
4.28
516.19
309.92
468.89
775.67
771.56
179.37
339.47
394.02
469.04
592.22
703.69
660.07
586.56
733.7
739.74
555.51
724.79
550.49
597.39
710.39
643.51
339.84
578.01
359.94
627.87
184.9
379.75
290.35
178.4
655.03
218.17
302.08
797.95
78.35
553.47
733.3
658.15
381.09
665.68
35.28
527.5
407.13
225.18
768.85
290.1
735.99
299.49
210.13
372.37
672.17
167.18
50.86
311.87
204.83
436.49
312.15
679.22
363.8
368
205.82
646.53
34.29
300.79
426.33
161.24
312.69
341.28
716.24
727.25
577.82
338.87
164.56
543.21
248.05
54.03
625.32
560.66
139.92
156.08
566.78
567.41
383.23
409.71
666.33
663.16
480.86
457.78
461.82
316.67
99.05
522.06
662.8
178.82
142.72
91.52
162.42
413.24
451.18
728.82
12.15
616.7
287.72
7.9
212.49
315.25
52.17
664.65
338.57
69.43
792.83
492.42
392.6
119.07
791.83
710.04
3.7
415.54
757.24
669.52
224.31
316.4
271.72
236.85
619.97
763.49
205.94
709.98
76.55
488.78
45.34
91.5
659.22
719.68
466.61
430.65
93.41
19.94
350.42
792.82
394.69
8.14
661.99
727.16
251.91
528.22
459.93
644.04
726.76
241.26
289.63
132.19
781.95
441.94
466.04
181.74
775.57
120.06
653.56
49.29
234.93
255.91
449.97
180.19
450.22
526.95
97.06
277.41
306.1
639.51
409.88
355.06
522.63
769.6
670.95
292.91
475
537.62
592.12
329.91
525.74
623.43
706.47
51.78
403.88
2.22
596.41
484.63
129.23
726.57
787.61
282.28
402.07
397.32
191.42
237.01
399.41
604.6
464.97
96.53
457.85
767.95
567.5
727.6
14.71
706.26
627.45
473.77
600.3
393.47
470.46
551.76
458.15
185.28
490.89
275.08
26.24
5.59
162.04
462.02
250.11
303.65
66.03
17.51
516.82
261.44
787.83
48.69
363.6
640.4
351.98
549.96
362.37
613.7
683.89
654.36
414.56
172.9
263.42
24.02
725.29
239.25
47.5
635.8
292.69
306.24
172.92
196.74
339.98
530.58
666.04
127.22
84.46
479.26
580.46
684.35
208.68
59.62
277.67
413.95
138.68
598.55
362.61
722.79
343.05
174.09
122.68
510.16
636.75
790.96
782.03
368.5
6.42
635.88
161.4
204.05
375.84
604.15
235.69
368.58
318.87
560.66
541.9
723.65
128.66
659.17
64.23
548.79
771.85
641.07
553.61
608.4
594.07
360.46
337.68
376.97
29.57
675.62
353.26
207.45
478.2
668.75
62.41
781.03
374.87
355.94
6.23
266.37
711.35
13.54
786.1
331.05
65.26
210.06
670.71
450.75
622.9
744.81
518.55
57.61
61.7
334.45
586.79
298.16
706.15
748.93
147.03
27.2
462.37
752.18
58.83
406.19
85.08
439.15
782.96
690.13
785.54
594.17
171.76
663.64
759.03
248.03
114
246.84
71.81
9.15
506.6
526.62
258.63
340.39
314.44
348.73
472.43
306.64
512.28
206.67
791.65
399.03
482.63
690.82
81.16
72.84
345.02
24.73
655.67
559.15
130.46
308.34
437.06
324.76
95.83
84.37
54.23
378.46
63.34
483.32
27.63
771.71
759.93
195.28
434.28
659.6
254.11
483.51
325.84
591.85
296.29
314.47
674.22
379.55
373.35
502.49
460.87
221.37
326.32
643.84
310.85
407.4
32.45
559.34
332.79
784.52
661.11
545.26
583.14
385.91
92.47
313.55
169.04
47.96
314.57
732.07
625.91
731.39
621.71
646.45
675.15
289.89
501.73
677.47
270.46
723.43
342.24
125.03
467.26
579.53
238.94
293
63.99
687.08
443.63
223.63
384.99
6.29
316.43
575.29
773.75
221.61
324.31
230.43
549.96
462.69
250.69
261.23
339.89
350.23
251.57
511.95
36.51
740.65
53.6
662.95
626.48
585.23
342.93
422.42
712.58
697.87
723.76
245.83
142.11
495.84
377.53
425.52
511.27
299.74
633.04
30.36
783.99
160.22
352.25
204
216.59
664.67
660.01
511.09
598.73
28.28
622.63
172.16
278.34
666.28
483.87
104.11
209.39
124.71
474.2
198.12
514.38
493.15
350.89
471.59
63.61
6.34
106.42
359.93
793.77
183.7
406.57
301.21
797.82
96.16
653.6
533.79
122.07
727.01
592.72
694.97
590.48
111.21
392.98
711.83
672.13
405.61
119.68
784.2
76.84
585.85
605.05
755.64
359.69
2.36
190.7
390.16
568.56
378.37
601.12
360.89
631.36
435.24
498.96
137.54
346.94
488.08
704.74
95.25
135.84
725.08
121.97
739.28
265.86
108.42
335.82
456.79
229.33
756.67
29.68
458.22
743.9
479.32
155.04
419.9
726.93
443.07
327.24
225.3
250.13
460.09
708.89
345.14
413.96
198.03
595.15
566.55
765.08
107.74
238.83
424.28
372.1
1.16
478.68
39.65
221.19
249.34
134.49
121.45
329.66
108.79
36.44
471.89
226.64
517.46
795.93
392.68
203.36
686.87
409
60.59
177.81
613.77
65.59
263.5
28.64
126.51
626.72
112.69
628.1
116.27
48.04
708.06
317.54
730.28
304.22
594.99
661.41
599.59
440.9
238.07
582.94
692.69
378.72
459.03
733.32
394.87
673.09
728.39
675.22
261.07
361.93
391.98
211.3
3.93
243.71
36.95
527.87
205.6
650.23
193.3
431.13
370.94
356.02
748.41
617.53
685.29
68.43
364.68
474.89
403.11
675.86
616.87
54.48
699.05
376.72
275.85
376.62
371.18
533.33
736.13
497.88
353.08
108.75
192.76
427.66
700.06
601.63
718.68
19.81
226.51
463.5
247.79
753.99
274.9
546.91
187.51
521.8
668.82
360.56
637.66
353.89
221.62
773.14
450.1
623.31
739.24
635.51
777.68
666.8
181.31
224.44
671.34
315.47
266.66
287.54
473.92
717.4
40.51
291.95
452.67
56.36
336.32
174.52
153.24
297.22
353.56
174.9
285.12
326.97
278.73
587.44
341.67
313.71
283.11
162.23
607.53
176.85
649.18
355.23
148.33
277.51
26.82
2.81
204.34
354.2
109.3
531.67
75.47
140.59
359.82
693.97
588
156.65
568.39
112.11
200.27
134.41
643.42
216.62
107.29
454.32
683.13
401.59
314.74
529.15
439.06
772.15
104.25
289.62
703.59
191.11
236.67
526.7
38.51
703.22
798.86
755.49
225.1
741.8
732.14
441.29
336.94
698.68
304.37
680.99
655.45
546.53
160.78
627.4
290.39
696.86
305.89
666.45
572.66
430.43
556.11
588.15
720.97
509.57
437.3
610.31
259.51
298.34
549.27
171.34
754.1
139.28
540
9.64
767.95
798.42
416.24
721.92
668.12
434.35
500.97
183.75
749.61
548.85
63.24
39.07
682.36
120.99
497.45
115.89
507.18
313.66
363.75
264.8
711.4
714.03
704.78
15.76
699.3
723.36
108.86
738.68
564.23
325.66
479.19
345.28
330.42
562.57
311.61
323.82
467.05
467.91
587.8
504.8
336.74
49.07
298.96
138.33
348.18
454.57
15.96
330.76
192.51
80.89
435.14
438.09
597.26
266.45
347.97
155.12
161
630.64
245.27
269.19
394.45
699.53
649.12
199.09
627.65
469.3
30.7
744.04
345.33
332.69
777.93
229.79
443.73
336.71
784.33
553.2
164.34
603.74
770.75
507.91
518.92
502.02
457.61
253.97
204.57
554.32
5.34
329.39
685.65
593.01
215.31
165.51
195.52
605.72
453.28
147.7
435.26
488.5
10.28
734.85
647.04
268.19
55.58
487.66
141.57
594.39
241.47
739.88
187.86
797.89
710.01
668.51
447.73
791.74
86.26
333.88
120.57
641.17
146.05
195.25
789.95
342.74
346.18
736.89
713.57
419.05
134.69
309.64
773.51
416.52
390.6
607.26
651.46
588.15
385.38
470.32
336.28
164.11
140.34
716.54
669.22
82.27
315.7
705.02
366.47
87
467.76
750.92
291.94
704.69
775.78
272.3
501.47
50.02
722.55
18.82
366.07
185.54
622.75
43.46
194.74
391.64
185.72
736.36
13.12
19.18
227.87
48.34
278.97
275.7
97.81
304.62
709.37
256.14
344.49
667.57
314.09
50.29
271.57
14.68
402.64
223.19
306.84
284.01
379.9
461.75
79.8
436.1
149.64
259.51
556.63
438.94
751.31
131.91
292.48
595.93
288.59
301.75
756.87
186.01
763.64
99.36
330.04
358.38
695.72
568.83
130.32
176.04
162.08
321.43
550.92
289.34
188.84
343.6
574.19
560.87
527.55
179.07
765.79
66.72
577.09
403.27
226.8
448.66
248.64
290.54
678.32
235.8
354.3
182.72
58.76
767.68
682.99
619.28
127.82
729.21
299.28
663.43
267.25
79.48
660.76
551.79
195.07
562.71
659.5
141.32
772.98
757.57
216.33
236.01
768.38
53.56
595.16
99.62
467.3
511.9
770.72
684.74
501.83
297.61
607.57
49.82
677.24
431.54
694.56
239.26
223.83
504.66
102.63
405.45
422.09
120.23
48.46
648.59
521.04
338.77
102.44
120.75
596.99
418.33
127.16
537.63
240.09
510.91
551.59
646.95
238.22
50.4
791.53
339.49
33.36
350.61
61.56
210.77
20.12
242.6
379.59
166.58
552.67
666.34
438.2
582.97
606.96
143.58
633.88
760.51
797.51
99.58
574.84
477.49
591.98
395.92
699.31
409.51
541.2
229.33
366.29
299.09
164.46
776.5
568.14
30.12
177.05
383.14
13.81
95.03
742.17
677.58
570.54
499.79
472.27
436.39
750.37
287.56
366.15
182.29
20.63
766.83
68.28
507.23
63.24
364.25
792.7
160.05
86.24
771.9
419.29
22.39
191.9
274.33
541.64
295.85
623.71
699.29
548.16
689.79
234.9
321.64
520.99
777.8
470.49
265.37
95.76
780.88
614.58
143.49
381.6
231.58
141.67
275.59
213.86
365.25
687.68
301.27
535.79
632.34
751.07
117.57
639.35
701.16
730.89
306.09
328.63
340
559.82
181.88
763.8
482.46
775.88
588.4
327.09
723.35
636.73
532.51
470.25
346.09
97.15
416.88
437.73
274.3
604.69
379.58
81.64
680.99
548.7
649.18
117.66
396.46
26.58
601.95
544.18
284.84
119.92
773.39
82.96
361.16
75.85
270.71
391.69
258.24
683.16
702.35
500.87
546.8
406.09
491.47
395.83
638.82
47.59
606.43
131.44
282.09
327.59
417.94
509.86
242.82
700.58
89.94
78.81
308.21
706.63
499.17
333.39
312.19
246.58
342.33
374.46
388.05
692.72
50.15
50.79
279.87
369.74
502.25
776.06
765.47
283.49
422.62
569.46
694.57
344.18
32.14
788.48
279.35
250.18
748.17
172.67
677.87
392.16
341.48
436.49
107.93
314.33
324.72
556.09
106.03
199.63
660.65
25.93
595.11
282.5
786.19
705.68
172.72
780.39
678.4
174.66
533.02
667.58
231.9
618.96
578.98
628.12
98.51
68.05
387.72
23.05
597.5
608.18
650.67
562.39
346.07
576.23
55.84
272.88
175.52
512.78
408.45
17.93
377.85
538.93
34.48
194.91
98.56
126.22
570.08
504.85
374.14
345.13
676
180.18
693.95
137.2
560.13
765.5
453.6
380.02
695.9
781
20.4
56.2
236.86
756.53
434.48
392.91
462.55
339.88
796.75
439.88
546.89
513.52
631.53
553.14
414.73
307.11
158.37
164.19
752.66
797.09
117.39
575.55
333.68
106.65
662.52
392.98
162.04
535.95
732.08
398.64
220.53
537.46
277.28
128.71
637.71
223.92
293.01
198.12
369.61
502.81
334.51
761.75
655.93
170.2
83.77
362.15
284.52
703.44
265.25
313.83
411.07
159.33
731.93
342.39
656.31
41.92
189.05
343.36
249.19
616.13
361.52
546.32
51.23
298.3
286.64
265.18
41.79
467.76
531.31
347.65
469.67
620.98
36.83
611.11
184.51
197.02
224.3
57.59
688.7
396.74
678.77
170.4
481.54
278.03
544.07
371.56
144.93
172.89
308.17
797.81
20.18
660.09
291.3
641.37
505.43
316.32
428.51
354.42
319.81
259.45
529.18
441.14
579.69
409.08
182.19
257.58
348.37
497.37
162.22
543.41
173.48
325.01
37.18
790.37
122.68
652.91
635.31
507.44
626.4
432.79
407.71
522.6
36.05
175.67
146
130.21
478.37
598.14
337.61
684.72
246.29
26.53
218.98
394.13
687.37
378.11
562.6
393.85
632.64
535.33
252.33
223.02
415.27
346.62
756.16
194.36
583.89
566.44
518.75
743.38
231.8
370.02
59.7
471.09
237.64
168.89
283.93
298.05
587.74
356.4
693.15
320.97
221.48
422.1
56.58
690.05
243.05
191.3
130.85
247.28
486.96
344.41
8.51
664.79
629.63
752.52
561.67
465.01
721.02
639.6
362.09
333.21
70.58
603.31
316.28
219.25
360.88
564.21
300.55
40.99
615.34
701.32
403.67
555.96
331.13
398.84
273.4
155.17
490.43
458.4
691.41
18.15
106.71
542.22
564.13
174.94
272.66
795.44
571.53
675.22
496.96
244.15
773.56
564.52
151.07
398.01
737.46
604.42
375.44
546.16
371.85
584.64
685.16
587.6
152.23
322.39
32.04
580.38
315.23
704.16
684.56
497.21
493.13
397.58
511.16
124.59
171.87
271.01
741.02
580.8
163.49
175.17
633.04
375
53.1
196.33
646.75
150.33
710.8
622.99
45.22
226.27
799.28
764.51
495.4
532.72
689.65
230.47
202.88
56.66
177.32
66
774.99
400.11
734.61
727.94
652.33
151.38
0.93
51.11
200.2
628.37
666.18
208.5
329.04
484.38
378.52
265.8
469.03
740.14
111.01
139.79
167.44
119.45
762.3
293.64
105.72
120.32
58.32
28.38
652.45
113.03
97.5
685.56
665.56
457.88
750.19
524.33
310.37
459.59
170.31
356.71
625.73
63.75
797.17
595.56
242.01
564.62
522.43
490.78
139.84
184.24
237.27
117
604.68
603.58
750.7
391.24
401.72
188.03
175.04
178.87
185.85
403.13
367.75
158.75
236.16
417.81
423.02
336.99
265.13
211.03
445.52
374.38
462.03
308.86
32.42
493.12
433.53
314.08
22.46
392.91
375.65
94.82
189.87
32.58
91.79
141.27
315.28
176.5
349.35
64.17
68.57
515.76
621.3
7.53
659.96
401.24
493.98
123.79
416.12
749.37
709.3
698.06
1.07
352.88
799.68
798.68
289.45
752.94
669.03
631.99
362.72
689.59
306.35
176.5
266.93
761.91
684.12
582.18
371.96
412.5
375.79
21.01
459.4
504.9
472.38
752.07
169.6
32.55
424.36
497.95
518.96
411.2
142.97
272.66
670.99
263.85
707.61
768.39
143.52
54.88
273.34
45.69
436.05
229.07
35.52
261.7
204.03
198.96
340.8
217.35
239.26
300.05
675.77
450.15
43.05
454.45
191.81
159.55
699.51
34.25
569.47
167.23
783.92
794.1
500.3
154.91
241.36
271.66
362.34
748.15
306.06
694.04
697.5
486.64
118.19
375.07
173.21
39.53
326.38
195.1
220.68
415.63
750.11
296.72
157
625.55
526.91
551.19
407.91
630.45
268.95
722.37
799.78
263.19
75.31
97.7
719.32
681.94
453.4
228.7
160.92
343.77
279.35
284.93
339.48
554.75
234.95
209.44
88.64
764.49
456.86
396.58
407.99
593.46
252.37
396.69
37.26
716.87
319.65
669.72
364.73
770.85
494.19
59.03
610.54
282.23
220.43
332.97
715.82
712.81
78.34
457.6
575.32
42.72
130.4
196.37
745
251.27
587.05
779.31
92.06
117.1
606.11
10.53
787.46
280.98
222.81
296.35
646.56
698.14
97.68
315.42
118.06
420.1
28.74
264.69
352.67
308.68
46.73
485.08
113.03
112.5
663.78
159.51
471.08
716.32
523.94
86.08
702.99
300.35
119.43
436.75
603.82
707.94
177.46
791.7
401.6
517.26
79.44
457.94
86.46
371.05
714.05
709.58
466.73
362.09
246.04
227.47
222.11
107.45
249.51
384.06
513.47
369.39
454.38
735.67
280.83
750.72
542.5
139.65
431.23
235.56
152.17
215.93
5.7
170.76
694.88
471.76
109.29
287.46
74.33
86.26
253.62
659.28
240.26
129.97
389.62
587.67
363.38
643.31
395.89
336.37
620.46
401.92
756.88
5.7
11.86
183.61
511.15
755.48
64.38
91.16
448.06
729.68
692.43
527.63
475.82
79.82
315.49
288.02
65.74
494.73
120.61
446.27
214.37
487.46
430.3
521.57
757.53
730.27
100.94
286.41
350.39
460.98
28.08
637.6
312.2
640.14
47.47
404.44
773.26
185.81
168.08
157.86
743.96
48.32
47.85
162.71
328.14
499.75
345.49
77.12
66.17
797.34
47.92
443.46
714.99
619.26
304.88
384.05
378.08
241.72
250.36
188.11
659.81
619.97
83.84
189.42
508.86
456.57
475.79
577.99
565.91
494.94
758.87
351.41
295.29
406.33
95.89
517.14
151.85
42.64
301.16
159.99
31.2
380.89
122.88
669.91
412.1
679.49
347.9
285.72
610.74
163.1
468.19
781.51
343.94
279.8
148.36
143.47
392.44
286.81
8.15
632.85
299.94
276.8
524.42
394.88
51.07
703.19
45.88
738.97
628.66
579.04
459.11
117.82
617.07
767.6
768.14
468.73
446.07
194.62
543.17
5.02
350.95
118.51
219.87
8.03
208.63
617.95
109.8
225.83
390.92
530.44
706.27
75.28
236.17
433.4
544.68
641.08
793.42
758.27
320.63
124.35
291.12
772.28
173.91
466.76
750.55
181.38
468.96
305.42
558.59
309.13
535.95
713.45
247.56
751.78
780.81
591.46
453.9
487.29
190.19
321.55
49.29
343.39
247.87
288.57
452.56
384.74
297
72.94
49.62
517.58
491.26
659.29
160.93
642.27
706.69
282.28
671.15
604.76
223.88
245.71
39.87
71.55
601.71
356.84
413.01
790.3
565.59
572.97
192.91
715.53
311.95
744.74
34.09
529.72
459.18
423.85
311.26
445.27
206.21
718.29
716.7
303.35
203.61
702.62
335.09
423.78
674.65
481.99
55.57
698.9
395.94
726.2
772.01
31.21
18.62
686.31
415.35
81.28
718.02
191.9
630.96
52.87
209.37
587.26
185.75
787.75
188.94
574.76
51.68
462.25
379.89
208.07
600.22
553.33
509.36
648.16
231.36
667.62
321.79
107.91
120.7
661.82
681.73
8.06
519.67
546.53
86.87
124.91
360.7
333.16
539.72
459.68
661.1
613.3
160.03
177.88
174.32
526.81
719.33
240.93
787.06
583.02
553.9
544.07
208.6
476.53
327.98
278.74
723.47
515.66
632.99
209.94
603.43
681.89
612.73
197.27
559.42
37.71
699.56
136.65
757.36
432.04
402.97
49.1
397.11
650.84
312.92
352.07
387.58
38.64
605.81
306.67
721.78 /

COPY
	PERMX PERMY  /
	PERMX PERMZ  /
/
MULTIPLY
	PERMZ 0.01 /
/
