---------------------------------
-- Permability values for SPE9 --
---------------------------------

-- Permeability distribution visualized in figure 5 in Killough's paper
-- Killough says 'The input data included in the distribution to
-- the participants included a geostatistically generated 
-- permeability field'

-- The values below are taken from Killough's dataset, they are
-- not based on the figure in the paper.

-- Explanation to how the data in PERMX is organized:
-- Under each LAYER (i.e. K-value), 
-- there are 25 ROWS (i.e J-values) under which there are
-- 24 entries (i.e. I-values) 

PERMX
538.04
605.37
771.59
128.65
285.5
716.39
666.27
147.86
143.98
544.68
355.35
664.45
604.58
473.51
412.56
463.13
288.37
798.04
368.45
425.37
185
54.27
536.38
219.44
267.34
398.83
270.26
548.38
511.95
295.21
678.82
503.04
743.67
112.31
699.83
731.73
746.41
190.28
745.37
363.32
295.19
563.41
683.4
509.94
505.34
351.56
157.48
738.62
652.75
566.16
108.06
446.93
448.58
332.27
151.67
409.11
17.22
304.8
557.08
284.18
384.19
215.27
226.29
302.48
382.18
346.39
791.77
307.99
476.04
532.75
618.3
599.32
690.42
99.66
333.21
357.65
384.99
676.36
768.53
156.7
421.99
722.19
790.75
789.85
694.91
147.31
146.98
377.26
653.09
628.11
740.98
655.09
670.51
332.04
151.11
717.38
682.83
493.97
250.67
602
729.14
266.75
207.82
58.41
470.9
293.66
462.94
795.51
172.84
719.67
92.9
789.2
668.44
742.81
49.27
553.35
308.28
600.16
425.51
727.08
138.12
63.94
461.22
571.43
6.01
719.55
458.62
509.43
530.6
769.19
116.7
88.34
85.33
454.7
765.48
26.98
492.29
697.25
787.08
684.17
48.97
401.8
549.62
25.58
185.81
216.63
354.72
505.29
242.21
788.18
121.76
2.01
297.95
51.52
238.91
302.24
420.73
231.6
242.21
307.12
268.25
133.23
448.4
41.43
232.24
60.31
690.89
421.59
186.95
40.24
156.68
67.85
601.22
16.05
282.75
323.47
652.08
301.65
778.98
653.77
310.84
177.74
396.6
575.41
449.56
97.03
243.44
666.92
66.87
443.32
782.44
250.4
235.37
661.19
570.25
107.1
194.39
34.37
166.06
189.63
749.8
713.48
655.56
514.38
555.59
98.42
30.14
281.58
694.6
792.22
770.92
80.47
243.54
194.02
610.15
190.12
558
291.72
207.59
302.15
235.68
103.69
44.23
751.64
177.35
409.8
730.45
421.82
748.35
791.68
85.95
548.29
89.64
404.01
308.34
601.61
766.62
554.54
568.01
422.96
69.03
718.08
638.07
520.85
765.06
550.11
181.51
336.45
245.2
179.16
798.45
84.95
445.58
375.44
752.95
479.71
194.56
710.04
463.14
40.08
639.58
154.93
742.3
371.11
689.37
139.16
343.18
274.34
479.84
783.95
60.52
750.53
26.82
613.11
671.74
790.53
122.28
762.19
736.91
415.76
352.77
201.93
127.33
764.97
103.97
499.82
605.36
251.22
444.12
260.85
447.03
172.17
425.33
706.37
300.32
242.11
59.19
124.78
69.74
616.22
373.44
236.16
252.13
618.66
536.87
533.44
647.21
738.12
672.72
581.13
427.59
232.05
630.59
358.95
68.53
10.51
103.44
720.56
513.43
218.53
783.95
426.71
383.94
402.28
630.5
113.66
340.88
42.2
195.28
233.21
75.66
126.73
332.68
76.9
386.98
105.63
358.63
577.66
178.88
14.1
771.16
93.96
121.23
480.36
600.98
268.34
77.94
338.02
109.86
127.26
748.85
416.23
224.78
637.29
104.99
649.76
475.98
624.99
438.63
421.37
63.59
423.01
222.84
52.59
327.05
290.76
204.68
300.75
621.27
583.2
798.69
243.76
308.55
560.28
287.4
666.48
783.52
320.92
549.85
336.57
348.1
621.36
658.34
755.46
23
131.22
457.57
758.57
619.09
496.02
754.57
123.72
550.61
24.41
546.68
399.19
152.43
510.7
622.23
777.48
476.82
44.1
335.43
316.47
110.56
317.75
65.45
576
92.33
59.88
230.67
365.16
447.6
255.2
375.9
340.79
499.36
735.53
787.7
666.49
129.09
680.14
406.32
471.6
133.75
763.36
445.83
688.2
46.92
610.38
240.09
318.11
66.47
3.95
118.41
242.41
460.02
94.66
478.18
413.84
623.43
298.82
582.33
746.95
112.26
163.51
541.53
746.2
58.48
97.69
497.89
700.23
224.05
39.28
37.98
599.8
319.99
453.61
148.49
577.93
664.62
241.84
768.92
678.62
679.55
544.77
569.14
547.38
527.7
107.85
478.33
787.51
62.62
726.54
380.14
204.38
714.26
272.46
387.51
288.63
385.12
93.83
94.45
660.99
53.1
571.12
184.09
95.64
138.74
9.21
741.72
772.11
657.39
372.8
244.39
152.75
773.59
706.81
453.68
486.29
383.09
312.68
121.86
652.34
563.03
607.22
239.59
793.08
760.71
16.37
667.66
451.37
732.06
257.18
641.08
550.37
491.63
343.21
385.55
15.54
403.48
796.54
587.33
505.93
79.49
429.65
736.47
341.68
407.13
157.63
386.52
534.83
463.73
77.32
38.55
170.97
373.87
788.7
207.81
722.76
723.61
540.74
98.44
30.29
726.47
507.85
680.81
640.96
527.31
253.14
794.81
576.04
68.29
202.73
232.31
585.18
702.05
278.79
496.66
682.82
226.12
70.34
478.7
715.19
701.29
125.6
501.42
338.83
374.43
45.43
470.28
618.15
586.07
73.14
420.8
173.97
403.15
729.06
389.95
181.37
435.17
437.88
502.83
641.43
528.85
312.98
572.2
520.8
549.08
94.57
117.61
453.1
640.85
158.08
411
494.09
409.53
590.36
562.23
546.35
407.93
462.59
714.04
677.45
43.4
116.47
339
548.04
176.65
656.47
207.11
252.8
702.64
230.92
487.08
555.6
648.56
608.89
399.92
668.12
619.31
432.42
341.39
684.21
316.81
332.9
381.19
512.96
134.25
447.9
553.9
710.84
335.61
374.1
598.87
782.45
471.51
327.64
673.63
747.72
237.54
655.54
578.4
156.94
124.95
286.6
357.21
72.84
650.56
233.23
123.09
321.59
164.09
100.15
11.31
546.36
745.59
351.93
474.51
354.94
43.74
772.54
63.06
325.93
249.6
619.07
769.78
257.04
35.74
299.33
344.66
371.46
547.48
93.71
184.48
500.21
68.09
41.81
195.66
206.77
149.8
313.92
152.23
182.08
437.12
513.96
672.05
290.41
235.93
284.68
276.21
354.41
80.65
117.67
622.78
439.5
799.06
610.21
167.69
393.6
453.65
627.57
200.63
425.14
157.19
742.47
134.74
193.03
50.87
541.25
246.64
286.11
458.72
76.66
430.66
3.23
662.84
601.71
276.24
350.8
305.89
33.21
642.49
434.66
108.11
426.65
532
405.8
294.89
341.69
199.04
151.72
323.91
373.84
215.76
82.51
530.12
147.56
277.37
494.01
51.67
314.26
103.38
487.1
85.56
589.21
190.59
407.93
782.31
604.86
507.72
63.71
149.97
117.07
389.26
396.09
86.14
513.22
739.43
133.21
30.77
256.03
363.44
555.15
697.65
364.75
735.92
29.33
68.28
638.06
127.88
166.82
401.38
656.33
397.66
552.05
155.32
219.44
328.98
384.87
311.16
340.13
387.72
394.65
707.38
386.39
650.57
675.55
223.38
2.76
218.65
673.34
473.14
391.28
267.19
607.63
198.93
661.71
379.05
225.45
99.75
507.24
146.77
242.27
388.77
464.31
355.92
434.52
91.63
371.17
672.95
332.73
309.69
468.07
751.15
647.57
534.13
397.2
642.53
464.97
752.26
183.09
463.33
641.32
759.81
617.82
370.69
366.36
339.09
549.12
462.11
227.54
365.34
238.66
333.62
474.74
574.53
123.2
468.72
140.03
652.26
115.6
298.55
470.04
437.09
6.55
207.48
657.79
448.44
746.66
363.07
254.15
318.32
778.61
457.9
397.42
665.89
248.11
28.29
458.29
231.1
287.57
194.13
699.07
129.26
335.45
240.05
251.72
265.28
121.01
20.7
391.86
442.8
264.22
376.59
386.43
187.89
65.03
538.67
605.48
798.75
645.62
188.25
582.82
253.3
443.73
706.56
231.02
772.89
346.44
56.41
253.97
51.45
524.48
606.46
96.1
732.09
483.25
607.46
239.56
335.48
105.39
212.58
140.43
569.62
274.22
728.61
384.53
410.62
207.28
23.24
192.27
775.49
269.63
483.81
779.7
167.55
236.05
467.41
134.44
360.48
392.86
466.94
467.32
434.09
288.85
251.68
638.99
375.12
319
210.53
439.64
227.43
205.42
89.06
403.21
8.32
600.05
165.46
479.64
681.13
357.74
222.99
265.03
94.61
558.8
498.85
221.17
443.47
130.36
585.73
359.89
675.62
360.7
449.55
185.23
794.14
389.27
384.11
516.12
556.74
446.4
134.58
210
411.77
299.54
245.08
229.22
137.29
144.48
755.03
297.37
32.45
371.33
315.09
150.41
310.59
559.27
100.26
753.47
286.25
354.55
326.14
251.33
316.21
226.98
420.98
535.18
18.52
606.43
646.71
710.53
10.01
375.22
335.39
469.18
60.78
444.12
649.41
714.51
238.2
265.09
684.34
467.17
392.74
691.94
97.9
789.81
642.65
271.8
468.44
217.69
351.91
431.22
131.24
209.84
117.28
525.05
214.04
294.34
273.55
622.58
277.81
431.62
280.78
405.84
138.38
79.71
492.43
737.36
738.29
233.24
303.7
625.46
308.06
588.93
375.36
501.12
129.53
724.67
649.9
418.31
347.56
526.13
538.8
114.17
2.25
565.21
566.27
191.97
331.2
138.24
569.31
694.13
445.57
444.11
399.15
705.14
290.84
219.76
173.93
758.01
333.19
141.48
282.1
199.75
576.55
761.56
374.52
43.2
733.57
555.33
181.65
331.71
639.68
546.77
75.54
758.47
5.27
728.19
363.49
320.74
39.26
130.42
631.51
203.8
434.69
406.15
637.18
727.63
168.48
631.2
585.3
360.48
148
98.29
703.29
250.09
44.33
211.5
16.21
562.75
431.43
232.82
675.13
477.65
767.07
451.92
49.91
554.39
699.47
469.96
456.97
633.8
634.85
169.97
735.52
474.73
104.6
426.08
488.31
196.15
662.6
23.84
758.22
426.05
176.4
13.9
445.84
673.65
777.81
536.82
490.29
264
165.79
315.13
333.91
116.34
306.72
138.16
31.59
206.63
399.03
20.86
764.05
371.57
720.11
345.96
157.9
210.65
728.65
674.06
584.44
358.95
515.42
538.11
639.15
444
379.97
388.12
30.4
635.22
544.29
631.17
348.02
158.29
363.26
61.6
779.61
146.49
702.76
122.43
279.94
486.55
790.64
325.47
97.72
545.58
331.71
87.75
384.28
395.05
787.94
411.15
738.88
132.83
35.69
592.68
51.82
496.26
24.81
208.93
406.19
189.97
58.22
719.62
738.71
115.81
613.77
413.82
52.5
9.63
669.02
736.1
726.3
94.09
788.38
720.79
382.28
489.67
586.77
234.24
563.39
133.88
655.24
722.4
399.62
128.66
367.95
466.47
448.17
239.92
500.54
709.44
231.77
574.53
420.88
253.07
32.57
264.85
174.2
85.95
753.72
263.82
380.8
164.68
766.4
399.87
119.97
72.37
276.94
518.49
720.65
528.39
713.91
411.09
335
118.85
171.58
479.64
798.09
601.52
390.88
182.34
451.92
157.74
551.73
259.6
410.57
740.47
441.65
468.91
258.8
763.08
510.15
724.46
695.56
95.89
540.44
636.32
364.36
443.87
53.46
411.35
525.15
775.34
6.01
84.51
708.26
255.8
670.46
666.13
478.61
780.67
432.67
48.18
231.77
247.15
67.13
471.98
158.47
204.36
84.91
482.05
225.31
175.68
435.08
527.31
471.06
715.43
294.84
576.05
207.5
116.15
234.98
0.5
631.52
462.31
343.92
614.71
61.99
46.69
322.02
194.14
9.37
445.28
212.43
208.79
513.08
629.02
179.64
671.92
442.74
81.64
115.7
750.02
461.01
446.47
725.44
424.87
325.46
303.97
509.09
793.16
780.96
735.94
103.78
704.89
88.83
34.63
169.52
28.72
110.63
481.68
631.08
766.96
296.89
260.27
87.52
789.35
5.35
188.5
97.84
711.44
348.67
31.84
231.64
111.75
578.71
272.37
372.61
20.93
46.15
549.25
329.31
346.1
148.19
579.87
335.18
735.66
766.68
48.41
746.09
273.58
788.7
564.5
354.7
677.28
422.89
172.78
220.66
699.75
197.93
501.58
452.37
287.43
672.39
100.76
544.29
180.04
799.22
630.23
270.44
570.66
31.18
297.7
787.41
658.08
787.31
630.37
155.74
448.59
696.51
466.79
408.71
149.77
776.23
499.83
185.26
30.38
446.97
41.58
559.91
722.81
640.1
91.93
668.5
692.82
50.6
715.95
190.51
253.18
43.87
124.85
159.77
561.33
139.29
794.11
612.08
460.03
483.88
259.76
333.91
157.84
771.69
150.34
433.21
181.08
46.69
89.51
503.63
391.45
92.67
118.74
716.1
359.18
581.79
647.25
437.24
89.64
443.06
607.16
188.21
164.09
559.75
444.59
178.69
653.77
210.23
103.26
792.39
264.37
244.78
581.12
773.99
176.63
353.76
270.9
671.3
794.16
269.74
105.71
201
309.32
589.95
612.53
179.49
394.23
603.01
732.34
446.55
190.64
481.67
205.74
689.52
346.64
471.26
260.85
693.52
631.9
221.02
698.15
426.2
476.73
236.75
186.32
584.35
571.96
754.25
149.39
369.14
383.76
162.11
79.34
48.64
307.84
735.83
191.63
716.16
13.12
268.98
352.92
5.54
376.94
145.14
78.04
89.21
489.86
62.02
295.98
165.34
547.16
169.03
743.5
696.55
290.5
416.57
219.61
346.97
441.37
425.29
115.23
773.38
688.41
291.68
375.56
350.01
553.68
62.57
232.09
180.46
629.94
249.53
603.85
209.12
545.56
70.66
145.59
510.89
642.27
243.67
470.18
71.24
672.71
181.32
128.67
632.35
428.77
785.09
597.5
533.42
713.75
21.18
365.53
279.19
345.02
105.77
619.19
604.44
155.89
462.57
246.03
512.34
24.97
312.51
603.51
40.23
627.17
39.06
280.63
150.15
709.45
362.95
778.54
327.95
307.84
276.81
51.99
9.36
345.05
752.41
249.86
217.38
774.92
629.34
709.89
168.45
614.67
24.75
269.38
718.04
94.58
544.27
728.05
356.12
579.74
697.8
94.73
500.19
223.09
38.79
355.32
490.73
207.21
756.07
608.49
182.54
471.87
718.95
725.47
616.91
467.45
409.13
186
735.93
107.46
63.24
94.57
585.64
326.15
547.41
223.61
762.7
324.57
221.92
171.87
796.82
515.12
529.99
539.25
219.21
25.11
431.54
500.59
419.91
337.16
579.15
4.93
743.27
205.64
317.99
520.26
631.59
35.32
473.13
14.27
788.22
62.25
409.22
641.79
5
534.6
169.2
100.14
510.39
282.14
631.77
653.19
461.92
718.81
488.5
454.65
326.85
255.43
445.45
380.65
587.54
718.33
93.75
721.39
439.01
124.82
550.46
347.67
139.01
504.55
690.23
73.03
332.15
300.36
396.39
325.11
741.12
638.82
46.8
58.36
628.08
221.28
251.77
306.18
742.21
250.15
234.8
401.17
49.61
662.86
111.94
53.6
42.64
152.15
259.02
205.94
691.4
578.99
38.4
609.87
765.84
263.81
179.44
510.44
144.78
442.24
624.09
765.65
694.61
401.22
214.67
185.69
464.38
94.29
42.09
128.64
752.33
233.54
222.11
93.09
703.98
272.01
48.67
778.64
144.85
301.07
788.71
429.75
347.25
184.95
3.71
558.65
250.21
620.14
155.97
793.79
152.88
112
341.12
393.02
242.17
562.44
676.89
343.03
229.81
610.84
120.2
189.52
627.25
271.01
342.05
377.95
8.25
703.14
28.07
202.02
677.83
695.41
115.77
770.1
443.51
488.06
92.29
158.11
298
560.43
761.96
704.12
703.35
714.06
681.1
410.17
353.41
342.01
223.52
740.09
404.15
764.67
115.89
259.47
259.53
94.33
554.6
137.75
539.53
783.4
13.65
104.62
713.45
93.01
46.23
222.56
724.94
518.08
313.9
666.75
456.12
438.25
142.71
514.44
632.09
655.81
54.62
790.07
36.27
119.45
21.69
360.68
610.34
186.13
670.09
640.73
617.1
457.06
259.93
267.68
493.68
221.86
775.94
231.19
428.66
19.88
221.57
97.94
423.76
385.33
517.7
450.95
627.85
559.13
305.86
311.42
265.39
411.57
222.03
259.94
328.61
77.42
384.1
459.38
671.91
430.58
346.43
139.37
759.62
651.01
58.44
599.6
355.83
115.37
215.68
605.54
71.44
427.49
596.13
563.94
506.71
226.11
658.01
153.35
180.28
416.55
779.39
100.17
414.52
627.08
530.59
43.16
264.01
503.04
411.51
560.45
214.32
598.84
138.66
280.9
368.54
720.72
121.48
183.14
586.57
595.48
703
326.01
695.3
709.59
238.35
29.12
750.83
26.46
346.67
168.66
562.21
188.63
391.63
24.15
504.4
667.51
124.68
165.68
227.24
358.33
672.78
410.57
219.09
565.71
688.4
744.87
622.4
618.24
298.82
455.3
217.79
39.85
610.07
689.65
67.41
210.23
145.17
581.67
499.75
239.61
238.87
576.59
21.07
126.97
322.45
206.56
645
121.6
553.57
146
463.02
599.85
693.05
173.58
83.54
379.44
486.29
442.56
165.72
161.23
373.64
555.96
63.01
612.83
798.79
5.15
348.92
385.38
143.67
509.41
133.88
352.93
280.63
248.2
727.43
561.09
205.98
38.45
150.78
685.52
301.3
733.37
792.72
375.11
271.75
463.18
496.19
460.11
586.53
424.77
191.76
662.25
626.18
41.19
371.76
89
329.99
318.61
776.1
547.13
459.96
160.04
617.2
271.95
136.16
516.31
172.98
346.04
52.59
364.58
727.23
596.36
116.35
404.24
532.44
177.46
358.39
349.59
573.05
193.23
119.62
286.53
658.72
512.27
697.88
707.32
173.08
759.91
701.88
518.58
300.07
385.35
534.12
626.94
764.08
116.37
48.53
425.51
509.59
514.33
258.73
485.02
671.48
512.4
90.24
39.56
427.9
477.98
697.35
258.48
111.45
336.74
478.69
280.44
250.29
50.23
191.38
59.67
36.39
77.33
681.39
255.52
337.54
664.72
734.31
373.34
735.32
736.27
505.52
11.69
368.34
446.83
785.98
189.02
762.29
137.02
120.19
744.09
31.13
624.21
775.29
131.57
598.42
718.73
421.12
729.92
103.99
748.2
643.5
479.84
256.89
485.75
71.82
768.34
404.19
134.36
663.76
99.41
374.54
146.09
314.9
271.51
203.37
565.66
413.8
239.31
69.22
390.05
719.23
771.48
571.11
17.19
588.6
510.63
117.12
626.46
561.33
111.28
281.27
558.94
429.17
215.56
688.28
748.2
438.43
680
279.53
732.53
477.36
98.12
419.33
102.06
55.78
7.1
425.55
434.55
143.22
431.71
231.45
269.03
103.89
585.15
301.03
248.03
24.97
726.68
406.61
553.75
452.56
678.5
667.48
208.78
784.7
27
531.03
22.65
443.98
558.83
359.43
153.19
751.84
68.36
206.42
404.53
331.65
84.83
787.76
363.88
584.02
644.65
649.9
594.71
160.13
755.46
16.44
742.9
626.16
68.96
234.17
650.33
2.47
689.86
333.49
505.33
414.47
476.46
215.4
501.23
21.34
530.65
682.7
375.58
702.28
405.58
70.04
143.11
747.3
216.07
304.75
99.73
296.65
222.03
586.95
446.48
605.92
8.31
144.66
33.07
411.42
432.8
679.28
626
132.87
725.14
589.05
229.55
507.02
420.85
151.67
22.5
482.04
148.14
286.6
569.17
187.93
461.81
788.34
481.88
269.02
745.53
110.03
396.27
756.42
577.08
498.38
441.24
233.31
435.96
37.76
118.11
641.91
685.65
682.61
171.58
734.95
192.7
510.07
78.43
724.74
471.61
602.71
385.16
737.4
748.68
335.11
347.16
671
658.7
58.93
547.07
99.53
274.22
232.05
479.5
773.21
425.03
371.32
369.03
523.39
135.44
96.39
438.17
665.69
437.55
446.75
391.73
229.8
712.32
272.54
780.91
153.06
201.26
395.26
653.03
253.51
411.98
322.74
323.67
210.06
640.89
342.06
498.12
108.23
699.05
635.14
44.76
774.96
377.41
499.19
525.52
175.04
794.55
691.86
323.21
576.82
678.15
559.37
246.4
709.04
383.01
74.57
637.73
268.46
670.32
46.11
397.15
633.95
346.11
374.33
675.61
650.56
80.49
176.67
570.66
461.97
732.65
215.7
167.95
765.47
307.08
257.49
245.22
446.69
282.75
436.77
299.16
85.18
680.05
225.34
256.89
162.55
786
564.56
8.93
22.47
611.47
49.01
423.34
580.09
193.31
524.85
95.22
440.37
276.41
793.58
94.16
732.99
134.08
579.24
711.35
223.3
313.79
657.81
785.18
226.7
615.96
115.84
654.67
382.72
633.39
115.17
50.74
206.01
589.56
503.98
267.77
583.91
568.85
18.41
248.71
643.93
624.61
561.28
129.56
482.47
143.53
416.32
11.91
499.68
411.7
619.4
10.41
661.66
565.29
74.49
297.28
43.36
660.04
479.1
775.6
723.33
290
778.44
548.72
30.07
644.97
481.73
791.28
144.17
51.75
735.23
254.88
499.69
615.33
53.09
104.22
78.86
130.15
407.36
241.49
723.64
0.23
186.28
154.54
718.05
449.49
510.67
346.45
282.7
238.94
399.33
295.06
548.3
795.77
207.57
159.34
490.16
489.36
485.08
755.78
166.36
514.52
137.54
60.19
707.05
348.08
38.2
392.85
265.96
268.9
317.42
599
189.98
223.43
667.63
19.99
92.97
457.69
556.1
266.86
484.42
371.81
468.65
436.36
488.28
563.16
45.24
344.43
123.08
160.94
731
520.72
187.25
266.26
404.37
662.38
404.92
231.53
322.32
566.69
436.08
250.95
528.06
453.12
308.22
311.93
338.16
312.38
485.32
59.13
670.96
32.21
95.76
271.67
32.16
745.38
458.82
674.11
348.47
199.43
414.68
504.64
679.33
410.52
444.43
65.43
92.24
621.3
180.25
236.59
364.57
215.61
65.36
698.84
216.24
106.06
23.04
50.5
648.57
65.1
207.8
701.51
730.64
276.9
366.15
350.61
213.5
49.56
294.96
293.64
719.55
244.74
203.33
689.06
563.35
452.21
665.02
333.55
318.74
301.24
680.08
447.25
581.63
450.05
604.44
57.79
780.85
141.87
131
153.49
497.86
129.17
8.26
374.98
306.4
2.72
32.96
316.12
778.51
202.48
213.96
326.61
157.32
359.49
289.11
563.38
744.93
795.88
427.53
273.18
682.12
570.43
70.29
559.68
372.86
256.39
493.85
162.34
780.04
410.52
7.83
774.24
447.41
573.98
770.66
193.69
483.84
338.26
622.64
785.48
451.42
488.15
433.14
600.92
755.84
218.78
714.98
527.64
175.91
736
105.05
776.97
753.07
365.84
643.64
368.48
520.42
463.11
194.1
701.57
444.12
599.18
49.35
607.5
49.25
732.06
239.71
745.31
719.56
777.21
651.61
645.65
39.76
615.87
778.23
795.46
299.72
178.26
133.11
158.04
261.68
580.3
102.95
203.14
689.68
624.05
4.15
516.6
45.58
192.42
18.57
693.9
329.36
129.35
395.28
196.86
266.22
732.47
263
390.76
400.07
676.39
702.88
59.03
81.51
108.64
255.16
415.39
92.94
498.85
326.41
159.01
295.26
370.82
455.82
595.9
550.46
84.34
517.96
520.76
403.52
32.69
49.77
181.01
219.97
354.2
84.33
9.41
768.13
453.72
253.47
626.21
168.21
188.42
46.19
757.87
759.15
304.32
266.26
4.03
161.28
564.49
48.91
759.25
474.08
596.16
770.33
64.34
90.59
231.07
238.97
383.53
693.09
233.71
79.48
150.31
282.16
136.06
399.31
409.49
353.06
463.36
401.43
428.88
577.74
773.77
601.66
126.8
573
512.95
157.53
231.58
431.48
442.82
288.32
140.35
673.61
103.81
471.8
324.74
637.26
505.51
96.08
51.52
256.26
713.46
746.38
414.48
630.09
266.81
27.65
370.87
750.58
467.25
617.56
719.7
653.38
270.81
257.39
570.73
44.26
540.21
691.16
559.5
137.57
370.71
702.18
595.15
188.98
275.54
647.03
627.81
791.69
83.12
779.82
3.26
145.15
733.21
85.95
601.51
453.04
620.29
272.45
301.15
732.23
585.13
273.13
672.55
669.91
549.48
413.21
559.15
408.08
269.37
341.94
696.09
757.95
306.47
53.16
791.34
268.15
595.25
300.84
250.22
445.44
156.15
342.37
231.49
271.35
511.83
457.68
406.1
183.71
267.51
763.52
774.77
672.23
210
226.53
777.89
646.33
272.9
399.27
4.2
232.52
755.86
446.07
534.36
596.62
706.99
530.13
481.1
116.29
611.37
151.32
655.36
342.77
718.13
163.53
76.18
539.34
275.03
784.74
764.41
555.83
70.29
396.68
528.02
550.92
114.06
16.11
443.2
373.11
133.88
648.85
511.37
575.95
189.56
209.18
601.29
176.77
166.02
685.72
524.91
634.39
729.2
327.61
513.47
788.5
582.73
681.59
546.91
741.67
782.38
437.96
446.78
576.52
681.81
496.43
158.62
760.66
772.61
145.43
302.15
563.17
359.41
625.46
701.99
558.56
466.27
343.12
471.32
690.45
525.12
738.05
77.23
637.57
316.97
318.85
161.47
155.44
751.19
37.34
771.25
250.42
697.3
630.99
286.96
307.23
252.51
69.55
210.55
223.32
69.72
29.5
436.33
561.52
376.25
449.25
458.97
10.16
74.49
330.43
707.66
425.57
28.57
565.61
415.7
145.39
652.77
743.56
571.15
182.53
37.66
641.6
748.49
210.43
701.54
741.09
728.81
26.72
570.49
17.3
415.71
102
587.26
600.08
12.26
499.08
619.29
388.86
743.41
408.35
95.94
490.3
717.01
512.29
50.07
789.48
772.19
649.86
177.25
131.06
294.77
243.96
375.6
368.8
738.44
782.41
159.48
95.22
300.08
611.52
741.13
181.83
701.04
141.87
387.96
222.67
74.1
752.9
558.14
212.48
585.63
713.64
155.29
567.86
621.32
436.25
86.49
365.73
618.91
573.37
381.45
313.08
73.65
282
626.58
696.92
668.76
634.05
790.82
681.82
407.96
672.27
59.42
395.34
285.85
712.19
125.57
408.55
591.92
668.37
241.06
727.42
768.79
496.1
524.47
353.78
343.48
224.43
191.47
58.36
781.41
461.63
430.48
666.1
176.23
255.59
86.57
234.01
660.82
491.06
196.17
228.56
614.69
789.22
105.12
302.81
429.51
133.61
37.44
177
796.51
202.28
520.6
713.81
111.4
732.72
2.62
367.98
8.77
474.71
102.08
459.27
140.74
261.87
60.7
545.93
430.41
779.73
540.54
288.5
710.31
510.24
129.53
196.3
124.89
442.21
737.52
67.96
319.65
463.26
133.04
270.33
618.02
585.24
407.26
317.64
521.25
220.25
364.48
707.56
787.54
797.18
276.13
591.85
419.91
348.44
262.31
73.8
187.69
79.9
772.57
414.41
799.93
239.74
192.7
591.38
114.75
141.19
84.45
315.39
457.97
506
797.68
645.07
631.04
693.27
283.22
441.17
380.84
270.3
695.61
588.42
544.84
109.01
767.88
469.02
740.09
198.95
168.82
326.52
574.71
665.33
670.82
489.8
88.69
299.61
263.61
144.4
83.2
131.11
178.58
748.79
523.13
446.66
685.53
520.45
50.24
131.82
736.7
291.51
288.3
131.48
85.16
331.8
149.52
220.3
251.21
791.82
755.39
304.67
697.37
495.02
423.92
94.21
473.39
572.3
787.45
448.96
350.82
569.29
520.41
372.18
188.89
607.95
101.21
93.68
523.95
595.31
198.54
562.07
376.03
690.66
373.07
36.15
279.69
88.48
418.71
467.64
58.96
280.16
110.11
647.63
687.75
186.87
100.28
737.61
724.23
410.65
795.35
89.98
156.93
416.27
241.33
253.68
422.55
148.31
292.03
677.25
7.93
26.04
350.63
194.5
167.44
374.71
663.2
778.14
591.65
554.79
59.12
267.06
81.31
673.58
633
157.83
201.56
580.16
78.12
74.33
637.35
481.47
432.73
208.32
793.36
310.65
716.41
452.06
412.83
171.38
724.27
0.73
436.62
723.39
410.09
443.67
449.08
130.81
164.92
585.61
444.06
65.39
438.51
451.34
371.87
282.27
488.32
629.07
194.22
314.04
465.88
762.7
611.1
581.79
675.85
276.18
672.89
550
315.5
55.74
361.15
277.88
781.39
695.14
551.79
183.84
364.22
172.71
726.51
672.79
719.46
3.49
553.46
483.09
511.97
407.58
748.96
498.36
417.21
366.45
9.19
216.16
341.43
61.07
180.52
211.06
0.96
385.41
166.73
211.65
615.22
682.96
770.93
40.12
32.02
587.16
509.52
78.46
704.64
395.53
655.56
635.72
540.17
324.04
505.84
783.49
287.1
509.63
744.77
344.74
253.41
558.1
676.81
619.84
169.19
621.14
25.33
444.71
678.22
309.91
722.65
268.37
23.01
516.01
188.67
451.26
462.79
62.87
153.22
267.44
510.11
10.02
738.7
319.04
79.95
47.71
674.49
85.57
98.14
536.27
705.71
787.63
123.94
305.88
234.79
310.92
483.74
36.36
131.72
680.82
383.54
426.03
104.42
402.99
643.69
261.63
323.69
197.4
424.73
703.85
440.84
564.04
125.46
82.27
706.9
737.81
540.85
92.4
684.81
606.49
414.89
362.48
20.29
238.33
405.15
256.47
672.58
700.19
655.32
405.99
407.47
347.31
22.4
192.42
124.7
690.83
394.35
116.98
437.65
184.5
38.68
582.85
83.62
677.02
100.05
658.27
776
469.76
289.72
599.09
125.5
77.21
230.08
797.58
682.82
273.53
723.17
73.49
506.33
481.19
395.36
413.91
65.1
6.31
242.3
546.66
723.91
206
166.85
211.02
225.3
646.26
629.69
402.03
108.51
790.46
269.76
714.54
175.46
260.02
374.87
205.9
55.39
788.19
456.62
279.53
388.41
213.21
38.34
552.8
180.25
155.58
765.29
48.24
308.82
668.06
454.12
391.51
61.81
48.97
142.19
196.5
124.64
304.97
187.12
127.62
656.09
201.21
419.12
115.09
450.88
341.15
653.72
337.85
489.79
588.54
423.98
233.39
386.52
505.64
473.06
438.28
24.41
389.2
422.19
720.46
144.88
11.06
645.11
312.89
660.46
755.93
65.5
631.78
100.06
770.23
614.71
309.13
569.92
496.03
162.68
255.35
123.49
411.84
634.37
785
229.62
117.42
561.23
769.14
385.39
80.34
770.87
203.41
233.48
168.09
688.2
483.48
494.84
586.01
617.3
219.24
144.32
283.05
195.35
402.89
503.66
364.82
432.06
185.74
744.32
692.82
335.77
380.35
310.48
61.97
462.09
640.69
102.83
497.68
238.3
153.71
223.07
271.98
644.28
30.56
242.21
425.82
695.07
550.85
219.2
641.9
485.44
426.24
661.44
203.61
619.87
607.15
118.44
668.92
86.84
771.05
630
758.13
716.29
452.54
761.37
602.74
637.12
335.75
589.54
79.4
630.25
452.49
562
64.37
535.34
355.54
604.97
317.37
798.27
425.2
706.63
335.77
656.98
171.42
135.78
152.39
113.57
10.17
242.69
320.02
739.96
100.19
391.72
517.93
715.15
585.43
445.94
378.34
403.35
599.56
275.79
86.05
554.66
23.46
744.43
468.29
374.87
163.2
693.41
134.08
621.49
775.04
703.94
503.89
781.02
621.5
489.41
297.84
459.54
761.62
330.99
265.01
305.42
338.55
277.91
44.93
353.84
792.96
389.74
542.88
157.46
559.32
380.62
415.3
767.02
239.54
86.54
176.26
355.17
429.13
223.45
219.02
150.11
332.54
523.35
391.84
134.83
114.87
219.21
274.72
349.87
380.97
235.77
580.33
130.45
330.76
278.05
106.79
726.4
292.21
507.01
302.18
425.93
752.82
187.69
731.04
42.2
274.24
456.83
217.27
714.24
558.04
683.12
619.9
644.6
58.58
523.81
546.92
4.14
183.69
566.41
631.09
219.48
84.15
539.74
99.36
533.11
350.07
267.01
369.2
71.9
66.04
540.95
539.64
773.99
154.33
188.79
478.07
273.77
132.11
315.24
135.05
40.1
205.09
309.31
316.4
250.42
15.43
539.89
17.02
428.86
797.31
780.52
39.57
381.99
318.5
120.15
466.2
217.57
711
198.84
190.15
649.41
760.38
143.23
241.16
563.89
570.49
409.45
68.87
531.48
331.6
92.91
526.65
573.04
384.58
363.25
372.18
114.25
502.5
698.46
331.58
341.84
10.17
700.22
601.39
346.47
324.71
645.33
106.29
522.02
633
176.5
376.32
214.4
365.22
699.97
1.78
529.66
337.28
408.61
76.84
358.04
439.95
779.38
65.92
528.29
288.83
71
246.81
703.42
796.48
443.15
23.85
554.88
421.03
375.49
471.45
103.42
106.27
490.9
393.44
451.77
415.3
55.6
597.22
237.53
20.33
479.54
162.75
675.38
337.16
352.11
301.95
443.02
523.77
713.24
396.22
362.57
124.65
116.6
542.18
497.95
408.87
293.78
112.89
265.4
390.56
71.54
136.59
528.32
444.03
395.99
180.09
478.75
386.18
186.96
352.46
437.82
403.05
148.61
614.49
304.73
304.76
675.52
256.7
428.22
476.28
201.38
44.47
25.58
669.82
687.58
23
360.13
730.76
250.59
268.96
367.42
709.97
731.01
506.72
722.94
483.83
183.14
780.43
663.5
667.28
27.55
302.97
472.39
564.36
273.64
249
32.59
372.23
278.2
435.29
739.69
382.31
787.84
357.39
296.63
432.09
266.97
440.5
510.65
640.32
322.39
350.73
379.5
355.96
156.34
41.36
749.28
390.67
431.41
5.19
499.88
29.07
414.58
24.81
388.8
541.34
698.45
359.87
238.07
787.43
576.58
305.94
341.38
356.35
17.91
533.15
663.09
594.34
131.01
265.19
438.73
314.09
174.41
577.36
289.38
703.63
260.4
242.18
362.37
740.69
635.93
105.03
317.46
68.39
325.64
734.58
660.25
382.29
741.7
342.81
358.25
145.72
70.64
351.64
604.42
788.56
776.98
549.03
375.57
642.7
206.04
312.3
436.16
338.59
520.67
526.17
569.42
105.12
323.51
525.09
734.78
169.76
365.91
462.82
312.71
592.62
660.11
593
551.55
209.41
751.77
795.63
225.13
62.51
108.4
166.66
411.88
307
724.23
208.95
772.73
421.7
227.31
280.01
705.64
534.92
540.28
236.13
402.8
280.16
771.66
666.22
493.54
566.77
765.2
669.32
195.18
566.49
482.73
560.52
402.4
356.32
553.54
48.9
37.55
90.2
498.66
644.27
623.91
489.42
614.89
571.91
73.31
67.16
660.8
112.66
512.22
217.52
433.85
182.05
605.15
694.36
94.48
521.09
541.66
497.77
655.88
122.03
668.98
773.08
737.69
241.94
256.51
516.39
17.24
165.94
308.11
65.67
747.61
11.3
546.31
732.55
375.92
475.01
706.25
490.92
191.92
604.29
265.55
315.81
66.74
532.91
705.45
659.01
690.22
508.95
446.43
670.03
600.27
7.8
706.72
793.02
420.25
468.74
46.03
13.49
761.02
408.91
736.37
424.85
770.27
100.08
370.67
650.43
759.01
696.65
204.36
716.16
28.45
658.71
674.26
135.91
624.77
450.67
785.28
790.02
299.84
58.58
671.89
257.21
200.25
155.62
560.75
415.72
633.62
778.28
455.51
281.4
307.11
721.03
128.88
402.44
402.04
590.98
670.56
118.06
384.97
109.42
505.24
473.9
761.82
698.24
21.82
427.67
290.39
458.26
90.2
724.41
413.08
194.62
515.77
431.31
158.59
217.73
86.94
278.73
150.94
246.33
269.95
686.06
659.78
254.26
585.13
117.88
657.14
85.52
383.86
309.85
481.3
698.68
389.89
3.97
676.98
426
287.88
190.41
348.88
537.74
213.43
165.85
42.59
234.03
648.48
268.54
721.74
296.43
650.99
378.08
75.24
608.88
29.14
713.74
449.05
116.25
90.78
393.04
209.39
167.02
534.53
661.56
784.98
710.73
575.66
81.92
262.4
767.02
265.27
103.63
516.53
397.91
312.87
474.12
303.35
415.13
702.76
268.27
305.72
655.58
332.31
630.91
417.36
695.63
75.96
489.04
268.59
737.56
198.13
746.57
219.3
70.06
409.8
706.38
111.25
735.48
781.75
244.14
259.4
570.92
429.12
107.72
543.65
711.31
742.16
699.3
170.43
567.37
265.05
61.01
502.99
609.58
240.62
744.03
273.58
501.2
264.38
727.97
228.98
784.97
434.74
547.71
245.49
184.4
292.5
776.62
17.9
55.27
708.42
714.13
28.85
11.88
784.17
594.21
449.25
729.73
666.29
630.14
238.64
35.33
416.02
372.59
678.83
612.89
237.16
768.33
412.7
373.98
165.51
630.59
138.07
374.65
69.28
374.65
431.89
46.23
56.38
0.92
383.05
160.02
184.3
622.05
738.61
424.59
245.21
786.53
386.27
747.02
84.65
259.87
351.07
72.4
697.25
90.49
517.89
425.42
368.77
531.62
638.73
643.35
620.75
353.47
538.45
452.88
503.51
329.17
445.15
538.55
491.81
531.74
351.89
163.03
772.72
333.17
680.91
766.98
734.72
477.25
527.1
584.16
514
735.56
703.61
128.25
328.21
480.45
682.28
54.36
246.89
106.37
72.43
139.69
408.18
117
50.29
534.29
287.07
626.33
264.77
681.23
140.29
208.96
110.75
280.4
319.34
793.36
176.9
129.19
762.36
381.85
694.57
261.87
116.14
792.39
333.25
718.95
571.7
617.33
10.51
748.9
130.48
653.8
643.68
151.89
91.74
677.54
390.99
619.24
399.8
383.48
90.1
356.2
215.42
327.54
549.12
224.28
265.47
156.52
277.71
167.77
79.88
322.03
516.94
680.27
722.21
638.11
245.33
85.78
187.73
428.77
389.11
778.95
73.92
209.53
554.42
782.83
284.73
257.17
333.01
370.8
124.07
410.09
313.2
491.46
374.46
243.15
681.38
95.97
637.37
285.94
198.78
280.12
531.79
148.18
678.43
443.04
479.35
648.02
485.32
310.5
526.16
695.51
107.73
5.14
420.82
210.35
229.08
450.88
212.03
523.75
642.14
158.56
733.84
539.27
47.27
94.29
770.18
403.92
37
200.46
678.17
459.68
57.33
614.39
738.32
394.34
225.75
347.66
643.88
207.1
776.86
552.55
160.99
684.46
591.69
102.65
312.36
160.16
289.77
652.07
395.28
217.84
642.23
61.42
173.39
781.25
764.09
657.96
531.59
708.98
197.85
83.78
245.03
785.56
485.45
328.09
439.34
23.39
502.58
204.26
24.73
591.49
163.71
696.33
533.1
196.51
387.94
213.03
622.51
92.92
182.33
764.7
211.68
616.53
183.24
304.4
618.56
195.43
540.88
87.14
379.96
399.65
733.12
155.62
764.98
192.6
3.52
495.13
25.72
555.22
579
77.08
702.37
779.56
629.37
783.29
157.89
365.45
48.81
552.72
468.15
476.79
81.04
606.96
503.26
519.97
602.89
407.75
500.46
638.06
8.64
616.61
134.48
219.01
707.95
239.3
31.15
580.16
313.97
576.9
388.8
279.84
7.47
21.79
676.28
236.2
591.79
565.5
236.16
438.41
602.34
286.41
767.19
173.15
167.27
227.53
782.85
160.13
504.41
93.08
785.24
630.87
557.89
356.13
535.78
548.03
182.12
113.48
535.76
169.01
632.86
333.43
678.89
533.17
240.77
512.81
195.58
69.72
533.7
479.1
794.93
390.3
91.45
574.83
437.34
373.96
728.61
679.47
566.11
465.4
473.93
374.6
41.46
666.72
475.29
229.25
372.62
386.21
246.89
432.67
722.07
338.1
36.21
231.06
759.02
345.95
510.51
360.64
373.78
270.78
64.81
298.21
632.6
561.89
506.65
630.51
252.88
218.95
611.77
276.17
107.12
152.1
464.26
705.68
53.93
782.23
426.03
416.13
483.84
112.26
118.58
41.38
20.68
625.68
160.52
443.76
723.73
514.49
45.74
399.66
348.17
128.88
282.85
563.42
653.23
476.35
637.67
33.3
715.76
583.37
644.03
606.7
87.85
296.14
323.17
318.78
688.23
739.99
526.53
499.58
162.55
791.18
239.03
330.53
730.85
537.3
174.53
129.59
526.49
105.13
105.31
58.88
526.16
658.89
139.93
250.42
747.48
712.96
456.41
68.84
618.19
661.19
335.22
369.31
31.2
312
288
408.94
251.32
157.52
69.92
731.68
685.76
494.8
777.44
198.64
226.9
199.29
678.43
633.76
636.62
452.48
33.15
734.23
455.05
578.77
366.11
324.09
90.57
609.01
617.19
538.09
478.87
552.6
198.03
519.53
413.63
598.64
101.09
497.8
308.89
265.39
94.38
366.38
697.13
641.19
695.6
532.11
140.16
720.4
561.91
329.01
256.19
447.56
734.29
770.25
236.02
632.88
402.07
278.01
662.05
616.51
629.36
157.67
552.07
665.64
728.63
797.66
691.79
383.75
610
702.75
155.8
111.63
225.59
523.22
589.87
783.05
638.39
88.32
195.18
404.63
2.87
507.14
541.28
461.55
254.57
20.38
148.75
392.42
35.81
511.55
612.98
793.88
737.44
60.7
261.59
718.49
757.19
503.64
50.76
653.2
367.56
577.78
376.02
774.95
164.16
546.85
239.55
690.12
93.08
692.95
687.4
799.97
743.12
226.38
565.56
688.26
357.78
689.94
220.2
91.96
663.82
209.69
633.56
578.32
790.12
226.16
681.62
688.33
254.91
506.05
166.36
350.39
650.08
120.39
580.75
301.37
685.48
421.82
295.06
197.66
78.69
297.43
797.82
483.86
660.06
625.54
760.33
445.43
522.71
419.8
781.5
677.21
455.51
216.72
317.59
604.2
749.57
218.67
378.24
686.2
500.1
477.03
564.64
131.9
435.04
343.02
733.17
175.59
589.64
258.79
234.98
254.99
125.23
135.45
508.76
388.53
692.6
711.23
307.33
2.56
174.42
697.35
785.35
160.97
208.93
55.37
124.11
21.16
699.79
514.6
127.36
474.55
38.73
600
485.89
637.77
414.89
490.38
418.95
53.49
773.38
746.64
89.33
64.01
455.42
501.05
472.56
188.11
182.4
617.83
253.24
586.72
441.46
313.64
555.08
38.71
759.28
303.56
58.13
775.89
658.32
130
3.34
439.01
730.27
263.5
490.2
406.86
790.53
342.51
519.61
643.04
312.82
399.44
536.58
135.32
658.7
621.86
432.99
78.47
124.97
399.28
124.66
162.43
188.81
226.16
583.68
546.03
669.62
12.08
392.21
252.81
47.77
86.66
747.97
388.27
200.67
211.6
667.26
716.6
215.62
112.17
782.92
156.76
286.96
127.03
61.66
133.6
257.4
667.5
669.49
757.54
478.23
691.47
262.48
784.97
16.83
666.59
24.48
732.45
175.64
29.95
280.58
549.62
465.7
93.08
643.01
53.11
451.25
773.01
396.89
552.83
535.85
559
140.49
485.62
80.15
463.57
738.54
280.03
240.2
141.81
576.37
767.31
796.28
542.24
456.32
621.93
48.99
96.16
701.21
557.6
143.06
225.53
353.47
75.98
239.1
413.48
115.79
744.79
280.77
681.58
278
717.6
612.03
120.42
424.43
752.42
54.82
81
638.55
128.99
533.22
394.29
76.48
684.54
724.76
345.46
794.12
542.88
151.74
23.49
590.71
679.06
72.96
757.52
279.71
483.15
552.65
672.3
403.48
151.85
260.24
339.6
245.07
154.22
436.29
647.79
209.54
91.18
498.56
145.98
303.21
432.32
365
263.49
49.05
410.37
671.96
235.99
413.59
797.56
169.45
607.5
20.96
641.85
708.04
128.63
700.85
194.12
140.37
80.41
426.52
105.69
48.52
691.63
405.84
660.55
649.96
349.73
746.84
140.6
736.87
119
434.71
136.42
5.75
789.33
304.25
153.95
223.66
350.76
614.92
172.03
652.23
784.78
595.26
445.5
117.9
124.06
645.14
333.52
380.88
746.7
562.92
579.25
228.04
594.3
380.97
651.25
414.34
652.45
438.64
201.38
175.1
164.88
412.52
154.22
357.14
298.76
602.36
221.4
333.89
436.32
80.3
244.17
319.79
585.5
132.84
543.87
275.94
472.25
77.11
599.75
247.7
608.4
155.21
99.44
197.66
197
418.73
658.83
465.16
172.13
97.37
235.89
78.04
527.31
347.01
192.57
599.38
297.39
307.06
149.34
82.79
150.1
756.4
485.65
58.37
443.61
656.79
140.3
202.71
408.25
721.44
751.79
494.12
134.06
670.75
281.38
529.74
275.24
621.18
484.15
746.37
617.44
249.74
773.99
353.6
561.2
161.34
507.38
640.86
589.47
483.97
365.24
580.27
102.24
379.82
341.32
503.56
749.41
688.86
264.42
393.04
245.98
252.59
728.58
119.41
673.02
57.47
739.56
48.46
152.67
222.63
40.01
341.29
367.52
684.99
752.64
511.46
775.21
466.93
156.92
734.14
377.39
254.51
383.3
707.94
132.45
723.56
723.89
430.67
361.6
543.39
46.93
413.2
362.37
1.18
327
600.24
465.4
445.84
62.25
745.36
264
9.38
60.64
454.6
738.28
770.41
89.35
644.97
471.07
293.14
555.06
579.68
254.82
410.45
211.43
253.53
566.62
710.52
103.97
658.99
262.39
543.74
22.5
360.42
309.72
284.27
259.84
82.64
165.62
38.96
717.86
511.53
720.05
519.65
17.04
504.67
292.43
715.76
735.83
573.26
106.89
514.49
359.26
211.24
511.93
27.87
41.08
444.13
80.01
1.7
765.55
150.95
84.07
771.35
555.38
348.37
577.62
59
267.16
570.43
631.34
494.7
111.52
146.99
465.56
386.48
631.97
427.27
603.31
443.85
37.68
331.73
412.37
369.8
695.32
330.09
60.85
246.48
99.2
191.73
52.11
372.96
727.74
22.61
240.14
39.91
512.67
52.57
81.55
628.06
483.23
290.37
109.46
323.71
557.78
222.57
48.33
684.52
455.18
520.34
669.79
414.23
214.56
534.3
493.56
295.21
529.31
675.64
418.54
468.49
212.62
758.23
493.84
452.33
56.32
219.89
653.97
247.34
664.91
56.06
248.33
707.17
775.59
635.55
770.8
82.48
174.63
713.92
381.93
18.35
755.55
133.16
551.12
199.34
130.87
341.99
370.66
140.4
110.14
276.24
550.55
46.02
317.05
741.38
636.18
392.2
66.72
163.52
455.68
674.11
284.77
454.54
229.74
542.34
45.89
322.91
428.48
693.18
628.57
56.68
21.28
300.4
100.03
307.92
180.45
557.5
43.54
730.71
399.49
326.78
550.22
326.26
785.49
431.51
458.21
705.74
197.01
150.36
122.74
158.98
795.88
437.09
547.26
420.14
523.82
678.35
470.95
28.82
326.94
590.15
649.51
680.5
279.47
500.07
186.55
409.92
584.31
768
576.88
348.8
757.63
706.15
270.75
613.51
140.95
620.51
458.89
790.61
479.42
747.62
56.19
138.67
123.91
769.57
655.95
82.29
665.56
616.65
360.79
711.47
13.66
135.99
593.44
679.04
8.27
641.09
50.95
605.87
89.85
707.84
654.47
43.19
383.21
620.12
645.68
467.04
190.22
782.19
78.79
669.38
55.54
228.62
704.76
264.25
750.35
225.83
161.18
700.01
154.71
559.58
704.23
717.61
740.04
477.98
625.69
162.65
115.88
167.92
678.15
185.42
298.29
472.55
576.58
227.01
376.07
632.19
327.4
488.23
103.46
722.8
449.7
317.36
199.19
614.36
651.1
747.79
113.21
331.82
754.82
704.55
323.26
537.73
552.79
168.62
271.98
489.38
708.5
528.8
675.58
599.26
243.21
276.21
114.63
625.74
133.5
679.36
622.04
752.45
314.2
118.92
473.17
100.91
518.84
579.22
643.47
275.68
72.82
746.79
499.93
129.29
217.3
661.23
197.77
150.25
31.34
253.38
241.54
371.5
294.28
511.06
489.82
477.17
719.64
669.7
248.14
226.97
538.85
443.55
397.49
707.38
234.95
516.04
306.59
683.8
648.83
532.21
241.18
561.3
266.84
516.81
651.89
482.43
357.51
240.03
154.02
379.97
756.51
768.6
672.13
219.68
603.31
260.28
645.88
293.62
99.31
161.77
471.19
722.1
710.42
530.95
704.22
767.41
553.73
601.3
590.45
301.69
721.77
188.96
216.87
113.74
616
609.24
235.47
62.58
604.41
765.38
405.61
532.31
523.9
80.81
582.22
798.21
372.74
583.12
66.35
150.2
767.93
400.74
427.7
407
710.14
745.69
295.55
422.05
194.67
574.08
338.48
261.36
320.29
228.29
160.05
92.89
542.25
357.7
618.14
357.91
626.75
293.36
240.68
207.02
590.56
560.78
636.2
548.46
583.89
578.36
128.69
471.88
16.91
192.14
315.82
67.63
718.54
501.73
555.98
645.55
775.91
371.83
201.8
515.53
74.46
201.77
636.26
479.44
545.55
187.95
211.11
408.73
154.35
551.89
718.33
237.15
696.93
26.25
356.93
289.54
164.08
289.37
223.48
181.8
451.5
30.2
766.59
214.15
656.94
152.79
177.62
563.43
180.69
208.96
579.41
208.95
363.27
159.19
321.02
460.11
566.89
620.63
137.53
419.08
85.25
441.91
16.43
244.15
639.18
726.4
675.43
347.76
731.84
609.59
93.2
359.89
721.42
593.39
21.84
441.48
55.89
723.07
304.72
797.59
35.83
437.63
335.54
372.09
620.93
538.36
693.74
454.03
452.89
28.68
509.43
522.98
51.74
608.65
509.87
450.37
34.12
729.02
604.71
602.82
737.27
623.49
162.86
750.46
65.6
792.04
347.9
62.96
267.06
51.38
686.41
559.31
571.38
752.93
649.73
464.43
624.47
529.04
639.72
0.07
72.58
352.54
724.16
234.55
408.92
417.97
697.94
610.6
473.85
37.58
350.53
621.08
488.51
528.92
121.02
388.96
681.13
487.62
80.25
588.4
475.75
84.4
449.57
213.71
418.55
449.02
583.79
526.11
667.74
58.39
710.09
703.63
604.49
760.14
696.03
569.91
191.21
608.98
66.91
209.63
424.4
394.93
141.72
138.04
473.88
62.49
142.77
795.29
295.88
425.02
180.78
590
564.66
536.25
338.46
87.49
248.73
523.69
177.07
415.67
622.06
202.5
253.43
637.69
336.86
718.32
41.91
597.97
785.13
667.17
430
86.78
227.04
799.63
182.93
505.97
8.39
650.96
48.43
401.24
53.19
27.58
518.72
748.24
220.31
38.08
303.65
362.9
64.78
378.96
584.64
155.47
222.06
438.19
461.99
430.7
246.6
85.18
592.72
124.69
269.58
139.44
251.95
448.56
79.92
396.94
776.61
461.18
584.18
195.68
536.04
198.6
169.24
560.74
741.16
663.15
646.77
406.18
634.76
205.97
311.15
348.82
492.94
511.74
768.39
534.18
738.5
384.85
682.47
410.52
664.96
754.3
327.3
692.57
191.21
589.11
86.27
615.19
126.7
87.4
414.15
550.95
600.94
768.92
477.27
382.74
417.68
544.67
609.14
83.69
721.81
478.15
69.73
503.35
281.65
31.39
698.29
705.63
81.12
6.62
101.3
415.51
441.27
199.23
589.73
565.95
197.69
486.32
637.04
167.29
195.27
45.2
257.46
338.17
765.35
538.82
383.32
582.11
444.94
752.43
359.47
158.66
92.24
597.27
174.84
767.67
451.86
680.32
6.29
728.16
467.18
592.02
535.82
649.32
349.42
476.39
4.02
509.36
142.19
77.38
31
126.24
114.46
55.64
645.03
597.75
505.53
657.48
699.21
699.13
88.72
62.37
472.71
305.83
292.52
601.73
526.86
488.57
426.63
211.25
118.97
178.06
27.95
63.76
749.94
495.31
649.56
748.46
89.69
654.87
576.26
642.1
361.94
246.91
719.88
679.24
247.15
787.93
207.61
157.66
718.2
358.46
637.44
791.94
740.98
100.84
492.25
576.97
340.83
336.15
595.75
436.06
110.13
367.67
727.54
529.1
415.47
409.73
271.15
336.04
493.24
564.35
239.33
631.17
117.87
87.66
509.52
149.88
546.38
562.08
86.87
81.93
633.38
161.15
436.36
283.7
172.96
112.12
438.78
394.92
509.7
541.54
407.11
631.66
171.04
495.15
277.99
445.48
591.39
682.26
600.38
262.54
645.91
322.8
434.26
350
242.66
312.4
539.43
285.17
778.51
756.84
618.29
583.66
72.93
11.48
20.23
279.66
173.45
771.61
543.32
197.24
310.63
129.03
65.9
322.15
524.2
342.37
553.25
369.97
390.04
264.53
599.05
600.53
144.56
542.83
634.49
660.53
500.43
172.37
659.54
460.04
239.67
474.07
82.98
474.71
543.35
754.03
341.56
616.23
665.95
570.8
416.89
306.86
314.42
573.06
780.52
512.86
247.46
194.14
221.28
61.63
366.66
611.31
34.28
451.99
796.36
240.34
218.66
276.8
359.76
543.78
115.28
304.02
724.53
615.04
729.44
387.19
226.06
329.68
644.28
509.8
57.61
471.51
229.6
112.91
87.57
486.89
487.37
96.64
563.17
314.78
728.87
725.75
687.28
320.97
396.09
699.92
386.19
464.19
91.41
494.71
666.53
583.92
782.89
719.77
308.94
62.27
180.08
547.08
778.38
685.54
415.82
176.69
80.79
58.54
300.36
655.55
350.39
118.87
786.33
799.33
509.12
318.3
7.5
107.69
630.41
794.7
237.93
433.07
501.42
71.67
461.5
112.56
595.48
529.56
602.66
176.06
643.05
37.36
334.45
730.57
475.61
684.99
141.57
138.65
117.71
427.58
732.18
113.9
462.12
719.1
643.78
710.66
388.46
379.45
549.89
748.97
620.82
413.68
593.08
297.59
397.64
783.03
31.43
308.72
97.87
710.56
539.4
18.52
502.61
626.24
56.96
189.57
36.54
600.99
618.33
461.38
696.4
776.98
110
683.76
225.25
470.8
344.04
786.51
116.11
170.93
173.27
389.65
668.8
470.32
342.05
424.25
80.69
77.66
165.6
257.57
80.97
502.11
592.87
739.41
648.45
41.63
193.84
381.55
526.61
612.16
585.04
350.4
554.08
344.84
66.77
227.92
257.15
557.25
467.08
135.83
650.47
141.12
581.13
622.55
46.21
153.42
793.04
83.74
759.41
591.96
524.03
105.86
750.72
342.6
660.26
490.41
741.23
74.53
498.69
679.25
155.76
248.25
551.28
93.04
398.42
707.66
625.05
626.47
358.64
608.49
556.07
227.97
692.66
366.41
479.37
745.35
562.93
654.42
594.2
665.52
322.29
189.86
558.44
261.95
352.35
353.27
626.66
19.71
476.68
683.44
14.97
408.59
303.45
276.99
389.81
38.41
488.32
345.15
71.98
133.03
42
550.27
705.86
729.31
170.4
404.69
274.89
146.74
673.41
324.55
659.96
588.19
201.98
275.14
39.63
332.27
652.11
321.88
763.63
670.26
283.28
274.06
311.69
334.59
182.37
776.23
577.41
730.21
732.77
476.87
291.78
746.13
595.97
50.93
666.19
505.32
638.19
308.12
558.87
697.8
423.9
717.59
408.54
488.82
595.09
343.29
640.84
47.96
435.65
171.19
350.05
194.18
223.36
8.15
302.72
748.05
361.63
205.93
107.07
347
754.72
93.1
302.71
628.81
611.2
692.24
174.72
185.27
88.71
543.96
71.45
236.74
774.9
411.06
479.43
483.79
213.8
553.89
557.99
528.5
12.76
134.84
476.25
389.93
636.6
761.89
246.53
580.82
206.66
176.35
65.86
126.64
39.11
752.68
503.91
360.02
116.68
621.75
351.69
108.02
194.26
53.17
790.72
584.75
494.03
521.49
441.19
486.07
592.81
495.51
93.55
749.58
710.48
168.48
258.79
577.56
128.07
35.15
483.21
136.18
249.76
644.61
631.02
328.99
57.91
687.34
104.98
610.11
509.38
430.89
671.53
304.68
165.17
231.77
481.84
603.46
117.14
206.43
272.82
34.62
264.17
701.56
141.67
767.68
719.8
190.66
281.49
692.78
775.85
109.91
211.95
397.06
545.26
767.55
381.71
404.68
219.46
29.29
495.12
89.48
609.26
242.74
339.89
182.3
254.92
638.66
576.61
38.51
176.07
55.67
323.76
584.19
461.49
689.56
86.64
628.54
370.15
26.41
581.63
755.74
586.28
722.21
242.6
675.63
45.07
228.74
234.33
604.38
765.52
218.03
432.72
748.9
104.05
323.02
156.51
648.93
250.79
230
70.97
83.88
364.07
240.93
531.41
638.75
230.73
148.19
143.2
258.75
691.26
279.7
463.22
259.9
11.94
338.57
146.4
149.66
788.76
70.95
6.17
144.9
582.31
12.41
552.11
559.47
496.24
396.96
749.97
224.67
354.97
795.1
468.18
124.07
537.84
258.19
452
185.13
776.14
56.1
469.34
216.95
432.67
440.91
551.6
386.24
683.12
288.46
329.34
659.37
330.7
494.06
668.67
383.25
519.92
369.67
569.25
753.62
7.15
395.85
494.64
484.11
204.89
642.78
580.44
732.27
267.62
279.97
442.81
498.65
239.23
640.44
668.19
59.55
174.83
596.85
752.6
767.91
471.53
239.04
426.93
648.47
792.59
376.26
68.52
93.77
595.89
176.92
205.09
471.18
332.11
180.76
570.21
644.04
441.21
292.34
27.32
516.64
457.99
48.92
727.43
540.38
789.51
92.23
465.81
662.07
684.72
193.5
495.47
627.45
612.05
629.98
100.07
779.96
286.63
216.34
152.22
187.12
123.6
290.57
359.09
710.74
469.26
533.57
368.91
662.25
544.22
44.57
421.39
307.29
413.55
408.79
22.84
41.48
270.55
328.33
651.56
485.36
122.49
81.98
640.91
414.87
148.38
606.16
512.78
164.93
0.47
579.9
471.47
380.56
579.22
268.43
164.12
464.96
201.12
753.65
227.36
153.89
507.86
377.59
165.39
234.69
664.7
680.87
447.42
376.55
389.88
59.55
123.56
125.91
13.48
651.33
266.51
158.62
506.01
432.1
125.13
67.84
59.73
154.2
52.45
224.27
364.56
325.44
189.36
613.05
515.5
145.44
741.7
165.32
695.35
261.91
94.91
598.72
567.72
644.24
452.7
649.8
179.17
298.3
127.45
432.3
143.51
636.76
249.9
94.87
374.26
51.84
585.25
403.12
216.31
30.29
481.13
17.73
273.2
89.97
215.96
42.91
449.72
592.56
500.48
478.34
55.87
789.15
406.47
15.31
777.28
355.88
690.88
483.28
28.72
147.62
758.66
221.21
426.85
467.88
596.62
589.2
707.44
726.91
261.8
722.87
95.39
80.48
310.41
31.06
168.14
207.07
114.59
379.38
226.85
255.5
659.24
89.66
282.47
185
427.87
429.59
717.7
158.46
312.87
524.13
119.86
18.98
778.83
221.85
551.51
759.34
491.02
192.88
532.45
211.45
296.67
580.46
293
371.06
732.37
575.24
81.79
758.77
24.91
24.28
445.05
618.41
246.56
175.75
676.69
570.95
400.93
137.76
277.3
125.89
776.9
71.01
363.57
799.4
230.89
412.03
681.55
299.03
540.41
764.46
374.16
416.99
348.92
15.46
605.04
263.05
334.19
331.76
715.91
427.45
797.88
361.67
594.81
87.39
726.3
598.97
529.3
282.81
24.76
396.19
527.64
753.24
547.77
599.74
393.66
362.15
396.32
764.39
309.66
577.63
90.3
143.3
546.94
686.25
161.59
175.59
334.95
16.96
247.16
372.74
685.3
25.53
153.77
46.78
396.11
244.91
374.42
325.43
688.93
551.33
437.56
771.27
283.04
794.69
50.14
727.71
369.32
206.57
794.81
572.64
170.64
566.91
697.47
776.62
197.3
775.28
266.31
280.53
401.21
500.18
739.07
92.74
219.15
748.36
536.47
318.38
295.83
791.82
494.59
522.08
546.04
544.19
502.98
166.04
599.56
599.04
534.26
323.95
595.07
184.1
553.79
401.93
174.17
693.24
161.42
435.79
199.65
543.41
657.16
474.68
612.52
584.69
329.59
194.76
389.98
513.41
205.29
287.32
455.22
66.12
216
562.45
268.79
653.31
531.7
506.74
146.78
325.7
383.12
661.63
108.77
345.46
173.06
439.9
269.78
161.73
177.62
549.37
730.26
580.56
144.59
508.95
210.1
297
357.12
91.76
103.28
380.37
407.3
216.96
510.6
525.14
115.61
645.86
778.58
367.03
204.46
351.3
675.6
652.33
90.19
715.08
269.85
294.12
36.18
657.47
19.42
529.36
399.15
708.59
738.49
252.21
210.44
408.92
92.91
752.95
253.61
202.06
249.33
614.19
170.29
64.51
49.36
383.05
44.23
584.11
184.39
9.35
543.41
176.31
420.52
94.54
284.74
683.99
684.98
473.31
497.41
435.65
702.09
741.36
130.31
95.52
741.74
443.05
423.1
437.92
232.86
533.68
421.13
2.4
399.01
3.36
442.78
332.84
82.93
476.83
203.03
466.14
401.15
102.5
610.1
85.86
558.22
265.19
471.97
215.95
523.81
699.03
168.36
448.92
61.83
288.44
60.74
661.8
688.47
65.8
570.83
318.72
577.73
33.67
406.56
534.28
105.92
299.61
496.87
774.02
661.23
316.58
740.75
551.29
463.51
558.33
188.95
221.62
446.31
132.62
189.97
176.27
127.49
718.96
716.05
509.11
45.14
557.8
445.92
725.1
516.44
203.13
765.68
564.24
62.61
687.85
503.19
483.29
751.51
73.63
577.01
150.59
12.56
331.27
682.66
686.54
636.36
222.98
183.04
673.08
187.01
481.11
340.5
61.95
87.47
629.5
281.93
61.46
351.54
355.98
646.27
82.63
139.05
461.31
29.29
190.24
221.94
579.94
778.05
23.29
715.22
188.89
780.64
201.35
182.41
642.26
29.92
39.11
260.23
121.21
4.29
495.75
92.09
670.47
259.52
10.55
354.66
696.92
472.95
675.96
785.24
358.09
601.42
181.89
464.46
385.94
389.81
359.81
729.22
767.15
236.1
215.34
318.95
455.73
258.28
146.1
158.35
122.29
481.05
69.11
330.62
113.91
255.4
90.48
33.82
740.98
791.94
38.99
288.75
710.33
543.52
74.78
231.75
415.98
549.99
238.87
386.15
744.79
734.16
247.75
527.43
145.44
739.13
605.58
718.21
687.68
732.96
177.84
189.26
22.74
652.4
72.32
441.77
650.4
321.35
532.64
424.41
440.25
638.65
503.42
430.64
319.44
313.71
184
122.67
497.08
693.28
722.42
653.64
711.51
512.73
102.22
409.04
103.96
704.46
792.87
561.98
80.53
425.58
535.91
280.37
470.45
219.26
300.04
149.6
564.81
330.54
245.62
367.26
687.98
490.97
251.44
614.68
117.26
477.92
166.57
452.15
493.86
514.96
293.04
519.01
416.1
311.91
636.79
211.77
344.26
317.75
524
589.49
318.35
118.45
621.12
33.63
153.38
757.46
640.32
71.6
516.55
172.72
587.33
675.05
146.35
357.63
506.57
102.79
152.95
223.36
761.03
104.06
25.57
585.19
340.02
480.61
147.73
88.12
20.46
389.63
727.68
602.02
48.54
646.11
653.04
315.52
605.13
418.64
6.69
735.08
428.71
514.64
724.22
552.55
683.35
578.01
221.55
216.69
109.32
307.3
433.01
35.08
198.86
252.34
242.17
169.04
629.58
492.72
610.69
619.25
258.52
658.88
524.96
460.45
722.83
739.45
774.18
160.9
319.78
152.22
543.12
16.97
246.45
607.89
564.22
329.28
164.26
525.9
795.41
588.76
688.32
479.56
776.46
761.09
534.38
696.17
377.96
379.86
259.26
550.04
749.97
154.33
545.68
508.71
765.71
720.44
112.62
6.42
361.93
497.8
211.66
474.23
688.24
293.79
104.35
2.73
75.85
407.14
558.07
606.02
711.55
344.03
784.9
783.31
298.25
692.4
669.22
796.53
569.66
442.79
139.71
775.45
61.73
554.22
291.82
585.6
346.41
300.22
757.01
525.91
96.18
261.47
477.29
595.78
650.28
776.99
169.53
69.82
124.69
244.34
418.53
647.45
699.26
472.17
20.14
188.28
252.25
2.5
101.63
289.23
629.58
126.91
424.92
159.56
235.45
684.22
575.74
444.46
501.9
23.31
219.62
506.27
692.5
648.01
335.89
447.02
409.31
509.16
333.47
136.32
596.18
634.8
670.04
142.77
210.28
6.36
607.17
397.35
433.75
241.5
42.31
98.24
439.32
615.17
376.76
697.28
152.49
491.77
687.82
368.18
61.38
111.34
89.97
266.07
252.65
493.39
539.17
62.29
354.75
171.04
542.29
42.91
103.91
159.47
281.06
509.8
42.9
412.86
745.23
247.02
559.82
392.41
483.67
70.6
610.94
37.98
117.43
332.87
591.91
441.21
747.88
587.95
61.92
151.96
166.83
625.19
257.21
156.25
504.6
578.02
267.42
496.93
735.34
30.24
505.87
433.17
230.52
406.48
573.3
563.71
171.08
479.35
98.2
23.36
650.37
709.88
186.74
22.33
2.35
423.74
402.54
738.79
645.84
69.81
227.87
465.83
386.38
395.31
713.12
360.7
195.53
375.6
364.68
108.67
799.82
137.96
476.93
572.66
36.95
286.4
618.49
520.3
133.11
396.24
595.47
554.13
72.36
686.23
111.3
708.78
298.67
441.28
717.15
519.64
554.59
542.79
105.07
88.64
289.43
52.18
131.09
457.35
520.72
659.52
560.44
265.17
721.33
691.98
207.27
753.74
444.14
700.72
635.87
799.98
550.76
159.92
26.55
290.71
169
665.91
643.06
399.54
672.5
320.49
587.48
636.52
497.66
634.84
593.02
501.3
292.5
125.19
140.05
274.05
468.64
348.67
334.11
551.18
389.87
498.95
189.07
321.21
354.39
328.24
99.6
85.94
336.26
644.64
748.39
288.72
545.48
755.42
552.24
237.57
158.38
404.52
55.29
296.26
575.57
779.79
631.88
302.74
280.86
305.14
614.67
452.77
207.47
36.46
103.52
313.54
232.1
185.5
670.15
181.32
8.15
682.73
652.26
102.29
41.88
525.22
664.52
25.92
429.71
95.33
551.8
24.02
220.96
109.57
117.08
220.18
518.64
44.36
473.56
71.8
20
617.43
221.13
577.36
628.22
776.11
300.34
537.54
43.88
701.72
559.81
169.66
422.63
362.31
170.44
717.73
536.06
350.05
148.46
282.11
406.17
101.02
21.86
786.88
347.46
459.67
251.08
26.59
186.19
522.72
796.64
681.29
21.34
181.59
24.51
382.44
707.29
216.61
744.46
769.16
482.15
293.88
258.01
544.57
167.12
257.85
522.38
90.41
374.31
787.06
670.76
715.94
283.12
411.52
748.37
501.6
77.87
31.25
505.76
644.97
206.75
668.04
581.44
375.63
218.13
121.69
754.51
52.92
48.06
521
182.45
670.3
376.5
481.54
611.93
436.89
16.65
633.93
89.38
347
789.17
174.38
23.06
345.56
167.48
796.77
761.74
384.56
478.91
1.17
140.25
268.46
509.45
643.5
361.87
444.74
743.07
642.2
731.89
642.73
335.17
172.99
451.58
115.27
194.97
122.13
569.52
417.87
711.04
349.16
228.32
30.64
428.15
307.6
551.33
448.12
282.42
491.2
325.09
200.92
66.75
119.39
278.45
223.52
515.74
799.95
374.64
368.3
467.2
278.77
145.06
736.69
368.23
146.79
243.42
777.97
55.39
613.7
370.08
328.72
413.68
501.17
454.35
765.74
262.01
172.95
310.39
748.06
765.6
694.38
656.73
243.94
3.62
264.02
579.06
320.37
581.49
512.89
277.93
576.82
152.82
455.86
650.1
795.4
706.54
482.92
623.98
344.22
319.47
135.5
355.79
707.38
297.76
610.05
553.83
229.45
565.6
568.34
435.91
661.86
610.82
774.38
318.24
646.25
204.22
378.42
676.37
468.01
748.99
370.45
132.18
772.63
111.29
658.79
435.33
522.7
705.94
85.27
600.15
313.79
332.73
151.92
448.79
78.18
102.09
366.15
128.24
691.93
690.47
531.65
608.09
596.79
797.36
180.35
420.07
789.52
359.33
374.66
668.98
386.67
10.14
313.24
150.27
386.98
281.92
460.88
775.62
681.46
530.89
310.29
463.77
175.99
642.85
519.49
283.53
467.14
75.36
426.43
489.54
317.12
630.61
700.77
295.45
73.33
32.01
549.75
85.14
131.23
502.1
253.47
37.79
49.09
426.56
619.67
84.44
395.32
729.69
515.08
400.71
248.44
461.34
355.75
675.41
273.11
166.32
396.47
529.97
262
411.6
570.71
719.44
482.44
483.87
395.03
677.7
439.18
80.54
7.54
616.25
577.66
743.97
316.38
471.44
138.59
640.46
240.43
415.98
571.67
46.37
495.02
392.5
390.5
637.77
186.48
675.75
692.02
130.84
757.87
390.51
736.85
78.29
298.75
582.36
522.38
778.86
102.26
64.37
169.52
37.09
300.71
766.92
59.77
258.12
440.49
630.72
610.51
154.77
4.87
284.84
106.08
519.43
527.19
131.11
636.37
310.34
393.85
526.45
382.13
699.98
673.92
568.6
555.19
644.8
50.54
212.56
541.39
585.35
702.08
4.7
193.67
109.12
134.06
194.39
411.19
746.76
532.84
382.1
83.21
485.36
405.7
129.98
288.99
527.44
221.58
450.9
592.97
56.98
355.97
634.75
396.69
615.15
342.04
677.61
528.94
111.04
0.23
233.76
432.8
366.28
483.51
70.44
80.69
133.36
576.27
239.57
663.22
234.05
142.11
495.61
186.85
705.15
77.54
196.19
202.59
218
686.76
214.1
355.07
188.04
620.92
268.17
645.37
215.75
288.86
729.94
481.64
33.2
616.48
490.35
720.31
348.51
213.88
29.28
612.04
459.52
542.23
118.77
719.31
380.58
172.31
391.29
0.19
365.36
231.7
569.04
218.96
64.46
793.86
40.93
641.8
202.58
69.53
760.59
150.83
379.93
616.36
108.19
464.57
340.13
345.23
588.78
318.67
384.96
432.11
51.55
687.48
139.06
654.91
560.84
379.83
127.31
400.93
659.44
194.79
33.14
410.3
52.22
495.43
448.72
137.21
673.73
493.51
113.99
207.84
600.09
152.65
122.17
138.22
144.26
380.94
180.94
140.09
641.52
99.6
141.97
559.36
508.92
617.65
495.08
728.97
540.12
231.38
466.07
627.98
711.42
352.77
427.06
683.7
782.88
190.04
652.37
543.29
769.27
185.84
642.82
134.89
29.41
299.79
611.32
484.91
628.62
257.79
331.52
271.01
778.47
175.72
175.94
601.67
417.07
474.74
698
560.39
410
217.27
183.95
35.34
58.34
615.61
109.96
717.92
606.07
370
591.91
645.33
101.36
176.9
267.78
693
617.9
214.96
609.31
223.99
639.9
107.72
464.17
382.07
652.62
657.46
78.93
285.66
261.22
278.44
363.79
484.13
530.9
543.72
156.76
552.29
171.6
283.9
194.43
18.95
99.36
387.89
439.29
471.84
234.99
565.09
617.46
301.03
223.76
798.44
717.7
243.18
581.1
132.86
291.44
78.26
507.73
773.88
136.75
799.09
743.93
567.14
150.36
357.42
321.4
474.59
246.4
639.96
290.08
331.64
377.77
516.53
598.39
344.74
568.44
686.39
557.42
239.22
286.08
126.6
567.63
27.87
333.66
572.59
280.74
263.43
791.3
83.08
101.35
441.68
54.55
767.8
144.61
630.52
500.99
763.21
142.48
338.13
723.55
490.61
114.12
139.25
361.4
669.92
684.16
686.37
538.47
473.07
695.18
499.27
57.71
69.15
224.71
772.88
702.07
32.19
127.72
449.97
26.03
264.94
592.18
496.52
652.11
329.98
57.77
371.21
700.57
502.68
58.02
733.78
789.56
391.58
756.47
587.91
502.84
54.25
102.49
95.23
130.86
344.14
187.84
666.52
357.46
640.96
99.81
230.45
558.96
157.22
530.78
152.14
381.63
432.97
604.05
592.68
601.43
47.93
232.72
591.99
288.36
644.7
633.74
67.48
166.79
676.74
243.86
717.47
233.84
153.61
771.64
732.9
108.53
120.03
181.59
730.33
267.34
134.54
778.6
171.17
324.79
633.09
384.96
249.99
459.08
291.75
431.7
91.4
780.16
604.62
72.2
30.93
207.03
319.4
609.38
150.14
403.75
592.91
114.92
663.72
59.16
152.39
229.86
701.03
714.08
791.34
224.61
89.49
562.33
600.51
626.79
545.57
7.13
11.41
739.66
414.65
184.73
788.54
160.28
11.78
234.6
779.05
242.51
786.77
409.03
385.75
428.63
256.19
527.17
485.19
507.36
210.42
360.64
610.71
111.89
616
608.38
581.95
631.52
543.18
786.18
789.27
534.26
250.25
571.58
506.04
561.36
60.01
100.64
353.84
320.43
164.19
297.62
383.32
685.64
149.51
276.52
198.03
132.19
779.75
641.36
502.49
516.1
483.32
739.3
488.12
66.91
709.5
20.26
276.2
694.08
633.49
296.3
518.42
233.75
555.33
234.54
683.12
273.95
436.27
133.66
780.4
587.28
694.08
10.61
693.27
254.94
530.72
531.68
179.3
110.14
381
443.45
459.21
685.89
47.84
97.33
482.6
195.12
522.7
147.82
588.22
165.13
20.4
13.83
207.94
238.05
632.55
241.56
132.71
730.71
742.78
402.81
489.85
271.97
539.16
689.54
214.49
606.7
762.62
705.71
304
636.42
76.94
5.16
411.82
533
640.11
532.61
355.77
138.8
678.05
791.96
425.86
506.02
790.29
694.49
515.31
218.09
599.11
111.12
561.18
683.77
421.29
699.9
234.91
668.08
553.08
444.28
749.13
436.13
511.46
545.81
740.14
499.27
165.35
767.68
447.84
771
766.53
170.97
122.26
18.37
121.4
662.39
739.29
253.07
347.14
577.8
632.43
16.82
301.14
422.37
443.02
431.03
535.14
289.05
8.51
312.24
367.57
778.5
200.6
688.73
683.46
203.46
397.34
206.69
345.05
402.1
617.93
575.68
606.52
652.43
688.68
110.22
406.12
570.79
760.21
296.54
458.41
660.29
616.54
551.17
111.5
113.52
287.89
752.02
31.09
660.18
24.54
203.01
385.46
266.75
380.81
419.04
223.85
710.97
680.17
673.43
241.58
191.87
522.37
579.87
545.94
223.89
136.57
28.86
373.93
473.95
64.8
744.91
350.78
721.41
344.52
361.43
436
103.44
681.79
737.32
493.97
694.56
54.23
437.31
297.85
266.82
0.56
415.55
251.89
455.96
443.11
229.14
510.91
364.52
381.34
330.99
306.13
795.55
299.05
181.73
582.99
448.04
338.11
357.59
258.28
734.03
281.42
361.09
621.83
594.48
684.11
216.17
717.69
385.9
684.3
142.36
777.19
122.09
38.62
345.71
550.58
268.89
427.3
213.17
51.99
728.19
587.45
737.46
423.09
35.59
484.22
129.82
178.98
361.2
721.11
276.28
292.66
313.01
212.13
434.17
497.78
118
578.46
65.15
580.13
617.88
650.47
395.18
534.56
556.1
597.07
467.7
83.06
664.98
272.32
642.91
441.55
533.46
679.85
23.41
462.68
166.99
702.54
31.14
775.27
586.65
553.52
449.63
510.25
562.43
525.88
678.04
33.18
636.41
665.77
435.62
172
215.26
792.6
533.8
351.62
65.98
195.28
317.44
488.01
658.58
155.53
264.87
381.2
238.48
180.41
284.03
236.79
757.36
209.43
167.99
159.29
723.16
522.01
550.1
775.66
621.95
12.36
63.43
726.52
116.02
110.19
724.76
612.34
0.64
275.62
701.95
585.3
81.71
377.4
601.5
309.96
619.26
390.94
223.06
134.67
682.32
266.46
244.7
727.28
550.08
491.36
435.74
730.48
526.54
392.9
8.94
144.21
618.5
452.47
215.47
579.95
197.12
35.19
687.2
251.02
70.9
10.38
41.76
766.25
365.47
557.19
151.34
87.85
335.34
781.55
75.66
165.33
36.36
305.63
62.8
565.73
310.27
542.27
250.66
565.95
546.79
666.33
504.18
264.41
745.31
96.32
444.65
57.04
425.4
445.95
741.68
108.27
641.63
1.41
434.46
370.7
493.84
608.85
591.65
655.84
560.99
667.96
153.29
26.26
530.82
545.9
759.21
369.36
506.37
532.35
599.4
774.96
489.18
552.71
612.57
98.72
61.9
210.21
147.63
326.74
333.31
238.86
722.22
81.48
640.04
413.61
118.94
483.33
330.26
261.4
569.61
130.1
556.94
414.63
287.58
100.49
24.04
132.24
159.42
79.18
343.15
101.62
795.03
762.74
517.86
184.65
141.08
540.71
603.2
102.06
404.04
555.2
329.09
792.58
266.21
193.48
639.73
394.91
450.85
393.57
353.78
268.52
431.81
462.54
388.33
376.62
342.32
715.15
54.31
226.73
516.43
306.9
340.11
392.52
432
504.36
794.72
148.25
25.06
669.69
730.94
212.37
76.18
795.51
250.22
299.7
449.35
300.98
528.59
157.64
202.56
694.19
15.43
144.4
35.76
180.27
124.68
677.34
2.99
747.98
49.7
19.32
732.04
282.59
165.28
659.67
181.55
611.56
269.3
489.32
396.03
335.64
306.83
626.89
651.37
353.94
615.33
640.86
712.3
138.25
577.05
69.54
213.8
331.1
145.7
153.2
304.69
382.48
594.46
246.43
27.3
41.44
191.47
562.01
353.5
169.23
687.96
164.83
632.5
374.41
208.83
113.31
771.14
708.46
161.46
521.26
723.8
769.87
263.79
280.22
577.15
134.36
798.58
64.57
385.25
35.97
570.66
142.17
406.41
80.79
570.56
268.88
568.25
80.78
417.3
109.76
681.48
446.26
54.79
483.34
170.78
525.32
127.95
780.72
735.33
197.59
621.93
96.91
772.98
35.58
388.15
345
474.8
596.86
594.12
521.07
484.34
151.72
446.28
632.68
137.71
462.74
745.3
583.86
519.91
307.12
485.38
586.53
98.53
616.37
95.69
449.57
27.68
197.35
769.61
57.33
489.73
568.95
447.34
94.34
714.57
132.05
284.19
382.19
96.6
624.64
345.51
531.71
21.13
496.53
195.9
515.68
239.99
323.01
674.8
4.3
592.39
347.26
619.25
619.33
305.04
792.93
604.31
381.34
375.22
247.87
295.88
112.83
127.75
609.59
769.63
55.85
279.14
580.73
393.86
394.18
113.78
65.5
574.53
749.59
471.47
289.59
211.29
205.4
704.01
294.52
556.15
797.23
160.77
403.05
70.52
734.69
625.09
769.31
406.72
479.87
96.65
24.67
202.14
4.99
579.34
727.05
151.99
560.95
365.96
507.47
406
446.61
133.17
547.17
243.32 /

COPY
	PERMX PERMY  /
	PERMX PERMZ  /
/
MULTIPLY
	PERMZ 0.01 /
/
