---------------------------------
-- Permability values for SPE9 --
---------------------------------

-- Permeability distribution visualized in figure 5 in Killough's paper
-- Killough says 'The input data included in the distribution to
-- the participants included a geostatistically generated 
-- permeability field'

-- The values below are taken from Killough's dataset, they are
-- not based on the figure in the paper.

-- Explanation to how the data in PERMX is organized:
-- Under each LAYER (i.e. K-value), 
-- there are 25 ROWS (i.e J-values) under which there are
-- 24 entries (i.e. I-values) 

PERMX
254.04
107.07
166.87
138.32
377.77
551.9
188.58
317.68
441.41
276.48
621.39
349.04
331.8
331.31
498.95
216.35
159.92
409.28
476.96
565.44
719.21
257.82
377.51
191.27
570.7
530.07
593.56
384.73
6.93
429.37
114.27
533.95
177.04
270.43
555.49
389.87
647.13
649.17
147.44
652.81
625.78
405.66
98.73
49.33
298.14
341.27
562.12
695.98
659.4
522.41
159.75
314.56
405.12
762.26
215.19
76.62
327.04
712.96
444.84
227.39
785.93
611.39
128.37
101.73
178.6
147.39
280.74
219.51
290.49
350.92
364.67
449.45
120.54
794.62
39.7
369.81
602.57
741.55
759.49
527.68
691.72
380.32
297.2
5.67
210.28
355.45
337.95
787.79
137.77
62.66
293.65
308.07
657.77
368.85
550.37
395.24
637.94
86.59
547.21
133.23
429.51
63.13
350.93
153.53
412.9
556.44
161.04
575.49
556.82
342.76
398.25
471.52
443.64
251.97
646.51
277.97
116.06
32.11
381.43
379.93
219.39
706.6
242.12
390.71
694.57
774.89
304.89
403.98
145.68
482.75
125.03
138.53
4
208.47
109.34
655.77
428.77
644.91
48.95
393.72
461.1
361.13
346.2
14.83
64.27
649.88
19.34
737.99
178.09
173.92
3.08
185.67
208.36
265.38
318.16
786.16
681.81
122.61
433.98
330.5
768.44
435.64
518.59
586.81
35.41
154.48
355.61
784.25
715.35
446.77
407.25
486.09
690.42
57.93
54.91
101.36
135.92
441.15
161.51
761.08
617.99
791.34
90.18
91.91
245.8
487.29
94.65
322.87
98.22
330.44
352.46
135.4
272.21
223.04
583.83
554.02
576.52
62.34
92.91
301.53
554.39
181.8
534.81
461.68
272.23
585.8
82.08
717.74
671.18
50.33
529.76
771.02
660.11
684.6
385.79
76.35
431.19
77.41
782.27
155.98
683.06
669.25
570.64
476.53
500.25
307.22
184.41
56.42
120.9
112.12
467.61
79.18
244.88
546.54
426.64
427.3
42.4
708.86
676.84
379.42
576.92
81.79
276.67
141.33
217.26
225.3
125.39
737.19
613.4
141.88
416.67
717.11
679.63
492.82
678.75
45.09
604.91
562.06
179.39
637.41
599.76
715.83
489.95
129.65
492.23
119.42
651.57
121.7
739.4
584.85
348.97
117.51
238.57
736.73
669.94
501.73
254.14
479.46
105.13
568.01
216.21
209.13
282.73
671.25
358.53
164.03
267.57
408.49
311.54
674.03
273.8
29.48
652.61
769.39
557.96
797.53
610.07
47.22
476.47
676.12
616.84
190.82
525.44
560.61
774.18
617.38
579.04
788.37
319.16
52.5
454.85
436.73
202.66
680.33
240.92
478.82
688.57
165.38
600.55
606.63
779.04
688.47
250.6
795.75
83.85
374.08
19.07
721.22
731.78
703.94
312.51
439.91
312.79
312.53
480.09
464.51
52.74
363.04
784.08
403.46
701.58
679.21
510.46
477.01
395.98
778.47
49.18
602.2
120.11
133.61
98.94
169.78
201.48
462.36
115.24
660.08
88.96
445.31
365.03
570.89
628.91
200.25
101.95
512.08
62.64
558.63
683.12
745.94
738.66
591.66
232.4
608.43
568.43
550.54
530.49
337.07
239.66
323.99
771.47
365.73
117.7
762.23
314.15
88.07
164.76
447.03
72.82
131.1
674.93
795.87
756.96
374.84
340.92
52.72
64.13
786.25
251.1
738.5
723.3
66.64
17.69
596.39
648.04
277.01
279.49
596.38
498.35
622.21
746.72
113.81
323.3
631.45
480.23
567.11
700.42
456.68
763.25
351.05
699.36
216.02
240.6
58.32
656.49
640.16
275.88
520.03
155.74
154.13
508.97
546.21
589.95
681
775.71
270.32
151.6
724.66
41.17
618.34
496.76
36.42
781.31
485.89
619.97
794.49
282.48
419.52
196.34
240.16
115.29
93.24
294.59
300.47
251.39
148.41
744.09
356.55
129
237.7
682.14
66.32
24.08
179.57
63.94
725.24
70.26
716.54
600.59
594.99
287.69
301.73
681.81
770.83
42.29
39.31
493.92
423.99
322.62
162.19
404.25
765.14
571.77
66.69
378.13
628.9
414.55
72.55
201.65
7.15
322.53
721.97
698.03
736.79
551.31
555.9
421.9
746.74
531.76
401.14
401.36
416.63
253.63
706.87
583.56
573.33
191.86
767.29
11.48
402
165.02
439.46
504.98
559.68
722.02
540.44
257.27
580.25
676.73
729.41
784.58
776.1
210.41
696.2
368.61
493.64
165.53
791.62
354.13
484.63
274.79
393.65
251.21
415.31
743
250.21
29.55
425.45
454.16
490.88
763.49
243.12
731
659.31
626.25
54.41
6.05
257.94
234.81
532.87
235.32
779.18
211.96
401.27
236.78
8.58
290.36
222.65
726
570.09
20.18
11.43
479.71
115.77
457.61
631.89
690.19
149.12
705.91
61.31
310.97
512.69
583.42
40.94
362.35
728.27
415.96
87.54
762.19
672.86
410.56
597.61
16.01
673.77
497.66
343.72
189.81
20.84
665.9
306.12
771.33
91.78
504.76
238.8
88.15
393.65
292.05
407.33
164.79
617.69
724.86
423.24
751.38
678.17
104.54
568.74
493.69
639.53
624.31
452.41
305.52
362.74
106.19
655.74
322.34
84.55
52.43
650.67
524.94
671.35
122.95
605.05
317.25
127.07
561.55
48.54
516.96
197.01
623.64
638.48
489.83
93.58
195.94
447.18
397.35
660.55
703.16
278.07
429.41
579.31
191.21
49.99
416.23
358.73
157.09
674.69
73.66
223.25
386.97
631.55
52.62
118.2
254.52
462.05
65.15
775.52
43.8
105.21
298.69
248.99
181.76
2.33
470.87
486.22
780.75
4.32
496.35
507.44
566.34
101.38
22.38
622.07
203.47
585.3
706.09
301.11
658.89
731.55
13.87
586.27
385.38
628.85
279.7
720.68
299
543.7
549.64
1.54
343.84
445.23
42.83
256.08
721.73
165.74
694.87
758.87
329.95
741.74
481.78
508.33
425.7
623.94
653.21
799.87
743.86
632.58
563.38
22.32
481.46
198.09
736.5
463.22
297.34
546.43
641.3
421.1
781.8
751.59
364.49
540.71
476.47
337.82
198.46
505.83
530.19
748.1
9.94
457.86
732.4
454.8
358.11
544.79
476.95
170.23
650.83
91.5
559.41
212.44
451.32
246.86
16.95
360.93
799.39
493.84
584.09
235.88
342.29
221.71
376.83
515.34
46.95
663.14
473.54
72.26
366.33
559.29
429.4
80.82
761.44
477.4
266.73
61.62
605
600.73
23.2
233.53
178.21
651.76
478.54
99.28
264.96
591.35
507.34
340.74
38.22
580.88
617.37
696.5
489.27
527.23
129.4
110.96
463.21
673.45
102.36
507.18
468.79
510.79
500.11
787.7
486.44
635.78
366.73
343.65
617.89
780.9
276.92
325.19
306.82
254.18
626.5
726.55
386.69
45.98
587.46
210.4
608.41
557.5
536.34
169.53
271.52
684.6
355.67
778.23
421.61
778.31
316.16
369.97
0.47
526.99
425.4
672.03
180.99
151.38
108.94
591.42
447.75
627.85
279.32
382.58
253.53
633.26
385.86
157
344.19
359.36
76.02
456.14
401.51
209.53
215.59
624.94
674.72
413.42
209.44
797.98
128.53
118.67
516.32
241.4
716.85
643.87
304.12
506.25
151.77
516.25
750.15
655.11
745.1
520.24
598.06
738.51
86.39
260.67
141.09
264.24
34.05
65.92
214.75
611.89
548.71
153.39
219.85
663.57
260.52
425.83
758.6
200.97
303.84
557.57
381.94
328.97
98.5
513.89
18.91
714.55
209.63
270.96
244.42
750.49
361.67
65.12
539.9
656.04
39.55
599.78
645.61
480.12
760.08
231.66
637.88
372.8
472.03
546.43
371.54
540.59
487.52
750.19
282.12
675.89
448.15
182.05
126.2
429.58
302.32
503.86
439.35
208.55
729.62
375.57
602.99
555.32
62.8
790.91
533.61
738.2
113.65
352.96
262
270.65
490.54
314.51
350.86
185.04
755.4
637.16
613.91
66.9
324.09
190.58
162.73
784.51
194.55
465.84
395.23
788.82
163.15
260.15
693.28
7.72
29.33
797.93
236.41
71.77
767.24
84.34
661.01
329.27
713.16
179.19
209.92
621.28
9.84
465.62
613.39
17.03
682.06
375.04
46.38
409.04
726.38
423.17
31.06
538.01
700.02
1.69
798.77
112.51
252.89
559.71
256.77
24.2
363.88
632.32
155.48
794.47
160.32
169.05
353.28
463.48
456.04
105.27
55.86
297.51
487.76
26.38
585.26
11.48
159.29
471.29
357.96
564.65
61.76
57.53
478.19
14.36
485.22
246.57
624.14
647.29
136.81
258.6
359.59
413.66
796.35
684.52
580.61
624.62
625.23
284.87
796.86
719.06
243.75
123.05
99.39
47.03
662.26
616.78
403.46
38.55
487.49
566.82
408.3
670.35
558.46
180.35
566.79
700.74
122.36
444.67
631.79
781.1
690.3
344.13
192.4
623.98
153.33
306
287.35
668.59
507.36
391.68
773.33
221.19
516.49
252.98
224.53
485.08
87.44
358.1
382.02
641.8
552.61
799.79
371.91
265.9
41.22
674.44
702.17
298.15
167.34
759.08
725.19
551.68
186.18
74.29
682.01
322.92
424.12
22.35
688.05
200.9
43.93
747.21
473.47
40.75
414.03
260.26
342.26
178.23
542.52
617.03
104.71
773.12
508.27
453.19
6.16
370.82
641.91
554.33
621.34
622.93
495.51
624.08
417.47
695.86
259.55
454.87
290.95
162.1
602.43
114.57
297.65
216.77
185.04
581.24
426.97
781.17
694.9
604.46
127.4
120.11
448.18
462.88
308.46
568.54
55.46
709.81
547.53
167.34
265.93
180.44
163.15
29.19
434.13
740.73
750.57
678.1
557.13
167.82
472.5
184.44
202.13
463.89
772
274.43
402.21
127.39
310.07
600.91
93.69
82.13
607.73
201.42
116.59
285.87
325.99
166.87
583.93
338.95
792
36.59
497.34
563.33
292.95
554.46
261.92
598.79
638.41
711.1
677.68
538.29
97.34
212.79
714.92
454.39
646.69
168.59
767.52
773.63
111.51
623.32
18.64
290.05
376.45
286.01
690.97
473.1
467.18
181.16
690.67
140.23
213.64
495.35
458.29
282.11
37.16
44.92
443.59
312.32
100.38
599.3
421.66
469.55
561.87
2.08
118
696.43
230.13
582.05
280.41
217.28
377.04
486.28
650.52
682.83
138.96
226.61
43.83
607.73
687.35
656.65
526.53
123.36
69.86
782.56
177.32
71.21
74.53
568.8
368.33
145.69
726.65
364.67
667.54
126.73
491.14
59.82
464.07
227.17
90.68
117.95
476.72
70.26
567.99
524.85
123.39
612.83
791.94
131.84
193.88
643.22
645.35
549.17
494.49
70.24
128.99
464.01
767.89
108.24
578.25
54.96
285.58
397.34
712.13
169.5
293.86
481.93
741.26
701.95
302.51
735.11
210.56
536.48
597.41
523.19
421.66
484.69
217.43
384.39
713.36
190.8
727.16
754.87
231.55
27.22
455.5
328.31
548.55
607.31
243.92
433.56
59.76
629.87
488.36
389.31
206.08
167.96
365.11
377.88
547.8
443.77
119.28
168.46
726.92
761.69
756.23
650.61
103.28
418.01
776.29
408.21
348.09
434.21
188.03
663.66
291.59
234.04
412.17
63.98
417.53
259.44
333.64
648.72
754.34
281.47
7.73
192.44
338.6
305.09
256.63
480.7
599.62
628.26
518.66
788.56
197.73
93.93
259.29
61.65
620.98
352.91
549.25
762.95
479.65
344.24
140.26
432.55
612.62
797.03
138.86
216.34
463.67
130.68
75.43
432.98
0.11
405.09
19.56
308.57
674.97
702.5
765.53
352.25
223.53
112.09
792.09
293.13
486.35
531.56
186.42
333.75
353.18
572.68
513.48
72.11
529.09
588.73
380.4
618.53
537.45
635.32
594.26
630.4
135.45
775.92
772.63
211.67
290.06
573.47
701.38
731.92
136.9
531.36
364.22
160.28
455.23
101.46
768.66
144.94
387.53
150.71
713.28
787.05
614.16
448.51
42.31
525.9
556.61
447.7
515.41
88.75
668.33
780.84
252.52
81.27
425.02
247.5
96.95
114.49
790.16
104.09
676.41
278.66
593.26
604.33
429.99
592.42
674.85
547.84
346.82
252.71
740.33
206.9
32.82
13.11
249.2
439.16
405.59
407.21
469.13
378.17
201.8
442.96
490.04
186.4
115.68
676.27
596.53
491.29
362.26
717.78
237.41
372.08
96.46
80.04
721.18
733.08
708.14
134.74
58.92
122.97
159.44
522.25
690.32
781.26
749.3
460.13
101.61
250.95
501.66
664.97
283.95
86.06
47.88
406.05
97.71
114.45
491.12
28.71
290.44
61.2
365.39
571.06
533.42
217.9
382.92
204.79
378.31
234.28
637.73
485.74
352.32
9.49
164.13
670.98
677.05
330.63
103.04
58.76
645.23
440.86
22.7
729.17
199.02
478.09
577.05
648.26
279.51
499.99
467.02
772.17
168.17
521.93
697.72
220.35
45.24
282.04
647.81
759.99
21.82
384.8
522
486.06
766.41
426.02
96.97
103.7
539.32
194.61
266.85
54.83
325.62
77.82
705.78
83.65
489.84
195.65
630.53
231.3
238.4
325.97
158.23
483.28
404.37
740.23
742.78
661.88
155.91
350.78
686.38
204.66
624.32
48.91
161.44
484.84
147.59
487.73
202.2
762.57
794.94
231.24
438.16
167.69
672.99
393.27
143.67
557.53
698.21
492.03
265.47
252.32
25.77
364.23
282.23
287.85
501.95
43.93
386.81
328.88
394.42
491.31
510.84
264.2
74.13
668.2
391.25
453.3
407.78
635.59
667.49
399.25
428.72
151.54
562.15
494.18
1.63
40.18
638.48
172.89
675.94
355.92
610.22
191.62
226.14
542.45
681.02
596.39
736.2
636.73
491.21
426.83
214.49
624.56
57.18
305.91
33.51
388.22
635.65
563.49
146.55
406.63
280.43
738.78
717.42
648.85
783.39
493.84
270.66
585.77
154.61
299.43
200.66
17.78
419.41
553.37
179.3
282.58
237.59
46.75
342.23
86.57
399.05
15.01
603.64
10.26
495.33
209.31
154.31
323.71
26.58
665.59
486.36
269.72
103.67
102.93
584.24
36.89
783.6
606.42
46.88
241.68
645.65
309
753.38
481.08
684.09
53.25
124.39
742.12
308.58
418.13
448.11
308.12
441.71
743.81
177.38
47.25
460.2
481.06
645.48
247.49
717.52
523.5
201.91
16.21
205.26
230.88
258.05
138.21
100.79
649.99
164.71
687.04
23.8
332.82
313.94
26.67
570.68
455.38
711.54
278.28
793.27
243.3
563.82
606.02
68.8
649.72
628.91
701.86
416.66
52.53
545.85
577.48
648.63
683.36
783.21
524.26
421.29
148.7
781.92
692.78
341.92
633.34
683.09
43.05
331.95
753.18
215.61
633.09
19.24
519.95
490.44
571.84
441.65
766.67
497.7
385.05
31.15
31.85
407.45
626.96
62.18
494.07
43.29
28.14
166.05
420.32
21.27
262.59
144.26
716.49
434.54
135.87
521.43
494.57
762.05
55.31
594.28
504.38
612.71
721.43
504.59
588.44
488.57
563.19
178.44
179.82
499.72
532.6
559.48
231
2.71
86.16
183.09
625.59
735.97
221.77
173.08
40.07
255.81
16.42
725.27
33.55
182.91
725.81
431.56
111.59
27.41
561.4
598.32
240.68
560.68
787.48
539.01
573.88
213.66
454.07
10.08
466.19
224.76
343.75
254.24
74.14
520.63
477.41
335.02
162.48
249.63
472.52
609.39
268.97
408.79
41.46
374.04
699.52
731.09
160.37
104.18
79.85
106.9
779.88
695.02
102.46
526.24
67.94
297.31
300.16
274.23
104.85
495.34
530.2
433.42
468.12
619.8
16.71
312.38
137.52
79.15
430.55
358.14
110.97
684.37
669.26
424.26
460.53
769.8
100.07
431.17
31.71
68.69
492.92
297.56
177.14
341.8
6.11
439.92
707.32
256
635.64
700.37
350.7
631.39
528.36
285.76
228.3
307.92
283.3
55.66
748.49
645.13
52.1
640.78
520.56
665.77
278.57
262.33
145.59
413.78
220.88
718.93
500.15
268.55
201.26
571.66
266.81
362.94
706.43
734.84
482.99
566.56
173.04
401.7
705.12
29.41
245.45
56.02
283.19
536.47
208.49
103.77
498.99
180.28
707.37
731.29
532.47
301.36
9.96
727.47
759.19
724.5
56.51
53.55
374.54
146.13
565.23
573.21
270.11
249.98
461.87
651.61
403.88
59.55
396.24
210.9
583.81
261.13
382.41
517.82
524.02
683.39
298.3
346.83
154.84
323.52
516.66
430.25
157.41
473.09
501.31
724.8
528.68
707.4
543.46
579.06
700.36
609.4
413.78
282.11
106.24
238.76
9.52
141.75
661.33
723.47
375.4
153.12
743.42
530.49
526.3
777.71
14.83
40.25
644.7
691.86
144.75
591.43
743.29
241.96
596.66
628
292.63
338.26
196.91
273.35
475.04
208.09
461.22
26.02
236.79
467.26
188.76
166.52
330.17
641.23
243.59
552.6
170.88
527.15
192.2
377.74
334.88
181.89
453.9
115.04
621.03
214.7
579.36
279.47
117.77
762.12
308.9
201.38
320.57
145.1
775.68
706.35
759.67
137.36
512.23
198.88
576.62
601.84
504.86
695.14
568.92
282.62
590.57
441.33
114.59
119.86
91.3
185.99
563.84
86.77
282.32
242.21
603.68
750.25
398.65
69.18
522.47
550.72
356.15
378.3
267.07
437.32
485.92
658.91
663.92
145.42
769.92
110.31
384.12
524.69
167.26
64.02
95.76
709.3
452.99
734.88
362.43
764.35
502.75
266.19
631.28
147.84
167.85
251.61
702.87
627.34
311.21
23.73
305.27
208.37
754.7
729.4
162.64
254.84
315.97
635.26
596.56
373.75
463.22
276.38
268.03
344.09
582.22
299.45
254.73
655.03
386.73
107.64
367.47
627.84
402.6
394.75
516.57
82.36
350.26
68.77
580.74
558.14
0.63
325.06
223.6
563.61
310.2
463.33
719.82
128.66
709.05
621.02
149.77
577.99
661.9
435.97
339.4
408.28
71.8
381.39
261.75
514.03
613.87
40.8
744.59
604.18
313.28
519.22
618.18
748.68
696.34
133.02
795.59
793.54
161.7
671.83
753.65
622.35
784
737.12
790.27
142.89
510.67
31.95
611.1
756.55
196.29
161.72
402.62
85.2
62.72
35.98
287.71
461.42
285.27
400.11
367.55
3.21
30.49
389.21
541.61
633.19
80.74
281.09
761.85
449.12
666.74
99.38
784.37
413
240.98
17.26
620.43
762.48
274.41
794.52
640.22
276.37
507.37
155.53
23.21
286.56
119.67
334.61
601.15
789.76
638.41
734.97
181.34
140.14
151.23
231.11
772.15
250.54
672.21
310.2
491.65
416.5
667.69
789.72
214.9
69.83
7.05
376.9
36.94
442.87
359.19
787.77
649.86
108.81
400.73
563.8
763.84
491.85
121.14
162.5
613.03
88.13
32.62
443.66
407.2
84.41
131.94
771.99
34.86
574.97
122.73
633.37
673.24
720.61
102.37
255.04
247.96
329.71
221.65
511.88
527.2
39.44
621.75
53.19
216.69
579.19
278.08
525.49
505.86
569.66
535.23
0.62
327.7
366.66
147.15
226.71
511.19
209.64
181.45
83.32
389
134.39
457.65
258.18
433.64
146.45
107.48
761.58
314.31
536.98
618.6
182.85
372.49
480.46
679.56
406.69
252.43
623.88
390.46
515.33
66.87
675.51
398.61
549.22
776.07
723.69
202.73
160.49
228.81
576.92
724.5
494.51
178.95
167.83
778.01
416.18
712.34
575.42
396.28
78.56
359.51
100.11
428.05
691.68
506.03
601.93
8.7
504.35
330.31
704.87
278.53
216.48
322.05
596.08
396.6
70.81
588.82
423.18
339.52
512.07
283.24
790.68
512.69
433.74
651.54
486.36
69.84
24.61
621.95
394.55
621.09
431.39
330.2
533.8
663
388.57
500.26
709.53
463.63
548.41
674.07
698.76
30.88
499.38
252.55
357.41
170.6
478.35
770.05
595.67
482.51
116.05
471.13
232.84
433.06
87.64
585.09
84.32
637.65
456.51
357.95
141
566.84
594.18
162.08
745.67
294.17
595.35
661.54
709.7
63.45
147.88
297.15
257.63
449.46
758.37
235.24
623.43
150.27
419.32
592.81
240.85
361.84
294.64
184.87
575.28
619.69
598.93
741.73
346.97
87.13
280.79
507.6
767.67
584.11
442.95
673.49
737.31
139.67
737.35
419.04
642.25
237.19
761.18
118.65
353.99
361.68
18.41
688.64
506.48
169.01
496.57
291.88
122.22
338.3
560.97
589.53
720.82
1.7
652.49
322.89
405.33
252.98
167.84
93.84
453.3
52.97
719.37
140.08
283.96
181.1
557.67
466.22
670.46
12.76
127.45
153.97
535.14
613.39
504.34
797.33
459.76
493.21
750.98
212.78
49.2
488.85
581.12
269.62
193.73
189.06
663.36
216.8
665.7
505
8.84
13.9
572.19
51.09
72.79
684.7
73.96
152.71
365.85
165.72
576.32
138.29
98.28
714.56
166.24
258.56
402.05
312.4
299.37
256.64
350.94
609.19
284.24
185.92
5.34
667.14
180.44
467.21
253.77
165.27
146.1
263.09
620.59
96.99
49.86
679.99
492.17
406.68
431.41
517.71
553.52
769.17
160.61
174.59
498.92
223.41
502.42
136.92
73.27
555.53
435.59
537.1
657.77
463.37
10.2
343.97
415.99
149.52
476.38
150.94
651.1
607.99
602.49
774.45
232.73
256.1
484.74
739.58
72.54
760.86
438.83
129.43
272.26
272.57
36.98
539.53
646.54
14.25
131.91
398.3
348.14
58.01
773.65
295.67
707.48
587.64
504.35
542.7
165.92
125.13
476.15
61.78
367.15
798.4
783.35
619.28
454.68
356.53
505.14
638.18
115.78
760.56
683.94
788.07
456.61
635.56
44.72
546.32
772.39
723.94
295.71
717.1
182.81
296.89
34.29
529.75
732.79
83.35
9.51
376.3
527.51
505.63
248.8
421.43
510.12
284.88
194.72
417.53
218.01
628.97
577.06
583.65
667.23
45.85
167.15
683.71
479.32
421.77
141.89
595.66
149.65
293.59
685.53
590.74
25.14
778.47
234.64
732.43
58.28
358.33
379.61
732.58
781.35
694.39
661.96
17.44
345.55
236.29
456.55
473.61
579.26
417.79
425.41
100.54
211.4
289.67
245.03
301.64
455.55
587.69
589.76
771.09
730.55
347.23
400.87
348.13
7.21
691.19
766.94
211.74
187.8
202.33
94.58
337.82
569.91
676.7
799.49
157.2
138.26
721.03
336.3
233.53
794.16
631.95
652.69
242.44
282.28
255.74
43.33
301.95
168.02
661.15
295.71
749.1
475.71
102.87
84.56
330.75
733.71
70.32
726.04
399.48
47.6
106.68
401.19
645.35
42.78
347.45
34.72
206.58
744.61
686.35
474.42
410.44
341.22
430.29
793.97
781.13
526.57
325.83
770.26
359.4
520.23
345.57
745.51
43.89
55.89
586.3
135.95
145.33
743.73
589.39
644.27
80.49
391.13
362.09
521.98
498.2
490.58
214.52
133.56
423.65
95.57
618.79
461.89
709.98
373.45
21.45
188.97
640.81
338.71
593.61
5.27
14.38
634.79
717.42
378.24
151.01
8.52
15.46
324.38
482.03
25.09
710.11
326.16
262.06
394.33
138.73
279.69
134.64
162.3
580.43
12.56
538
454.88
472.87
50.27
776.18
764.37
772.13
453.41
172.26
480.67
759.65
757.94
409.47
595.48
394.01
328.92
217.08
487.04
464.89
290.57
589.13
314.3
404.19
306.71
535.34
705.06
36
342.3
564.57
767.29
371.36
63.52
516.64
244.24
109.26
667.8
81.68
156.52
44.65
420.2
554.12
720.32
702.99
433.11
407.56
759.39
418.73
621.39
430.18
736.98
56.54
731.91
119.03
776.61
407.49
321.53
269.63
675.98
628.78
41.95
222.99
169.73
286.38
608.11
141.54
330.8
465.36
29.07
628.79
312.67
209.33
118.19
765.55
107.46
333.89
436.25
751.85
257.13
247.17
788.52
239.02
57.94
629.98
37.5
28.93
158.29
65.57
44.72
302.48
539.78
716.96
572.43
274.49
595.89
171.19
411.05
132.14
272.69
382.18
142.08
257.51
209.11
19.87
624.28
744.69
245.39
628.82
516.37
293.2
414.99
215.66
718.72
308.02
26.23
635.1
357.21
282.76
122.15
277.29
384.23
93.25
668.15
126.18
37.64
23.88
735.4
291.32
377.74
669.97
527.57
391.55
189.77
590.31
88.38
706.54
502.52
287.86
555.51
677.22
393.3
248.38
537.7
65.91
87.39
85.72
524.44
574.79
703.11
447.07
29.83
351.23
37.17
179.73
745.25
401.01
168.74
117.5
640.87
757.28
543.9
240.35
713.39
449.41
174.95
136.92
650.19
70.43
498.27
677.21
214.84
607.15
191.15
39.6
721.43
585.59
673.7
607.26
572.47
166.66
67.91
652.84
648.36
4.8
579.66
496.52
32.69
30.56
68.45
70.73
646.79
345.32
242.43
700.06
614.52
257.4
700.02
127.86
689.64
586.66
494.35
723.17
506.73
307.37
63.73
319
28.87
193.37
6.96
545.5
34.19
190.32
115.69
389.47
673.1
151.52
284.84
758.59
698.02
702.21
263.38
301.9
556.74
482.34
270.97
726.39
214.07
524.73
611.86
234.57
151.8
231.06
232.24
244.51
540.43
168.07
224.51
325.58
388.36
539.64
430.89
154.67
683.54
100.03
661.31
521.92
576.83
174.93
207.19
555.35
464.01
676.27
553.9
357.33
612.81
213.52
372.27
326.04
42.28
556.68
639.53
466.83
641.06
435.99
132.14
671.65
347.27
121.35
185.35
583.51
642.3
689.58
700.52
714.12
506.57
274.58
302.38
36.67
70.21
490.88
605.6
454.11
176.54
351.39
549.77
265.85
399.35
76.21
233.62
798.91
423.79
522.1
587.24
124.19
437.12
418.88
535.33
664.57
697.57
18.88
771.75
142.88
161.58
145.58
571.79
421.53
747.89
688.04
327.45
637.6
111.37
31.65
719.37
405.55
30.87
238.12
417.12
277.64
467.95
790.43
585.19
483.11
298.71
685.7
476.02
115.97
162.47
331.26
60.39
55.16
432.23
470
613.76
331.89
563.23
411.5
485.49
238.66
52.62
462.86
126
270.44
402.17
313.08
785.99
475.68
675.46
293.93
288.47
249.27
18.69
549.67
755.58
401.01
723.72
327.6
292.38
8.4
402.97
688.58
459.87
541.19
786.42
590.88
309.72
215.55
784.67
76.39
128.05
635.55
41.08
50.53
688.14
347.9
621.64
151.39
179.75
30.83
48.4
641.31
236.01
71.66
354.62
163.81
34.3
133.97
677.93
326
528.1
327.5
270.49
420.54
352.84
144.66
467.57
572.66
652.67
793.89
756.39
615.34
262.95
149.17
255.9
521.8
202.88
324.78
222.07
141.44
766.9
763.93
249.35
797.29
627.61
58.26
368.6
38.16
12.39
330.79
372.3
16.25
216.68
765.42
749.91
646.09
268.1
312.87
372.28
295.87
256.29
646.6
143.08
293.63
263.72
105.34
479.63
259.23
544.61
678.04
459.24
218.15
770.2
113.43
430.74
284.96
129.47
655.05
289
613.6
786.83
515.82
408.31
371.17
111.85
93.52
358.49
132.45
146.96
253.56
368.3
539.52
280.49
744.76
30.41
537.08
10
276.21
290.73
140.54
563.68
495.76
682.27
53.45
572.4
746.17
613.43
91.45
116.74
13.26
503.31
135.47
154.38
634.98
509.16
692.32
571.57
448.07
755.07
708.68
185.04
131.49
360.43
351.69
404.49
527.95
771.57
106.01
278.74
377.37
64.55
215.25
131.68
652.49
45.81
198.89
519.19
61.88
292.66
306.2
726.8
271.76
112.79
226.09
544.02
771.78
634.71
224.85
618.08
81.95
90.75
668.92
786.64
636.53
380.47
621.75
664.12
318.12
462.55
663.95
149.57
398.42
372.41
2.18
5.44
534.26
519.68
583.86
641.19
781.69
384.22
555.62
210.25
454.72
261.92
322.66
184.2
386.03
29.88
308.74
330.66
448.76
382.49
190.44
754.28
567.2
8.61
735.7
723.2
748.28
313.11
131.07
504.6
274.38
75.21
136.28
288.84
654.07
225.09
380.88
695.64
320.5
532.21
467.53
457.55
75.63
389.69
93.34
10.28
725.22
649.09
53.31
90.58
2.3
476.24
307.41
787.59
136.47
115.96
8.17
548.57
434.65
402.01
777.38
159.69
448.38
230.07
236.45
319.31
292.98
226.06
422.77
353.42
416.33
783.11
370.05
399.76
772.9
530.06
65.14
57.55
325.08
329.16
262.32
491.83
42.12
88.17
774.57
364.7
276.16
38.04
644.95
83.02
544.23
14.54
221.78
42.9
212.18
695.91
538.61
661.58
74.31
319.12
220.28
487.3
721.72
136.17
327.76
244.74
165.05
716.81
442.64
322.92
704.98
655.97
250.03
587.25
93.86
667.86
582.92
143.63
137.49
13.52
538.34
30.39
658.93
162.93
30.14
360.97
561.62
634.09
777.92
416.44
684.3
674.78
74.11
72.42
379.47
89.14
444.39
336.12
415.03
69.43
486.23
138.96
121.64
381.91
235.76
731.45
723.29
248.97
494.81
746.72
403.76
584.39
454.09
349.56
315.03
248.79
769.33
289.01
338.85
794.98
27.63
187.51
529.94
268.39
349.63
426.8
280.96
147.16
716.34
727.82
553.42
254.65
186.36
61.85
428.57
408.33
563.84
73.63
45.93
447.59
715.04
286.69
546.04
234.07
654.64
647.78
126.99
447.94
577.95
214.64
53.1
575.81
252.84
389.21
49.37
704.4
539.05
496.35
47.04
511.51
304.33
93.59
498.5
282.9
459.4
113.62
340.88
344.23
740.99
561.97
177.25
620.69
552.82
722.07
236.55
64.17
231.32
565.15
557.01
615.75
185.53
5.41
708.83
271.37
426.86
390.35
524.19
106.54
193.05
697.98
295.59
143.87
118.44
595.19
425.26
751.06
511.18
139.77
643.56
702.22
723.82
430.86
373.5
497.72
736.23
445.84
733.59
17.02
353.53
178.82
523.72
291.45
224.15
410.04
142.47
612.12
758.49
792.81
591.35
461.14
432.28
395.68
727.83
339.95
154.85
463.57
460.14
209.05
716.86
11.27
505.16
613.75
38.87
99.45
141.7
483.39
635.46
286.46
382.19
309.63
771.23
486.2
427.11
780.27
267.33
764
461.68
642.16
435.11
538.07
70.1
219.2
378.24
745.97
340.22
482.32
362.45
470.82
468.84
223.65
585.86
94.72
118.42
364.66
337.25
444.86
316.66
736.91
299.26
796.71
23.84
628.23
465.38
100.68
273.72
81.55
761.87
772.09
666.77
582.84
606.91
388.03
28.3
496.54
46.82
696.74
317.92
433.43
124.18
591.87
748.39
192.45
381.47
22.2
562.29
274.6
181.01
541.93
792.92
794.82
688.54
685.69
40.79
208.54
47.36
265.44
129.89
786.67
33.49
704.15
140.17
623.72
590.98
310.96
348.68
427.27
243.11
451.72
293.7
795.23
374.5
777.4
508.39
765.08
190.77
732.31
131.9
236.46
208.2
296.02
747.72
284.97
25.95
150.43
142.24
182.2
392.38
574.08
404.88
578.46
536.8
410.89
701.06
503.19
214.08
476.86
595.02
473.04
13.34
530.47
613.25
122.62
410.6
84.78
128.58
352.57
134.48
200.74
402.83
496.18
430.36
62.61
453.16
682.34
177.07
47.6
286.71
539.76
32.93
427.12
576.68
50.92
704.26
359.53
13.29
106.66
160.2
618.41
479.96
780.43
452
81.03
423.14
332.45
309.53
223.37
579.85
438.2
98.14
513.93
560.21
188.08
262.19
725.89
181.75
114.2
510.59
568
26.45
621.16
101.13
784.06
707.45
712.11
608.27
660.08
591.54
373.61
60.75
394.3
566.57
693.55
56.87
498.2
730.44
4.92
210
235.42
697.82
746.63
334.27
147.81
6.59
339.81
653.5
329.25
472
334.45
599.72
66.06
648.32
656.87
8.05
50.61
134.27
350.88
118.18
142.61
460.39
473.61
76.55
540.43
776.53
251.2
651.53
138.87
95.53
576.08
505.96
325.42
5.51
455.94
759.38
283.9
352.22
357.89
746.69
737.23
411.86
402.17
403.45
578.14
617.98
635.26
791.5
484.68
352.78
564.45
560.99
28.05
2.79
613.66
784.55
490.52
267.81
313.07
324.51
677.95
791.49
166.18
197.27
250.12
74.63
216.14
83.6
626.8
410.77
358.19
748.01
5.45
601.35
650.88
709.99
118.73
184.38
371.11
118.51
386.78
108.31
127.3
645.74
174.41
490.96
619.58
569.73
89.82
207.49
436.79
485.49
161.43
41.87
451.71
56.8
549.73
701.74
300.85
596.36
374.68
658.77
90.63
324.23
536.82
734.55
526.46
675.35
690.24
49.2
559.96
103.87
181.01
456.15
215.92
311.25
174.37
781.2
663.36
234.82
674.69
439.28
279.39
218.11
740.63
701.93
321.79
139.77
301.82
676.77
499.4
520.89
664.01
314.17
301.45
207.66
755.91
20.45
264.15
574.9
659.95
502.21
573.2
628.1
438.78
757.35
469.6
555.01
343.75
634.02
407.55
524.82
16.23
26.08
780.36
540.2
665.99
621.03
618.61
109.52
533.76
6.3
438.53
378.05
459.72
64.87
372.56
333.65
400.39
229.98
253.53
503.76
797.41
413.57
49.03
182.4
671.32
546.25
13.68
6.51
765.3
559.06
357.4
520.58
322.2
225.55
473.04
332.75
388.32
679.22
561.03
432.51
384.22
733.35
479.61
246.34
85.56
429.9
131.47
300.89
499.37
88.57
162.94
488.94
470.13
83.87
457.65
433.55
403.15
692.71
101.67
749.37
422.68
508.39
308.66
175.3
772.91
139.9
380.35
797.2
732.2
797.14
524.32
553.61
375.17
61.53
61.11
667
640.34
69.23
242.13
160.16
450.52
658.83
713.97
283
99.73
197.67
744.35
181.81
484.79
406.1
679.47
304.28
665.99
68.42
595.78
482.96
7.67
441.83
780.11
81.45
34.88
285.63
433.47
581.77
528.87
301.98
204.45
612.37
416.92
168.19
15.15
134.27
29.49
716.39
250.46
596.42
329.61
148.66
630.46
543.92
618.14
350.27
476.95
496.55
210.54
570.56
212.23
274.54
373.81
2.84
651.82
616.71
415.19
379.05
243.43
4.33
172.12
301.53
151.84
416.33
222.04
254.41
772.96
550.46
63.5
326.98
157.28
146.92
770.11
473.62
328.65
277.79
79.19
755.53
54.07
260.32
247.23
706.15
181.64
589.51
28.28
30.69
490.13
195.96
102.9
694.49
116.07
527.67
206.27
583.79
516.16
557.14
492.44
634.12
407.73
625.07
169.23
274.5
340.39
773.54
563.4
616.49
490.42
142.57
47.43
485.16
742.9
662.05
594.12
295.49
71.3
90.03
553.7
248.09
181.59
294.86
66.13
212.49
201.65
490.85
607.9
226.69
54.41
154.55
609.9
126.88
642.93
741.42
414.66
351.81
82.01
512.87
252
38
439.62
65.49
17.36
393.58
710.11
173.03
491.8
571.75
600.31
611.36
680.8
160.4
675.09
338.05
253.33
675.41
567.24
333.98
222.04
617.26
214.22
403.71
88.28
1.76
638.92
178.08
727.78
311.05
150.02
104.41
33.47
375.2
10.2
445.34
5.6
601.17
731.77
615.55
308.22
759.25
287.66
606.53
659.52
57.44
594.27
54.35
221.8
475.52
663.71
784.11
715.71
637.87
152.23
579.98
7.83
390.93
637.87
635.97
256.1
435.2
625.28
611.44
766
275
615.28
56.85
45.39
0.5
108.13
271.05
140.18
655.18
574.65
692.94
374.85
477.98
169.14
129.35
717.71
473.47
115.73
287.64
643.14
793.49
563.17
558.04
191.78
523.03
586.53
9.78
181.5
57.6
771.28
373.54
566.45
677.04
525.78
462.08
609.8
439.36
576.35
681.71
342.02
92.76
492.53
107.09
217.4
137.46
141.68
378.36
85.34
342.33
687.39
548.38
288.67
81.46
319.18
149.36
72.01
363.81
550.81
320.89
479.63
668.18
142.03
560.29
492.16
727.96
698.15
229.43
220.86
329.1
99.98
371.54
626.7
1.63
360.51
37.85
261.15
756.61
37.87
612.62
233.42
130.73
396
374.93
512.41
34.12
441.19
183.96
270.24
707.65
74.43
126.53
521.8
222.65
130.39
268.05
89.01
558.91
594.7
615.71
498.71
409.92
83.22
375.52
194.84
54.66
436.91
528.73
736.52
645.8
363.29
551.9
509.79
124.95
206.54
115.83
647.54
338.3
78.72
747.05
96.54
86.32
351.89
504.25
1.59
411.33
322.86
96.89
763
157.2
194.27
278.68
672.03
715.8
375.94
24.89
128.26
27.38
698.12
588.01
318.72
362.74
438.8
755.97
388.22
221.64
180.28
639.04
73.06
222.53
94.09
419.56
366.98
297.41
577.15
401.46
440.32
342.76
357.45
1.29
4.66
36.36
622.54
80.49
484.33
785
273.28
790.62
346.22
259.85
206.21
160.26
430.42
138.39
457.4
148.45
304.67
265.22
136.65
163.03
266.31
56.26
284.2
732.83
757.53
143.95
326.77
778.42
519.83
3.36
86.03
557.61
670.86
239.17
415.68
160.11
769
330.25
5.17
762.85
300.73
683.97
366.66
300.99
27.91
567.85
421.32
475.01
752.38
161.02
444.56
740.15
321.85
341.24
707.25
629.32
99.54
234.06
675
67.98
707.28
98.63
285.82
662.37
255.45
595.03
17.09
616.34
571.11
637.56
88.26
230.76
702.28
683
634.86
153.47
499.09
390.9
338.98
515.17
592.71
757.98
93.06
599.22
302.07
198.15
327.14
184.25
222.04
589.35
760.96
722.36
39.9
666.8
343.95
196.33
702.93
599.59
286.29
651.82
572.61
644.04
693.7
600.76
640.18
638.54
777.99
542.38
628.7
663.52
344.91
600.96
744.71
52.71
729.82
208.97
655.22
20.13
177.63
448.94
205.49
781.52
14.49
372.94
150.97
536.36
395.4
312.68
788.95
561.29
308.94
796.48
77.02
551.19
537.49
24.55
18.15
531.84
121.2
460.19
39.08
689.55
601.43
570.47
628.31
478.65
766.68
714.66
662.5
764.41
584.75
32.02
63.43
269.45
487.89
1.63
560.64
541.14
239.63
79.47
265.97
416.79
260.4
341.65
566.28
470.39
572.64
790.09
773.61
62.79
298.21
742.55
295.92
674.86
263.03
483.95
114.4
603.95
611.1
693.44
317.93
69.68
118.09
16
243.7
630.68
329.86
172.43
419.96
435.86
270.02
344.84
254.81
156.68
206.08
437.94
71.41
57.09
753.64
439.25
505.24
108.16
254.8
661.86
391.12
569.98
688.13
535.75
602.42
34.14
665.67
694.08
764.03
455.93
632.54
556.28
638.43
139
266.32
272.66
63.24
257.06
714.88
128.63
583.45
731.4
390.25
524.19
304.89
577.62
117.43
772.15
667.74
572.07
778.29
498.08
596.21
332.06
151.66
782.09
117.35
640.37
569.45
31.29
434.49
471.94
445.08
519.6
248.43
105.39
549.48
648.26
498.16
516.33
715.44
584.33
562.66
611.97
170.25
787.14
91.55
315.17
612.16
671.25
207.72
650.04
517.38
280.72
603.26
254.27
347.49
330.93
541.76
262.89
506.87
565.4
295.01
397.69
319.74
242.18
258.69
352.21
341.1
612.24
798.83
690.86
119.12
345.56
534.66
681.58
760.14
571.43
536.98
265.26
508.04
415.16
173.33
694.85
340.58
350.9
46.83
247.55
146.96
763.38
698.8
619.91
742.31
629.47
634.04
683.63
505.41
744.36
416.8
726.23
213.22
276.14
464.18
352.51
558.96
524.35
456.28
105.59
319.64
78.25
342.6
667.16
744.71
508.81
236.89
530.9
546.52
463.05
786.21
34.38
637.2
673
238.62
123.48
632.51
587.03
86.75
85.84
690.85
203.03
15.85
689.55
564.69
77.66
156.34
81.58
578.64
128.35
592.35
352.51
319.84
746.94
663.92
476.73
356.15
142.69
239.76
233.23
385.29
291.67
701.52
559.66
501.17
135.61
684.49
103.81
262.38
744.31
527.44
139.97
390.66
282.67
540.35
0.57
193.95
179.06
455.28
784.8
646.44
588.13
548.98
437.51
109.15
672.62
669.23
384.42
434.1
389.16
285.79
258.69
617.24
291.4
346.93
357.96
686.06
372.3
721.01
512.36
638.04
98.67
749.51
528.73
583.91
669.2
654.29
171.94
592.03
69.39
101.8
356.37
392.62
407.95
528.66
725.93
707.99
109.43
549.72
415.61
25.01
690.77
687.19
539.56
303.42
572.8
642.46
492.71
426.23
226.12
549.97
637.5
292.66
350.13
525.22
349.18
373.1
529.89
708.36
572.76
115.2
284.68
762.96
8.75
318.13
576.33
12.38
634.97
144.85
26.38
599.93
789.64
137.3
172.48
716.65
660.75
263.18
313.13
699.99
704.19
89.6
528.22
341.1
547.86
186.94
453.77
5.06
510.29
102.8
541.21
536.64
147.44
175.68
787.19
632.64
715.94
77.71
41.58
533.64
343.95
114.73
363.21
665.68
654.27
287.03
617.15
559.6
151.24
94.43
231.84
326.66
682.75
548.84
249.3
608.58
700.8
489.05
190.48
74.34
351.74
661.38
448.67
518.18
476.69
227.97
254.79
176.34
515.56
70.74
271.86
612.95
88.1
621.22
359.08
704.61
258.66
709.51
630.7
534.82
282.16
678.27
156.19
150.89
614.18
473.79
54.77
746
50.68
267.77
411.03
7.11
563.23
543.09
652.8
392.11
302.94
235.27
123.5
365
10.9
457.11
419.22
499.32
196.38
10.8
606.35
82.73
464.89
780.17
187.39
733.07
475.82
183.57
762
443.16
634.72
534.61
380.74
725.74
52.64
395.47
742.95
537.18
342.89
740.16
366.47
789.25
613.88
297.18
485.63
165.96
507.81
106.6
710.91
130.12
470.68
125.77
23.89
654.64
398.84
566.84
688.65
263.99
451.22
358.79
751.47
189.48
317.2
157.81
246.23
60.02
387.69
454.1
91.78
65.34
762.78
188.31
57.32
722.68
605.43
3.33
40.23
740.17
181.11
424.91
357.63
342.45
289.45
540.33
479.77
351.07
246.47
336.56
477.57
110.35
328.13
721.59
722.57
570.06
372.21
494.42
344.4
224.67
601.73
653.76
482.64
332.86
41.39
72.6
93.83
525.24
98.98
180.46
302.75
341.97
495.17
679.64
184.16
468.12
423.91
434.87
579.16
499.65
215.4
179.13
662.53
322.08
355.19
450.19
87.9
333.92
518.78
638.69
461
93.99
10.72
723.25
103.29
486.43
292.22
19.06
557.89
3.99
530.96
224.92
288.24
302.71
705.49
145.87
687.28
17.04
403.21
588.7
280.75
197.33
389.14
673.54
157.05
101.65
757.8
322.78
110.61
221.47
241.74
556.88
799
490.99
385.67
707.57
280.29
304.48
789.61
455.11
584.02
12.2
263.7
333.41
778.11
376.32
410.11
261.16
485.87
324.26
640.07
500.69
482.28
518.66
125.06
538.13
202.24
366.27
605.3
562.66
581.14
599.97
91.38
719.96
389.36
355.27
647.73
612.95
232.51
352.63
324.79
191.66
132.01
196.77
610.73
526.86
556.01
443.82
660.74
452.41
606.54
310.7
334.81
477.13
311.07
610.54
509.34
223.96
66.82
457.08
443.02
314.98
636.15
186.58
538.83
722.15
68.13
572.86
246.24
210.6
441.54
792.1
92.2
389.54
254.81
74.85
400.72
524.5
173.21
374.1
46.63
310.69
727.08
66.84
181.4
730.64
214.33
273.87
32.38
338.91
301.74
545.79
184.82
518.27
268.86
683.09
444.01
368.98
675.91
307.63
288.72
633.3
290.18
79.25
194.07
207.32
798.14
484.36
517.04
101.11
10.65
731.77
323
552.94
391.2
9.14
671.24
306.03
211.64
232.99
332.38
441.84
46.3
702.67
472.38
431.75
39.92
109.56
105.4
624.67
111.6
705.5
745.53
54.55
710.16
514.16
205.06
205.88
232.85
795.01
603.38
355.62
84.56
623.54
564.33
350.41
122.05
735.98
610.66
689.82
178.91
532.83
277.58
636.86
340.81
490.73
655.54
408.32
151.58
266.82
501.2
535.42
241.4
189.11
579.3
133.65
162.94
449.74
359.2
621.04
495.99
505.08
643.61
392.59
27.01
770.05
673.35
90.69
112
626.51
467.29
635.47
538.18
299.12
315.15
25.13
642.34
259.29
467.2
195.42
616.92
414.95
212.83
255.34
191.59
27.65
149.58
702.39
690.23
255.05
292.01
245.94
414.25
713.39
361.01
15.18
573.46
289.68
659.82
640.29
171.08
751.12
747.49
250.67
641.91
49.94
224.52
608.66
716.04
351.38
602.49
513.71
41.64
677.3
351.32
738.38
140.86
310.02
588.64
462.17
143.59
713.45
468.99
647.09
303.45
497.56
308.92
540.3
357.5
225.09
66.59
383.23
11.13
409.96
179.3
127.74
730.14
543.28
174.58
262.93
45.06
644.74
431.36
132
38.11
295.82
657.25
499.17
477.58
500.36
20.1
179.04
725.07
611.22
216.07
170.3
118.87
502.17
355.57
581.16
195.88
255.42
311.12
505.27
765.64
34.56
731.72
677.45
586.38
647.57
483.32
228.22
638.66
375.81
223.58
236.87
227.9
496.18
281.7
189.02
462.18
546.09
204.43
476.88
250.94
387.06
512.53
437.55
378.73
646.05
83.94
752.07
599.49
32.64
253.61
509.88
672.76
159.6
463.95
128.37
155.34
593.45
25.51
798.57
555.04
128.32
344.12
692.24
650.68
778.59
142.54
105.04
273.33
760.83
588.59
202.12
412.72
308.54
647.67
198.8
80.48
786.07
694.67
155.11
628.04
320.18
704.23
176.74
311.79
336.22
695.34
82.42
348.2
766.91
729.53
415.38
440.27
174.61
671.81
55.08
685.35
646.83
131.85
25.01
66.29
458.85
389.17
455.91
787.51
512.48
27.42
744.53
63.76
232.57
261.12
722.17
512.31
593.1
119.76
442.76
757.46
192.46
658.7
719.5
128.98
710.65
299.67
792.78
734.11
651.25
475.81
2.12
245.85
649.29
337.76
28.68
751.34
247.76
99.9
345.22
550.61
346.14
440.78
302.69
121.82
588.76
7.8
54
258.79
337.65
507.14
664.34
640.93
679.22
183.38
109.44
82.92
146.34
112.45
294.16
370.48
392.06
190.05
109.63
28.05
743.07
705.68
548.5
547.59
62.34
324.03
292.36
241.47
707.75
75.34
641.94
692.71
640.09
757.66
595.53
297.02
132.51
118.1
158.63
97.25
95.44
61.05
657.35
67.52
293.33
22.45
267.69
25.43
383.39
247.35
196.69
589.44
426.73
368.96
133.7
453.06
433.89
763.82
143.34
17.19
630.45
713.13
391.09
419.4
275.34
301.9
766.61
422.15
536.05
732.32
464.35
359.63
373.78
389.15
773.69
711.28
169.75
500.5
709.27
298.91
549.24
757.99
345.65
407.04
356.48
47.54
312
88.9
325.6
62.8
311.25
737.95
775.37
772.95
103.82
416.28
666.08
546.36
107.81
723.17
301.97
761.34
225.7
645.89
658.44
385.78
568.11
72.25
667.96
453.71
634.07
31.6
436.94
19.93
566.96
152.58
366.1
393.88
797.22
751.25
33.24
575.17
585.61
610.34
248.33
355.8
164.88
313.24
719.63
92.26
762.6
198.23
521.99
225.84
239.52
121.57
70.35
156.24
41.58
252.87
784.4
533.83
342.69
571.64
97.93
739.58
17
210.85
111.68
334.46
554.78
324.06
783.11
63.96
230.48
114.41
734.57
317.41
666.54
467.29
162.21
191.4
641.4
64.86
619.72
29.83
341.95
14.26
397.12
661.03
725.72
237.98
775.11
282.47
34.19
527.3
658.39
585.9
325.33
554.95
747.85
690.86
357.51
482.67
296.26
49.42
119.58
43.77
219.51
24.24
484.75
416.39
169.15
524.74
173.82
798.2
696.37
661.21
144.43
79.9
798.94
325.63
84.75
379.86
480.91
259.51
767.02
489.17
737.61
88.61
317
44.86
606.71
795.45
398.61
123.17
89.12
328.21
790
411.53
59.27
360.3
138.13
150.8
465.63
708.13
464.65
169.64
408.84
625.76
150.28
383.64
678.91
595.33
424.5
334.43
428.08
258.64
715.85
317.22
448.17
739.12
700.79
371.11
136.44
576.76
223.21
648.11
297.86
118.35
411.42
645.81
557.46
337.08
184.09
280.49
591.22
349.66
735.8
457.22
511.53
723.4
571.05
503.5
184.01
511.65
144.34
371.68
429.28
472.1
157.62
701.55
222.41
691.69
525.84
584.77
747.07
775.9
352.3
352.91
52.67
447.02
550.87
281.86
795.46
191.7
790.2
734.07
595.27
710.92
176.04
329.05
479.32
610.13
505.03
733.69
183.49
468.28
196.83
204.6
70.63
98.26
238.35
336.2
600.97
27.92
272.85
323.75
722.9
301.44
490.41
21.02
145.95
16.63
263.68
516.91
652.78
75.51
73.55
13.56
777.3
116.25
48.33
754.11
304.4
685.02
746.02
207.99
218.22
109.44
10.03
361.32
653.76
664.57
684.34
781.15
541.93
756.84
35.24
88.42
514.98
70.12
616.08
90.74
358.75
723.48
496.76
731.77
462.99
262.97
377.49
480.93
207.08
342.04
793.01
796.11
491.23
214.17
589.34
214.49
471.58
128.39
142.07
232.72
505.03
433.96
617.46
669.03
362.32
15.41
12.3
295.28
573.04
790.21
378.19
452.32
174.78
218.01
409.53
113.33
300.95
683.82
701.13
94.28
692.51
51.21
560.81
632.37
712.48
563.07
503.72
708.49
83.68
494.15
173.82
795.6
739.82
55.29
39.21
439.74
497.24
6.16
722.37
437.56
142.28
153.88
21.35
557.4
550.28
366.92
450.14
786.81
75.49
340.39
544
129.01
264.64
475.98
609.63
196.57
138.36
195.43
199.7
688.15
30.78
71.73
183.84
774.43
508.08
491.41
395.54
709.32
762.04
402.83
625.66
742.9
270.04
169.54
316.7
107.95
323.33
487.09
637.11
269.77
441.5
214.01
719.95
520.2
88.23
384.27
78.12
506.5
770.2
445.22
237.95
369.55
266.97
695.07
563.36
763.35
494.22
300.9
678.02
59.09
695.87
294.29
552.7
625.85
34.39
264.75
547.28
570.68
685.65
672.59
21.35
76.03
735.56
542.83
212.35
753.99
578.24
750.19
247.85
265.71
507.01
404.02
10.29
72.22
429.01
606.46
7.53
293.84
390.07
293.07
539.91
187.62
355.23
319.03
312.61
516.68
242.17
412.55
308.39
147.14
460.54
71
181.45
548.31
309.52
374.1
334.8
103.92
613.21
763
608.26
424.72
582.35
310.03
168.46
433.37
593.03
495.61
712.27
458.27
509.43
679.33
203.52
477.59
390.46
166
706.24
249.16
200.37
654.21
429.19
562.77
529.79
322.51
734.63
75.78
602.91
224.57
696.38
336.98
624.54
515.49
114.89
655.03
736.58
430.7
782.85
680.71
22.61
263.68
146.84
264.34
762.93
387.62
797.27
762.65
457.13
525.19
233.54
566.9
388.08
393.6
737.5
408.19
742.38
742.41
695.54
561.94
349.19
495.33
797.6
567.98
721.7
79.37
494.59
675.15
692.72
507.04
302.02
476.73
638.93
768.11
248.25
33.38
482.28
573.66
172.13
784.37
191.06
451.97
555.87
588.4
710.08
784.81
41.75
416.01
9.04
472.02
561.47
736.86
154.48
695.27
586.33
277.08
385.68
636.84
350.59
321.36
211.66
205.95
183.98
448.95
63.34
789.9
124.69
151.19
527.57
432.76
766.27
767.23
195.43
354.52
772.88
290.94
727.4
482.43
39.58
206.27
174.61
140.64
191.95
690.22
722.87
15.25
271.51
611.21
211.19
585.88
366.32
201.17
521.15
685.26
598.74
277.49
304.58
334.98
680.65
594.94
770.72
324.83
545.67
790.05
731.47
406.17
155.58
537.27
41
551.23
71.48
336.3
252.06
370.25
339.47
581.43
75.25
433.38
79.74
361.81
567.65
681.16
175.9
237.06
643.87
533.63
236.46
718.99
56.89
612.79
615.98
481.22
274.68
653.27
243.43
0.86
721.81
672.03
134.73
665.34
746.56
734.3
153.01
692.68
744.48
615.59
726.91
735.08
213.46
199.97
104.06
317.07
444.68
19.58
138.89
791.54
497.97
632.68
76.16
709.14
31.96
795.19
476.36
125.23
552.7
657.6
237.98
248.49
190.72
268.65
707.57
317.86
764.63
92.86
761.52
761.93
430.37
722.17
569.15
543.25
648.9
97.22
224.41
509.79
776.53
287.04
223.09
344.41
103.59
774.98
333.32
562.53
738.06
366.06
187.75
197.31
146.93
146.54
500.09
197.47
757.68
631
148.58
105.38
628.22
368.68
204.36
341.74
628.38
44.93
561.5
488.25
240.62
150.87
757.68
355.11
51.67
67.48
719.8
427.7
169.56
136.73
221.74
141.93
745.24
578.11
280.11
36.99
490.52
596.72
373.01
19.49
494.35
353.1
164.42
131.43
39.23
374.89
768.15
462.42
191.01
344.13
44.08
526.01
55.84
413.83
708.57
657.44
798.78
412.84
453.11
623.66
311.96
506.25
729.15
223.51
27.24
187.27
214.54
327.66
7.99
688.21
346.3
598.93
134.86
578.02
627.49
519.55
95.06
260.03
206.1
669.29
20.8
750.45
107.1
503.69
747.79
547.85
738.44
449.09
464.09
303.01
573.88
99.97
594.23
24.16
48.83
688.86
112.83
376.81
579.66
626.72
431.77
254.27
150.27
696.89
486.25
739.4
169.1
773.11
448.38
293.19
138.24
60.23
422.09
564.18
262.7
205.66
664.9
147.87
251.55
292.21
489.61
314.78
195.33
77.9
99.31
491.7
20.58
286.77
112.63
518.2
757.14
24.05
92.73
481.82
740.29
27.41
409.01
21.86
369.87
560.27
705.25
604.7
425.99
486.2
67.78
494.4
582.31
542.59
300.93
562.2
389
116.39
358.85
92.72
140.21
598.36
534.37
753.03
786.81
460.87
482.27
389.25
719.39
679.26
599.66
307.97
105.95
457.1
668.26
209.06
282.7
682.73
739.71
352.57
571.39
773.3
606.54
746.08
599.48
763.42
563.75
794.98
585.12
560
238.14
265.48
21.66
503.41
51.24
217.09
605.37
532.63
114.79
715.17
328.31
642.23
218.02
662.9
435.62
81.88
117.79
684.19
750.98
175.76
277.41
690.77
364.81
620.04
414.2
206.78
554.03
327.9
186.59
526.23
629.79
482.66
767.16
355.3
167.68
589.06
399.93
565.18
325.09
275.28
21.97
125.62
83.52
702.98
149.33
331.49
428.55
337.48
101.13
695.79
289.57
208.96
406.33
467.91
328.77
333.09
11.86
452.21
165.35
432.65
655.16
348.26
637.96
315.12
212.73
248.27
214.75
621.01
548.5
103.88
763.76
136.47
292.09
541.62
207.19
397.45
758.13
489.32
500.82
254.56
487.48
12.73
647.12
725.35
769.5
433.47
256.54
612.42
31.44
548.83
794.02
145.52
253.39
606.41
747.29
374.09
698.15
480.96
355.88
434.2
223.96
381.29
373.94
736.39
430.93
547.46
201.9
77.92
724.06
471.43
765.88
576.19
538.05
771.56
779.89
635.73
535.42
328.29
504.61
659.07
171.36
313.23
733.59
351.26
221
10.69
196.8
334.49
254.06
138.87
689.13
765.8
57.97
787.14
411.08
203.94
117.81
526.28
479.67
33.38
127.19
150.05
721.16
756.55
380.42
316.91
464.23
87.66
289.63
572.44
44.24
528.44
370.8
78.35
172.97
448.28
355.66
330.37
382.35
625.58
606.65
352.02
355.93
644.63
348.01
186.08
126.07
470.03
419.96
92.31
201.25
145.49
152.26
738.16
37.26
489.4
462.78
523.23
629.8
92.99
592.83
652.24
68.65
148.81
247.25
288.43
334.86
117.45
226.59
367.53
792.14
515.73
10.88
270.64
278.9
528.02
94.85
625.9
82.73
378.42
303.28
182.65
581.21
298.57
191.6
478.21
491.99
795.73
374.54
467.35
280.69
531.98
40.98
705.72
331.21
282.17
446.11
408.95
221.69
421.28
523.16
538.12
599.19
153.43
27.22
39.75
673.68
499.21
424.68
400.31
590.48
347
730.86
237.22
292.19
334.95
640.61
32.67
537.06
681.19
32.5
746.55
590.86
123.52
208.22
464.01
615.11
428.55
92.75
417.61
66.42
672.63
190.43
740.8
85.74
455.3
670.83
154.14
204.85
461.38
151.29
414.55
697.08
651.72
2.23
183.72
40.41
760.98
185.63
108.22
570
579.77
680.49
226.97
121.95
295.41
46.92
120.28
164.35
784.42
441.18
554.39
338.73
588.7
437.24
783.04
333.17
394.11
612.04
528.97
121.88
233.42
105.14
487.53
2.13
490.19
518.95
106.04
377.91
252.87
524.28
670.38
732.11
233.45
357.07
782.99
598.79
787.03
220.97
334.41
179.54
480.05
796.82
481.13
321.99
329.63
718.42
618.8
460.84
629.02
750.69
128.82
548.5
502.97
631.47
339.98
590.77
279.7
40.29
325.34
162.94
387.63
789.47
341.36
770.47
141.13
155.68
686.15
509.32
795.99
84.55
488.37
416.13
230.49
654.27
340.16
462.91
480.93
85.52
595.46
689.1
548.13
702.89
338.6
650.85
742.43
128.45
426.35
307.98
280.95
707.01
199.68
88.24
685.17
186.02
657.97
799.03
358.48
749.58
619.58
35.12
262.31
120.57
703.91
130.51
306.56
330.35
714.27
122.67
306.11
461.29
628.64
407.81
97.31
309.81
85.18
636.6
636.36
148.24
476.06
365.2
329.08
612.3
36.31
599.2
271.95
441.07
341.8
81.98
705.12
272.97
174.19
213.8
507.29
515.99
75.24
566.21
482.56
697.48
598.42
437.93
331.73
28.49
604.26
60.5
638.86
647.35
656.2
746.04
447.51
369.72
397.79
711.77
794.55
721.73
673.44
319.83
128.48
471.67
753.38
70.27
109.81
235.6
526.73
441.87
275.09
173.44
6.81
506.04
158.6
335.8
59.57
653.7
791.77
51.34
593.69
751.17
570.83
199.84
174.72
149.44
265.99
429.16
426.27
251.34
776.34
258.04
409.46
641.63
553.92
332.93
155.99
656.51
344.21
104.99
728.44
26.42
222.85
58.83
90.16
318.83
660.64
562.72
627.63
51.75
644.2
184.91
177.38
344.77
64.47
336.06
578.86
299.36
621.8
58.04
664.67
653.1
649.84
388.73
634.53
210.48
358.37
600.28
321.34
610.49
324.13
91.36
254.76
144.44
202.61
211.26
176.45
745.06
388.42
374.72
336.74
730.53
739.66
486.81
512.84
588.26
403.72
483.82
788.86
335.94
765.83
318.28
527.38
371.19
228.18
686.86
255.23
685.5
27.86
781.97
459.26
643.41
139.56
741.13
421.31
476.95
164.88
43.93
152.72
24.62
272.35
577.15
410.5
36.43
162.61
189.96
107.42
137.37
319.98
381.67
190.84
405.62
741.91
257.97
548.89
92.75
34.79
704.11
682.55
585.57
186.02
344.83
417.21
227.61
675.4
5.93
471.94
286.73
225.67
138.58
745.68
34.87
320.85
223.77
95.71
610.66
94.36
612.57
298.64
607.62
702.41
401.7
115.32
396.25
713.73
329.5
798.76
86.22
3.47
176.93
375.56
765.29
449.44
585.51
318.54
307.87
269.84
532.51
723.68
220.05
672.36
716.22
184.65
178.43
443.58
287.77
559.61
477.63
603.2
245.55
781.26
445.59
553.82
254.92
456.37
317.56
747.09
101.9
640.28
274.66
671.78
315.37
131.95
174.84
703.2
53.45
246.58
399.51
648.26
101.94
613.3
493.78
529.05
789.95
114.24
641.3
715.14
2.32
710.47
737.44
334.88
14.11
773.82
285.55
771.06
691.16
485.08
120.88
719.31
756.85
710.07
279.18
329.31
385.41
13.99
598.97
296.21
649.98
556.33
655.35
471.54
388.62
645.2
387.6
18.81
235.22
198.44
665
130.27
475.94
469.81
737.11
188.13
211.05
656.35
107.84
581.79
764.42
661.95
7.29
469.75
706.61
675.11
784.82
278.81
555.87
667.24
283.03
419.69
21.97
288.1
349.67
28.23
563.75
620.57
425.39
645.85
126.22
258.13
511.06
21.84
26.41
26.81
268.6
578.17
680.59
73.92
588.41
755.91
357.98
503.13
182.66
212.54
367.27
267.73
656.38
604.42
334.18
643.79
728.21
583.01
613.03
188.48
473.65
342.3
760.42
97.55
101.37
659.3
372.95
234.32
311.55
523.34
241.73
246.58
337.15
403.4
408.23
201.97
718.92
206.42
122.82
334.92
637.09
517.28
679.33
217.28
278.83
485.86
794.05
124.82
159.49
110.05
310.77
495.32
738.35
53.86
247.11
115.08
286.37
101.52
70.33
251.94
69.56
536.75
92.72
602.75
777.87
252.3
70.19
358.89
120.29
629.64
165.82
545.36
57.77
536.71
791.42
511.69
521.49
559.58
402.09
617.29
186.84
549.64
368.99
5.37
730.43
447.32
583.94
92.8
124.91
72.81
135.96
260.92
505.38
125.43
423.9
733.31
216.8
738.17
324.37
161.71
636.73
339.39
21.21
298.42
202.6
257.06
570.83
31.82
566.77
722.3
454.79
94.36
611.09
487.88
753.42
235.15
226.87
448.18
3.52
781.95
196.44
119.54
382.27
441
667.9
564.49
45.98
293.42
670.79
325.45
201.29
411.59
78.81
735.4
325.27
525.29
9.29
107.02
209.25
366.11
637.84
118.24
647.54
423.6
797.96
552.22
203.05
635.2
569.99
465.79
176.09
413.71
590.82
344.58
294.84
321.44
636.16
254.91
598.05
696.48
23.78
484.91
38.9
3.43
764.65
760.72
588.26
408.88
306.64
379.08
778.63
439.59
436.5
422.67
720.21
216.25
254.85
593.85
370.22
673.73
666.3
89.15
269.18
535.94
352.75
510.43
28.07
710.76
478.81
436.2
475.99
799.3
718.05
256
484.61
297.48
355.77
589.42
213.78
486.94
690.25
319.86
730.86
247.91
452.97
287.72
401.01
501.66
385.46
566.83
163.03
732.37
620.03
7.79
298.33
769.25
281.34
163.98
373.5
613.14
395.3
344.06
284
384.73
16.71
44.21
96.11
50.28
664.04
556.74
343.9
246.51
597.99
423.41
312.23
693.85
82
441.79
444.37
320.55
174.66
180.39
180.2
499.33
14.82
463
130.31
538.61
70.91
1.07
524.87
342.22
403.63
376.55
782.78
186.11
620.98
670.71
659.35
729.02
206.96
334.55
507.15
241.37
680.18
565.7
97.05
786.09
742.42
409.08
227.83
82.34
308.89
256.66
774.72
310.18
529.68
248.33
116.03
621.18
354.33
739.43
506.05
476.38
588.55
309.4
670.57
495.62
462.67
680.57
146.26
377.52
140.58
349.36
360.75
134.97
405.3
396.7
467.89
35.24
119.64
246.65
249.98
729.91
541.18
778.27
750.9
198.64
477.5
669.07
776.02
223.34
134.25
56.56
503.07
248.23
546.19
494.09
53.23
20.94
746.82
196.44
687.33
407.25
362.52
757.9
227.01
325.11
784.15
479.5
74.91
304.27
520.29
337.17
72.45
455.11
442.49
371.06
620.25
198.49
449.32
791.85
483.74
68.64
224.28
391.03
707.78
58.83
653.92
219.02
655.21
22.75
330.77
481.72
52.97
206.66
103.6
260.95
586.74
62.69
36.34
328.65
265.4
616.04
215.95
714.44
684.78
677.16
416.16
275.6
413.35
684.21
222.08
211.93
242.17
572.2
462.13
298.65
656.57
113.11
685.3
196.51
456.86
481
319.72
693.25
392.37
616.27
596.74
28.38
204.9
376.36
12.68
354.53
268.16
797.93
139.05
75.44
25.57
314.15
97.47
619.64
491.37
6.85
716.63
688.7
191.55
188.78
445.97
785.76
144.94
47.76
735.16
343.73
555.83
539.95
627.94
320.15
521.65
653.97
670.31
465.23
773.3
43.71
33.08
307.91
124.65
329.32
23.35
762.77
85.36
473.69
701.97
48.97
652.57
209.6
84.31
665.79
535.69
696.34
560.72
384.73
522.19
580.35
504.3
17.68
443.13
176.03
461.57
165.38
308.94
159.1
198.2
736.88
524.13
622.1
208.05
44.27
766.85
159.44
750.99
786.61
671.84
589.5
305.71
18.47
607.92
420.12
222.59
359.07
564.8
300.24
24.99
20.72
541.08
761.61
682.5
357.09
634.44
243.78
231.51
353.17
470.85
468.61
229.95
81.76
118.32
115.21
625.81
26.75
454.82
154.53
62.92
483.96
645.01
284.81
57.83
799.42
505.79
35.91
373.59
15.09
653.58
276.2
356.9
476.52
780.91
704.93
725.95
46.09
32.87
712.2
478.37
645.87
684.39
24.16
543.54
465.04
676.94
3.58
428.71
88.01
459.03
548.61
344.82
70.31
378.61
285.38
664.54
352.18
232.9
441.35
446.1
511.08
416.92
39.26
303.07
66.67
699.7
196.42
692.49
173.99
453.47
204.72
643.29
328.58
204.45
72.98
139.12
578.74
753.16
653.33
447.28
250.54
448.07
659.86
0.73
637.24
726.51
405.98
785.52
82.3
153.91
368.86
527.58
363.09
415.28
64.61
283.12
795.66
17.53
235.26
320.88
434.47
40.96
691.07
282.29
212.71
222.1
649.62
151.35
318.57
738.83
264.44
358.63
519.04
603.32
44.21
408.96
534.6
169.99
302.85
239.96
550.95
321.61
168.29
150.47
662.97
787.3
341.77
40.14
461.53
91.33
97.33
768.38
706.29
174.31
566.77
509.45
217.77
421.92
204.16
281.29
562.83
213.56
689.98
143.99
761.74
397.62
138.14
408.73
91.29
669.79
763.2
231.81
625
353.78
51.57
236.81
219.23
575.36
65.19
689.86
740.71
461.75
290.5
294.32
520.38
561.38
589.73
531.45
326.72
88.87
599.27
741.28
501.01
625.08
140.24
714.31
224.55
258.9
772.11
682.59
594.44
340.12
677.88
206.55
503.07
123.99
506.35
610.52
228.86
458.36
339.39
304.39
202.68
308.99
267.88
287.73
245.33
263.42
737.98
713.29
68.51
512.67
257.17
449.13
572.51
277.68
228.19
316.94
400.63
276.54
337.21
666.85
226.05
641.21
692.66
279.28
359.72
476.69
602.43
456.01
786.2
314.54
372.66
63.79
545.07
258.18
229.49
693.33
181.38
754.02
347.08
13.64
3.73
542.37
766.71
225.93
246.65
434.99
289.97
375.7
132.07
58.47
529.86
467.85
386.83
782.79
256.9
127.31
407.67
688.23
793.91
408.12
15.94
736.13
551.32
584.54
462.59
536.53
758.53
173.28
572.25
85.83
670.6
306.02
711.39
292.29
705.52
518.23
353.3
171.08
749.58
5
359.75
344.11
556.4
471.78
64.44
130.05
99.93
725.99
398.73
396.72
475.49
203.04
691.27
779.61
692.85
160.48
73.76
421.19
645.66
32.53
221.54
49.72
494.14
14.53
423.07
362.52
423.86
31.8
149.16
615
285.31
287.57
278.29
186.2
562.03
282.03
459.02
746.69
494.14
587.9
660.25
120.91
543.53
99.71
31
621.66
241.02
230.86
599.74
680.15
779.73
419.97
608.48
680.97
659.06
673.79
500.73
70.32
191.82
575.54
397.72
588.09
324.3
196.04
300.11
26.36
481.25
322.62
248.61
698.8
312.72
465.17
626.91
347.05
333.67
336.22
622.4
274.7
772.4
294.64
549.5
724.9
543.31
2.3
388.69
740.19
35.4
698.7
323.13
395.09
295.57
424.84
77.88
587.42
695.19
173.64
382.3
407.98
439.12
288.88
462.96
402.25
649.75
154.88
649.59
540.02
247.7
42.68
299.95
702.36
367.93
232.35
544.81
446.45
558.54
490.51
761.51
494.55
531.95
464.13
288.34
279.52
302.03
682.35
537.42
594.87
351.85
185.67
388.77
2.97
167.3
296.13
406.75
627.3
774.96
26.65
548.22
149.81
259.71
439.58
8.16
77.28
465.7
558.95
210.73
652.82
439.22
149.16
335.59
556.15
275.51
641.05
760.56
429.63
143.51
232.26
372.42
520.81
557.76
683.96
69.7
94.07
192.92
718.24
181.51
404.35
98.74
359.31
599.4
766.72
292.15
453.49
612.45
754.16
767.95
164.87
243.62
228.47
195.76
297.04
417.9
661.73
794.19
692.2
450.75
76.68
478.2
407.95
639.84
92.67
629.7
225.15
151.83
25.43
356.89
279.38
419.13
271.18
146.98
685.61
275.77
578.61
11.05
52.93
589.52
10.58
549.8
289.91
56.79
231.97
317.12
179.56
298.71
190.21
196.38
340.54
245.33
721.65
428.14
777.95
586.14
672.49
310.83
444.77
215.81
602.68
146.62
163.47
483.48
520.57
8.49
775.24
398.25
529.72
346.54
624.9
617.02
654.91
444.34
578.12
659.05
346.01
477.16
509.4
173.29
154.48
723.58
370.94
689.88
735.35
49.51
263.03
794.92
281.48
629.38
398.27
471.98
210.88
440.97
267.18
98
328.97
589.16
299.64
785.65
562.05
187.13
614.61
295.1
174.92
753.36
479.85
371.28
532.41
510.61
151.88
187.55
252.1
521.22
713.02
236.31
608.67
659.12
578.91
495.08
530.83
98.86
624.57
701.99
595.08
744.29
334.83
378.35
405
342.89
37.88
324.46
495.14
576.67
777.66
375.23
578.23
364.64
110.51
734.84
111.13
416.16
447.28
496.56
747.42
55.96
776.05
101.59
471.59
323.62
322.14
256.59
271.8
669.44
355.62
550.9
586.83
751.46
580.94
76.11
543.15
543.92
332.23
762.47
388.8
580.85
14.12
407.09
400.78
588.85
745.11
591.27
279.33
139.2
586.63
628.58
37.53
49.55
322.59
4.85
133.37
557.83
324.26
618.12
589.43
602.1
101.69
485.25
298.05
28.43
738.85
508.89
407.01
140.19
745.99
604.38
383.08
0.34
162.88
520
614.23
483.93
82.15
720.47
667.89
712.64
601.92
286.57
113.01
435.63
572.48
567.51
546.07
199.91
406.53
287.38
354.47
497.99
712.1
793.21
95.67
8.37
279.25
454.12
343.05
279.84
666.54
645.13
236.65
261.26
170.05
96.13
247.63
393.97
213.87
60.44
360.09
577.8
132.04
305.17
243.08
788.66
748.28
716.07
728.88
786.13
463.45
380.1
524.91
442.24
324.32
620.39
440.51
13.99
773.1
17.47
90.7
234.71
279.99
187.79
485.64
729.6
160.14
502.39
390.45
235.15
319.76
266.07
20.04
636.7
142.14
365.76
257.35
589.19
748.17
52.08
155.62
278.01
480.14
22.09
403.77
221.58
563.59
600.2
488.22
797.05
238.65
11.56
91.3
435.24
385.92
507.56
377.35
408.47
528.7
523.43
532.2
235.17
547.03
355.99
73.87
774.77
548.06
229.94
28.49
225.52
89.6
151.71
671.68
329.33
247.92
119.92
264.43
680.91
533.52
6.32
651.22
208.64
422.48
285.45
271.78
260.61
267.92
37.37
350.84
263.88
700.73
595.47
737.72
333.39
38.22
193.4
231.09
419.51
28.09
148.69
749.22
355.43
682.69
198.73
491.42
268.24
427.95
191.95
339.78
49.07
481.48
616.07
593.01
39.61
380.05
200.27
268.54
645.48
82.71
140.92
376.99
30.89
234.46
343.55
702.04
525.82
552.35
794.73
153.94
127.73
534.53
568.26
307.92
188.09
798.08
72.85
160.55
704.27
603.58
736.34
4.2
438.12
445.53
511.85
489.87
660.95
206.12
178.96
538
41.87
759.91
483.46
734.77
196.38
409.42
571.36
283.22
390.54
662.61
460.7
25.52
280.75
334.29
61.23
181.97
658.21
513.74
376.38
488.18
634.06
613.27
304.08
196.18
474.84
32.91
14.7
259.91
799.77
320.85
477.08
369.79
575.77
407.7
537.04
336.47
139.1
762.66
692.07
276.42
664.26
512.34
719.78
510.12
619.73
221.02
606.17
195.92
680.21
225.82
29.83
469.7
705.71
329.71
535.82
177.22
516.16
789.4
677.99
392.01
727.11
133.54
183.73
63.85
124.28
65.01
567.06
60.64
616.96
743.57
58.69
69.98
329.22
423.76
478.6
344.23
608.8
357.75
664.33
575.35
695.47
442.69
660.16
789.13
34.61
409.29
411.18
154.41
541.19
7.58
50.47
186.38
684.22
165.57
548.77
383.12
444.72
31.39
486.44
104.05
142.23
514.34
512.16
566.26
506.12
676.15
639.98
649.12
590.19
216.87
769.17
665.78
80.62
580.57
549.5
138.89
175.44
486.62
269.13
784.63
231.91
722.2
686.06
729.4
330.01
44.74
321.82
203.96
276.93
282.29
414.05
271.1
713.29
32.57
9.88
537.67
428.71
446.34
485.18
248.32
90.55
529.8
409.42
722.96
611.79
523.85
375.21
341.69
544.84
426.38
432.37
446.58
413.68
571.39
126.96
706.38
288.78
191.9
50.03
398.89
62.13
365.73
483.24
479.95
764.31
604.74
463.61
46.99
150.44
558.56
312.91
521.94
551.03
660.18
64.09
96.01
497.61
128.22
163.6
540.63
73.81
572.64
301.77
196.57
661.13
599.37
722.45
142.65
796.3
405.38
625.45
233.31
22.62
123.45
445.37
277.6
236.92
169.43
794.55
198.76
9.8
741.47
723.17
359.52
303.92
405.06
645.53
559.52
327.5
536.93
119.1
126.51
406.3
399.03
669.09
127.41
181.58
42.91
758.02
631.96
303.51
690.68
11.1
745.97
697.19
140.62
662.26
156.82
793.99
195.59
743.32
35.25
687.71
530.3
542.17
284.6
439.84
291.71
412.77
452.16
764.56
187.96
65.02
23.86
583.44
191.28
1.1
582.65
239.24
742.46
436.42
286.2
92.39
505.12
288.15
223.24
74.04
491.19
603.27
398.9
673.04
644.11
160.8
367.48
378.42
237.18
593.66
19.42
412.08
672.92
178.48
414.54
777.23
456.09
291.61
652.14
591.89
460.51
630.16
574.01
149.39
496.31
794.29
425.57
625.05
678.4
328.48
8.08
650.6
371.06
568.18
429.4
490.38
794.02
127.31
729.7
663.51
523.51
572.13
667.85
586.37
782.19
680.77
550.7
617.69
69.45
122.91
49.4
296.11
649.03
150.63
131.23
295
43.37
468.66
92.28
157.08
768.43
295.79
152.36
261.04
0.51
177.92
552.91
490.99
468.08
714.84
47.52
29.36
144.72
402.76
166.93
158.41
225.36
425.57
555.78
142.8
177.82
131.25
597.85
403.14
303.82
753.8
153.41
636.86
191.02
426.02
764.72
202.06
593.83
178.49
524.82
180.32
302.99
447.27
344.56
55.76
361.42
239.67
49.43
104.87
38.72
148.18
5.16
663.81
684.48
561.69
683.94
65.36
444.76
241
452.06
519.48
320.83
778.2
288.35
688.15
316.12
723.56
691.43
259.51
481.88
731.36
696.62
14.39
732.7
328.71
598.42
240.46
321.46
636.17
519.16
217.69
383.72
746.86
442.99
683.41
562.83
724.36
75.81
2.25
481.63
455.29
751.59
239.63
25.44
297.61
421.83
215.61
775.98
355.24
74.03
460.36
268.37
779.15
678.35
268.82
672.02
688.83
753.16
445.24
466.35
61.08
697.8
535.82
559.9
379.35
232.18
594.79
604.01
467.41
116.1
484.63
689.16
114.8
714.92
10.11
208.96
511.42
787.83
93.52
171.02
298.65
569.32
570.53
781.69
530.26
213.08
346.34
765.61
665.14
526.64
778.23
270.93
500.1
321.22
164.9
254.57
208.34
72.56
227.45
600.76
598.34
493.55
768.48
52.33
283.6
225.51
326.88
304.65
399.79
60.61
473.58
422.87
322.2
396.13
377.77
66.69
191.48
63.38
748.84
719.82
347.52
377.22
700.77
503.38
135.6
473.21
283.8
339.53
614.46
348.6
393.61
736.12
55.98
306.24
23.45
80.56
515.7
392.89
537.2
80.9
551.75
184.31
742.48
478.51
495.81
595.61
471.86
461.96
23.83
411.22
363.45
483.77
683.07
429.59
78.53
425.91
756.92
305.44
551.57
663.36
24.07
401.23
246.63
247.53
432.64
449.58
547.79
736.04
596.94
262.38
655.63
157.88
773.9
455.74
653.97
39.24
103.5
470.78
200.02
400.1
85.64
617.59
641.56
603.55
279.89
330.21
352.02
512.07
779.56
220.11
165.14
672.84
525.03
554.98
7.19
245.85
293.56
495.78
616.87
646.03
567.34
71
602.11
274.06
400.61
314.66
622.03
97.11
462.47
324.95
160.65
654.44
581.42
409.69
17.34
392.89
184.56
733.15
169.48
149.65
190.99
661.38
34.91
301.11
375.09
192.23
573.73
757.95
304.62
781.61
7.22
286.18
499.37
403.88
516.1
721.78
736.91
534.24
474.45
452.75
434.61
467.99
597.17
637.74
62.7
753.36
656.27
177.34
9.53
96.91
567.18
226.04
12.97
645.31
135.46
371.21
506.43
99.53
487.78
530.48
686.49
762.17
181.81
593.49
550.78
570.08
617.5
239
311
480.33
461.38
507.89
755.4
295.66
655.08
390.77
177.24
243.92
256.45
213.39
504.73
219.22
254.49
456.82
96.68
428.36
527.5
109.46
730.1
32.89
543.19
189.86
794.66
325.93
711.09
554.83
506.08
416.19
612.89
578.11
675.82
693.19
677.21
181.74
632.19
7.56
28.95
456.14
279.38
122.41
118.12
554.55
647.01
354.33
517.91
411.09
213.27
450.66
200.16
599.16
510.3
761.24
421.07
739.89
202.41
561.65
634.37
345.05
529.82
382.07
702.35
110.58
197.4
122
440.45
737.43
269.78
40.91
434.71 /

COPY
	PERMX PERMY  /
	PERMX PERMZ  /
/
MULTIPLY
	PERMZ 0.01 /
/
