---------------------------------
-- Permability values for SPE9 --
---------------------------------

-- Permeability distribution visualized in figure 5 in Killough's paper
-- Killough says 'The input data included in the distribution to
-- the participants included a geostatistically generated 
-- permeability field'

-- The values below are taken from Killough's dataset, they are
-- not based on the figure in the paper.

-- Explanation to how the data in PERMX is organized:
-- Under each LAYER (i.e. K-value), 
-- there are 25 ROWS (i.e J-values) under which there are
-- 24 entries (i.e. I-values) 

PERMX
283.09
663.23
248.14
568.92
648.87
257.4
104.86
478.43
7.49
558.09
140.09
474.03
252.26
293.56
288.73
13.2
516.03
444.91
368.14
113.93
489.65
534.81
369.74
421.59
319.16
690.92
225.04
191.11
652.79
18.5
437.53
243.22
522.3
477.46
451.3
557.78
489.01
590.1
752.87
718.42
290.87
217.12
284.24
151.84
600.21
689.74
781.04
212.09
266.81
466.85
599.66
782.1
540.43
653.31
658.03
412.33
1.1
191.28
604.49
356.57
12.87
255.64
167.33
322.59
276.39
555.13
775.68
631.65
698.61
46.45
434.89
510.1
753.22
749.28
147.37
504.35
676.79
120.19
76.05
0.68
338.88
492.42
312.78
310.02
691.33
533.52
400.49
36.97
474.59
67.3
554.89
712.43
774.88
570.08
493.91
418.54
69.5
272.08
73.26
545.86
394.47
241.68
753.03
686.05
220.37
633.48
740.57
657.78
107.67
734.16
58.54
699.43
129.14
444.55
148.18
108.65
108.17
200.09
582.08
484.19
140.87
301.14
723.11
631.92
760.34
226.63
153.74
159.86
518.41
85.5
772.53
653.65
557.08
309.07
714.36
512.02
461.45
772.12
157.72
732.68
485.32
53.61
197.66
112.59
185.35
366.75
187.59
215.62
529.12
371.69
233.56
278.05
637.82
775.94
733.74
501.26
219.77
732.5
796.53
762.05
45.55
706.93
284.19
300.45
750.67
421.43
222.95
785.36
75.89
797.97
430.97
7.55
208.99
744.13
324.8
536.11
744.76
387.37
283.55
640.23
93.61
344.24
41.88
749.82
510.08
456.94
463.52
309.33
135.8
59.69
743.22
64.13
696.48
606.14
681.38
409.76
259.78
12.31
771.64
627.32
703.14
371.23
611.01
522.7
185.89
561.6
574.21
184.28
470.6
777.37
796.34
353.42
401.08
54.43
354.28
399.31
49.12
289.15
227.58
663.79
781.43
88.19
687.5
167.39
544.14
257.47
121.68
141.63
601.1
100.56
632.17
762.71
191.16
517.95
471.8
222.15
30.82
158.82
164.44
297.85
724.7
513.43
588.79
206.68
405.06
80.44
205.75
28.66
88.14
207.68
376.98
6.18
152.59
473.54
219.97
569.3
574.81
390.14
159.99
549.86
217
82.6
368.7
63.75
709.33
120.49
511.01
58.28
154.39
61.79
784.67
770.85
744.04
504.03
201.22
220.62
289.71
110.61
785.97
143.26
725.18
64.77
289.75
736.97
486.09
475.65
200.5
51.68
41.09
42.19
538.59
174.34
337.32
9.52
763.6
416.13
652.18
156.64
643.44
218.95
446.12
723.09
440.47
528.59
14.84
76.48
634.3
125.66
747.98
528.39
139.49
394.95
676.02
451.18
85.23
573.66
17.47
288.91
427.67
441.76
516.72
515.86
235.91
346.11
174.87
2.72
115.09
355.67
181.79
796.34
307.73
206.35
234.87
490.16
760.45
738.56
24.33
106.19
592.7
67.34
574.09
658.46
315.27
49.62
707.5
458.7
759.09
611.68
38.75
673.77
284.9
166.32
243.17
17.11
207.98
411.61
139.57
125.98
543.89
535.87
140.63
411.31
276.19
596.39
575.97
92.73
206.43
425.87
394.2
318.61
782.4
36.42
514.97
213.06
587.51
432.88
538.06
626.37
392.45
410.42
515.36
246.6
295.54
574.97
288.7
572.86
107.33
685.1
198.96
203.3
259.05
27.06
51.5
24.03
642.47
18.73
259.68
487.47
516.93
10.37
86.71
581.23
615.51
21.12
794.83
17.14
757.16
67.79
265.06
175.06
793.92
694.74
99.42
732.27
206.66
316.88
280.08
395.43
61.41
649.33
572.62
196.58
530.61
185.46
354.11
185.89
494.3
192.3
339.13
303.32
89.36
787.59
366.87
120.11
694.42
201.86
538.72
407.95
622.04
661.73
243.47
379.88
240.79
374.79
422.71
471.09
783.49
126.23
582.52
758.82
742.84
637.26
744.52
271.9
658.14
276.55
703.38
657.66
149.14
317.32
155.23
316.8
531.11
393.28
733.26
772.53
416.52
388.4
155.66
494.25
87.89
390.5
172.74
477.99
49.78
651.75
158.86
655.87
501.8
343.31
596.53
607.26
408.67
166.58
365.74
422.03
477.5
694.47
498.16
661.62
501.08
446.26
681.09
344.09
210.75
579.45
247.84
266.56
640.73
148.83
736.32
151.55
215.94
65.76
3.55
166.44
779.98
519.9
624.62
669.36
477.02
504.4
205.82
417.57
187.67
319.27
67.14
588.19
500.42
775.56
35.3
133.45
568.98
473.1
773.4
291.13
620.42
617.02
698.91
289.64
170.43
364.41
12.57
645.6
203.73
452.32
199.3
478.4
766.66
752.51
568.21
448.08
107.46
708.15
654.55
684.69
95.09
677.26
70.25
6.27
347.12
81.79
556.79
3.62
739.68
429.83
260.24
92.32
230.48
336.7
358.45
481.23
636.39
745.09
548
700.59
375.13
17.65
45.85
727.61
246.05
657.74
600.92
78.55
734.49
586.11
791.73
681.69
528.82
97.47
34.77
795.38
129.67
53.9
506.16
21.66
633.43
592.9
441.7
317.81
501.05
531.25
608.72
680.24
600.57
330.9
696.93
76.69
721.13
778.09
82.13
209.41
774.03
744.53
225.31
543.91
101.11
661.4
238.77
526.18
332.32
449.98
555.66
646.18
553.85
716.87
755.03
402.91
144.78
427.72
782.78
222.76
538.9
106.13
43.25
601.17
293.55
26.2
390.07
601.41
591.81
508.84
614.02
738.97
743.56
477.82
266.52
135.39
609.56
561.35
782.45
270.56
32.12
538.12
682.55
599.85
203.53
791.85
770.55
719.68
335.55
197.22
352.86
799.9
376.79
269.74
455.17
363.94
400.23
639.24
317.26
7.12
43.19
513.78
242.12
31.01
764.63
30.33
462.58
174.43
596.36
133.47
246.66
378.23
294.96
114.43
457.56
774.08
224.45
566.92
215.56
37.24
142.24
196.06
274.42
228.4
321.8
109.28
763.15
125.02
533.32
488.17
574.72
61.22
506.22
524
611.47
717.23
318.98
650.73
137.72
383.68
211.61
376.8
388.23
736.3
503.91
436.36
100.1
46.61
566.54
573.58
692.31
338.53
496.48
435.91
203.56
330.57
217.04
653.48
95.51
106.67
212.56
86.57
129.5
248.53
556.7
197.42
537.32
357.29
494.26
37.08
673.34
53.26
517.14
160.66
698.87
773.84
661.58
792.84
116.42
437.67
72.91
121.27
142.88
40.83
271.98
408.29
341.77
782.63
537.93
573.94
378.33
687.56
477.59
27.28
417.35
349.07
652.46
752.7
95.49
628.17
526.24
718.32
561.71
211.62
615.41
132.67
383.53
452.27
208.61
11.09
668.28
503.28
425.87
741.68
177.72
759.71
105.85
266.22
789.6
457.73
703.81
356.09
792.93
150.47
500.52
703.01
301.96
163.25
776.71
613.5
401.49
5.28
567.57
750.29
545.79
297.81
599.2
77.38
410.46
147.31
677.45
732.72
30.08
759.07
484.93
540.92
795.26
616.85
487.92
740.39
451.46
425.99
3.08
608.4
222.18
497.88
330.38
19.5
218.62
272.86
159.7
572.25
522.85
260.28
746.74
727.81
158.03
392.71
319.18
197.52
272.15
414.43
494.83
182.58
499.18
491.86
503.66
282.61
602.39
530.83
81
297.68
530.84
463.76
660.78
367.28
557.93
180.38
332.02
714.07
777.69
190.75
269.57
531.66
602.48
380.89
34.67
650.21
89.72
128.91
26.87
412.55
619.81
357.39
303.74
658.03
482.55
286.18
619.52
86.92
64.36
781.01
521.64
592.95
325.67
507.42
253.03
751.91
673.38
688.97
41.86
122.22
189.57
86.01
497.73
144.42
584.21
545.81
536.65
202.05
753.42
187.05
661.01
121.32
34.65
743.9
157.47
208.17
536.34
200.46
587.76
264.57
101.88
724.42
634.89
302.32
74.23
136.19
508.66
238.23
490.52
134.21
80.19
441.91
22.3
237.43
373.23
375.79
235.09
227.72
581.86
120.86
312.73
411.23
379.26
720
784.14
450.5
290.08
390.87
670.33
497.07
369.55
404.26
581.2
89.3
544.21
667.16
736.8
590.97
388.98
207.79
521.24
295.26
406.62
25.34
757.86
573.58
168.36
761.65
409.34
707.31
256.65
79.62
97.49
211.28
121.55
385.28
113.85
107.09
379.61
759.01
574.97
236.08
325.3
576.97
511.7
103.44
97.9
113.82
282.63
676.94
664.35
414.14
98.99
376.68
782.15
683.79
678.11
401.29
702.15
500.42
302.03
469.84
392.82
553.37
539.68
764.54
139.73
431.54
645.37
650.64
188.42
32.91
384.92
76.33
94.94
227.02
411.08
732.05
247.29
392.24
497.37
209.49
642.1
403.94
569.59
466.69
611.77
419.62
106.58
301.55
392.3
340.62
440.55
243.16
409.88
485.96
384.37
270.55
284.3
320.07
551.08
258.72
293.16
203.82
491.88
285.89
656.5
23.88
492
22.49
289.27
683.86
469.92
791.36
716.89
743.24
7.78
271.14
465.62
10.28
624.14
115.49
773.91
396.45
279.41
698.73
158.37
705.73
624.34
252.87
418.72
199.34
740.91
367.34
686.58
394.09
629.01
185.89
661.13
544.14
232.15
269.52
190.65
346.72
469.16
573.87
365.52
652.6
739.67
382.34
688.45
525.75
665.97
25.48
54.97
590.05
552.06
40.35
602.66
688.4
42.29
274.9
265.23
66.17
391.62
214.32
438.2
440.43
286.9
626.88
692.42
761.94
631.39
91.55
645.07
214.17
799.29
435.48
560.92
9.47
233.48
644.19
510.22
756.65
702.9
766.88
694.61
554.41
70.7
126.64
111.35
192.59
712.54
742.39
747.65
129.31
333.7
624.36
226.07
797.57
66.95
263.59
766.87
755.34
773.75
127.53
198.67
790.82
128.72
168.41
645.96
664.35
549.09
3.89
382.23
276.91
192.08
190.5
28.74
205.23
298.98
768.66
289.92
236.57
679.21
563.84
789.75
424.72
771.11
413.17
592.92
387.01
231.76
689.3
597.04
273.49
240.14
525.64
611.05
413.09
94.73
234.36
81.43
118.38
364.59
556.31
368.43
22.73
597.33
25.05
544.47
63.77
639.89
295.75
65.9
27.37
59.46
275.05
566.19
510.04
340.58
676.39
147.5
50.61
718.78
139.28
667.27
314.56
78.51
37.31
321.46
551.43
276.57
787.86
736.37
50.58
22.89
164.66
760.27
335.62
89.27
443.66
735.45
723.07
294.59
402.83
476.08
508.23
152.5
300.84
59.79
73.63
451.65
45.93
580.13
773.78
667.55
622
344.72
5.6
268.96
290.02
624.9
532.74
420.13
372.57
603.02
8.9
521.76
543.84
61.87
264.06
449.8
91.05
5.52
257.06
260.63
630.29
629.05
561.97
616.8
151.63
521.69
305.64
738.51
520.96
422
36.83
77.44
558.82
631.74
746.99
790.76
701.9
338.49
133.83
124.25
145.21
774.62
50.58
119.34
391.83
438.63
713.07
274.65
705.4
287.78
689.85
54.58
151.15
428
156.23
780.73
247.75
636.6
262.39
616.87
739.44
343.96
728.44
93.55
545.24
193.67
464.95
149.98
331.77
665
741.85
90.47
752.13
670.61
401.38
90.45
110.47
702.86
23.92
751.9
318.85
75.95
699.01
31.51
403.38
208.78
376.02
216.29
105.27
361.76
590.12
72.48
685.02
285.12
227.55
400.19
666.03
522.37
719.51
398.5
788.35
10.9
288.78
182.77
212.36
634.41
142.41
241.75
448.14
6.96
630.23
164.69
72.88
317.9
11.26
637.21
748.04
630.48
770.68
202.3
163.14
315.48
29.56
534.82
246.22
201.87
687.61
364.71
55.26
587.13
304.78
424.81
351.23
451.55
566.98
455.37
410.07
755.99
374.2
587.42
549.66
515.23
114.91
515.19
574.24
771.26
739.31
263.04
528.49
189.25
765.43
657.8
699.46
719.05
356.38
235.86
272.88
241.03
600.66
492.07
720.6
567.5
780.74
442.35
713.92
91.43
210.46
218.41
275.3
498.88
697.35
275.16
145.38
32.51
506.15
11.69
37.35
684.15
518.6
435.52
16.2
245.85
543.12
768.42
285.35
570.95
151.03
291.37
212.19
565.71
748.14
767.62
505.6
487.61
421.49
694.47
396.38
781.88
437.03
465.53
40.37
10.78
322.98
321.85
737.51
361.76
507.54
621.98
573.14
212.27
215.12
654.69
391.05
738.57
250.67
544.08
348.41
376.84
496.35
383.29
35.35
417.27
313.22
399.92
546.81
111.34
44.08
716.87
758.33
605.23
476.97
5.69
344.11
361.15
441.51
188.65
469.32
435.48
439.9
142.35
135.5
85.9
554.08
177.08
279.74
75.46
312.22
196.21
609.85
490.74
394.94
528.95
92.84
622.02
370.92
691.43
709.11
474.38
667.99
623.91
614.37
327.91
785.12
259.3
75.95
781.82
391.76
769.82
687.96
11.83
148.23
150.53
414.34
141.05
0.3
430.72
268.99
635.12
728.14
625.49
203.91
258.83
542.16
742.92
349.01
175.96
167.26
669.72
492.22
781.88
28.94
683.6
340.07
176.96
190.33
752.7
317.65
682.43
55.16
128.28
719.18
154.66
303.99
77.8
689.48
274.47
590.78
758.93
497.05
562.72
539.76
713.57
137.52
652.7
484.44
512.96
694.79
54.44
287.12
115.04
67.12
693.85
126.35
17.12
650.26
682.35
707.23
92.53
108.55
661.66
512.27
127.79
70.43
336.15
586.9
141.68
249.16
370.25
47.8
378.77
168.13
353.54
202.71
625.26
359.9
455.72
15.81
542.32
753.85
389.92
603.14
661.01
423.91
323.59
425.7
374.16
713.33
16.04
118.2
448.67
161.11
191.24
591.2
676.67
104.41
317.63
444.13
21.69
277.59
734.95
32.31
593.94
720.94
75.15
435.95
388.36
503.91
1.61
252.66
744.15
415.29
464.89
298.47
260.46
208.42
371.73
483.12
281.83
474.87
509.47
666.62
665.13
220.44
578.5
171.5
766.93
733.97
296.74
723.4
430.88
186.11
555.38
751.98
317.87
379.58
663.87
549.7
643.16
738.33
728.15
280.11
61.76
646.96
521.1
223.23
570.14
490.73
448.73
2
474.48
608
627.34
409.67
517.58
765.41
304.77
214.06
198.5
3.47
219.42
741.7
158.8
204.86
791.64
498.75
484.68
379.63
709.66
759.17
156.59
580.14
534.87
436.27
290.2
423.59
423.76
378.64
476.33
19.84
538.68
198.45
464.31
707.01
673.89
787.72
588.48
587.03
638.57
265.35
324.16
43.5
205.64
334.97
774.84
594.24
124.01
239.08
116.54
339.58
543.72
736.05
59.91
214.72
509.77
308.42
329.36
522.55
349.52
755.96
184.15
731.09
782.51
472.29
172.35
454.36
148.29
50.24
177.19
656.46
193.26
214.33
675.03
623.29
365.79
80.36
572.44
182.26
31.44
783.07
609.07
231.1
289.77
183.53
192.08
738.45
408.27
358.57
94.06
548.48
606.38
432.83
685.13
360.9
144.36
561.26
608.02
239.58
281.22
349.47
86.74
624.87
649.51
704.38
90.34
437.15
74.05
608.45
524.59
787.89
98.71
475.92
401.12
680.24
41.43
331
370.48
377.09
563.73
788.69
157.33
613.35
500.81
703
355.79
147.3
87.69
154.1
171.95
547.58
551.75
459.22
178.9
398.56
268.41
540.3
646.39
44.36
27.12
528.76
608.72
622.39
117.09
86.92
57.88
715.72
84.62
496.77
398.56
699.47
707.82
49.3
599.68
367.59
168.69
46.3
196.21
319.82
60.74
391.07
592.14
210.24
73.73
343.32
214.13
321.93
417.71
547.35
673.32
382.73
381.22
276.23
550.81
343.25
313.85
755.82
223.32
233.05
421.95
446.3
464.34
4.81
347.61
489.31
393.98
503.75
323.57
265.36
381.11
313.54
109.89
288.16
575.16
125.63
247.79
763.86
600.45
569.28
284.26
440.64
560.35
323.35
22.11
296.11
658.49
639.86
694.11
212.18
420.57
773.93
76
696.86
662.31
455.94
542.05
256.8
472.62
147.38
506.75
435.66
589.09
775.11
207.98
553.2
251.96
464.45
66.96
41.04
49.66
430.2
725.48
213.44
376.13
254.84
295.49
319.48
612.69
723.94
578
126.75
541.82
738.34
121.25
727.4
33.44
636.16
203.57
96.62
527.28
176.72
185.27
300.85
666.15
660.91
531.07
724.89
120.56
679.68
728.05
94.97
414.23
102.36
136.21
264.38
731.54
668.84
669.28
750.32
550.77
276.64
10.99
83.69
40.45
5.13
517.69
148.17
66.19
558.05
36.43
657.77
703.7
265.1
454.2
169.58
771.71
635.88
48
60.43
456.55
177.3
637.52
57.06
60.92
592.77
642.73
0.55
226.65
80.84
59.34
94.12
507.17
372.3
349.39
549.75
567.97
645.28
395.39
502.34
134.72
602.51
142.44
517.97
211.27
25.28
559.38
516.28
397.06
516.92
123.64
157.66
9.13
433.98
419.83
205.81
215.04
694.61
578.07
84.19
432.46
265.52
610.91
323.94
240.76
783.28
354.42
681.14
296.05
716.41
393.35
544.87
701.56
338.08
548.43
686.33
54.22
733.64
613.98
330.33
434.71
2.1
74.45
376.79
429.09
755.79
273.84
179.78
783.24
363.4
356.41
11.01
273.91
724.7
780.33
163.36
334.8
453.28
791.13
44.67
175.35
296.82
701.66
736.63
84.95
771.63
787.27
605.36
230.68
229.68
344.59
180.07
597.89
411.06
609.3
371.88
708.28
332.75
99.74
158.9
688.89
284.34
255.3
606.71
487.32
455.78
76.84
394.99
227.02
31.64
122.15
368.78
727.2
330.79
333.23
638.4
644.35
107.38
313.28
652.35
526.13
212.36
507.7
218.59
177.72
68.13
715.47
156.65
769.18
155.74
580.93
25.38
130.82
617.89
428.33
413.72
373.55
629.95
784.58
351.23
102.83
419.95
142.41
737.65
519.27
162.59
674.56
213.34
207.91
561.79
606.07
406.94
131.68
222.78
144.13
135.97
242.51
654.87
639.75
67.76
477.7
268.88
453.12
529.82
247.99
211.77
189.35
743.88
413.67
529.63
177.74
747.46
37.63
746.4
34.1
497.89
225.75
471.1
485.03
516.16
351.93
313.54
548.59
98.5
50.6
48.76
593.14
590.87
459.85
776.1
773.94
372.48
487.38
710.11
636.74
587.17
278.77
12.68
752.99
724.41
339.76
231.87
613.66
167.43
369.03
2.92
249.99
241.17
420.85
42.08
404.9
106.49
792.01
408.69
565
145.87
545.19
18.27
580.45
205.4
706.06
519.81
169.68
144.7
727.23
779.96
231.53
522.75
640.88
660.65
55.97
69.04
96.39
368.27
338.47
255.17
75.92
159.7
670.59
90.41
650.41
790.8
494.88
540.31
375.96
17.88
652.63
782.78
223.91
158.1
209.36
457.46
772.25
249.97
460.37
48.51
556.62
293.38
447.45
334.94
651
417.94
231.68
776.6
668.14
64.5
532.86
322.4
797.51
234.97
294.19
584.89
63.81
437.78
321.12
391.1
301.25
785.3
228.92
790.51
81.59
456.31
136.98
617.32
284.78
524.4
361.9
137.1
255.21
575.03
608.91
416.05
221.07
591.68
370.9
434.77
756.42
601.42
786.18
268.17
463.85
328.08
202.54
100.67
38.34
797.18
405.33
752.96
644.1
309.67
98.53
312.54
460.31
642.32
749.11
121.85
596.23
761.68
763.15
659.64
366.5
526.46
397.84
276.28
662.11
752.68
125.08
177.6
49.45
368.61
755.66
56.38
246.73
332.8
492.66
8.64
90.75
532.76
22.94
264.37
116.67
445.13
766.72
470.08
49.08
129.03
312.83
332.09
540.74
367
561.57
653.77
627.72
33.32
37.04
240.36
307.89
726.74
542.47
261.23
429.04
181.37
640.94
305.68
208.82
256.47
748.71
336.21
362.27
122.15
136.71
83.69
579.13
661.55
542.66
20.58
221.99
49.99
448.28
425.37
646.02
688.24
548.42
237.95
450.72
141.43
791.47
217.79
680.37
597.52
108.64
605.28
758.68
395.74
186.08
409.29
110.36
262.33
756.45
512.19
641.65
694.42
444.66
700.37
124.54
789.22
392.54
68.49
607.29
162.5
678.01
336.35
403.2
445.98
505.29
286.19
220.9
263.64
187.9
438.17
397.06
468.49
618.64
381.73
480.93
172.42
207.35
128.29
587.24
421.45
566.66
244.18
571.93
117.46
158.39
322.86
248.13
593.81
711.93
425.4
628.64
637.91
685.53
273.6
732.67
654.62
518.89
191.74
104.65
749.53
14.98
160.56
418.72
281
4.13
117.72
338.32
82.61
398.42
653.43
127.86
783.42
551.45
531.79
306.69
417.15
708.98
219.67
486.73
740.81
353.52
12.11
212.31
338.97
649.22
548.62
250.64
756.67
221.84
243.84
753.34
148.3
498.53
405.08
64.21
541.34
667.67
144.31
634.69
540.43
653.26
68.3
381.85
283.94
590.46
135.75
191.45
442.53
327.88
220.85
203.96
291.63
598.44
557.51
385.1
81.21
50.21
387.31
379.03
172.98
629.22
116.64
153.72
698.34
658.33
765.61
114.94
403.45
525.35
389.94
664.54
745.49
242.77
628.93
202.68
6.8
91.9
753.7
114.25
498.95
296.33
312.1
490.59
604.37
58.15
58.77
733.44
229.09
646.9
626.6
339
792.14
215.38
440.41
571.35
257.61
579.73
525.32
377.72
777.28
58.15
713.01
280.78
210.03
201.61
548.71
171.72
32.08
759.87
710.74
465.95
611.33
755.82
531.51
187.71
669.77
25.7
77.65
696.15
269.22
626.9
700.36
627.26
572.83
729.34
17.87
327.75
498.47
772.02
400.05
213.45
213.62
431.82
19.38
350.24
451.32
765.76
345.53
243.5
313.47
219.73
360.62
675.44
720.14
672.97
411.47
753.05
566.85
256.7
55.78
389.67
297.89
156.96
91.05
740.41
430.24
747.87
742.76
1.32
239.91
740.36
355.53
738.36
338.87
467.61
660.6
680.87
457.06
103.94
698.05
696.29
656.14
59.69
197.08
519.57
518.84
46.8
648.64
446.52
137.58
213.8
663.23
273.21
125.17
60.59
519.61
277.77
1.51
715.96
575.82
52.64
35.88
416
376.67
636.97
769.67
708.75
234.48
241.99
483.37
188.69
287.06
173.45
302.11
263.34
728.19
68.74
365.44
518.02
685.79
578.7
193.03
559.05
87.48
727.86
397.07
512.37
351.05
727.38
591.51
789.7
486.15
577.08
357.49
267.89
503.79
270.53
640.12
445.94
468.31
418.82
325.62
344.9
797.02
545.42
557.13
471.46
35.25
337.18
74.9
483.98
78.7
401.86
126.4
470.54
468.91
439.99
779.56
218.72
77.88
766.5
151.47
65.63
336.87
320.7
225.36
42.53
582.13
368.48
250.78
232.48
270.21
401.78
750.2
599.4
745.05
518.55
160.42
405.79
172.88
527.88
415.94
523.61
369.94
406.54
143.96
371.61
297.52
730.97
294.5
725.45
539.56
403.87
445.21
599.21
159.13
24.03
525.09
89.35
48.11
312.15
226.46
61.74
428.12
758.51
251.7
760.38
59.97
751.12
10.42
506.77
340.4
448.98
82.44
519.93
50.65
256.81
537.76
795.14
39.39
795.19
703.54
71.13
260.58
9.75
278.44
634.85
528.49
367.72
615.71
568.73
17.47
123.74
547.32
578.2
161.3
11.26
255.38
245.19
742.14
407.43
15.11
649.79
760.8
467.55
744.8
77.95
754.45
382.58
19.61
335.55
473.59
626.4
681.98
657.25
791.35
388.11
347.68
160.17
247.19
91.26
86.32
33.72
152.91
272.6
102.9
58.2
360.4
155.07
190.05
51.64
547.77
780.2
335
37.61
310.67
477.17
470.85
660.28
285.77
640.72
337.3
90.62
677.21
488.1
440.14
715.58
751.42
672
28.51
687.36
203.23
416.92
178.17
81.88
260.13
297.93
683.3
22.15
264.69
284.64
302.86
399.64
168.56
261.53
179.08
54.57
143.54
497.63
85.59
58.43
224.3
180.11
788.22
297.97
676.18
287.52
485.26
524.13
793.27
614.14
313.23
642.39
236.7
362.96
393.14
429.43
477.86
241.56
466.58
568
544.48
491.29
79.8
566.66
41.05
781.19
375
223.05
69.59
330.48
390.17
798.37
535.11
753.86
176.37
526.95
612.43
528.64
778.78
146.45
377.19
606.03
428.96
371.32
777.71
641.71
761.54
587.67
47.1
732.03
319.22
186.77
271.22
127.16
246.45
592.02
61.08
509.74
437.69
647.62
233.26
75.57
531.97
124.13
791.51
265.55
58.81
775.46
294.84
677.26
792.67
261.04
667.04
29.34
598.82
11.52
737.67
156.36
766.41
289.47
118.51
381.56
632.83
454.54
212.76
671.28
108.28
681.47
142.55
753.66
381.58
278.8
522.62
480.41
387.04
717.69
519.57
424.37
60.75
786.87
648.09
268.17
446.2
274.6
268.49
750.04
388.33
442.95
181.73
183.19
6.94
685.16
658.77
418.8
439.45
535.73
247.96
335.08
749
98.19
389.76
513.2
593.27
136.12
618.46
634.41
594.54
255.67
302.59
576.5
65.31
701.6
654
318.34
688.36
385.31
609.09
785.06
162.89
277
255.77
225.48
497.06
652.72
558.5
722.73
673.48
458.85
187.33
617.73
521.31
762.05
401.33
36.01
564.81
516.99
404.77
236.45
39.08
464.24
262.17
758.86
212.18
503.62
759.87
37.33
683.35
630.56
423.06
792.42
170.56
15.02
615.78
750.24
659.4
701.66
396.8
296.64
792.37
595.44
670.21
582.47
89.81
456.64
201.26
131.32
378.61
29.57
656.79
467
274.96
791.38
416.32
531.88
419.61
642.17
380.95
57.1
35.36
513.73
634.54
595.78
583.19
678.05
554.76
144.6
225.72
26.95
186.09
540.04
735.01
545.95
378.14
517.13
274.83
154.73
124.18
283.52
90.3
223.6
353.69
400.9
380.43
739.68
309.11
705.66
183.55
501.16
1.86
141.59
595.56
567.47
151.93
85.08
314.19
431.59
245.41
692.47
257.67
248.31
194.79
594.71
742.04
124.78
724.93
574.97
61.85
380.72
91.62
535.49
378.01
444.69
542.75
789.02
91.56
538.9
456.22
646.94
320
10.27
748.49
451.34
711.49
520.69
282.75
795.22
30.94
221.2
588.14
152.24
401.15
592.53
696.65
281.89
427.08
47.22
503.68
237.06
198.92
129.01
208.69
543.15
251.5
545.43
82.21
53.1
408.93
696.56
761.51
432.08
135.67
739.08
44.6
309.59
773.89
473.53
648.64
541.07
744.26
555.29
349.2
102.82
145.32
181.73
523.61
216.95
14.97
746.1
457.08
744.9
656.27
565.25
95.36
344.55
218.27
687.7
251.09
367.86
64.34
246.24
318.89
576.32
472.98
50.58
758.77
71.64
496.82
637.67
743.75
447.84
515.49
585.87
348.09
193.78
516.82
597.78
628.13
352.7
38.92
723.76
164.56
794.67
95.67
474.84
144.18
86.52
199.77
498.71
211.17
285.75
297.16
27.88
256.35
694.17
345.11
337.33
734.81
464.13
337.7
391.25
292.43
799.01
277.36
453.15
619.14
620.77
407.93
772.34
482.22
19.97
165.5
147.71
453.8
426.16
156.07
642.11
550.46
269.6
720.99
29.3
232.3
496.79
546.93
701.22
508.7
781.26
399.13
564.02
617.46
342.79
186.52
471.92
739.46
527.26
233.07
129.89
267.44
601.87
735.95
566.67
583.62
56.45
540.94
490.46
373.5
507.87
560.81
91.08
161.16
657.19
422.11
357.84
723.27
255.79
278.08
157.74
190.32
239.91
633.83
573.69
799.27
34.65
4.06
373.69
254.32
663.88
265.16
556.74
449.1
73.5
450.23
689.2
456.2
142.6
419.78
292.36
407.62
680.79
458.26
336.24
739.07
257.17
190.88
169.84
455.11
664.36
234.18
191.4
392.57
542.12
678.92
329.02
736.14
63.03
776.24
224.8
267.83
738.96
428.04
97.3
704.23
33.74
404.32
187.8
498.59
472.78
430.89
469.99
234.42
522.74
267.02
622.33
418.16
391.7
364.53
549.81
221.32
708.94
684.86
342.27
764.73
540.19
30.8
694.8
225.03
687.62
69.37
546.26
314.41
291.4
518.7
210.35
534.06
149.37
157.12
434.13
262.98
326.6
27.54
117.28
689.06
472.34
332.55
275.8
304.78
84.98
258.08
573.69
315.82
338.09
219.31
592.1
135.17
45.55
762.74
681.28
372.31
776.95
73.36
792.3
272.37
253.58
232.45
283.25
623.14
673.41
612.64
578.27
244.42
484.07
118.5
302.5
303.58
103.12
659.83
84.26
363.2
130.77
752.25
382.84
137.41
537.01
796.71
614.97
399.68
190.96
342.71
182.84
718.77
190.47
297.76
701.09
39.2
691.12
126.54
221.32
172.65
445.14
266.62
71.84
708.37
10.63
271.88
572.84
373.27
652.76
91.02
23.78
778.9
675.37
722.08
399.13
325.61
674.06
275.43
623.32
606.26
525.4
478.71
267.5
443.34
340.7
433.69
198.79
91.69
358.27
693.54
368.54
377.48
546.26
551.5
491.72
734.63
259.32
581.44
501.75
331
384.13
551.05
375.56
178.51
252.59
47.94
5.03
605.81
267.88
85.65
300.1
37.02
329.56
611.79
289.03
446.17
468.47
360.91
250.39
279.35
110.91
538.38
145.99
594.53
267.38
708.15
165.45
131.7
346.72
232.31
40.77
126.26
542.91
466.53
83.08
478.13
755.78
26.8
360.59
292.51
768.87
647.57
665.43
532.91
59.2
112.2
167.12
257.12
542.37
739.36
396.1
568.27
167.09
458.79
629.9
463.03
580.28
264.95
228.09
155.16
515.06
561.43
554.27
512.07
574.19
347.73
736.21
273.26
714.58
659.62
67.52
505.33
695.6
260.47
231.98
396.96
354.5
527.89
723.21
533.84
375.18
307.06
762.37
770.19
528.92
728.52
513.93
253.13
780.07
316.47
62.51
514.29
663.6
198.51
580.97
661.24
433.9
701.18
84.37
244.07
694.21
527.2
417.09
253.06
311.29
202.65
725.39
168.54
191.06
150.02
35.57
283.31
512.46
94.31
111.01
743.55
310.54
554.04
608.49
390.73
256.7
294.1
635.22
674.43
156.58
764.65
445.04
685.91
122.52
217.63
756.6
139.61
352.67
565.34
668.33
143.5
680.62
82.5
591.18
87.98
410.11
599.46
594.94
234.8
563.87
441.06
227.69
156.45
623.26
106.73
751.34
233.71
491.36
522.24
640.52
493.97
611.86
24.92
599.54
226.94
417.21
19.22
474.76
418.78
70.44
541.81
622.41
390.07
574.02
102.56
161.54
442.58
388.96
405.28
566.54
174.84
551.63
262.59
747.7
678.82
397.54
247.26
243.9
476.44
529.24
272.82
323.87
376.96
412.26
249.16
11.77
384.06
574.05
260.26
6.25
691.02
636.49
525.44
271.32
763.2
152.66
231.14
423.17
467.25
452.51
688.53
593.84
47.42
566.5
684.9
605.88
775.75
762.66
58.43
439.89
249.57
758.63
276.05
151.89
719.14
26.56
459.4
626.93
786.05
130.98
162.37
706.07
542.83
310.08
172.2
304.04
440.63
482.06
215.83
675.02
410.98
130.71
365.26
750.41
576.38
296.15
481.45
161.63
504.41
50.38
49.13
418.8
494.28
646.65
568.6
183.53
799.6
575.1
287.87
142.13
144.29
351.66
561.32
714.98
120.84
163.37
791.5
798.74
215.19
10.33
656.17
551.89
792.18
537.85
317.77
731.56
632.77
76.26
437.84
181.82
761.25
611.65
428.71
277.46
468.19
530.78
629.66
733.4
541.64
631.82
119.06
293.98
210.11
393.92
226.81
127.5
7.84
651.05
406.05
691.89
568.87
198.22
156.68
75.91
673.57
547.96
609.7
508.18
484.13
400.59
29.58
732.32
339.16
413.98
686.67
618.1
606.48
525.92
137.41
507.3
340.38
395.92
474.1
237.87
279.95
508.64
533.99
574.52
143.44
734.32
78.54
494.31
464.93
159.1
238.79
536.54
330.45
236.1
492.12
501.67
302.77
482.11
42.44
791.72
251.25
579.24
530.1
426.35
604.07
43.98
350.82
648.52
351.92
447.26
619.81
609.98
137.27
687.06
469.84
337.37
191.3
12.22
310.6
472.71
581.78
221.99
200.37
39.2
690.44
404.25
537.63
212.19
707.18
31.35
455.07
480.82
603.24
414.13
409.21
377.86
94.65
42.79
97.97
59.11
479.87
611.88
256.78
796.02
754.57
539.24
655.5
24.63
759.19
368.65
412.92
45.02
526.85
670.89
74.38
462.64
125.13
456.84
628.08
653.04
742.93
115.48
274.39
247.56
252.8
90.96
584.23
252.61
247.03
506.37
424.05
439.31
408.96
186.72
470.85
447.11
81.47
18.45
421.43
279.37
414.05
768.81
516.26
211.96
125.28
123.25
485.57
128.47
255.2
567.36
365.54
262.54
117.27
422.19
636.16
658.5
649.93
530.17
469.23
100.84
632.05
564.78
268.4
519.73
687.68
717.54
340.95
292.89
539.13
32.09
775.68
433.24
304.96
530.34
472
586.09
374.21
7.11
183.01
780.02
541.27
428.17
226.08
50.64
614.97
56.84
133.77
541.76
651.03
489.38
234.51
600.26
337.93
731.49
164.16
767.71
294.77
505.98
505.79
144.86
682.36
532.69
572.5
307.18
640.92
704.37
510.26
272.58
672.5
4.76
222.36
706.87
12.9
400.95
158.38
289.9
427.63
517.44
713.63
11.7
688.33
518.17
766.62
369.57
371.69
330.36
111.05
551.78
28.28
508.39
599.03
58.15
753.12
222.25
331.04
769.13
727.75
349.65
658.4
193.15
611.11
640.48
339.46
644.56
421.36
376.02
425.34
442.24
197.88
85.71
530.48
330.17
791.53
114.16
445.59
102.07
95.11
95.67
446.95
367.2
449.84
208.99
767.66
444.01
109.7
403.96
58.37
375.39
755.85
652.22
343.99
681.16
799.71
581.96
496.95
448.8
489.94
426.41
456.7
466.52
286.25
747.15
469.69
505.33
426.52
606.35
84.58
612.39
656.05
551.86
62.88
298.4
531.6
371.38
530.92
365.82
720.4
486.36
525.4
488.42
783.33
375.81
771.76
39.19
309.8
376.07
671.68
465.74
415.85
585.01
148.37
603.06
502.68
646.76
207.54
681.41
378.5
512.1
633.74
379.26
286.79
36.93
349.81
540.26
74.53
699.18
673.04
182.14
716.57
731.5
8.21
291.91
719.37
136.41
433.79
76.27
51.78
328.75
683.18
74.82
169.5
378.84
447.45
216.36
676.73
791.24
706.89
276.9
507.25
21.33
267.64
280.55
74.6
179.18
185.52
350.32
612.1
449.54
172.5
434.45
640.56
522.09
230.97
783.65
98.89
633.93
614.11
343.06
640.83
94.85
255.37
3.11
627.85
678.79
767.31
654.95
361.86
515.7
495.42
524.19
317.93
712.69
367.55
595.42
635.56
766.96
245.94
783.71
689.49
371.66
155.74
603.1
2.28
25.31
757.53
313.11
767.74
69.52
78.79
586.74
75.55
15.01
779.78
393.67
715.51
519.39
78.82
428.41
138.62
68.95
631.91
225.81
741.71
486.55
731.99
658.22
629.7
689.53
309.22
423.26
664.49
398.3
669.02
363.86
401.12
128.55
761
498.03
338.53
97.38
626.14
169.08
695.22
599.5
163.83
358.31
324.24
58.55
354.47
322.05
34.75
370.74
370.56
585.77
657.08
110.17
97.8
83.5
270.55
495.87
507.96
697.63
47.54
295.03
544.17
327.63
634.15
488.39
773.67
653.05
285.01
31.47
150.34
554.3
748.15
78.81
387.64
382.96
462.99
259.7
628.18
475.85
503.73
227.57
671.58
381.98
351.12
268.06
686.81
651.46
166.93
555.21
545.88
290.42
62.84
229.6
592.07
738.58
44.65
71.21
186.24
149.52
141.46
352.33
785
729.7
594.55
403.8
780.52
503.07
680.16
193.67
664.09
89.02
394.6
576.65
228.97
531.58
67.78
662.58
620.73
7.97
628.55
131.78
146.85
518.77
286.96
684.99
422.09
62.83
765.45
517.32
36.03
263.33
48.78
336.49
545.82
415.76
335.08
770.77
416.33
32.27
542.63
732.38
438.74
314.85
224.26
764.53
414.04
397.01
407.4
756.2
705.73
98.45
207.76
571.6
478.03
407.08
310.32
729.08
641.26
318.18
486.27
539.59
522.86
304.95
359.43
626.71
488
731.9
731.68
588.74
613.68
686.17
487.04
540.56
19.86
406.07
615.4
110.71
222.96
186.52
199.13
747.55
779.76
434.97
112.15
31.68
57.93
446.52
351.06
291.38
372.29
93.65
415.85
579.23
564.35
14.84
530.41
580.37
454.28
167.05
525.34
164.89
19.97
660.63
3.72
104.67
190.04
216.34
627.31
376.67
290.18
283.42
499.84
236.55
528.2
579.32
301.33
747.81
647.5
466.16
468.63
323.17
525.87
710.58
459.72
399.09
474.17
152.45
598.7
103.75
87.23
561.65
49.34
710.25
706.41
382.04
549.13
677.44
399.33
447.35
249.8
265.53
530.67
663.52
213.3
208.88
741.98
570.03
289.98
701.68
765.64
6.95
171.99
385.49
125.72
342.85
321.47
398.74
617.01
129.02
752.89
269.46
722.87
97.26
224.48
229.47
776.67
713.55
757.43
357.8
612.13
388.45
112.27
165.06
533.87
493.75
635.38
323.85
111.5
338.68
272.76
335.21
27.42
604.49
53.86
611.73
392.86
64.34
586.12
522.78
735.61
431.1
734.52
345.62
232.07
723.8
366.41
787.86
165.36
48.25
161.16
363.34
412.47
148.35
555.57
746.06
168.26
230.77
613.43
788.3
286.73
175.85
621.27
316.34
296.77
248.59
785.02
660.58
707.14
282.74
445.21
336.56
100.04
151.62
645.03
695.38
251.33
789.85
329.5
260.82
176.49
52.13
404.42
642.08
656.38
329.59
562.51
72.19
707.34
568.4
627.46
588.8
351.27
559.86
668.42
159.53
379.32
429.95
643.32
541.33
218.06
768.8
40.86
386.16
189.75
435.89
205.96
212.07
587.5
457.42
312.93
204.53
782.55
636.46
530.49
71.75
635.75
253.96
140.71
690.56
723.35
258.6
287.24
447.61
119.14
358.12
76.79
112.1
494.36
620.14
137.02
750.29
307.25
431.22
742.65
72.51
446.63
520.56
441.07
332.12
700.57
133.07
377.27
163.58
528.34
698.85
14.95
798.36
681.2
269.33
291.55
295.44
443.55
174.83
63.32
584.89
461.24
229.32
665.01
169.54
407.54
370.14
743.76
566.75
599.66
447.21
577.11
742.91
329.67
480.63
340.06
80.57
755.71
508.31
202.72
480.22
722.29
172.99
39.31
300.12
268.48
292.77
27.62
430.13
793.24
110.95
180.01
758.49
762.17
561.04
103.57
483.01
90.27
392.06
193.3
604.57
514.65
289.67
344.63
58.82
146.9
252.44
385.61
175.47
409.83
640.35
4.07
538.11
16.89
425.8
774.82
560.19
76.62
568.91
253.99
652.54
747.58
50.4
170.47
172.29
573.06
650.46
191.43
337.55
386.09
249.64
570.13
559.97
574.7
115.82
418.96
541.91
313.57
214.23
131.73
319.56
27.84
165.56
285.86
766.74
363.33
335.63
753.67
762.01
53.53
28
790.89
351.95
62.4
413.15
464.33
137.85
88.11
286.06
372.7
786.08
8.85
665.68
600.25
510.76
38.86
53.65
135.55
750.08
229.65
670.46
738.57
369.92
728.44
74.73
285.23
45.48
608.74
335.4
612.69
685.82
344.94
328.42
402.94
372.85
346.22
287.73
252.48
363.69
386.52
26.26
417.59
348.09
791.25
753.83
309.13
598.92
256.68
369.94
737.25
184.44
637.73
371.61
698.46
641.35
322.41
228.41
414.92
170.64
240.49
147.6
580.24
607.91
545.11
28.65
777
495.05
269.25
280.92
500.31
534.68
206.66
64.04
385.47
44.28
198.74
483.28
464.12
532.16
647.41
85.4
100.22
730.13
712.71
58.52
527.01
426.49
271.74
227.47
492.33
421.05
432.59
567.27
354.13
475.53
219.33
669.2
260.03
647.76
245.29
706.93
69
458.58
22.11
170.13
552.61
745.9
169.8
434.13
494.52
378.5
333.42
20.71
598.73
673.22
713.02
225.99
475.78
626.41
293.64
358.15
616.7
173.77
73.12
478.61
648.54
404.72
352.06
494.74
258.42
345.05
255.24
87.75
378.75
428.21
397.24
225.79
353.69
440.36
654.78
352.98
254.42
472.14
370.29
679.27
701.63
690.33
742.89
587.24
336.16
58.66
353.2
606.51
533.48
67.3
670.74
94.93
121.03
168.17
644.76
588.63
207.83
506.86
389.86
313.31
792.25
257.12
577.17
43.47
272.59
777.73
409.36
258.96
496.87
158.38
615.19
783.93
596.74
496.16
119.44
59.04
315.97
260.88
757.22
350.38
188.71
461.69
651.49
225.03
548.03
705.56
796.17
421.02
599.61
448
622.23
163.94
96.95
772.71
294.15
667.05
366.93
70.91
513.97
393.1
294.58
230.17
789.28
648.51
180.07
170.62
167.66
182.76
178.4
14.21
748.08
562.23
242.17
17.29
410.18
64.17
26.35
95.04
494.09
759.88
20.79
106.06
95.93
576.5
732.94
401.17
334.58
586.08
664.59
451.72
129.22
756.98
146.24
298.82
112.2
747.77
775.67
57.89
460.82
432.91
86.77
795.25
502.53
356.98
600.31
479.6
445.32
483.8
503.1
247.15
312.35
720.71
598.46
264.32
539.39
731.12
396.89
574.04
786.79
711.58
693.62
785.36
152.32
600.23
600.48
431.03
158.96
545.29
658.57
229.73
275.78
695.18
333.88
498.56
307.59
309.47
292.93
470.48
144.35
326.31
453.28
25.94
310.19
452.25
692.58
405.63
601.46
411.85
222.49
516.88
327.26
590.31
131.13
273.16
52.5
649.73
69.06
497.97
295.77
118.71
316.97
774.39
505.37
782.39
677.65
761.72
78.79
768.74
585.24
775.58
543.51
657.97
795.22
405.03
497.46
125.27
556.11
349.5
578.39
623.06
527.75
608.81
129.17
320.52
263.07
289.37
698.5
70.09
30.01
663.72
132.71
411.6
229.56
642.51
754.63
615.09
573.87
489.08
772.41
790.94
646.84
598.94
115.39
667.97
249.61
764.83
138.65
342.07
277.5
575.85
511.76
219.65
660.18
544.01
692.64
275.31
107.28
567.4
58.9
607.86
85.16
375.27
189.09
289.72
478.98
184.58
607.38
779.57
661.4
267.3
155.49
151.44
392.93
293.74
514.72
168.92
471.11
290
324.21
442.04
747.41
762.05
601.96
193.66
761.22
730.89
431.2
138.88
632.44
191.17
707.07
247.09
208.34
327.74
492.6
268.61
382.67
470.37
547.44
538.25
228.59
665.67
655.78
327.03
625.15
768.92
799.49
766.92
393.12
440.94
98.94
57.51
225.38
143.11
145.24
358.58
298.16
325.46
678.68
727.69
541.67
108.97
200.36
408.34
434.81
359.83
371.7
94.36
499.25
632.18
712.94
6.54
442.07
148.61
568.4
323.85
283.77
187.01
306.05
640.9
416.39
774.06
691.09
784.01
213.55
30.62
395.9
480.75
22.04
517
285.72
654.51
449.25
263.31
306.22
85.63
690.99
709.6
717.64
322.28
128.14
592.78
229.5
41.4
361.52
225.92
607.32
402.63
365.93
564.27
610.04
767.61
440.22
116.14
331.07
269.24
377.93
391.8
291.74
301.65
552.22
64.69
2.76
610.44
72.64
380.91
487.17
732.1
401.3
307.77
91.37
276.41
279.54
476.71
172.46
481.39
453.25
215
721.44
104.87
745.01
734.69
699.04
733.06
124.69
41.72
691.32
555.68
745.04
541.68
88.5
90.36
285.07
623.63
481.74
611.36
493.58
507.82
349.89
735.47
255.41
685.73
489.54
251.26
264.46
293.92
490.41
182.27
249.29
8.03
112.36
631.82
438.28
79.12
362.49
757.57
523.74
683.47
365.26
736.34
188.7
258.31
586.7
422.94
778.27
506.38
121.02
679.65
268.6
726.61
96.51
23.37
181.52
6.32
172.01
80.67
318.89
536.8
546.75
718.77
120.49
160.02
519.23
487.87
225.36
258.4
536.02
627.45
313.18
47.54
334.86
710.58
643.2
578.41
536.37
665.85
157.41
49.37
769.96
638.17
683.5
687.23
553.62
114.73
506.32
478.17
798.43
426.56
229.69
773.57
228.06
283.08
284.24
387.41
101.43
498.74
477.02
252.96
760.01
158.19
313.91
64.68
567.86
748.23
22.96
536.4
459.38
787.46
42.51
574.86
171.35
90.92
608.7
286.05
542.11
71.98
794.35
610.33
310.25
284.1
721.45
721.47
671.09
436.24
244.36
765.65
347.01
411.13
271.4
461.53
62.81
294.79
95.02
116.25
18.76
472
150.8
46.25
772.3
175.29
310.54
524.53
588.02
797.61
47.03
784.51
219.01
100.4
467.37
252.15
76.8
63.06
659.94
683.09
608.92
593.31
139.54
653.55
477.26
781.65
296.32
97.99
53.3
677.54
732.74
277.93
473.54
510.26
635.97
524.4
120.99
220.55
564.54
479.19
553.35
412.3
715.45
447.5
148.24
477.94
323.89
381.92
722.84
149.73
548.7
675.63
229.01
464.26
305.19
633.11
3.63
669.97
376.02
3.17
687.03
493.91
601.44
28.58
543.38
613.86
646.88
621.44
321.04
661.05
132.44
708.05
171.14
466.6
355.2
668.1
233.73
359.18
37.79
577.46
725.63
122.6
50.41
77.54
572.08
311.46
373.22
365.76
187.8
195.92
519.07
655.36
623.4
186.03
143.58
162.37
163.31
617.51
98.24
127.29
762.55
611.1
316.75
561.79
182.22
392.73
29.95
102.03
650.78
308.27
363.06
780.01
662.8
331.3
546.71
119.17
501.87
353.55
738.22
353.22
147.68
647.37
689.22
416.36
681.54
52.32
92.85
274.84
370.96
627.46
277.3
644.64
565.6
561.91
795.98
406.35
31.3
558.25
128.82
698.14
708.29
152.18
743.47
434.15
472.5
328.52
627.61
403.17
462.52
711.31
305.95
457
70.87
402.69
789.25
771.03
630.04
362.17
508.17
569.09
791.34
440.27
663.08
101.64
523.51
327.51
144.52
248.31
393.54
425.75
76.92
548.98
734.93
691.74
549.25
206.45
781.11
394.45
512.87
360.49
21.33
294.24
725.33
330.54
87.38
253.84
310.45
221.36
415.85
486.86
275.1
507.15
458.3
706.74
416.3
277.65
446.53
795.93
608.53
123.37
694.92
144.47
467.78
749.97
190.07
561.13
220.75
231.51
459.87
264.24
103.51
353.12
704.47
27.89
316.9
322.28
376.42
97.08
150.14
660.28
156.59
212.64
764.48
795.05
332.58
239.34
348.18
660.02
787.96
34.04
203.82
440.62
649.33
783.96
386.42
619.71
628.2
690.4
212.44
703.52
746.28
646.95
710.63
391.73
213.1
522.47
308.98
92.95
352.91
284.4
303.65
612.75
724.82
307.5
779.38
344.92
182.69
428.48
556.03
191.48
645.86
710.21
26.1
315.2
70.61
245.55
788.03
19.84
219.07
690.23
348.73
757.68
345.52
571.73
245.83
480.67
198.7
769.19
232.4
315.42
222.44
579.44
554.48
386.57
673.76
537.26
256.25
553.5
650.62
752.12
264.25
529.43
192.6
390.72
101.8
500.77
0.01
723.95
95.92
150.68
708.86
223.46
649.67
776.66
46.81
650.04
702.25
257.09
780.95
495.99
84.68
750.8
599.42
151.84
522.09
329.55
541.51
566.07
780.79
348.08
559.66
283.7
446.32
739.47
245.1
540.51
693.26
11.92
518.37
742.12
523.84
353.43
600.57
663.77
183.07
272.69
565.22
614.78
343.15
23.79
278.63
786.09
40.54
15.67
406.17
159.35
797.81
71.8
634.44
265.37
323.35
369.63
732.66
439.68
512.36
256.99
196.08
418.18
521.91
307.17
282.78
600.32
577.56
689.64
625.72
154.91
526.36
579.79
690.37
147.45
627.52
121.12
135.32
646.31
603.51
356.86
359.47
572.81
715.73
472.19
170.15
196.52
52.35
527.16
647.17
713.62
399.89
796.92
472.11
791.07
521.95
217.95
108.25
507.56
329.46
166.95
306.91
60.94
277.83
386.15
14.12
338.54
365.8
651.23
715.57
518.09
722.97
138.53
279.25
456.76
496.94
26.78
185.74
182.88
766.4
633.3
474.37
656.8
326.18
41.51
398.58
42.84
299.52
104.31
470.95
69.08
711.83
128.74
271.04
716.28
35.07
332.59
627.22
537.53
98.61
619.63
89.69
133.74
14.82
422.67
179.69
686.54
528.39
714.95
363.15
516.19
565.67
420.36
86.92
220.44
173.03
390.73
550.2
430.2
654.67
27.31
408.58
192.11
636.61
500.71
551.15
251.19
279.9
361.77
553.27
719.62
732.67
256.08
596.23
399.01
642.06
728.12
507.08
288.21
756.75
697.53
665.13
455.12
338.21
605.21
255.21
170.43
123.87
556.87
0.52
289.17
139.54
206.14
444.91
217.67
169.07
402.81
602.45
197.36
666.6
632.27
639.48
173.11
545.24
427.31
504.1
351.71
390.47
643.68
103.55
698.73
733.13
436.48
791.57
33.54
466.69
555.57
616.72
31.69
474.41
562.49
335.83
605.23
661.28
768.89
504.68
600.01
329.72
797.07
629.65
710.15
53.25
488.85
656.84
161.52
47.89
517.26
182.31
758.54
598.55
463.53
231.07
165.25
736.26
494.24
456.53
70.08
316.36
531.19
74.08
187.83
284.83
143.42
536.54
347.08
339.86
746.52
452.63
474.96
227.78
651.95
401.49
736.84
402.64
532
249.55
280.64
136.85
239.15
87.79
33.89
655.94
388.75
93.08
470.34
739.43
781.89
107.54
547.26
574.45
65.27
258.1
104.74
594.98
445.22
331.77
779.23
233.35
6.18
527.18
173.06
392.25
529.2
450.2
387.05
493.33
526.78
693.69
637.54
615.69
398.32
380.96
437.46
600.62
515.99
248.72
324.04
412.17
337.33
258.91
637.17
722.2
70.63
225.84
186.02
629.62
583.8
67.74
633.99
347.15
343.37
357.81
358
624.69
722.62
269.37
128.37
235.41
491.09
49.76
89.18
143.8
213.26
633.81
414.47
592.27
570.79
687.43
202.5
577.16
396.47
69.91
646.19
187.04
248.49
282.85
400.86
264.23
601.36
740.61
719.24
243.15
12.82
59.53
648.91
228.62
619.22
228.87
69.2
705.65
643.09
513.94
724.98
40.85
358.26
653.33
242.13
387.31
353.64
253.35
396.88
319.04
685.02
638.38
534.89
438.98
44.71
87.68
139.69
658.4
663.35
411.55
258.54
304.78
125.73
688.82
395.5
121.89
143.86
393.89
186.3
272.25
196.71
598.5
173.22
121.75
516.72
634.83
23.09
685.15
635.81
27.76
444.21
35.93
539.59
799.28
786.43
333.72
702.42
686.84
350.65
517.92
765.85
299.77
351.96
289.5
266.92
132.27
758.08
257.6
306.23
271.34
748.75
8.28
197.25
620.67
180.57
330.19
567.04
471.23
387.97
786.34
263.04
29.67
482.24
673.48
282.45
127.2
712.1
188.8
115.24
64.88
699.9
304.76
392.36
621.53
325.13
675.44
459.12
573.33
721.73
388.44
620.48
459.29
704.95
770.69
154.15
793.66
288.65
165.52
340.4
743.33
502.96
577.31
689.41
630.15
62.47
208.14
303.2
210.65
717.72
232.98
219.91
159.72
619.31
224.08
333.45
741.09
300.54
754.14
747.91
684.73
690.05
407.54
314.58
333.03
743.02
279.97
672.04
287.09
224.39
241.13
379.49
419.99
569.56
615.53
331.03
478.13
595.35
77.47
576.69
456.95
618.85
457.31
193.81
336.35
511.43
332.96
87.63
726.92
732.36
666.29
198.96
463
254.39
300.52
30.62
105.59
74.56
643.21
97.25
666.06
559.53
151.51
415.37
29.56
114.59
200.93
35.09
525.76
172.17
41.56
263.64
357.04
65.38
644.32
288.91
36.93
53.72
85.84
148.13
38.57
244.1
319.7
193.07
120.33
629.91
572.22
130.77
551.68
445.04
38.46
797.43
165.71
546.09
366.3
796.47
313.67
68.88
415.8
386.95
145.5
159.54
26.4
118.33
387.45
411.34
295.63
161.07
105.53
543.26
371.46
684.24
467.19
105.85
155.98
610.91
5.13
353.84
414.49
674.28
354.72
585.24
619.17
790.32
3.43
597.35
389
464.44
224.81
240.79
584.27
689.59
303.03
602.77
64.78
62.59
568.23
475.53
361.58
719.18
405.64
263.11
19.29
590.33
130.09
117.76
725.59
364.3
13.98
791.01
118.2
169.45
509.9
656.01
633.87
714.77
468.74
611.53
479.93
43.93
338.42
459
325.99
783.25
51.65
320.98
682.19
770.92
217.53
711.55
221.4
334.79
209.71
344.8
118.66
749.33
688.36
324.35
170.22
228.79
466.39
384.37
243.03
266.74
365.67
329.99
587.93
452.86
256.88
771.96
505.09
524.89
547.14
232.55
224.89
447.6
152.91
512.15
534.88
171.97
753.39
416.09
558.57
386.73
638.47
520.8
436.15
273.36
44.66
257.42
497.71
151.34
478.35
678.55
702
313.71
319.27
0.75
130.18
708.65
779.82
797.51
142.89
0.93
750.67
307.3
97.48
656.51
696
536.29
47.24
206.41
237.33
19.88
402.82
518.46
134.55
697.61
429.38
726.67
618
5.69
153.26
691.36
428.15
380.93
566.83
523.08
791.41
86.32
253.57
716.02
114.28
686.42
74.41
669.15
357.59
60.66
463.66
260.19
341.49
46.4
122.93
260.4
655.04
107.32
780.18
383.12
176.23
602.16
58.73
177.61
680.42
389.08
30.95
533.91
711.61
173.08
799.87
775
523.58
370.27
288.44
245.19
148.65
367.42
499.79
627.17
613.22
729.7
192.62
733.5
330.15
5.11
570.99
702.88
792.63
312.25
610.47
371
744.74
435.72
723.53
523.65
217.44
48.21
299.84
445.92
631.36
400.56
158.92
670.7
798.1
120.84
205.98
217.42
661.06
216.45
69.24
325.39
319.17
111.89
402.04
417.3
363.7
33.43
657.78
184.62
296.97
85.56
131.68
1.33
694.59
583.23
591.03
63.54
460.74
382.45
735.99
52.52
737.31
436.66
266.59
101.54
252.58
507.48
373.48
39.85
215.58
217.58
371.01
169.9
66.47
98.05
0.72
28.57
365.68
566.54
602.94
706.34
214.4
620.01
481.43
273.32
511.85
493.52
233.19
618.35
58.08
631.8
562.36
557.26
281.76
659.77
426.38
267.67
186.98
54.17
446.27
148.86
759.22
174.09
516.28
618.36
779
117.6
557.3
774.11
518.98
516.69
490.39
599.13
466.89
146.89
785.25
302.06
79.32
618.85
1.5
757.65
8.86
78.33
523.11
250.91
30.4
466.97
37.08
352.62
531.92
83.05
200.37
538.26
541.75
56.95
181.84
230.97
306.44
706.96
495.42
233.83
367.93
756.63
137.43
588.72
216.62
664.86
661.17
20.17
6.45
13.4
629.16
320.02
667.01
223.36
779.69
426.7
92.91
251.37
36.1
707.37
163.36
32.07
621.24
164.4
231.32
438.22
295.02
329.62
645.02
153.28
210.92
446.59
769.25
771.51
374.24
590.15
627.48
541.49
741.5
628.46
494.91
274.01
682.34
5.01
193.89
569.71
356.53
613.4
733.59
76.84
199.05
637.12
593.02
517.44
274.47
377.65
71.57
421.85
462.77
458.51
206.74
769.25
120.94
13.36
710.89
490.62
29.61
472.2
44.14
268.69
593.31
211.58
276
678.76
262.48
47.4
184.72
169.48
583.16
440.08
317.23
651.7
490.4
651.09
484.59
369.84
423.38
389.81
476.45
731.52
228.28
171.54
290.29
103.92
374.75
748.92
335.84
191.72
254.12
632.5
658.37
37.51
213.74
613.93
50.06
469.49
548.49
559.49
337.87
191.27
120.6
728.52
7.21
582.79
276.48
114.17
617.13
197.18
254.28
691.1
646.17
47.63
142.98
646.63
115.12
565.5
712.12
637.92
556.66
744.99
607.84
96.64
70.83
102.66
312.43
224.99
345.14
504.22
304.07
83.61
772
464.44
379.46
434.14
113.36
528
500.47
373.21
33.76
756.82
236.84
422.39
454.97
521.58
565.03
81.74
363.08
101.15
351.3
528.41
797.38
415.94
203.08
55.66
201.51
503.74
81.03
675.58
491.47
396.78
231.65
534.87
310.23
465.67
149.16
614.75
136.66
277.12
511.5
601.75
761.75
529.19
254.22
621.6
69.29
574.98
658.7
513.08
521.65
395.24
542.8
67.36
169.4
469.24
341.98
413
475.28
785.71
264.1
221.14
557.39
275.33
468.86
556.57
159.19
564.81
201.37
732.86
571.62
632.22
727.09
248.53
261.41
335.31
99.44
228.33
725.94
234.52
563.24
152.87
555.75
245.63
749.38
51.26
585.23
383.46
612.9
467.67
555.04
396.36
494.18
87.87
323.39
475.27
560.17
219.74
267.21
376.92
787.45
669.79
379.31
311.5
753.72
321.35
35.17
104.44
449.42
415.5
567.57
763.75
762.81
337.16
403.7
236.94
528.95
684.38
230
238.86
689.29
199.67
360.44
5.08
501.53
165.32
266.38
330.17
661.76
623.83
209.71
285.21
500.55
490.86
129.88
402.58
343.84
157.37
562.17
133.1
525.32
383.33
18.98
622.88
134.63
703.77
479.58
443.63
149.62
87.9
624.86
89.8
268.34
376.92
424.69
153.91
346.15
412.54
75.28
126.89
84.16
696.02
417.58
617.44
166.45
376.19
743.26
509.66
405
601.16
159.3
43.41
532.6
56.02
49.62
552.1
234.57
30.65
438.89
780.5
457.94
584.73
594.8
42.75
41.47
255.64
98.96
371.65
776.01
439.88
24.25
0.54
41.59
127.39
659.37
441.11
16.71
568.41
387.92
424.92
661.71
197.22
516.82
784.46
319.39
59.09
112.7
135.42
579.28
550.29
237.28
757.37
294.98
616.82
722.42
340.93
604.32
362.49
749.4
151.55
217.29
291.3
447.93
496.2
634.35
712.82
51.03
483.63
115.77
715.63
641.48
615.92
489.55
414.81
145.82
371.07
288.86
133.22
751.59
198.04
767.74
397.73
490.34
582.6
787.49
76.89
455.49
513.76
599.58
37.54
335.16
678.78
271.95
55.24
785.59
527.53
759.53
721.19
713.89
70.05
433.61
335.65
794.1
127.34
439.91
635.02
401.93
64.04
100.31
409.08
107.39
139.4
707.57
560.08
95.75
767.86
419.05
775.45
459.14
79.49
779.23
703.92
722.27
283.29
11.78
415.95
135.29
364.16
543.73
11.54
84.28
84.92
579.69
450.29
183.7
686.82
539.2
295.28
260.61
188.26
632.46
767.39
204.02
199.99
366.31
633.1
311.92
599.41
616.25
490.45
394.07
629.63
441.55
83.69
354.97
537.52
398.74
137.01
245.82
390.32
184.4
616.12
525.96
770.05
155.86
113.77
539.14
464.92
103
224.28
298.75
579.79
34.57
214.23
249.75
237.32
669.64
374.83
786.7
329.41
779.2
541.72
163.55
771.1
598.78
436.32
334.16
467.89
364.01
638.57
274.47
426.74
754.06
111.54
278.81
742.53
769.66
215.21
672.63
96.11
498.07
619.97
323.74
32.41
474.55
631.41
70.32
121.23
278.83
52.99
744.95
18.37
246.82
26.08
430.86
31.67
524.81
104.7
654.5
256.24
198.51
306.59
559.31
251.09
104.34
410.43
393.52
82.61
788.89
224.1
676.3
419.15
399
606.35
570.51
794.37
798.77
654.89
544.46
187.89
182.75
224.47
214.14
83.04
343.16
611.18
469.96
292.89
409.18
713.12
648.94
36.21
586.37
13.01
416.06
586.13
68.33
611.69
36.58
742.77
170.18
67.08
695.22
85.21
517.48
467.21
744.99
647.34
639.13
739.58
625.58
413.46
589.47
189.86
398.16
347.22
791.8
180.23
89
183.14
65.14
57.52
747.78
446.38
499.92
567.07
448.16
457.97
148.27
697.97
111.31
429.71
358.57
422.72
422.09
481.29
554.98
346.77
244.44
448.99
70.45
319.98
320.1
15.81
446.47
419.76
545.85
140.89
381.23
184.78
722.94
300.16
134.94
313.94
274.3
200.98
416.03
573.58
69.47
83.97
76.61
27.95
33.82
462.65
565.86
430.06
219.02
160.94
154.89
669.98
574.31
63.75
654.4
739.21
192.46
377.42
28.68
200.21
507.97
496.43
267.33
574.16
712.1
73.96
20.83
349.76
94.38
272.34
632.94
522.72
606.87
504.16
190.9
679.93
381.65
46.53
51.08
551.53
787.57
46.6
405.23
508.9
154.82
122.29
667.07
84.09
607.53
382.32
765.36
313.24
468.34
394.95
540.3
104.41
712.48
8.44
384.16
553.57
667.56
226.27
697.88
452.37
691.68
624.69
470.98
246.61
767.81
383.83
277.07
470.74
211.72
734.26
555
189.41
656.88
254.07
259.92
610.57
209.14
397.79
724.88
285.28
113.25
383.19
410.23
335.19
712.21
310.47
4.05
776.59
475.18
266.42
411.12
370.36
518.5
729.51
118.6
798.61
84.07
508.74
37.11
148.44
134.24
707.16
271.92
467.34
614.17
315.36
377.06
690.21
708.57
662.6
555.52
415.13
776.54
745.8
472.02
594.7
5.77
239.7
97.71
616.33
631.68
351.93
320.37
568.3
573.44
756.97
247.05
56.29
94.94
720.11
601.8
527.42
58.04
575.35
2.95
271.6
19.75
335.16
702.25
61.93
348.02
154.03
464.52
537.2
312.34
304.12
110
415.28
466.96
651.29
241.52
77.34
394.79
64.56
174.54
655.47
536.9
159.08
474.77
673.82
36.52
312.06
697.24
793.67
277.44
538.02
34.99
404.91
226.64
568.93
653.91
461.06
150.46
508.61
41.41
328.48
442.23
554.39
82.39
233.56
630.15
773.64
194.53
393.28
693.18
349.34
769.05
529.42
8.49
739.25
325.84
517.63
37.88
596.55
35.79
511.04
575.78
253.43
580.17
427.35
276.27
247.83
720.47
722.99
57.79
753.68
320.9
303.02
512.2
624.48
60.94
721.3
132.69
172.88
700.5
309.1
751.9
723.66
518.96
594.1
160.88
43.1
276.19
338.52
384.82
267.17
29.88
97.91
529.31
776.81
75.32
37.6
739.14
469.48
172.61
583.95
438.44
605.07
236.28
729.17
209.46
530.24
551.08
161.9
348.01
341.68
228.79
522.68
546.88
46.13
441.77
196.12
749.54
761.19
706.24
525.34
698.05
67.77
23.1
286.87
761.58
396.77
519.48
769.43
703.5
235.98
620.71
227.63
519.39
169.53
741.76
472.5
43.02
503.81
248.48
595.95
203.01
499.93
323.99
247.43
288.57
698.53
563.55
103.7
115.39
115.66
403.85
576.11
510.59
679.67
722.75
782.95
35.7
739.23
741.4
406.5
14.73
655.22
362.08
417.28
158.01
190.62
235.74
393.53
399.6
158.24
266
32.72
518.41
539.49
657.05
686.89
114.75
43.43
384.69
95.12
165.43
275.6
390.63
618.4
92.14
18.79
640.1
612.78
747.33
413.01
618.89
519.35
221.94
193.17
564.03
369.37
635.67
34.09
624.74
210.33
125.95
498.02
629.33
562.33
39.26
781.78
6.82
158.61
539.87
773.45
781.68
30.76
303.56
433.68
165.5
235.2
60.51
265.99
101.36
224.79
709.23
570.08
394.31
547.13
270.13
494.93
301.92
653.79
156.28
136.69
529.04
339.46
126.7
314.17
292.12
569.94
636.8
295.67
31.83
635.93
195.93
633.06
502.34
487.89
576.92
151.46
218.74
401.94
496.77
484.72
674.86
507.54
726.49
18.85
351.88
37.28
37.51
791.52
575.62
290.9
551.67
382.64
125.81
304.02
647.05
78.91
296.46
272.34
620.03
346.87
655.77
436.9
199.61
84.82
7.84
321.39
690.93
417.96
325.11
405.68
149.66
584.94
599.52
78.72
788.03
732.49
739.28
780.59
154.16
218.56
119.16
286.28
170.97
193.2
17.51
720.04
132.07
254.54
421.69
131.86
183.18
351.81
404.91
790.3
536.69
537.16
38.77
779.51
319.69
520.77
641.6
563
254.04
266.03
237.84
442.54
763.96
728.32
189.85
3.21
607.14
688.89
728.58
536.73
553.56
230.02
438.54
197.8
129.26
393.39
589.28
763.09
662.34
580.14
724.57
164.44
712.6
445.29
685.16
143.66
126.62
72.34
480.89
610.87
791.8
265.97
263.42
206.63
431.92
407.32
140.72
388.05
593.55
366.95
683
626.75
679.16
162.24
700.95
508.8
794.87
35.73
729.49
741.36
68.8
715.82
409.44
35.1
549.75
423.65
473.63
625.5
203.44
643.79
236.58
387.89
410.39
640.08
87.6
254.81
666.61
359.69
57.39
782.21
705.68
688.59
94.47
199.33
250.21
436.67
43
798.34
701.33
708.48
220.81
707.47
673.28
757.84
772.96
366.49
463.61
439.26
317.4
185.05
331.12
275.54
726.97
246.78
483.66
148.79
548.02
547.18
399.91
510.18
616.67
247.29
445.77
66.33
63.46
171.21
782.71
608.9
321.69
538.19
712.65
385.15
371.84
294.74
464.14
720.16
284.59
435.81
796.57
70.35
531.63
186.35
319.46
74.53
601.88
383.1
768.61
462.34
225.15
681.45
500.77
113.95
209.12
593.98
468.5
581.19
30.6
141.46
319.16
492.73
695.44
778.66
775.22
532.78
461.45
617.51
386.9
631.27
543.31
220.94
673.98
417.18
355.62
365.28
129.89
555.55
92.51
233.03
657.29
576.93
743.31
193.01
319.83
241.8
139.52
564.81
281.97
373.94
21.91
756.86
639.24
308.77
642.28
125.29
27.71
388.61
628.1
197.06
723.91
4.66
98.86
346.38
536.71
602.35
324.53
697.06
180.69
410.78
55
483.21
762.9
140.45
174.69
204.91
560.36
597.53
48.92
433.18
706.63
451.81
646.35
217.82
755.26
262.84
387.94
656.23
266.6
23.67
452.04
374.94
142.34
565.11
149.88
566.42
534.67
300.43
575.77
659.79
461.17
601.01
97.22
503.59
395.01
734.27
559.68
793.61
262.47
469.98
69.54
501.56
297.28
152.46
394.32
350.59
619.38
482.04
757.23
533.62
9.97
47.46
779.77
442.36
87.59
215.84
627.74
26.82
264.68
353.18
48.72
481.61
699.15
586.03
108.08
591.77
571.87
708.47
184.86
735.61
583.41
43.15
283.95
224.83
772.13
573.44
148.98
457.35
729.1
191.44
762.3
553.99
755.81
644.79
715.04
405.13
553.64
519.41
471.09
139.99
262.44
431.82
561.89
704.31
751.02
470.83
697.36
391.88
398.66
105.54
363.54
83.95
336.08
243.35
254.3
474.03
387.62
624.26
219.97
181.15
55.96
68.27
343.36
768.97
250.53
265.21
81.79
722.24
270.44
345.22
380.82
333.1
371.51
7.39
317.99
679.1
487.21
634.16
692.06
730.13
211.21
294.51
592.28
611.16
446.14
215.3
405.36
608.81
541.8
782.42
267.56
432.33
245.31
462.71
41.29
597.75
540.55
165.19
691.62
368.66
183.2
168.11
29.19
588.48
451.35
565.75
445.91
299.87
768.62
259.91
390.2
263.07
664.24
56.71
305.94
680.02
274.77
497.53
17.66
210.63
428.16
798.07
46.83
227.62
408.62
537.06
475.07
787.26
610.14
380.72
327.12
133.9
188.22
330.94
413.08
288.13
79.63
61.78
429.06
134.39
124.13
283.22
80.36
430.3
190.95
415.04
536.73
147.91
143.34
553.66
467.15
369.08
80.8
650.64
120.05
237.01
219.93
695.76
735.49
86.69
541
427.53
416.1
21.01
403.85
743.2
204.88
109.53
652.27
15.75
175.82
230.37
4.78
604.63
503.49
496.93
445.95
666.5
46.62
219.68
565.02
550.11
393.39
69.28
244.25
112.71
28.03
640.23
695.7
277.97
74.14
340.18
432.18
472.35
662.61
551.15
278.95
782.13
214.78
642.93
256.6
217.9
508.38
288.49
89.85
657.56
473.59
250.78
626.86
314.19
11.93
379.68
594.93
109.6
409.55
33.74
654.08
53.32
766.81
515.12
78.02
491.31
266
244.09
628.22
447.05
255.46
275.1
5.38
276.83
67.04
192.07
456.42
214.68
264.23
436.2
224.18
403.37
353.91
746.82
46.47
83.74
652.67
344.89
51.49
725.58
540.67
180.66
623.07
41.5
260.23
769.17
653.71
246.04
315.94
385.09
558.74
353.36
608.6
487.62
687.76
554.4
766.68
369.95
758.37
748.01
753.63
622.3
249.04
757.89
679.59
728.86
763.49
635.03
87.51
324.42
9.77
794.78
50.16
24.84
384.81
275.37
300.99
575.6
683
115.83
202.77
42.28
404.69
559.35
274.48
694.96
774.46
7.27
380.23
233.23
443.52
484.41
525.05
245.57
739.18
455.77
53.82
213.09
635.59
634.53
777.48
154.13
318.94
56.66
137.8
400.91
400.82
356.52
759.8
312.69
736.4
326.23
605.97
617.55
128.42
612.87
192.31
275.78
742.22
426.87
696.8
340.22
790.21
560.52
156.09
142.39
243
629.25
360.35
534.43
485.11
215.26
72.8
619.81
573.16
645.72
515.69
744.08
584.78
308.15
104.56
375.11
583.88
482.23
657.92
596.07
370.7
526.73
44.34
74.39
231.05
745.62
32.8
726.78
603.44
529.76
13.32
415.08
325.65
40.93
352.29
304.53
737.19
785.86
494.71
627.12
112.65
700.02
641.99
8.01
446.85
133.73
739.33
519.19
126.86
252.77
80.38
156.61
254.13
378.87
252.27
320.78
296.67
122.14
383.99
409.42
661.31
507.8
615.4
774.18
272.98
215.43
431
798.86
159.04
401.78
640.96
503.36
87.62
731.26
505.55
453.48
511.67
250.14
324.43
86.74
651.35
685.9
268.39
388.37
559.65
595.46
479.86
239.01
146.37
115.58
25.34
225
714.9
34.13
526.12
781.05
264.08
650.81
456.3
616.17
332.52
5.65
252.58
84.51
95.54
407.44
231.05
178.26
741.37
121.85
636.71
87.55
492.53
691.2
502.21
382.11
186.07
403.58
195.36
586.5
671.67
332.38
665.86
437.96
754.25
183.42
243.93
170.98
39
198.39
553.13
323.33
397.68
193.24
133.33
676.28
584.6
475.41
18.36
154.83
740.17
208.69
755.32
660.26
67.36
409.18
146.81
625.16
331.65
478.97
496.37
317.85
766.37
71
571.75
46.47
613.82
462.8
317.08
691.04
508.26
431.93
103.77
791.35
334.53
392.44
105.92
88.44
718.73
704.25
418.49
557.19
708.25
735.58
333.39
614.12
613.34
409.03
787.09
420.52
0.68
413.6
636.14
390.98
516.57
796.13
259.12
269.37
672.09
527.94
226
230.73
573.54
569.12
640.31
476.28
330.42
414.72
469.22
737.73
98.68
467.78
296.67
466.46
581.66
534.15
108.5
121.57
276.31
797.3
484.26
621.89
193.49
251.33
336.31
310.38
250.98
377.11
780.33
527.24
335.46
41.45
527.23
708.88
563.8
533.95
707.52
730.16
304.34
210.32
201.47
517.76
798.61
256.31
573.93
21.81
88.97
289.04
215.08
790.54
459.64
505.68
313.09
569.62
244.89
204.86
423.19
290.97
172.94
345.47
107.63
669.93
91.81
773.21
307.54
476.77
308.15
105.79
20.5
209.56
750.83
709.88
591.51
228.77
316.96
312.18
306.45
733.41
488.68
302.09
538.55
554.67
571.18
315.75
168.94
392.96
290.83
632.97
290.43
681.05
400
771.27
187.47
795.28
148.5
616.85
787.23
663.8
145.64
359.75
641.82
547.25
565.91
288.55
502.53
9.42
699.7
122.14
543.27
522.35
795.92
410.82
781.06
245.83
717.15
607.09
684.95
598.61
751.31
557.91
286.75
755.7
272.68
137.16
385.75
95.34
648.99
106.18
212.34
13.69
308.21
42.03
597.52
400.97
543
627.29
483.92
589.35
190.19
132.42
63.67
607.51
637.48
310.31
315.55
8.17
330.41
141.69
772.07
337.59
362.24
131.72
93.37
180.29
437.15
523.9
492.48
453.39
492.08
73.62
381.59
718.72
75.27
427.18
1.73
46.67
499.12
175.31
657.12
749.09
534.69
600.95
263.02
624.08
669.4
771.94
745.82
291.7
632.35
499.87
324.98
520.17
181.4
382.71
585.01
716.2
270.1
413.52
494.52
585.11
183.46
33.68
57.93
342.22
207.5
338.7
642.54
160.87
393.03
298.26
440.92
696.3
642.95
463.15
379.74
27.91
448.9
263.27
481.39
446.05
69
461.69
22.42
443.72
214.34
763.86
467.33
737.72
525.82
566.37
47.15
47.6
227.3
245.29
710.32
342.3
740
723.17
673.15
100.24
724.5
217.6
409.82
356.48
78.12
674.3
733.77
30.21
604.9
343.68
96.53
475.25
464.45
89.16
261.55
688.06
644.99
459.89
708.47
640.41
618.72
794.04
311.42
395.45
649.22
670.58
332.47
643.55
578.57
792.69
12.99
651.62
431.37
523.5
56.26
307.67
414.97
305.08
789.74
589.91
443.31
27.5
291.88
690.2
574.39
742.63
415.86
78.91
522.4
498.87
777.96
196.79
384.91
442.16
485.34
246.75
379.11
94.59
744.22
124.74
192.67
643.29
109.2
347.63
763.78
19.83
26.77
534.59
416.53
330.37
10.85
99.54
588.73
450.41
550.62
113.84
542.6
533.41
293.17
308.56
755.11
632.24
154.4
685.98
343.98
194.08
553.61
797.44
95.44
38.65
105.77
594.54
213.45
113.56
766.76
231.48
559.56
323.12
271.48
489.83
642.6
509.61
554.79
444.6
273.96
732.67
459.32
571.61
431.64
338
49.05
637.48
372.25
26.51
736.18
434.92
316.3
123.18
478.27
691.49
693.73
677.42
17.72
51.26
139.34
485.48
520.37
559.81
527.9
472.22
619.39
91.03
9.29
288.42
273.64
157.98
368.22
71.61
787.04
248.19
1.36
711.44
44.58
77.5
336.85
224.73
386.69
678.94
433.67
687.01
561.14
356.55
578.26
779.9
614.79
510.96
685.07
492.27
167.9
40.62
108.52
492.05
641.03
565.74
621.03
73.38
528.3
668.67
277.46
612
642.77
116.57
423.75
437.88
400.35
530.42
732.34
566.69
609.93
521.17
553.81
158.45
792.02
629.32
513.22
512.77
458.88
504.52
286.72
305.25
48.14
152.74
439.59
145.89
353.79
173.58
244.34
68.7
222.95
392.16
245.97
103.21
307.98
160.9
123.84
15.77
457.6
197.77
498.98
249.82
782.39
10.4
319.27
237.17
345.34
139.79
200
116.43
397
796.72
695.18
679
319.12
641.29
53.19
571.16
489.19
377.02
447.44
798.22
16.23
135.91
682.89
489.16
171.58
713.01
164.82
610.89
7.57
342.92
659.08
108.88
498.37
384.55
14.81
570.19
106.36
128.22
798.89
274.51
292.14
744.75
537.59
717.59
233.88
740.41
237.06
762.5
683.83
132.21
169.07
346.01
143.8
351.66
193.39
444.24
775.74
105.96
211.3
673.14
749.81
611.2
78.86
590.87
307.96
470.92
311.66
693.78
136.05
271.23
281.01
246.17
540
613.77
441.69
768.94
148.23
606.72
533.29
503.04
427.21
67.95
179.81
548.74
483.48
109.81
80.8
780.16
84.98
282.15
288.41
125.48
105.41
126.47
713
179.7
488.21
597
131.79
3.89
484.88
128.82
150.66
228.21
265.92
15.74
517.93
33.16
624.84
728.72
42.72
362.19
760.29
773.41
267.73
477.64
371.74
676.21
609.08
488.58
27.86
575.71
162.2
461.39
303.53
551.24
499.81
398.86
300.79
362.83
357.95
457.54
539.39
756.75
376.83
168.77
378.4
624.5
362.32
700.92
133.92
627.65
269.04
168.1
378.67
195.71
94.57
438.18
473.36
536.63
602.93
246.79
309.94
386.23
275.48
3.49
368.76
167.64
107.38
665.12
106.89
501.95
267.11
254.26
74.37
555.4
167.07
322.35
412.42
386.59
366.46
410.59
195.81
27.3
703.26
538.79
502.27
210.25
384.83
150.29
207.85
799.45
655.17
306.17
270.59
689.79
527.32
459.68
696.3
269.62
407.83
655.32
754.4
221.34
537.66
791.21
67.92
718.8
186.93
654.88
368.56
443.88
307.54
759.32
93.94
476.02
41.85
491.93
202.03
406.96
39.13
22.32
468.06
358.08
89.35
336.14
222.16
608.19
113.48
559.12
772.91
578.93
59.55
342.71
420.11
722.79
762.21
102.79
305.43
409.93
469.26
256.99
560.62
515.33
315.53
578.38
281.67
265.48
104.75
553.79
80.42
268.24
393.71
12.31
435.92
787.81
489.02
201.63
762.77
647.89
252.64
297.7
288.45
275.51
720.7
366.86
32.25
489.55
280.96
194.44
741.77
417.29
188.19
470.54
714.88
162.41
381.34
478.21
588.17
492.11
437.61
685.13
595.76
219.69
229.77
72.43
413.88
46.53
433.95
464.15
630.96
177.36
560.38
298.5
313.06
228.88
179.91
25.4
84.39
750.77
273.19
622.43
618.39
454.89
163.74
714.83
580.16
784.35
478.59
56.32
341.79
733.29
511.13
72.94
391.11
33.28
209.82
293.3
171.97
588.9
433.69
115.3
73.07
685.64
417.36
693.65
108.51
706.82
644.89
469.08
675.67
550.83
73
109.73
609.52
290.04
282.47
123.7
539.36
681.18
146.33
379.5
738.88
786.31
636.91
562.67
355.69
713.62
297.12
595.46
584.07
283.7
773.32
136.37
164.96
56.4
462.04
167.22
526.05
481.62
372.16
352.88
576.22
41.49
382.86
782.65
769.35
233.31
395.01
467.37
170.31
311.25
176.43
426.78
313.69
397.02
564.91
113.64
171.71
502.63
634.67
385.64
698.68 /

COPY
	PERMX PERMY  /
	PERMX PERMZ  /
/
MULTIPLY
	PERMZ 0.01 /
/
