---------------------------------
-- Permability values for SPE9 --
---------------------------------

-- Permeability distribution visualized in figure 5 in Killough's paper
-- Killough says 'The input data included in the distribution to
-- the participants included a geostatistically generated 
-- permeability field'

-- The values below are taken from Killough's dataset, they are
-- not based on the figure in the paper.

-- Explanation to how the data in PERMX is organized:
-- Under each LAYER (i.e. K-value), 
-- there are 25 ROWS (i.e J-values) under which there are
-- 24 entries (i.e. I-values) 

PERMX
163.28
214.69
366.22
510.5
194.23
412.79
40.21
433.05
145.16
612.93
388.91
290.58
610.34
421.25
679.5
599.71
488.41
148.48
370.17
456.71
382.98
169.55
503.65
502.02
589.92
35.4
201.5
702.51
598.49
337.25
218.82
60.81
697.48
481.59
130.59
213.01
309.18
531.5
382.49
282.58
389.98
409.15
705.81
92.17
422.37
464.49
465.4
246.41
438.4
50.18
430.73
518.86
509.26
123.57
478.12
145.03
220.69
423.01
548.92
469.42
673.67
704.75
539.88
18.63
117.37
619.54
344.88
578.15
674.47
369.88
362.05
452
85.68
323.58
358.56
445.96
449.89
316.69
436.07
561.84
307.41
436.75
20.52
83.45
705.33
73.37
470.45
708.62
334.98
445.4
324.37
608.43
243.72
316.24
259.25
24.32
47.86
586.62
17.49
198.99
206.14
415.43
773.56
42.14
342.03
162.57
426.3
181.9
680.64
565.91
478.94
223.19
1.18
382.88
343.32
248.63
272.47
239.31
329.74
129.41
791.13
516.88
223.71
364.54
361.66
736.3
34.26
184.96
453.31
113.43
656.29
725.26
786.3
734.79
171.73
618.32
462.76
73.87
580.84
45.92
40.6
324.59
63.62
436.81
284.64
151.43
514.36
654.18
658.41
481.19
136.46
112.05
288.05
363.42
785.34
125.05
91.74
24.1
783.55
176.94
612.29
447.94
580.84
527.24
559.62
123.6
417.37
449.69
578.37
601.84
546.83
397.36
702.4
608.42
399.89
281.25
683.93
615.46
428.4
586.02
705.47
783.84
59.23
431.95
304.22
234.33
688.37
753.2
719.63
172.66
424.69
434.4
40.93
749.23
705.42
705.32
783.69
507.9
388.28
411.36
764.98
553.9
371.43
305.14
154.25
402.14
760.13
219.49
597.09
766.48
438.25
537.01
308.33
696.41
287.45
715.73
615.55
33.08
509.64
786.56
313.81
201.55
548.97
103.1
530.33
146.14
33.11
150.23
598.33
797.06
699.97
659.14
267.03
679.03
153
281.32
551.64
345.36
169.69
641.55
68.3
649.6
267.66
26.76
259.7
344.1
647.31
612.68
41.17
158.16
199
609.94
61.96
641.39
469.92
630.23
286.13
760.97
469.73
584.56
551.17
255.91
663.6
652.93
369.97
101.31
314.83
232.07
732.35
779.74
180.02
449.72
794.9
663.46
116.33
37.81
578.05
537.06
592.47
320.37
98.19
706.92
642.86
650.63
107.73
204.26
593.13
117.71
294.65
136.84
311.4
403.92
367.28
330.61
12.4
607.22
117.63
193.23
519.53
116.35
475.09
225.54
415.78
414.03
241.79
296.13
223.89
393.67
296.23
768.11
176.03
696.63
548.86
798.69
60.83
3.07
370.78
400.46
147.31
62.63
228.89
269.13
350.41
748.55
326.32
436.02
571.85
64.97
190.45
695.26
15.99
787.19
26.84
517.42
235.57
226.92
325.96
667.77
127.75
622.47
531.59
269.9
401.73
510.62
163.49
789.38
450.83
110.38
106.24
284.32
704.72
168.07
498.62
94.05
58.02
645.61
679.1
512.25
337.27
150.98
299.55
661.13
782.1
166.8
271.03
334.94
642.35
248.27
6.46
372.59
503.53
175.64
432.7
447.03
105.53
91.74
327.13
253.87
269.93
58.95
489.97
573.9
365.11
531.25
113.34
699.34
153.73
165.07
735.97
402.53
431.1
146.97
16.55
398.73
402.9
716.8
201.62
380.6
165.94
230.59
422.26
394.84
205.25
780.68
401.14
37.22
509.14
671.2
537.23
741.1
757.41
110.73
371.4
533.47
372.14
148.18
420.1
796.91
38.14
202.97
735.69
567.24
758.38
198.35
700.61
114.41
528.02
710.1
518.56
93.95
355.97
364.4
47.14
584.95
416.33
777.54
95.15
786.15
33.78
460.55
375.16
352.09
712.38
252.52
163.23
483.44
9.52
664.3
550.94
497.02
100.7
730.6
450.65
554.87
130.62
119.28
398.92
143.46
113.44
772.76
688.95
171.08
584.54
501.13
691.36
195.61
352.81
241.51
459.01
683.1
646.23
549.6
692.3
601.96
627.08
16.35
674.32
320.62
260.91
342.42
140.15
132.37
222.99
766.74
489.83
776.3
669.89
456.36
166.78
360.11
471.47
498.96
333.32
389.41
513.74
142.73
198.43
178.05
367.2
520.75
266.75
726.86
365.18
86.12
619.58
2.98
189
373.96
612.82
252.51
68.03
658.89
226.74
97.8
180.03
50.39
684.14
437.01
503.45
326.74
151.21
416.63
69.23
776.32
62.31
631.49
221.39
538.87
456.82
632.05
256.99
295.07
670.03
767.08
590.94
318.07
350.19
274.26
651.55
73.74
629.21
464.24
82.32
785.24
646.41
324.51
732.36
221.37
312.56
250.14
239.95
705.03
726.76
415.22
795.03
733.77
721.72
126.22
478.37
203.7
231.39
223.74
709.01
294.17
124.37
233.24
537.87
404.46
629.93
201.67
274.94
328.99
590.79
698.23
560.96
331.5
220.35
591.06
105.65
491.84
158.97
588.74
88.93
606.46
608.96
680.01
733.03
316.09
501.08
523.81
581.41
518.16
63.37
542.27
654.08
13.04
308.42
589.47
664.76
616.99
502.5
705.86
445.75
184.43
67.43
645.61
112.23
584.69
212.35
156.96
464.69
115.61
370.74
748.85
22.01
261.22
367.46
664.25
598.12
49.58
449.7
352.34
689.63
369.65
697.88
633.61
204.08
631.89
390.03
489.34
598.08
84.13
769.48
129.94
510.5
68.88
431.18
693.03
489.37
82.79
744.96
318.34
291.5
119.93
366.79
482.49
468.57
25.59
230.01
790.41
290.87
62.81
632.23
602
520.69
443.97
370.32
312.19
486.9
666.78
610.83
284.86
740.09
656.28
691.53
548.02
511.8
283.95
462.28
285.82
192.95
161.02
218.09
277.57
787.87
299.75
135.22
17.16
161.04
299.02
429.8
570.63
116
579.16
135.77
307.19
15.79
138.7
731.69
609.01
207.22
254.32
674.15
494.58
113.4
23.14
286.04
656.56
474.48
479.19
595.28
35.99
156.09
747.08
435.14
63.13
323.2
176.06
282.26
423.49
612.98
213.23
362.52
302.07
197.62
357.72
509
682.86
750.5
615.55
356.08
292.41
589.92
91.46
145.51
658.27
678.07
644.78
11.68
491.98
621.97
273.85
406.98
756.45
106.64
670.46
41.15
528.74
440.08
75.94
27.17
451.94
601.46
625.89
228.82
596.89
530.97
449.22
664.69
97.98
24.14
151.66
487.68
33.79
331.64
377.31
191.49
83.09
300.92
467.27
679.71
687.35
290.42
240.48
237.08
604.06
117.91
256.09
46.87
731.47
481.54
641.44
464.42
289.89
661.72
505.62
773.84
616.14
57.5
466
188.23
372.26
371.93
250.49
374.97
528.47
586.93
125.56
765
580.68
287.98
198.16
454.07
99.59
603.03
270.87
426.46
591.97
388.74
36.28
707.24
78.3
256.53
75.46
439.97
260.73
185.72
67.34
751.65
679.51
508.99
712.93
474.52
601.39
31.19
741.17
449
214.17
574.12
282.77
735.32
714.36
629.72
365.39
301.25
89.48
363.98
353.69
744.28
74.8
454.49
509.69
456.91
705.31
459.6
38.43
487.1
408.99
456.96
61.74
253.84
646.67
343.41
500.69
22.69
305.63
591.2
477.28
713.33
695.78
267.43
495.97
363.44
755.83
90.08
493.58
390.55
398.27
518.61
650.62
710.4
739.5
200.47
143.18
524.84
790.24
247.33
348.8
539.61
631.76
502.28
655.84
550.1
352.25
216.64
15.72
340
576.66
125.39
87.38
438.14
9.86
349.69
244.6
472.77
559.32
359.08
786.12
126.95
259.1
212.63
210.65
703.81
11.62
783.51
719.1
454.93
198.9
224.77
722.84
241.11
767.02
224.1
794.47
709.31
603.47
327.69
207.79
562.4
142.72
374.61
366.81
287.23
279.01
132.28
266.22
322.9
643.84
168.64
176.77
92.91
320.88
321.49
542.22
63.99
587.1
56.05
252.33
542.16
257.51
789.48
132.8
0.02
244.05
795.92
319.1
605.76
444.64
440.27
672.69
109.86
544.52
548.95
517.23
739.49
145.38
155.52
367.38
654.7
700.76
15.46
430.03
778.89
509.48
40.38
537.81
196.45
122.7
125.18
205.19
697.65
438.73
586.01
128.6
435.86
217.76
3.65
271.11
112.46
66.21
337.68
467.81
37.92
644.31
425.21
365.54
57.87
240.74
431.46
463.9
174.86
540.15
511.79
500.89
167.82
533.46
437.07
125.71
725.88
132.78
556.16
475.25
185.74
217.43
95.78
685.57
614.12
68.98
4.8
240.21
273.54
793.91
567.92
228.54
399.27
324.59
261.28
494.6
663.82
747.27
669.78
476.1
584.9
177.02
452.17
238.7
764.92
175.19
288.87
188.77
25.64
421.75
373.75
113.97
114.85
145.88
173.09
608.32
114.04
570.55
712.62
462.53
569.75
200.69
543.42
364.02
536.22
437.44
695.68
776.54
705.48
347.41
660.58
769.55
240.41
177.9
409.03
550.34
113.56
528.08
22.84
35.42
540.08
654.36
635.14
291.22
502
154.38
790.68
156.23
672.08
624.5
579.86
655.5
84.34
288.98
689.01
258.54
388.57
461.42
783.76
73.89
710.7
370.53
399.01
739.81
576.58
674.59
322.51
597.31
64.89
798.76
779.07
535.23
733.67
560.26
181.49
602.2
362.99
797.16
81.61
5.24
416.48
429.3
169.78
496.31
358.43
137.66
793.89
414.12
722.77
43.01
239.69
1.8
361.98
391.91
130.71
475.06
767.73
266.88
694.26
31.58
387.64
392.61
472.85
125.87
46.22
774.4
549.34
541.78
714.14
419.52
398.88
380.46
211.37
498.23
464.17
636.95
382.36
85.13
65.67
751.79
149.46
561.98
637.25
531.02
243.43
606.06
641.55
40.59
70.32
145.6
722.92
527.48
477.28
582.11
397.06
40.43
178.94
306.42
252.34
611.74
38.29
565.63
155.03
735.46
402.68
404.34
161.52
757.05
708.54
795.04
454.44
784.93
343.86
658
309.88
189.6
624.08
799.1
746.95
701.72
542.91
274.09
443.23
116.08
625.82
115.68
363.14
162.94
227.28
636.43
155.92
2.6
128.63
384.63
314.59
703.34
447.44
576.62
779.85
676.83
531.25
628.08
736.44
218.93
633.77
294.91
300.24
646.73
49.5
617.42
636.6
316.66
196.66
694.07
766.88
221.33
211.75
688.61
532.68
281.54
497
305.66
108.33
686.89
330.39
640.93
599.3
554.82
626.58
608.17
50.15
571.31
412.38
505.38
688.65
444.41
669.19
266.63
113.62
585.41
456.13
171.2
52.2
727.64
790.27
563.65
771.24
419.08
276.05
237.59
399.4
70.16
391.4
219.13
251.41
609
63.83
382.7
416.44
237.35
481.65
441.08
504.83
515.97
553.6
83.21
390.97
602.18
48.39
174.35
519.45
603.48
166.26
599.69
770.77
472.37
707.21
324.33
267.34
12.42
145.02
343.14
256.4
743.12
620.48
399.63
326.46
174.14
321.8
57.26
585.99
613.14
642.55
66.2
97.41
241.34
459.72
311.09
169.29
239.4
496.16
116.78
566.47
173.92
687.23
520.33
208.39
643.32
683.49
28.23
344.31
512.27
120.48
773.56
236.87
109.59
557.89
219.4
246.89
673.03
225.79
166.15
130.28
754.4
348.43
195.95
508.41
32.14
69.58
614.38
352.89
173.63
332.86
41.73
769.5
317.55
642.9
717.23
329.07
648.7
426.67
782.25
273.68
490.45
345.96
606.23
244.18
297.22
482.68
451.14
175.54
343.93
661.92
208.06
362.6
671.69
197.59
796.6
426.93
224.1
634.37
17.57
356.31
479.87
34.89
386.16
363.01
521.9
227.91
150.2
72.66
676.83
352.42
104.19
575.31
6.5
88.27
781.51
413.37
663.16
548.37
181.46
515
139.04
572.63
23.07
229.19
561.55
607.87
144.18
668.06
580.99
185.08
295.26
394.32
210.76
756.44
369.19
402.24
283.09
182.1
77.54
389.58
60.98
447.44
725.62
60.43
293.1
189.27
646.54
216.33
147.1
70.75
143.21
591.51
763.77
488.43
408.15
594.02
797.72
798.19
623.16
291.88
521.7
781.84
125.77
179.11
31.3
360.84
236.21
731.73
528.68
139
380.57
577.48
259.24
493.74
489.73
791.92
246.36
526.32
703.28
215.09
13.62
299.28
698.69
336.3
235.97
551.19
431.68
91
321.35
383.66
14.37
123.77
623.24
443.09
64.94
67.48
709.39
35.31
306.95
550.42
332.33
314.88
212.06
680.41
330.14
265.13
149.45
167.31
673.74
102.97
700.91
686.75
434.45
100.23
692.98
162.94
686.48
251.05
166.53
349.18
365.9
428.76
117.43
281.84
727.51
689.64
36.66
559.19
399.87
251.49
681.14
150.6
439.49
559.63
513.58
235.27
609.89
456.4
388.66
736.13
537.91
18.6
789.14
483.52
369.88
773.41
388.54
176.81
168.32
233.54
110.56
34.74
277.01
266.55
255.66
206.95
541.62
770.86
39.16
179.32
54.01
433.58
550.19
234.19
581.94
328.3
548.72
43.44
640.24
480.76
369.42
234.34
745.54
89.61
640.64
644.17
193.36
472.79
233.96
752.2
423.07
224.23
684.1
278.89
218.63
669.12
452.33
85.72
516.69
720.52
187.61
380.25
624.49
111.19
308.58
778.49
138.34
184.49
400.31
536.67
248.63
678.07
568.11
722.1
504.77
772.87
708.15
637.66
144.32
676.26
427.71
37.08
573.45
386.67
547.02
97.32
539.21
626.95
10.38
25.62
240.94
134.94
727.28
171.27
577.56
408.13
491.79
87.8
77.5
57.88
727
348.84
436.16
323.19
59.65
158.53
11.75
566.44
688.38
116.62
293.09
26.71
672
532.24
440.6
512.46
572.63
346.07
259.48
292.95
683.81
527.13
642.33
315.61
656.82
476.9
280.55
442.82
195.3
316.86
619.07
111.12
386.96
274.11
5.7
123.73
301.03
154.62
276.26
140.77
612.74
408.17
749.21
413.67
104.18
11.74
48.86
764.13
517.96
69.43
606.69
400.03
101.4
49.84
392.23
338.13
510.19
531.82
576.19
575.09
540.95
502.99
49.21
167.93
367.44
696.72
481.14
305.99
330.94
767.94
264.76
14.36
780.95
583.39
179.36
771.8
555.73
50.76
690.98
234.28
376.16
516.43
363.42
686.9
622.84
693.07
692.64
52.67
787.04
691.6
135.77
283.58
220.84
792.37
743.48
4.61
441.62
55.89
695.88
719.77
591.95
663.15
394.53
145.91
439.81
275.64
727.52
266.88
365.03
360.16
18.96
283.02
272.93
711.65
463.74
276.85
54.45
754.95
474.61
647.86
59.94
584.05
375
760.04
715.71
591.25
778.32
493.17
250.77
410.94
140.02
248.9
313.18
637.01
662.37
365.81
416.44
741.99
536.4
552.9
410.07
768.73
731.35
272.23
375.92
649.54
778.36
630.99
772.51
405.56
439.58
423.06
364.8
298.73
576.9
31.7
102.87
216.73
170.09
536.05
799.78
760.56
205.61
714.71
82.36
728.77
456.79
229.31
536.73
639.38
35.81
329.05
794.67
302.12
269.18
446.28
311.89
218.06
193.37
453.5
451.09
724.54
502.87
11.19
64.75
148.41
81.34
50.8
563.59
370.29
397.76
241.85
33.51
70.08
81.79
704.87
381.32
516.32
434.54
652.13
291.88
685.33
548.32
510.6
310.6
796.65
609.14
135.38
561.33
577.2
164.58
711.16
378.64
339.53
613.83
562.9
272.36
165.48
216.08
388.15
4.87
680.16
734.65
752.32
43.61
437.57
133.22
645.51
548.11
114.38
291.4
515.81
772.55
441.3
322.17
631.73
183
793.67
535.75
122.78
567.19
351.74
187.26
62.05
636.54
237.6
101.2
504.51
592.36
0.55
32.06
413.8
343.22
772.6
727.52
471.9
60.57
635.71
701.9
710.53
192.93
493.86
54.54
522.57
663.12
385.57
353.5
317.03
437.73
615.79
598.23
636.45
460.57
777.39
223.74
261
293.04
70.68
740.66
517.08
27.5
148.16
498.45
214.46
431.9
698.11
356.44
622.68
4.73
151.86
571.28
699.76
458.48
360.43
496.21
492.14
8.58
397.18
411.76
298.15
288.92
653.11
656.51
691.67
540.45
260.76
558.39
487.45
628.52
510.2
50.74
794.4
74.46
440.91
557.33
130.3
247.8
657.61
48.38
692.32
149.71
24.6
453.21
475.85
62.13
197.32
140.11
151.73
458.24
184.1
27.85
16.53
97.66
702.09
783.49
779.35
172.26
553.16
394.92
625.06
729.29
547.19
537.06
468.04
511.86
647.69
57.54
611.06
137.98
666.79
641.76
674.8
744.68
699.82
526.95
220.54
208.84
541.04
41.47
451.92
598.05
437.09
575.91
536.36
136.87
163.47
216.96
455.56
447
787.95
653.9
592.26
36.73
420.79
425
328.61
616.7
248.18
487.73
617.02
461.28
249.24
382.07
334.71
308.4
743.34
779.55
422.06
197
705.96
10.39
436
695.98
133.86
591.18
422.9
527.46
383.48
72.71
43.51
373.15
487.17
715.73
758.22
731.09
294.66
14.23
648.15
534.07
654.51
638.15
720.47
647.27
737.53
550.03
131.44
548.79
39.57
312.66
571.02
485.18
484.66
199.87
437.97
201.64
727.24
683.44
306.15
660.4
587.09
452.91
491.59
448.87
152.61
672.09
641.45
176.35
436.66
268.83
140.39
728.48
748.29
779.93
340.51
311.04
754.22
305.4
229.5
661.72
247.28
392.03
98.95
465.73
490.12
649.21
402.16
385.94
770.89
525.54
760.29
446.36
621.62
699.32
537.79
360.66
734.24
293.71
63.9
99.49
471.08
718.34
511.9
485.53
304.39
202.24
703.52
141.2
559.71
251.46
710.82
709.24
286.02
756.44
164.65
536.95
251.35
436.56
224.15
719.51
129.59
273.51
148.87
728.41
781.74
580.32
278.26
93.24
108.75
493.25
329.99
493.7
557.48
750.35
684.1
376.68
256.41
346.25
391.65
733.92
334.92
662.09
528.67
763.1
51.91
684.82
165.58
522.53
700.67
255.11
621.56
530.19
310.71
178.07
640.34
87.95
48.62
546.11
498.17
37.96
553.5
659.04
205.33
312.37
79.63
652.51
785.69
317.16
318.08
231.14
109.27
778.3
175.95
582.51
269.44
94.63
778.07
305.64
575.76
444.16
685.56
641.72
784.32
311.29
396.85
466.79
734.4
471.1
121
722.6
207.69
607.07
726.4
563.97
135.9
130
448.43
95.23
565.53
791.75
272.2
290.92
435.11
460.3
212.61
641.96
342.54
94.2
561.76
769.61
687.2
758.63
371.95
95.81
485.72
501.13
605.44
227.74
30.66
343.69
620.62
145.99
164.54
11.48
365.53
753.28
296.63
17.64
16.42
21.93
338.9
455.65
224.37
274.68
159.61
790.76
136.19
141.35
135.31
440.31
24.48
561.24
69.34
531.07
767.81
293.46
241.14
352.9
24.19
495.54
124.07
678.01
207.03
499.95
273.47
531.8
119.27
642.9
688.65
503.52
226.2
647.45
36.79
782.19
714.89
266.52
503.97
394.72
324.01
799.67
373.07
434.59
252.72
43.26
690.36
180.38
328.62
676.95
734.87
698.59
795.97
187.29
169.43
184.44
472.01
521.65
339.28
117.56
515.9
132.74
281.04
334.89
703.54
241.81
532.86
541.71
334.36
743.3
364.81
307.72
217.47
353.92
337.48
180.62
96.68
310.93
387.03
455.16
715.77
669.66
530.02
759
176.75
267.66
222.19
165.49
125.26
517
361.91
455.5
491.91
396.34
30.77
564.38
154.73
70.03
602.49
390.79
779.56
793.68
428.21
307.72
620.81
722.56
662.55
100.76
487.36
10.32
331.34
242.75
429.46
75.94
516.28
520.53
230.6
77.27
771.96
72.78
84.78
661.53
749.48
187.87
79.24
689.84
439.82
538.03
721.51
791.46
373.75
273.68
218.58
314.75
367.47
656.56
468.03
283.7
204.89
43.16
201.59
588.43
787.69
522.28
453.73
643.66
388.3
382.72
57.94
404.34
306.92
723.07
20.26
692.09
535.26
397.17
113.34
546.06
457.62
627.9
492.58
177.2
39.83
35.67
152.46
341.31
680.44
355.92
240.66
726.25
797.98
206.01
751.15
465.54
359.08
240.01
685.75
760.89
13.54
101.89
394.14
344.99
134.17
69.13
438.54
507.66
331.34
510.68
608.82
213.74
365.46
754.84
307.67
217.99
767.56
519.91
373.78
242.5
499.19
769.22
93.38
213.55
486.39
475.2
2.36
238.39
745.41
170.01
764.53
747.29
316.7
329.01
623.92
249.21
582.17
120.01
402.94
253.06
241.05
276.53
162.33
729.54
56.09
690.78
421.42
319.6
561.48
347.84
555.73
642.4
193.23
230.13
339.69
633.64
533.07
159.04
246.53
58.47
200.29
428.46
372.58
514.19
297.25
594.21
142.6
151.24
572.65
297.14
474.23
202.38
31.5
103.25
777.09
648.62
636.37
318.68
164.35
169.43
426.17
55.59
702.23
255.84
470.57
347.78
33.48
614.29
121.13
788.78
124.36
323.53
417.27
103.52
105.61
735.64
511.39
489.82
100.53
340.23
376.64
552.41
1.62
554.48
711.4
552.73
290.22
600.91
97.57
384.78
685.67
523.5
111.15
54.1
0.8
159.93
753.42
652.04
81.11
608.63
635.96
159.09
2.86
526.34
19.46
684.85
109.61
459.21
273.86
783.94
372.33
578.37
650.93
578.45
183.58
152.31
75.87
752.8
7.69
46.8
254.78
157.5
240.44
385.36
501.28
194.56
447.17
353.03
592.94
439.75
635.68
387.69
261.35
347.8
579.32
260.24
581.88
242.07
54.99
399.33
184.24
350.29
112.22
166.39
681.27
416.69
686.13
798.72
37.2
526.11
720.23
345.17
324.07
317.08
723.66
42.03
424.39
547.09
198.12
414.78
612.84
18.56
305.64
546.43
628.87
610.53
773.87
759.97
37.6
132.4
657.98
206.06
621.14
734.55
253.11
238.1
397.53
478.29
193.39
42.73
508.55
146.23
636.98
19.57
437.47
152.02
570.54
331.79
96.39
343.11
639.31
788.57
666.98
427.37
105.59
560.22
56.45
392.45
237.23
212.43
360.82
790.92
444.63
423.16
731.62
154.48
543.03
97.67
51.86
372.65
0.33
127.31
377.1
256.69
148.05
237.97
274.76
637.91
117.48
458.25
313.57
247.51
755.72
478.12
516.83
238.51
660.46
601.61
458.99
768.89
788.12
741.75
234.02
401.21
192.43
644.77
498.8
190.41
370.12
513.86
144.86
787.12
759.02
471.69
568.21
178.86
670.07
414.53
353.06
263.81
587.79
161.5
169.56
28.35
115.93
296
226.14
734.01
257.25
375.86
709.09
29.56
176.71
374.19
712.44
338.78
111.74
80.88
703.4
698.94
140.76
681.2
285.85
560.52
442.92
230.87
195.5
537.28
194.81
220.39
216.06
413.25
358.15
163.69
419.2
656.66
180.36
304.04
774.25
104.58
636.2
726.64
762.22
498
145.85
604.35
583.97
508.24
139.29
129.14
498.97
339.15
289.3
139.55
336.66
385.59
675.55
634.1
267.37
749.5
310.85
713.93
699.54
556.96
214.75
19.91
417.75
279.83
383.03
31.15
122.88
641.9
120.22
446.13
416.22
350.07
448.65
235.91
374.05
47.54
34.99
588.51
260.86
409.03
569.29
623.03
8.13
714.66
734.73
318.19
625.75
565.21
758.68
776.86
321.45
443.12
36.48
634.42
98.4
701.75
398.02
527.12
72.44
680.63
233.62
156.48
111.36
374.46
459.17
453.08
476.81
495.21
674.79
249.21
4.69
472.76
426.16
215.96
490.58
303.53
80.62
187.15
68.04
705.19
283.94
133.01
651.93
596.72
308.52
213.03
93
186.16
261.25
783.41
170.95
510.04
567.16
262.1
432.4
139.08
702.99
297.91
187.39
328.78
212.26
292.65
391.91
570.64
49.82
712.56
420.81
224.87
61.26
72.45
730.17
514.33
773.78
773.76
259.86
653.66
653.63
20.42
311.25
39.41
302.45
505.39
95.88
749.32
692.96
374.3
573.36
174.32
255.52
223.54
625.14
457.88
140.96
496.98
289.6
81.87
737.15
561.36
431.23
49.84
642.27
636.39
640.75
610.17
260.83
478.36
529.46
438.75
181.92
301.45
36.37
20.69
773.03
25.64
36.04
541.7
115.99
672.35
419.38
160.97
410.32
144.56
349.28
223.66
371.28
246.51
653
367.94
344.63
548.49
322.62
168.43
608.01
68.41
58.07
145.57
149.8
303.18
148.88
693.4
736.65
339.79
68.64
132.65
444.14
721.63
144.8
448.11
332.81
698.19
539.09
313.42
194.07
520.92
551.46
730.09
785.73
201.9
715.36
454.02
572.21
360.69
148.28
726.73
366.92
597.17
434.85
722.83
744.21
350.2
493.95
524.31
772.28
429.16
387.3
299.26
399.69
187.29
65.73
688.95
161.52
600.71
293.92
633.39
225.73
199.68
799.91
537.55
433.69
166.46
767.68
283.43
560.16
119.45
205.72
79.49
754.03
302.41
297.76
317.68
23.64
616.94
425.35
685.36
692.79
715.37
128.38
670.1
214.99
235.89
750.47
554.67
712.93
467.72
399.87
520.72
448.13
161.65
721.68
33.51
8.71
607.04
567.02
637.85
749.67
771.01
217.95
155.56
792.28
782.76
327.53
145.08
481.93
406.82
4.73
18.41
296.43
445.28
321.04
208.89
565.66
667.59
33.49
390.55
229.46
222.05
754.52
571.53
146.12
27.22
230.73
325.26
597.95
596.47
242.23
79.45
432.8
4.54
774.76
196.87
618.74
165.65
2.08
262.97
409.83
95.64
30.79
767.69
752.87
750.66
57.26
322.72
608.19
541.95
454.26
715.8
782.35
626.21
418.49
416.76
588.33
90.93
122.5
221.45
289.37
343.99
400.41
634.78
735.98
363.42
39.03
211.29
613.51
190.9
671.33
341.48
682.6
295
107.33
307.67
82.4
55.56
531.02
509.76
649.19
220.35
78.22
97.63
766.18
9.89
412.52
324.93
267.15
498
50.37
646.92
178.45
400.81
676.77
267.61
254.79
50.22
703.72
188.05
95.31
49.19
423.71
144.62
692.09
65.27
254.82
86.07
315.38
540.51
253.51
292.44
13.46
785.35
510.82
143.83
769.75
377.11
26.78
450.98
434.25
525.36
546.24
151.04
110.37
545.47
101.5
491.06
95.15
390.63
15.18
476.63
205.89
446.32
311.03
169.43
669.25
446.33
307.98
161.87
21.69
168.07
59.51
50.52
666.11
399.7
1.54
244.17
742.53
14.02
333.31
459.99
176.04
690.17
791.05
163.55
715.84
531.94
571.02
206.3
669.39
237.31
52.54
618.92
357
263.49
796.8
603
335.99
457.5
43.01
304.62
679.6
782.02
441.55
25.33
466.7
327.96
537.68
38.49
607.88
275.66
535.97
480.45
71
224.84
312.49
220
704.63
787.72
784.1
461.25
365.78
657.3
29.05
483.84
79.7
643.5
746.77
739.1
318.98
426.41
454.54
430.55
253.25
698.73
111.06
493.02
229.96
382.71
586.32
751.04
400.89
606.65
215.85
312.85
73.55
296.38
790.38
449.44
187.41
257.05
615.5
777.34
315.56
77.64
757.27
201.45
489.92
231.26
110.91
29.21
145.87
117.95
214.8
762.01
491.28
374.76
660.33
639.68
535.75
226.88
465.88
286.28
478.91
266.1
544.97
87.71
90.37
728.31
567.63
657.67
224.1
425.2
62.14
227.87
752.72
649.27
329.59
403.33
294.75
420.06
558.7
403.62
312.22
17.69
170.73
114.34
311.84
735.63
427.86
362.1
745.73
743.4
633.28
251.22
78.8
67.82
105.15
182.1
686.1
575.51
254.33
14.9
413.1
38.33
458.78
64.94
419.56
94.76
98.65
752.5
369.37
783.32
66.33
504.24
10.67
506.04
163.71
215.04
646.83
259.07
258.71
590.65
774.83
76.73
728.69
541.1
55.42
384.18
464.01
583.95
290.97
236.59
57.34
397.66
482.78
629.48
512.05
174.31
692.74
733.32
310.84
197.82
369.86
608.81
241.08
101.91
441.33
105.43
295.07
469.79
427.01
3.5
580.27
58.93
560.49
773.07
177.72
461.99
232.04
594.58
365.14
318.91
115.86
678.99
773.61
40.13
674.13
274.82
719.61
98.67
703.14
349.45
28.79
463.22
380.9
160.33
137.47
131.6
356.89
591.74
692.35
146.96
127.36
479.1
676.14
68.24
267.31
242.01
555.05
447.05
753.68
192.71
281.73
453.65
281.44
184.18
187.47
630.21
133.98
506.09
245.77
599.44
11.16
337.71
608.71
251.83
295.71
319.09
514.46
217.68
65.31
20.55
0.49
539.75
322.48
556.06
521.11
570.56
295.26
575.57
139.07
314.37
375.4
104.12
0.75
518.5
425.95
797.9
285.13
158.08
696
755.85
109.51
116.8
326.08
168.94
19.96
697.85
191.13
793.88
695.66
13.56
718.36
485.62
796.28
101.33
173.67
646.11
576.72
300.75
132.19
553.73
737.74
466.67
24.23
141.63
214.62
256.64
185.63
619.42
271.69
661.83
74.32
380.24
311.3
524.43
333.34
553.59
713.88
774.25
44.01
678.23
593.32
729.02
539.99
541.5
531.25
403.94
102.17
569.82
577.25
482.35
737.85
710.91
542.82
530.71
390.8
516.4
720.98
156.21
195.84
309.9
797.09
601.27
436.86
496.48
171.29
368.26
86.69
764.04
208.63
535.64
404.29
40.53
154.36
71.13
299.58
513.55
439.62
420.02
326.13
45.57
759.96
708.27
479.02
35.37
1.06
412.25
413.53
389.32
358.88
178.27
716.55
299.86
393.93
233.89
14.23
172.67
708.02
337.02
524.39
354.28
558.25
594.78
282.03
741.82
601.03
543.59
610.68
481.25
86.13
770.14
20.99
569.53
557.81
493.93
129.62
364.94
558.61
30.94
527.99
64.04
779.6
460.26
296.76
423.71
80.79
99.7
610.76
531.49
582.09
430.55
242.28
198.04
539.66
732.97
341.36
330.62
276.31
209.23
401.07
382.92
239.69
86.71
608.65
768.32
133.12
378.05
721.58
709.36
260.86
395.41
73.9
389.18
389.42
688.9
446.08
641.35
49.42
288.23
538.25
716.18
619.39
642.57
23.99
628.26
249.54
121.15
423.12
84.53
749.07
350
561.97
634.89
73.57
146.59
784.06
470.62
409.86
778.23
381.84
78.68
554.22
329.17
589.15
208.9
555.01
798.32
149.6
92.38
142.39
711.78
241.35
455.19
119.47
514.39
370.92
598.16
109.82
694.86
371.85
211.98
686.89
470.02
495.32
248.23
698.56
664.9
384.74
722.62
263.27
687.44
245.42
15.18
26.95
271.72
777.15
282.42
556.3
30.93
509.5
633.34
564.63
166.41
504.31
715.95
221.28
528.37
656.8
781.93
577.59
22.76
534.69
599.43
452.75
523.04
584.22
517.91
461.67
383.73
549.5
435.88
447.39
743.95
499.19
509.83
720.73
333.39
295.79
56.53
778.06
397.95
707.36
601.07
198.87
740.24
585.45
81.72
348.46
725.84
513.12
526.78
439.06
562.73
134.13
141.48
567.13
152.3
325.13
485.35
12.53
788.43
709.31
590.84
544.06
98.48
382.54
712.61
395.46
386.21
381.03
122.43
455.34
206.62
129.02
648.22
518.58
604.5
410.74
675.49
757.37
217.68
763.14
99.6
49.58
129.93
663.43
4.61
441.08
324.02
437.28
320.77
252.23
179.09
387.54
228.98
752.98
116.94
408.16
407.17
691.57
750.89
209.75
510.95
51.63
424.86
672.6
625.77
385.1
611.07
465.11
666.19
400.06
397.64
114.76
207.48
721.83
383.52
229.1
334.29
681.67
615.89
125.75
20.03
274.3
699.77
511.56
591.97
285.17
394.48
423.53
206.7
420.8
116.52
404.38
709.69
355.32
0.41
562.95
722.43
138.11
44.02
445.17
376.25
484.8
116.5
589.33
275.91
26.61
476.94
753.29
751.55
164.65
616.9
742.84
215.93
358.97
369.13
438.63
600.14
323.85
461.43
338.48
493.21
326.22
230.84
590.22
98.34
779.18
327.67
342.31
455.72
745.31
51.38
550.03
49.16
72.9
55.67
570.5
141.36
26.64
238.3
375.26
95.55
523.9
440.78
288.21
583.09
61.84
662.65
563.78
338.96
762.81
607.03
666.99
643.56
213.63
468.33
549.73
697.17
78.97
633.79
454.02
473.56
80.94
609.81
457.5
427.47
582.59
124.65
794.29
101.73
782.97
282.52
200.91
214.52
766.74
283.11
90.08
206.31
629.07
740.29
217.34
754.38
762.99
33.12
299.92
376.83
557.97
688.63
566.15
291.74
422.75
139.42
201.88
419
227.48
327.07
767.02
171.68
692.76
33.71
384.51
668.79
637.12
510.09
156.61
118.33
373.35
226.9
548.87
473.44
373.19
2.84
266.34
67.92
506.59
128.27
383.97
456.53
658.14
299.67
365.28
541.82
214.3
694.26
86.26
28.57
514.77
342.69
167.06
364
181.61
786.44
732.67
771.79
766.25
251.93
646.32
278.26
95.95
344.02
544.92
74.49
227.32
553.69
32.68
731.47
554.74
748.23
298.51
587.86
563.23
542.2
37.38
501.61
768
111.01
601.28
514.71
770.47
778.28
260.48
600.06
458.13
655.47
234.76
614.08
157.89
454.76
390.85
278.98
731.24
491.81
465.97
463.86
492.91
42.91
396.3
304.15
161.55
765.76
711.92
751.48
536.82
199.46
434.79
582.21
123.11
29.81
507.88
155.07
360.38
180.07
269.08
1.69
136.43
628.29
44.33
488.67
440.16
597.78
88.89
473.89
419.94
351.4
640.89
22.8
747.12
580.02
104.71
454.88
274.5
464.17
700.71
79.13
255.24
76.26
82.55
166.28
132.97
580.02
10.29
776.16
117.12
688.34
706.36
777.48
214.19
420.21
193.68
729.76
585.5
124.12
179.65
403.67
458.88
663.21
570.46
316.08
479.8
97.25
321.33
593.06
70.46
16.98
411.8
307.2
735.39
332.58
461.71
288.54
458.17
128.46
30.35
474.69
226.6
615.38
74.48
258.33
263.78
412.61
260.02
79.66
199.17
24.48
543.01
37.09
96.6
22.19
271.4
93.57
463.05
430.89
299.25
643.49
270.17
481.77
54.3
698.72
515.89
531.71
600.8
555.5
736.79
319.72
596.67
387.7
584.11
170.22
312.89
72.56
222.37
278.23
196.75
513.69
9.95
361.64
754.29
29.29
429.02
62.62
732.94
463.9
381.6
439.76
119.76
82.52
501.86
579.03
526.89
779.01
99.14
330.19
790.97
617.77
505.03
5.13
80.28
410.37
400.24
513.53
540.04
425.29
296.18
352.53
230.91
535.09
418.68
139.42
289.68
603.94
461.65
82.22
302.54
62.57
254.73
711.04
320.55
40.98
547.11
37.26
618.36
210.22
243.76
290.22
282.46
717.57
385.13
477.17
799.47
305.98
586.18
204.92
318.06
572.88
203.69
416.16
268.05
71.3
498.6
542.61
279.44
79.66
698.08
660.92
583.24
560.77
486.03
11.7
724.58
217.08
679.22
367.08
638.36
13.34
799.63
599.98
754.12
166.35
370.71
518.83
70.12
556.33
460.91
282.67
130.4
207.78
103.18
785.69
584
14.31
629.19
80.75
640.17
352.6
795.19
781.3
369.93
437.17
636.27
96.88
297.85
161.88
38.37
75.76
358.54
135.31
497.66
745.48
334.41
724.14
417.49
375.84
483.95
675.52
652.39
673.54
189.42
92.24
3.63
223.79
176.88
645.87
214.56
162.59
352.1
750.51
171.6
388.62
35.37
696.97
571.85
669.22
65.65
172.39
241.39
626.13
186.91
225.82
74.91
778.18
789.07
575.83
195.58
525.92
217.72
588.42
540.07
24.52
660.9
701.49
663.45
302.6
192.97
139.22
160.66
114.48
454.52
263.66
58.46
241.92
286.81
789.72
537.89
70.18
500.12
388.44
620.54
243.56
736.84
397.61
738.11
527.3
101.15
7.99
365.57
481.96
244.22
231.37
740.46
748.31
221.19
424.16
709.26
193.09
708.79
629.89
351.49
462.63
199.63
205.87
550.19
345.34
784.73
130.25
124.38
397.68
471.76
303.8
20.94
332.36
498.53
363.03
226.67
213.15
324.93
773.41
133.11
703.34
228.64
520.41
292.51
592.7
701.13
109.95
96.09
215.66
729.23
146.32
424.34
225.46
523.15
421.05
790.79
762.77
18.27
241.09
457.51
207.08
256.55
151.35
257.69
539.16
446.29
649.07
241.47
358
560.29
144.64
604.67
195.91
549.48
571.67
282.73
157.04
423.96
354.91
335.28
795.11
536.61
768.34
721.45
584.92
723.57
232.74
710.84
100.25
732.38
648.32
199.03
797.07
78.6
352.18
314.65
780.27
258.51
250.23
121.58
408.46
465.12
778.18
200.43
693.65
396.5
609.11
470.41
793.11
28.33
747.91
239.48
330.22
404.14
570.12
85.1
224.51
346.07
542.12
719.57
423.1
142.69
514.57
561.6
124.33
384.34
649.82
228.27
261.37
137.49
604.71
411.88
68.98
289.3
71.88
137.74
651.47
651.07
400.38
380.21
309.1
55.42
616.49
44.42
432.43
459.81
794.55
172.63
789.58
308.5
85.05
569.2
243.74
676.73
356.91
45
667.88
288.13
197.69
4.97
782.61
427.67
454.49
41.11
346.69
400.65
127.09
661.73
673.57
208.04
423.63
148.93
318.64
542.35
431.44
173.31
767.02
97.22
797.82
471.8
283.43
26.25
688.3
8.34
1.66
409.92
411.42
80.65
543.09
193.95
647.9
496.71
369.82
11.52
544.47
461.38
303.92
727.77
415.8
299.51
155.31
715.79
687.68
674.51
367.83
677.99
161.96
460.05
72.56
725.84
565.77
571.94
216.19
542.1
224.3
25.54
427.24
52.23
683.34
405.75
43.37
666.82
240.58
44.68
466.38
732.08
114.99
314.14
680.53
696.29
554.63
357.36
654.11
264.23
34.34
189.09
146.5
211.92
324.24
554.69
196.8
255.85
146.32
531.67
73.51
87.96
588.72
726.12
653.01
497.83
60.56
794.74
77.48
429.59
381.26
633.15
220.1
62.17
7.67
71.76
238.14
606.67
59.35
236.23
530.21
701.44
267.38
78.4
193.11
373.2
276.77
282.45
158.48
409.69
717.42
692.32
769.59
165.15
330.43
179.63
477.94
578.32
79.12
499.03
536.21
632.16
59.59
506.53
287.14
396.17
217.91
589.66
502.52
708.23
741.43
613.46
381.96
145.4
296.32
133.68
368.03
404.79
108.16
581.45
603.42
143.88
274.85
381.51
749.27
359.82
299.75
500.02
470.13
61.84
319.27
663.78
13.34
663.23
351.74
591.82
529.73
221
95.61
385.79
765.34
783.85
268.59
745.89
748.53
199.66
40.48
574.02
214.02
128.03
274.62
393.27
150.3
252.31
447.81
738.12
136.13
379.66
453.51
202.29
748.45
384.49
790.58
70.99
681.44
339.33
62.08
297.82
665.28
347.48
214.23
275.63
568.13
773.13
38.66
789.86
682.1
739.5
764.4
44.85
207.28
618.67
371.24
355.11
288.56
108.67
43.79
93.02
72.14
438.64
732.2
206.43
552.58
787.39
315.68
198.67
137.92
162.11
775.65
465.76
348.05
334.48
471.2
468.3
658.21
229.29
402.14
311.81
337.25
380.74
120.59
429.92
580.24
661.58
695.07
441.73
231.82
635.33
158.35
26.59
649.26
519.65
137.29
301.94
249.62
364.04
11.22
607.84
717.49
257.21
562.67
14.78
370.06
723.25
3.13
794.59
594.96
90.74
488.25
184.63
536.07
691.08
665.36
443
794.75
259.54
648.84
685.22
275.55
583.89
252.88
51.81
421.61
400.98
729.47
542.8
455.94
206.24
482.04
499.4
504.34
277.98
521.26
769.83
205.05
704.1
503.46
569.65
108.31
570.63
257.12
514.4
474.24
81.05
614.61
235.4
109.11
136.55
573.99
297.21
687.94
674.36
548.36
412.06
698.05
425.04
757.03
55.63
184.44
111.41
591.94
147.58
498.31
756.85
176.51
693.74
515.85
785.43
44.41
360.49
27.73
403.05
703.42
316.9
473.73
186.26
290.8
142.01
713.59
561.84
59.42
252.51
643.38
779.15
535.93
117.08
640.42
0.87
149.68
735.88
465.55
367.85
220.92
59.35
315.7
488.81
365.08
266.05
796.42
635.07
563.64
183.85
527.85
335.65
91.1
132.86
495.91
709.75
510.91
162.8
490.63
579.65
136.47
149.79
757.4
218.64
702.15
755.02
636.44
18.85
684.57
95.49
615.99
214.89
214.49
31.38
642.08
185.32
795.61
612.75
181
663.46
582.6
332.3
233.18
775.19
331.36
793.58
33.14
577.6
769.06
31.45
131.96
112.71
72.21
145.88
736.39
367.44
374.61
291.52
475.58
633.04
691.36
493.66
186.12
573.53
128.61
183.31
406.1
463.32
129.35
512.91
526.53
715.06
703.74
69.25
13.69
361.25
646.2
766.64
57
27.75
67.07
350.14
479.36
237.06
425.99
380.06
367.9
731.57
635.05
581.39
280.07
657.65
120.76
164.69
488.64
168.63
380.43
652.92
398.79
334.17
313.38
630.76
328.19
32.51
782.19
92.1
756.01
567.62
577.48
183.95
707.3
64.58
478.05
33.89
228.16
479.32
533.48
407.9
457.03
33.3
480.01
513.8
765.07
725.05
355.9
129.2
83.47
79.34
139.56
494.41
598.81
64.76
543.06
26.87
374.73
36.97
326.92
207.71
483.86
55.47
365.78
717.81
21.79
385.08
43.33
795.57
491.13
744.8
680.99
432.31
358.46
531.25
153.41
248.37
738.95
347.89
766.19
246.55
147.68
95.38
376.36
628.35
710.17
348.95
727.95
660.51
152.76
557.15
377.87
329.58
556.39
475.08
648.59
478.94
531.33
95.46
651.18
528.64
791.24
471.28
681.86
65.14
422.12
49.81
339.36
700.81
48.67
548.71
590.85
557.45
490.39
249.26
552.46
54.38
496.22
479.37
659.15
542.18
572.37
592.39
85.31
608.99
468.74
435.83
168.79
155.7
273.69
604.66
106.27
359.97
483.04
748.01
710.83
276.36
503.44
797.41
92.44
237.18
436.86
67.35
217.36
776.6
220.79
314.1
186.91
662.88
79.81
669.98
619.46
589.42
263.3
775.06
717.55
734.78
340.36
602.13
325.87
62.38
482.43
179
712.83
35.7
267.44
358.11
313.69
82.59
379.72
352.06
339
588.43
721.09
687.37
587.03
799.42
697.67
542.1
10.29
474.67
448.07
263.09
483.25
769.28
339.84
215.97
377.15
673.65
691.22
455.71
794.59
538.05
384.98
155.02
524.31
245.04
100.73
249.67
637.37
620.8
788.46
740.79
320.02
115.54
290.7
145.93
712.58
496.64
27.97
279.84
174.32
283
742.45
363.8
735.75
627.53
232.24
520.61
65.19
569.13
486.01
62.71
293.24
702.78
456.19
778.58
507.76
133.74
212.42
421.51
54.38
576.6
651.83
545.23
375.87
712.54
799.33
663.89
81.6
740.01
317.25
410.05
531.11
192.55
219.84
101.28
623.82
495.12
756.91
20.64
588.33
747.78
40.03
4.18
170.65
371.41
89.57
368.56
275.84
675.94
123.98
528.55
108.21
328.08
319.38
26.39
757.27
430.37
519.57
405.46
372.61
294.08
367.14
520.88
418.74
32.42
519.97
741.63
308.85
446.18
288.64
192.63
146.56
684.59
681.67
758.02
275
503.01
610.58
270.03
24.72
727.52
210.86
708.5
485.32
88.85
0.35
568.25
787.81
262.71
126.81
435.04
80.25
708.94
756.74
139.75
201.96
405.48
427.97
529.11
623.3
17.34
375.11
39.48
5.35
206.37
576.82
744.76
327.87
672.41
198.73
96.44
560.93
32.59
407.96
492.34
458.25
780.86
385.55
118.12
394.12
370.07
43.35
100.53
404.55
63.5
366.57
381.16
487.56
290.82
46.69
211.55
787.09
702.62
605.66
559.97
36.58
0.66
304.44
556.4
409.29
294.91
648.1
719.72
447.11
706.35
795.63
797.37
173.02
53.52
150.31
267.15
461.44
49.14
775.71
509.38
90.94
740.06
342.33
334.09
712.13
297.91
110.15
279.95
722.65
306.3
309.04
464.08
146.31
573.78
239.92
433.62
199.73
315.95
440.62
61.93
536.87
488.82
751.05
520.67
520.64
724.73
412.68
308.15
738.61
775.22
286.65
71.92
683.05
497.61
226.69
643
736.44
510.35
704.35
37.95
749.08
334.84
214.12
594.11
490.05
209.52
598.12
793.17
144.37
240.86
766.05
230.84
46.3
760.05
608.7
330.6
304.39
16.39
597.42
195.71
114.44
679.65
136.73
647.47
16.72
387.91
385.53
482.17
195.98
337.22
528.73
763.85
259.67
721.47
726.02
111.24
768.47
484.52
644.41
650.35
338.53
27.02
682.49
207.82
354.34
798.71
625.51
490.64
20.69
182.7
656.02
405.42
100.21
374.92
42.91
196.7
71.48
558.55
384.37
163.93
639.32
197.26
244.52
33.62
730.31
601.64
0.72
774
222.69
472.42
657.79
717.71
459.52
222.51
214.56
472.3
651.77
643.03
445.37
346.29
408.51
351.08
397.13
163.63
85.81
422.64
190.5
148.74
374.96
587.57
752.22
379.97
245.24
662.23
54.92
790.79
484.11
319.76
333.58
376.22
636.96
15
40.48
20.29
469.37
160.04
746.71
775.7
623.78
165.62
588.92
445.89
737.95
557.56
577.33
398.41
61.08
118.95
240.28
345.81
29.01
720.4
288.99
441
126.6
152.82
87.1
339.96
524.28
368.89
717.6
86.19
26.42
200.83
607.48
71.59
244.26
4.93
474.67
470.26
108.56
126.82
685.15
382.72
619.01
612.34
132.53
0.36
589.1
274.04
426.6
723.06
397.53
26.38
197.8
346.91
455.19
386.57
315
775.86
512.18
153.16
657.69
782.67
270.26
389.72
623.04
265.22
387.29
239.23
767.8
53.28
211.46
467.45
668.65
704.68
421.46
37.86
152.14
338.92
446.37
263.91
335.21
747.31
321.93
135.91
397.49
156.42
385.39
649.96
589.02
456.06
149
51.52
45.24
733.58
725.1
16.7
444.66
447.08
89.27
723.46
78.46
346.48
469.91
67.27
199.15
88.96
652.19
372.64
610
730.65
776.54
592.76
327.62
788.34
666.82
281.84
585.86
54.66
352.31
430.13
519.01
746.65
346.03
287.16
283.49
493.15
760.56
631.46
420.41
411.58
527.74
749.14
451.12
390.78
631.95
618.74
758.21
651.25
513.61
323.87
67.49
413.02
453.18
64.66
576.91
125.38
296.27
132.13
184.58
631.33
449.74
707.55
699.69
542.29
225.38
129.46
316.91
187.98
234.65
317.68
785.56
788.85
584.77
729.2
177.01
420.28
215.42
731.88
761.48
78.08
199.84
531.86
468.24
592.72
395.56
641.58
35.52
503.21
301.37
63.5
38.3
51.98
429.87
88.56
613.75
211.66
635.99
105.29
271.93
435.55
59.47
459.55
167.4
733.84
739.19
106.57
275.5
495.01
194.45
4.89
207.4
683.64
85.81
42.35
385.63
687.09
589.84
256.83
261.64
146.99
172.15
275.44
388.75
693.96
213.37
156.8
4.23
163.74
205.36
224.93
468.64
764.43
163.73
769.02
501.54
508.57
79.55
427.89
152.13
231.53
247.44
370.72
306.82
570.99
501.79
243.96
448.37
762.25
562.13
99.18
115.99
406.91
347.43
610.74
394.81
26.58
530.95
43.99
423.01
156.86
564.02
771.06
507.46
26.69
623.6
652.93
624.89
63.35
587.94
710.32
360.77
190.19
127.51
587.35
200.36
66.85
35.59
260.87
501.66
578.6
71.15
362.85
494.99
739.86
88.06
495.45
466.3
471.73
792.2
4.4
258.84
258.41
329.22
228.44
80.46
589.02
175.58
161.35
105.44
290.26
246.47
495.09
467.49
542.97
637.31
497.89
69.48
104.58
367.01
668.13
636.16
424.65
630.53
190.78
401.25
167.47
466.83
636.55
435.09
228.88
29.84
310.54
561.59
421.21
479.14
372.72
133.85
762.36
149.08
646.35
346.2
431.01
385.49
180
28.55
351.93
292.9
425.06
39.21
643.4
121.15
348.79
713.69
388.42
486.48
509.16
502.03
749.23
344.79
396.35
452.68
115.96
379.88
371.59
312.18
119.61
211.14
56.79
84.44
667.4
676.42
272.81
645.67
55.37
573.08
249.71
164.51
197.28
167.57
167.69
363.01
596.09
129.17
788.34
106.4
204.82
584.71
509.96
423.87
72.92
133.24
46.88
24.33
193.76
528.33
414.9
645.28
574.31
113.22
293.83
641.13
613.22
428.64
391.74
312.51
314.25
582.42
499.39
80.82
624.25
698.82
515.58
609.88
272.02
140.91
605.5
392.28
21.81
225.42
85.18
276.57
733.29
514.47
349.34
69
460.43
400.45
0.98
383.39
720.82
455.94
792.38
763.39
624.96
19.03
206.83
617.78
146.03
670.86
283.5
586.4
573.01
287.35
371.51
637.82
531.45
143.47
372.91
762.14
143.9
303.7
415.88
289.28
166.53
155.68
250.4
511.72
300.54
613.4
11.08
431.72
180.26
479.81
480.42
97.67
365.23
459.37
193.83
635.9
352.91
441.77
121.11
581.37
241.6
682.57
316.14
284.7
279.55
407.25
124.93
394.1
41.34
0.51
133.33
605.84
91.13
404.37
497.31
7.68
468.73
123.47
48.14
741.42
560.08
60.78
432.54
543.6
293.64
308.84
612.79
489.41
258.09
762.02
369.67
634.34
743.15
488.89
220.7
787.07
436.34
95.37
387.53
660.96
477.68
623.36
153.72
481.94
740.73
684.01
86.06
749.22
567.21
378.05
258.07
356.14
234.55
342.83
261.42
289.73
309.34
750.41
303.9
631.03
176.49
549.14
486.53
157.34
60.6
414.85
318.27
688.31
261.63
435.53
794.5
344.16
744.89
32.29
63.47
496.07
431.91
565.2
157.56
498.2
345.53
4.09
608.67
672.46
460.56
196.87
389.23
740.67
246.4
610.02
211.49
625.69
130.59
346.52
76.61
644.87
682.91
365.78
630.03
287.45
474.4
678.71
374.41
154.7
447.44
102.19
585.36
736.55
722.71
433.34
189.32
57.65
652.04
369.75
583.01
156.19
688.01
601.97
102.57
69.55
771.89
641.23
47.33
650.25
398.05
418.99
642.14
219.42
46.72
318.7
27.22
467.57
615.11
292.47
437.86
610.75
322.4
134.91
138.67
652.53
666.6
127.3
661.01
787.12
363.08
369.99
409.4
607.32
6.08
304.87
747.83
480.52
320.84
656.81
526.61
351.98
641.13
345.85
519.37
100.12
327.67
393.33
433.2
81.64
755.22
242.95
141.54
39.3
730.93
587.35
389.57
101.56
42.59
483.68
237.25
139.25
84.35
394.18
184.54
56.12
506.32
543.34
772.51
733.66
755
56.76
99.2
732.08
536.33
526.73
649.97
217.46
391.22
441.54
323.09
200.08
26.21
670.06
211.94
136.16
489.6
466.36
382.55
344.83
502.33
741.46
423.24
191.26
435.41
126.68
284.29
20.43
456.41
507.31
263.49
590.37
759.84
716.21
216.07
725.61
491.57
653.63
219.01
141.27
106.9
576.83
16.14
455.38
410.73
201.52
490.06
265.26
426.1
665.05
211.53
336.31
432.75
484.26
289.69
230.26
266.54
701.36
513.14
484.76
310.94
216.25
163.5
62.93
97.56
301.37
429.42
515.25
120.53
445.24
281.56
21.28
88.5
256.1
420.62
321
738.17
538.39
548.82
612.4
396.89
287.04
798.86
249.1
268.74
545.73
107.27
584.95
360.26
611
496.8
629.69
51.36
267.76
184.13
66.23
278.15
593.19
585.28
678.86
318.73
150.92
717.1
42.52
188.91
554.29
125.27
369.89
595.38
355.33
6.76
109.79
460.58
314.65
167.47
747.16
613.82
430.61
154.99
49.59
117.07
58.77
111.29
548.35
215.48
459.33
34.04
376.64
148.1
69.45
97.25
277.8
261.41
248.02
323.97
689.13
313.71
315.69
536.69
197.64
512.82
601.69
490.89
582.88
329.2
136.29
387.67
705.91
583.35
264.6
72.9
277.21
471.57
323.81
209.65
700.02
457.71
334.55
59.53
336.47
503.3
153.74
185.39
15.1
0.9
125.94
50.24
475.84
491.5
185.03
284.34
291.34
666.86
227.47
574.64
698.39
763.43
580.86
268.58
723.64
204.43
667.02
419.28
196.01
488.87
115.42
28.45
3.34
717.75
627.26
215.49
367.73
766.66
617.72
317.45
312.8
36.54
605.83
321.51
265.39
785.59
221.27
327.94
558.44
164.87
11.49
461.09
310.39
18
655.24
165.71
675.01
10.84
368.4
448.36
788.2
707.86
608.97
68.39
521.78
31.37
13.5
789.56
573.9
530.45
500.46
535.15
778.68
157.49
388.17
533.73
11.5
261.04
319.63
378.02
94.37
572.43
209.85
552.1
523.16
593.43
392.49
271.18
689.45
619.23
234.08
638.31
302.47
439.93
301.22
308.56
350.65
487.19
118.33
50.37
101.95
679.28
189.23
468.1
657.23
131.33
414.25
266.96
763.33
83.2
402.38
441.02
173.97
312.34
524.47
609.06
213.45
79.46
182.63
495.24
783.41
420.95
475.15
102.83
492.26
109.49
486.59
179.04
321.35
200.54
399.46
623.71
304.42
753.21
343.67
66.64
170.61
224.58
765.56
298
731.09
146.99
86.21
182.83
633.37
250.31
579.7
552.91
797.75
562.57
252.66
466.22
253.72
293.43
11.94
692.53
715.67
774.25
279.35
178.17
449.69
333.15
596.44
584.88
568.3
96.71
224.64
39.96
498.71
74.22
441.15
534.44
305.41
643.03
728.65
626.2
340.51
665.09
551.28
89.07
746.73
368.98
377.78
444.81
799.36
730.88
668.37
580.9
567.31
19.45
446.19
377.67
609.17
411.68
561.15
621
17.76
167.92
775.33
159.02
66.52
582.83
486.37
647.6
176.63
492.07
492.04
88.18
5.33
539.64
512.9
284.47
140.45
207.68
409.09
239.53
473.39
769.65
360.26
647.01
728.1
775.01
432.13
307.07
322.55
647.75
547.76
220.13
342.64
501.38
711
162.51
568.62
317.81
741.44
429.11
752.04
217.86
719.11
539.95
275.37
319.74
601.24
575.69
253.3
630.23
101.81
170.39
677.56
606.78
550.94
739.83
635.32
17.5
404.1
14.52
724.52
206.61
797.28
108.38
391.62
335.53
779.73
485.42
271.86
224.08
65.41
597.75
784.57
88.21
231.45
652.77
480.59
486.52
429.03
714.29
480.25
151.03
466.26
268.09
636.38
766.63
628.17
223.38
690.35
411.97
279.06
583.29
403.51
193.03
492.35
112.82
745.73
163.88
453.62
95.18
665.09
65.72
413.58
543.16
483.22
286.48
594.27
458.31
117.78
164.98
713.57
738.8
482.77
139.19
266.36
311.29
490.88
721.62
13.63
341.81
504.82
544.58
687.72
2.49
15.44
254.72
735.88
180.14
713.4
222.09
108.65
631.91
356.47
480.22
357.75
79.09
569.34
263.29
671.36
110.43
556.64
684.79
334.43
563.77
392.13
123.66
122.55
624.91
410.31
510.15
514.97
410.51
596.2
633.45
237.89
568.33
238.52
325.99
795.32
137.78
365.02
460.97
297.41
360.49
552.03
149.95
111.45
229.9
123.37
409.47
445.31
118.24
444.6
340.9
10.92
556.92
149.72
12.81
399.85
652.67
492.42
459.53
690.39
768.09
702.77
269.05
402.95
659.69
299.63
652.35
59.81
311.79
201.07
587.7
660.5
791.16
784.02
73.63
678.49
647.05
290.02
280.47
529.52
427.54
332.71
0.83
365.74
609.45
298.27
601.21
89.2
649.39
140.8
233.06
405.25
187.5
234.62
248.94
530.39
750.44
500.72
723.07
596.32
97.44
482.56
268.98
527.1
767.31
260.99
435.4
135.86
565.21
36.28
711.72
354.16
487.72
750.66
259.63
622.5
407.76
170.53
796.02
309.61
545.09
38.19
593.67
579.04
53.33
540
16.31
550.78
315.63
357.87
299.11
750.28
311.34
552.57
662.79
705.91
665.73
173.23
699.35
572.59
493.58
359.33
746.71
401.14
111.23
321.47
160.72
296.19
503.11
3.1
742.66
729.7
276.69
658.27
741.34
741.75
404.97
193.14
686.44
538.78
651.59
264.36
313.14
393.7
115.24
693.54
369.95
134.19
789.55
741.56
696.76
660.68
462.2
286.68
591.22
279.64
715.76
368.08
578.31
442.67
188.81
68.65
403.26
423.06
482.08
537.96
183.31
601.99
629.44
212.89
351.6
474.2
131.88
179.16
554.4
633.94
430.03
266.74
267.53
418.13
249.97
405.91
493.75
485.01
76.89
589.54
636.34
713.45
689.67
606.16
264.94
698.56
425.36
706.55
582.78
60.13
450.01
770.41
316.08
355.87
784.29
162.99
307.68
713.52
748.28
9.97
177.83
19.48
0.96
406.16
220.44
159.4
155.47
515.29
638.91
471.16
541.86
747.55
205.1
77.91
401.13
438.51
157.08
370.27
125.82
538.47
771.53
187.92
549.54
245.26
337.96
113.61
36.16
252.96
58.92
128.49
141.76
663.9
528.82
390.19
123.3
738.6
633.31
154.55
190.03
119.65
717.35
638.35
667.23
9.67
710.93
771.79
123.11
330.06
568.7
351.57
484.44
503.12
168.79
560.63
681.81
782.33
458.95
196.01
665.46
75.86
760.73
752.45
583.34
737.36
242.18
110.11
81.26
573.54
75.22
115.59
430.19
420.6
544.19
85.81
783.92
350.17
143.53
367.62
403.13
622.54
520.92
274.91
480.71
283.07
570.72
688.81
146.71
1.44
777.14
479.8
753.34
740.78
495.59
430.87
199.69
707.24
691.86
461.27
121.84
617.02
648.61
714.69
535.4
617.67
4.24
693.9
5.04
454.25
385.59
656.67
418.96
733.93
132.56
85.35
156.07
624.26
52.96
637.69
232.41
261.55
369.47
128.19
164.99
374.95
302.95
23.14
679.23
215.33
587.23
496.11
112.81
176.82
338.43
678.73
376.77
199.78
540.2
2.62
749.54
321.02
419.13
506.76
263.49
675.63
304.35
583.16
389.12
570.22
708.4
258.95
214.06
362.58
620.87
374.9
785.25
380.75
628.88
92.49
116.49
403.19
15.29
509.21
174.19
612.38
447.07
767.83
312.92
442.04
312.28
600.11
395.77
441.27
605.47
219.27
188.19
796.51
566.19
238.21
387.93
264.65
217.14
1.11
33.88
400.94
17.62
94.31
71.09
736.64
120.43
36.66
62.8
711.35
389.69
238.63
569.79
108.58
559.81
121.87
437.39
23.87
98.86
320.78
688.1
507.6
45.77
453.66
752.78
98.75
55.17
71.64
95.22
454.83
94.79
388.77
210.47
249.52
249.28
315.27
607.8
276.7
240.82
462.63
463.89
440.23
357.62
502.1
389.2
463.78
743.39
190.35
411.79
496.17
348.24
574.31
354.49
40.69
742.18
468.56
604.15
375.06
185.03
257.94
146.57
52.42
445.93
223.21
611.81
275.71
722.89
87.88
246.87
455.72
180.72
446
764.94
5.93
105.51
12.82
214.58
774.34
443.15
7.98
709.64
125.25
279.39
198.27
649.69
593.49
348.8
767.82
369.69
33
743.94
109.4
790.56
690.68
403.45
601.99
3.05
65.91
672.42
95.53
435.91
332.48
762.04
710.47
389.39
17.34
180.28
483.86
370.29
281.98
690.54
3.79
482.95
37.91
512
41.34
687.04
734.28
237.38
690.34
502.57
679.34
62.92
611.29
187.74
665.51
63.22
279.17
663.58
249.48
124.16
145.79
159.6
244.98
1.45
112.9
202.06
590.12
25.85
22.56
722.18
259.68
524.28
297.73
554.19
512.01
537.39
695.58
201.79
435.24
717.18
128.88
327.56
774.87
366.89
153.65
766.11
564.93
188.98
182.44
481.63
600.54
82.2
460.98
40.52
110.51
575.89
134.25
141.12
295.13
442.57
242.01
523.7
207.23
94.02
586.98
424.04
282.41
187.93
476.67
155.89
204.26
60.99
762.1
464.49
777.46
345.14
394.74
9.35
133.99
654.85
710.74
267.69
221.49
663.53
794.58
323.56
761.48
641.57
701.02
573.21
2.5
29.43
772.45
274.68
567.63
765.76
75.22
151.06
691.86
315.5
143.94
543.98
501.59
583.47
276.28
219.06
395.43
785.96
778.11
49
136.14
514.45
53.18
687.58
183.6
299.89
20.59
242.22
460.05
402.28
92.74
406.88
201.78
501.26
174.69
789.05
423.15
485.64
151.12
82.3
223.54
81.1
329.44
773.98
201.09
465.53
400.59
456.99
502.72
365.95
155.52
714.18
187.02
584.09
546.26
421.44
58.31
188.67
139.32
482.48
13.53
635.21
731.61
214.84
401.04
130.84
251.47
447.22
185.56
599.36
577.29
432.43
87.47
693.16
475.17
730.43
649.57
320.43
188.36
477.04
635.9
763.9
421.04
741.45
238.49
180.35
795.59
298.27
575.63
672.79
448.89
423.13
742.61
551.95
111.93
450.43
714.98
312.83
457.71
754.76
314.19
431.49
268.28
468.59
780.67
530.19
246.52
771.32
350.77
605.64
650.52
90.98
785.16
582.21
737.82
537.74
281.88
143.61
343.45
56.51
336.77
270.3
514.29
469.06
283.73
421.06
56.87
66.27
135.75
16.29
732.2
197.97
644.52
723.97
447.08
211.06
648.51
249.32
388.86
151.79
738.08
552.44
628.9
47.68
55.87
79.65
228.46
342.66
255.24
261.51
77.49
97.1
347.95
503.57
408.75
25.22
625.14
688.34
80.19
287.64
558.11
206.41
250
607.86
186.32
703.35
177.42
217.42
419.98
302.33
138.74
81.79
23.57
66.3
365.04
660.73
73.14
310.46
309.6
408.5
730.34
599.14
319.48
561.5
424.28
666.04
93.6
740.09
714.06
5.6
536.49
76
771.43
268.3
557.52
647.42
328.09
773.61
718.12
270.89
234.11
95.01
129.4
317.67
528.06
681.61
235.76
684.57
492.65
446.04
381.9
596.27
489.96
277.96
675.28
296.69
643.55
112.77
235.15
200.04
312.09
80.18
270.9
630.03
777.21
387.53
104.16
249.49
770.36
758.05
535.29
467.79
564.57
142.94
195.55
445.88
240.58
631.04
513.27
167.16
378.08
197.3
457.75
478.7
200.32
709.24
110.94
261.03
302.01
690.01
12.08
697.11
134.92
49.77
387.29
281.76
422.78
262.48
430.02
93.99
133.53
797.73
42.83
203.15
630.46
406.66
572.78
351.38
346.94
433.77
575.3
573.19
439.16
579.44
32.25
687.99
149.34
777.63
330.78
58.25
26.46
396.94
637.18
707.13
184.56
145.81
765.2
525.27
734.68
556.85
401.8
136.98
547.95
770.5
129.89
287.23
286.5
379.91
40.34
324.68
267.37
1.5
663.66
558.32
580.23
736.02
661.83
513.8
624.35
436.15
597.61
450.36
76.55
234.48
6.43
1.14
723.99
407.32
295.12
577.31
527.62
616.92
646.68
511.11
479.46
527.82
220.38
554.46
779.85
447.08
550.84
75.65
648.13
702.92
287.92
575.03
552.62
190.57
324.14
747.92
744.82
758.86
172.92
86.54
513.63
285.32
374.51
40.74
339.27
301.54
305.77
323.08
383.63
341.51
521
140.69
476.11
709.96
200.45
116.3
457.17
633.98
325.18
700.67
135.42
530.88
647.07
176.11
766.57
315.63
725.46
178.91
400.2
112.37
422.02
677.7
48.41
370.66
35.26
379.07
691.24
354.13
282.23
398.72
252
364.91
238.57
237.2
737.75
211.62
479.48
163.86
722.56
121.13
155.21
647.98
123.78
275.35
399.64
402.86
336.21
191.62
132.66
764.32
564.39
229.03
73.18
402.25
725.03
584.5
739.46
531.19
437.42
273.52
379.55
412.29
771.32
48.08
352.66
411.85
340.77
65.17
19.94
461.8
679.2
548.94
221.32
224.26
228.37
477.2
303.04
17.08
495.96
712.98
210.56
130.4
623.55
433.66
104.04
786.46
488.98
106.26
414.26
125.26
414.71
74.93
292.27
599.41
110.47
70.27
127.46
182.16
799.95
282.15
746.81
606.36
428.74
58.53
793.76
132.57
301.31
682.55
691.14
454.21
92.61
372.91
84.31
220.88
332.53
464.17
511.46
48.66
160.09
591.3
737.64
204.77
101.89
347.91
382.73
336.44
743.42
556.19
135.75
48.62
711.87
523.01
305.1
647.79
635.75
313.88
589
109.89
495.61
690.1
634.2
659.65
711.33
342.68
260.91
622.39
320.24
392.68
156.22
429.9
98.73
69.29
368.8
262.4
481.28
380.79
772.9
245.97
683.58
735.87
226.83
284.44
162.49
471.56
706.24
723.04
280.2
725.6
253.56
401.09
775.84
50.21
22.21
288
442.62
446.27
71.19
451.02
201.58
773.43
162.55
536.3
479.69
59.28
53.72
377.48
515.53
317.18
789.51
471.81
689.69
80.2
3.88
22.94
483.22
542.83
256.87
721.68
232.12
498.59
35.98
759.48
378.4
647.71
636.67
62.75
365.83
183
622.78
417.02
644.13
432.31
634.71
588.61
479.11
228.92
197.48
666.86
789.16
104.26
767.12
691.5
242.53
221.13
469.34
597.97
456.63
193.97
300.31
106.61
36.14
639.42
465.52
5.67
165.53
409.26
283.31
53.01
355.79
590
745.4
76.72
500.72
110.93
347.32
463.45
10.07
113.34
579.5
134.83
529.72
71.12
635.26
799.56
371.29
626.38
252.87
652.82
768.74
164.04
763.34
28.66
787.84
482.83
620.54
619.29
462.62
78.49
389.98
536.67
680.68
317.96
45.36
43.58
627.25
580.14
569.15
573.2
247.47
758.59
247.37
555.54
742.77
214.57
716.95
81.78
567.28
127.34
588.39
434.04
784.34
641.94
149.15
350.49
676.54
427.91
646.89
622.62
143.94
756.16
122.95
713.19
42.18
733.61
65.14
692.81
514.92
774.72
637.24
546.98
246.56
486.1
289.42
532.24
647.48
76.01
207.57
788.39
418.09
471.18
340.11
697.52
67.53
735.48
700.61
303.85
567.72
24.94
348.47
165.6
465.49
357.76
25.8
403.81
660.09
605.69
607.38
795.53
693.38
68.6
680.29
634.31
302
514.85
586.46
199.35
92.73
99.06
440.96
556.08
155.17
93.37
164.72
141.75
179.97
733.41
16.19
368.56
763.04
427.01
250.84
421.75
135.29
644.04
192.97
79.61
6.68
546.35
62.89
96.55
186.75
412.9
86.54
137.14
135.26
329.14
535.85
263.72
611.78
71.15
482.89
745.46
340.6
714.31
515.68
17.54
761.75
134.44
478.53
133.8
614.25
405.49
62.22
318.52
572.21
497.9
528.68
638.08
90.04
741.88
237.33
690.58
158.74
495.93
465.39
376.32
357.63
587.67
346.61
393.02
749.76
304.12
567.13
480.25
359.77
718.41
697.44
18.7
198.24
288.01
201.57
791.53
36.51
518.88
786.63
429.9
392.96
539.64
10.51
403.97
743.37
722.26
595.23
762.47
183.63
142.08
46.71
783.96
392.76
14.53
620.31
569.66
766.32
96.94
205.15
665.63
743.04
127.1
697.59
725.04
648.98
619.93
500.84
323.23
412.66
306.52
588.02
173.39
258.82
707.04
16.56
113.89
203.18
482.48
207.19
612.12
371.12
15.13
344.07
796.46
439.76
619.1
356.16
269.53
387.08
549.63
657.85
251.11
225.34
269.93
480.52
482.22
481.1
587.64
756.83
593.32
503.07
470.35
133.86
421.53
470.04
72.16
330.19
288.97
522.18
35.23
315.46
349.29
209.47
41.21
322.14
711.68
553
632.62
159.15
11.54
750.88
259.3
760.26
167.26
629.94
331.88
447.8
373.05
431.73
174.45
321.71
685.16
313.85
107.3
596.37
192.25
798.39
481.44
553.98
373.15
711.94
716.64
286.94
573.94
790.74
65.13
759.04
474.87
352.33
392.48
21.64
225.52
527.85
703.13
556.38
568.47
69.91
768.49
649.7
427.79
744.72
511.62
146.98
629.75
229.12
747.43
420.42
796.86
537.81
257.92
249.72
148.72
192.38
636.61
396.84
56.12
230.23
437.8
584.05
431.7
786.58
455.72
480.51
209.62
796.6
233.93
242.28
583.78
306.9
583.18
287.9
633.87
796.17
453.28
181.21
546.29
737.53
149.24
434.63
331.81
289.91
164.69
652.49
72.63
672.36
607.66
608.25
206.81
472.37
5.16
148.15
746.15
627.97
553.8
550.1
318.84
549.8
188.67
730.06
277.76
663.66
440.61
219.76
143.43
532.47
283.7
455.59
761.44
57.42
587.34
668.62
22.62
243.23
448.91
355.32
509.62
103.3
558.44
264.35
413.37
224.42
328.88
497.27
615.05
647.6
257.39
56.86
789.97
682.53
123.3
208.2
730.73
110.56
781.77
141.34
758.29
56.58
638.81
543.57
133.2
558.27
306.31
657.05
87.02
263.13
729.57
727.48
60.41
254.58
235.75
69.98
550.04
663.3
720.36
550.13
18.88
541.67
255.72
338.89
67.75
429.93
224.74
295.23
147.01
619.33
548.89
717.23
764.09
797.19
745.07
632.67
81.22
483.78
243.32
166.74
554.93
786.44
22.16
386.15
84.15
33.41
325.73
261.96
208.65
225.86
168.05
419.3
427.31
608.76
724.29
34.03
257.54
34.51
652.62
758.08
561.72
583.9
85.48
675.29
277
745.27
353.72
768.05
181.22
315.68
522.54
528.58
131.07
143.7
767.3
380.26
560.47
35.39
88.96
68.19
658.27
169.02
271.3
434.07
100.65
606.97
159.81
537.72
604.18
375.51
74.26
320.54
591.83
670.66
659
638.13
281.91
411.08
534.03
547.01
124.26
542.26
791.33
493.07
384.05
532.63
282.23
348.89
673.68
247.63
605.01
753.58
721.9
279.28
434.03
664.21
556.06
351.01
45.61
667.42
655.68
172.25
751.25
564.3
458.71
734.05
312.67
513.83
572.71
693.07
607.5
156.89
552.81
121
70.64
434.88
27.13
57.09
154.44
762.46
557.9
6.64
419.62
262.49
360.81
281.46
783.48
429.16
347.85
315.92
272.44
122.26
730.19
786.06
634.81
345.51
182.99
356.16
759.72
506
490.5
699.69
218.91
792.58
685
396.19
4.02
547.76
567.4
553.68
471.64
102.33
314.65
86.39
712.84
670.64
352.36
464.72
651.14
603.49
6.72
752.69
42.02
451.32
190.81
205.87
678.13
522.55
123.98
125.87
227.39
0.01
631.32
467.46
733.66
446.58
765.04
690.12
793.22
363.52
18.45
669.42
174.49
697.48
240.08
300.3
102.76
193.6
129.97
628.83
715.15
557.61
436.93
77.46
534.45
489.66
369.15
715.28
689.68
610.9
93.66
672.18
27.96
303.43
781.61
730.17
145.44
291.54
138.76
291.64
128.54
258.84
636.37
10.42
273.96
497.02
465.34
361.92
577.92
757.39
148.14
393.05
476.87
366.95
359.66
416.63
204.11
77.26
13.92
59.37
474.44
552.93
205.36
793.89
18.71
385.83
105.87
341.22
727.22
643.76
776.1
103.31
423.8
113.59
159.49
391.57
514.31
347.4
518.23
185.25
58.7
361.04
4.51
161.24
442.95
658.53
743.89
195.04
285.29
344.44
180.56
630.59
207.08
767.12
586.37
714.53
90.71
573.97
569.51
75.6
204.7
339.36
626.91
123.61
209.37
96.96
516.72
561.98
304.14
633.72
343.14
584.17
651.75
256.15
415.56
244.66
428.62
75.92
316.77
592.19
709.3
249.98
280.58
491.04
91.83
685.38
41.83
656.93
50.52
267.75
687.3
87.45
356.02
16.25
450.7
15.17
546.62
582.75
710.77
586.69
740.57
630.86
350.92
11.61
117.37
242.19
755.67
394.55
362.61
91.35
293.9
766.14
218.01
657.3
696.47
420.35
441.67
473.91
741.88
442.77
544.76
657.74
677.73
4.1
21.56
314.6
32.8
38.38
638.93
442.17
391.67
491.98
23.08
373.46
93.61
207.39
327.16
177.78
282.85
699.1
744.47
602.64
351.23
23.42
260.23
25.16
750.75
151.79
626.84
34.95
23.91
337.8
593.29
513.04
570.09
1.75
31.86
283.93
711.57
85.19
770.43
767.79
218.75
236.96
19.8
24.63
63.66
462.75
519.69
276.91
499.53
3.1
451.95
636.11
393.35
646.14
511.08
242.11
37.49
658.73
493.99
184.93
429.83
394.93
350.4
154.12
156.09
157.8
88.06
446.55
384.42
596.98
259.71
224.05
597.44
526.11
144.51
625.98
290.88
677.86
217.78
542.73
3.05
587.23
95.24
26.26
608.45
266.84
535.69
711.51
31.8
118.19
512.02
561.45
200.94
151.97
287.26
45.49
643.7
608.01
462.32
208
427.77
128.08
454.25
246.48
511.52
748.53
234.72
691.58
647.24
742.12
542.27
66.72
480.26
182.96
541.64
631.32
241.48
285.56
279.95
781.9
633.27
485.49
594.58
41.02
179.6
438.72
225.71
56.16
155.51
71.83
407.28
572.91
185.13
485.95
428.72
529.65
0.13
284.69
707.73
39.69
551.44
563.5
105.65
373.49
509
363.02
348.78
165.21
664.31
35.44
153.18
228.6
486.54
452.05
420.93
144.6
365.96
62.77
333.07
774.17
671.91
154.45
365.87
625.38
571.92
144.9
59.77
311.4
508.58
218.31
573.99
186.68
770.04
596.69
635.42
272.8
320.78
87.63
297.93
456.12
677.56
661.37
117.31
299.28
286.21
610.73
269.18
86.56
325.2
290.72
653.78
569.63
784.55
94.77
677.92
789.06
148.1
114.92
454.87
397.17
576.29
350.72
90.86
679.43
621.15
10.76
625.48
704.83
622.54
472.02
659.72
727.52
356.6
601.63
799.92
410.96
81.94
618.28
412.45
242.4
33.73
274.44
712.82
229.47
748.63
558.83
402.39
562.44
606.7
386.22
174.82
21.23
496.2
644.22
421.76
423.26
315.02
220.94
84.21
688.84
470.54
506.31
253.89
554.48
716.96
367.58
501.37
655.51
169.08
415.73
705.42
753.64
403.3
329.27
215.09
145.78
166.36
411.65
672.57
448.94
697.85
166.38
567.48
26.65
24.75
309.47
288.94
295.9
360.9
349.06
327.74
49.85
298.52
82.12
143.66
556.4
538.78
719.47
749.5
710.93
200.44
755.81
69.23
367.36
465.73
264.65
236.21
770.96
688.66
27.41
527.35
217.1
475.67
553.44
263.14
758.9
521.86
233.86
671.39
612.31
26.35
307.01
142.68
317.95
719.92
328.61
335.34
693.83
584.35
11.54
720.45
546.63
407.45
529.12
660.24
118.62
604.75
75.36
94.49
17.71
150.89
764.37
56.24
437.76
206.15
499.79
82.82
137.33
644.5
281.28
686.14
259.32
10.9
550.36
560.59
74.62
577.37
71.2
173.76
393.77
321.82
383.49
418.01
709.6
539.57
320.86
488.47
347.46
535.15
601.86
170.64
462.75
10.74
398.79
115.75
200.66
289.33
127.57
641.39
288.73
670.69
765.06
248.07
467.14
446.27
780.83
557.79
570.59
468.87
333.71
373.39
720.52
367.03
192.68
161.37
251.08
772.86
343.36
235.53
334.08
446.94
496.4
642.15
111.13
546.52
510.57
194.15
460.07
368.65
121.51
770.35
560.45
429.03
647.47
572.05
789.83
215.62
785.42
150.84
465.22
94.4
54.19
116.67
167.55
717.83
141.72
188.64
731.49
632.53
256.76
361.97
598.87
441.97
516.67
83.39
416.35
306.2
293.33
76.15
679.32
774.24
198.21
132.41
423.59
598.82
728.8
799.67
54.78
171.73
543.55
1.71
772.17
574.72
614.16
129.6
799.31
76.85
428.74
559.3
530.96
193.3
62.85
565.61
158.21
680.75
684.02
66.43
65.69
372.88
712.95
693.82
42.67
272.66
218.21
314.41
636.54
702.66
289.64
142.24
103.17
780.69
309.52
469.02
795.69
614.49
92.56
758.18
303.53
565.7
570.62
79.62
113.96
443.91
414.42
679.05
38.67
150.66
455.67
765.42
137.96
405.59
101.41
662.09
725.19
56.38
764.93
405.35
546.7
79.84
382.77
18.74
68.53
584.93
441.63
415.3
410.69
162.09
763.49
170.34
164.32
308.12
594.5
384.22
94.7
230.94
479.05
431.46
418.91
520.27
23.77
552.27
107.33
132.77
410.7
455.48
768.49
167.8
249.89
236.92
708.81
288.88
428.96
513.69
442.11
133.86
220.61
640.42
363.73
294.77
190.9
165.61
270.57
299.28
56.1
581.95
402.04
572.88
427.79
445.25
509
445.56
621.62
222.21
670.33
426.61
51.7
690.77
628.25
213.21
388.43
696.39
242.87
780.98
258.61
643.73
216.24
348.01
701.9
32.51
654.45
480.69
239.62
505.76
370.94
529.65
18.24
684.91
380.18
284.9
93.5
2.33
312.73
47.17
475.25
180.47
176.2
752.22
9.73
336.83
678.45
711.18
164.88
161.05
701.71
447.58
274.55
737.67
529.48
761.35
275.5
184.57
343.8
577.03
415.66
184.69
623.47
703.46
554.1
45.06
279.09
707.27
478.4
119.37
214.37
55.96
8.17
48.7
461.34
511.68
754.42
767.03
590.3
530.96
400.77
740.29
382.74
622.34
664.63
400.66
236.26
234.19
388.09
78.55
708.74
734.48
743.19
220.42
41.13
798.87
60.07
341.75
34.64
647.56
95.19
595.19
171.59
188.53
679.99
522.35
301.97
512.61
375.65
308.84
417.74
373.1
397.71
564.46
332.84
464.35
681.19
316.41
586.08
644.59
9.22
710.77
739.73
288.48
765.18
695
9.83
385.64
389.88
239.74
354.96
605.31
312.35
703.39
40.04
143.19
507.76
667.44
217.77 /

COPY
	PERMX PERMY  /
	PERMX PERMZ  /
/
MULTIPLY
	PERMZ 0.01 /
/
