---------------------------------
-- Permability values for SPE9 --
---------------------------------

-- Permeability distribution visualized in figure 5 in Killough's paper
-- Killough says 'The input data included in the distribution to
-- the participants included a geostatistically generated 
-- permeability field'

-- The values below are taken from Killough's dataset, they are
-- not based on the figure in the paper.

-- Explanation to how the data in PERMX is organized:
-- Under each LAYER (i.e. K-value), 
-- there are 25 ROWS (i.e J-values) under which there are
-- 24 entries (i.e. I-values) 

PERMX
57.4
17.08
320.58
737.99
791.14
384.42
79.31
327.91
382.7
776.89
645.4
501.1
197.7
694.01
63.18
54.63
285.55
70.88
786.93
50.02
244.21
577.68
741.75
254.97
268.87
279.04
774.77
228.63
532.98
206.35
102.77
619.44
480.96
401.41
478.16
438.19
144.86
626.95
160.66
498.23
603.38
786.88
789.66
28.14
347.71
751.69
265.09
231.56
262.43
527.7
73.95
289.7
390.99
730.36
423.62
307.55
762.9
593.98
78.05
337.9
203.48
734.12
139.26
533.59
110.96
145.15
702.34
634.23
248.75
279.66
611.22
486.41
703.77
428.49
241.26
581.14
587.48
369.21
175.43
599.79
624.9
624.65
526.53
682.53
370.79
17.9
66.38
460.39
262.06
542.61
612.48
705.9
4.67
476.15
718.98
21.41
121.07
614.27
179.89
322.25
484.58
616.87
574.07
738.25
548.84
172.58
84.21
138.97
55.38
405.63
305.78
1.49
335.62
84.25
74.25
661.33
567.49
107.38
7.16
428
666.66
673.83
628.93
122.5
618.53
657.52
145.57
390.35
345.34
180.38
24.36
72.59
555.75
749.49
635.96
253.38
407.28
248.98
180.37
37.05
162.31
62.02
697.57
526.38
614.44
330.2
120.28
31.67
224.84
307.46
604.05
380.05
202.86
210.23
457.18
721.44
109.24
142.63
493.98
631.87
288.16
180.63
372.85
513.34
119.91
87.18
8.3
492.23
766.15
612.12
61.12
563.57
712.47
696.18
330.03
538.61
336.03
339.82
270.85
182.23
63.78
372.5
272.12
328.77
154.16
258.68
279.88
116.42
242.12
681.59
322.41
690.1
691.53
180.58
68.06
43.58
749.07
624.25
346.52
565.33
566.61
624.12
221.65
597.87
602.42
210.35
578.7
419.26
176.27
601.39
559.45
794.45
720.25
14.79
191.65
783.31
435.48
492.28
618.64
147.13
198.55
553.71
340.49
433.93
318.79
509.01
99.96
419.51
653.73
326.87
272.1
793.6
112.97
494.24
264.03
720.05
548.42
632.57
176.18
740.27
421.35
443.96
583.27
713.52
303.05
85.34
600.45
349.97
504.17
367.59
730.38
694.34
718.36
573.37
744.39
672.68
716.98
199.81
81.5
733.04
757.48
146.52
190.45
507.87
202.93
614.16
81.14
733.86
246.47
773.67
470.88
251.67
428.5
252.56
66.06
554.84
57.33
670.24
501.74
487.36
591.6
121.95
336.62
731.5
781.69
453.41
306.63
788.04
69.6
642.73
680.67
44.75
195.98
599.3
651.31
782.62
52.12
770.61
486.21
190.77
501.47
341.67
351.77
544.65
720.25
375.25
131.53
0.82
10.06
241.51
28.51
216.3
671.1
512.82
389.77
729.6
684.89
381.63
715.03
722.3
709.57
499.15
271.66
523.21
45.01
17.57
142.81
558.13
436.38
600.54
180.22
740.7
490.77
647.33
416.05
423.58
90.81
695.41
270.61
154.14
331.95
414.47
703.22
792.72
315.86
728.66
480.69
765.89
65.92
398.93
299.9
624.61
659.24
5.32
620.29
794.29
741.45
768.28
266.43
413.14
306.92
139.95
403.71
577.7
141.33
539.74
66.04
510.93
498.69
614.78
358.72
343.07
419.59
378.52
755.82
200.89
542.7
198.24
264.09
264.86
604.99
502.78
586.87
450.96
401.51
386.89
18
798.18
377.59
52.08
347.96
94.71
653.02
247.77
338.18
297.42
472.26
318.22
362.82
396.83
492.07
354.49
241.67
329.9
383.74
429.99
424.62
529.19
151.29
608.31
683.2
118.42
760.41
536.41
279.4
250.9
693.67
120.84
438.93
652.87
482.07
556.15
704.89
771
277.11
243.8
390.66
226.93
688.68
296.88
302.9
561.17
446.08
569.87
276.72
310.09
8.07
245.48
238.72
74.27
305.82
415.63
478.9
416.54
555.44
255.53
234.82
793.15
71.32
781.79
389.42
722.45
513.57
501.17
691.18
237.21
517.84
67.72
362.06
612.5
240.06
387.83
364.71
704.21
180.71
37.67
200.7
561.87
347.26
194.36
167.26
477.9
570.51
113.8
203.64
75.71
365.87
186.32
108.81
330.45
446.89
258.91
462.58
110.17
177.08
137.88
748.41
246.28
330.73
270.7
56.9
706.1
795.96
771.02
40.83
748.06
683.73
11.24
678.55
436.81
12.71
485.23
306.42
273.34
250.11
495.15
131.81
396.71
605.61
476.08
322.45
396.66
338.45
779.84
548.89
659.82
638.7
273
381.42
423.28
278.68
428.51
560.94
491.13
654.31
630.48
34.85
658.19
601.43
444.48
593.59
40.63
161.57
435.57
582.01
478.69
618.67
120.97
482.18
588.09
411.21
203.59
313.57
128.11
397.72
523.24
777.78
501.59
195.99
355.12
641.9
498.32
331.29
778.61
85.66
395.25
762.22
122.73
428.72
638.75
426.52
116.77
199.1
239.74
495.33
84.93
259.83
486.01
376.08
423.16
539.86
161.99
446.35
125.51
526.52
530.98
796.08
289.89
476
734.91
181.68
545.17
148.21
114.95
606.98
763.22
199.45
218.19
194.67
162.58
240.78
278.43
304.78
443.79
56.95
689.21
199.03
665.14
459.64
389.59
320.06
362.98
39.06
497.76
675.54
651.92
564.38
438.01
91.24
214.2
768.02
70.2
579.8
569.38
49.99
431.77
335.29
154.26
430.76
437.09
161.97
167.6
376.81
785.49
83.64
80.88
273.38
2.52
575.58
725.89
587.17
6.93
523.31
52.56
255.68
72.99
444.23
224.58
223.88
693.59
652.66
55.37
557.5
249.43
739.41
135.58
755.97
24.53
345.78
650.24
53.03
411.69
259.8
597.16
222.81
250.03
386.03
488.29
1.81
575.48
420.44
588.98
552.56
192.87
77.78
611.12
671.07
665.71
545.38
431.91
739.59
573.75
137.26
62.29
492.11
363.72
321.44
56.24
326.58
306.53
24.81
148.01
485.46
151.96
306.88
570.8
186.39
314.67
247.77
523.93
267.11
105.47
26.02
199.67
520.13
799.14
719.29
138.63
195.84
510.82
623.52
462.57
28.79
756.57
192.16
491.53
441.7
329
261.33
115.59
710.58
356.29
118.36
126.42
29.3
233.6
130.06
117.66
335.23
477.61
741.05
564.67
732.11
43.21
323.01
517.28
612.42
347.96
349.2
200.29
225.82
764.81
317.4
341.54
579.27
206.45
631.04
612.31
120.18
91.81
172.49
671.84
35.67
475.02
780.2
585.08
160.18
323.03
540.82
62.54
352.48
202.5
380.99
528.28
754.32
282
384.91
180.6
195.83
747.11
202.74
155.41
621.74
464
404.91
295.94
298.76
152.07
426.5
667.12
266.69
131.01
539.74
585.57
608.31
321.97
100.23
51.37
400.41
212.77
330.52
80.15
423.93
399.57
170.52
339.18
28.06
465.86
154.11
485.53
23.39
296.92
92.62
390.84
533.7
634.37
587.85
374.17
339.88
644.69
92.37
502.43
597.25
98.76
378.47
485.61
272.05
34.12
317.84
325.03
164.68
732.95
225.73
160.56
322.57
378.19
275.99
340.58
724.53
385.93
520.68
122.27
306.28
345
324.02
103.42
475.06
486.19
227.01
681.51
345.05
729.93
39.39
455.16
572.23
95.22
749.22
422.1
141.8
613.81
709.21
613.52
454.25
490.53
92.74
541.71
695.34
548.56
463.59
381.04
51.73
529.16
565.48
617.25
17.09
4.25
41.51
460.18
78.67
146.98
425.57
364.4
756.65
372.28
158.14
567.8
651.73
622.96
502.61
408.93
36.47
126.73
744.25
215.2
432.52
633.37
315.75
207.99
250.83
772.08
702.37
641.65
676.91
642.06
331.84
263.91
270.19
754.27
660.1
641.73
452.13
257.75
599.96
1.95
9.12
422.46
474.32
551.48
349.11
231.11
404.52
672.51
58.51
643.69
63.43
783.26
41.87
16.29
373.4
486.44
163.19
334.34
363.93
17.87
326.9
468.87
410.87
564.64
225.26
390.73
712.43
497.29
657.68
607.99
702.15
792.29
222.15
192.19
546.7
102.75
365.28
684.4
713.43
124.56
714.78
680.18
628.15
679.7
354.81
716.76
390.88
619.04
657.51
236.89
589.02
17.2
619.12
307.95
624
93.79
237.06
607.66
569.47
98.07
535.73
153.77
632.62
305.87
136.27
157.81
770.6
549.37
352.88
282.5
181.59
663
404.1
203.98
456.63
216.72
59.35
25.58
428.2
79.86
122.34
2.66
442.21
786.62
799.13
135.22
540.37
456.9
170.69
147.91
190.22
484.37
615.03
14.77
742.02
315.72
523.81
531.14
479.84
770.66
792.81
181.13
45.98
509.84
495.09
235.97
488.81
687.85
372.26
565.69
418.97
615.14
342.41
547.2
582.5
776.78
264.84
169.47
287.44
186.25
479.98
236.78
657.21
760.79
349
310.96
624.54
750.96
238.32
100.54
207.3
701.11
545.32
523.6
605.85
775.99
311.26
64.32
687.59
253.51
364.82
75.86
592.24
564.31
787.87
58.67
411.17
456.31
698.55
303.47
780.43
38.28
314.49
161.49
513.95
752.64
652.68
491.18
781.38
689.36
493.72
514.26
431.21
769.91
464.46
727.57
152.61
458.2
408.92
679.56
385.56
741.47
5.53
653.24
650.61
702.19
186.13
649.34
644.03
432.75
515.52
36.75
308.7
442.04
659.84
164.83
196.91
448.89
489.21
289.87
690.02
188.29
427.49
553.25
42.22
91.79
653.71
470.63
602.63
626.55
278.79
247.68
671.55
271.97
203.28
766.9
724.1
203.07
502.22
406.6
498.38
186.17
410.8
497.38
419.8
43.16
217.9
371.47
224.7
724.63
387.87
83.88
356.93
674.05
501.84
184.77
44.78
227.69
526.49
25.1
444.95
512.3
608.49
73.98
713.24
736.72
731.97
33.6
468.3
731.79
470.82
188.56
28.87
381.71
707.27
459.77
754.78
552.57
702.57
661.89
498.88
667.31
459.36
741.22
143
488.62
286.32
228.31
558.71
291.27
111.63
113.88
602.34
650.58
783.88
797.82
424.61
173.79
43.66
210.87
603.11
83.93
67.74
91.06
675.37
708.97
749.86
549.86
710.21
341.97
183.28
23.35
366.72
214.55
197.77
483.84
223.35
117.61
747.64
678.79
738.25
466.16
227.64
169.45
723.49
304.84
502.37
762.48
420.51
471.38
647.55
752.89
178.4
17.26
432.34
413.39
678.88
435.11
301.05
709.95
32.38
298.09
755.1
312.59
517.71
240.76
206.41
675.8
612.69
469.05
75.89
708.59
119.12
781.48
180.45
467.37
351.75
246.65
748.8
19.66
47.08
395.69
509.97
521.41
753.52
22.99
96.89
84.65
355.78
23.11
327.46
768.91
776.92
258.37
594.87
726.07
794.77
669
74.36
148.19
491.98
759.52
382.91
503.98
632
429.19
218.72
633.8
559.26
505.49
707.33
403.45
713.32
602.23
384.19
602.4
333.64
97.1
677.43
728.78
681.97
539.76
796.49
542.84
289.9
85.97
655.2
32.64
347.55
756.25
531.25
624.95
52.63
627.38
483.5
709.04
515.02
152.76
25.11
481.08
645.97
187.17
635.93
369.02
536.27
375.06
782.25
150.52
203.05
644.27
487.05
359.8
249.41
214.81
512.1
668.58
728.9
149.68
535.04
289.88
334.49
475.13
775.09
286.92
80.31
591.62
578.86
796.25
626.89
26.9
585.52
465.33
0.28
389.04
204.31
145.26
190.06
358.23
737.78
80.13
734.18
99.89
116.75
468.01
778.18
329.3
15.23
123.29
747.84
173.78
87.71
209.29
395.15
560.59
8.81
512.86
119.93
609.04
227.93
523.03
718.35
502.9
105.29
675.76
440.99
781.06
595.31
619.6
218.44
169.57
494.73
431.85
233.24
381.77
224.32
0.05
348.63
107.32
522.08
693.59
73.4
480.38
162.08
552.31
641.76
214.17
790.53
513.29
308.12
413.08
737.09
515.77
755.73
188.71
136.01
216.23
580.12
496.24
219.04
654.89
261.55
217.86
546.48
592.99
181.69
416.89
518.14
99.2
109.42
705.66
600.19
107.11
531.81
225.77
125.58
740.34
154.74
237.51
315.47
477.23
630.75
665.52
73.31
131.94
615.42
465.14
611.9
260.09
481.4
557.48
46.21
584.03
213.94
273.58
354.78
426.12
497.05
230.36
707.61
642.08
734.8
671.83
167.38
299.2
181.75
28.62
419.17
132.85
164.48
62.46
647.06
763.24
650.36
477.37
567.89
172.28
598.41
763.23
343.28
637.82
225.25
262.6
212.55
299.34
754.03
521.53
725.6
787.35
143.61
449.98
707.99
279.91
86.68
355.02
311.34
51.83
15.47
27.1
421.02
239.12
310.53
232.74
61.71
787
465.2
569.06
421.65
715.81
701.23
695.52
191.6
253.2
657.85
413.57
98.2
724.59
132.9
792.14
602.79
38.99
141.27
570.15
693.92
459.4
104.41
613.22
354.44
474.65
542.63
50.88
388.79
143
48.28
600.19
647.87
162.47
328.74
448.01
560.27
318.64
577.31
423.59
332.63
540.56
6.85
512.89
350.2
673.87
148.55
303.66
291.16
556.46
20.36
183.25
742.2
451.66
718.02
167.68
473.87
381.67
477.93
214.08
138.31
32.26
129.54
277.51
29.34
342.32
68.7
682.47
792.07
507.16
702.37
738.32
738.99
162.77
754.52
218.27
540.68
396.32
170.5
22.18
66.12
540.86
100.16
545.84
134.09
230.09
480.15
761.67
440.23
623.41
718.78
665.52
799.41
290.23
517.61
520.23
80.68
739.04
281.97
399.62
568.82
203.96
635.7
15.2
508.05
43.44
312.39
131.27
100.9
124.08
297.45
604.39
40.08
146.37
104.4
362.81
668.65
177.45
489.97
756.17
617.54
256.78
111.93
204.92
759.23
85.87
74.56
155.68
626.03
504.07
575.09
561.63
495.2
631.09
785.59
456.23
560.55
6.24
28.59
599.26
656.11
699.76
618.55
33.59
618.67
360.26
263.52
21.56
93.83
685.31
610.66
451.42
581.77
191.7
337.95
131.16
786.89
488.16
742.03
23.24
326.47
357.36
191.15
691.17
561.17
69.56
463.24
25.31
265.45
742.88
158.96
286.34
85.06
603.66
774.44
150.15
341.1
159.97
536.94
759.91
170.97
131.6
755.76
59.76
311.28
215.95
54.1
550.99
65.78
443.94
540.84
397.83
648.85
718.32
618.3
796.58
293.06
700.19
426.18
226.35
263.75
481.04
382.44
25.75
368.5
576.56
757.4
629.34
49.07
559.66
80.5
545.71
600.78
417.61
661.93
282.24
521.38
40.22
169.45
67.31
187.85
32.32
349.34
538.79
248.58
482.18
770.97
407.83
698.77
457.09
518.2
767.88
395.3
160.7
403.44
192.73
58.99
95.68
229.63
288.47
435.13
652.36
135.8
286.41
538.64
634.43
739.2
619.55
461.98
440.68
78.87
705.08
468.16
525.36
0.97
683.4
520.08
626.63
79.76
491.72
166.04
194.42
710
283.41
735.87
140.46
643.61
412.45
400.83
508.54
381.38
541.6
31.62
723.12
28.41
246.41
574.2
743.51
141.92
437.45
486.36
678.41
166.69
291.32
539.34
282.81
137.16
155.78
599.89
654.41
245.75
368.67
328.53
311.89
791.21
715.62
279.03
96.32
341.76
269.26
95.77
635.46
360.08
434.91
333.39
139.18
497
69.26
520.02
96.04
534.84
167.85
31.02
37.89
630.14
383.58
473.66
534.69
502.4
385.75
132.06
631.52
703.73
33.44
788.9
665.67
542.58
799.88
520.85
516.73
90.98
342.8
636.07
255.67
231.41
259.85
403.62
90.85
41.63
131.07
744.5
378.28
310.4
612.93
325.71
469.92
277.72
280.59
691.66
736.03
322.7
495.08
714.2
322.89
229.15
384.63
610.27
552.17
735.96
424.82
345.74
139.75
106.95
112.62
137.41
103.91
475.58
719.4
570.11
452.55
27.63
635.97
400.42
80.94
452.26
535.09
233.03
176.38
757.4
143.58
377.03
467.19
49.53
20.9
654.86
365.44
117.56
796.1
611.15
361.92
145.74
6.39
691.82
489.03
723.1
123.7
189.02
408.65
627.8
714.68
32.01
375.76
647.74
692.75
156.26
203.65
195.34
93.66
2.52
118.74
342.65
523.93
577.96
26.13
482.69
416.85
720.38
132.17
60.97
123.3
729.66
496.95
126.22
14.53
177.75
514.85
695.9
177.4
253.18
626.41
520.08
117.39
750.94
461.38
549.49
29.64
780.09
579.79
120.42
286.82
700.74
383.21
193.55
25.92
295.12
17.39
543.95
15.79
259.17
391.83
62.76
730.37
429.24
485.73
128.36
554.76
445.15
6.7
247.74
152.1
161.81
202.29
421.43
527.45
535.01
313.58
272.77
705.12
219.97
632.34
523.18
224.54
153.3
214.05
302.17
754.04
201.23
118.27
261.2
524.06
486.98
347.83
682.51
469.38
691.37
297.89
787.91
689.46
471.32
352.31
137.52
255.67
85.41
620.54
216.48
565.82
535.6
22.36
539.63
0.13
75.93
575.72
308.65
594.84
52.18
155.13
735.83
451.72
785.07
448.33
772.4
97.18
590.77
381.71
523.42
33.2
335.89
520.71
57.7
477.33
352.81
239.49
414.08
96.02
324.29
797.97
403.08
557.17
30.53
532.66
45.2
596.01
333.8
6.42
729.73
798.54
678.28
440.01
325.43
621.46
232.05
617.44
596.87
126.25
291.71
170.19
649.37
521.27
220.69
86.52
256.63
274.43
794.97
433.09
107.44
593.38
296.71
81.38
176.02
644.07
318.62
390.06
131.8
196.15
667.83
645.19
518.18
38.93
471.37
103.16
635.94
184.58
690.94
539.01
788.28
748.62
796.88
416.95
0.06
407.6
55.92
654.25
153.78
437.5
313.69
110.18
81.95
556.95
508.56
399.44
671.35
440.67
758.4
153.58
417.01
133.91
700.8
793.53
262.29
274.9
131.33
426.06
641.1
665.54
43.53
482.53
4.63
151.7
663.45
312.8
720.28
790.26
784.79
353.34
597.64
478.23
237.38
461.77
104.66
311.26
15.21
693.04
294.29
575.68
182.27
250.01
577.39
226.73
650.02
527.88
763.01
599.26
482.94
25.1
561.23
608.89
364.62
128.35
697.33
754.91
258.62
694.04
213.32
378.49
652.41
235.16
24.53
533.74
475.67
713.65
37.01
560.49
62.57
544.33
219.11
781.14
531.86
607.73
173.16
218.02
746.74
479.57
318.22
540.83
252.19
80.69
217.54
533.35
563.27
81.09
380.53
333.59
688.68
302.9
283.89
761.37
765.65
465.35
606.51
596.35
727.04
271.52
461.8
40.55
588.03
431.99
727.58
731.62
539.04
729.19
261.55
707.63
693.82
602.25
434.45
693.7
764.46
584.97
204.88
741.45
632.71
436.26
65.41
748.76
165.22
779.66
519.17
24.94
154.69
425.79
151.92
387.13
779.31
536.23
726.97
363.77
680.01
211.36
109.08
159.02
106.8
523.64
502.43
615.48
405.95
347.67
543.64
705.98
473.12
405.59
520.29
171.26
305.98
585.26
750.46
607.18
539.97
555.86
769.05
615.37
82.42
695.18
443.14
407.6
352.3
393.47
287.05
671.47
83.58
237.22
110.61
793.67
504.49
181.18
22.09
717.08
510.71
738.18
536.93
49.12
593.98
644.66
451.84
276.25
433.17
194.06
712.98
503.68
17.23
579.33
522.85
542.85
710.16
78.99
391.45
765.53
210.02
757.03
392.05
467.84
49.52
43.26
466.65
330.09
690.71
567.2
611.77
615.89
276.65
328.64
389.37
489.83
710.83
557.23
465.28
16.88
31.15
114.92
546.13
747.83
447.52
315.52
577.56
790.25
44.63
771.32
794.23
611.61
119.82
695.41
538.93
667.47
725.92
760.96
485.8
734.36
220.77
23.38
187.63
606.65
201.14
64.34
455.66
177.4
605.96
537.67
519.75
379.11
115.24
240.74
110.42
14.68
729.84
75.38
237.27
489.16
749.81
42.95
493.75
577.33
317.88
415.46
352.58
448.62
300.11
341.19
229.1
267.26
498.36
626.89
210.61
29.78
585.93
665.92
475.61
773.94
505.51
18.21
160.22
240.63
298.99
258.43
149.11
211.63
46.31
36.97
356.27
66.99
474.41
75.96
89.14
584.05
657.38
95.84
500.74
559.64
101.4
108.08
440.47
178.25
80.97
528.11
431.27
207.89
143.07
211.64
549.86
179.73
349.24
188.31
763.94
410.37
231.54
790.93
574.62
348.67
429.39
310.65
260.06
361.2
747.82
50.31
224.55
765.99
643.2
632.55
210.2
698.45
475.67
533.81
616.92
506.72
157.5
510.18
704.78
53.27
222.89
354.76
773.47
345.85
54.99
513.25
37.06
532.58
489.73
739.62
772.33
515.42
284.69
797.76
153.88
664.59
52.14
422.83
20.65
17.62
359.63
799.86
568.71
563.14
435.18
554.96
571.16
46.18
19.97
55.17
36.1
714.75
173.85
387.92
252.2
303.54
619.98
641.82
160.58
483.59
364.13
258.01
761.52
791.04
61.7
780.59
526.39
503.13
571.1
328.13
680.58
113.78
288
492.84
66.92
536.45
447
420.38
17.94
360.27
634.12
376.95
790.71
208.74
591.66
473.28
54.32
153.12
193.26
435.59
743.29
393.68
796.99
104.37
9.54
727.23
381.67
40.42
787.52
64.58
791.91
527.82
746.93
82.47
607.71
326.6
763.26
627.47
557.48
442.51
770.2
228.05
52.58
149.54
585.89
312.53
433.36
49.22
471.67
7.04
678.69
341.72
499.95
513.45
767.06
403.03
758.23
271.45
666.65
547.54
454.41
445.58
312.6
739.48
16.08
648.29
543.18
128.44
335.92
113.72
167.67
612.43
87.3
125.76
220.94
426.66
203.08
194.45
473.73
515.96
666.6
133.78
382.6
373.25
665.56
378.7
519.45
548.54
86.22
463.33
391.81
461.26
485.4
491.15
638.51
629.91
36.96
193.82
152.84
186.74
359.06
762.95
446.54
555.22
367.74
518.68
384.97
701.59
595.75
415.81
342.77
346.69
127.46
281.41
522.15
94.09
596.22
176.87
622.53
199.86
334.5
459.67
727.16
226.01
135.99
207.66
167.4
466.7
618.27
448.58
661.26
400.76
403.83
565.35
344.06
67.89
93.07
16.91
468.04
766.69
20.91
90.8
543.89
380.35
313.05
357.96
369.49
733.05
186.53
284.07
365.63
460.96
156.17
234.11
799.1
123.71
716
155.18
139.16
35.33
617.04
692.45
93.63
646.33
349.87
414.71
651.04
416.85
633.23
18.22
522.41
299.06
444.74
734.64
276.59
428.24
108.86
408.98
488.27
302.67
283.92
37.11
346.37
356.56
564.73
705.77
524.02
322.76
743.86
105.47
770.19
574.51
93.45
674.63
12.32
313.22
462.95
424.84
163.51
114.08
490.2
788.49
350.4
227.24
157.88
463.19
663.24
743.63
180.39
379.06
146
51.29
646.28
515.78
684.69
310.74
401.71
418.24
15.83
66.77
144.4
45.18
496.07
553.29
420.41
610.06
20.06
292.94
45.89
778.63
361.93
89.77
300.25
618.74
369.68
780.5
390.83
292.29
302.2
746.97
278.49
221.88
720.74
274.15
542.5
320.4
67.51
102.95
193.82
652.46
344.27
159.14
167.01
20.72
679.75
423.24
180.12
407.02
550.26
745.91
178.26
379.94
173.73
418.96
397.84
269.44
53.45
509.7
277.18
667.91
770.35
407.88
109.2
250.91
268.23
224.93
717.14
279.85
25.35
766.25
765.93
790.01
675.13
72.14
309.05
783.29
270.56
40.94
7.57
346.18
101.22
226.91
223.59
676.11
162.33
564.09
16.57
220.66
738.96
410.81
747.33
596.87
767.28
157.41
708.41
632.04
379.52
112.15
231.48
161.48
687.72
601.11
450.45
629.63
731.25
298.52
650.49
137.55
223.55
101.27
546.79
120.65
785.36
597.04
18.95
330.47
100.12
721.96
61.35
554.12
243.17
274.29
741.89
202.89
355.07
632.2
690.77
774.97
324.17
582.25
543.13
606.95
741.72
426.67
286.26
20.6
272.16
775.39
183.4
542.67
651.71
513.99
49.03
264.45
425.4
139.96
403.46
349.32
288.57
547.62
261.88
404.97
270.67
11.29
561.35
787.55
436.4
535.34
687.07
402.68
734.25
243.86
133.23
347.49
605.46
154.51
791.32
679.63
290.98
759.03
608.19
169.97
382.36
76.64
103.19
94.59
292.84
538.43
322.37
606.86
565.43
758.72
458.27
183.32
571.39
465.12
480.98
292.82
609.41
247.46
299.82
265.49
397.55
596.96
437.72
275.8
187.96
668.56
557.05
413.95
391.69
729.04
410.61
365.36
213.64
654.89
672.5
458.3
483.22
581.4
737.31
576.98
459.9
41.37
49.03
8.98
570.01
598.4
282.32
181.76
408.35
795.21
274.04
649.77
306.85
155.59
676.54
278.7
554.65
623.52
309.73
698.5
269.15
221.8
359.53
302.55
279.66
776.06
556.37
18.2
497.61
583.75
245.18
175.11
401.08
642.04
311.73
266.78
550.15
47.16
18.69
754.5
290.85
755.8
567.41
760.95
773.56
598.84
307.38
377.51
730.35
339.21
745.68
674.69
204.13
367.53
81.87
298.34
216.72
671.33
697.18
413.58
212.47
288.27
757.51
6.69
30.17
69.58
652.47
108.47
710.78
493.66
280.32
611.96
568.85
107.82
15.01
637.81
512.51
317.21
332.42
720.35
173.44
121.41
236.61
243.73
54.81
761.84
386.64
384.43
6.34
72.6
696.73
387.61
393.98
562.44
201.37
693.15
443.5
758.37
245.05
506.89
432.88
264.74
278.06
144.16
431.25
295.79
261.05
727.42
654.37
640.23
767.88
337.2
605.68
592.39
713.61
631.59
664.79
196.37
128.19
9.46
136.83
378.08
290.83
125.21
654.23
124.68
638.3
344.3
388.71
537.48
725.86
299.3
58.01
668.15
478.99
509.44
58.95
43.3
656.13
534.3
71.18
139.42
383.29
451.14
490.91
689.5
204.55
592.36
74.97
555.27
333.13
493.04
346.19
789.91
238.41
401.13
760.22
180.77
242.19
720.05
131.27
797.25
283.98
165.17
508.81
244.34
189.55
703.3
725.27
605.93
169.33
647.79
270.63
781.76
600.01
120.18
134.97
615.87
153.55
323.23
65.9
85.96
90.52
620.57
516.56
658.71
42.33
683.18
377.25
765.86
116.94
744.48
222.59
69.79
9.61
182.45
165.94
144.23
308.1
149.48
633.52
206.54
511.14
82.22
582.47
549.35
51.48
506.53
306.01
137.25
539.35
39.03
533.38
698.84
771.91
570.93
425.58
29.58
562.87
269.95
653.88
10.81
156.31
671.34
344.92
753.07
557.88
154.75
602.06
176.93
346.64
504.96
789.27
332.2
395.86
656.03
230.35
242.15
662.45
366.42
290.02
772.65
323.56
322.35
358.32
568.27
505.27
709.61
261.29
85.62
373.05
234.83
47.4
557.16
753.54
696.56
56.78
405.23
65.71
600.73
223.12
519.06
73.11
185.7
786.71
112.8
249.04
133.58
463.09
520.92
541.15
104.04
87.13
544.47
155.61
485.99
342.34
299.14
120.77
536.47
207.33
612.71
577.42
345.19
425.08
127.58
529.57
183.56
331.44
80.7
489.31
377.89
305.76
8.94
678.9
182.41
412.93
510.88
760.21
708.93
638.84
499.44
131.17
682.12
694.8
276.94
662.78
150.31
770.67
53.27
651.59
618.81
97.36
228.75
280.17
672.05
212.45
432.96
559.12
687.23
563.72
9.54
546.73
304.04
243.18
458.73
57.78
710.11
651.04
720.29
181.16
528.29
379.65
779.18
282.11
422.74
734.72
757.31
491.42
145.59
315.53
248.17
208
720.64
188.86
50.77
447.71
719.49
570.65
494.13
372.66
205.19
711.87
682.42
433.68
643.13
52.28
370.42
59.53
628.61
250.08
533.3
756.37
594.88
746.46
737.4
667.66
794.64
290.83
576.07
673.73
120.72
103.25
443.93
692.66
338.85
772.37
766.12
140.32
489.1
87.74
552.34
257.46
394.17
282.44
85.35
615.45
584.98
25.15
397.52
600.73
450.46
432.52
184.19
676.21
599.54
364.84
699.22
651.91
625.38
253.68
510.88
384.48
267.67
750.17
447.45
598.12
658.98
571.75
429.62
130.52
445.37
17.35
290.77
264.74
446.48
632.77
325.2
24.91
135.32
659.87
351.39
248.01
578.57
735.97
91.29
205.69
492.37
41.96
404.94
588.25
299.26
573.15
219.9
219.14
611.24
586.39
280.11
774.07
723.47
624.61
552.67
772.15
160.1
564.8
205.56
720.64
358.9
683.44
654.51
560.89
103.54
620.25
325.14
104.78
736.2
212.28
499.3
683.01
339.5
473.77
199.56
74.31
531.66
111.84
320.39
307.23
797.88
211.99
600.43
318.21
20.27
4.92
682.63
67.7
696.85
125.68
734
728.74
533.76
192.77
797.37
362.83
771.19
66.05
748.38
710.06
795.14
638.11
182.16
735.13
619.08
757.84
486.72
689.79
381.31
590.35
620.4
179.53
376.04
455.03
699.58
233.84
316.94
4.03
653.99
317.31
79.02
747.85
392.02
390.59
146.85
28.3
781.18
299.75
31.19
499.51
414.49
288.14
406.57
52.91
140.78
97.31
380.82
297.93
433.86
536.33
579.41
120.79
154.63
727.38
784.12
554.66
531.79
182.1
727.33
360.85
319.73
189.05
436.98
255.61
10.94
374.78
573.93
743.45
596.59
369.06
284.56
759.5
652.22
24.82
405.31
668.17
421.75
423.26
759.15
306.5
302.73
54.34
479.44
121.47
718.89
643.46
581.59
28.17
297.02
134.41
741.89
129.84
654.59
198.2
592.29
767.77
689.77
199.28
757.79
644.6
7.67
97.64
276.19
289.41
152.34
49.68
399.57
108.99
191.06
154.99
607.78
612.12
132.42
219.35
433.46
97.99
41.36
206.87
539.4
714.4
57.04
607.48
468.59
643.78
471.97
502.66
187.68
371.47
211.57
71.22
731.38
23.59
426.05
569.19
416.86
200.13
628.89
477.4
632.52
470.78
515.93
325.56
647.25
374.9
73.36
426.45
752.77
115.2
332.39
98.63
459.8
431.68
357.65
29.1
338.44
139.06
347.51
212.01
698.88
663.09
245.24
253.79
373.09
274.94
80.71
393.21
132.48
349.64
27.47
462.62
595.12
221.25
316.15
243.23
324.47
444.69
456.28
217.98
611.8
76.21
577.08
294.4
93.06
499.02
472.65
607.81
89.3
72.25
194.25
549.18
113.65
426.23
719.29
777.6
417.8
206.52
672.38
376.73
279.71
642.14
215.34
263.45
799.78
679.07
144.85
160.37
369.14
211.59
673.61
671.49
91.76
212.48
363.3
632.34
767.7
313.01
448.83
672.72
90.07
674.66
661.48
506.48
177.26
408.2
632.72
583.97
264.02
688.27
0.56
57.32
119.13
673.97
97.49
517.8
294.93
444.39
551.37
149.16
501.93
38.11
488.18
194.56
629.87
172.91
58.35
694.5
282.05
621.78
507.2
70.44
114.63
736.49
510.99
488.68
177.32
508.96
408.54
500.43
328.98
274.72
696.41
361.71
590.33
345.07
645.93
388.96
222.33
259.62
608.04
301.95
127.99
175.59
584.43
126.85
75.44
377.59
325.19
574.83
553.3
111.46
166.02
667.77
478.2
556.99
568.17
647.4
385.54
613.8
380.65
126.49
330.29
450.18
166.11
295.97
217.19
17.33
774.89
234.06
54.24
341.49
154.63
626.96
426.66
596.16
295.89
428.38
49.92
267.87
270.72
85.54
370.28
232.86
604.12
51.45
234.05
548.96
413.3
512.87
459.98
643.13
564.26
408.35
291.54
797.49
726.12
227.4
392.41
564.3
675.53
764.91
325.12
528.53
799.63
462.04
546.74
527.83
635.35
400.09
771.52
790.93
656.61
328.48
752.07
466.45
444.5
625.6
35.49
157.05
80.4
793.3
572.7
694.38
769.87
703.71
44.54
88.63
415.16
550.73
613.49
220.75
32.51
118.56
269.77
348.78
12.45
338.32
564.66
371.44
529.17
489
587.09
164.59
20.04
716.6
34.18
609.87
713.09
84.06
752.14
541.38
382.89
460.43
17.09
268.32
202.89
732.09
482.74
84.7
616.22
68.98
74.83
118.67
175.67
754.58
305.71
508.76
184.04
66.6
509.26
33.25
736.14
86.59
169.24
597.9
127.9
538.15
171.55
429.8
345.45
708.87
677.08
262.37
549.46
31.98
754.05
168.03
204.77
229.32
247.28
51.64
770.46
601.2
548.12
228.8
625.76
301.77
166.69
584.99
367.66
759.33
39.5
535.49
236.82
533.64
435.25
741.2
8.35
55.87
82.65
118.13
181.88
188.44
402.02
769.44
712.57
435.45
241.38
787.61
438.04
492.07
653.3
306.96
325.47
526.26
328.76
106.02
449.5
700.51
277.04
377.27
379.48
686.56
372.05
256.87
750.1
597.24
89.12
317.69
85.49
710.89
285.8
605.35
309.25
232.42
212.46
603.49
42.85
451.12
351.61
224.33
737.11
366.24
672.77
795.42
68.04
701.07
573.02
535.43
492.73
342.39
616.25
641.68
784.55
51.46
310.86
429.97
58.29
229.61
467.65
381.32
99.98
455.03
293.72
236.71
539.7
18.41
792.4
105.34
371.16
576.15
724.99
675.71
738.16
541.34
589.91
140.16
214.66
100.45
27.77
519.17
112.99
448.6
196.43
68.69
76.3
458.89
469.95
745.19
775.34
573.73
300.42
548.2
266.96
258.08
583.75
301.34
124.23
757.34
589.71
303.75
137.7
759.69
104.82
373.4
13.02
39.84
224.34
671.31
84.64
10.21
145.92
512.61
759.05
306.16
502.31
401.19
64.59
324.47
409.45
750.81
377.33
709.99
5.23
377.14
700.77
272.02
612.01
413.02
389.66
778.86
408.84
364.27
747.5
287.42
164.17
685.87
212.61
485.99
333.5
621.2
797.23
115.47
3.93
13.32
558.16
423.02
642.75
759.16
274.62
315.01
229.64
427.51
47.64
137.43
422.6
384.57
493.46
112.31
780.63
379.01
654.61
444.23
225.71
410.35
691.56
775.99
277.09
541.31
445.37
462.13
511.18
224.98
292.2
494.06
9.36
344.38
704.5
24.18
128.85
211.71
103.27
275.85
358.7
308.13
596.85
582.65
781.36
286.59
360.68
509.8
151.35
215.22
281.17
402.7
108.16
369.82
37.72
544.66
501.46
45.93
477.03
149.33
576.94
216.63
281.02
413.49
33.43
159.55
276.47
585.19
639.59
15.68
574.55
477.13
191.59
287.92
783.67
659.75
679.35
577.78
255.87
431.76
704.74
709.34
506.49
42.76
438.34
197.16
515.88
235
775
226.09
81.57
433.55
369.81
11.64
201.3
594.39
412.89
422.89
606.61
229.89
524.85
336.41
435.33
266.97
683.89
201.87
735.61
679.49
428.98
599.82
14.2
700.86
299.64
289.25
614.22
163.89
656.95
32.49
712.15
752.37
652.38
756.62
227.22
140.45
331.91
642.14
641.55
176.58
546.78
403.69
432.49
600.51
483.79
524.18
546.7
392.96
244.63
722.61
28.31
230.77
98.57
738.12
32.19
580.89
534.96
717.59
495.21
244.83
536.65
86.59
665.36
292.96
340.38
543.49
557.48
781.38
308.47
133.94
573.65
274.81
60.74
302.23
267.15
69.82
786.45
594.07
185.48
458.58
455.94
35.07
66
122.67
441.6
680.04
210.98
544.6
76.72
489.37
432.03
165.51
643.37
404.4
460.03
15.19
437.9
163.87
577.35
517.82
772.02
290.18
58.49
390.99
112.39
217.86
37.86
533.07
715.17
101.42
572.32
5.8
558.66
217.19
716.07
501.18
37.93
13.18
399.53
615.12
105.58
463.86
581.42
383.41
418.62
732.48
322.15
671.46
205.4
616.77
627.67
414.13
617.23
632.57
795.01
443.69
528.17
263.8
276
230.43
52.53
129.05
525.97
663.43
409.6
524.32
516.38
391.85
320.41
618.98
447.91
766.94
203.47
511.69
128.92
20.98
172.72
67.57
566.32
414.09
329.82
305.51
577.89
424.96
78.9
277.95
688.93
679.47
598.86
689.4
761.72
503.2
351.36
421.34
326.2
189.54
789.58
619.76
734.38
735.33
343.27
769.69
230.71
279.1
117.37
453.48
117.44
397.3
168.64
34.07
369.05
29.09
657.94
560.66
204.43
502.75
428.66
492.51
526.53
517.18
529.38
67.82
535.77
426.37
185.52
319.01
174.97
622.81
634.99
383.1
759.1
766.25
550.83
146.25
736.89
506.07
155.09
566.71
229.32
261.15
477.11
162.72
772.7
682.65
205.37
335.07
451.37
642.04
346.94
678.02
276.99
651.09
404.65
317.24
633.59
673.64
38.43
222.8
575.63
463.98
563.89
745.53
731.86
474.48
673.5
76.39
643.72
598.84
556.21
128.1
789.75
232.33
538.53
176.77
216.6
111.42
520.02
592.08
413.65
287.91
88.86
407.19
710.86
390.13
683.64
89.26
408.22
287.82
593.98
520.48
799.84
703.74
24.43
736.12
723.09
399.38
224.68
57.47
370.73
129.38
131.77
654.56
489.35
700.79
226.25
382.83
560.61
465.11
523.37
649.93
659.38
412.81
194.24
589.87
238.04
78.24
139.42
133.77
652.69
681.57
550.27
417.5
718.76
55.61
507.23
23.96
431.38
193.46
665.29
566.85
419.25
565.32
600.59
332.1
226.44
436.99
152.94
104.11
451.23
281.85
687.2
137.46
249.81
324.33
216.18
256.6
425.76
796.98
713.15
428.5
18.91
238.6
346.17
272.45
684.32
500.83
668.82
607.64
92.83
601.99
17.89
340.06
653.91
751.51
174.49
181.77
416.62
329.56
478.37
709.78
672.76
272.88
346.65
652.91
335.36
325.62
364.77
250.27
59.51
742.03
548.77
321.44
197.34
63.83
46.09
779.66
152.43
171.94
483.47
308.61
165.4
553
252.42
11.49
643.21
267.38
771.07
96.73
434.35
41.81
433.63
681.76
567.44
681.31
495.21
576.9
780.35
118.46
596.53
237.69
193.44
226.28
36.11
627.82
249
122.56
67.76
378.2
449.92
559.53
735.66
711.59
77.68
365.98
489.53
717.89
645.48
581.57
267.83
13.04
123.22
378.7
52.13
447.71
75.26
280.18
430.37
782.79
682.33
164.57
171.3
319.24
563.87
125.5
517.36
134.47
14.16
440.8
264.4
468.24
706.57
737.83
275.08
110.72
720.96
200
211.78
184.41
105.88
49.48
0.13
373.39
680.58
251.78
629.23
294.12
251.83
77.28
602.61
38.18
479.98
669.71
429.5
107.12
75.44
59.85
158.14
110.3
91.24
82.81
381.25
152.86
665.42
576.02
153.58
314.6
289.98
541.74
766.83
588.86
141.33
440.16
32.23
219.82
496.2
464.28
743.73
570.84
260.02
3.62
317.73
682.52
463.4
422.08
373.13
732.15
95.75
360.15
232.95
430.06
546.51
583.11
352.89
389.4
473.43
693.84
53.05
795.12
716.54
73.45
746.17
435.36
766.64
790.93
521.03
483.32
660.39
225.91
245.94
427.32
137.73
464.99
588.03
215.87
452.55
783.89
576.73
102.77
40.03
455.96
105.88
761.23
251.73
196.06
468.43
203.35
48.24
448.3
101.91
682.71
477.56
481.24
23.41
254.63
13.28
105.42
771.16
623.83
344.91
449.56
151.13
555
194.62
768.88
201.46
367.86
704.28
470.03
192.75
621.17
730.37
377.36
327.4
312.3
167.67
753.55
332.95
247.57
770.98
370.44
463.62
535.64
786.04
233.92
731.75
128.05
241.17
87.15
731.64
445.59
586.38
111.79
486.88
135.2
638.35
361.57
516.64
547.03
527.34
315
768.57
6.17
590.36
64.25
302.2
435.1
678.16
558.25
719.65
681.59
689.97
242.63
427.79
159.54
621.77
678.39
419.39
176.32
449.82
625.55
779.89
287.6
704.25
435.9
213.91
127.03
170.27
702.34
769.64
796.3
497.39
251.71
666.95
321.4
774.83
35.92
137.31
753.94
461.04
625.63
473.67
335.62
633.08
121.78
10.65
210.5
86.93
330.3
153.15
580.47
14.02
99.64
400.65
149.91
461.58
763.98
369.33
479.4
138.68
704.8
712.18
408.12
115.2
163.65
634.2
469.4
245.66
279.17
704.78
100.21
644.32
266.1
584.2
733.26
587.92
53.79
329.25
594.61
693.23
501.5
196.3
477.09
450.86
765.48
301.35
202.83
779.74
290.38
220.49
141.93
36.01
633.49
380.45
91.51
586.13
15.57
784.36
647.27
592.94
693.78
623.61
717.99
761.08
774.88
392.77
169
362.06
568.68
414.82
518.2
380.5
582.24
323.13
261.44
189.15
692.28
399.39
713.04
695.99
314.84
759.74
704.68
266.89
20.51
505.58
723.32
446.35
380.68
363.25
703.85
747.92
68.63
137.94
729.51
337.7
384.33
419.96
345.42
725.95
438.52
337.28
536.66
699.35
468.89
764.86
786.49
591.92
38.42
296.44
590.41
460.74
765.23
484.96
567.38
537.74
192.87
757.58
250.39
636.72
239.7
627.79
237.41
6.15
353.29
233.7
337.35
576.42
159.24
732.04
508.69
273.21
602.34
772.66
730.03
618.98
521.47
74.88
779.24
727.45
246.09
535.64
268.59
78.01
616.26
400.88
229.58
795.7
54.25
325.99
53.05
310.61
331.79
184.67
556
534.99
341.84
741.46
346.27
638.2
347.99
499.69
480.69
150.29
52.7
156.75
454.57
764.29
598.54
75.9
89.54
432.81
735.89
760.01
681.17
151.1
70.87
240.65
735.34
636.57
484.7
272.66
573.81
547.19
325.63
724.61
111.27
215.08
523.33
493.38
772.49
354.77
479.03
318.28
771.92
466.86
204.79
364.99
442.39
627.64
717.28
566.28
368.86
722.93
664.11
357.17
133.83
141.56
34.22
270.88
352.97
14.47
783.35
223.25
95.09
370.24
784.54
109.72
450.98
67.54
248.8
114.62
448.56
281.44
222.94
404.69
448.56
410.28
320.15
351.98
559.57
260.85
24.81
758.54
100.23
444.94
45.34
353.65
510.95
114.16
625.5
248.21
446.87
486.38
761.24
783.66
701.11
701.37
599.62
615.15
567.47
777.42
536.91
274.6
303
750.41
649.11
303.1
267.34
135.54
419.87
75.14
587.42
726.23
651.45
130.33
480.36
607.23
96.03
442.67
522.75
574.21
85.08
292.56
446.82
781.22
324.73
726.06
433.79
288.91
375.09
361.39
783.6
179.75
577.79
585.28
727.37
744.04
82.34
459.53
632.95
593.04
97.05
75.57
680.09
115.56
285.85
201.53
254.32
587.74
80.07
284.73
700.88
174.4
84.32
225.56
73.42
551.4
54.73
635.53
615.98
112.77
797.15
197.32
703.03
543.08
743.21
315.44
705.6
665.76
275.61
493.41
723.93
366.56
318.44
382.84
98.3
762.13
748.29
765.88
365.66
149.81
223.14
326.9
560.65
219.97
145.32
638.57
523.87
696.9
517.49
299.8
248.33
432.02
748.66
521.88
606.57
542.16
212.05
166.71
57.98
333.63
15.81
769.51
14.25
366.62
739.14
87.84
761.19
112.3
566.9
366.89
149.88
210.16
558.11
116.74
299.76
642.85
664.5
287.75
225.87
54.37
341
505.42
716.09
122.79
544.64
534.69
338.12
471.35
330.86
434.42
610.72
480.71
332.8
347.52
247.36
285.84
581.8
734.35
122.86
537.41
103.53
694.09
608.34
518.19
769.31
103.68
125.1
791.72
7.89
620.34
797.72
755.16
190.72
705.64
329.38
679.75
472.35
401.28
620.36
564.68
38.27
796.3
99.7
429.66
296.46
202.51
697.08
624.63
225.1
313.27
38.09
766.88
449.01
434.56
42.19
58.07
469.99
398.58
76.77
124.35
694.19
369.22
206.1
101.49
119.13
61.32
157.05
334.73
687.25
133.92
538.68
269.99
757.84
785.84
323.24
157.4
84.52
688.6
22.35
673.06
278.39
612.58
728.64
156.58
446.78
181.77
588.97
736.57
483.94
677.08
443.56
229.43
425.76
265.67
147.79
109.83
94.51
276.04
93.73
682.12
215.44
754.17
5.44
695.18
70.8
500.77
731.31
313.71
342.72
172.95
760.18
108.05
433.54
18.13
17.09
567.61
581.4
121.7
242.69
186.61
552.15
113.85
118.9
506.9
789.38
245.28
235.91
678.6
326.41
596.37
285.78
795.33
1.91
479.46
657.21
627.64
141.88
119.05
336.3
469.74
136.54
713.33
510.31
96.3
625.38
736.27
82.55
156.47
176.81
245.64
462.99
653.38
122.43
19.72
130.59
607.3
564.75
764.14
220.49
106.78
551.69
7.41
420.38
263.53
234.44
478.62
420.5
464.15
505.85
621.68
501.51
743.44
497.43
759.97
454.63
390.41
691.98
647.07
192.66
84.86
436.95
84.1
590.74
61.76
108.92
58.11
199.35
607.09
426.11
247.89
754.31
689.86
528.5
517.36
286.05
319.29
316.73
329.72
695.39
324.93
490.83
409.17
187.08
747.57
233.25
302.85
464.5
771.6
464.12
646.78
444.16
91.98
728.13
294.95
742.9
738.43
3
666.28
413.7
446.84
638.49
205.52
389.22
237.07
776.72
439.52
248.74
304.32
637.78
148.54
456.06
194.09
41.42
74.27
751.85
757.32
277.03
161.52
767.49
692.92
674.69
378.24
768.12
146.41
562.97
123.67
322.24
614.3
411.38
248.14
33.37
388.35
762.68
684.42
418.46
503.2
541.34
106.94
364.03
360.47
518.56
691.85
6.69
325.87
571.32
141.38
515.17
499.74
348.73
3.54
52.73
798.9
67.51
635.84
578.97
230
631.1
350.19
298.55
283.35
408.77
8.18
653.72
154.26
328.69
510.66
736.84
593.68
487.23
92.61
644.78
264.23
638.34
796.37
657.73
660.27
665.02
89.75
521.48
471.79
177.13
5.13
278.99
195.23
754.46
454.69
590.21
585.57
558.36
427.03
389.08
467.56
293.57
660.14
646.55
10.95
658.77
342.67
614.34
249.17
9.8
434.34
657.84
527.59
484.55
373.11
536.18
97.8
289.98
628.57
269.61
396.94
163.65
336.76
724.81
602.41
367.02
104.86
172.73
676.71
137.66
344.89
328.45
342.64
374.99
274.19
385.91
295.73
351.3
484.18
760.81
582.21
110.98
248.3
749.91
53.82
463.82
770.95
561.85
424.57
36.84
636.03
286.15
443.98
458.24
739.94
13.98
97.65
674.94
239.42
593.86
404.38
136.48
459.2
655.82
509.21
144.58
372.21
781.7
388.74
93.49
781.01
724.93
709.9
677.13
357.75
745.15
347.39
712.91
694.35
518
757.35
375.04
156.18
197.69
224.77
294.21
537.29
720.31
172.85
529.11
671.38
623.88
93.67
600.77
348.2
348.92
479.47
269.83
374.46
703.53
662.92
2.76
240.12
532.73
445.05
337.01
644.53
556.16
328.81
577.53
496.9
626.04
399.61
631.87
324.18
189.56
71.78
129.44
382.48
82.3
60.64
420.49
505.44
599
554.05
291.81
506.6
154.53
694.1
121.26
17.16
760.44
554.69
360.21
619.56
386.53
480.37
204.18
439.15
19.31
728.05
291.19
574.97
468.74
749.07
651.96
209.81
144.43
503.81
120.05
617.37
214.82
116.95
135.04
652.25
718.02
136.43
471.91
435.63
752.04
258.24
557.93
334.4
520.81
579.01
475
664.05
136.77
788.79
334.88
566.78
574.24
342.47
170.46
649.65
89.17
501.8
133.36
323.89
377.24
79.27
514.46
105.96
792.25
424.14
395.3
517.06
75.21
331.81
291.16
469.27
239.98
558.44
658.49
282.75
484.38
428.55
198.33
199.98
346.27
9.97
526.25
599.78
380.84
729.74
740.09
313.4
486.95
752.66
50
681.95
663.03
79.56
525.18
294.02
615.23
793.04
551.07
462.74
466.33
717.17
683.08
348.04
486.48
490.15
672.82
776.34
248.54
622.87
291.05
603.13
658.48
47.5
650.5
266.36
446.62
308.62
487.22
285.89
693.89
472.04
513.82
287.07
400.23
491.54
187.95
493.71
607.02
410.44
561.68
678.38
499.57
470.43
455.42
589.7
444.91
779.76
408.36
606.96
770.43
358.05
656.07
581.99
183.75
59.25
606.76
473.96
62.07
113.2
208.71
783.08
627.4
495.5
414.84
84.47
336.79
2.2
677.16
81.78
130.44
762.25
136.67
479.95
289.31
519.03
153.82
680.09
287.19
440.42
122.87
178.02
197.1
154.79
478.72
365.16
581.22
670.42
667.92
507.8
317.23
318.25
238.65
789.69
454.02
495.66
276.85
67.3
773
665.31
184.76
361.38
308.24
424.01
470.05
737.24
592.79
344.28
273.34
289.03
381.46
21.3
530.06
74.41
170.16
197.61
21.4
413.98
477.38
269.81
203.71
542.97
250.13
694.39
702.4
168.84
377.12
299.46
401.85
101.54
42.43
782.93
693.04
588.74
53.83
483.6
58.85
473.34
662
200.71
606.58
603.21
333.68
720.93
758.59
611.78
79.85
408.53
34.24
128.49
335.75
190.89
73.63
296.64
363.17
711.82
757.96
688.03
766.54
732.33
276.67
202.32
41.25
222.85
92.3
457.3
29.34
562.01
705.79
537.64
188.44
138
530.1
377.98
145.33
621.69
609.76
68.77
699.38
465.25
519.57
751.51
370.81
245.78
261.92
423.34
55.1
312.48
440.58
154.82
322.19
441.9
455.04
551.96
693.75
268.99
723.24
130.06
630.62
282.37
582.74
213.33
711.94
614.42
761.12
82.67
296.02
31.36
703.84
633.06
311.26
337.67
762.34
658.43
418.01
638.39
1.4
148.82
540.12
242.98
566.23
65.61
574.95
250.81
36.28
403.2
519.24
300.83
611.55
347.64
55.33
166.21
756.04
691.64
140
133.54
769.12
170.31
258.24
352.29
8.61
279.83
342.79
2.87
202.23
658.76
723.29
468.55
92.2
648.89
101.42
656.17
744.28
371.17
101.61
597.82
709.79
560.22
353.23
155.57
398.8
145.71
379.2
572.8
463.83
102.09
473.83
259.23
608.08
650.61
592.45
230.35
684.79
644.89
36.91
298.63
693.59
278.76
709.81
386.12
173.98
376.75
531.14
225.67
590.28
167.42
299.2
146.94
741.1
85.17
697.49
330.28
138.41
725.39
457.38
755.78
734.85
387.78
721.99
733.91
405.9
734.96
372.28
209.58
683.36
604.79
680.24
38.58
294.8
340.83
609.37
368.3
615.05
541.84
657.12
481.4
86.94
278.4
369.44
115.53
149.62
342.65
483.99
496.14
49.51
158.6
303.25
743.15
389.46
246.19
442.26
697.81
762.19
609.04
198.36
543.39
771.89
637.58
395.72
241.53
73.85
158.47
53.21
295.13
639.61
176.57
298.04
4.05
69.75
702.49
123.74
424.11
16
209.14
288.82
487.51
680.63
371.39
424.82
634.68
712.06
684.8
510.52
14.35
236.76
346.92
599.22
733.34
326.24
583.8
774.28
606
257.15
213.66
726.92
653.41
468.35
250.97
331.31
107.66
531.15
194.61
776.77
367.79
303.62
362.29
79.6
449.22
124.86
189.83
459.81
188.12
430.49
484.44
406.13
22.91
50.67
225.43
84.01
146.72
683.1
105.47
253.66
203.21
27.2
9.16
300.68
715
251.45
464.26
664.8
557.14
773.86
256.93
243.88
49.54
279.53
505.7
190.82
494.92
446.25
705.09
498.18
737.71
304.57
47.22
556.92
343.19
193.5
102.49
758.78
643
613.08
257.83
260.26
420.7
342.65
522.49
11.2
482.51
36.16
267.41
160.75
280.16
348.51
739.79
258.03
528.54
646.74
421.71
799.53
279.16
289.67
519.81
643.71
220.78
317.72
535.96
351.73
521.4
15.4
692.92
21.72
95.4
174.46
189.09
590.78
6.19
680.16
503.13
728.84
603.4
358.71
7.02
253.97
277.87
575.74
318.32
660.8
283.99
508.64
61.49
2.34
56.85
585.86
395.74
298.85
437.3
671.97
329.65
74.61
475.11
402.21
279.26
309.55
244.09
600.31
506.21
160.04
391.05
167.67
699.67
27.26
778.08
92.61
31.71
688.91
252.9
568.82
642.76
344.18
257.85
659.3
15.03
141.67
495.4
416.7
174.53
40.47
122.15
686.36
313.97
668.71
456.83
164.42
669.29
274.96
794.77
568.58
662.36
297.9
294.92
403.85
193.37
220.09
262.33
513.69
153.72
124.23
81.02
330.67
130.64
331.46
386.8
448.71
253.37
209.99
246.15
520.04
683.84
222.74
540.66
578.75
539.53
246.78
206.29
81.99
692.8
630.05
439.76
196.88
83.13
35.19
655.59
161.39
267.76
520.3
32.97
637.24
366.3
599.1
9.64
346.43
628.6
387.02
207.38
100.82
759.81
409.31
472.12
524.32
699.25
6.71
425.13
63.65
704.88
477.34
713.89
403.38
598.83
497.27
241.23
701.16
332.35
639.74
648.1
125.53
573.3
695.24
576.55
717.96
541.7
589.84
786.18
500.75
111.23
535.67
686.31
31.22
784.03
533.73
698.42
112.29
81.73
691.32
218.54
794.73
542.92
79.94
6.44
226.81
346.28
0.59
455.62
491.72
795.59
66.98
341.64
46.16
246.21
146.15
413.5
542.54
798.15
21.27
568.02
76.68
687.71
414.19
310.11
403.23
57.16
159.62
638.01
689.1
728.23
382.51
556.93
646.64
38.09
445.54
711.16
94.86
542.23
245.76
426.24
634.19
760.03
607.22
770.72
324.16
378.78
487.95
596.59
568.45
524.94
501.44
171.46
336.68
763.69
531.1
191.27
753.94
714.36
371.27
291.62
683.54
621.12
217.9
209.15
755.11
774.03
279.07
655.43
240.72
3.49
729.05
350.06
96.61
333.25
523.94
334.92
135.62
172.55
283.7
771.33
286.59
188.87
744.9
75.75
453.04
18.75
327.77
288.29
551.81
240.34
189.1
244.55
184.66
216.42
661.38
640.38
779.11
80.24
68.13
95.36
664.97
89.15
15.56
363.43
384.2
242.91
257.11
312.69
200.48
699.93
718.09
162.32
795.22
232.65
753.02
335.5
309.85
434.56
221.23
124.59
744.39
731.71
336.09
342.12
470.4
643.61
439.26
601.35
764.42
142.86
384.89
424.15
278.58
763.91
169.42
245.5
15.16
457.13
624.58
515.12
181.36
796.87
594.54
279.72
236.33
224.14
515.24
195.67
225.07
382.45
345.72
468.17
443.16
416.78
788.57
488.74
787.25
87.16
767.79
336.21
392.67
523.43
750.59
36.2
785.18
65.01
470.91
398.76
335.8
685.41
562.03
565.57
397.58
390.35
636.24
454.51
588.07
177.96
484.13
629.62
411.29
746.21
306.52
388.37
467.47
213.55
671.83
616.94
494.17
775.81
621.64
134.49
433.49
60.8
531.89
630.45
589.15
93.13
41.15
287.87
18.47
687.43
533.14
745.49
635.8
636.36
172.88
196.26
369.11
190.76
347.66
652.78
602.83
594.28
76.25
591.49
456.13
402.08
372.73
478.44
297.41
797.68
290.85
587.27
660.02
17.08
58.1
300.61
223.31
625.54
434.61
785.88
674.53
523.66
536.69
279.75
712.2
672.69
378.77
36.59
641.47
623.54
514.99
499.93
148.75
260.1
605.8
107.64
569.28
118.98
679.83
296.8
427.53
166.01
447.53
529.2
192.2
796.33
193.93
629.46
314.38
163.68
482.92
103.17
305.32
371.3
269.33
501.97
302.94
302.5
161.89
536.93
384.44
48.6
239.09
761.75
403.81
384.75
649.74
535.31
468.25
454.51
80.02
239.08
465.75
312.56
112.03
117.28
672.75
661.47
618.75
594.79
103.46
145.1
666.1
699.85
405.25
654.98
540.35
779.82
122.97
477.56
421.15
562.46
266.5
496.85
674.55
728.38
564.67
358.32
660.46
176.94
673.16
152.82
35.28
204.2
586.11
586.91
717.26
659.86
464.65
139.97
58.09
30.13
521.61
396.82
242.43
477.06
482.08
77.94
570.8
118.13
249.05
469.45
410.12
177.8
43.47
362.11
470.03
755.61
586.79
256.41
262.79
442.27
626.08
345.81
72.81
446.73
719.97
379.76
692.4
31.14
596.49
586.91
378.6
624.8
488.72
347.48
673.96
37.63
383.98
3.09
158.73
23.65
237.72
333.3
708.1
589.86
348.94
56
644.82
286.01
321.18
734.43
114.63
598.5
691.59
187.63
331.19
463.35
762.72
251.61
344.34
255.4
464.58
201.03
393.1
171.49
135.4
451.44
421.97
103.91
447.32
456.33
364.13
398.22
38.01
541.3
443.94
545.11
5.44
114.95
325.9
57.76
132.21
143.13
631.21
624.15
771.13
550.68
212.78
730.62
699.94
560.27
214.43
632.34
265.96
610.64
555.75
550.86
200.97
137.39
45.12
652.68
505.7
14.4
287.45
121.25
87.88
310.32
79.66
14.35
763.12
245.19
174.23
691.67
27.65
98.09
59.11
392.52
660.86
286.92
273.74
329.36
85.24
162.37
138.16
205.39
508.95
322.04
463.38
203.94
344.03
207.12
154.03
604.96
637.03
668.15
231.78
652.98
741.7
30.12
578.02
649.21
704.28
746.81
686.37
206.27
410.47
12.13
363.55
267.94
368.77
161.08
601.37
356.12
512.22
291.71
668.18
37.65
264.11
793.25
44.47
434.92
51.09
272.84
665.01
683.9
710.21
717.75
779.38
183.56
407.53
13.34
600.7
391
578.92
373.44
597.16
388.57
742.15
709.29
657.09
739.58
205.19
797.33
325.02
212.33
597.63
309.51
65.88
232.85
590.34
795.75
756.35
510.65
71.15
99.35
465.23
97.4
671.16
90.65
659.44
23.88
672.16
449.04
618.17
21.14
405.62
446.94
32.91
434.77
671.66
575.64
618.23
166.36
336.39
361.97
186.17
73.65
625.49
100.61
341.29
713.96
783.16
497.02
528.72
637.25
530.26
572.83
501.68
209.52
57.33
774.28
577.16
81.03
521.4
288.35
688.09
344.57
81.47
394.27
458.07
241.75
762.25
318.97
742.21
647.25
743.46
440.94
503.39
289.76
5.49
0.65
485.59
414.29
546.32
299.01
295.41
701.59
89.43
302.09
152.05
139.92
176.28
565.2
243.53
262.17
169.46
218.41
545.42
533.42
415.42
112.53
612.18
690.82
206.67
290.44
45.27
440.35
204.05
692.44
414.77
0.42
450.74
601.19
333.42
179.79
702.32
503.19
754.14
87.89
560.63
469.8
52.13
453.91
721.32
80.79
157.59
513.78
606.12
252.51
739.81
319.49
105.52
749.77
217.4
480.89
60.53
648.76
769.18
425.76
782.77
709.91
597.26
684.39
757.35
373.05
780.57
757.38
793.12
346.2
468.68
456.23
354.31
329.7
445.34
620.45
526.01
405.47
745.91
193.65
384.56
215.69
663.65
97.14
732.78
505.93
635.81
713.11
122.2
305.62
638.43
359.6
378.24
392.09
679.06
490.89
555.49
460.36
658.73
774.19
508.82
792.17
790.08
611.19
488.16
89.82
164.08
705.79
116.17
100.79
633.52
647.8
316.4
641.04
88.47
466.46
764.29
21.98
49.35
237.8
784.34
67.61
421.67
654.57
531.74
336.04
108.43
711.07
512.35
451.94
131.75
470.48
620.17
308.39
271.98
306.14
440.09
150.88
671.46
646.95
747.41
326.21
50.72
266.98
24.71
620.11
751.48
395.49
708.76
688.87
505.18
129.63
392.35
799.17
84.93
768.59
664.38
131.9
422.32
660.51
650.7
254.37
249.79
217.77
23.77
212.17
474.65
440.93
102.78
211.97
423.18
313.42
60.09
667.27
82.81
692.22
70.34
43.81
234.43
662.56
34.96
388.39
470.23
124.64
375.13
634.97
48.46
191.2
230.06
164.89
217.89
561
170.07
460.23
657.86
268.23
220.94
314.99
208.93
97.58
766.83
595.18
252.23
167.58
194.74
202.23
149.22
252.47
537.92
133.3
390.35
230.9
47.51
161.29
99.13
87.3
84.65
675.12
31.48
57.33
177.37
125.81
766.06
214.53
3.22
719.89
574.54
26.38
626.92
719.94
254.41
480.21
8.6
363.66
37.97
81.29
53.6
410.22
318.56
659.63
170.52
360.98
508.17
199.66
381.22
59.02
712.21
263.88
158.81
349.26
351.65
311
7.01
208.86
387.53
654.11
178.54
769.12
502.39
126.48
668.22
703.93
9.97
475.73
756.12
753.19
133.29
645.82
419.55
651.74
51.26
519.53
198.11
768.28
100.9
420.32
418.51
773.55
607.2
474.49
623.12
280.9
317.64
353.55
77.79
68.45
132.1
408.72
626.11
619.17
503.16
628.62
81.43
126.74
316.99
180.3
559.53
114.14
624.79
563.84
467.67
231.68
628.33
139.51
119.08
705.46
69.03
487.22
424.69
276.76
539.52
574.16
623.27
219.43
336.29
118.79
787.79
623.69
573.63
270.73
100.75
140.39
189.14
751.02
625.79
436.92
640.6
710.69
742.24
8.17
506.92
122.9
741.6
265.62
607.12
726.94
353.51
660.69
313.1
471.97
217.63
226.74
266.95
432.61
649.98
176.42
698.32
524.33
384.34
238.84
410.06
256.8
659.8
210.5
504.85
349.93
7.46
582.12
184.1
218.9
476.18
509.73
11.91
516.82
285.05
316.76
645.93
73.59
413.65
35.56
795.27
594.97
450.07
620.55
402.11
468.96
389.83
421.81
591.76
521.17
490.23
299.07
578.17
417.35
29.69
650.89
383.75
731.78
373.4
641.2
309.69
326.51
622.55
705.94
417.9
596.41
195
400.92
245.82
463.28
634.15
286.98
582.63
74.99
564.01
164.45
159.92
110.75
511.9
348.74
227.46
315.22
316.28
277.81
383.68
455.12
407.7
411.42
348.81
751.81
200.7
783.39
768.46
512.82
618.15
11.96
591.06
707.4
789.32
699.73
173.65
741.22
546.43
636.89
702.45
271.83
63.98
151.37
306.72
521.06
504.96
450.39
146.98
545.58
610.67
741.9
433.97
292.58
552.56
538.2
450.4
317.37
396.35
282.38
97.36
141.67
592.78
395.98
75.9
47.37
172.82
608.43
746.33
142.71
558.67
639.99
92.78
555.67
200.73
215.97
705.34
528.63
378.07
619.89
785.92
149.84
299.06
286.39
458.09
35.82
571.78
161.35
368.2
179.28
92.28
749.96
754.82
547.85
52.73
661.45
1.74
666.82
420.77
626.54
788.67
138.01
258.36
158.72
595.72
477.23
324.54
638.52
666.35
155.8
435.68
381.71
346.69
106.87
382.14
483.19
54.37
501.16
226.17
531.18
129.52
115.52
738.3
235.2
54.82
576.63
178.97
776.3
361.28
254.61
595.37
482.8
169.96
547.57
473.36
217.71
352.43
591.41
210.63
493.11
228.67
410.49
413.2
314.07
291.56
694.99
74.27
78.89
365.02
66.12
500.74
62.86
132.2
41.2
107.73
628.53
399.35
30.79
615.15
784.07
374.1
233.82
435.55
447.93
563.67
516.29
533.96
777.53
775.71
592.52
289.18
203.21
148.08
282.75
471.24
320.65
534.27
316.99
117.25
637.75
389.56
132.77
229.02
459.86
613.33
481.72
764.83
565.22
483.91
657.14
742.21
586.38
62.32
182.77
389.63
185.84
559.89
205.75
291.66
8.05
341.5
302.51
477.54
550.9
198.49
364.38
205.84
660.87
646.87
616.98
195.47
611.72
738.11
553.07
674.31
339
329.74
645.28
95.76
453.92
383.58
749.85
38.74
703.36
322.26
62.6
544.81
244.59
210.09
315.65
418.92
544.87
433.83
308
580.32
361.58
241.92
171.47
590.93
578.12
654.6
694.31
110.67
73.86
347.64
1.8
477.06
625.55
276.12
452.88
8.18
687.51
242.77
428.9
663.14
442.71
588.35
585.87
422.43
355.17
719.05
728.12
706.99
635.6
651.48
501.24
666.89
325.7
288.82
385.99
212.79
410.07
57.24
268.53
445.44
188.11
459.72
59.46
204.58
643.45
317.01
251.76
481.49
533.32
687.85
560.71
384.01
54.72
249.51
189.18
331.66
560.77
25.74
386.38
91.46
751.27
738.4
454.72
365.81
183.1
721.31
732.38
361.54
318.82
250.19
378.29
141.63
407.24
749.06
573.5
596.4
378.62
572.27
32.67
627.95
82.03
573.8
631.21
605.46
686.41
140.96
213.43
117.52
547.51
12.53
511.52
183.99
114.86
603.53
633.54
339.36
96.43
742.04
324.42
314.66
647.75
596.05
676.56
471.12
517.36
187.71
477.2
797.45
756.84
11.2
486.14
715.66
97.17
628
347.66
637.85
533.07
146.37
277.42
751.43
381.77
102.67
571.84
34.77
726.05
335.31
403.57
465.74
539.99
423.21
3.08
653.86
123.45
528.24
317.69
666.21
91.35
415.92
614.51
358.15
27.87
604.32
506.56
307.59
413.26
136.03
511.5
98.56
603.42
106.06
74.8
114.57
13.81
672.15
780.87
95.06
373.93
327.97
236.51
496.66
778.56
289.75
523.34
530.01
440.52
218.13
643.99
764.56
306.21
100.26
65.05
274.94
588.3
589.72
353.57
451.63
241.51
420.88
427.44
42.86
694.04
775.36
725
287.03
49.62
100.24
353.13
759.48
661.01
18.78
305.58
640.24
9.49
526.08
55.32
156.39
469.36
455.41
346.75
127.02
297.96
478.07
111.89
426.53
786.33
357
778.02
122.95
674.39
702.22
653.8
619.44
222.19
238
359.83
452.04
547.24
314.84
261.91
208
177.67
316.69
525.87
665.9
228.56
460
152.41
714.77
610.7
176.46
619.37
666.95
256.84
426.66
188.2
780.77
493.12
8.85
81.52
359.06
728.79
708.89
767.55
74.78
491.52
134.12
260.4
79.49
480.17
748.27
583.92
583.19
592.11
737.37
169.91
84.56
709.77
672.32
783.6
589.57
373.14
415.04
403.25
481.04
513.46
246.93
377.93
630.45
188.34
679.17
765.67
631.13
174.79
637.6
201.84
236.51
393.62
53.87
664.03
88.52
429.38
739.71
561.1
311.68
62.17
457.9
399.96
465.37
762.79
607.86
584.94
271.06
679.48
279.73
632.41
169.39
4.23
592.84
710.4
747.86
399.93
512.49
187
506.79
228.89
509.56
583.25
281.45
704.94
432.18
785.73
369.39
71.16
229.79
244.66
10.23
582.29
587.58
753.53
798.11
66.34
466.09
492.5
484.28
17.58
186.7
738.72
371.41
205.27
37.36
226.7
450.38
491.35
591.23
268.36
740.37
371.29
205.79
185.28
144.49
642.79
197.44
108.63
611.38
235.21
406.57
385.3
421.93
396.63
572.97
60.96
176.41
628.39
498.41
413.87
665.21
148.66
731.79
492.83
302.26
537.84
6.58
205.51
316.69
394.55
682.91
196.41
45.72
223.97
1.45
668.06
765.69
549.22
644.77
84.71
504.41
562.79
641.51
355.99
484.74
556.08
414.22
706.36
764.42
108.74
130.09
147.62
559.85
231.38
394.3
571
621.56
154.71
115.2
213.08
699.57
617.6
525.77
529.07
62.96
229.52
333.68
60.29
565.66
476.74
554.4
53.76
699.53
579.83
470.64
45.34
400.53
584.82
659.39
745.18
204.97
83.13
516.82
117.82
59.27
42.74
652.3
586.14
229.24
144.04
713.31
531.08
230.24
149.03
362.07
753.68
715.02
386.58
616.4
412.92
706
745.32
544.64
521.16
200.54
701.79
232.78
107.36
748.87
629.78
529.97
23.75
76.36
415.51
767.13
202.86
726.64
88.45
176.66
151.37
778.79
526.27
103.75
667.83
163.77
337.19
144.46
292.44
644.58
303.79
19.73
665.69
722.66
38.4
540.34
691.57
114.87
406.28
348.88
620.34
338.02
302.02
662.49
334.49
43.75
595.51
477.05
387.95
289.99
96.68
687.74
390.62
101.51
746.26
400.06
300.34
463.38
230.21
468.29
598.21
57.59
498.49
421.4
775.34
467.97
62.11
637.73
593.26
606.34
649.92
2.52
599.83
686.34
576.9
196.86
452.08
172.54
58.83
713.4
412.85
702.62
3.87
789.06
350.44
178.6
246.7
773.45
746.76
754.37
428.87
516.21
536.33
360.75
305.46
675.86
76.82
7.54
486.05
687.39
689.34
159.42
137.29
126.58
613.6
718.63
658.2
750.66
41.22
119.86
262.71
585.04
5.56
431.93
368.54
55.4
54.48
153.96
232.31
190.55
417.47
641.53
411.3
180.18
605.16
330.06
694.45
599.69
650.85
208.22
518.19
165.35
402.78
758.04
117.59
475.78
494.26
672.43
569.51
797.21
527.95
430.65
742.83
707.92
297.83
72.78
8.7
186.86
67.63
177.2
647.59
645.2
431.38
32.25
452.11
573.81
537.7
400.77
678.32
646.76
260.06
283.31
291.3
455.15
575.97
667.93
316.3
288.02
588.05
257.06
252.19
747.19
603.72
450
757.56
618.4
685.17
3.53
540.2
56.15
447.7
30.14
390.6
108.14
644.65
741.45
65.1
160.08
656.79
433.91
235.27
710.38
790.97
518.23
263.09
374.91
415.3
235.89
568.68
789.57
610.62
537.46
649.71
443.43
94.28
430.95
596.99
340.97
195.87
293.97
349.35
92.41
593.15
409.11
180.76
407.09
645.08
259.49
716.43
711.7
14.6
678.92
303.18
799.46
683.66
299.98
132.78
418.1
774.41
416.79
592
578.26
369.65
363.72
670.37
634.08
192.8
731.41
566.77
586.6
71.7
321.19
296.22
241.99
247.02
91.81
449.51
417.46
250.84
253.63
214.48
647.95
636.3
280.82
265.85
59.35
668.02
178.87
22.66
4.07
686.74
31.13
454.13
450.06
601.42
105.11
249.38
19.58
457.76
681.66
322.63
79.31
21.28
431.64
350.81
746.54
190.71
735.58
8.62
380.44
577.98
467.57
304.07
502.06
580.26
24.57
392.81
578.16
322.31
521.46
238.58
628.97
407.35
431.81
456.32
273.05
92.09
616.59
376.96
586.73
445.88
352.92
797.25
330.9
399.52
475.11
580.19
141.37
587.32
446.34
410.91
83.31
271.59
468.25
413.47
553.39
619.47
7.88
73.75
369.09
264.73
278
404.93
727.79
345.18
9.65
759.63
427.26
406.09
772.95
340.42
796.91
647.4
268.71
363.14
147
500.21
328.06
511.53
177.65
560.63
712.99
567.1
390.03
85.13
326.69
204.06
219.62
746.07
632.32
786.34
443.61
339.11
425.06
270.18
520.21
21.92
629.6
684.72
42.46
606.45
763.6
89.6
674.45
382.16
754.77
30.85
340.11
10.12
2.24
336.35
203.73
484.2
457.21
182.51
646.18
19.17
163.44
143.08
543.4
521.44
325.9
384.47
67.78
621.72
127
644.01
368.37
243.96
114.37
288.73
315.57
279.5
799.05
1.04
602
720.5
543.52
744.93
103.68
287.88
746.58
110.02
242.93
60
259.88
537.37
700.94
498.35
215.05
31.31
371.34
95.11
426.68
289.24
634.9
489.21
279.44
469.65
530.87
347.62
721.15
691.66
792.52
338.41
410.23
114.4
635.44
304.73
675.88
169.83
333.86
681.47
757.95
329.55
726.79
601.68
444.32
369.41
378.01
234.98
647.42
749.99
591.88
714.64
583.34
477.25
676.08
273.86
691.84
71.99
717.99
397.83
619.31
40.36
599.2
188.56
156.1
635.4
360.45
339.9
543.6
225.21
563.74
262.87
178.64
367.8
304.04
350.88
634.16
194.13
576.73
437.4
448.81
416.48
143.26
348.19
101.28
764.98
589.45
444.35
616.34
302.92
629.28
492.92
232.07
411.21
162.06
214.09
10.9
507.38
594.04
604.73
260.84
71.55
318.61
32.04
283.01
460.38
35.35
390.36
227.07
699.63
198.66
581.6
714.75
269.09
282.56
143.86
173.55
2.65
58.84
219.19
239.15
433.38
241.24
268.92
555.52
64.85
10.84
24.31
752.67
706.96
70.85
38.55
218.08
453.04
285.47
287.5
333.73
395.4
124.04
778.91
456.19
51.07
551.19
58.79
526.11
145.81
125.26
67.41
164.35
729.84
298.82
547.21
294.91
34.82
251.72
567.76
130.39
159.65
505.67
677.08
506.99
342.84
294.99
146
730.6
587.59
260.18
432.75
26.45
324.61
554.51
79.73
425.16
261.03
300.68
182.18
195.28
332.16
772.2
658.3
542.12
351.79
184.59
740.7
494.7
279.38
696.65
304.48
507.52
674.74
753.87
221.66
461.56
170.73
570.78
752.7
603.53
83.05
619.84
360.33
478.57
89.17
627.97
98.31
441.5
323.01
605.01
740.01
56.28
351.75
16.54
630.33
711.64
605.55
56.51
128.52
162.78
769.75
74.76
366.41
352.47
221.6
654.03
494.3
168.95
236.24
199.14
57.18
718.68
345.21
793.47
404.5
158.15
288.23
326.81
655.4
688.43
317.11
189.85
568.62
47.42
371.64
371.87
298.16
150.73
515.82
65.54
293.3
488.55
430.17
637.68
380.23
21.98
337.42
650.64
138.54
503.02
112.48
664.88
476.53
94.23
353.56
743.93
277.44
753.98
464.32
500.04
487.02
373.87
720.14
3.73
202.87
690.71
791.76
442.8
165.59
248.38
671.32
59.61
280.35
759.42
67.72
246.99
80.95
453.75
12.33
741.4
16.73
47.64
692.98
74.34
420.71
362.82
220.21
22.12
680.64
120.56
772.56
464.12
680.05
239.25
190.25
257.28
430.6
99.24
545.95
685.94
556.23
196.92
128.41
583.38
187.9
30.29
111.02
541.71
238.16
695.12
715.93
534.64
468.94
514.58
492.4
693.54
63.85
59.11
603.16
544.99
67.1
289.39
633.4
37.45
526.23
717
447.64
192.89
503.74
249
612.85
315.71
45.61
551.89
212.7
767.61
550.12
467.45
432.73
765.64
164.77
252.52
512.11
119.41
265.14
634.26
186.25
76.01
219.77
710.9
581.84
266.48
362.86
22.83
637.74
750.13
450.25
660.49
415.46
219.77
324.52
169.88
760.01
518.31
167.52
562.96
298.11
420.6
594.52
237.59
152.58
416.02
621.89
655.17
723.03
219.72
163.55
347.67
422.43
64.96
63.13
581.2
379.11
572.71
120.11
130.99
593.68
99.59
667.22
714.46
743.26
252.4
244.26
378.26
631.13
116.34
16.88
634.16
471.59
451.26
462.02
62.93
538.27
395.88
785.13
446.34
111.09
349.62
266.58
736.56
577.6
329.47
233.03
284.83
529.98
638.67
666.67
42.22
686.58
696.16
691.45
138.08
698.8
55.52
302.81
584.45
233.91
440.89
307.3
175.91
477.17
47.78
749.56
703.9
524.94
339.57
461.4
96.52
697.72
40.09
665.69
451.18
703.81
598.07
612.48
83.45
174.05
353.66
281.17
615.07
764.19
746.19
93.17
556.29
553.29
266.26
793.41
316.47
17.32
672.29
52.05
669.15
467.48
435.47
413.81
84.31
322.12
144.98
234.87
583.53
529.14
185.64
583.7
557.43
355.89
13.41
716.34
440.45
313.72
569.92
113.25
275.34
58.88
427.63
382.11
90.86
543.79
682.55
524.74
435.55
662.46
466.96
335.47
387.07
544.49
47.6
594.24
252.45
633.88
665.39
423.47
148.46
789.57
688.98
780.26
492.11
89.07
636
544.68
751.51
33.16
364.92
276.46
779.65
338.19
323.55
50.69
722.28
312.19
399.54
154.14
490.87
81.07
752.75
731.19
193.02
496.26
542.74
522.63
376.87
85.86
47.61
134.24
131.85
413.87
244.9
690.26
481.18
357.09
540.71
47.01
462.32
713.64
478.55
597.41
711.82
90.02
139.48
176.92
253.23
653.45
409.1
587.81
445.63
508.88
420.92
690.61
694.18
657.26
791.51
681.38
360.29
698.65
285.4
798.31
162.32
380.4
280.97
622.25
595.14
633.24
572.56
506.03
112.87
61.96
65.65
79.34
506.94
558.17
38.78
250.36
389.31
543
70.82
568.38
591.75
264.63
634.62
663.06
377.56
437.11
501.96
352.84
547.92
202.86
60.33
203.76
117.18
116.34
425.16
456.86
766.61
316.28
715.94
210.75
306.57
365.57
591.94
127.02
545.16
212.81
446.23
768.16
579.91
457.77
682.78
94.38
6.14
484.93
642.91
76.24
444.04
88.74
413.51
8.26
698.06
112.83
781.11
764.69
261.11
127.7
530.87
219.37
312.05
1.1
485.81
365.96
795.18
656.24
181.56
384.58
285.81
575.5
708.81
576.34
7.37
475.07
518.15
643.95
46.19
178.54
763.67
83.5
743.18
48.52
99.73
531.44
300.13
349
253.44
726.55
289.14
544.61
627.63
794.46
655.77
182.91
307.91
497.66
794.87
539.86
162.86
508.76
256.1
38.92
659.55
670.23
772.09
239.95
31.7
466.5
226.39
588.12
44.42
457.24
622.04
699.04
507.69
95.4
459.3
748.97
193.07
70.34
681.3
728.11
345.33
675.99
375.6
572.93
674.08
62.23
477.6
595.94
285.3
655.45
378.88
457.26
224.85
313.13
65.85
742.6
683.49
423.17
663.62
61.68
491.63
609.42
66.88
738.35
713.36
182.88
389.38
146.94
386.67
75.11
183.74
169.72
241.1
453.73
558.01
761.39
389.21
42.87
695.08
494.8
776.3
435.08
202.15
65.13
785.62
195.32
71.58
236.93
767.9
575.58
251.28
191.17
336.06
741.6
538.78
445.49
69.44
459.99
133
797.7
260.9
23.46
490.75
388.54
6.16
662.23
452.17
225.6
415.65
262.17
738.85
412.26
405.04
790.23
547.89
208.92
288.34
217.19
54.82
440.15
153.07
266.23
338.45
198.94
55.55
328.22
784.72
648.55
35.98
411.15
23.2
482.59
258.36
468.5
34.45
710.98
695.19
507.78
139.4
547.39
343.7
531.26
465.22
159.21
178.5
601.55
98.16
761.84
360.09
491.21
361.12
178.99
602.76
752.58
185.97
760.83
459.94
199.03
282.53
438.32
461.78
774.02
439.38
275.69
441.6
119.25
641.19
50.96
518.88
538.22
429.26
95.22
118.88
636.78
130.37
17.22
393.23
273.18
358.86
377.34
26.99
484.34 /

COPY
	PERMX PERMY  /
	PERMX PERMZ  /
/
MULTIPLY
	PERMZ 0.01 /
/
