74.3282
178.21
252.097
289.669
292.985
297.27
319.721
366.647
423.767
452.414
470.75
487.763
490.686
506.644
534.861
551.782
589.975
597.003
612.251
622.168
624.054
631.07
716.882
717.503
740.143
751.397
772.191
779.833
806.383
831.473
853.403
860.588
907.209
918.527
950.184
955.939
975.588
997.954
1002.4
1003.51
1004.23
1013.71
1030.22
1065.99
1066.83
1118.68
1128.14
1129.76
1133.76
1138.89
1152.79
1236.05
1249.31
1249.43
1254.66
1270.91
1272.38
1295.84
1322.43
1322.58
1406.27
1418.2
1436.42
1501.61
1515.36
1668.26
1756.67
1794.57
1797.83
1801.57
1828.42
1841.08
1846.52
1864.83
1927.18
1948.6
2072.1
2132.4
2228.61
2315.64
2338.04
2358.15
2379.22
2392.79
2477.35
2482.11
2597.35
2655.41
2696.37
2747.92
2771.25
2772.67
2791.16
2808.23
2844.71
2844.71
2844.71
2888.88
2888.88
2888.88
