25400.0
25400.0
25235.5
24484.62109375
24386.265625
24014.533203125
23843.736328125
23800.087890625
23796.234375
23797.8359375
23801.921875
23807.513671875
23814.263671875
23822.900390625
23835.197265625
23853.37109375
23882.486328125
23925.90625
24000.99609375
24211.62109375
25036.619140625
27028.169921875
32753.69921875
43782.2109375
56362.89453125
65756.609375
71438.9375
75166.65625
79094.515625
82242.7734375
84460.9375
86353.1171875
87814.2421875
88989.0546875
89970.8984375
90869.375
91654.078125
92399.796875
93147.5703125
93802.3203125
94442.359375
95036.3125
95480.9296875
95911.5078125
96278.2890625
96636.0546875
97008.9140625
97373.890625
97710.03125
98030.8359375
98365.84375
98692.4921875
99008.921875
99284.9453125
99496.59375
99736.4609375
99978.3984375
100190.9453125
100367.4140625
100525.90625
100668.0703125
100790.75
100905.3046875
101000.9453125
101079.9140625
101133.9765625
101199.8046875
101282.953125
101605.1796875
101953.953125
102255.984375
102529.828125
102767.3046875
102964.609375
103135.03125
103276.875
103404.46875
103518.1015625
103611.53125
103713.21875
103809.953125
103907.1875
103991.2578125
104073.375
104175.71875
104236.3828125
104273.796875
104293.6015625
104303.5703125
104309.703125
104315.09375
104320.0234375
104326.125
104331.0390625
104336.0078125
104342.9453125
104346.515625
104348.5546875
104369.609375
104396.7421875
104408.796875
104380.078125
104331.8203125
104264.90625
104192.9765625
104115.515625
104035.78125
103952.5234375
103874.4296875
103805.1875
103739.40625
103680.6640625
103609.265625
103518.5625
103431.296875
103352.3515625
103284.671875
103216.203125
103148.1953125
103075.8828125
103001.3515625
102928.5859375
102850.8515625
102930.7578125
103026.6640625
