25400.0
25400.0
25400.0
25400.0
25400.0
25400.0
25400.0
25400.0
25400.0
25400.0
25400.0
25400.0
25400.0
25400.0
25400.0
25400.0
25400.0
25400.0
25400.0
25400.0
25400.0
25400.0
25400.0
25400.0
36073.75
55056.43359375
70993.109375
83329.609375
93422.875
101415.8359375
109407.5625
115855.9296875
121288.9453125
125396.34375
128801.421875
131625.625
133823.828125
135759.109375
137468.359375
138986.75
140248.5
141237.8125
142081.21875
142862.0625
143260.8125
143321.6875
144762.90625
146571.953125
146636.125
147209.84375
147313.90625
150194.78125
145493.578125
142239.265625
139610.8125
137457.84375
135680.640625
134246.9375
133021.28125
132010.203125
131125.0625
130278.8984375
129628.078125
129112.5625
128809.0
128523.6484375
128124.0546875
127671.6953125
127148.5
126589.6484375
125963.6640625
125284.9296875
124656.03125
124021.4921875
123433.015625
122860.8046875
122317.3125
121833.328125
121321.6171875
120865.1015625
120429.140625
120032.8671875
119641.0625
119270.0234375
118927.1875
118625.015625
118435.546875
118262.4375
118095.359375
117952.0546875
117802.7109375
117665.4140625
117532.6953125
117450.5
117374.578125
117294.234375
117272.9375
117381.296875
117455.2421875
117530.859375
117593.015625
117606.5625
117560.625
117425.5546875
117223.765625
117021.5
116813.015625
116572.75
116293.7734375
115962.5625
115630.1953125
115270.7890625
114892.609375
114540.921875
114149.9765625
113767.7265625
113507.7109375
113396.421875
113252.9453125
113069.7265625
112863.0703125
112618.0859375
112373.8671875
112115.2578125
