25400.0
25400.0
25400.0
25141.92578125
24917.158203125
24917.158203125
24917.158203125
24917.158203125
24917.158203125
24917.158203125
24917.158203125
24924.99609375
24944.783203125
24948.82421875
24950.857421875
24952.587890625
24953.365234375
24953.681640625
24953.19921875
24952.35546875
24958.005859375
32941.515625
49894.28515625
66337.3046875
81143.1484375
95350.796875
106960.6953125
117090.7265625
122394.0
123924.8203125
124952.734375
125550.4921875
125616.6171875
125222.3125
124518.015625
123600.3125
122625.390625
121584.1796875
120547.984375
119537.1328125
118523.71875
117608.8125
116603.21875
115549.859375
114575.3203125
113723.6796875
112909.5546875
112144.6640625
111449.4296875
110806.6484375
110440.453125
110157.8125
109871.21875
109598.6484375
109264.984375
108937.6328125
108585.8828125
108378.8671875
107936.6953125
107435.7890625
106957.65625
106481.96875
106047.4765625
105660.7421875
105308.21875
105006.4375
104720.3359375
104414.21875
104083.3125
103775.734375
103533.5625
103307.2578125
103090.0234375
102929.2421875
102848.1953125
102829.3125
102858.5546875
102812.078125
102714.5078125
102601.28125
102499.5625
102410.84375
102310.671875
102207.8203125
102109.578125
102006.546875
101909.6015625
101815.6484375
101750.0078125
101726.28125
101723.5
101730.4453125
101725.921875
101711.3984375
101684.6484375
101656.703125
101638.3046875
101617.3984375
101585.640625
101548.296875
101521.2578125
101510.296875
101519.859375
101551.203125
101601.1640625
101659.640625
101723.640625
101786.375
101843.0234375
101896.359375
101944.234375
101991.9765625
102021.9375
102047.5703125
102085.7265625
102129.171875
102177.1796875
102221.984375
102261.4765625
102297.359375
102323.2265625
102334.3984375
102333.71875
102325.171875
