25400.0
25400.0
25400.0
25400.0
25400.0
25400.0
25400.0
25400.0
25400.0
25400.0
25400.0
25400.0
25400.0
25400.0
25400.0
33506.07421875
60014.46875
85158.7578125
102742.2734375
119353.2578125
130153.2421875
136708.71875
140101.921875
141195.3125
142307.65625
143033.203125
144939.0625
149902.65625
147059.484375
139429.09375
135035.421875
131114.625
128708.7578125
127084.3671875
126357.3828125
126890.578125
127371.9375
127791.8671875
128179.0
128759.3984375
129274.6796875
129712.203125
129972.1796875
130029.5078125
129976.390625
129789.984375
129350.5078125
128910.53125
128447.796875
127908.6171875
127254.296875
126515.265625
125646.9921875
124672.390625
123726.71875
122692.1171875
121715.015625
120850.015625
120028.3046875
119185.3046875
118359.7265625
117570.203125
116763.859375
115996.921875
115221.578125
114464.078125
113782.84375
113039.6171875
112326.9296875
111615.5703125
110923.765625
110261.578125
109650.9609375
109104.1796875
108580.5703125
108107.6953125
107650.421875
107224.609375
106861.15625
106484.2265625
106139.5
105804.7109375
105499.3984375
105195.796875
104907.7265625
104646.3046875
104393.4453125
104166.4453125
103947.609375
103742.96875
103566.5625
103397.0546875
103247.6484375
103102.4296875
102979.015625
102859.0390625
102747.578125
102672.0
102606.5234375
102546.6953125
102488.8828125
102434.625
102389.125
102379.1484375
102368.1171875
102356.21875
102345.078125
102351.5
102362.4765625
102368.9296875
102367.2109375
102357.2578125
102340.0546875
102316.734375
102290.8046875
102257.109375
102219.2734375
102169.84375
102120.1015625
102057.7734375
101993.9140625
101933.375
101870.21875
101810.1328125
101752.25
