25400.0
25400.0
23985.439453125
23118.328125
22614.982421875
22089.904296875
21472.91796875
21314.248046875
21778.900390625
22405.494140625
23071.736328125
23692.0546875
23907.61328125
23999.9140625
24550.619140625
24915.755859375
25077.07421875
25140.81640625
25165.919921875
25178.845703125
25189.6796875
25204.087890625
25219.1328125
25228.8984375
25236.19921875
25236.2734375
25374.3125
26076.662109375
28250.53515625
34483.6640625
42839.80078125
50545.20703125
55002.27734375
56808.078125
59301.3828125
61490.953125
63573.41015625
65320.0234375
66885.0625
68314.8515625
69507.6796875
70784.3671875
72071.171875
73131.2734375
73895.65625
74485.7421875
75307.3515625
76204.359375
77405.0703125
78649.84375
79747.234375
80822.5703125
81788.1640625
82680.3671875
83476.21875
84133.921875
84848.328125
85591.9140625
86388.953125
87157.8203125
88024.328125
88894.0390625
89685.40625
90580.359375
91440.703125
92259.1875
92988.6484375
93576.1484375
94193.296875
94774.0078125
95348.84375
95882.828125
96409.671875
96905.515625
97368.0078125
97836.328125
98242.0078125
98632.1640625
98965.0859375
99235.953125
99491.7578125
99701.265625
99888.3984375
100068.71875
100232.921875
100368.5546875
100473.640625
100552.3125
100598.4296875
100623.671875
100628.0
100612.9609375
100573.5703125
100730.2578125
100975.15625
101314.0
101697.53125
102073.5
102403.265625
102701.265625
102950.53125
103169.3671875
103347.328125
103462.953125
103564.96875
103698.40625
103873.578125
104014.9375
104116.5
104182.8046875
104224.234375
104249.8515625
104260.1015625
104255.0078125
104238.8046875
104217.4609375
104176.578125
104130.296875
104082.4609375
104041.7421875
103984.59375
103918.515625
103854.296875
103791.7734375
103744.296875
103710.0546875
