25400.0
25400.0
25400.0
25400.0
25400.0
25400.0
25400.0
25400.0
25400.0
25400.0
25400.0
25400.0
25400.0
25400.0
25400.0
25400.0
25400.0
25400.0
25400.0
25400.0
25400.0
25400.0
25400.0
29190.658203125
44466.7421875
58936.7109375
73164.3671875
84987.1015625
95812.65625
105072.0625
112264.421875
119215.2578125
124674.765625
129136.171875
132636.984375
135613.46875
138312.375
140534.96875
142433.203125
143911.140625
145186.921875
146266.53125
147125.453125
148000.328125
151339.84375
153325.109375
153028.65625
152753.59375
154566.40625
149754.234375
146059.6875
143294.75
141108.21875
139519.703125
138311.53125
137310.875
136659.296875
135892.96875
135022.890625
134033.9375
132982.25
131894.28125
130782.2890625
129727.1015625
128705.9453125
127709.140625
126850.8515625
125920.1640625
125039.7109375
124156.90625
123339.8828125
122526.0859375
121754.6484375
121056.0625
120375.46875
119756.7421875
119162.296875
118627.484375
118164.9375
117677.6171875
117230.6640625
116797.375
116403.5078125
116037.6640625
115704.828125
115401.59375
115105.140625
114835.2109375
114581.7578125
114393.2890625
114245.828125
114091.3671875
113958.1171875
113843.1796875
113746.75
113659.5625
113530.8515625
113436.90625
113352.8671875
113288.265625
113328.609375
113400.0703125
113456.90625
113501.21875
113523.78125
113507.15625
113370.4609375
113183.3359375
112970.1015625
112728.515625
112445.9609375
112169.8984375
111886.046875
111604.4765625
111483.2109375
111469.4921875
111432.90625
111354.2109375
111249.125
111124.7265625
110980.1640625
110822.671875
110641.859375
110450.9296875
110241.2109375
