25400.0
25400.0
25400.0
25400.0
25400.0
25400.0
25400.0
25400.0
25400.0
25400.0
25400.0
25400.0
25400.0
25400.0
25400.0
25400.0
25400.0
25400.0
25400.0
25400.0
25400.0
25400.0
25400.0
25400.0
27036.93359375
45552.96484375
62432.6171875
76936.9609375
88015.3203125
97278.8125
106355.8671875
113883.0390625
120321.359375
125509.640625
130184.4921875
133945.703125
137030.28125
135856.9375
134316.125
132612.484375
130904.828125
129337.390625
127635.40625
126084.109375
124593.328125
123194.1875
121778.4765625
120406.15625
119169.09375
118001.53125
116939.8359375
115909.171875
114940.296875
114140.375
113304.3359375
112532.8515625
111774.65625
111062.234375
110341.609375
109636.640625
108998.390625
108261.640625
107483.2265625
106739.2890625
106055.4765625
105484.6796875
104895.28125
104363.203125
103849.8828125
103371.0
102940.2421875
102544.4296875
102187.65625
101833.7421875
101619.21875
101463.6953125
101233.3046875
101093.7890625
100943.8359375
100921.6484375
100883.75
100840.703125
100858.9765625
101201.828125
101599.734375
101996.34375
102387.7734375
102864.859375
103397.265625
103959.6015625
104583.7890625
105105.8984375
105566.1953125
105963.90625
106410.875
106852.3984375
107235.0703125
107587.8203125
107908.53125
108245.765625
108577.625
108880.3125
109222.6484375
109549.109375
109872.3828125
110171.0625
110462.6796875
110737.8671875
111002.5703125
111273.765625
111526.359375
111775.265625
112047.4609375
112323.09375
112615.796875
112878.0078125
113125.2109375
113344.65625
113552.5859375
113742.0859375
113915.1796875
114110.546875
114313.6875
114523.09375
