25400.0
25400.0
25400.0
25400.0
25399.892578125
25399.181640625
25398.61328125
25395.7578125
25393.345703125
25391.337890625
25389.830078125
25388.669921875
25387.8203125
25387.2265625
25386.791015625
25386.4921875
25386.27734375
25386.12890625
25386.03515625
25385.96484375
25385.919921875
25385.890625
25385.876953125
25385.814453125
25385.705078125
25385.337890625
25384.9375
32303.537109375
51457.453125
70096.984375
83691.390625
95786.34375
107321.8203125
117766.0625
125278.34375
131243.546875
135419.28125
135668.71875
134218.875
132568.828125
130662.234375
128929.2421875
127789.5625
126458.8359375
125052.4375
123682.2734375
122468.015625
121237.0234375
120020.625
118873.5859375
117741.609375
116722.421875
115736.828125
114802.7421875
113998.8203125
113156.3984375
112418.8984375
111718.7421875
111077.15625
110453.1328125
109866.5859375
109367.203125
108830.1328125
108225.8359375
107612.296875
107029.140625
106529.4296875
106009.5703125
105535.0390625
105086.671875
104694.3203125
104327.171875
104052.8203125
103954.875
103790.3046875
103642.8671875
103476.3203125
103320.609375
103182.890625
103041.6640625
102913.3828125
102741.4453125
102653.4453125
102669.0859375
102724.1484375
102749.453125
102727.171875
102671.4765625
102597.0859375
102618.703125
102635.390625
102705.578125
102772.5546875
102828.3671875
102867.71875
102894.1796875
102958.7109375
103036.484375
103095.875
103117.109375
103099.703125
103049.3984375
102990.7578125
102920.453125
102866.171875
102825.546875
102811.578125
102833.625
102882.2578125
102948.1640625
103029.65625
103109.8515625
103187.015625
103271.0390625
103352.359375
103424.5390625
103493.046875
103560.453125
103627.0625
103712.2265625
103822.3203125
103950.796875
104105.046875
104267.3984375
104442.703125
