25400.0
25400.0
25400.0
24919.216796875
24762.5234375
24762.5234375
24826.65234375
24866.1171875
24872.765625
24875.779296875
24878.416015625
24881.072265625
24883.603515625
24885.927734375
24888.22265625
24891.5234375
24893.5390625
24895.14453125
24896.552734375
24895.392578125
24898.875
26675.513671875
40069.3828125
55944.62890625
72532.2421875
86793.6171875
99070.71875
109216.828125
118303.0
126110.5
132192.578125
137673.109375
141801.40625
144864.765625
147002.421875
148711.453125
149979.5
148203.578125
143839.0
139830.421875
136056.765625
132731.546875
129978.8984375
126903.5078125
124578.9453125
123488.1796875
121938.265625
120136.4296875
118553.0
117290.4375
116203.9453125
115397.625
114660.515625
114243.96875
114029.328125
113815.9375
113640.609375
113500.015625
113438.2421875
113490.1953125
113554.59375
113620.4453125
113695.234375
113757.34375
113819.3671875
113883.71875
113933.15625
114020.7265625
114122.1796875
114197.4765625
114273.7734375
114337.9453125
114338.9296875
114342.703125
114333.953125
114290.578125
114166.1953125
114043.0703125
113928.9453125
113799.2890625
113633.3125
113400.75
113142.3125
112855.2890625
112556.796875
112261.03125
111957.71875
111667.5703125
111370.859375
111075.71875
110809.7578125
110518.25
110237.546875
109948.59375
109668.671875
109364.5390625
109064.4140625
108789.1171875
108513.859375
108254.8125
107993.5859375
107737.0546875
107510.7734375
107266.140625
107031.546875
106794.4453125
106569.8828125
106342.65625
106121.265625
105910.4453125
105697.71875
105495.640625
105290.734375
105094.4375
104923.25
104740.5859375
104570.609375
104398.734375
104237.125
104074.4375
103917.0859375
103769.6015625
103622.5625
103485.3515625
103347.9140625
