25400.0
25400.0
25400.0
25357.173828125
25205.533203125
25205.533203125
25205.533203125
25205.533203125
25205.533203125
25205.533203125
25205.533203125
25205.533203125
25205.533203125
25205.533203125
25205.533203125
25205.533203125
25205.533203125
25205.533203125
25205.533203125
25205.533203125
25205.533203125
25205.533203125
25205.533203125
25205.533203125
25205.533203125
25205.533203125
25205.533203125
25205.533203125
36295.31640625
49740.5859375
61291.2578125
71858.21875
79658.8046875
85136.046875
89635.5
93736.2890625
97868.8203125
101646.3984375
104784.4765625
107546.3984375
109903.515625
111727.640625
113527.953125
115230.71875
117201.921875
119219.6953125
121246.5546875
121139.640625
120331.3203125
119719.96875
119208.359375
118782.5625
118383.6484375
118034.0390625
117657.875
117338.046875
117037.0703125
116708.3984375
116509.6875
116363.25
116209.5859375
116037.71875
115821.5390625
115541.5546875
115216.4453125
114908.203125
114565.3984375
114246.8203125
113967.3125
113713.5625
113572.1328125
113772.859375
113896.953125
113978.4296875
113960.625
114052.7734375
113923.1171875
113766.59375
113566.6875
113353.3046875
113198.78125
113062.453125
112951.0859375
112861.421875
112768.796875
112594.828125
112411.21875
112160.0
111876.578125
111615.9453125
111514.9921875
111548.6171875
111581.0859375
111621.8046875
111580.1015625
111446.265625
111255.5703125
111078.046875
110998.1640625
110948.828125
110879.25
110806.9921875
110743.65625
110703.8359375
110666.2734375
110655.1015625
110667.8671875
110726.3203125
110811.921875
110917.6484375
111027.9609375
111146.1796875
111337.0078125
111583.234375
111853.15625
112093.1796875
112316.3125
112512.5390625
112700.8359375
112881.078125
113030.453125
113171.8046875
113303.03125
113434.453125
