25400.0
25400.0
25273.1484375
24805.19921875
24731.611328125
24731.611328125
24783.634765625
24820.439453125
24827.978515625
24832.064453125
24835.61328125
24839.033203125
24842.376953125
24846.91015625
24849.72265625
24851.935546875
24853.970703125
24855.92578125
24857.4453125
24858.404296875
24902.8203125
34244.7265625
47433.703125
59407.48046875
71082.1953125
79839.53125
86893.7421875
92688.15625
97691.296875
101815.203125
104973.5625
108032.1875
111152.875
114150.5390625
116997.15625
117492.5546875
116964.1171875
116644.21875
116335.765625
116033.1640625
115727.1875
115722.3359375
115664.5078125
115588.84375
115466.4921875
115249.3203125
114963.4296875
114622.5703125
114231.0
113868.7890625
113505.53125
113193.2109375
113215.71875
113495.1484375
113724.6796875
113848.8203125
113883.3828125
113870.3515625
113916.4296875
113746.0234375
113559.84375
113372.7265625
113113.5546875
112757.4375
112379.3203125
111927.6015625
111579.984375
111506.28125
111422.7109375
111322.8828125
111147.515625
110879.265625
110689.5078125
110612.96875
110516.359375
110550.0
110544.59375
110592.1171875
110656.171875
110752.1953125
110862.0546875
110979.9453125
111104.6171875
111211.5234375
111319.71875
111436.0390625
111559.0859375
111686.859375
111800.6640625
111854.359375
111908.2890625
111981.375
112059.34375
112138.484375
112200.0703125
112231.984375
112225.40625
112172.7421875
112084.0234375
111986.890625
111848.9375
111683.6328125
111531.859375
111362.703125
111194.75
111013.359375
110897.203125
111027.453125
111244.1875
111393.6640625
111500.6796875
111563.4921875
111548.0390625
111488.6015625
111442.7890625
111403.7421875
111378.5390625
111355.4140625
111329.03125
111291.6796875
111240.6171875
111174.4609375
111088.2421875
110991.0234375
110877.9453125
