25400.0
25400.0
25400.0
25400.0
25400.0
25400.0
25400.0
25400.0
25400.0
25400.0
25400.0
25400.0
25400.0
25400.0
25400.0
25400.0
25400.0
32181.931640625
52603.890625
74468.171875
93572.015625
109427.34375
116307.5078125
119046.640625
120639.9375
121479.984375
121384.28125
120740.9140625
119835.3828125
118754.6171875
117708.0
116538.09375
115431.578125
114217.7421875
113100.1015625
112062.25
111098.2578125
110254.109375
109513.125
109202.5859375
108848.3671875
108464.5390625
108054.0
107541.25
107044.65625
106552.2734375
106103.4609375
105670.390625
105311.3203125
104824.875
104332.7421875
103970.171875
103637.203125
103312.1328125
103021.390625
102694.6953125
102416.4453125
102162.3203125
101867.2265625
101565.265625
101281.765625
101021.0
100759.8671875
100544.859375
100511.046875
100447.9296875
100386.40625
100339.09375
100241.515625
100112.109375
100013.53125
99915.3203125
99837.8984375
99758.3203125
99677.8984375
99631.3359375
99581.53125
99528.5078125
99484.8125
99472.453125
99477.5078125
99470.609375
99460.0234375
99444.578125
99424.6171875
99407.6875
99396.1484375
99398.8125
99416.1484375
99439.8984375
99466.0
99502.5
99551.3984375
99613.7578125
99674.3671875
99736.390625
99801.7265625
99868.390625
99939.71875
100010.6015625
100086.421875
100167.59375
100249.2265625
100345.4609375
100441.78125
100539.34375
100637.2890625
100745.9140625
100865.0625
100989.984375
101128.28125
101270.15625
101413.65625
101547.484375
101673.234375
101821.734375
101970.78125
102131.515625
102287.734375
102448.2265625
102608.921875
102764.765625
102924.875
103076.4375
103217.6484375
