25400.0
25400.0
25400.0
25391.90625
25275.56640625
25275.56640625
25275.56640625
25275.56640625
25275.56640625
25275.56640625
25275.56640625
25275.56640625
25275.56640625
25275.56640625
25275.56640625
25275.56640625
25275.56640625
25275.56640625
25275.56640625
25275.56640625
25275.56640625
32822.953125
52734.58203125
71155.1875
86785.59375
100062.703125
106240.1796875
110025.8359375
113125.546875
115228.8984375
116651.21875
117327.8203125
117597.2265625
117554.5390625
117187.6328125
116595.84375
115945.125
115256.8359375
114594.2109375
113894.1953125
113194.640625
112540.3359375
111762.4375
110985.5703125
110185.6640625
109403.90625
108595.7890625
107807.6796875
107089.3046875
106516.6953125
105991.2734375
105488.46875
105154.4453125
105146.46875
105190.6484375
105185.1640625
105132.78125
105049.5859375
104942.46875
104822.7578125
104700.2890625
104570.125
104440.9375
104305.9609375
104170.8828125
104047.765625
103909.625
103771.234375
103618.734375
103465.640625
103306.1640625
103147.953125
103004.7109375
102844.5234375
102728.5078125
102651.0
102474.46875
102306.078125
102120.7890625
101936.390625
101743.3046875
101559.734375
101379.6328125
101213.90625
101067.2421875
100928.171875
100800.75
100673.6015625
100551.390625
100462.0859375
100374.2890625
100278.2734375
100181.7890625
100080.234375
99969.0234375
99848.390625
99739.3203125
99635.828125
99543.375
99455.2578125
99378.0234375
99333.03125
99307.9609375
99296.125
99301.5234375
99377.5859375
99524.1171875
99639.203125
99696.8359375
99709.1796875
99747.5703125
99832.7109375
99920.8203125
99965.796875
100000.5390625
100035.0625
100070.1328125
100106.5859375
100148.8984375
100201.125
100265.40625
100354.0546875
100443.5703125
100534.5
