25400.0
25400.0
25400.0
25400.0
25400.0
25400.0
25400.0
25400.0
25400.0
25400.0
25400.0
25400.0
25400.0
25400.0
25400.0
25400.0
25400.0
25400.0
25400.0
25400.0
25400.0
25400.0
25400.0
25400.0
25400.0
25400.0
25400.0
25400.0
25400.0
25400.0
25400.0
25400.0
25400.0
30130.150390625
40698.27734375
46142.03125
48746.453125
50727.6328125
52805.19140625
55441.69921875
58267.8671875
61248.296875
64304.70703125
67574.5390625
70610.7578125
73503.078125
76563.125
79433.390625
82064.15625
84585.7890625
87201.8515625
89664.7734375
92093.1796875
93839.2265625
94937.46875
96381.6640625
98324.25
101045.0625
104383.90625
107470.6953125
110308.1328125
112903.328125
115499.5390625
118282.6015625
121279.5625
124462.1875
127494.8359375
130656.3046875
133500.125
136038.015625
138344.609375
140744.5
142964.359375
144984.21875
146975.15625
148731.9375
150429.265625
152046.828125
153508.328125
155252.390625
157337.09375
162014.875
163966.640625
165924.0625
168402.375
174015.484375
178264.25
173207.453125
169807.71875
167303.5
165477.828125
163810.34375
162353.234375
161130.71875
160183.515625
159289.234375
158626.40625
158278.78125
158015.5625
157759.078125
157482.359375
157121.171875
156921.4375
156464.609375
155921.5625
155343.75
154790.765625
154152.578125
153387.21875
152468.296875
151567.21875
150737.171875
149815.609375
148800.09375
147770.96875
146502.15625
145300.484375
144143.953125
143056.4375
141931.75
140817.0625
139880.828125
139036.9375
138270.3125
137440.234375
