25400.0
25400.0
25400.0
25400.0
25400.0
25400.0
25400.0
25400.0
25400.0
25400.0
25400.0
25400.0
25400.0
25400.0
25400.0
25400.0
25400.0
25400.0
25400.0
41806.90234375
63658.75390625
80768.4921875
93662.234375
104747.2734375
113164.1484375
119291.5859375
124117.2578125
127450.5234375
129318.8203125
130706.875
132317.40625
134187.796875
135687.125
136855.75
137888.390625
138855.828125
142529.25
142456.171875
136958.546875
132230.625
129109.3984375
126384.8984375
123642.3125
121621.4375
119903.171875
118424.9921875
117249.046875
116297.390625
115544.4921875
114957.8046875
114540.8984375
114204.453125
113909.9609375
113774.109375
113997.4921875
114297.4375
114552.546875
114769.5625
114987.8828125
115335.875
115753.65625
116242.2421875
116678.546875
117090.953125
117454.46875
117740.9375
117993.328125
118155.078125
118258.25
118407.4140625
118760.1015625
119079.3125
119304.578125
119419.7734375
119479.8515625
119434.0546875
119295.4921875
119155.5703125
118918.9921875
118578.4375
118162.9453125
117720.046875
117241.2578125
116767.8984375
116419.9765625
116389.84375
116309.78125
116167.6875
115968.046875
115754.0703125
115489.3203125
115208.7578125
114898.703125
114582.0546875
114240.4296875
113885.28125
113530.4375
113156.5078125
112799.625
112428.296875
112069.875
111747.9765625
111389.9296875
111043.71875
110685.0078125
110335.2421875
109978.015625
109638.59375
109320.2421875
108994.21875
108688.921875
108372.3359375
108057.7578125
107779.625
107488.0234375
107214.078125
106944.2890625
106689.125
106452.2109375
106249.984375
106065.8125
105883.0390625
105711.28125
105574.8515625
