25400.0
25400.0
25400.0
25329.30078125
25329.296875
25329.296875
25329.296875
25329.296875
25329.296875
25328.298828125
25322.677734375
25319.982421875
25318.703125
25318.041015625
25317.220703125
25317.220703125
41985.83203125
59857.26171875
80338.59375
96383.234375
110726.578125
115235.1015625
117154.8203125
117815.9140625
117647.5390625
117088.8203125
116302.0390625
115211.234375
113902.2578125
112758.5546875
111604.234375
110749.015625
109952.7578125
109125.8359375
108249.4609375
107399.6640625
106622.5
105864.421875
105182.4765625
104549.28125
103991.4375
103535.6796875
103278.28125
103140.0546875
102982.140625
102821.5625
102646.4140625
102469.8515625
102301.4609375
102115.046875
101917.2578125
101759.796875
101547.1875
101365.375
101139.0703125
100929.9609375
100742.2734375
100581.3203125
100427.5234375
100307.5234375
100273.6875
100274.1875
100375.3125
100480.625
100582.4921875
100571.6015625
100506.4375
100448.6953125
100386.390625
100418.8203125
100494.875
100496.5234375
100501.3359375
100606.7734375
100744.765625
100877.515625
101053.78125
101244.5078125
101463.5625
101655.671875
101811.5703125
101887.234375
101903.046875
102035.7109375
102178.171875
102332.765625
102483.78125
102635.34375
102785.4296875
102917.484375
103056.5234375
103222.4296875
103402.9453125
103577.1328125
103763.2890625
103952.4375
104133.03125
104314.9140625
104485.21875
104655.7734375
104817.9765625
104957.1015625
105101.53125
105234.4375
105364.8515625
105484.5703125
105604.4609375
105713.6484375
105812.140625
105908.5390625
105997.3203125
106100.046875
106208.0234375
106298.8203125
106390.203125
106522.5078125
106705.796875
106961.5390625
107202.4140625
107433.9375
107666.2421875
107922.7890625
108222.0625
108548.46875
