25400.0
25400.0
25400.0
25006.34765625
24890.69921875
24890.69921875
24890.69921875
24890.69921875
24899.8984375
24918.640625
24921.025390625
24922.16796875
24923.154296875
24924.0390625
24925.53515625
24926.453125
24927.103515625
24927.640625
24928.076171875
24927.48828125
24927.7265625
26824.33984375
43276.6796875
60173.58203125
76966.8984375
89864.328125
101401.1171875
111582.640625
119908.109375
126455.125
130944.7578125
134535.859375
137460.296875
139929.359375
137343.3125
134260.875
131288.390625
128627.40625
126119.109375
124062.984375
122155.1171875
120320.3984375
118751.4921875
117196.9921875
115624.7421875
114157.609375
112857.28125
111633.265625
110504.8046875
109488.671875
108459.1328125
107517.578125
106611.03125
105861.953125
105560.046875
105140.84375
104630.0078125
104034.5703125
103472.4453125
102949.0625
102553.0546875
102188.75
101843.8046875
101602.203125
101440.671875
101378.1484375
101308.1875
101269.9140625
101263.921875
101229.515625
101161.8125
101074.6953125
101016.703125
100995.9453125
100998.078125
101012.7578125
101026.5390625
101037.875
101061.1484375
101115.1484375
101192.6796875
101290.546875
101394.109375
101526.8515625
101667.375
101812.53125
102001.6875
102207.125
102415.6015625
102625.8125
102813.5546875
103020.0703125
103220.4296875
103413.2265625
103670.9765625
103952.375
104261.171875
104585.3828125
104927.9296875
105257.515625
105606.9453125
105952.0
106247.84375
106557.671875
106857.5078125
107168.59375
107493.4609375
107837.9140625
108185.453125
108605.546875
109048.5390625
109440.5625
109782.0546875
110071.390625
110279.8671875
110468.3671875
110635.8828125
110781.0859375
110860.1640625
110924.890625
110962.109375
110972.9140625
110950.9453125
110898.640625
110816.421875
