25400.0
25400.0
25400.0
25133.611328125
25096.248046875
25096.248046875
25096.248046875
25096.248046875
25096.248046875
25096.248046875
25096.248046875
25096.248046875
25096.248046875
25096.248046875
25133.51953125
25149.875
25153.49609375
25152.8984375
25362.02734375
39508.5625
57431.4765625
71612.015625
83315.1484375
93421.4140625
101237.703125
107438.1328125
112338.8125
116222.7265625
119529.1328125
122282.265625
124415.09375
126300.4375
128271.046875
127906.390625
125578.609375
123430.0390625
121432.5546875
119652.3125
117891.5546875
116405.6484375
114845.2109375
113462.6171875
112367.671875
111331.9453125
110484.9921875
109764.3984375
109038.390625
108285.984375
107531.1484375
107066.7734375
106667.28125
106360.7421875
106166.59375
105870.40625
105551.8984375
105336.2734375
105470.140625
105640.2734375
105768.234375
105853.5078125
105959.984375
106039.5546875
106177.4921875
106366.5390625
106751.28125
106950.9921875
107042.40625
107136.2421875
107245.78125
107374.6171875
107491.171875
107629.6171875
107835.0546875
108070.921875
108329.265625
108573.859375
108848.84375
109182.515625
109492.8359375
109848.9765625
110206.78125
110564.1875
110896.578125
111225.4921875
111546.90625
111861.5234375
112193.8828125
112508.703125
112808.890625
113073.4609375
113284.8984375
113491.046875
113647.6015625
113774.3203125
113858.4921875
113867.96875
113860.703125
113844.171875
113818.015625
113786.6015625
113747.9765625
113682.796875
113597.03125
113464.5390625
113304.4296875
113151.1171875
112982.328125
112781.8203125
112565.484375
112347.65625
112118.3203125
111893.71875
111661.7578125
111431.03125
111225.1875
111001.5
110787.71875
110583.828125
110425.890625
110275.265625
110160.5078125
110084.3046875
109998.625
109911.140625
109835.9296875
