25400.0
25400.0
25400.0
25400.0
25400.0
25400.0
25400.0
25400.0
25400.0
25400.0
25400.0
25400.0
25400.0
25400.0
25400.0
25400.0
25400.0
25400.0
25400.0
25400.0
25400.0
25400.0
25400.0
25400.0
25400.0
25400.0
25400.0
25400.0
32059.701171875
51410.68359375
70406.6875
83914.2421875
95483.609375
106485.25
115388.296875
122020.890625
126750.5078125
130061.5390625
132457.734375
134081.4375
134918.234375
136297.828125
138367.4375
139997.9375
140714.125
138544.796875
136446.765625
134380.265625
132408.5625
130456.7265625
128669.109375
126836.75
125194.2109375
123813.859375
122383.8671875
121107.234375
119969.1015625
118877.6171875
117617.078125
116411.28125
115317.5078125
114267.84375
113318.375
112402.0078125
111580.796875
110914.2109375
110188.7578125
109510.390625
108844.1015625
108243.6796875
107724.4453125
107282.6484375
106874.90625
106427.6640625
105970.7265625
105501.3203125
105107.6015625
104845.3515625
104692.6875
104698.15625
104867.2109375
105049.4296875
105240.09375
105369.2265625
105444.0625
105455.5859375
105437.734375
105400.46875
105374.3828125
105373.3984375
105419.609375
105500.78125
105604.828125
105705.0
105800.3984375
105884.0
105950.703125
106009.3671875
106065.8046875
106134.8125
106226.484375
106328.7109375
106460.328125
106597.3125
106766.7890625
106941.4921875
107115.671875
107296.546875
107481.140625
107681.6328125
107885.4453125
108104.6171875
108328.328125
108531.8203125
108758.2578125
108962.046875
109164.2265625
109364.921875
109583.96875
109813.3515625
110038.7109375
110269.5234375
110487.15625
110702.90625
