25400.0
25400.0
25400.0
25400.0
25400.0
25400.0
25400.0
25400.0
25400.0
25400.0
25400.0
25400.0
25400.0
25400.0
25400.0
25400.0
25400.0
25400.0
25400.0
25400.0
25400.0
25400.0
25400.0
25400.0
25400.0
25400.0
25400.0
25400.0
25400.0
25400.0
25400.0
25400.0
27277.625
39183.7109375
52290.1953125
62715.28125
71737.6875
79036.859375
85338.5234375
91108.8671875
95945.328125
99876.1171875
103475.625
106533.375
109071.078125
111125.1015625
112921.625
114766.828125
116404.4296875
117922.8671875
119740.328125
121450.96875
123000.546875
124318.9921875
125560.8984375
126592.078125
127573.9921875
128519.625
129467.828125
129627.9609375
128342.4453125
127372.578125
126588.4765625
125873.875
125506.8984375
125301.0
125085.3359375
124712.46875
124207.84375
123656.8828125
123046.1015625
122436.953125
121936.5234375
121535.7109375
121166.0234375
120764.7421875
120342.1875
119975.609375
119462.859375
119196.3203125
118856.9453125
118477.7109375
118087.359375
117699.8046875
117333.703125
116962.0
116632.7890625
116369.703125
116016.8359375
115663.4453125
115266.015625
114928.4453125
114651.8046875
114941.71875
115178.6328125
115228.1171875
115113.2578125
114938.765625
114775.4375
114639.6484375
114586.5390625
114571.0234375
114574.7734375
114589.09375
114605.34375
114634.0390625
114683.5
114750.1328125
114827.0625
114917.671875
115009.9765625
115105.7421875
115203.9375
115324.4296875
115495.421875
115690.078125
116012.3203125
116326.4921875
116619.609375
116890.5078125
117133.3125
117363.40625
117570.9921875
117783.9296875
