25400.0
25400.0
25400.0
25400.0
25400.0
25400.0
25400.0
25400.0
25400.0
25400.0
25400.0
25400.0
25400.0
25400.0
25400.0
25400.0
25400.0
25400.0
28677.96875
48599.25390625
68139.421875
84412.6875
98201.6953125
110448.84375
119798.765625
127626.375
133841.75
138656.25
142219.375
144729.609375
146782.875
148229.640625
149317.1875
150182.640625
154983.78125
156092.921875
153877.40625
154988.9375
149708.421875
146386.296875
144418.46875
144395.03125
144633.109375
144642.15625
144356.375
143801.015625
142817.609375
141454.109375
139949.15625
138296.15625
136724.703125
135140.84375
133585.921875
132218.3125
130714.0625
129272.34375
127903.640625
126691.5859375
125504.9375
124373.1875
123323.734375
122286.0625
121329.4296875
120388.4765625
119502.8203125
118730.5859375
117911.3203125
117150.296875
116394.25
115691.0703125
114994.8046875
114328.4921875
113710.0
113123.7578125
112574.21875
112022.84375
111489.03125
111013.78125
110503.875
110030.6484375
109560.90625
109125.765625
108694.6015625
108280.9921875
107901.0859375
107530.6484375
107194.78125
106867.3515625
106557.6484375
106292.1640625
106014.8125
105760.953125
105515.4453125
105292.4296875
105074.6796875
104899.8671875
104747.859375
104598.8515625
104462.875
104331.1015625
104208.21875
104107.3984375
104005.875
103914.328125
103838.0859375
103777.2109375
103724.296875
103652.3984375
103578.4453125
103514.0859375
103463.8359375
103421.1953125
103378.1640625
103350.8359375
103330.0859375
103316.015625
103301.65625
103290.2578125
103269.421875
103225.3671875
103176.765625
103121.578125
103072.875
103037.140625
