25400.0
25400.0
25400.0
25400.0
25400.0
25400.0
25400.0
25400.0
25400.0
25400.0
25400.0
25400.0
25400.0
25400.0
25400.0
25400.0
25400.0
25400.0
25400.0
29666.4375
49702.734375
68026.8203125
84205.15625
96593.109375
106992.828125
117140.0078125
124674.0390625
130685.1875
135352.375
138745.90625
141685.578125
141292.40625
138004.96875
135078.375
132207.546875
129562.6328125
127195.8359375
124826.4921875
122759.84375
120996.3984375
119379.125
118014.078125
116375.5234375
114821.6875
113304.8046875
111969.203125
110564.96875
109297.015625
108171.6328125
107387.8359375
106739.453125
106075.5859375
105431.5703125
104975.921875
104746.375
104638.8671875
104537.796875
104444.9609375
104405.5234375
104359.703125
104424.8359375
104524.65625
104551.5625
104533.765625
104512.6953125
104504.2734375
104520.03125
104557.515625
104613.7109375
104668.6171875
104788.53125
104911.4296875
105014.453125
105118.7265625
105222.734375
105390.859375
105725.078125
106079.1953125
106499.8515625
106939.421875
107406.3671875
107887.875
108484.2109375
109076.46875
109619.046875
110141.90625
110610.59375
111051.0859375
111469.203125
111811.9765625
112159.25
112473.0703125
112785.5703125
113056.0234375
113302.7578125
113543.078125
113815.7421875
114061.40625
114267.9375
114452.015625
114540.9140625
114605.1796875
114685.6796875
114790.8828125
114982.203125
115219.3125
115426.703125
115576.078125
115722.7421875
115927.140625
116071.5703125
116159.59375
116176.46875
116088.4296875
115912.03125
115678.0546875
115391.921875
115087.7890625
114773.5625
114447.9296875
114391.8515625
114470.1875
114521.421875
114519.609375
