25400.0
25400.0
25400.0
25400.0
25400.0
25400.0
25400.0
25400.0
25400.0
25400.0
25400.0
25400.0
25400.0
25400.0
25400.0
25400.0
25400.0
25400.0
25400.0
25400.0
25400.0
25400.0
34130.609375
53350.78125
70145.5703125
85870.125
98134.421875
109022.1796875
118601.96875
126358.90625
133750.421875
139644.71875
144142.421875
147383.015625
149098.9375
145795.140625
142782.796875
139834.5
137121.09375
134462.328125
131920.09375
129823.9140625
127781.1875
126017.453125
123995.453125
122201.953125
120497.90625
118930.046875
117522.0546875
116065.078125
114616.0234375
113189.6640625
112062.5234375
111202.0078125
110520.6796875
109852.4765625
109257.6171875
108929.453125
108576.984375
108203.6015625
107951.796875
107825.5234375
107748.0625
107662.8828125
107584.4921875
107536.6796875
107511.25
107534.8515625
107590.21875
107647.6015625
107712.4609375
107794.2734375
107892.0703125
108006.78125
108124.8671875
108250.703125
108383.1171875
108540.4765625
108732.09375
108890.375
109026.0546875
109133.6328125
109228.9609375
109314.1015625
109388.6015625
109456.21875
109500.515625
109529.5859375
109577.7421875
109614.3125
109642.9453125
109655.3828125
109665.15625
109672.2109375
109676.3046875
109675.6796875
109669.46875
109656.1015625
109634.3828125
109601.59375
109560.0546875
109485.1171875
109399.15625
109320.4453125
109241.2734375
109164.6875
109082.7734375
108988.046875
108882.1328125
108764.3828125
108646.0703125
108523.421875
108401.8359375
108293.4375
108175.8203125
108064.0703125
107951.3515625
107845.25
107738.71875
107635.125
107543.6484375
107461.1875
107395.1484375
107331.8359375
