25400.0
25400.0
25400.0
25213.5234375
24700.802734375
24603.767578125
24632.583984375
24633.849609375
24632.552734375
24633.404296875
24635.34375
24637.599609375
24639.921875
24642.201171875
24644.326171875
24646.923828125
24649.53125
24651.337890625
24652.91796875
24654.291015625
24655.73046875
24657.078125
24658.44921875
24659.80859375
24661.28125
24663.8125
24666.482421875
24670.982421875
24692.37890625
27992.0078125
36210.9921875
44525.0546875
53276.0625
61401.24609375
69125.6484375
75352.4375
80504.9921875
84807.2734375
88538.1796875
92105.3671875
95544.265625
98616.2578125
101242.5703125
103159.578125
106141.2109375
112394.1171875
117125.5859375
118451.9140625
119900.6484375
121019.1328125
121730.7578125
122216.3828125
122728.625
123055.484375
123081.484375
122951.375
122672.6015625
122326.203125
121856.2421875
121329.0859375
120656.4296875
120096.015625
119561.578125
119532.4140625
119531.0625
119460.984375
119347.796875
119215.0546875
119051.65625
118907.2734375
118718.8828125
118511.6953125
118294.078125
118078.046875
117870.3515625
117662.0390625
117490.0625
117336.71875
117237.4921875
117165.828125
116994.0625
116793.2734375
116567.203125
116330.0546875
116077.734375
115847.5078125
115650.0
115285.0703125
114923.890625
114527.7578125
114087.6328125
113676.90625
113267.1171875
112858.3359375
112615.921875
112500.0234375
112288.5390625
111987.984375
111663.0703125
111504.5859375
111388.6328125
111252.328125
111170.4765625
111172.96875
111170.8515625
111109.296875
110999.4765625
110900.5703125
110837.6953125
110809.09375
110807.6953125
110825.140625
110805.453125
110761.1796875
110713.296875
110669.40625
110638.1875
110620.4375
110638.265625
110681.9375
110824.6796875
110969.359375
111117.78125
111276.9921875
111426.8046875
111572.8828125
