25400.0
25400.0
25398.923828125
24661.3671875
24647.572265625
23972.9375
23492.0703125
23351.93359375
23330.46484375
23332.33984375
23341.310546875
23355.345703125
23375.388671875
23408.03515625
23450.75
23516.34765625
23628.685546875
23788.0703125
24321.62890625
24632.017578125
24774.56640625
25021.400390625
25912.88671875
28473.07421875
34750.64453125
43860.59765625
54988.19921875
65951.4375
73382.234375
78667.078125
83549.0390625
87928.6171875
91163.078125
93400.7109375
95299.984375
97044.046875
98504.765625
99756.65625
100715.5390625
101466.2265625
101985.953125
102303.7265625
102509.8828125
102613.40625
102639.2421875
102600.8671875
102505.828125
102381.796875
102247.7109375
102107.7265625
101971.3125
101832.4609375
101695.7578125
101561.8828125
101397.7421875
101275.8125
101173.1640625
101084.8515625
100999.8125
100918.3671875
100842.0234375
100759.265625
100680.3671875
100594.5234375
100510.7578125
100433.8046875
100340.96875
100251.0625
100294.015625
100372.640625
100430.515625
100479.5234375
100524.0859375
100577.7109375
100621.3125
100661.3984375
100697.0546875
100726.2265625
100752.5234375
100774.9453125
100798.9765625
100823.4296875
100844.515625
100863.6171875
100887.328125
100911.140625
100932.640625
100956.7265625
100972.5390625
100980.8671875
100983.359375
100981.546875
100976.609375
100971.1640625
100966.234375
100963.859375
100959.5546875
100955.515625
100952.5078125
100948.078125
100943.0546875
100957.4765625
100978.375
100996.90625
101016.4609375
101037.28125
101058.9453125
101079.8671875
101099.8125
101119.8203125
101143.3828125
101169.171875
101199.1953125
101228.2578125
101266.9296875
101298.140625
101320.875
101340.21875
101360.0234375
101381.140625
101401.9609375
101421.875
101439.5390625
101455.40625
