25400.0
25400.0
25400.0
25400.0
25400.0
25400.0
25400.0
25400.0
25400.0
25400.0
25400.0
25400.0
25400.0
25400.0
25400.0
25400.0
25400.0
25400.0
25400.0
25400.0
25400.0
25400.0
38646.28125
59247.33984375
77376.3359375
91118.40625
102043.6953125
111932.359375
120349.890625
127046.1953125
133263.203125
137984.28125
141614.34375
144262.640625
146505.828125
148254.25
149506.71875
150496.09375
151177.296875
151846.34375
152479.609375
156616.28125
158008.71875
155830.828125
160393.765625
163241.875
158254.78125
155352.421875
153919.0625
154039.109375
154017.75
153977.59375
153916.28125
153750.609375
153256.90625
152574.984375
151555.296875
150347.640625
148846.34375
147170.703125
145414.421875
143671.46875
142020.171875
140384.0625
138811.734375
137348.5
135820.1875
134451.3125
133107.4375
131857.234375
130608.40625
129401.8515625
128268.7890625
127145.578125
126087.5546875
125022.8203125
123985.3125
123076.3671875
122096.1171875
121171.8671875
120225.9296875
119335.9296875
118466.6484375
117630.3203125
116850.5390625
116078.1171875
115360.828125
114651.2734375
113972.390625
113381.25
112749.078125
112164.25
111587.453125
111046.9765625
110517.1796875
110012.6171875
109536.265625
109062.53125
108623.7421875
108188.640625
107771.1875
107408.2421875
107022.453125
106662.84375
106308.390625
105979.40625
105648.1484375
105325.8671875
105021.5078125
104722.0859375
104446.703125
104176.109375
103919.515625
103698.1796875
103466.0859375
103252.859375
103047.109375
102860.109375
102679.390625
102509.6875
102354.46875
102203.3515625
102065.984375
101927.25
