25400.0
25400.0
25400.0
25199.0390625
25097.26953125
25097.267578125
25097.267578125
25097.267578125
25097.267578125
25097.267578125
25097.267578125
25097.267578125
25097.267578125
25097.267578125
25097.267578125
25121.8125
25141.791015625
25146.705078125
25148.26953125
25148.484375
25147.36328125
25154.62109375
32965.2578125
47098.65234375
60756.8359375
74375.9140625
86212.6015625
96724.6640625
106050.8203125
114088.71875
120037.8671875
125626.125
129982.78125
133570.3125
136365.390625
138761.25
140918.28125
142645.984375
142503.546875
139134.859375
135990.578125
133153.59375
130715.8984375
128241.6171875
125774.953125
123448.546875
121374.0546875
119263.21875
117249.2421875
115746.234375
114714.578125
113559.3984375
112263.4140625
111005.9296875
110102.296875
109348.2578125
108598.5
107768.2578125
107035.4296875
106391.9765625
105808.859375
105297.015625
104854.0703125
104544.3125
104289.109375
104143.8046875
104076.46875
104019.34375
103949.8828125
103897.6875
103875.90625
103853.203125
103866.1328125
103905.5
103967.3671875
104046.7578125
104160.875
104311.9375
104473.9140625
104678.1796875
104890.265625
105118.3671875
105343.828125
105626.625
105987.3203125
106378.09375
106773.7109375
107141.6640625
107526.390625
107882.8203125
108182.203125
108496.6875
108838.859375
109242.3203125
109623.609375
110003.8046875
110375.1875
110715.5625
111044.0390625
111342.5390625
111630.96875
111899.765625
112244.4453125
112642.375
112995.7578125
113329.7890625
113629.2734375
113914.390625
114096.9609375
114213.859375
114300.5
114341.4140625
114346.6484375
114296.546875
114211.3046875
114091.9609375
113964.53125
113837.0390625
113892.890625
113932.234375
113919.8515625
113852.703125
113741.734375
113602.5
113444.6484375
