25400.0
25400.0
25254.87109375
24586.58203125
24766.53515625
24661.267578125
24618.251953125
24599.18359375
24598.349609375
24602.203125
24607.0546875
24612.13671875
24617.087890625
24621.625
24627.533203125
24632.388671875
24641.10546875
24690.712890625
29285.162109375
41006.1484375
54924.66796875
71157.3203125
87282.4609375
101140.734375
112955.8828125
122741.5
124448.15625
125195.5390625
125003.9453125
124339.9375
123477.6328125
122307.6796875
121167.1875
119850.4921875
118557.78125
117292.921875
116099.546875
114991.1171875
113914.4375
112918.25
111882.46875
110837.6953125
109913.0859375
108919.7578125
108070.21875
107290.7421875
106671.34375
106209.6171875
106021.734375
105907.5625
105522.3984375
105116.46875
104708.2734375
104354.578125
104022.1796875
103549.125
103126.2578125
102721.09375
102353.03125
102054.078125
101952.703125
102022.984375
102022.1171875
101912.1640625
101694.8984375
101433.296875
101217.9453125
101040.4296875
100899.3515625
100783.2109375
100650.7578125
100497.453125
100381.046875
100308.078125
100261.2890625
100219.46875
100183.40625
100163.8984375
100143.390625
100104.8203125
100051.140625
99986.984375
99923.2265625
99872.9375
99840.7421875
99832.1953125
99837.875
99872.53125
99913.765625
99946.359375
99968.625
99989.7890625
100012.453125
100051.171875
100113.5234375
100206.953125
100322.984375
100452.1875
100600.4375
100751.3203125
100908.984375
101068.328125
101213.9375
101377.4609375
101539.453125
101743.0390625
101933.515625
102159.0859375
102401.46875
102642.9453125
102895.0703125
103136.484375
103379.359375
103608.2890625
103799.1015625
103993.390625
104167.34375
104336.59375
104497.5703125
104656.5546875
104809.671875
104950.484375
105082.078125
105197.765625
105284.2421875
