25400.0
25179.572265625
24945.837890625
24721.005859375
23420.09375
22178.93359375
21867.49609375
23050.9609375
24321.712890625
24677.44921875
24728.201171875
24737.23828125
24752.08203125
24771.81640625
24798.771484375
24824.646484375
24850.54296875
24882.193359375
24906.796875
24967.37109375
25310.83203125
27036.072265625
32215.064453125
41403.6640625
51011.2265625
57606.53515625
62055.078125
63379.4921875
65996.1171875
68871.7421875
71120.0546875
72992.140625
74879.65625
76505.9609375
77892.140625
79124.015625
80543.40625
81818.4765625
83004.0
84238.6640625
85543.15625
86810.8125
87967.9765625
89005.5625
90100.3984375
91078.484375
92018.703125
92905.625
93856.4921875
94789.734375
95606.296875
96206.421875
96679.9609375
97138.2421875
97753.1171875
98224.6796875
98671.171875
99077.90625
99432.6171875
99684.6484375
99945.1171875
100260.2109375
100606.640625
100982.5078125
101337.34375
101678.65625
102034.7265625
102381.2109375
102729.640625
103002.546875
103230.5625
103424.0
103584.4453125
103770.7109375
104070.15625
104336.75
104625.796875
104875.0703125
105059.3046875
105181.953125
105298.625
105400.8671875
105498.9765625
105572.9609375
105613.7421875
105613.3515625
105559.8828125
105460.265625
105330.96875
105193.3203125
105058.9453125
104983.859375
104922.234375
104845.9921875
104736.6015625
104611.015625
104487.484375
104358.453125
104233.140625
104114.9921875
104013.1796875
103924.2890625
103830.8359375
103746.2265625
103657.4375
103565.8984375
103455.59375
103335.3359375
103204.3359375
103095.6484375
103059.8984375
103061.890625
103104.671875
103216.40625
103293.9453125
103337.1640625
103359.21875
103362.96875
103352.875
103346.453125
103347.7578125
103355.75
103349.0625
103328.59375
103296.703125
103255.8046875
