25400.0
25400.0
25400.0
25350.33984375
25245.775390625
25245.775390625
25245.775390625
25245.775390625
25245.775390625
25245.775390625
25245.775390625
25245.775390625
25245.775390625
25245.775390625
25245.775390625
25245.775390625
25245.775390625
25245.775390625
25245.775390625
25245.775390625
25245.775390625
25245.775390625
25245.775390625
33137.8359375
48576.63671875
63323.7890625
76895.75
88094.8203125
98354.0859375
106948.5234375
114694.296875
120957.3828125
126011.7109375
129860.96875
133173.734375
135621.265625
137401.71875
139006.4375
140397.46875
141812.84375
140339.015625
137606.109375
134814.8125
132310.21875
129919.34375
127689.828125
125505.5078125
123276.9765625
121308.5625
119463.3515625
117835.859375
116229.8203125
114657.9453125
113377.21875
112266.953125
111492.0
110560.8984375
109622.4765625
108765.546875
107999.359375
107366.5625
106927.453125
106541.015625
106096.234375
105641.0390625
105273.0234375
104947.8671875
104783.8203125
104774.2109375
104808.1015625
104797.7265625
104782.2890625
104836.8359375
104956.984375
105133.8984375
105387.25
105661.9609375
105934.53125
106245.3359375
106556.0234375
106900.90625
107269.1171875
107686.0390625
108130.6953125
108527.7109375
108957.40625
109403.4765625
109873.203125
110305.640625
110647.4921875
110976.1953125
111246.1640625
111559.7421875
111850.46875
112112.6875
112344.0234375
112517.9140625
112694.3515625
112845.5
112997.5546875
113139.1953125
113254.71875
113367.09375
113474.2265625
113608.6015625
113721.0625
113820.0234375
113901.7421875
113968.203125
114040.046875
114126.0546875
114200.5390625
114263.921875
114293.71875
114250.2265625
114219.7265625
114199.8203125
114191.9765625
114188.484375
114193.2109375
114201.8359375
114203.5390625
114195.4765625
114176.4140625
