25400.0
25400.0
25400.0
25399.6640625
25394.5390625
25389.603515625
25385.3125
25380.130859375
25377.35546875
25375.791015625
25374.951171875
25374.4765625
25374.21875
25374.080078125
25374.001953125
25373.9609375
25373.939453125
25373.927734375
25373.923828125
25373.923828125
25373.876953125
25373.685546875
25373.37890625
29966.107421875
43994.59765625
57946.203125
72049.3125
84105.2734375
95302.1875
104775.328125
112523.578125
119620.7109375
125257.484375
130222.125
134149.5625
137488.0
140250.734375
142502.0
144445.40625
146080.1875
145481.5
142067.375
139188.578125
136205.140625
133483.75
130853.2421875
128386.625
126068.1875
123967.328125
121991.578125
120011.0
118272.09375
117092.5390625
115774.8515625
114651.1640625
113431.3515625
112456.3359375
111567.3828125
110825.0625
110101.3984375
109534.1953125
109179.796875
108949.796875
108694.46875
108419.9921875
108144.65625
107897.3671875
107650.2578125
107426.375
107212.09375
107005.171875
106790.8828125
106559.875
106367.34375
106208.03125
106068.140625
105932.9921875
105802.2421875
105690.8671875
105577.7109375
105479.21875
105404.8671875
105327.1484375
105315.0390625
105339.4765625
105390.828125
105483.6796875
105669.140625
105905.625
106170.4453125
106426.59375
106725.3359375
107031.2265625
107370.078125
107730.515625
108118.5703125
108516.6328125
108931.6171875
109378.828125
109816.203125
110296.484375
110812.7890625
111252.578125
111693.2734375
112083.4453125
112406.2109375
112633.5859375
112755.0390625
112750.6953125
112696.2578125
112872.1484375
113230.7421875
113589.6328125
113880.765625
114094.296875
114278.7890625
114414.0
114513.53125
114576.515625
114608.734375
114611.859375
114590.1015625
114544.8828125
114489.3828125
114427.1875
