25400.0
25400.0
25400.0
25400.0
25400.0
25400.0
25400.0
25400.0
25400.0
25400.0
25400.0
25400.0
25400.0
25400.0
25400.0
25400.0
25400.0
25400.0
25400.0
25400.0
25400.0
25400.0
25400.0
25400.0
25400.0
25400.0
25400.0
25400.0
25400.0
25400.0
25400.0
36954.1015625
56518.2421875
74070.6640625
84677.5
91046.328125
95319.8046875
98234.1015625
100960.96875
103415.3671875
105979.609375
108671.0625
110999.6953125
113349.796875
115720.8515625
117953.671875
119844.1015625
121601.328125
123211.53125
124610.7734375
125903.8359375
127105.0625
128210.0078125
129149.53125
129944.03125
130756.515625
131473.453125
131894.9375
130010.234375
128398.3203125
126952.21875
125638.4921875
124349.0078125
123173.1640625
122143.5
120961.2109375
119827.1328125
118707.8671875
117710.4921875
116743.2890625
115858.8125
114998.6640625
114185.5078125
113429.6953125
112725.6875
112073.7109375
111425.28125
110814.8515625
110283.875
109743.296875
109418.625
109131.1328125
108825.3515625
108529.0
108272.9453125
108033.1875
107792.2421875
107557.28125
107275.375
107016.4921875
106789.6171875
106503.7890625
106197.5546875
105871.140625
105574.3515625
105302.796875
105123.4453125
105075.5625
105261.796875
105386.4921875
105458.71875
105522.8125
105580.3203125
105655.78125
105745.7109375
105859.8515625
105990.890625
106156.1484375
106343.6796875
106530.7109375
106721.7421875
106899.890625
107080.421875
107262.1640625
107430.5546875
107624.53125
107818.859375
108029.453125
108245.9453125
108492.3046875
108761.4453125
109025.171875
109295.8125
109554.5625
109817.5703125
