80.1335
171.234
182.954
200.184
203.398
209.115
212.466
223.611
240.99
249.073
262.944
269.46
271.872
274.47
275.088
281.306
292.804
297.843
301.245
306.773
313.736
318.542
326.5
327.68
346.44
349.624
350.975
351.989
355.118
367.505
372.431
382.366
384.762
397.16
399.701
406.331
412.889
414.243
415.738
418.606
418.624
420.752
423.72
429.533
430.998
434.338
438.31
441.841
450.504
460.289
465.938
475.679
477.364
482.051
483.91
491.637
492.52
496.306
497.94
499.803
503.06
508.055
510.971
511.892
515.614
521.175
525.566
525.657
532.096
536.754
537.626
539.332
557.973
560.381
564.004
565.632
595.354
601.955
605.162
627.057
629.542
630.777
635.668
639.118
648.688
652.441
654.291
654.958
664.058
666.374
677.556
681.187
682.588
690.492
694.429
700.543
702.873
717.99
735.222
738.606
