20000.0
20000.0
20000.0
20000.0
20000.0
20000.0
20000.0
20000.0
20000.0
20000.0
20000.0
20000.0
20000.0
20000.0
20000.0
20000.0
20000.0
20000.0
20000.0
20000.0
20000.0
20000.0
20000.0
20000.0
20000.0
20000.0
20000.0
20000.0
20000.0
20000.0
20000.0
19999.998046875
19997.20703125
19999.953125
20000.0
20000.0
20000.0
20000.0
20000.0
20000.0
20000.0
20000.0
20000.0
19999.99609375
20000.0
20000.0
20000.0
20000.0
20000.0
20000.0
20000.0
20000.0
20000.0
19999.990234375
20000.0
20000.0
20000.0
20000.0
20000.0
20000.0
20000.0
20000.0
19999.84375
20000.0
20000.0
20000.0
20000.0
20000.0
20000.0
20000.0
20000.0
20000.0
20000.0
20000.0
20000.0
20000.0
20000.0
20000.0
20000.0
20000.0
20000.0
20000.0
20000.0
20000.0
20000.0
20000.0
20000.0
19988.478515625
19264.27734375
18545.958984375
17903.033203125
17211.916015625
16544.419921875
15865.029296875
15233.4365234375
14597.2548828125
14001.421875
13483.548828125
13011.34375
12588.9189453125
12197.3984375
11846.703125
11504.818359375
11130.333984375
10803.380859375
10494.4521484375
10219.7353515625
9942.134765625
9653.822265625
9377.3203125
9103.275390625
8852.2998046875
8610.1953125
8380.7607421875
8177.87451171875
7927.759765625
7695.73876953125
7468.35888671875
7254.1572265625
7036.34033203125
6824.0966796875
6629.009765625
6438.18310546875
6262.888671875
6094.8291015625
