20000.0
20000.0
20000.0
20000.0
20000.0
20000.0
20000.0
20000.0
20000.0
20000.0
20000.0
20000.0
20000.0
20000.0
20000.0
20000.0
20000.0
20000.0
20000.0
20000.0
20000.0
20000.0
20000.0
20000.0
19999.986328125
20000.0
19999.99609375
20000.0
19999.994140625
20000.0
20000.0
20000.0
20000.0
19999.994140625
20000.0
20000.0
19485.33984375
18937.64453125
18443.837890625
17962.623046875
17509.59765625
17122.927734375
16719.1953125
16358.1337890625
16003.9873046875
15676.8515625
15355.95703125
15054.57421875
14767.9072265625
14474.25390625
14195.986328125
13920.2900390625
13631.6875
13349.193359375
13073.9462890625
12826.44140625
12585.8955078125
12363.01171875
12135.751953125
11910.5859375
11696.15234375
11480.890625
11278.771484375
11070.4853515625
10889.734375
10741.4794921875
10587.3310546875
10448.130859375
10317.015625
10195.1435546875
10057.271484375
9924.2109375
9801.91796875
9658.29296875
9509.7099609375
9360.6025390625
9226.517578125
9115.322265625
8999.962890625
8886.4990234375
8768.2880859375
8656.3984375
8536.9765625
8414.0546875
8294.98828125
8175.92919921875
8067.4033203125
7960.9150390625
7855.5087890625
7756.49462890625
7648.14208984375
7546.36328125
7445.8671875
7354.30224609375
7264.70166015625
7178.39453125
7097.0849609375
7014.86572265625
6937.1337890625
6858.740234375
6782.11328125
6714.763671875
6641.50439453125
6571.18505859375
6499.7578125
6431.90869140625
6365.8876953125
6301.494140625
6239.2333984375
6174.01025390625
6109.61865234375
6042.658203125
5976.09033203125
5918.01953125
5855.5048828125
5792.9228515625
5714.775390625
5641.41015625
5569.95166015625
5502.20068359375
5438.9013671875
5372.7802734375
5307.57666015625
5241.9296875
