20000.0
20000.0
20000.0
20000.0
20000.0
20000.0
20000.0
20000.0
20000.0
20000.0
20000.0
20000.0
20000.0
20000.0
20000.0
20000.0
20000.0
20000.0
20000.0
20000.0
20000.0
20000.0
20000.0
20000.0
20000.0
20000.0
20000.0
20000.0
20000.0
19999.72265625
20000.0
19739.78125
18430.681640625
17182.390625
16122.607421875
15207.9609375
14505.48046875
13961.8701171875
13473.2998046875
13028.771484375
12578.5244140625
12138.240234375
11735.732421875
11349.0234375
10995.1611328125
10642.6640625
10317.8818359375
9996.12890625
9698.75390625
9437.0078125
9188.6767578125
8970.1962890625
8762.7646484375
8571.8125
8407.4580078125
8238.939453125
8088.9482421875
7947.09423828125
7818.2890625
7692.166015625
7573.73974609375
7465.9853515625
7361.33642578125
7266.08447265625
7173.2099609375
7085.59326171875
7009.63037109375
6931.15673828125
6860.02685546875
6791.26220703125
6728.8095703125
6668.26904296875
6611.41845703125
6559.65087890625
6509.33984375
6463.4658203125
6418.8115234375
6376.70263671875
6340.767578125
6303.31591796875
6269.0712890625
6235.89501953125
6205.5078125
6175.765625
6147.58984375
6121.95703125
6096.990234375
6073.43701171875
6049.62255859375
6026.833984375
6006.94873046875
5986.22900390625
5967.517578125
5948.91064453125
5931.494140625
5913.9482421875
5896.8203125
5880.72607421875
5864.6044921875
5849.30615234375
5833.6982421875
5818.3173828125
5804.58251953125
5789.65283203125
5775.2373046875
5759.81884765625
5744.7890625
5729.2646484375
5713.91064453125
5699.07958984375
5683.67626953125
5668.7451171875
5653.29541015625
5637.8642578125
5623.7119140625
5608.1103515625
5593.138671875
5577.34814453125
5562.265625
5546.9794921875
5531.021484375
5515.00927734375
5498.3046875
5482.04833984375
5464.82861328125
