20000.0
20000.0
20000.0
20000.0
20000.0
20000.0
20000.0
20000.0
20000.0
20000.0
20000.0
20000.0
20000.0
20000.0
20000.0
20000.0
20000.0
20000.0
19999.9453125
20000.0
19999.994140625
20000.0
20000.0
20000.0
19326.984375
18679.7109375
18119.94921875
17627.986328125
17152.2421875
16743.91796875
16309.078125
15890.880859375
15456.23828125
15058.30078125
14664.71875
14270.06640625
13910.091796875
13541.017578125
13191.373046875
12834.576171875
12480.4736328125
12175.3603515625
11854.8623046875
11554.6259765625
11253.0966796875
10970.0146484375
10683.7294921875
10398.9248046875
10131.7197265625
9878.560546875
9673.302734375
9497.9912109375
9329.9248046875
9182.841796875
9022.009765625
8871.630859375
8720.6689453125
8576.9013671875
8431.4560546875
8289.5126953125
8155.58642578125
8024.4052734375
7902.21826171875
7776.55859375
7653.08935546875
7544.150390625
7426.86572265625
7316.9736328125
7208.4951171875
7109.4404296875
7008.7998046875
6907.2041015625
6811.009765625
6712.44287109375
6617.40087890625
6523.2294921875
6432.17919921875
6352.65234375
6267.9541015625
6188.431640625
6108.18212890625
6032.69873046875
5956.9208984375
5883.23828125
5813.60546875
5743.103515625
5676.08203125
5609.94677734375
5546.89111328125
5491.0458984375
5429.62939453125
5370.4521484375
5308.1064453125
5250.3720703125
5191.56884765625
5137.70556640625
5087.6064453125
5038.3818359375
4993.15185546875
4947.16259765625
4896.52294921875
4846.724609375
4790.900390625
4730.38330078125
4666.00341796875
4602.20361328125
4546.30126953125
4495.92333984375
4450.251953125
4405.1455078125
4362.33349609375
4318.42919921875
4274.341796875
4234.24853515625
4189.9296875
4147.4814453125
4107.32373046875
4069.37353515625
4032.27880859375
3995.79052734375
3960.949462890625
3926.71533203125
3895.431640625
3864.669921875
