20000.0
20000.0
20000.0
20000.0
20000.0
20000.0
20000.0
20000.0
20000.0
20000.0
20000.0
20000.0
20000.0
20000.0
20000.0
20000.0
20000.0
20000.0
20000.0
20000.0
20000.0
20000.0
20000.0
20000.0
20000.0
20000.0
20000.0
20000.0
20000.0
20000.0
20000.0
20000.0
19999.998046875
20000.0
20000.0
19999.990234375
20000.0
19999.998046875
20000.0
20000.0
20000.0
20000.0
20000.0
19999.998046875
20000.0
20000.0
20000.0
20000.0
20000.0
19433.24609375
18459.90234375
17591.22265625
16769.20703125
16023.66796875
15443.6865234375
14882.162109375
14333.1298828125
13713.5107421875
13221.8994140625
12763.3251953125
12334.5634765625
11965.74609375
11606.888671875
11200.9296875
10784.7626953125
10428.7392578125
10127.1455078125
9787.56640625
9477.71484375
9175.21484375
8908.69921875
8662.1015625
8438.5341796875
8238.3037109375
8037.49609375
7846.03515625
7662.9755859375
7492.2021484375
7333.50927734375
7151.36328125
6973.6552734375
6792.896484375
6623.44970703125
6455.24365234375
6280.17822265625
6115.7421875
5953.73388671875
5802.1259765625
5651.27734375
5508.873046875
5387.4384765625
5263.81298828125
5154.29248046875
5048.50634765625
4952.6474609375
4858.20751953125
4768.421875
4684.53369140625
4600.2685546875
4520.84765625
4441.82958984375
4362.72021484375
4288.92578125
4210.6279296875
4139.72705078125
4071.2783203125
4009.24951171875
3948.93115234375
3891.807861328125
3839.213623046875
3787.330322265625
3739.1630859375
3691.49658203125
3645.587646484375
3605.2216796875
3561.985595703125
3521.407958984375
3480.739990234375
3443.15234375
3405.3837890625
3368.9326171875
3335.19091796875
3301.83203125
3270.839111328125
3240.1474609375
