20000.0
20000.0
20000.0
20000.0
20000.0
19999.99609375
20000.0
20000.0
20000.0
20000.0
20000.0
20000.0
20000.0
20000.0
20000.0
20000.0
20000.0
20000.0
20000.0
20000.0
20000.0
20000.0
20000.0
20000.0
20000.0
20000.0
20000.0
20000.0
20000.0
20000.0
20000.0
20000.0
20000.0
20000.0
20000.0
19999.822265625
19999.99609375
20000.0
20000.0
19999.98046875
19999.9921875
20000.0
20000.0
20000.0
20000.0
20000.0
20000.0
20000.0
20000.0
20000.0
20000.0
20000.0
19999.998046875
20000.0
20000.0
20000.0
20000.0
19651.06640625
18744.591796875
17961.6171875
17195.18359375
16472.76171875
15812.056640625
15174.5869140625
14596.0
14044.3466796875
13579.3037109375
13256.0517578125
12937.6748046875
12662.890625
12409.572265625
12187.7626953125
11978.5888671875
11791.091796875
11628.9990234375
11457.6171875
11295.951171875
11126.6923828125
10833.33203125
10606.5546875
10383.4326171875
10153.5185546875
9866.1435546875
9626.490234375
9411.8515625
9207.84375
9023.8544921875
8851.291015625
8694.609375
8535.39453125
8360.5625
8205.00390625
8039.1650390625
7888.49365234375
7741.06494140625
7604.7109375
7470.99609375
7336.38037109375
7202.736328125
7065.65087890625
6937.0654296875
6809.3212890625
6687.1669921875
6579.58642578125
6459.771484375
6346.72265625
6233.8701171875
6127.77587890625
6021.33740234375
5919.43798828125
5822.712890625
5727.22314453125
5638.1953125
5545.755859375
5453.13720703125
5369.93310546875
5279.15625
5193.638671875
5108.0458984375
5027.9375
4947.64208984375
4870.4482421875
4798.1298828125
4727.265625
4663.78173828125
4598.61328125
