20000.0
20000.0
20000.0
20000.0
20000.0
20000.0
20000.0
20000.0
20000.0
20000.0
20000.0
20000.0
20000.0
20000.0
20000.0
20000.0
20000.0
19999.99609375
20000.0
19993.6328125
20000.0
20000.0
19999.947265625
19999.998046875
19999.99609375
20000.0
20000.0
20000.0
19706.95703125
19167.3515625
18622.08203125
18101.958984375
17604.76171875
17166.984375
16762.7109375
16385.4765625
16038.373046875
15692.294921875
15374.3095703125
15038.041015625
14706.953125
14417.9443359375
14112.599609375
13829.1171875
13533.0419921875
13253.0341796875
12973.42578125
12706.1025390625
12462.5244140625
12225.4775390625
12006.4287109375
11788.8759765625
11578.0400390625
11391.9521484375
11191.265625
11003.3154296875
10816.2509765625
10644.5771484375
10477.4619140625
10337.97265625
10210.8447265625
10084.068359375
9964.3271484375
9842.51171875
9723.376953125
9618.07421875
9502.9541015625
9394.8564453125
9287.3486328125
9184.798828125
9082.6064453125
8982.8642578125
8886.89453125
8787.0732421875
8689.8623046875
8589.986328125
8491.1376953125
8401.12890625
8296.1337890625
8176.828125
8070.47900390625
7975.01953125
7889.93408203125
7810.7373046875
7739.34033203125
7646.30810546875
7558.82470703125
7477.99267578125
7402.89111328125
7318.6318359375
7226.09130859375
7144.99169921875
7069.2607421875
7002.419921875
6938.60595703125
6878.654296875
6822.64453125
6763.14892578125
6704.42236328125
6640.7353515625
6577.60693359375
6523.6357421875
6467.72314453125
6416.166015625
6364.322265625
6312.30029296875
6255.6953125
6197.37744140625
6141.1005859375
6084.14453125
6030.30078125
5975.1171875
5919.85302734375
5870.58740234375
5817.9912109375
5767.9150390625
5717.525390625
5670.23681640625
5622.7509765625
5575.94482421875
5530.84130859375
5484.54345703125
5440.67822265625
5397.7353515625
