20000.0
20000.0
20000.0
20000.0
20000.0
20000.0
20000.0
20000.0
20000.0
20000.0
20000.0
20000.0
20000.0
20000.0
20000.0
20000.0
20000.0
20000.0
20000.0
20000.0
20000.00390625
19999.611328125
19999.919921875
20000.0
20000.0
20000.0
20000.0
20000.0
20000.0
20000.0
20000.0
20000.0
20000.0
19999.99609375
20000.0
20000.0
20000.0
19999.984375
20000.0
20000.0
20000.0
20000.0
20000.0
20000.0
19120.0546875
18155.58203125
17406.466796875
16713.1328125
16094.1484375
15544.166015625
15012.44140625
14538.1875
14091.240234375
13684.1357421875
13345.3154296875
13001.2197265625
12691.11328125
12391.1396484375
12114.6904296875
11848.71875
11601.8486328125
11378.484375
11164.9365234375
10979.3681640625
10795.2431640625
10617.39453125
10459.01171875
10291.5283203125
10137.47265625
9985.8974609375
9846.103515625
9708.9189453125
9578.1513671875
9457.91015625
9339.8466796875
9231.421875
9124.748046875
9023.46875
8935.8115234375
8843.7138671875
8758.0615234375
8672.4794921875
8591.6337890625
8509.8232421875
8430.064453125
8354.869140625
8279.0068359375
8207.060546875
8134.4111328125
8062.91064453125
7999.087890625
7928.00537109375
7855.685546875
7781.51123046875
7710.8955078125
7638.96533203125
7568.1025390625
7500.244140625
7430.5703125
7363.40869140625
7294.59716796875
7225.7548828125
7163.49853515625
7094.70947265625
7029.67822265625
6963.6181640625
6899.10888671875
6832.84814453125
6768.30126953125
6707.6904296875
6646.919921875
6589.57568359375
6531.60888671875
6476.0810546875
6428.44140625
6377.10302734375
6328.52880859375
6279.6435546875
6233.98779296875
6188.93701171875
6146.49169921875
6108.62890625
6071.69189453125
6038.1572265625
6004.95361328125
