20000.0
20000.0
20000.0
19999.99609375
20000.0
20000.0
20000.0
20000.0
20000.0
20000.0
20000.0
20000.0
20000.0
20000.0
20000.0
20000.0
20000.0
20000.0
20000.0
20000.0
20000.0
20000.0
20000.0
20000.0
20000.0
20000.0
20000.0
20000.0
20000.0
20000.0
20000.0
20000.0
20000.0
20000.0
20000.0
19999.515625
19999.97265625
19533.775390625
18758.298828125
18111.62109375
17492.33984375
16912.2890625
16394.8046875
15871.1240234375
15434.6943359375
15051.587890625
14728.203125
14429.2724609375
14164.9736328125
13934.6708984375
13724.3984375
13536.6708984375
13347.7021484375
13164.986328125
13006.0126953125
12837.1064453125
12680.2685546875
12525.2265625
12391.6484375
12263.5009765625
12143.2900390625
12033.0283203125
11924.55859375
11823.9072265625
11723.8388671875
11639.833984375
11565.26953125
11482.8935546875
11403.2978515625
11322.5439453125
11246.2626953125
11154.2998046875
11055.748046875
10963.8544921875
10870.4072265625
10781.2451171875
10690.4814453125
10597.771484375
10510.908203125
10404.0751953125
10301.3974609375
10200.697265625
10108.9326171875
10019.435546875
9934.4560546875
9855.7578125
9777.72265625
9704.9931640625
9632.1259765625
9561.2607421875
9498.662109375
9432.8369140625
9379.9775390625
9326.9619140625
9276.7392578125
9225.5927734375
9175.0478515625
9126.6669921875
9077.201171875
9030.4912109375
8982.447265625
8935.767578125
8894.3037109375
8849.17578125
8806.2392578125
8762.7109375
8721.3154296875
8679.12890625
8637.48046875
8597.5498046875
8556.87890625
8518.2060546875
8478.8232421875
8440.2578125
8405.84375
8368.7666015625
8334.0068359375
8298.916015625
8265.5439453125
8231.41015625
8197.4443359375
8164.791015625
8131.1923828125
8098.93701171875
8066.02685546875
