20000.0
20000.0
20000.0
20000.0
20000.0
20000.0
20000.0
20000.0
20000.0
20000.0
20000.0
20000.0
20000.0
20000.0
20000.0
19999.9921875
19999.99609375
20000.0
20000.0
20000.0
20000.0
20000.0
19999.99609375
19999.876953125
19999.998046875
20000.0
20000.0
20000.0
18916.76171875
18003.1875
17129.19921875
16351.1025390625
15622.314453125
14982.7724609375
14389.5078125
13847.162109375
13366.8310546875
12912.2529296875
12509.39453125
12111.6689453125
11675.2119140625
11374.974609375
11085.4755859375
10827.1953125
10574.6630859375
10324.0390625
10074.9775390625
9843.1982421875
9637.1435546875
9431.4794921875
9240.2353515625
9044.11328125
8850.12109375
8690.4765625
8523.2705078125
8372.00390625
8221.837890625
8073.2685546875
7918.86669921875
7758.92333984375
7606.89453125
7454.3095703125
7311.66943359375
7170.1064453125
7032.45751953125
6911.57373046875
6782.40087890625
6662.91845703125
6544.21337890625
6434.67236328125
6331.53759765625
6227.85791015625
6124.45166015625
6015.3037109375
5909.14111328125
5799.84716796875
5690.283203125
5589.78466796875
5476.783203125
5368.8466796875
5260.724609375
5156.0224609375
5049.830078125
4947.74072265625
4854.9921875
4762.10693359375
4674.8466796875
4588.9306640625
4509.51416015625
4439.18701171875
4363.8955078125
4293.21728515625
4222.02587890625
4155.62841796875
4089.867919921875
4026.415283203125
3966.466552734375
3904.542236328125
3846.0166015625
3787.198974609375
3730.0947265625
3679.588134765625
3624.91650390625
3573.264404296875
3522.1376953125
3474.186279296875
3426.0107421875
3379.015869140625
3336.06591796875
3294.62890625
3256.618896484375
3218.943359375
3182.566162109375
3150.63818359375
3116.62744140625
3085.04345703125
3053.42333984375
3023.691650390625
2993.595458984375
2964.218505859375
2936.54443359375
2908.699951171875
2882.4091796875
2855.8564453125
