20000.0
20000.0
20000.0
20000.0
20000.0
20000.0
20000.0
20000.0
20000.0
20000.0
20000.0
20000.0
20000.0
20000.0
20000.0
20000.0
20000.0
20000.0
20000.0
20000.0
20000.0
20000.0
20000.0
20000.0
20000.0
19999.98828125
20000.0
20000.0
20000.0
20000.0
20000.0
20000.0
20000.0
20000.0
20000.0
20000.0
19999.994140625
20000.0
20000.0
20000.0
19999.994140625
19999.998046875
20000.0
20000.0
19804.05078125
18898.162109375
17977.50390625
17191.7890625
16482.85546875
15873.4736328125
15304.8232421875
14780.6328125
14317.4296875
13876.9423828125
13412.6220703125
12902.1298828125
12493.65625
12181.7880859375
11868.34765625
11589.9013671875
11331.74609375
11048.6240234375
10779.8447265625
10533.3701171875
10267.71484375
10009.5419921875
9768.9716796875
9538.34375
9319.7041015625
9124.09375
8914.439453125
8722.0009765625
8531.271484375
8353.154296875
8174.50146484375
8001.1328125
7836.8134765625
7670.318359375
7513.51416015625
7359.546875
7210.5595703125
7078.0283203125
6933.18017578125
6794.03955078125
6651.560546875
6515.35400390625
6376.61181640625
6240.7744140625
6111.52197265625
5980.947265625
5858.1044921875
5733.3984375
5613.4501953125
5508.423828125
5395.98828125
5290.58544921875
5186.2119140625
5089.06982421875
4992.412109375
4899.3232421875
4813.619140625
4732.49462890625
4656.9375
4582.3701171875
4508.53271484375
4441.1015625
4366.61181640625
4295.58251953125
4224.46923828125
4159.103515625
4093.1318359375
4028.2236328125
3966.478759765625
3902.60400390625
3838.1533203125
3772.33740234375
3709.70703125
3655.425537109375
3597.7841796875
3544.4013671875
3490.9375
3441.07568359375
3391.718017578125
3343.880615234375
3298.448486328125
3252.55419921875
3208.7158203125
3164.446044921875
