20000.0
20000.0
20000.0
20000.0
19999.994140625
20000.0
20000.0
20000.0
20000.0
20000.0
20000.0
20000.0
20000.0
20000.0
20000.0
20000.0
20000.0
20000.0
20000.0
20000.0
20000.0
20000.0
20000.0
20000.0
20000.0
20000.0
20000.0
20000.0
20000.0
20000.0
20000.0
20000.0
20000.0
19999.943359375
20000.0
20000.0
20000.0
20000.0
20000.0
20000.0
20000.0
20000.0
20000.0
20000.0
20000.0
19999.998046875
20000.0
20000.0
20000.0
20000.0
20000.0
20000.0
20000.0
20000.0
19999.994140625
20000.0
20000.0
20000.0
20000.0
20000.0
19999.966796875
20000.0
20000.0
20000.0
20000.0
19999.994140625
20000.0
20000.0
19830.69921875
19087.63671875
18433.12109375
17819.373046875
17286.658203125
16786.755859375
16323.640625
15912.357421875
15511.6328125
15153.2978515625
14816.1650390625
14509.5859375
14250.3935546875
13968.5029296875
13693.6787109375
13415.4384765625
13156.2314453125
12897.84765625
12668.94140625
12424.361328125
12185.787109375
11982.43359375
11783.4345703125
11591.4765625
11423.654296875
11235.015625
11049.9970703125
10877.494140625
10716.4931640625
10531.7021484375
10339.44140625
10163.0244140625
9985.2490234375
9818.32421875
9649.5576171875
9490.0673828125
9352.7099609375
9209.669921875
9076.16015625
8941.5068359375
8813.5458984375
8683.521484375
8555.02734375
8434.40625
8312.50390625
8194.1953125
8074.70947265625
7950.21240234375
7830.5009765625
7704.6962890625
7589.5087890625
7474.65625
7365.3984375
7253.00390625
7140.62744140625
7031.4140625
6916.08837890625
6803.37744140625
6688.67041015625
