20000.0
20000.0
20000.0
20000.0
20000.0
20000.0
20000.0
20000.0
20000.0
20000.0
20000.0
20000.0
20000.0
20000.0
20000.0
20000.0
20000.0
20000.0
20000.0
20000.0
20000.0
20000.0
20000.0
20000.0
20000.0
20000.0
20000.0
20000.0
20000.0
20000.0
20000.0
20000.0
20000.0
20000.0
20000.0
20000.0
20000.0
20000.0
20000.0
20000.0
20000.0
20000.0
20000.0
20000.0
20000.0
20000.0
20000.0
20000.0
20000.0
20000.0
20000.0
19999.69921875
19999.236328125
20000.0
20000.0
20000.0
19999.9921875
20000.0
20000.0
20000.0
20000.0
20000.0
20000.0
20000.0
19999.99609375
20000.0
20000.0
20000.0
20000.0
20000.0
20000.0
20000.0
20000.005859375
20000.0
20000.0
20000.0
20000.0
20000.0
20000.0
20000.0
20000.0
20000.0
20000.0
20000.0
20000.0
20000.0
20000.0
19999.998046875
19999.99609375
20000.0
19998.671875
19236.126953125
18239.291015625
17151.892578125
16162.3759765625
15280.7236328125
14558.0107421875
13823.216796875
13128.4228515625
12515.640625
11925.9111328125
11382.6865234375
10850.8125
10393.8701171875
10015.19921875
9615.0546875
9260.248046875
8931.501953125
8644.18359375
8378.33984375
8145.646484375
7941.357421875
7743.61865234375
7562.1748046875
7384.17919921875
7214.55712890625
7067.25390625
6914.966796875
6776.70263671875
6642.884765625
6523.14990234375
6407.72900390625
6299.43994140625
6201.421875
6101.95849609375
6009.048828125
5917.53759765625
