20000.0
20000.0
20000.0
20000.0
20000.0
20000.0
20000.0
20000.0
20000.0
20000.0
20000.0
20000.0
20000.0
20000.0
20000.0
20000.0
20000.0
20000.0
20000.0
20000.0
20000.0
20000.0
20000.0
20000.0
20000.0
20000.0
20000.0
19999.994140625
19999.947265625
20000.0
20000.0
20000.0
20000.0
20000.0
20000.001953125
20000.0
19339.267578125
18651.28515625
18056.666015625
17485.310546875
16993.5703125
16603.4296875
16220.7158203125
15880.521484375
15540.73828125
15248.4541015625
14982.61328125
14743.556640625
14530.9755859375
14323.4140625
14132.1796875
13941.96875
13761.4599609375
13606.6650390625
13444.6494140625
13295.4072265625
13147.8740234375
13010.498046875
12877.1123046875
12748.4169921875
12624.943359375
12499.0751953125
12380.3251953125
12260.7607421875
12142.0302734375
12034.673828125
11920.744140625
11815.0791015625
11710.982421875
11613.6943359375
11515.9716796875
11420.736328125
11332.5830078125
11247.3037109375
11169.1943359375
11092.66796875
11019.466796875
10955.9443359375
10889.568359375
10824.1767578125
10753.2939453125
10685.65625
10616.87890625
10549.6884765625
10474.9345703125
10393.6240234375
10318.0380859375
10245.4033203125
10177.4951171875
10119.6962890625
10059.744140625
10005.0693359375
9951.384765625
9901.150390625
9850.58984375
9801.34375
9754.9658203125
9708.1591796875
9664.0625
9619.408203125
9575.693359375
9537.150390625
9494.7392578125
9452.9853515625
9414.8779296875
9377.0419921875
9337.6796875
9298.5185546875
9261.1162109375
9223.701171875
9192.06640625
9160.69921875
9131.2822265625
9105.564453125
9077.47265625
9050.58203125
9023.11328125
8996.931640625
8970.2734375
8943.962890625
8918.69921875
8893.287109375
8869.4775390625
8845.81640625
