20000.0
20000.0
20000.0
19999.998046875
20000.0
19999.998046875
20000.0
20000.0
20000.0
20000.0
20000.0
20000.0
20000.0
19999.833984375
20000.0
20000.0
20000.0
20000.0
20000.0
20000.0
20000.0
20000.0
20000.0
20000.0
20000.0
20000.0
20000.0
20000.0
20000.0
20000.0
20000.0
20000.0
20000.0
20000.0
20000.0
20000.0
20000.0
20000.0
20000.0
20000.0
20000.0
20000.0
20000.0
20000.0
20000.0
20000.0
20000.0
20000.0
19999.99609375
20000.009765625
20000.0
20000.0
20000.00390625
20000.0
20000.0
20000.0
20000.0
20000.0
20000.0
20000.0
20000.0
20000.0
20000.0
20000.0
20000.0
20000.0
20000.0
19999.99609375
20000.0
20000.0
20000.0
20000.0
20000.0
20000.0
20000.0
20000.0
20000.0
19999.994140625
20000.0
20000.0
20000.0
20000.0
20000.0
20000.0
20000.0
19995.38671875
19591.306640625
19215.1953125
18832.994140625
18460.67578125
18138.55078125
17798.751953125
17500.1796875
17175.96484375
16867.169921875
16554.787109375
16157.98828125
15842.4111328125
15550.439453125
15286.818359375
15028.521484375
14781.44921875
14566.224609375
14334.9501953125
14117.1748046875
13897.9462890625
13692.6005859375
13486.4697265625
13281.361328125
13091.5537109375
12908.2685546875
12742.8876953125
12586.044921875
12430.265625
12271.7509765625
12094.203125
11911.5009765625
11731.8935546875
11574.38671875
11431.2060546875
11303.02734375
11183.8994140625
11057.1982421875
10929.4658203125
10794.2509765625
