20000.0
20000.0
20000.0
20000.0
20000.0
20000.0
20000.0
20000.0
20000.0
20000.0
20000.0
20000.0
20000.0
20000.0
20000.0
20000.0
20000.0
20000.0
20000.0
20000.0
20000.0
20000.0
20000.0
20000.0
20000.0
20000.0
20000.0
20000.0
20000.0
20000.0
20000.0
20000.0
20000.0
20000.0
20000.0
20000.0
19999.994140625
20000.0
19999.970703125
20000.0
20000.0
20000.0
19999.87109375
20000.0
20000.005859375
20000.001953125
20000.0
20000.0
20000.0
20000.0
20000.0
20000.0
19999.99609375
20000.0
20000.0
20000.0
20000.0
20000.0
20000.0
20000.0
20000.0
20000.0
20000.0
20000.0
20000.0
20000.0
20000.0
20000.0
19877.248046875
19491.5859375
19097.263671875
18711.373046875
18346.505859375
17824.09375
17412.36328125
17030.3671875
16672.830078125
16367.265625
16047.361328125
15753.59375
15464.5
15198.9873046875
14922.5390625
14668.287109375
14437.4033203125
14212.326171875
14003.6005859375
13744.9716796875
13491.693359375
13283.67578125
13076.9453125
12888.978515625
12698.3271484375
12507.3837890625
12309.546875
12124.0498046875
11943.80859375
11762.91015625
11598.2314453125
11440.1923828125
11289.6884765625
11154.8701171875
11003.359375
10854.5087890625
10699.673828125
10550.6201171875
10400.896484375
10257.9814453125
10128.703125
10003.95703125
9889.1474609375
9772.9521484375
9658.4033203125
9552.6005859375
9440.203125
9337.4609375
9235.7666015625
9140.134765625
9042.8603515625
8947.69140625
8857.4423828125
8766.5732421875
8681.5126953125
8593.6708984375
