20000.0
20000.0
20000.0
20000.0
20000.0
20000.0
20000.0
20000.0
20000.0
20000.0
20000.0
20000.0
20000.0
20000.0
20000.0
20000.0
20000.0
20000.0
20000.0
20000.0
20000.0
20000.0
20000.0
20000.0
20000.0
20000.0
20000.0
20000.0
20000.0
20000.0
19999.994140625
19999.998046875
20000.0
20000.0
20000.0
20000.0
19999.23046875
20000.0
20000.0
19999.978515625
20000.0
20000.0
20000.0
19871.0078125
19473.333984375
19093.015625
18703.6953125
18319.779296875
17963.53125
17617.419921875
17301.88671875
16994.326171875
16700.376953125
16442.154296875
16161.3017578125
15893.9384765625
15619.068359375
15343.3974609375
15064.2978515625
14793.3251953125
14537.47265625
14284.4462890625
14049.6123046875
13817.212890625
13592.7607421875
13396.3544921875
13180.7021484375
12971.5869140625
12761.4873046875
12568.2255859375
12379.251953125
12197.1328125
12024.775390625
11860.4326171875
11703.3955078125
11533.2646484375
11368.8125
11226.63671875
11075.01953125
10932.529296875
10788.978515625
10666.1796875
10553.76953125
10447.673828125
10348.74609375
10249.0224609375
10154.30859375
10057.904296875
9962.3984375
9877.2216796875
9784.33984375
9695.95703125
9605.8642578125
9519.6181640625
9433.6240234375
9350.396484375
9270.9619140625
9189.5205078125
9111.66015625
9032.32421875
8954.1640625
8878.263671875
8777.1455078125
8691.21875
8606.9091796875
8527.564453125
8447.3046875
8368.9677734375
8294.8642578125
8219.9365234375
8147.732421875
8070.9267578125
7994.77734375
7927.0322265625
7856.400390625
7791.271484375
7726.51953125
7665.86767578125
7605.10986328125
7546.33251953125
7490.33349609375
7428.02783203125
7361.95654296875
7284.3056640625
