20000.0
20000.0
20000.0
20000.0
20000.0
20000.0
20000.0
20000.0
20000.0
20000.0
20000.0
20000.0
20000.0
20000.0
20000.0
20000.0
20000.0
20000.0
20000.0
20000.0
20000.0
19999.6640625
20000.0
20000.0
20000.0
20000.0
20000.0
20000.0
20000.0
20000.0
19999.99609375
19999.998046875
19999.998046875
19999.84765625
20000.0
20000.0
20000.0
20000.0
20000.0
18884.357421875
17888.76171875
16968.69921875
16123.6201171875
15425.0947265625
14700.2744140625
13960.84375
13347.3603515625
12882.2919921875
12455.7685546875
12045.814453125
11646.376953125
11288.5830078125
10942.11328125
10620.2060546875
10313.8994140625
10047.5458984375
9764.2548828125
9502.9921875
9250.369140625
9026.4482421875
8804.3505859375
8588.654296875
8389.791015625
8187.41943359375
7995.3828125
7802.33251953125
7616.2880859375
7453.74609375
7281.0810546875
7120.79052734375
6955.80859375
6797.99462890625
6641.81982421875
6493.50927734375
6354.75830078125
6216.23388671875
6087.21044921875
5961.115234375
5837.35302734375
5728.8134765625
5612.05078125
5502.96826171875
5392.9140625
5291.59423828125
5192.04736328125
5096.24951171875
5006.333984375
4919.02490234375
4837.8720703125
4758.28271484375
4682.1572265625
4614.99951171875
4534.4658203125
4457.78466796875
4381.9814453125
4311.57568359375
4241.544921875
4174.587890625
4112.31201171875
4050.3154296875
3992.59375
3935.97802734375
3882.2626953125
3835.51171875
3784.992919921875
3735.2451171875
3683.976806640625
3635.266357421875
3587.528564453125
3542.601318359375
3500.04443359375
3456.33154296875
3414.50732421875
3372.13330078125
3330.69873046875
3294.0458984375
3254.338623046875
3216.50537109375
3177.8681640625
3140.840087890625
3102.942138671875
3065.424560546875
3029.9931640625
2997.1962890625
2964.6806640625
2931.0712890625
