20000.0
20000.0
20000.0
20000.0
20000.0
20000.0
20000.0
20000.0
20000.0
20000.0
20000.0
20000.0
20000.0
20000.0
20000.0
20000.0
20000.0
20000.0
20000.0
20000.0
20000.0
20000.0
19999.974609375
19999.291015625
20000.0
19999.865234375
20000.0
20000.0
19999.96484375
19999.994140625
19999.998046875
20000.0
20000.0
20000.0
19414.666015625
18799.080078125
18268.140625
17782.810546875
17361.70703125
16968.505859375
16617.279296875
16310.078125
15983.1611328125
15682.3056640625
15342.3388671875
15021.0224609375
14704.2119140625
14406.412109375
14039.2939453125
13722.2275390625
13457.9462890625
13205.3388671875
12959.5625
12749.900390625
12531.3603515625
12330.62890625
12130.4853515625
11950.8466796875
11789.5078125
11641.890625
11508.1103515625
11369.4736328125
11228.7099609375
11083.7294921875
10928.63671875
10792.8623046875
10661.2451171875
10550.12890625
10451.3310546875
10363.35546875
10270.1708984375
10175.2099609375
10086.8251953125
9999.6904296875
9915.615234375
9830.791015625
9745.810546875
9668.5712890625
9583.9697265625
9503.9912109375
9423.068359375
9346.8798828125
9271.7880859375
9200.8427734375
9135.8486328125
9071.5068359375
9011.2705078125
8950.412109375
8889.830078125
8835.982421875
8777.5654296875
8722.443359375
8667.025390625
8613.9638671875
8560.1083984375
8507.220703125
8457.1708984375
8406.37890625
8357.7158203125
8307.6494140625
8257.2548828125
8211.5
8160.7109375
8111.82373046875
8061.9501953125
8014.1240234375
7964.89404296875
7915.64306640625
7867.85595703125
7818.7822265625
7771.32177734375
7722.52734375
7674.0830078125
7629.66015625
7580.49365234375
7533.5546875
7485.7578125
7439.998046875
7393.00439453125
7346.10400390625
7300.71630859375
7253.94677734375
7208.626953125
7161.9150390625
