20000.0
19731.45703125
18666.685546875
18194.0
17987.3984375
17962.75
18097.74609375
18582.16796875
19075.30859375
19563.142578125
20000.0
20000.0
20000.0
20000.0
20000.0
20000.0
20000.0
20000.0
20000.0
20000.0
20000.0
20000.0
20000.0
20000.0
20000.0
20000.0
20000.0
20000.0
20000.0
20000.0
19999.97265625
20000.0
19999.966796875
19999.91796875
19270.98828125
18370.98828125
17712.58203125
17214.3046875
16768.390625
16367.4658203125
15980.1689453125
15621.81640625
15310.9052734375
14984.544921875
14687.755859375
14373.54296875
14079.6982421875
13792.3095703125
13496.0244140625
13211.1904296875
12922.6708984375
12650.35546875
12368.8359375
12093.912109375
11854.35546875
11610.6416015625
11385.416015625
11156.7216796875
10936.89453125
10712.25
10498.3525390625
10301.302734375
10107.822265625
9927.2431640625
9746.43359375
9573.54296875
9423.041015625
9262.244140625
9111.6103515625
8958.5390625
8847.86328125
8738.3701171875
8632.1416015625
8531.9521484375
8430.2734375
8331.611328125
8228.666015625
8127.9384765625
8039.36083984375
7944.1689453125
7854.3740234375
7763.09814453125
7674.556640625
7585.20263671875
7498.4765625
7417.7060546875
7341.806640625
7267.755859375
7191.2138671875
7115.59033203125
7047.68359375
6974.0390625
6904.4912109375
6834.37646484375
6769.63818359375
6705.314453125
6642.345703125
6582.28857421875
6520.96435546875
6460.7734375
6399.34912109375
6339.2470703125
6285.98291015625
6228.169921875
6173.14306640625
6117.03955078125
6063.31689453125
6008.32470703125
5953.79052734375
5901.458984375
5847.96484375
5795.52685546875
5741.81103515625
5689.72607421875
5643.88427734375
5594.39404296875
5547.513671875
5500.171875
5455.30859375
5410.00146484375
5365.6953125
5323.7021484375
5281.0556640625
5240.42529296875
5199.072265625
