20000.0
20000.0
20000.0
20000.0
20000.0
20000.0
20000.0
20000.0
20000.0
20000.0
20000.0
20000.0
20000.0
20000.0
20000.00390625
20000.0
19999.763671875
20000.0
20000.0
20000.0
20000.0
20000.0
20000.0
20000.0
20000.0
20000.0
19648.2734375
18218.87109375
17168.509765625
16434.140625
15686.8623046875
14866.638671875
14140.4189453125
13520.6982421875
12946.8310546875
12513.150390625
12187.869140625
11882.0595703125
11597.3232421875
11314.587890625
11048.0322265625
10825.8173828125
10587.5771484375
10364.56640625
10147.365234375
9952.9560546875
9768.607421875
9602.6025390625
9451.662109375
9305.2578125
9171.57421875
9040.833984375
8916.9892578125
8810.529296875
8697.4560546875
8592.984375
8489.4296875
8393.0654296875
8297.2373046875
8205.109375
8119.8564453125
8034.58544921875
7955.00390625
7875.11962890625
7797.56640625
7728.984375
7654.42626953125
7583.35546875
7509.93505859375
7442.1591796875
7369.4560546875
7296.994140625
7226.3193359375
7150.3046875
7073.14892578125
6987.87939453125
6899.2021484375
6823.87890625
6746.5263671875
6677.92724609375
6612.26708984375
6547.89501953125
6477.2568359375
6381.08642578125
6255.42529296875
6130.61474609375
6017.99951171875
5909.37158203125
5807.69189453125
5721.72216796875
5631.3408203125
5547.265625
5462.89453125
5383.78125
5304.9453125
5227.6259765625
5153.80419921875
5081.359375
5014.61279296875
4948.43701171875
4884.5078125
4828.25341796875
4767.39794921875
4709.87939453125
4652.50146484375
4600.83984375
4547.38037109375
4495.5673828125
4447.1357421875
4398.24169921875
4351.6357421875
4303.94384765625
4257.193359375
4215.71337890625
4170.51708984375
4126.88134765625
4081.531982421875
4037.35302734375
3990.924072265625
3944.43896484375
3899.6142578125
3854.306396484375
3811.434814453125
3768.111083984375
