20000.0
20000.0
20000.0
20000.0
20000.0
20000.0
20000.0
20000.0
20000.0
20000.0
20000.0
20000.0
20000.0
20000.0
20000.0
20000.0
20000.001953125
20000.0
19999.703125
20000.0
20000.0
20000.0
20000.0
20000.0
20000.0
20000.0
20000.0
20000.0
19999.9921875
20000.0
20000.0
19379.953125
18246.16796875
17453.859375
16766.96875
16235.2109375
15720.1220703125
15156.1044921875
14676.6484375
14150.6064453125
13629.2353515625
13121.6396484375
12580.7255859375
12065.765625
11621.982421875
11230.1083984375
10843.2099609375
10485.787109375
10175.1611328125
9859.3408203125
9557.9130859375
9253.623046875
8957.2666015625
8696.7119140625
8413.978515625
8147.26416015625
7878.47509765625
7627.39404296875
7369.68505859375
7123.201171875
6895.52392578125
6669.42431640625
6460.19287109375
6272.07861328125
6087.6572265625
5924.82470703125
5749.60107421875
5578.93212890625
5398.6630859375
5228.78076171875
5074.03515625
4931.5576171875
4800.4189453125
4671.99462890625
4558.54150390625
4447.1376953125
4340.58740234375
4249.07373046875
4154.0703125
4067.560302734375
3983.3984375
3906.859619140625
3832.276123046875
3759.599853515625
3693.83837890625
3630.2685546875
3572.58349609375
3514.209228515625
3451.881103515625
3399.606689453125
3348.44677734375
3304.059326171875
3262.120849609375
3224.606689453125
3188.2255859375
3154.841796875
3124.89501953125
3097.330810546875
3072.77978515625
3048.677734375
3025.53759765625
3005.39208984375
2984.07861328125
2964.393798828125
2945.0361328125
2927.2099609375
2909.699951171875
2893.12451171875
2877.901123046875
2862.868408203125
2848.9013671875
2835.234375
2822.217529296875
2810.96826171875
2799.225341796875
2788.365478515625
2777.598388671875
2767.577392578125
2757.5556640625
2747.883056640625
2738.805419921875
2729.70263671875
2721.127197265625
2712.5078125
