20000.0
20000.0
20000.0
20000.0
19999.998046875
20000.0
20000.0
20000.0
20000.0
20000.0
20000.0
20000.0
20000.0
20000.0
20000.0
20000.0
20000.0
20000.0
20000.0
20000.0
20000.0
20000.0
20000.0
20000.0
20000.0
20000.0
20000.0
20000.0
20000.0
20000.0
20000.0
20000.0
20000.0
20000.0
19999.994140625
19999.99609375
19999.638671875
20000.0
20000.0
20000.0
20000.0
19999.99609375
19999.0
20000.0
20000.0
20000.00390625
20000.0
20000.0
19999.947265625
20000.001953125
20000.0
20000.0
20000.0
19870.21484375
19528.837890625
19169.82421875
18840.78515625
18519.73046875
18221.708984375
17928.380859375
17645.875
17378.84765625
17109.2421875
16854.984375
16582.03125
16316.26953125
16091.8642578125
15861.3408203125
15645.21875
15426.166015625
15213.6201171875
15008.943359375
14810.8017578125
14624.5302734375
14437.873046875
14262.732421875
14088.2177734375
13917.529296875
13765.6767578125
13596.6806640625
13432.7060546875
13264.5625
13104.671875
12944.2734375
12789.7021484375
12644.6123046875
12498.1845703125
12359.986328125
12220.9609375
12076.505859375
11951.14453125
11819.8291015625
11696.7998046875
11572.015625
11454.1171875
11335.0654296875
11217.197265625
11105.14453125
10992.7333984375
10887.4365234375
10782.7216796875
10691.8876953125
10614.5390625
10529.8603515625
10448.0888671875
10363.9013671875
10283.0712890625
10200.619140625
10119.6123046875
10042.5283203125
9962.7626953125
9886.4189453125
9809.673828125
9735.12890625
9670.0771484375
9589.5986328125
9505.7783203125
9429.724609375
9359.759765625
9288.4970703125
9212.97265625
9143.0703125
9072.3876953125
9006.86328125
8940.876953125
