20000.0
20000.0
20000.0
20000.0
20000.0
20000.0
20000.0
20000.0
20000.0
20000.0
20000.0
20000.0
20000.0
20000.0
20000.0
20000.0
20000.0
20000.0
20000.0
20000.0
20000.0
20000.0
20000.0
20000.0
20000.0
20000.0
20000.0
20000.0
20000.0
20000.0
20000.0
20000.0
20000.0
20000.0
20000.0
20000.0
20000.0
20000.0
20000.0
20000.0
20000.0
20000.0
20000.0
20000.0
20000.0
20000.0
20000.0
20000.0
20000.0
20000.0
20000.0
20000.0
20000.0
19999.986328125
19999.775390625
20000.0
20000.0
20000.0
20000.0
19999.984375
20000.0
20000.0
20000.0
19999.986328125
19999.9921875
20000.0
20000.0
20000.0
20000.009765625
20000.0
20000.0
20000.0
20000.0
20000.00390625
19998.44921875
20000.0
20000.0
20000.0
19999.994140625
19999.953125
20000.0
20000.0
20000.0
20000.0
20000.0
20000.0
20000.0
20000.0
20000.0
20000.0
20000.0
19211.025390625
18463.94921875
17785.662109375
17184.76953125
16613.19140625
15992.345703125
15446.9326171875
14898.5068359375
14392.4697265625
13905.5380859375
13463.2041015625
13041.30078125
12677.5732421875
12383.4990234375
12086.0224609375
11817.2587890625
11548.7509765625
11294.451171875
11037.5244140625
10786.8212890625
10548.9072265625
10308.6826171875
10069.009765625
9828.841796875
9599.0068359375
9398.509765625
9186.07421875
8987.4287109375
8791.28125
8609.2607421875
8430.5791015625
8261.1416015625
8101.14794921875
7938.60302734375
7784.9091796875
7631.33837890625
