20000.0
20000.0
20000.0
20000.0
20000.0
20000.0
20000.0
20000.0
20000.0
20000.0
20000.0
20000.0
20000.0
20000.0
20000.0
20000.0
20000.0
20000.0
20000.0
20000.0
20000.0
20000.0
20000.0
20000.0
20000.0
20000.0
20000.0
20000.0
20000.0
20000.0
20000.0
20000.0
20000.0
20000.0
20000.0
20000.0
20000.0
20000.0
20000.0
20000.0
20000.0
20000.00390625
19999.3203125
20000.0
20000.0
19999.986328125
20000.0
20000.0
20000.0
19999.990234375
20000.0
20000.013671875
20000.0
19999.96484375
20000.0
20000.0
20000.0078125
20000.0
20000.00390625
20000.0
20000.00390625
20000.001953125
20000.0
20000.001953125
20000.0
20000.001953125
20000.0
20000.0
19999.921875
20000.0
20000.0
20000.0
20000.0
20000.0
20000.0
20000.0
19999.99609375
20000.0
19650.712890625
18942.3203125
18228.03515625
17633.53515625
17127.466796875
16651.48046875
16207.220703125
15802.60546875
15418.6328125
15085.568359375
14770.6298828125
14415.6611328125
14068.748046875
13709.279296875
13404.3115234375
13113.6787109375
12834.86328125
12551.9130859375
12279.2890625
12018.4814453125
11743.78125
11479.3447265625
11225.830078125
10998.478515625
10813.267578125
10625.6064453125
10455.0078125
10286.2373046875
10126.9013671875
9966.06640625
9808.0654296875
9656.064453125
9501.806640625
9352.564453125
9198.8330078125
9045.0810546875
8908.8271484375
8759.998046875
8618.724609375
8470.45703125
8316.9443359375
8161.52001953125
8013.0439453125
7876.986328125
7744.18115234375
7620.7060546875
7496.06591796875
