20000.0
20000.0
20000.0
20000.0
20000.0
20000.0
20000.0
20000.0
20000.0
20000.0
20000.0
20000.0
20000.0
20000.0
20000.0
20000.0
20000.0
20000.0
20000.0
20000.0
20000.0
20000.0
18935.759765625
17823.7578125
16972.87890625
16301.953125
15740.154296875
15260.392578125
14805.9345703125
14396.57421875
14057.302734375
13707.369140625
13392.9228515625
13084.021484375
12800.232421875
12526.154296875
12271.486328125
12037.1240234375
11793.556640625
11559.7392578125
11325.4951171875
11101.453125
10908.2099609375
10704.53125
10514.525390625
10327.4755859375
10170.62109375
10005.8740234375
9842.8857421875
9711.935546875
9589.337890625
9471.6611328125
9350.201171875
9231.158203125
9126.2255859375
9012.06640625
8905.32421875
8795.4990234375
8689.35546875
8580.509765625
8473.6357421875
8370.4677734375
8265.4306640625
8166.734375
8068.3330078125
7973.32861328125
7889.8779296875
7798.34130859375
7709.38671875
7616.451171875
7526.89990234375
7435.15576171875
7344.93115234375
7259.5400390625
7172.66796875
7083.6123046875
6977.86572265625
6882.91796875
6802.66552734375
6716.3037109375
6635.7275390625
6554.9052734375
6479.30078125
6403.79443359375
6330.0615234375
6259.99072265625
6189.0126953125
6121.28466796875
6052.27392578125
5987.46630859375
5930.8662109375
5867.763671875
5809.09521484375
5751.130859375
5697.287109375
5642.3642578125
5587.42626953125
5533.1767578125
5467.09130859375
5404.92138671875
5345.462890625
5288.34423828125
5238.95654296875
5180.8544921875
5124.52587890625
5070.0966796875
5021.32373046875
4971.90380859375
4922.30029296875
4873.693359375
4823.4814453125
4776.501953125
4729.375
4683.755859375
4644.30419921875
4602.19189453125
4561.82861328125
4520.09521484375
4480.34765625
4437.2490234375
4394.41552734375
4354.63330078125
4315.310546875
4278.576171875
4241.7978515625
