20000.0
20000.0
20000.0
20000.0
20000.0
20000.0
20000.0
20000.0
20000.0
20000.0
20000.0
20000.0
20000.0
20000.0
20000.0
20000.0
20000.0
20000.0
20000.0
20000.0
20000.0
20000.0
20000.0
20000.0
20000.0
20000.0
20000.0
20000.0
20000.0
20000.0
20000.0
20000.0
19999.998046875
20000.0
20000.0
20000.0
20000.0
20000.0
20000.0
20000.0
20000.0
20000.0
20000.0
20000.0
20000.0
20000.0
20000.0
20000.0
20000.0
20000.0
20000.0
20000.0
20000.0
20000.0
20000.0
20000.0
20000.0
20000.0
20000.0
20000.0
20000.0
20000.0
19053.611328125
18017.017578125
17125.66015625
16308.2705078125
15490.466796875
14790.69140625
14180.6318359375
13556.6162109375
13007.568359375
12505.65625
12066.369140625
11657.224609375
11267.94140625
10903.6982421875
10539.3515625
10199.9921875
9861.517578125
9543.7255859375
9272.0556640625
8989.0361328125
8729.2900390625
8479.8232421875
8257.810546875
8030.73974609375
7803.68310546875
7578.15380859375
7345.09375
7126.89599609375
6910.50830078125
6702.90869140625
6524.5205078125
6337.28857421875
6161.5390625
5981.4765625
5809.71435546875
5643.33740234375
5488.376953125
5351.34375
5212.97900390625
5082.990234375
4955.111328125
4827.42822265625
4715.41796875
4595.59521484375
4483.15771484375
4371.212890625
4267.16748046875
4164.990234375
4067.22314453125
3970.2490234375
3872.10498046875
3785.816650390625
3701.7373046875
3622.009765625
3552.9150390625
3479.51220703125
3411.260498046875
3343.60888671875
3280.8271484375
3218.478515625
3162.671630859375
3111.708984375
3060.4423828125
3011.28125
2962.1650390625
