20000.0
20000.0
20000.0
20000.0
20000.0
20000.0
20000.0
20000.0
20000.0
20000.0
20000.0
20000.0
20000.0
20000.0
20000.0
20000.0
20000.0
20000.0
20000.0
20000.0
20000.0
20000.0
20000.0
19999.80078125
20000.0
19999.8515625
20000.0
20000.0
19999.998046875
20000.0
20000.0
20000.021484375
20000.0
20000.0
19999.994140625
20000.0
19999.998046875
20000.0
20000.0
19556.775390625
18930.291015625
18345.427734375
17847.861328125
17343.78515625
16893.8828125
16460.96484375
15962.1669921875
15557.908203125
15198.669921875
14879.4638671875
14572.6298828125
14296.716796875
14046.572265625
13819.4140625
13632.9609375
13378.45703125
13107.8447265625
12860.5751953125
12642.9521484375
12444.5517578125
12262.2421875
12094.7685546875
11932.3662109375
11781.7744140625
11624.6396484375
11476.287109375
11353.5478515625
11225.51953125
11115.271484375
11009.123046875
10917.1767578125
10827.5625
10738.646484375
10650.56640625
10556.3486328125
10464.0166015625
10371.1376953125
10281.833984375
10204.458984375
10120.3662109375
10039.5126953125
9957.58203125
9881.2431640625
9808.8515625
9741.8544921875
9678.2666015625
9613.5712890625
9552.2734375
9490.7119140625
9431.02734375
9378.173828125
9320.0234375
9263.830078125
9206.02734375
9150.240234375
9092.779296875
9035.2294921875
8979.6865234375
8922.9296875
8869.271484375
8815.68359375
8763.8818359375
8720.0
8666.43359375
8612.697265625
8556.765625
8502.9609375
8447.8798828125
8393.291015625
8340.431640625
8285.2578125
8231.4599609375
8174.31982421875
8114.41943359375
8060.73583984375
8000.7294921875
7942.22119140625
7881.3291015625
7821.7373046875
7758.79833984375
7695.3623046875
7634.65576171875
7578.97705078125
7525.22802734375
7466.787109375
