20000.0
20000.0
20000.0
20000.0
20000.0
20000.0
20000.0
20000.0
20000.0
20000.0
20000.0
20000.0
20000.0
20000.0
20000.0
20000.0
20000.0
20000.0
20000.0
20000.0
20000.0
20000.0
20000.0
20000.0
20000.0
20000.0
20000.0
20000.0
20000.0
20000.0
20000.001953125
20000.001953125
20000.0
20000.0
20000.0
20000.0
20000.0
20000.0
20000.0
20000.0
20000.001953125
20000.0
20000.0
20000.0
20000.0
19999.98828125
20000.0
20000.0
20000.0
20000.0
20000.0
20000.0
20000.0
20000.0
20000.0
20000.0
20000.0
19999.998046875
20000.0
20000.0
20000.0
20000.0
20000.0
19999.998046875
19999.96484375
20000.0
20000.0
20000.0
20000.0
20000.0
20000.0
20000.0
20000.0
20000.0
20000.0
19704.5078125
19133.560546875
18581.42578125
18106.548828125
17612.830078125
17164.80859375
16715.365234375
16294.7763671875
15881.2646484375
15506.19921875
15141.302734375
14763.181640625
14392.46484375
14023.814453125
13667.2880859375
13351.884765625
13008.1484375
12667.5712890625
12313.6220703125
11980.4267578125
11642.6796875
11328.111328125
11034.283203125
10743.0517578125
10484.5859375
10244.1533203125
10012.3486328125
9796.6279296875
9527.1767578125
9285.0380859375
9052.40234375
8844.171875
8645.2431640625
8460.837890625
8291.71484375
8128.23779296875
7980.62451171875
7838.16796875
7704.306640625
7589.763671875
7471.3828125
7364.029296875
7260.15234375
7165.275390625
7072.12158203125
6985.42822265625
6905.9521484375
6827.1767578125
6753.59375
6680.6181640625
