20000.0
20000.0
20000.0
20000.0
20000.0
20000.0
20000.0
20000.0
20000.0
20000.0
20000.0
20000.0
20000.0
20000.0
20000.0
20000.0
20000.0
20000.0
20000.0
20000.0
20000.0
20000.0
20000.0
20000.0
20000.0
20000.0
20000.0
20000.0
20000.0
20000.0
20000.0
20000.0
20000.0
20000.0
20000.0
20000.0
20000.0
20000.0
20000.0
20000.0
20000.0
20000.0
20000.0
19999.87890625
19999.841796875
20000.0
20000.0
20000.0
20000.0
20000.0
20000.0
20000.0
19999.99609375
20000.0
20000.0
20000.0
19999.955078125
20000.0
19999.8046875
20000.0
20000.0
20000.0
20000.0
20000.0
19999.90234375
20000.0
20000.0
20000.0
19999.998046875
20000.0
19650.802734375
19019.1484375
18426.369140625
17885.6171875
17357.53125
16882.201171875
16425.18359375
15993.8994140625
15625.64453125
15240.6064453125
14889.20703125
14546.2763671875
14231.814453125
13941.7861328125
13694.841796875
13472.25
13255.3154296875
13055.3642578125
12830.3525390625
12533.845703125
12330.2099609375
12130.0576171875
11947.875
11768.8935546875
11602.6767578125
11436.234375
11274.373046875
11107.4345703125
10920.1533203125
10755.2021484375
10601.91015625
10462.8798828125
10342.3173828125
10207.740234375
10069.4453125
9926.328125
9790.515625
9648.1083984375
9503.1494140625
9361.783203125
9217.2412109375
9082.7021484375
8949.9150390625
8824.576171875
8718.1328125
8609.0859375
8507.9736328125
8405.572265625
8309.1982421875
8217.6748046875
8123.62548828125
8032.41455078125
7939.10205078125
7849.4658203125
7758.50634765625
