20000.0
20000.0
20000.0
20000.0
20000.0
20000.0
20000.0
20000.0
20000.0
20000.0
20000.0
20000.0
20000.0
20000.0
20000.0
20000.0
20000.0
20000.0
20000.0
20000.0
20000.0
20000.0
20000.0
20000.0
20000.0
20000.0
20000.0
20000.0
20000.0
20000.0
20000.0
20000.0
20000.0
20000.0
20000.0
20000.0
20000.0
20000.0
20000.0
20000.0
20000.0
20000.0
20000.0
20000.0
20000.0
20000.0
20000.0
20000.0
19999.953125
19999.83203125
20000.0
20000.0
20000.0
20000.0
20000.0
19999.1015625
20000.017578125
20000.0
19999.931640625
19999.99609375
20000.009765625
20000.0
20000.0
20000.0
20000.0
20000.005859375
20000.00390625
20000.0
20000.0
20000.0
20000.0
20000.0
20000.0
19999.990234375
20000.0
20000.0
20000.0
20000.0
20000.0
20000.0
20000.0
20000.0
20000.0
20000.0
20000.0
20000.0
19999.998046875
20000.0
20000.0
20000.0
20000.0
20000.0
20000.0
20000.0
20000.0
20000.0
20000.0
20000.0
19999.763671875
19666.7578125
18812.95703125
18006.099609375
17314.04296875
16564.3515625
15909.0693359375
15325.44921875
14828.6630859375
14362.060546875
13937.2919921875
13566.728515625
13189.51171875
12834.19921875
12485.466796875
12171.869140625
11895.2353515625
11594.3173828125
11311.0234375
11025.4326171875
10759.6435546875
10495.8720703125
10247.0966796875
10016.267578125
9787.8349609375
9576.880859375
9369.2744140625
