20000.0
20000.0
20000.0
20000.0
20000.0
20000.0
20000.0
20000.0
20000.0
20000.0
20000.0
20000.0
20000.0
20000.0
20000.0
20000.0
20000.0
20000.0
20000.0
20000.0
20000.0
20000.0
20000.0
20000.0
20000.0
20000.0
20000.0
20000.0
20000.0
20000.0
20000.0
20000.0
20000.0
20000.0
20000.0
20000.0
20000.0
20000.0
20000.0
20000.0
20000.0
20000.0
19999.966796875
20000.0
20000.0
19999.98828125
19999.984375
19999.99609375
20000.0
20000.0
20000.015625
20000.005859375
20000.0
20000.0
20000.0
20000.0
19999.998046875
20000.0
20000.0
20000.0
20000.0
20000.0
20000.0
20000.0
20000.0
20000.0
20000.0
20000.0
20000.0
20000.0
20000.0
20000.0
20000.0
20000.0
20000.0
20000.0
20000.0
20000.0
20000.0
20000.0
19999.99609375
20000.0
19986.267578125
19691.1484375
19407.3984375
19138.51171875
18840.24609375
18466.9609375
18174.900390625
17921.05859375
17707.240234375
17484.21484375
17278.974609375
17076.98046875
16890.095703125
16705.974609375
16530.30859375
16377.7021484375
16224.4345703125
16089.0625
15950.9306640625
15816.80078125
15701.96875
15581.4609375
15448.951171875
15286.921875
15115.703125
14951.1318359375
14805.306640625
14678.775390625
14562.115234375
14459.2392578125
14355.689453125
14248.8671875
14152.0498046875
14041.0751953125
13931.845703125
13819.3349609375
13706.869140625
13589.2705078125
13468.412109375
13350.9619140625
13233.4736328125
13124.84765625
13013.8642578125
