20000.0
20000.0
20000.0
20000.0
20000.0
20000.0
20000.0
20000.0
20000.0
20000.0
20000.0
20000.0
20000.0
20000.0
20000.0
20000.0
20000.0
20000.0
20000.0
20000.0
20000.0
20000.0
20000.0
20000.0
20000.0
20000.0
20000.0
20000.0
19999.916015625
19999.552734375
20000.0
20000.0
19999.998046875
20000.0
20000.0
20000.0
20000.0
20000.0
20000.0
20000.0
20000.0
20000.0
20000.0
20000.0
20000.0
20000.0
20000.0
20000.0
20000.0
19948.900390625
19228.185546875
18632.333984375
18072.736328125
17615.400390625
17248.578125
16742.302734375
16283.3369140625
15884.572265625
15552.578125
15163.31640625
14789.54296875
14466.7373046875
14156.1064453125
13873.1669921875
13609.998046875
13376.53515625
13187.75
12992.7294921875
12810.501953125
12628.5087890625
12459.9736328125
12302.171875
12158.486328125
12033.3154296875
11913.3994140625
11802.890625
11693.123046875
11587.3310546875
11493.5625
11393.5634765625
11302.0498046875
11211.5283203125
11124.5859375
11033.306640625
10941.7734375
10854.08203125
10765.1220703125
10680.3740234375
10592.4912109375
10503.3544921875
10421.5634765625
10329.6337890625
10239.220703125
10144.2421875
10050.9560546875
9953.9521484375
9855.4375
9747.1611328125
9631.5380859375
9520.6904296875
9408.25
9295.2578125
9194.9384765625
9085.6455078125
8981.2265625
8874.990234375
8769.4951171875
8657.6328125
8546.029296875
8439.642578125
8332.0087890625
8229.3701171875
8124.240234375
8020.31591796875
7927.03076171875
7824.28662109375
7725.87158203125
7621.521484375
7523.35693359375
7420.384765625
7318.4072265625
7222.0146484375
7123.52587890625
7029.1767578125
6937.22021484375
