17199.125
16331.2294921875
15607.494140625
15043.419921875
14857.6943359375
14821.4892578125
15079.76953125
15434.8173828125
15833.6494140625
16217.947265625
16598.892578125
16958.28125
17283.6171875
17598.630859375
17885.92578125
18165.6484375
18432.423828125
18663.181640625
18912.505859375
19147.6640625
19386.673828125
19626.748046875
19896.107421875
20000.0
20000.0
20000.0
18402.23828125
15819.44921875
14261.52734375
13348.59375
12603.6455078125
12034.6220703125
11555.189453125
11151.5146484375
10781.0986328125
10439.9140625
10115.4072265625
9768.2724609375
9478.333984375
9217.4375
8983.419921875
8789.6181640625
8603.7607421875
8444.58203125
8297.1630859375
8173.9462890625
8055.58935546875
7942.6552734375
7839.603515625
7757.94287109375
7699.0263671875
7645.30078125
7596.53369140625
7555.2783203125
7512.4921875
7475.197265625
7440.09033203125
7408.49365234375
7377.78515625
7348.43408203125
7321.1923828125
7281.927734375
7240.9140625
7199.5673828125
7161.39501953125
7128.0419921875
7087.47314453125
7034.9384765625
6977.80322265625
6924.7939453125
6873.69091796875
6826.06005859375
6782.43603515625
6739.5380859375
6700.01318359375
6660.9736328125
6623.35302734375
6590.49462890625
6555.21142578125
6522.04150390625
6488.6044921875
6457.5810546875
6429.16357421875
6400.1748046875
6371.40771484375
6341.48583984375
6312.65380859375
6283.1611328125
6254.0439453125
6228.0712890625
6199.708984375
6172.63916015625
6145.0546875
6118.7119140625
6091.87646484375
6065.302734375
6039.92822265625
6014.0439453125
5989.2890625
5964.03564453125
5939.08447265625
5916.79052734375
5892.4140625
5869.0126953125
5845.00341796875
5821.8310546875
5797.916015625
5774.095703125
5751.24755859375
5727.95556640625
5705.30517578125
5682.04345703125
5659.12890625
5638.677734375
5616.35791015625
5595.04541015625
5573.32080078125
5552.55322265625
5531.34912109375
5510.376953125
5490.28173828125
5469.7490234375
5450.08544921875
5430.0078125
