20000.0
20000.0
20000.0
20000.0
20000.0
20000.0
20000.0
20000.0
20000.0
20000.0
20000.0
20000.0
20000.0
20000.0
20000.0
20000.0
20000.0
20000.0
20000.0
19999.998046875
20000.0
20000.0
20000.0
20000.0
20000.0
20000.0
20000.0
20000.0
20000.0
20000.0
20000.0
20000.0
20000.0
19999.939453125
20000.0
20000.0
19999.998046875
20000.0
20000.0
20000.0
20000.0
20000.00390625
20000.0
19999.99609375
20000.0
20000.0
20000.0
19999.998046875
20000.0
20000.0
20000.0
20000.0
20000.0
20000.0
20000.0
20000.0
20000.0
20000.0
20000.0
20000.0
19670.423828125
19323.017578125
18992.18359375
18681.30078125
18406.9296875
18178.796875
17987.623046875
17825.5859375
17595.193359375
17365.955078125
17083.66015625
16737.833984375
16399.2734375
16078.9560546875
15776.064453125
15467.4501953125
15182.4453125
14903.2724609375
14638.1943359375
14409.181640625
14167.888671875
13943.77734375
13720.9580078125
13511.7578125
13299.9990234375
13094.8740234375
12900.41796875
12706.7275390625
12530.5322265625
12360.9599609375
12205.27734375
12070.5302734375
11926.5009765625
11795.267578125
11667.873046875
11550.6162109375
11432.763671875
11314.0986328125
11199.630859375
11082.486328125
10968.8544921875
10854.337890625
10745.052734375
10651.28125
10550.765625
10462.7041015625
10374.005859375
10287.732421875
10197.3212890625
10106.1650390625
10017.931640625
9926.3203125
9837.7646484375
9747.033203125
9656.7060546875
9577.5771484375
9492.04296875
9411.009765625
9329.451171875
9252.5205078125
9174.958984375
9099.4072265625
9028.5888671875
8958.0966796875
8892.4814453125
8827.2822265625
