80.1335
106.262
115.626
149.053
152.015
171.234
182.954
182.954
185.262
200.184
203.398
209.115
212.466
212.96
222.993
223.611
237.161
240.99
249.073
262.944
269.46
269.46
271.872
274.47
274.47
275.088
281.306
283.181
287.403
292.804
297.843
300.822
301.245
304.346
306.773
309.501
313.736
316.981
318.542
318.542
319.293
326.5
327.68
337.403
346.44
347.28
349.029
349.624
350.975
351.989
354.332
355.118
366.517
367.505
369.273
372.431
375.138
382.366
384.762
385.956
397.16
399.701
406.331
407.924
412.889
414.243
415.738
416.673
418.606
418.624
420.752
423.72
429.425
429.533
430.998
434.338
438.31
441.327
441.841
450.504
453.442
460.289
465.938
475.679
477.364
482.051
483.399
483.91
491.637
492.52
496.306
497.94
498.329
499.803
503.06
508.055
510.971
511.892
515.614
521.175
