20000.0
20000.0
20000.0
19999.998046875
20000.0
20000.0
20000.0
20000.0
20000.0
20000.0
20000.0
20000.0
20000.0
20000.0
20000.0
20000.0
20000.0
20000.0
20000.0
20000.0
20000.0
20000.0
20000.0
20000.0
19999.9609375
19999.984375
20000.0
20000.0
19999.99609375
20000.0
20000.0
20000.0
19844.904296875
18875.076171875
17969.708984375
17075.634765625
16293.9033203125
15577.6796875
14937.0751953125
14360.9228515625
13810.9658203125
13314.0341796875
12839.2841796875
12396.8173828125
12016.30078125
11607.998046875
11230.7412109375
10878.509765625
10572.7041015625
10318.212890625
10074.6171875
9848.9501953125
9629.166015625
9425.3310546875
9222.4267578125
9026.8662109375
8854.6513671875
8664.8583984375
8486.4765625
8309.8154296875
8140.25927734375
7977.73388671875
7825.42822265625
7685.560546875
7546.978515625
7416.24658203125
7285.49169921875
7159.1162109375
7048.576171875
6930.4375
6819.849609375
6709.3291015625
6605.3681640625
6501.89794921875
6401.28955078125
6306.4580078125
6211.5986328125
6124.9853515625
6039.03515625
5953.12548828125
5851.9775390625
5758.22412109375
5671.10302734375
5589.6904296875
5515.85498046875
5444.24609375
5372.10791015625
5303.69189453125
5231.6806640625
5148.2470703125
5061.427734375
4987.00634765625
4928.38232421875
4869.38134765625
4816.68896484375
4765.1728515625
4714.2265625
4658.212890625
4601.70703125
4549.26025390625
4501.65283203125
4458.01220703125
4404.8125
4348.6650390625
4299.66552734375
4248.048828125
4200.5693359375
4157.01220703125
4116.173828125
4075.83203125
4036.67626953125
3998.748779296875
3959.24658203125
3921.9326171875
3883.75927734375
3845.7841796875
3811.87744140625
3774.4345703125
3737.789794921875
3699.455322265625
3661.8251953125
3622.556640625
3583.400634765625
3546.60888671875
3512.309814453125
3478.033447265625
3441.52099609375
