20000.0
20000.0
20000.0
20000.0
20000.0
20000.0
20000.0
20000.0
20000.0
20000.0
20000.0
20000.0
20000.0
20000.0
20000.0
20000.0
20000.0
20000.0
20000.0
20000.0
20000.0
20000.0
20000.0
20000.0
20000.0
20000.0
20000.0
20000.0
19999.99609375
19999.982421875
20000.0
19999.998046875
19999.857421875
20000.0
20000.0
20000.0
20000.0
20000.0
20000.0
20000.0
20000.0
20000.0
20000.0
20000.0
20000.0
20000.0
20000.0
20000.0
20000.0
20000.0
20000.0
20000.0
20000.0
20000.0
20000.0
20000.0
20000.0
20000.0
20000.0
20000.0
19617.091796875
18676.958984375
17798.994140625
16966.6015625
16146.2939453125
15319.9306640625
14548.2919921875
13934.013671875
13336.0771484375
12854.0224609375
12417.998046875
12011.2060546875
11612.65234375
11234.318359375
10880.7998046875
10531.796875
10216.6142578125
9914.8095703125
9620.0771484375
9362.2265625
9084.3662109375
8830.126953125
8590.603515625
8364.142578125
8136.89697265625
7920.41748046875
7722.57958984375
7526.6591796875
7342.95166015625
7164.93359375
6999.22412109375
6858.4306640625
6712.7470703125
6580.81396484375
6450.7734375
6328.7177734375
6206.2431640625
6088.08642578125
5978.7041015625
5873.56787109375
5777.21142578125
5682.33935546875
5590.49853515625
5510.44580078125
5425.3056640625
5344.826171875
5265.52783203125
5194.10400390625
5124.3955078125
5056.61865234375
4993.42578125
4931.162109375
4873.38330078125
4816.1826171875
4760.931640625
4712.74365234375
4661.29345703125
4613.26025390625
4565.15869140625
4519.80322265625
4474.50390625
4430.6396484375
4389.21337890625
4347.3896484375
4307.3115234375
4265.08203125
