20000.0
20000.0
20000.0
20000.0
20000.0
20000.0
20000.0
20000.0
20000.0
20000.0
20000.0
20000.0
20000.0
20000.0
20000.0
20000.0
20000.0
20000.0
20000.0
20000.0
20000.0
20000.0
20000.0
20000.0
20000.0
20000.0
20000.0
20000.0
20000.0
20000.0
20000.0
20000.0
20000.0
20000.0
20000.0
20000.0
20000.0
20000.0
20000.0
20000.0
20000.0
20000.0
20000.0
19991.44140625
19996.87890625
20000.0
20000.0
20000.0
20000.0
20000.0
20000.0
20000.0
20000.0
20000.0
19999.998046875
19999.998046875
20000.0
20000.0
20000.0
20000.0
20000.0
20000.0
20000.005859375
20000.0
20000.00390625
20000.0
19999.974609375
20000.0
20000.005859375
19999.998046875
20000.001953125
19999.994140625
20000.0
19561.19140625
18959.810546875
18411.060546875
17876.0546875
17369.162109375
16939.791015625
16497.978515625
16092.5712890625
15889.9150390625
15693.15234375
15330.91015625
14977.361328125
14643.978515625
14335.6337890625
14041.9931640625
13802.2314453125
13574.51953125
13360.880859375
13176.876953125
12982.4296875
12737.1708984375
12475.716796875
12274.296875
12085.5595703125
11907.2470703125
11742.5546875
11578.740234375
11424.611328125
11269.5771484375
11104.5087890625
10940.4140625
10774.7763671875
10629.421875
10493.3330078125
10370.123046875
10244.0947265625
10108.0654296875
9974.8681640625
9839.353515625
9708.9560546875
9570.4013671875
9429.9072265625
9303.1025390625
9165.8037109375
9038.65234375
8913.62109375
8799.1669921875
8688.1396484375
8585.529296875
8489.2109375
8391.2236328125
8300.0986328125
8212.2080078125
