20000.0
20000.0
20000.0
20000.0
20000.0
20000.0
20000.0
20000.0
20000.0
20000.0
20000.0
20000.0
20000.0
20000.0
20000.00390625
19999.998046875
20000.0
19603.55859375
18117.4296875
17047.197265625
16194.7646484375
15542.134765625
14953.7734375
14428.5048828125
13970.21484375
13540.03515625
13156.1826171875
12785.875
12445.3798828125
12163.5244140625
11860.6357421875
11570.0390625
11279.7802734375
11013.56640625
10753.748046875
10507.5556640625
10286.388671875
10082.322265625
9885.45703125
9709.6142578125
9557.65625
9420.626953125
9270.9912109375
9130.3349609375
8988.8310546875
8856.1923828125
8719.716796875
8584.2783203125
8455.8046875
8324.154296875
8199.6015625
8076.30126953125
7958.2890625
7854.52001953125
7740.32666015625
7628.6572265625
7513.68017578125
7403.82470703125
7292.98046875
7184.32470703125
7059.39990234375
6938.79638671875
6829.806640625
6722.50390625
6619.0849609375
6528.58544921875
6432.841796875
6343.34423828125
6253.16796875
6168.06494140625
6080.302734375
5999.185546875
5923.5166015625
5844.86669921875
5774.30859375
5704.5048828125
5635.5400390625
5573.15283203125
5496.845703125
5419.76513671875
5345.70849609375
5277.3037109375
5207.365234375
5134.78662109375
5069.162109375
5006.2265625
4946.55419921875
4883.7109375
4821.35302734375
4766.9990234375
4708.828125
4655.19677734375
4602.2548828125
4551.64208984375
4499.6318359375
4446.9326171875
4395.33544921875
4344.24658203125
4297.23291015625
4250.78125
4206.00048828125
4166.4306640625
4126.09130859375
4087.127685546875
4047.330078125
4009.09912109375
3969.85302734375
3930.317138671875
3891.90283203125
3851.96337890625
3813.2216796875
3773.1484375
3733.05029296875
3699.648681640625
3662.652587890625
3628.19873046875
3594.040771484375
3561.971435546875
3530.0234375
3498.8017578125
3466.776611328125
3433.197265625
3401.169921875
3368.65478515625
