20000.0
20000.0
20000.0
20000.0
20000.0
20000.0
20000.0
20000.0
20000.0
20000.0
20000.0
20000.0
20000.0
20000.0
19999.9140625
19998.94140625
20000.0
19999.998046875
20000.0
19999.998046875
20000.0
20000.0
20000.0
20000.0
20000.0
20000.0
20000.0
19999.978515625
19698.67578125
18161.13671875
16694.8828125
15680.6865234375
14903.5556640625
14579.19921875
14250.94921875
13611.12109375
13305.3134765625
13002.0615234375
12436.580078125
11899.080078125
11418.3818359375
10964.0888671875
10561.02734375
10241.93359375
9917.28125
9623.98828125
9346.939453125
9100.1767578125
8864.8603515625
8648.51171875
8444.1171875
8243.107421875
8060.509765625
7884.0478515625
7717.14208984375
7574.52490234375
7428.31494140625
7291.091796875
7153.3603515625
7025.8359375
6900.4228515625
6780.07470703125
6671.67138671875
6565.5078125
6467.2939453125
6371.00439453125
6279.37451171875
6200.5703125
6116.51513671875
6037.74609375
5959.44580078125
5886.1103515625
5813.1484375
5742.794921875
5676.8974609375
5610.29736328125
5545.18603515625
5480.3115234375
5417.62255859375
5362.70751953125
5303.4501953125
5247.291015625
5190.61572265625
5136.94384765625
5077.7451171875
5016.83984375
4959.05810546875
4901.02392578125
4847.82080078125
4798.97021484375
4752.6240234375
4710.73486328125
4665.81201171875
4622.97265625
4578.12744140625
4536.41162109375
4499.880859375
4464.75927734375
4430.57763671875
4394.6884765625
4360.52978515625
4328.55615234375
4297.81201171875
4270.50341796875
4240.61865234375
4212.21826171875
4183.970703125
4158.53857421875
4132.6689453125
4106.79833984375
4081.99365234375
4056.8564453125
4033.031982421875
4009.05078125
3983.75927734375
3952.33203125
3918.794677734375
3889.116943359375
3861.054931640625
3835.765625
3811.205078125
3787.846435546875
3764.459228515625
3741.041015625
3719.389892578125
3697.9794921875
