20000.0
20000.0
20000.0
20000.0
20000.0
20000.0
20000.0
20000.0
20000.0
20000.0
20000.0
20000.0
20000.0
20000.0
20000.0
20000.0
20000.0
20000.0
20000.0
20000.0
20000.0
20000.0
20000.0
20000.0
20000.0
20000.0
20000.0
20000.0
20000.0
20000.0
20000.0
20000.0
20000.0
20000.0
20000.0
20000.0
20000.0
20000.0
20000.0
20000.0
20000.0
19999.966796875
19999.830078125
20000.0
20000.0
20000.0
20000.0
20000.0
20000.0
20000.0
20000.0
19999.990234375
20000.015625
20000.01171875
20000.0
20000.0
20000.0
19999.90234375
20000.0
20000.0
20000.0
20000.0
20000.0
20000.0
20000.0
20000.0
20000.0
20000.0
20000.0
20000.0
20000.0
20000.001953125
20000.0
20000.0
20000.0
20000.0
20000.0
20000.0
19999.998046875
20000.0
20000.0
20000.0
20000.0
20000.0
20000.0
20000.0
19044.689453125
18116.240234375
17220.361328125
16372.65234375
15693.115234375
15055.8427734375
14511.23046875
14000.4873046875
13565.31640625
13126.2080078125
12703.677734375
12328.0947265625
11967.0439453125
11627.419921875
11287.28515625
10957.88671875
10673.0146484375
10373.3212890625
10099.884765625
9831.44921875
9585.0087890625
9344.265625
9117.154296875
8909.7578125
8706.2041015625
8511.7470703125
8309.47265625
8113.21923828125
7943.4462890625
7761.5048828125
7592.6865234375
7425.60888671875
7270.6669921875
7117.05517578125
6969.52294921875
6832.3798828125
6695.818359375
6568.22412109375
6441.31884765625
