20000.0
20000.0
20000.0
20000.0
20000.0
20000.0
20000.0
20000.0
20000.0
20000.0
20000.0
20000.0
20000.0
20000.0
20000.0
20000.0
20000.0
20000.0
20000.0
20000.0
20000.0
20000.0
20000.0
20000.0
20000.0
20000.0
20000.0
20000.0
20000.0
20000.0
19999.908203125
19999.97265625
20000.0
20000.0
20000.0
18774.236328125
17680.783203125
16812.51171875
16062.826171875
15358.09765625
14755.134765625
14235.541015625
13643.9072265625
13066.751953125
12480.2666015625
11915.7890625
11363.55859375
10842.1279296875
10364.908203125
9905.0947265625
9521.7080078125
9130.7333984375
8753.4873046875
8427.068359375
8075.80712890625
7751.27978515625
7441.185546875
7158.6376953125
6882.80419921875
6622.00341796875
6376.26513671875
6123.02001953125
5897.646484375
5686.45654296875
5501.4697265625
5350.3203125
5203.55712890625
5071.814453125
4945.51904296875
4831.439453125
4721.845703125
4620.3427734375
4532.0439453125
4449.306640625
4377.43017578125
4308.4189453125
4244.3037109375
4189.62451171875
4132.97021484375
4081.951416015625
4032.65185546875
3988.5986328125
3946.460205078125
3907.33642578125
3872.09130859375
3838.2421875
3807.78955078125
3778.5849609375
3751.924560546875
3729.505859375
3706.462158203125
3685.45703125
3664.88330078125
3645.963623046875
3624.60888671875
3603.17041015625
3583.55859375
3564.586669921875
3547.309326171875
3530.6650390625
3515.093505859375
3501.832763671875
3488.1611328125
3475.71142578125
3463.513916015625
3452.23681640625
3441.03857421875
3430.414306640625
3420.460693359375
3410.51806640625
3401.130615234375
3391.691650390625
3382.4853515625
3374.35693359375
3365.606201171875
3357.315673828125
3348.953369140625
3341.01611328125
3332.47119140625
3323.4736328125
3314.4609375
3304.984619140625
3295.63720703125
3285.654296875
