20000.0
20000.0
20000.0
20000.0
20000.0
20000.0
20000.0
20000.0
20000.0
20000.0
20000.0
20000.0
20000.0
20000.0
20000.0
20000.0
20000.0
20000.0
20000.0
20000.0
20000.0
20000.0
20000.0
20000.0
20000.0
20000.0
20000.0
20000.0
20000.0
20000.0
20000.0
20000.0
20000.0
20000.0
20000.0
20000.0
20000.0
20000.0
20000.0
20000.0
19999.701171875
20000.0
20000.0
19999.98828125
20000.0
19999.994140625
20000.0
20000.0
20000.0
20000.0
20000.005859375
20000.001953125
20000.0
20000.0
20000.0
20000.0
20000.0
20000.0
20000.0
20000.0
20000.0
20000.0
20000.0
20000.0
20000.0
20000.0
20000.0
20000.0
20000.0
20000.0
20000.0
20000.0
20000.0
20000.0
20000.0
20000.0
20000.0
19999.998046875
20000.0
20000.0
19999.998046875
20000.0
20000.0
19999.998046875
20000.0
20000.0
19999.998046875
19999.998046875
20000.0
20000.0
20000.0
20000.0
19999.994140625
20000.0
20000.0
20000.0
20000.0
20000.0
20000.0
19698.341796875
19301.595703125
18959.791015625
18597.82421875
18266.390625
17941.953125
17639.1328125
17348.033203125
17071.296875
16817.380859375
16571.498046875
16345.09765625
16118.6552734375
15898.76171875
15705.6787109375
15498.4658203125
15303.5244140625
15105.7705078125
14918.8935546875
14731.75
14551.1650390625
14381.5439453125
14210.962890625
14049.7685546875
13888.0439453125
