20000.0
20000.0
20000.0
20000.0
20000.0
20000.0
20000.0
20000.0
20000.0
20000.0
20000.0
20000.0
20000.0
20000.0
20000.0
20000.0
20000.0
20000.0
20000.0
20000.0
20000.0
19999.9921875
20000.0
20000.0
20000.0
20000.0
19999.998046875
20000.0
20000.0
19999.7890625
19999.34375
20000.001953125
20000.0
20000.0
19999.99609375
19999.982421875
19999.94140625
20000.0
20000.0
19999.99609375
19999.998046875
20000.0
19884.08203125
19330.921875
18873.861328125
18457.193359375
18072.1484375
17718.345703125
17374.34765625
17063.220703125
16765.7890625
16489.69921875
16262.1689453125
16020.126953125
15790.0634765625
15557.8486328125
15340.3994140625
15123.083984375
14913.1884765625
14719.666015625
14531.6083984375
14363.107421875
14199.9775390625
14044.5087890625
13909.548828125
13762.779296875
13617.55859375
13469.798828125
13330.12109375
13178.541015625
13016.6923828125
12866.0009765625
12721.2109375
12590.763671875
12465.4091796875
12341.912109375
12232.3544921875
12117.1259765625
12011.0673828125
11906.6376953125
11807.328125
11705.6513671875
11605.89453125
11512.205078125
11418.76953125
11331.7998046875
11245.5361328125
11162.720703125
11090.7314453125
11014.42578125
10943.744140625
10872.0546875
10804.6552734375
10738.2724609375
10675.4248046875
10617.80859375
10561.38671875
10509.4189453125
10457.1845703125
10406.357421875
10361.263671875
10312.3984375
10266.1494140625
10218.015625
10170.6689453125
10123.197265625
10078.244140625
10032.916015625
9985.76953125
9939.5966796875
9893.7431640625
9850.1787109375
9811.89453125
9770.955078125
9730.447265625
9674.5
9605.1171875
9532.2685546875
9464.21875
9397.40234375
9327.013671875
9258.3544921875
9187.1650390625
