20000.0
20000.0
20000.0
20000.0
20000.0
20000.0
20000.0
20000.0
20000.0
20000.0
20000.0
20000.0
20000.0
19998.34765625
19999.966796875
20000.0
19999.99609375
19999.99609375
20000.0
20000.0
19597.599609375
18526.666015625
17623.6796875
16893.28125
16271.1376953125
15689.8154296875
15105.2880859375
14541.53125
13894.3447265625
13434.9765625
12986.8671875
12589.259765625
12213.30859375
11893.16796875
11621.8056640625
11365.7646484375
11115.75
10845.029296875
10620.845703125
10435.0673828125
10260.984375
10110.63671875
9949.375
9799.2880859375
9643.744140625
9498.23046875
9354.5869140625
9222.521484375
9104.7998046875
8990.478515625
8882.9833984375
8775.9345703125
8673.212890625
8582.9169921875
8486.1416015625
8395.6083984375
8303.478515625
8214.21875
8121.953125
8030.79541015625
7942.91650390625
7852.3720703125
7765.23974609375
7675.884765625
7585.40966796875
7505.44287109375
7418.296875
7334.591796875
7248.60546875
7165.76171875
7074.55810546875
6979.84716796875
6889.3681640625
6797.4970703125
6709.67431640625
6619.9306640625
6531.0869140625
6451.39599609375
6362.24658203125
6275.90771484375
6187.0869140625
6099.7822265625
6007.66845703125
5916.4072265625
5830.9072265625
5746.259765625
5667.66845703125
5590.53173828125
5518.38916015625
5454.8349609375
5386.6435546875
5322.9580078125
5262.48974609375
5208.1923828125
5154.8203125
5103.26806640625
5054.4404296875
5005.11572265625
4959.2900390625
4913.28515625
4867.93310546875
4816.2236328125
4752.255859375
4692.7880859375
4635.67529296875
4582.9833984375
4530.11669921875
4480.03857421875
4430.78857421875
4379.435546875
4332.15185546875
4285.26611328125
4240.26806640625
4200.9716796875
4158.783203125
4119.25927734375
4079.7509765625
4042.80615234375
4005.6806640625
3969.666259765625
3935.989990234375
3902.316162109375
3870.878173828125
3839.411865234375
