20000.0
20000.0
20000.0
20000.0
20000.0
20000.0
20000.0
20000.0
20000.0
20000.0
20000.0
20000.0
20000.0
20000.0
20000.0
20000.0
20000.0
20000.0
19999.998046875
19999.357421875
20000.0
20000.0
20000.0
20000.0
19188.79296875
18206.244140625
17436.310546875
16747.1796875
16163.7490234375
15669.9501953125
15239.6357421875
14898.697265625
14568.478515625
14272.7939453125
13958.97265625
13656.3017578125
13314.607421875
12980.9892578125
12679.8466796875
12392.0390625
12134.189453125
11882.5693359375
11637.92578125
11434.0576171875
11225.7646484375
11034.8134765625
10829.4140625
10655.412109375
10506.701171875
10372.68359375
10234.1435546875
10089.91796875
9966.099609375
9848.6142578125
9740.5849609375
9650.6298828125
9558.7890625
9472.0712890625
9364.1181640625
9269.9482421875
9184.7333984375
9104.1201171875
9018.052734375
8925.587890625
8841.990234375
8763.68359375
8693.015625
8633.0634765625
8569.1640625
8508.9189453125
8448.302734375
8391.18359375
8333.7666015625
8276.6240234375
8219.4169921875
8159.46044921875
8101.4375
8041.40673828125
7983.0107421875
7932.376953125
7878.2548828125
7827.5224609375
7773.89453125
7724.3740234375
7676.904296875
7632.24658203125
7590.130859375
7547.1064453125
7504.77587890625
7458.77783203125
7410.5576171875
7366.2626953125
7316.96240234375
7269.23095703125
7220.3486328125
7172.83984375
7123.755859375
7073.10986328125
7024.3076171875
6974.3125
6926.33154296875
6876.58740234375
6826.21923828125
6780.30810546875
6729.20263671875
6679.85107421875
6631.98388671875
6585.55419921875
6537.0703125
6488.19921875
6440.77783203125
6391.103515625
6340.494140625
6285.958984375
6231.7998046875
6182.21142578125
6126.44287109375
6072.07763671875
6013.8388671875
5955.54150390625
5896.990234375
5841.2900390625
5790.0205078125
5739.00537109375
5690.65869140625
5641.30712890625
