20000.0
20000.0
20000.0
20000.0
20000.0
20000.0
20000.0
20000.0
20000.0
20000.0
20000.0
20000.0
20000.0
20000.0
20000.0
20000.0
20000.0
20000.0
20000.0
20000.0
20000.0
20000.0
20000.0
20000.0
20000.0
20000.0
19998.619140625
20000.0
20000.009765625
20000.0
19999.998046875
20000.0
20000.0
20000.0
20000.0
20000.0
20000.001953125
20000.0
20000.0
20000.0
20000.0
19999.931640625
20000.0
19999.998046875
19999.994140625
19999.99609375
19999.994140625
20000.0
19815.0546875
19318.8203125
18843.8984375
18400.171875
17805.423828125
17364.615234375
17009.537109375
16647.05859375
16321.3916015625
16006.982421875
15722.8681640625
15450.3466796875
15214.2314453125
15008.96484375
14817.6611328125
14615.1865234375
14331.6494140625
14078.7763671875
13878.12109375
13677.8515625
13495.880859375
13310.357421875
13129.31640625
12941.322265625
12751.44921875
12563.1826171875
12366.1845703125
12180.4990234375
11994.8896484375
11820.6015625
11673.1962890625
11514.93359375
11363.0146484375
11218.267578125
11079.8486328125
10938.1162109375
10797.5634765625
10661.6123046875
10517.6982421875
10381.048828125
10243.2646484375
10108.48828125
9989.8115234375
9860.0419921875
9734.2724609375
9602.349609375
9472.287109375
9337.2509765625
9203.3603515625
9069.2861328125
8926.8173828125
8793.4638671875
8663.1435546875
8542.8857421875
8440.60546875
8331.283203125
8227.8642578125
8122.93798828125
8022.13134765625
7918.6669921875
7811.22119140625
7685.63818359375
7558.04052734375
7440.4716796875
7325.08984375
7215.7578125
7120.56982421875
7017.61962890625
6920.14697265625
6821.56591796875
6720.90869140625
6615.654296875
6513.6181640625
6418.796875
6325.46826171875
6239.52978515625
6154.24462890625
