20000.0
20000.0
20000.0
20000.0
20000.0
19999.998046875
20000.0
20000.0
20000.0
20000.0
20000.0
20000.0
20000.0
20000.0
20000.0
20000.0
20000.0
20000.0
20000.0
20000.0
20000.0
20000.0
20000.0
20000.0
20000.0
20000.0
20000.0
20000.0
20000.0
20000.0
20000.0
20000.0
20000.0
20000.0
20000.0
20000.0
20000.0
20000.0
20000.0
20000.0
20000.0
20000.0
20000.0
20000.0
20000.0
20000.0
20000.0
20000.0
20000.0
20000.0
19999.998046875
20000.0
20000.0
19999.994140625
20000.0
20000.0
20000.0
19999.822265625
20000.0
20000.0
20000.01171875
20000.0
20000.0
20000.0
20000.0078125
20000.0
20000.001953125
20000.00390625
20000.0
20000.001953125
20000.0
19999.9765625
20000.0
19999.751953125
19999.98828125
20000.0
20000.0
19999.6796875
20000.0
20000.0
19998.49609375
20000.0
20000.001953125
20000.0
20000.0
19999.986328125
20000.0
20000.0
20000.0
20000.0
20000.0
20000.0
20000.0
20000.0
19999.97265625
20000.0
20000.0
20000.0
20000.0
20000.0
19999.998046875
20000.0
20000.0
20000.0
20000.0
20000.0
20000.0
20000.0
20000.0
20000.0
20000.0
19675.900390625
19219.2890625
18767.86328125
18381.984375
17967.81640625
17526.005859375
17086.28125
16677.10546875
16288.3056640625
15936.572265625
15625.337890625
15312.47265625
15020.5078125
14718.8701171875
