20000.0
20000.0
20000.0
20000.0
20000.0
20000.0
20000.0
20000.0
20000.0
20000.0
20000.0
20000.0
20000.0
20000.0
20000.0
20000.0
20000.0
20000.0
20000.0
20000.0
20000.0
20000.0
20000.005859375
20000.0
19999.998046875
19999.99609375
19999.9921875
20000.0
20000.0
20000.0
20000.0
20000.0
19999.974609375
20000.0
20000.0
20000.0
20000.0
20000.0
20000.0
20000.0
20000.0
19999.998046875
20000.0
20000.0
20000.0
19999.994140625
19999.994140625
20000.0
19816.986328125
18925.84765625
18101.37109375
17411.216796875
16795.900390625
16242.9912109375
15774.6650390625
15246.9267578125
14771.11328125
14306.55859375
13873.447265625
13448.2744140625
13023.490234375
12622.6357421875
12224.99609375
11853.92578125
11482.8134765625
11120.0068359375
10789.6474609375
10430.1767578125
10105.6650390625
9804.8037109375
9553.3095703125
9310.2724609375
9033.208984375
8743.9189453125
8457.7138671875
8195.818359375
7941.4248046875
7701.94921875
7496.2529296875
7280.1484375
7082.25537109375
6888.2099609375
6711.91796875
6542.58837890625
6379.72998046875
6232.79931640625
6090.99951171875
5962.36962890625
5837.7548828125
5727.1171875
5631.9462890625
5529.26904296875
5433.4599609375
5340.38623046875
5257.451171875
5174.40234375
5095.8212890625
5024.21484375
4953.8173828125
4888.8486328125
4823.9814453125
4761.25146484375
4706.46533203125
4648.07373046875
4593.51806640625
4538.94189453125
4487.7587890625
4436.482421875
4386.654296875
4339.84716796875
4292.9033203125
4248.78515625
4204.74365234375
4162.29248046875
4124.84619140625
4084.499267578125
4046.420166015625
4007.993408203125
3971.574951171875
3934.492919921875
3898.6943359375
3864.689208984375
3830.415283203125
3797.949462890625
3765.11865234375
