20000.0
20000.0
20000.0
20000.0
20000.0
20000.0
20000.0
20000.0
20000.0
20000.0
20000.0
20000.0
20000.0
20000.0
20000.0
20000.0
20000.0
20000.0
20000.0
20000.0
20000.0
20000.0
20000.0
20000.0
20000.0
20000.0
20000.0
20000.0
20000.0
20000.0
19998.669921875
19999.990234375
19999.9375
19999.94140625
20000.0
20000.0
20000.0
20000.0
19999.978515625
20000.001953125
20000.001953125
19999.9921875
20000.0
20000.001953125
20000.0
20000.0
19999.998046875
20000.0
20000.0
20000.0
20000.0
20000.0
20000.0
19764.71484375
19373.498046875
18954.84375
18567.36328125
18188.765625
17819.080078125
17290.525390625
16897.5234375
16565.943359375
16247.693359375
15954.3125
15663.5693359375
15385.2802734375
15137.953125
14882.314453125
14646.1953125
14426.0673828125
14224.8154296875
13986.8359375
13742.4580078125
13525.5234375
13331.2939453125
13159.8505859375
12997.1220703125
12845.35546875
12699.5615234375
12513.390625
12322.2080078125
12129.796875
11945.7099609375
11761.0166015625
11599.73046875
11457.119140625
11321.6708984375
11195.2265625
11071.2099609375
10952.5234375
10846.4541015625
10724.9453125
10603.6240234375
10477.21484375
10355.599609375
10231.626953125
10110.2041015625
9995.2880859375
9879.8310546875
9771.9384765625
9663.4658203125
9557.5458984375
9464.255859375
9363.888671875
9268.5732421875
9169.0751953125
9075.810546875
8985.0966796875
8899.541015625
8820.7431640625
8742.4560546875
8669.4755859375
8596.515625
8525.8642578125
8463.642578125
8396.759765625
8333.748046875
8269.96484375
8209.3251953125
8148.0791015625
8088.10546875
8030.70751953125
7970.85888671875
7912.4892578125
7851.6396484375
