20000.0
20000.0
20000.0
20000.0
20000.0
20000.0
20000.0
20000.0
20000.0
20000.0
20000.0
20000.0
20000.0
20000.0
20000.0
20000.0
20000.0
20000.0
20000.0
20000.0
20000.0
20000.0
20000.0
20000.0
20000.0
20000.0
20000.0
20000.0
20000.0
20000.0
20000.0
20000.0
20000.0
20000.0
20000.0
20000.0
20000.0
20000.0
20000.0
20000.0
20000.0
20000.0
20000.0
20000.0
20000.0
20000.0
20000.0
20000.0
20000.0
20000.0
20000.0
20000.0
20000.0
20000.0
20000.0
20000.0
20000.0
20000.0
20000.0
20000.0
20000.0
20000.0
20000.0
19999.98046875
20000.021484375
19999.927734375
20000.0
20000.025390625
20000.0
20000.017578125
20000.0
20000.0
19999.951171875
19999.99609375
19999.986328125
20000.005859375
20000.0
20000.0
20000.0
20000.00390625
20000.001953125
19999.953125
20000.0
20000.0
19999.998046875
20000.005859375
20000.00390625
20000.0
19998.908203125
20000.0
20000.0
20000.0
20000.0
20000.0
20000.0
20000.0
20000.0
19999.697265625
20000.0
20000.0
19999.95703125
20000.0
19999.990234375
20000.0
20000.0
19999.998046875
20000.0
20000.0
20000.0
20000.0
20000.0
20000.0
20000.0
19999.990234375
19999.982421875
20000.0
20000.0
20000.0
20000.0
20000.0
20000.0
20000.0
20000.0
