20000.0
20000.0
20000.0
20000.0
20000.0
20000.0
20000.0
20000.0
20000.0
20000.0
20000.0
20000.0
20000.0
20000.0
20000.0
20000.0
20000.0
20000.0
20000.0
20000.0
20000.0
20000.0
20000.0
20000.0
20000.0
20000.0
20000.0
20000.0
20000.0
20000.0
20000.0
20000.0
20000.0
20000.0
20000.0
20000.0
20000.0
20000.0
20000.0
19999.998046875
20000.0
19999.98828125
20000.0
20000.0
20000.0
20000.0
20000.0
20000.0
20000.0
19999.916015625
20000.0
19999.859375
20000.00390625
19976.396484375
19751.28515625
19511.185546875
19294.431640625
19090.150390625
18899.099609375
18695.267578125
18471.404296875
18266.744140625
18075.375
17905.125
17735.630859375
17567.779296875
17419.28125
17260.23828125
17107.041015625
16939.146484375
16768.02734375
16588.3671875
16410.51953125
16259.7216796875
16136.1142578125
16034.6494140625
15924.666015625
15788.279296875
15659.6806640625
15517.349609375
15352.7705078125
15166.0390625
14999.5283203125
14843.521484375
14699.4384765625
14566.40234375
14433.927734375
14309.2880859375
14183.4912109375
14052.61328125
13930.74609375
13786.3232421875
13642.1728515625
13494.1240234375
13354.4853515625
13213.685546875
13076.1181640625
12944.857421875
12810.3544921875
12690.193359375
12566.8388671875
12443.3623046875
12333.423828125
12214.6416015625
12102.8232421875
11991.1875
11887.291015625
11783.1455078125
11677.791015625
11574.328125
11466.9404296875
11363.0205078125
11256.1181640625
11150.291015625
11056.0029296875
10953.8447265625
10859.4697265625
10763.7939453125
10672.48046875
10580.3427734375
10489.7890625
10404.140625
10319.638671875
10241.50390625
10163.92578125
