20000.0
20000.0
20000.0
20000.0
20000.0
20000.0
20000.0
20000.0
20000.0
20000.0
20000.0
20000.0
20000.0
20000.0
20000.0
20000.0
20000.0
20000.0
20000.0
20000.0
20000.0
20000.0
20000.00390625
19999.93359375
20000.0
20000.0
19999.998046875
20000.0
20000.0
19936.955078125
19241.44921875
18566.14453125
17973.203125
17392.306640625
16905.443359375
16462.328125
16072.4228515625
15735.5361328125
15418.7373046875
15117.2880859375
14812.515625
14479.638671875
14178.3662109375
13865.509765625
13584.8671875
13316.6611328125
13073.890625
12838.259765625
12615.83984375
12411.4013671875
12208.44921875
12024.353515625
11837.5341796875
11658.7177734375
11506.1318359375
11347.28515625
11153.6259765625
10981.2294921875
10834.3828125
10693.0537109375
10563.91796875
10450.96484375
10342.91796875
10244.0166015625
10146.173828125
10052.404296875
9970.4521484375
9882.9609375
9799.3388671875
9717.3935546875
9646.5078125
9579.162109375
9513.5322265625
9451.017578125
9388.259765625
9329.6923828125
9271.7822265625
9206.1884765625
9136.9365234375
9058.51953125
8986.224609375
8904.6943359375
8830.5634765625
8759.767578125
8689.2099609375
8622.3955078125
8556.009765625
8493.9697265625
8428.220703125
8362.9580078125
8305.3818359375
8240.890625
8176.32275390625
8107.4482421875
8040.86962890625
7970.89697265625
7899.06689453125
7829.861328125
7757.96728515625
7688.47021484375
7617.7880859375
7548.5712890625
7485.64453125
7447.55712890625
7417.4208984375
7352.06787109375
7284.13134765625
7218.24853515625
7149.61376953125
7080.41748046875
7010.86767578125
6935.45556640625
6861.34326171875
6785.068359375
6709.43310546875
6642.15185546875
6569.64990234375
6502.24853515625
6435.8681640625
6370.7451171875
6302.64404296875
6237.0478515625
6177.11279296875
6118.8486328125
6065.2578125
6012.19091796875
