20000.0
20000.0
20000.0
20000.0
20000.0
20000.0
20000.0
20000.0
20000.0
20000.0
20000.0
20000.0
20000.0
20000.0
20000.0
20000.0
20000.0
20000.0
20000.0
20000.0
20000.0
20000.0
20000.0
20000.0
20000.0
20000.0
20000.0
20000.0
20000.0
20000.0
20000.0
19999.99609375
20000.0
19999.876953125
19999.95703125
20000.0
20000.0
19999.998046875
19999.994140625
20000.0
20000.0
20000.0
20000.0
20000.0
20000.0
20000.001953125
20000.0
20000.001953125
20000.001953125
20000.0
20000.0
19828.9140625
19494.796875
19161.8984375
18862.138671875
18531.8046875
18216.390625
17906.4296875
17622.326171875
17343.80859375
17079.37890625
16834.115234375
16588.580078125
16355.5634765625
16117.5400390625
15882.755859375
15673.1220703125
15429.3017578125
15194.353515625
14959.1767578125
14736.7333984375
14512.9609375
14297.3056640625
14095.927734375
13895.4267578125
13707.76953125
13519.0859375
13335.9794921875
13168.4521484375
12982.6728515625
12807.337890625
12634.375
12475.052734375
12317.5556640625
12163.9560546875
12017.712890625
11876.638671875
11745.8828125
11599.9423828125
11456.5009765625
11331.626953125
11198.775390625
11074.099609375
10948.349609375
10829.16796875
10711.90625
10611.8232421875
10520.62109375
10430.9619140625
10346.88671875
10261.79296875
10177.9833984375
10103.2578125
10021.609375
9943.3984375
9863.138671875
9786.5771484375
9708.630859375
9631.6044921875
9557.744140625
9482.2412109375
9412.345703125
9341.7978515625
9271.8818359375
9209.0654296875
9140.076171875
9074.1318359375
9006.8203125
8942.5126953125
8876.8876953125
8812.0517578125
8749.9091796875
8672.9716796875
8591.30859375
8515.8896484375
