20000.0
20000.0
20000.0
20000.0
20000.0
20000.0
20000.0
20000.0
20000.0
20000.0
20000.0
20000.0
20000.0
20000.0
20000.0
20000.0
20000.0
20000.0
20000.0
20000.0
20000.0
20000.0
20000.0
20000.0
20000.0
20000.0
20000.0
20000.0
20000.0
20000.0
19999.892578125
20000.0
20000.0
19999.865234375
20000.0
20000.0
20000.0
20000.0
20000.01171875
20000.0
20000.0
19999.998046875
20000.0
20000.0
20000.0
20000.0
20000.0
20000.0
20000.0
20000.0
20000.0
20000.0
20000.0
20000.0
20000.0
20000.0
20000.0
19999.998046875
20000.0
19999.998046875
19999.994140625
20000.0
20000.0
20000.0
20000.0
20000.0
20000.0
20000.0
20000.0
20000.0
20000.0
20000.0
20000.0
20000.0
20000.0
20000.0
20000.0
20000.0
20000.0
19713.22265625
19188.158203125
18662.041015625
18173.572265625
17701.248046875
17258.015625
16843.7734375
16425.3828125
16037.150390625
15671.0234375
15313.2900390625
14992.1650390625
14629.92578125
14281.6357421875
13936.185546875
13610.4521484375
13279.8447265625
12954.71484375
12628.6474609375
12293.26953125
11977.1435546875
11655.78125
11356.380859375
11094.5146484375
10814.3037109375
10559.4453125
10326.6669921875
10112.2939453125
9896.2373046875
9643.3076171875
9404.4794921875
9174.7353515625
8967.98046875
8769.93359375
8585.79296875
8430.4375
8265.53515625
8116.00146484375
7972.005859375
7841.26806640625
7713.861328125
7593.47607421875
7484.11767578125
7378.11279296875
7281.6025390625
7187.513671875
