20000.0
20000.0
20000.0
20000.0
20000.0
20000.0
20000.0
20000.0
20000.0
20000.0
20000.0
20000.0
20000.0
20000.0
20000.0
20000.0
20000.0
19999.330078125
20000.0
20000.0
20000.0
20000.0
19999.99609375
20000.0
20000.0
20000.0
19567.84765625
18052.765625
16966.640625
16178.443359375
15239.904296875
14486.5869140625
13743.8515625
13095.2353515625
12582.4990234375
12215.62890625
11877.08984375
11554.1376953125
11256.458984375
10970.36328125
10712.41796875
10455.28125
10211.20703125
10007.1162109375
9801.2919921875
9621.748046875
9449.7294921875
9294.3974609375
9143.8798828125
9002.154296875
8872.744140625
8746.12890625
8628.4765625
8513.3505859375
8402.921875
8306.9560546875
8205.23046875
8111.20751953125
8017.55419921875
7930.19580078125
7842.93212890625
7758.078125
7677.58984375
7596.0068359375
7518.3818359375
7437.9892578125
7358.2158203125
7285.70556640625
7204.29736328125
7121.37158203125
7030.306640625
6936.54443359375
6842.66943359375
6756.36669921875
6680.60986328125
6607.8642578125
6535.8974609375
6457.93408203125
6328.24755859375
6201.51025390625
6070.0029296875
5951.71826171875
5837.86376953125
5735.52490234375
5635.8818359375
5540.6123046875
5451.2236328125
5362.2109375
5279.34228515625
5194.3701171875
5112.82470703125
5042.8720703125
4968.9755859375
4900.2666015625
4831.4951171875
4766.7021484375
4701.45947265625
4639.4814453125
4582.54248046875
4524.234375
4470.2041015625
4416.03369140625
4362.88037109375
4315.35888671875
4263.7607421875
4214.8642578125
4165.09033203125
4116.95849609375
4066.906005859375
4016.3876953125
3966.81396484375
3915.841064453125
3867.3173828125
3818.388916015625
3770.69677734375
3728.291259765625
3681.964599609375
3638.003173828125
3592.3310546875
3547.423095703125
3501.0654296875
3455.200439453125
3411.416259765625
3366.599853515625
3325.154541015625
3286.329345703125
