20000.0
20000.0
20000.0
20000.0
20000.0
20000.0
20000.0
20000.0
20000.0
20000.0
20000.0
20000.0
20000.0
20000.0
20000.0
20000.0
20000.0
20000.0
20000.0
20000.0
20000.0
20000.0
20000.0
20000.0
20000.0
20000.0
19999.93359375
20000.0
20000.01171875
20000.0
19999.998046875
20000.00390625
20000.0
20000.0
19999.98046875
20000.0
20000.0
19999.998046875
20000.0
20000.005859375
20000.0
19987.72265625
19473.25390625
18961.94140625
18519.814453125
18106.716796875
17724.982421875
17345.50390625
16992.619140625
16671.099609375
16356.013671875
16066.2958984375
15780.8955078125
15507.8798828125
15275.611328125
15042.5771484375
14827.4970703125
14613.7626953125
14412.1123046875
14212.2275390625
14023.1015625
13848.681640625
13679.1015625
13527.2001953125
13373.7255859375
13225.46484375
13096.4248046875
12959.3291015625
12831.77734375
12704.34765625
12548.2568359375
12395.8837890625
12257.8759765625
12135.474609375
12016.541015625
11905.2197265625
11792.2939453125
11683.16796875
11585.140625
11478.45703125
11379.3408203125
11281.7197265625
11191.2880859375
11102.1494140625
11017.4443359375
10936.6533203125
10838.1611328125
10746.609375
10661.3994140625
10586.7275390625
10525.2314453125
10462.3046875
10404.9345703125
10347.94921875
10291.6357421875
10228.6708984375
10161.6220703125
10098.2275390625
10036.48828125
9980.2900390625
9927.1025390625
9876.421875
9832.4189453125
9785.7353515625
9741.76171875
9696.7783203125
9653.2421875
9608.658203125
9563.8955078125
9519.65625
9473.1240234375
9429.521484375
9386.5908203125
9345.3642578125
9309.1123046875
9270.3193359375
9233.806640625
9197.0185546875
9162.1904296875
9127.2060546875
9093.1103515625
9060.537109375
9027.349609375
8995.923828125
8963.9541015625
