20000.0
20000.0
20000.0
20000.0
20000.0
20000.0
20000.0
20000.0
20000.0
20000.0
20000.0
20000.0
20000.0
20000.0
20000.0
20000.0
20000.0
20000.0
20000.0
20000.0
20000.0
20000.0
20000.0
20000.0
20000.0
20000.0
20000.0
20000.0
20000.0
20000.0
20000.0
20000.0
20000.0
20000.0
20000.0
20000.0
20000.0
19999.982421875
20000.0
19999.9765625
19999.9296875
20000.0
20000.0
20000.0
20000.0
20000.0
20000.0
20000.0
20000.0
20000.0
19999.998046875
20000.0
20000.0
20000.0
20000.0
20000.0
20000.0
20000.0
20000.0
20000.0
20000.0
20000.0
20000.0
20000.0
19999.998046875
19999.99609375
19058.544921875
17831.419921875
16607.6640625
15500.3388671875
14498.244140625
13719.673828125
13034.6357421875
12406.1875
11841.5869140625
11311.6318359375
10791.0126953125
10277.6787109375
9782.1201171875
9381.814453125
8988.0517578125
8644.7900390625
8318.35546875
8024.54638671875
7744.05810546875
7483.70751953125
7257.24951171875
7037.40673828125
6833.9150390625
6633.4150390625
6441.96044921875
6276.34619140625
6106.63623046875
5955.349609375
5808.453125
5676.65869140625
5548.86474609375
5429.26171875
5318.57861328125
5208.87255859375
5106.75146484375
5005.5830078125
4908.5146484375
4823.9287109375
4733.64013671875
4649.4873046875
4565.7470703125
4481.0654296875
4390.302734375
4302.681640625
4221.078125
4139.7744140625
4063.9697265625
3988.6494140625
3916.305908203125
3853.35107421875
3786.347412109375
3723.9228515625
3661.85400390625
3603.947265625
3546.28564453125
3490.6240234375
3438.546142578125
3385.60693359375
3334.933837890625
3283.416259765625
