20000.0
20000.0
20000.0
20000.0
20000.0
20000.0
20000.0
20000.0
20000.0
20000.0
20000.0
20000.0
20000.0
20000.0
20000.0
20000.0
20000.0
20000.0
20000.0
20000.0
19999.833984375
20000.0
20000.0
20000.0
19999.990234375
20000.0
19477.181640625
18584.458984375
17865.46484375
17238.9609375
16726.296875
16200.021484375
15760.8388671875
15400.55078125
15073.369140625
14738.2880859375
14401.9873046875
14073.6572265625
13695.458984375
13360.4453125
13051.8583984375
12771.212890625
12534.99609375
12290.220703125
12066.5009765625
11846.98046875
11644.12109375
11445.595703125
11258.115234375
11086.5419921875
10920.2216796875
10767.9609375
10618.0966796875
10474.26171875
10357.6728515625
10246.587890625
10144.5234375
10043.1416015625
9948.87109375
9855.1806640625
9765.1708984375
9678.4375
9566.7255859375
9471.4013671875
9376.7041015625
9284.755859375
9205.16796875
9122.9794921875
9048.3212890625
8974.9169921875
8896.494140625
8813.6962890625
8733.3681640625
8654.04296875
8575.474609375
8502.0888671875
8426.58203125
8354.099609375
8294.4970703125
8230.0634765625
8169.90673828125
8088.87646484375
8017.341796875
7952.44775390625
7887.8603515625
7818.79931640625
7734.91748046875
7637.74853515625
7513.3837890625
7397.2998046875
7303.8583984375
7210.0302734375
7126.11962890625
7044.2568359375
6960.5
6867.49267578125
6773.87158203125
6685.552734375
6598.82275390625
6517.7353515625
6434.26806640625
6355.80908203125
6288.53076171875
6216.0400390625
6148.07763671875
6080.60693359375
6018.07177734375
5951.06689453125
5878.673828125
5811.06884765625
5746.15478515625
5689.67626953125
5630.45849609375
5571.37890625
5518.9677734375
5462.3544921875
5408.9462890625
5355.326171875
5303.55859375
5249.81689453125
5196.1552734375
5144.4892578125
5089.77783203125
5036.1328125
4981.38525390625
