20000.0
20000.0
20000.0
20000.0
20000.0
20000.0
20000.0
20000.0
20000.0
20000.0
20000.0
20000.0
20000.0
20000.0
20000.0
20000.0
20000.0
20000.0
20000.0
20000.0
20000.0
20000.0
20000.0
20000.0
20000.0
20000.0
20000.0
20000.0
20000.0
19999.685546875
19999.962890625
20000.0
19999.99609375
20000.0
19999.9921875
19999.99609375
20000.0
20000.0
20000.0
20000.0
20000.0
20000.0
20000.0
20000.0
20000.0
20000.0
20000.0
20000.0
20000.0
20000.0
20000.0
19261.263671875
18494.5859375
17810.234375
17221.572265625
16602.12109375
16015.5546875
15468.5927734375
14983.947265625
14512.947265625
14070.890625
13662.5634765625
13199.6806640625
12844.3798828125
12514.669921875
12208.1640625
11947.5849609375
11668.126953125
11424.6943359375
11191.9326171875
10939.9921875
10689.7724609375
10468.6103515625
10245.0859375
10009.724609375
9793.9169921875
9571.80859375
9364.7392578125
9196.533203125
9023.5859375
8857.1044921875
8688.841796875
8528.9228515625
8368.416015625
8214.888671875
8073.16748046875
7939.419921875
7813.24609375
7684.2607421875
7558.482421875
7447.38330078125
7327.4833984375
7214.55224609375
7102.1376953125
6995.55517578125
6883.3466796875
6770.8486328125
6666.02783203125
6560.44091796875
6460.1298828125
6355.30615234375
6254.47705078125
6165.94873046875
6070.28955078125
5979.7841796875
5888.43115234375
5801.68798828125
5713.35888671875
5626.90380859375
5545.24169921875
5463.21875
5385.29296875
5306.09423828125
5227.931640625
5158.0400390625
5080.705078125
5005.91455078125
4929.43896484375
4862.0595703125
4793.2744140625
4726.0244140625
4662.2021484375
4597.0771484375
4533.97412109375
4469.32568359375
