20000.0
20000.0
20000.0
20000.0
20000.0
20000.0
20000.0
20000.0
20000.0
20000.0
20000.0
20000.0
20000.0
20000.0
20000.0
20000.0
20000.0
20000.0
20000.0
20000.0
20000.0
20000.0
20000.0
20000.0
20000.0
20000.0
20000.0
20000.0
20000.0
20000.0
20000.0
20000.0
20000.0
20000.0
20000.0
20000.0
20000.0
20000.0
20000.0
20000.0
20000.0
19985.265625
19999.9140625
20000.0
20000.0
20000.0
19991.55078125
20000.0
20000.0
20000.0
20000.0
20000.0
20000.0
20000.0
20000.0
20000.0
20000.0
20000.0
20000.0
20000.0
20000.0
20000.0
20000.0
20000.0
20000.0
20000.0
20000.0
20000.0
20000.0
20000.0
20000.0
19800.712890625
18662.48828125
17797.267578125
17045.921875
16281.5029296875
15581.3076171875
14884.2138671875
14228.2119140625
13684.7509765625
13133.3798828125
12677.779296875
12272.248046875
11918.1328125
11573.4033203125
11238.6337890625
10923.73046875
10608.4169921875
10312.0029296875
9999.94921875
9700.896484375
9441.8896484375
9170.259765625
8918.591796875
8673.697265625
8449.3505859375
8233.2412109375
8023.759765625
7826.19189453125
7629.96484375
7446.95849609375
7259.259765625
7074.4931640625
6912.24609375
6741.076171875
6583.1015625
6426.08056640625
6275.70361328125
6127.68310546875
5988.63916015625
5862.2646484375
5743.23388671875
5635.4189453125
5530.12109375
5430.9990234375
5345.47998046875
5253.64306640625
5166.7802734375
5079.5517578125
4997.8466796875
4916.45751953125
4838.25048828125
4768.48779296875
4701.8916015625
4638.62451171875
4574.35205078125
