20000.0
20000.0
20000.0
20000.0
20000.0
20000.0
20000.0
20000.0
20000.0
20000.0
20000.0
20000.0
20000.0
20000.0
20000.0
20000.0
20000.0
20000.0
20000.0
20000.0
20000.0
20000.0
20000.0
20000.0
20000.0
20000.0
20000.0
20000.0
20000.0
20000.0
20000.0
20000.0
20000.0
19999.390625
20000.0
19999.966796875
20000.0
19999.9765625
20000.0
19999.982421875
20000.0
20000.0
19999.998046875
20000.0
20000.0
20000.0
19999.818359375
20000.0
20000.0
19999.99609375
20000.0
20000.0
20000.0
20000.0
20000.0
20000.0
19999.990234375
20000.0
20000.0
20000.0
20000.0
20000.0
20000.0
20000.0
20000.0
20000.0
20000.0
20000.0
19999.9921875
19999.998046875
20000.0
19999.9765625
20000.0
19538.837890625
18908.046875
18325.802734375
17772.875
17259.55859375
16847.201171875
16442.763671875
16086.2880859375
15739.986328125
15419.7958984375
15118.4755859375
14834.9990234375
14570.4716796875
14305.5556640625
14059.1904296875
13821.4892578125
13590.958984375
13384.1640625
13160.72265625
12952.1591796875
12739.2666015625
12539.62890625
12340.724609375
12149.8076171875
11971.8525390625
11793.73828125
11626.005859375
11455.244140625
11290.6416015625
11144.28515625
10979.8603515625
10820.6328125
10659.732421875
10508.1689453125
10355.5615234375
10206.2568359375
10065.5439453125
9935.9814453125
9817.31640625
9690.728515625
9562.1640625
9446.4736328125
9320.068359375
9199.2822265625
9073.197265625
8949.326171875
8823.662109375
8700.521484375
8584.33984375
8463.7958984375
8347.0205078125
8229.0244140625
