20000.0
19361.09765625
18427.744140625
18054.42578125
18009.748046875
18576.12109375
19308.533203125
19970.876953125
20000.0
20000.0
20000.0
20000.0
20000.0
20000.0
20000.0
20000.0
20000.0
20000.0
20000.0
20000.0
19999.8046875
20000.0
19999.591796875
18968.6953125
17909.603515625
17140.673828125
16506.734375
15925.603515625
15408.1640625
14965.1259765625
14493.2509765625
14051.5732421875
13624.568359375
13205.9765625
12781.837890625
12367.3681640625
11979.7216796875
11608.7021484375
11278.0517578125
10943.99609375
10617.0439453125
10339.2646484375
10053.20703125
9790.1083984375
9532.404296875
9297.4404296875
9067.1435546875
8865.9931640625
8709.0087890625
8553.0947265625
8407.1748046875
8255.6474609375
8106.67919921875
7976.9892578125
7839.0771484375
7708.7626953125
7575.6142578125
7451.63525390625
7334.984375
7221.00537109375
7112.19384765625
7002.12939453125
6897.86181640625
6793.69873046875
6696.49267578125
6611.6171875
6518.99609375
6428.9677734375
6338.47705078125
6253.6494140625
6168.4560546875
6085.12451171875
6005.85693359375
5925.07080078125
5847.9794921875
5768.486328125
5690.31494140625
5621.90087890625
5548.7353515625
5480.33837890625
5411.9169921875
5347.9150390625
5283.7587890625
5221.16552734375
5161.93310546875
5102.07958984375
5045.45654296875
4988.4990234375
4933.30712890625
4884.79345703125
4832.3984375
4782.76123046875
4732.49853515625
4684.7998046875
4636.44580078125
4588.994140625
4543.94140625
4498.25048828125
4454.8408203125
4410.9072265625
4367.11181640625
4326.92626953125
4283.78759765625
4243.44091796875
4202.53466796875
4163.7958984375
4124.8037109375
4086.880615234375
4051.100830078125
4015.07080078125
3981.13232421875
3946.97314453125
3913.643310546875
3884.15625
3855.31689453125
3828.2197265625
3800.8056640625
3774.6279296875
3747.9052734375
3721.47314453125
3696.17822265625
3670.374267578125
3645.69970703125
3620.523193359375
