20000.0
20000.0
20000.0
20000.0
20000.0
20000.0
20000.0
20000.0
20000.0
20000.0
20000.0
20000.0
20000.0
20000.0
20000.0
20000.0
20000.0
20000.0
20000.0
20000.0
20000.0
20000.0
20000.0
20000.0
20000.0
20000.0
20000.0
20000.0
20000.0
20000.0
20000.0
20000.0
20000.0
20000.0
20000.0
20000.0
20000.0
20000.0
20000.0
20000.0
20000.0
20000.0
19999.673828125
20000.017578125
19999.669921875
20000.0
20000.0
20000.0
20000.0
20000.0
20000.0
20000.015625
20000.01171875
20000.009765625
19999.986328125
19999.986328125
20000.0
20000.005859375
20000.0
20000.0
20000.001953125
20000.0
20000.0
20000.0
19999.994140625
20000.001953125
20000.0
20000.0
20000.0
20000.0
20000.0
20000.0
20000.0
20000.0
20000.0
20000.0
20000.0
20000.0
20000.0
20000.0
20000.0
20000.0
20000.0
19619.271484375
19000.650390625
18379.076171875
17861.380859375
17411.408203125
16983.228515625
16584.533203125
16246.140625
15890.8701171875
15552.0390625
15205.6923828125
14904.6875
14628.234375
14373.9375
14050.650390625
13715.8642578125
13430.00390625
13178.150390625
12951.6474609375
12754.484375
12532.1142578125
12309.4189453125
12071.6767578125
11846.8740234375
11624.861328125
11417.435546875
11230.3125
11044.0751953125
10871.384765625
10699.0390625
10521.6455078125
10372.2744140625
10224.703125
10093.3515625
9964.173828125
9841.97265625
9718.2734375
9596.716796875
9481.513671875
9364.5068359375
9252.3583984375
9137.5
