20000.0
20000.0
20000.0
20000.0
20000.0
20000.0
20000.0
20000.0
20000.0
20000.0
20000.0
20000.0
20000.0
20000.0
20000.0
20000.0
20000.0
20000.0
20000.0
20000.0
20000.0
20000.0
20000.0
20000.0
20000.0
20000.0
20000.0
20000.0
20000.0
20000.0
20000.0
20000.0
20000.0
19999.916015625
20000.0
20000.0
19999.998046875
20000.015625
19999.986328125
20000.0
20000.0
20000.0
20000.0
20000.0
20000.0
20000.0
20000.0
20000.0
20000.0
20000.0
19727.099609375
18852.66015625
18052.123046875
17383.09765625
16703.53125
16097.4765625
15513.1201171875
14975.5810546875
14460.6181640625
14035.5712890625
13647.427734375
13271.2333984375
12930.8818359375
12601.3603515625
12287.375
11906.6005859375
11580.9072265625
11292.72265625
11010.0029296875
10746.9013671875
10484.4404296875
10248.34375
10052.9384765625
9826.126953125
9596.62109375
9322.671875
9096.8828125
8912.234375
8708.9013671875
8517.658203125
8324.9326171875
8137.72705078125
7952.20263671875
7782.31982421875
7629.0576171875
7478.8203125
7341.39013671875
7205.00634765625
7077.287109375
6966.4501953125
6845.60107421875
6728.89501953125
6616.0087890625
6516.166015625
6408.42041015625
6296.1484375
6184.70703125
6069.111328125
5958.24072265625
5845.0966796875
5734.533203125
5635.8564453125
5531.3974609375
5428.7529296875
5321.1865234375
5219.9267578125
5118.83447265625
5021.1748046875
4934.50341796875
4847.513671875
4767.015625
4688.20458984375
4613.52783203125
4547.46240234375
4476.056640625
4409.4599609375
4343.2529296875
4280.26025390625
4218.0673828125
4158.18310546875
4102.5537109375
4046.786376953125
3994.064697265625
3940.68994140625
