20000.0
20000.0
20000.0
20000.0
20000.0
20000.0
20000.0
20000.0
20000.0
20000.0
20000.0
20000.0
20000.0
20000.0
20000.0
20000.0
20000.0
20000.0
20000.0
20000.0
20000.0
20000.0
20000.0
20000.0
20000.0
20000.0
20000.0
20000.0
20000.0
20000.0
20000.0
20000.0
20000.0
20000.0
20000.0
20000.0
20000.0
20000.0
20000.001953125
19999.98828125
19999.9296875
19999.873046875
20000.0
20000.0
20000.0
20000.0
20000.0
19999.998046875
20000.0
20000.0
20000.0
20000.0
20000.0
20000.0
20000.0
20000.0
20000.0
20000.0
20000.0
20000.0
20000.0
20000.0
20000.0
20000.0
20000.0
20000.0
20000.0
20000.0
20000.0
20000.0
20000.0
20000.0
20000.0
20000.0
20000.0
20000.0
20000.0
20000.0
20000.0
20000.0
20000.0
20000.0
20000.0
20000.0
20000.0
20000.0
20000.0
20000.0
20000.0
20000.0
20000.0
19999.470703125
20000.0
19313.810546875
18496.927734375
17746.916015625
17080.01171875
16456.560546875
15909.90234375
15395.3408203125
14903.4130859375
14489.2138671875
14055.494140625
13651.658203125
13249.6748046875
12872.7646484375
12491.3876953125
12117.083984375
11764.6552734375
11416.5986328125
11078.7314453125
10756.138671875
10456.5869140625
10190.02734375
9902.634765625
9628.1826171875
9350.056640625
9077.5390625
8802.666015625
8546.9599609375
8320.1484375
8097.7900390625
7892.8330078125
7692.8525390625
