20000.0
20000.0
20000.0
20000.0
20000.0
20000.0
20000.0
20000.0
20000.0
20000.0
20000.0
20000.0
20000.0
20000.0
20000.0
20000.0
20000.0
20000.0
20000.0
20000.0
20000.0
20000.0
20000.0
20000.0
20000.0
20000.0
20000.0
20000.0
20000.0
20000.0
20000.0
20000.0
20000.0
20000.0
20000.0
20000.0
20000.0
20000.0
20000.0
20000.0
20000.0
20000.0
20000.0
20000.0
19999.966796875
20000.0
20000.0
19999.998046875
20000.0
19999.4375
20000.0
20000.0
19999.998046875
20000.0
20000.0
20000.0
19999.99609375
20000.013671875
20000.0
20000.00390625
20000.0
20000.0
20000.0
20000.0
20000.0
20000.0
20000.0
19999.994140625
20000.0
20000.0
20000.0
20000.0
20000.0
19999.98828125
19861.13671875
19646.5703125
19437.36328125
19244.72265625
19037.923828125
18852.86328125
18675.634765625
18419.056640625
18056.5078125
17669.8203125
17295.0625
16922.99609375
16581.341796875
16246.9677734375
15923.580078125
15659.75
15383.6669921875
15130.6455078125
14870.9755859375
14618.4931640625
14366.244140625
14121.94921875
13893.7646484375
13665.8369140625
13452.48828125
13238.8515625
13034.0625
12856.4189453125
12665.1708984375
12484.83984375
12303.3544921875
12124.7001953125
11943.791015625
11769.3388671875
11605.3291015625
11441.4326171875
11288.3544921875
11148.7265625
11012.80859375
10906.9873046875
10791.533203125
10681.7421875
10570.35546875
10464.3369140625
10356.6748046875
10250.66796875
10149.6923828125
10047.04296875
9949.29296875
9850.1474609375
