20000.0
20000.0
20000.0
20000.0
20000.0
20000.0
20000.0
20000.0
20000.0
20000.0
20000.0
20000.0
20000.0
20000.0
20000.0
20000.0
20000.0
20000.0
20000.0
20000.0
20000.0
20000.0
20000.0
20000.0
20000.0
20000.0
20000.0
20000.0
19999.998046875
20000.0
20000.0
19999.671875
19999.998046875
20000.0
19999.98828125
20000.0
20000.0
20000.0
20000.00390625
20000.0
20000.0
20000.0
20000.0
20000.0
20000.0
20000.0
20000.0
20000.0
20000.0
20000.0
20000.0
20000.0
20000.0
20000.0
20000.0
20000.0
19874.07421875
19404.580078125
18951.056640625
18365.58984375
17825.65625
17283.501953125
16851.572265625
16364.2744140625
15935.3056640625
15598.939453125
15254.1748046875
14935.3701171875
14634.97265625
14364.79296875
14096.7666015625
13851.3720703125
13638.505859375
13443.6865234375
13277.3564453125
13126.0
12992.02734375
12875.134765625
12750.91796875
12636.6630859375
12523.369140625
12417.7265625
12311.92578125
12206.17578125
12106.0595703125
12006.33203125
11912.7353515625
11819.4208984375
11728.90234375
11649.6513671875
11563.65234375
11482.6708984375
11401.5009765625
11323.578125
11245.7373046875
11170.20703125
11098.74609375
11026.67578125
10958.4697265625
10888.671875
10819.1865234375
10756.4931640625
10687.8466796875
10621.580078125
10553.361328125
10486.974609375
10415.099609375
10341.7783203125
10270.23828125
10195.4892578125
10121.677734375
10044.0458984375
9965.6240234375
9903.7607421875
9833.1552734375
9760.5595703125
9682.9306640625
9607.455078125
9528.85546875
9450.099609375
9372.025390625
9290.259765625
9211.0751953125
9128.38671875
