20000.0
20000.0
20000.0
20000.0
20000.0
20000.0
20000.0
20000.0
20000.0
20000.0
20000.0
20000.0
20000.0
20000.0
20000.0
20000.0
20000.0
20000.0
20000.0
20000.0
20000.0
20000.0
20000.0
20000.0
20000.0
20000.0
20000.0
20000.0
20000.0
20000.0
20000.0
20000.0
20000.0
20000.0
20000.0
20000.0
20000.0
20000.0
19999.52734375
19999.345703125
20000.0
19997.9921875
20000.0
20000.0
20000.0
20000.0
20000.0
20000.00390625
20000.0
20000.001953125
20000.0
20000.0
20000.0
20000.0
20000.0
20000.0
20000.0
19999.99609375
20000.0
20000.0
20000.0
20000.0
20000.0
20000.0
20000.0
20000.0
20000.0
19999.998046875
20000.0
20000.0
20000.0
20000.0
20000.0
19999.96875
20000.0
19999.966796875
20000.0
20000.0
20000.0
20000.0
20000.0
20000.0
20000.0
20000.0
20000.0
20000.0
20000.0
20000.0
20000.0
20000.0
20000.0
20000.0
20000.0
20000.0
20000.0
20000.0
20000.0
20000.0
20000.0
19868.865234375
19494.375
19143.703125
18754.765625
18413.1875
17988.427734375
17597.435546875
17203.3671875
16828.845703125
16497.439453125
16196.193359375
15931.6806640625
15667.384765625
15406.2705078125
15166.6630859375
14890.34375
14627.2119140625
14370.9853515625
14140.427734375
13911.2607421875
13688.6103515625
13477.533203125
13262.0859375
13064.908203125
12875.982421875
