20000.0
20000.0
19113.373046875
18324.568359375
17865.53125
17756.625
18123.205078125
18596.19921875
19104.701171875
19581.326171875
20000.0
20000.0
20000.0
20000.0
20000.0
20000.0
20000.0
20000.0
19999.869140625
19999.998046875
20000.0
19999.88671875
19037.8828125
17310.841796875
16225.1552734375
15315.58984375
14563.2333984375
13851.720703125
13240.2890625
12756.6220703125
12303.6806640625
11920.3984375
11566.484375
11272.890625
11004.33203125
10758.845703125
10516.7900390625
10269.10546875
10041.3994140625
9815.4462890625
9614.744140625
9448.3955078125
9278.9384765625
9127.74609375
8983.0517578125
8864.376953125
8768.373046875
8677.0400390625
8592.224609375
8508.3564453125
8430.4697265625
8353.228515625
8278.6337890625
8212.81640625
8141.8056640625
8075.07763671875
8008.43359375
7945.78125
7883.0986328125
7822.69873046875
7765.5595703125
7706.70556640625
7649.990234375
7592.46142578125
7536.3662109375
7486.46630859375
7431.9208984375
7379.767578125
7326.6982421875
7276.34423828125
7225.47607421875
7175.7099609375
7128.4443359375
7080.4501953125
7034.705078125
6988.43798828125
6943.31298828125
6903.2197265625
6859.703125
6818.21240234375
6775.9560546875
6735.61328125
6694.5751953125
6654.14208984375
6615.6962890625
6576.62109375
6539.4423828125
6502.712890625
6470.13818359375
6441.896484375
6411.59716796875
6382.99560546875
6354.08154296875
6326.64306640625
6298.76171875
6271.7177734375
6245.90966796875
6219.662109375
6194.38623046875
6168.48779296875
6142.9091796875
6118.6357421875
6092.1689453125
6067.353515625
6042.4453125
6018.91845703125
5992.9921875
5966.388671875
5940.71923828125
5914.62890625
5889.95263671875
5865.0634765625
5840.82177734375
5819.4140625
5796.23876953125
5774.35791015625
5752.2548828125
5731.48876953125
5710.56298828125
5690.11181640625
5670.7158203125
5651.09375
5632.4775390625
5613.6533203125
