20000.0
20000.0
20000.0
20000.0
20000.0
20000.0
20000.0
20000.0
20000.0
20000.0
20000.0
20000.0
20000.0
20000.0
20000.0
20000.0
20000.0
20000.0
20000.0
20000.0
20000.0
20000.0
20000.0
20000.0
20000.0
20000.0
20000.0
19999.986328125
20000.0
19999.900390625
19999.96484375
20000.0
20000.0
19999.845703125
20000.0
20000.0
19759.427734375
19239.541015625
18758.01953125
18334.634765625
17911.134765625
17520.087890625
17199.830078125
16878.12109375
16589.716796875
16298.4345703125
16017.9140625
15734.4970703125
15460.990234375
15207.51953125
14960.7802734375
14733.1240234375
14502.1923828125
14277.3486328125
14080.2236328125
13870.1015625
13674.59765625
13480.7578125
13302.9638671875
13128.6416015625
12962.326171875
12807.919921875
12645.6103515625
12483.6962890625
12314.5146484375
12147.078125
11998.3955078125
11834.3671875
11678.8232421875
11523.5009765625
11378.63671875
11246.19921875
11111.81640625
10982.748046875
10851.06640625
10723.6533203125
10591.7998046875
10459.7646484375
10346.890625
10238.7294921875
10138.02734375
10036.4619140625
9940.248046875
9842.7099609375
9747.1982421875
9655.7001953125
9562.2275390625
9472.025390625
9377.44921875
9285.330078125
9191.5634765625
9083.6376953125
8990.322265625
8899.142578125
8813.9677734375
8727.8046875
8642.7275390625
8561.326171875
8475.4287109375
8393.201171875
8310.8779296875
8230.849609375
8160.4765625
8084.685546875
8012.37060546875
7936.88916015625
7861.60400390625
7783.6650390625
7709.1240234375
7640.310546875
7571.9365234375
7507.77587890625
7440.60888671875
7371.80224609375
7309.68310546875
7241.708984375
7171.85791015625
7094.25244140625
7010.90966796875
6928.79638671875
6855.5771484375
6791.7666015625
6730.7119140625
6675.06494140625
6617.205078125
