20000.0
20000.0
20000.0
20000.0
20000.0
20000.0
20000.0
20000.0
20000.0
20000.0
20000.0
20000.0
20000.0
20000.0
20000.0
20000.0
20000.0
20000.0
20000.0
20000.0
20000.0
20000.0
20000.0
20000.0
20000.0
20000.0
20000.0
20000.0
20000.0
20000.0
20000.0
19999.947265625
20000.0
20000.0
19999.994140625
20000.0
19363.619140625
18662.275390625
18074.259765625
17537.908203125
17061.396484375
16680.921875
16313.3212890625
15988.9775390625
15679.9375
15414.0361328125
15164.8447265625
14934.19140625
14725.4658203125
14523.1103515625
14330.1533203125
14139.01953125
13957.578125
13802.982421875
13641.6640625
13493.333984375
13346.734375
13209.8359375
13073.732421875
12942.2568359375
12817.9755859375
12694.2490234375
12578.630859375
12462.4462890625
12349.7724609375
12250.9794921875
12144.400390625
12043.1923828125
11941.17578125
11844.20703125
11741.859375
11640.359375
11543.33984375
11446.0439453125
11354.4755859375
11265.966796875
11179.9482421875
11103.080078125
11019.1015625
10939.435546875
10859.244140625
10783.978515625
10710.4111328125
10641.3173828125
10579.6611328125
10518.5966796875
10461.2333984375
10403.3876953125
10346.8779296875
10296.82421875
10242.9619140625
10192.4716796875
10141.51171875
10093.169921875
10044.1484375
9996.5654296875
9951.8291015625
9906.728515625
9864.0966796875
9820.9765625
9778.9638671875
9742.17578125
9703.9775390625
9668.599609375
9633.00390625
9599.330078125
9565.287109375
9531.9833984375
9500.2451171875
9468.15234375
9438.2978515625
9408.3173828125
9380.482421875
9356.48046875
9329.6376953125
9303.748046875
9277.228515625
9251.9404296875
9226.392578125
9201.0732421875
9177.017578125
9151.6865234375
9125.451171875
9097.814453125
