20000.0
20000.0
20000.0
20000.0
20000.0
20000.0
20000.0
20000.0
20000.0
20000.0
20000.0
20000.0
20000.0
20000.0
20000.0
20000.0
20000.0
20000.0
20000.0
20000.0
20000.0
20000.0
20000.0
20000.0
20000.0
19999.990234375
20000.0
20000.0
20000.0
20000.0
19999.998046875
20000.0
20000.0
20000.0
20000.0
20000.0
20000.0
20000.0
20000.0
20000.0
19999.998046875
20000.0
19999.990234375
20000.0
20000.0
19999.912109375
20000.0
20000.0
20000.0
19533.515625
18820.46484375
18185.443359375
17634.439453125
17172.05859375
16700.171875
16276.998046875
15869.8955078125
15509.25390625
15167.7900390625
14854.80078125
14569.501953125
14300.8447265625
14062.0537109375
13830.8291015625
13609.322265625
13414.9287109375
13203.611328125
12999.3017578125
12780.1279296875
12561.4287109375
12341.025390625
12127.2705078125
11942.7080078125
11759.90234375
11569.6201171875
11274.390625
10981.3056640625
10729.6845703125
10468.1005859375
10228.28515625
9993.193359375
9778.134765625
9570.0703125
9376.7724609375
9200.10546875
9016.6865234375
8835.0517578125
8645.5419921875
8455.6064453125
8283.45703125
8098.96923828125
7929.90185546875
7774.26806640625
7626.19091796875
7473.6962890625
7323.81982421875
7184.046875
7035.68603515625
6886.6767578125
6731.3564453125
6575.97802734375
6436.99658203125
6286.1826171875
6143.25927734375
6000.5537109375
5870.7353515625
5740.71435546875
5614.064453125
5495.38525390625
5374.98974609375
5264.033203125
5156.5048828125
5050.41064453125
4958.71875
4862.09814453125
4766.8125
4669.4912109375
4578.69677734375
4489.03564453125
4403.404296875
4323.69384765625
4244.44189453125
4170.24462890625
4095.78564453125
