20000.0
20000.0
20000.0
20000.0
20000.0
20000.0
20000.0
20000.0
20000.0
20000.0
20000.0
20000.0
20000.0
20000.0
20000.0
20000.0
20000.0
20000.0
20000.0
20000.0
20000.0
20000.0
20000.0
20000.0
20000.0
20000.0
20000.0
20000.0
20000.0
20000.0
19999.96875
19999.99609375
19999.98046875
20000.0
19999.953125
20000.0
19999.998046875
19999.99609375
19999.998046875
20000.0
20000.0
20000.0
19999.998046875
20000.0
20000.0
20000.0
20000.0
20000.0
20000.0
20000.0
20000.0
20000.0
20000.0
20000.0
20000.0
20000.0
20000.0
20000.0
19459.39453125
18906.68359375
18369.505859375
17835.8671875
17340.13671875
16875.080078125
16458.90625
16016.45703125
15563.7666015625
15142.302734375
14760.7958984375
14419.4404296875
14055.8671875
13723.73828125
13435.916015625
13152.681640625
12868.5888671875
12610.8671875
12383.6162109375
12201.9326171875
12014.3271484375
11837.59375
11659.9453125
11489.599609375
11303.2255859375
11108.900390625
10937.357421875
10762.0029296875
10596.2861328125
10432.203125
10279.1767578125
10155.30078125
10034.9462890625
9926.5322265625
9812.576171875
9703.8193359375
9593.5048828125
9485.4052734375
9383.337890625
9281.6484375
9186.00390625
9089.4931640625
8996.830078125
8916.130859375
8828.3173828125
8746.8466796875
8666.349609375
8597.767578125
8528.283203125
8459.5673828125
8394.5166015625
8328.8828125
8266.8740234375
8204.5234375
8143.9033203125
8090.47216796875
8033.0859375
7979.0146484375
7925.97265625
7875.90380859375
7826.1982421875
7777.951171875
7733.138671875
7688.1728515625
7645.07763671875
7601.08349609375
