20000.0
20000.0
20000.0
20000.0
20000.0
20000.0
20000.0
20000.0
20000.0
20000.0
20000.0
20000.0
20000.0
20000.0
20000.0
20000.0
20000.0
20000.0
20000.0
20000.0
20000.0
20000.0
20000.0
20000.0
20000.0
20000.0
20000.0
20000.0
20000.0
20000.0
20000.0
20000.0
20000.0
20000.0
20000.0
20000.0
20000.0
20000.0
20000.0
20000.0
20000.0
20000.0
20000.0
20000.0
20000.0
20000.0
20000.0
20000.0
20000.0
20000.0
20000.0
20000.0
19999.9921875
20000.0
20000.0
19999.982421875
20000.0
19999.984375
19999.982421875
20000.0
20000.0
20000.0
20000.0
20000.0
20000.0
19586.033203125
19098.765625
18665.947265625
18240.8515625
17846.443359375
17461.193359375
17103.57421875
16776.861328125
16480.7734375
16229.4833984375
15965.748046875
15699.021484375
15460.1826171875
15200.0537109375
14945.73828125
14693.0166015625
14455.82421875
14218.49609375
13987.8251953125
13772.1337890625
13561.4072265625
13363.5380859375
13162.2421875
12957.8828125
12774.94140625
12578.76953125
12391.9033203125
12206.736328125
12036.4111328125
11868.61328125
11708.8603515625
11561.1875
11414.7490234375
11278.0244140625
11138.8642578125
10997.064453125
10872.0205078125
10760.013671875
10656.3212890625
10552.4228515625
10453.603515625
10352.4638671875
10251.900390625
10155.3603515625
10056.744140625
9962.5
9866.4296875
9771.1865234375
9685.8583984375
9592.537109375
9503.9208984375
9414.28515625
9329.6826171875
9244.400390625
9161.1923828125
9082.921875
9004.423828125
8929.876953125
8854.0205078125
