20000.0
20000.0
20000.0
20000.0
20000.0
20000.0
20000.0
20000.0
20000.0
20000.0
20000.0
20000.0
20000.0
20000.0
20000.0
20000.0
20000.0
20000.0
20000.0
20000.0
20000.0
20000.0
20000.0
20000.0
20000.0
20000.0
20000.0
20000.0
20000.0
20000.0
20000.0
20000.0
20000.0
20000.0
20000.0
20000.0
20000.0
20000.0
19999.994140625
19999.984375
20000.0
20000.0
20000.0
20000.0
20000.0
20000.0
20000.0
20000.0
20000.0
20000.0
20000.0
20000.0
19999.994140625
20000.0
19999.998046875
20000.0
20000.0
19999.92578125
20000.0
20000.0
20000.0
19262.609375
18518.28515625
17850.236328125
17194.849609375
16598.357421875
16022.564453125
15483.302734375
15027.2236328125
14542.087890625
14102.5380859375
13713.5859375
13388.7861328125
13071.935546875
12772.3017578125
12498.5068359375
12227.9140625
11978.1142578125
11732.662109375
11438.68359375
11185.9267578125
10944.056640625
10726.9736328125
10518.4716796875
10334.298828125
10155.2138671875
9966.2861328125
9755.20703125
9557.0537109375
9371.5419921875
9179.9951171875
9009.166015625
8853.45703125
8674.154296875
8508.23046875
8352.6708984375
8209.1669921875
8059.26708984375
7906.4453125
7762.3037109375
7619.69384765625
7486.59228515625
7352.556640625
7222.29443359375
7108.03564453125
6984.99267578125
6868.72705078125
6749.7109375
6635.52978515625
6520.0078125
6408.3486328125
6309.14208984375
6209.94970703125
6115.4501953125
6019.35107421875
5926.2001953125
5842.9833984375
5751.39111328125
5663.2802734375
5573.1083984375
5487.3798828125
5401.123046875
5318.5830078125
5241.56298828125
5165.89111328125
5096.63134765625
5027.73193359375
