20000.0
20000.0
20000.0
20000.0
20000.0
20000.0
20000.0
20000.0
20000.0
20000.0
20000.0
20000.0
20000.0
20000.0
20000.0
20000.0
20000.0
20000.0
20000.0
20000.0
20000.0
20000.0
20000.0
20000.0
19999.994140625
20000.0
20000.0
20000.0
19999.98828125
20000.0
20000.0
20000.0
20000.0
20000.0
20000.0
20000.0
20000.0
19999.994140625
20000.0
20000.00390625
20000.0
20000.0
20000.0
20000.0
20000.0
20000.0
20000.0
20000.0
20000.0
20000.0
20000.0
20000.0
20000.0
20000.0
20000.0
20000.0
20000.0
20000.0
20000.0
20000.0
20000.0
20000.0
19903.53515625
19179.1796875
18459.197265625
17824.96875
17201.703125
16599.462890625
15841.3896484375
15251.6181640625
14722.6640625
14237.6689453125
13779.955078125
13344.052734375
12954.9150390625
12580.6044921875
12257.4140625
11976.224609375
11680.1923828125
11410.2333984375
11139.50390625
10880.49609375
10631.08203125
10379.48046875
10138.7470703125
9899.009765625
9665.2919921875
9428.580078125
9199.228515625
8998.24609375
8770.83984375
8556.49609375
8343.2421875
8141.69287109375
7935.80517578125
7738.076171875
7555.04833984375
7378.59619140625
7212.15869140625
7044.85205078125
6882.36474609375
6739.23486328125
6586.04248046875
6443.337890625
6306.771484375
6179.46875
6051.23974609375
5926.775390625
5809.50732421875
5692.48291015625
5588.85888671875
5485.7958984375
5387.9658203125
5304.11376953125
5214.82421875
5130.89208984375
5046.35107421875
4967.1611328125
4887.7958984375
4814.57177734375
4751.20849609375
4688.994140625
4631.01611328125
4573.4970703125
