20000.0
20000.0
20000.0
20000.0
20000.0
20000.0
20000.0
20000.0
20000.0
20000.0
20000.0
20000.0
20000.0
20000.0
20000.0
20000.0
20000.0
20000.0
20000.0
20000.0
20000.0
20000.0
20000.0
20000.0
20000.0
20000.0
20000.0
20000.0
20000.0
20000.0
20000.0
20000.0
20000.0
20000.0
20000.0
20000.0
20000.0
20000.0
20000.0
20000.0
20000.0
20000.0
20000.0
19999.99609375
20000.005859375
19998.001953125
20000.0
20000.0
19999.998046875
20000.0
20000.0
20000.0
20000.0078125
20000.0
20000.00390625
20000.0
20000.001953125
20000.0
20000.0
19999.994140625
20000.0
20000.0
20000.0
20000.0
19999.998046875
20000.0
20000.0
20000.0
20000.0
20000.0
20000.0
20000.0
20000.0
20000.0
20000.0
20000.0
20000.0
20000.0
20000.0
20000.0
20000.0
20000.0
20000.0
20000.0
19999.998046875
20000.0
20000.0
20000.0
20000.0
20000.0
20000.0
19836.458984375
19576.87890625
19210.841796875
18882.505859375
18618.8359375
18373.234375
18152.384765625
17937.22265625
17736.068359375
17562.7421875
17378.751953125
17207.638671875
17037.337890625
16888.962890625
16748.38671875
16624.6484375
16506.498046875
16380.0732421875
16248.896484375
16098.9853515625
15945.291015625
15805.76171875
15663.1474609375
15537.5546875
15418.6826171875
15310.19921875
15201.228515625
15094.6220703125
14995.5732421875
14897.50390625
14804.90625
14702.23828125
