20000.0
20000.0
20000.0
20000.0
20000.0
20000.0
20000.0
20000.0
20000.0
20000.0
20000.0
20000.0
20000.0
20000.0
20000.0
20000.0
20000.0
20000.0
20000.0
20000.0
20000.0
20000.0
20000.0
20000.0
20000.0
20000.0
20000.0
20000.0
20000.0
20000.0
20000.0
20000.0
20000.0
20000.00390625
19999.99609375
19999.998046875
20000.0
20000.0
20000.0
20000.0
20000.0
20000.013671875
20000.0
20000.0
20000.009765625
20000.0
20000.0
20000.00390625
20000.005859375
20000.0
20000.0
20000.0
20000.005859375
20000.0
20000.0
20000.001953125
20000.0
20000.0
20000.0
19999.994140625
20000.0
19996.36328125
20000.0
20000.0
20000.0
19501.34765625
18935.478515625
18338.552734375
17795.322265625
17269.33203125
16777.1171875
16293.3955078125
15833.7080078125
15420.1376953125
15025.8583984375
14661.318359375
14180.7587890625
13798.7626953125
13489.013671875
13196.4248046875
12947.3115234375
12703.4375
12474.23046875
12247.8642578125
12017.6826171875
11778.9814453125
11555.9638671875
11363.23828125
11170.6826171875
10971.78125
10799.14453125
10623.8203125
10457.201171875
10289.3564453125
10127.9619140625
9965.755859375
9808.8349609375
9660.578125
9511.30859375
9371.654296875
9234.8876953125
9104.712890625
8991.375
8867.6181640625
8750.5380859375
8631.978515625
8521.884765625
8409.12890625
8296.2255859375
8187.3984375
8076.64697265625
7971.16796875
7863.736328125
7759.1728515625
7666.314453125
7565.322265625
7469.71630859375
7373.48095703125
7282.572265625
7190.8427734375
7101.3935546875
7013.7041015625
6922.47021484375
6835.533203125
6747.12109375
