20000.0
20000.0
19571.189453125
19049.318359375
18727.216796875
18900.013671875
19327.76953125
19796.119140625
20000.0
20000.0
20000.0
20000.0
20000.0
20000.0
20000.0
20000.0
20000.0
20000.0
20000.0
20000.0
20000.0
20000.0
19999.611328125
19865.73828125
18803.154296875
17997.576171875
17410.42578125
16894.466796875
16419.533203125
16032.8662109375
15625.453125
14940.6962890625
14213.146484375
13595.5458984375
12901.203125
12311.2119140625
11744.453125
11227.0458984375
10809.8349609375
10385.7119140625
10005.98046875
9639.2587890625
9298.974609375
9068.974609375
8829.681640625
8607.7919921875
8387.673828125
8180.93505859375
7973.60302734375
7771.9033203125
7582.9560546875
7395.0556640625
7219.5439453125
7042.04833984375
6866.68017578125
6712.73046875
6548.60693359375
6395.51220703125
6242.5751953125
6099.45556640625
5956.9619140625
5818.87060546875
5689.65185546875
5561.3046875
5441.337890625
5321.36474609375
5205.13330078125
5103.4365234375
5007.65185546875
4912.32275390625
4813.84375
4721.38037109375
4629.30908203125
4541.01513671875
4459.072265625
4377.7607421875
4301.98486328125
4226.5986328125
4153.9814453125
4090.767822265625
4024.734619140625
3969.193603515625
3914.238525390625
3862.708740234375
3810.851318359375
3760.364013671875
3713.8974609375
3666.994873046875
3622.389892578125
3577.325439453125
3533.03173828125
3493.55810546875
3450.83056640625
3410.46728515625
3370.0771484375
3327.936279296875
3278.6650390625
3236.903564453125
3199.71044921875
3163.11083984375
3128.84814453125
3094.494384765625
3061.05615234375
3030.275634765625
2998.342041015625
2970.644775390625
2943.467041015625
2917.96630859375
2892.498779296875
2867.67578125
2844.0302734375
2820.180419921875
2797.46337890625
2769.46435546875
2736.625
2704.12451171875
2671.39111328125
2643.782470703125
2618.755126953125
2596.869384765625
2575.837646484375
2555.84375
2535.631103515625
2513.729248046875
2492.600830078125
2471.5517578125
