20000.0
20000.0
20000.0
19999.998046875
19999.998046875
20000.0
20000.0
20000.0
20000.0
20000.0
20000.0
20000.0
20000.0
20000.0
20000.0
20000.0
20000.0
20000.0
20000.0
20000.0
20000.0
20000.0
20000.0
20000.0
20000.0
20000.0
20000.0
20000.0
20000.0
20000.0
20000.0
20000.0
20000.0
20000.0
20000.0
20000.0
19999.998046875
19997.978515625
20000.0
20000.013671875
19999.97265625
20000.0
19999.99609375
19999.966796875
20000.0
19999.998046875
20000.0
20000.0
20000.001953125
20000.0
20000.0
20000.0
20000.0
20000.0
20000.0
19999.96484375
20000.0
20000.0
20000.0
20000.0
20000.0
19999.998046875
20000.0
19999.990234375
20000.0
20000.0
20000.0
20000.0
20000.0
20000.0
20000.0
19919.662109375
19580.748046875
19262.994140625
18937.751953125
18504.40234375
18164.052734375
17870.798828125
17626.15625
17372.66015625
17140.74609375
16913.8828125
16705.861328125
16502.705078125
16319.537109375
16156.873046875
15994.1171875
15841.8447265625
15693.37109375
15550.7158203125
15397.3681640625
15202.4638671875
15007.5625
14831.474609375
14681.759765625
14546.80859375
14424.673828125
14303.6474609375
14177.38671875
14052.234375
13920.5302734375
13788.8583984375
13665.5859375
13526.20703125
13389.3369140625
13251.7548828125
13123.939453125
12994.1298828125
12866.75
12745.24609375
12618.9208984375
12494.9619140625
12363.4658203125
12229.9501953125
12109.890625
11975.3349609375
11843.0498046875
11698.69140625
11561.287109375
11435.1708984375
11318.1357421875
11211.205078125
11104.515625
11002.93359375
10899.6240234375
