20000.0
20000.0
20000.0
20000.0
20000.0
20000.0
20000.0
20000.0
20000.0
20000.0
20000.0
20000.0
20000.0
20000.0
20000.0
19999.833984375
20000.0
20000.0
19999.998046875
20000.0
19371.666015625
18145.634765625
17110.123046875
16260.216796875
15553.0
14924.177734375
14373.0615234375
13850.6845703125
13371.392578125
12945.61328125
12489.7490234375
12142.87109375
11836.3994140625
11571.4912109375
11319.16015625
11075.1748046875
10871.4091796875
10635.3359375
10417.5849609375
10187.48046875
9955.7119140625
9778.8076171875
9593.3017578125
9419.728515625
9259.138671875
9114.75
8964.7763671875
8819.083984375
8686.9931640625
8560.701171875
8448.3955078125
8339.765625
8235.146484375
8144.78271484375
8050.20849609375
7964.326171875
7880.46728515625
7801.88427734375
7722.0703125
7643.361328125
7568.2666015625
7491.66259765625
7418.3681640625
7343.26708984375
7269.10888671875
7202.875
7132.58544921875
7063.0478515625
6991.80810546875
6926.45654296875
6860.9521484375
6797.228515625
6736.27685546875
6673.76611328125
6613.64111328125
6552.0234375
6490.43408203125
6434.75146484375
6373.8447265625
6315.80810546875
6256.5458984375
6199.6650390625
6142.0498046875
6084.82421875
6029.9794921875
5974.04443359375
5920.7646484375
5866.58203125
5813.27783203125
5765.77392578125
5713.939453125
5666.59912109375
5618.80224609375
5572.76513671875
5525.9130859375
5479.93798828125
5436.56689453125
5392.7802734375
5350.66748046875
5306.1611328125
5260.564453125
5218.8271484375
5172.49267578125
5126.54443359375
5078.68896484375
5033.767578125
4988.8818359375
4945.044921875
4903.2080078125
4860.46875
4819.77197265625
4778.919921875
4739.93505859375
4706.45703125
4673.62158203125
4643.67138671875
4615.75537109375
4589.50634765625
4562.75927734375
4536.11083984375
4510.43310546875
4484.27880859375
4458.46826171875
4431.22705078125
