20000.0
20000.0
20000.0
20000.0
20000.0
20000.0
20000.0
20000.0
20000.0
20000.0
20000.0
20000.0
20000.0
20000.0
20000.0
20000.0
20000.0
20000.0
20000.0
20000.0
20000.0
20000.0
20000.0
20000.0
20000.0
20000.0
20000.0
19999.8359375
19999.720703125
20000.0
20000.0
20000.0
20000.0
20000.0
20000.0
20000.0
20000.0
20000.0
20000.0
20000.0
20000.0
20000.0
20000.0
20000.0
20000.0
19999.998046875
20000.0
19999.998046875
19168.744140625
18175.681640625
17106.125
16180.8740234375
15320.359375
14594.3740234375
13961.6494140625
13420.7314453125
13015.818359375
12627.947265625
12276.4501953125
11944.3876953125
11626.7998046875
11300.3564453125
10977.45703125
10659.7333984375
10324.3935546875
10014.671875
9650.080078125
9296.1796875
9003.234375
8712.83203125
8454.3203125
8208.1884765625
7988.61962890625
7777.16796875
7577.33447265625
7389.07763671875
7207.77197265625
7041.7216796875
6877.97705078125
6723.015625
6590.5244140625
6451.3427734375
6323.84228515625
6198.16845703125
6081.69580078125
5971.3525390625
5865.263671875
5763.92919921875
5661.197265625
5565.08544921875
5471.21533203125
5383.7021484375
5310.10107421875
5233.5263671875
5162.93994140625
5095.255859375
5031.66162109375
4969.1787109375
4910.50927734375
4857.265625
4804.99951171875
4756.60986328125
4708.54541015625
4662.21337890625
4621.869140625
4578.91015625
4538.75146484375
4498.80615234375
4461.35693359375
4423.5888671875
4386.93310546875
4352.556640625
4318.2734375
4286.2265625
4254.31689453125
4223.74853515625
4197.2421875
4169.05517578125
4142.73583984375
4116.70849609375
4092.484130859375
4068.587158203125
4045.553955078125
4024.1328125
4002.619140625
3982.759521484375
3963.076904296875
