20000.0
20000.0
20000.0
20000.0
20000.0
20000.0
20000.0
20000.0
20000.0
20000.0
20000.0
20000.0
20000.0
20000.0
20000.0
20000.0
20000.0
20000.0
20000.0
20000.009765625
20000.0
20000.0
20000.0
20000.0
20000.0
20000.0
19999.9921875
20000.0
20000.0
20000.0
20000.0
20000.0
20000.0
20000.0
20000.0
19472.177734375
18457.3828125
17669.189453125
17028.2578125
16489.232421875
15976.60546875
15497.857421875
15070.0625
14646.294921875
14195.521484375
13788.076171875
13416.828125
13101.697265625
12813.7607421875
12527.9921875
12279.943359375
12058.1103515625
11860.4755859375
11697.58984375
11524.958984375
11365.240234375
11212.8271484375
11074.9794921875
10942.853515625
10819.4677734375
10706.484375
10593.22265625
10487.314453125
10381.576171875
10279.2177734375
10188.666015625
10087.1103515625
9987.5654296875
9884.4345703125
9784.107421875
9681.08984375
9578.17578125
9479.1689453125
9375.92578125
9268.6962890625
9151.4716796875
9030.8369140625
8920.7158203125
8797.7373046875
8679.25
8556.9287109375
8441.9169921875
8324.9814453125
8208.5
8095.865234375
7977.77294921875
7863.84521484375
7747.775390625
7632.69140625
7530.51416015625
7419.88916015625
7315.11474609375
7209.0908203125
7108.28466796875
7019.3134765625
6930.4814453125
6840.86181640625
6742.57275390625
6646.931640625
6550.11669921875
6456.830078125
6374.21240234375
6284.263671875
6198.9501953125
6112.3681640625
6029.5478515625
5947.83544921875
5868.0859375
5792.23974609375
5714.92041015625
5641.20703125
5566.1181640625
5490.3701171875
5421.60888671875
5347.013671875
5276.6416015625
5204.353515625
5131.2822265625
5057.7470703125
4987.3193359375
4921.7275390625
4857.626953125
4801.44970703125
4743.69287109375
