20000.0
20000.0
20000.0
19999.998046875
20000.0
20000.0
20000.0
20000.0
20000.0
20000.0
20000.0
20000.0
20000.0
20000.0
20000.0
20000.0
20000.0
20000.0
19997.771484375
20000.005859375
20000.0
20000.0
19999.900390625
20000.0
20000.0
20000.0
20000.0
19553.55859375
18743.671875
18075.830078125
17436.18359375
16857.19140625
16306.50390625
15809.44140625
15334.91015625
14895.9072265625
14496.3603515625
14116.76953125
13712.109375
13331.8388671875
13005.337890625
12733.314453125
12452.1064453125
12205.548828125
12010.1328125
11829.568359375
11656.240234375
11446.1455078125
11194.998046875
10996.9287109375
10855.38671875
10731.6337890625
10615.083984375
10512.330078125
10405.1875
10304.0771484375
10196.8916015625
10098.150390625
10001.8056640625
9910.2255859375
9826.244140625
9740.4677734375
9661.8564453125
9581.1044921875
9500.8154296875
9430.421875
9356.0625
9289.6416015625
9228.0615234375
9169.6982421875
9109.8486328125
9050.4755859375
8992.9970703125
8933.4013671875
8875.978515625
8816.2685546875
8756.537109375
8697.8125
8627.294921875
8555.376953125
8474.4189453125
8389.66796875
8299.4541015625
8207.1005859375
8102.57568359375
7986.23876953125
7873.74365234375
7760.2783203125
7649.13720703125
7551.60693359375
7446.40380859375
7343.83935546875
7237.68603515625
7136.34814453125
7038.962890625
6950.9111328125
6860.24462890625
6761.98876953125
6667.30322265625
6571.376953125
6478.10791015625
6395.75830078125
6305.24658203125
6216.75048828125
6127.41259765625
6042.9697265625
5958.068359375
5875.15771484375
5795.5947265625
5714.34521484375
5636.62841796875
5559.6826171875
5483.31005859375
5414.82421875
5340.1298828125
5269.68896484375
5198.4169921875
5126.10009765625
5050.66552734375
4977.14208984375
4908.158203125
4838.7431640625
4772.31689453125
4704.7880859375
