20000.0
20000.0
20000.0
20000.0
20000.0
20000.0
20000.0
20000.0
20000.0
20000.0
20000.0
20000.0
20000.0
20000.0
20000.0
20000.0
20000.0
20000.00390625
20000.001953125
20000.0
19999.998046875
19999.974609375
20000.0
20000.0
20000.0
20000.0
20000.0
19999.986328125
20000.0
20000.0
19624.580078125
18483.697265625
17684.904296875
16559.4765625
15635.2880859375
14760.4521484375
13975.7998046875
13389.6318359375
12901.8994140625
12502.04296875
12144.2392578125
11786.3935546875
11463.8203125
11143.1669921875
10865.1982421875
10608.595703125
10382.79296875
10159.392578125
9935.603515625
9730.30078125
9529.580078125
9347.7763671875
9171.7822265625
9005.88671875
8861.306640625
8706.7216796875
8563.2607421875
8420.8388671875
8287.5712890625
8153.279296875
8019.5791015625
7890.8876953125
7755.4951171875
7625.78466796875
7494.4453125
7365.99609375
7252.16455078125
7128.63916015625
7011.0927734375
6891.67626953125
6778.47216796875
6663.927734375
6565.9189453125
6472.470703125
6375.1123046875
6281.05126953125
6185.43212890625
6091.26513671875
6008.11181640625
5918.20751953125
5832.8837890625
5746.9873046875
5666.0341796875
5584.6494140625
5505.33642578125
5432.02099609375
5358.19287109375
5288.66357421875
5218.93408203125
5151.19189453125
5091.5166015625
5028.24267578125
4968.89306640625
4909.13671875
4852.39697265625
4795.2548828125
4743.35791015625
4693.287109375
4642.65234375
4593.095703125
4542.22119140625
4492.5732421875
4448.6171875
4400.72314453125
4355.029296875
4308.44482421875
4263.953125
4218.40087890625
4176.56689453125
4136.42919921875
4095.115234375
4055.5966796875
4015.06494140625
3975.063720703125
3939.93115234375
3901.92431640625
3866.2197265625
3830.420166015625
3796.98193359375
3765.14794921875
3734.741943359375
3705.890625
3676.9150390625
3649.54248046875
3622.538330078125
