20000.0
20000.0
20000.0
20000.0
20000.0
20000.0
20000.0
20000.0
20000.0
20000.0
20000.0
20000.0
20000.0
20000.0
20000.0
20000.0
20000.0
20000.0
20000.0
20000.0
20000.0
20000.0
20000.0
20000.0
20000.0
20000.0
19999.998046875
20000.0
20000.0
20000.0
20000.0
20000.0
19999.998046875
20000.0
20000.0
19688.26171875
18917.119140625
18194.1171875
17494.140625
16868.3046875
16297.90625
15780.0947265625
15328.8916015625
14853.9150390625
14419.7548828125
13985.9375
13582.62109375
13178.84765625
12794.4853515625
12441.6015625
12092.19921875
11774.466796875
11470.42578125
11228.5869140625
11028.294921875
10814.3857421875
10610.6923828125
10414.056640625
10231.6591796875
10020.197265625
9802.029296875
9619.314453125
9440.3115234375
9271.6923828125
9102.6552734375
8939.44921875
8791.6259765625
8640.5849609375
8498.1181640625
8366.74609375
8246.0498046875
8104.4873046875
7960.2216796875
7817.4697265625
7665.0498046875
7535.958984375
7422.1748046875
7314.61083984375
7220.2021484375
7113.1220703125
7009.6806640625
6907.7255859375
6812.62255859375
6715.9677734375
6621.62060546875
6537.16748046875
6451.3447265625
6369.1171875
6285.60595703125
6203.42724609375
6130.06494140625
6055.3759765625
5984.59521484375
5912.17529296875
5844.06884765625
5774.67529296875
5706.03662109375
5640.34375
5573.2373046875
5509.205078125
5445.23681640625
5383.3330078125
5327.12841796875
5264.48046875
5201.4853515625
5136.322265625
5074.126953125
5011.19091796875
4949.85791015625
4892.15576171875
4834.47216796875
4780.8759765625
4728.50390625
4677.005859375
4630.9560546875
4580.623046875
4532.39990234375
4483.89794921875
4440.37548828125
4395.37841796875
4351.98095703125
4310.9716796875
4269.06103515625
4228.78955078125
4187.4052734375
