20000.0
20000.0
20000.0
20000.0
20000.0
20000.0
20000.0
20000.0
20000.0
20000.0
20000.0
20000.0
19999.96484375
19999.982421875
19996.83984375
20000.0
20000.0
19097.341796875
18084.142578125
17328.244140625
16632.41015625
15967.044921875
15346.0927734375
14790.2041015625
14308.515625
13874.1337890625
13492.015625
13128.5751953125
12795.564453125
12515.8271484375
12227.5869140625
11970.6044921875
11709.8251953125
11468.384765625
11236.6904296875
11012.2626953125
10800.03515625
10591.7724609375
10398.55078125
10204.5068359375
10022.2626953125
9885.724609375
9740.865234375
9598.35546875
9460.7353515625
9335.7216796875
9213.8330078125
9097.8974609375
8990.078125
8882.341796875
8779.1806640625
8670.0078125
8560.970703125
8464.0498046875
8359.6025390625
8261.2939453125
8161.30908203125
8057.14501953125
7938.833984375
7835.65234375
7741.1630859375
7647.96826171875
7565.33154296875
7485.04296875
7406.4248046875
7324.15185546875
7235.9423828125
7153.69873046875
7065.8525390625
6980.14306640625
6892.9580078125
6814.287109375
6744.91357421875
6678.974609375
6619.5185546875
6555.1162109375
6490.728515625
6433.4541015625
6372.0
6315.2255859375
6259.1533203125
6206.9248046875
6155.3525390625
6104.77880859375
6052.5986328125
5997.150390625
5945.02099609375
5892.23193359375
5840.8701171875
5796.4853515625
5750.1435546875
5708.03955078125
5666.91845703125
5629.349609375
5592.38916015625
5555.81591796875
5520.1748046875
5483.646484375
5448.763671875
5413.10595703125
5378.35302734375
5347.70703125
5312.60693359375
5277.67919921875
5242.3603515625
5194.69775390625
5145.8955078125
5100.83544921875
5059.64208984375
5019.13330078125
4983.18017578125
4946.95361328125
4911.12890625
4879.3466796875
4844.89111328125
4812.1640625
4778.39111328125
4745.6220703125
4711.849609375
4678.1044921875
4645.2822265625
4611.0048828125
4577.55322265625
4542.68994140625
