20000.0
20000.0
20000.0
20000.0
20000.0
20000.0
20000.0
20000.0
20000.0
20000.0
20000.0
20000.0
20000.0
20000.0
20000.0
20000.0
20000.0
20000.0
20000.0
20000.0
20000.0
20000.0
20000.0
20000.0
20000.0
20000.0
20000.0
19999.9921875
20000.0
19999.998046875
19999.9921875
20000.0
20000.0
20000.0
20000.0
20000.0
20000.0
20000.0
20000.0
20000.0
20000.0
19999.998046875
20000.0
19580.693359375
18831.501953125
18178.31640625
17419.1796875
16680.55859375
16068.04296875
15533.25390625
15012.3291015625
14500.9892578125
14038.9853515625
13601.818359375
13218.7724609375
12913.251953125
12603.8095703125
12320.7265625
12042.61328125
11785.6796875
11532.287109375
11270.310546875
11009.224609375
10759.85546875
10524.62109375
10291.0654296875
10075.40234375
9902.6767578125
9726.7099609375
9554.8798828125
9377.767578125
9208.3125
9039.181640625
8876.486328125
8723.716796875
8583.5048828125
8456.5751953125
8327.5830078125
8202.1064453125
8091.689453125
7971.79443359375
7860.111328125
7748.03955078125
7640.85400390625
7531.65087890625
7426.4169921875
7325.177734375
7220.7158203125
7123.3916015625
7026.0087890625
6932.64599609375
6848.70947265625
6753.6767578125
6655.53076171875
6552.638671875
6453.802734375
6357.1640625
6265.18798828125
6180.9033203125
6108.24658203125
6044.05517578125
5979.58642578125
5885.83203125
5774.9560546875
5657.234375
5551.91064453125
5450.79443359375
5360.27978515625
5273.625
5193.30322265625
5120.51025390625
5050.10205078125
4986.04345703125
4923.82275390625
4866.15869140625
4818.14404296875
4766.36669921875
4717.33642578125
4669.06005859375
4624.232421875
4578.30615234375
4533.0703125
4490.423828125
4447.68115234375
4407.48583984375
4367.21142578125
