20000.0
20000.0
20000.0
20000.0
20000.0
20000.0
20000.0
20000.0
20000.0
20000.0
20000.0
20000.0
20000.0
20000.0
20000.0
20000.0
20000.0
20000.0
20000.0
20000.0
20000.0
20000.0
19999.998046875
20000.00390625
20000.0
20000.0
20000.0
20000.0
20000.0
20000.0
20000.0
20000.0
20000.0
20000.0
20000.0
19999.947265625
20000.0
19999.99609375
19999.998046875
20000.0
19999.896484375
20000.0
20000.0
20000.0
20000.0
19999.998046875
19652.708984375
18512.892578125
17604.77734375
16925.912109375
16302.9306640625
15721.24609375
15129.1884765625
14608.3603515625
14164.900390625
13682.150390625
13232.576171875
12801.4013671875
12417.9189453125
12048.720703125
11706.3212890625
11402.1953125
11116.0419921875
10863.9375
10629.1630859375
10411.875
10224.255859375
10026.3359375
9844.0244140625
9665.296875
9500.736328125
9334.671875
9175.841796875
9030.6953125
8888.8876953125
8758.99609375
8631.423828125
8510.34375
8406.3642578125
8297.888671875
8198.765625
8103.4453125
8016.0205078125
7930.14892578125
7849.09765625
7774.4111328125
7701.265625
7633.9912109375
7568.11328125
7505.56201171875
7451.8388671875
7395.712890625
7344.30078125
7293.87890625
7247.42333984375
7201.75634765625
7158.197265625
7118.01025390625
7078.6259765625
7042.21240234375
7006.62255859375
6972.87060546875
6943.55712890625
6912.50146484375
6883.70166015625
6855.10986328125
6828.5244140625
6802.13232421875
6776.70751953125
6753.05517578125
6729.0771484375
6706.73876953125
6684.564453125
6663.57958984375
6645.29345703125
6625.77783203125
6607.32861328125
6588.69970703125
6571.06298828125
6553.07080078125
6535.40576171875
6518.31884765625
6500.76171875
6483.8408203125
6466.51220703125
