20000.0
20000.0
20000.0
20000.0
20000.0
20000.0
20000.0
20000.0
20000.0
20000.0
20000.0
20000.0
20000.0
20000.0
20000.0
20000.0
20000.0
20000.0
20000.0
20000.0
20000.0
20000.0
20000.0
20000.0
19999.1015625
20000.0
20000.0
19999.771484375
19999.99609375
20000.0
20000.0
20000.0
20000.0
20000.0
20000.0
19999.998046875
20000.0
20000.0
19999.998046875
20000.0
20000.0
20000.0
20000.0
20000.0
20000.0
20000.0
20000.0
20000.0
20000.0
20000.0
20000.0
19999.998046875
19729.189453125
18772.470703125
17800.5625
17105.609375
16533.05078125
16077.955078125
15667.5859375
15270.1953125
14912.474609375
14557.2177734375
14223.767578125
13893.48046875
13580.26953125
13312.234375
13032.56640625
12776.9306640625
12527.455078125
12299.94140625
12075.384765625
11862.119140625
11663.8857421875
11468.169921875
11289.24609375
11113.8076171875
10948.03125
10805.1943359375
10655.4423828125
10516.6494140625
10379.66796875
10253.462890625
10128.396484375
10008.9130859375
9897.8076171875
9787.4765625
9692.3955078125
9596.1630859375
9501.5341796875
9415.802734375
9322.94140625
9235.6923828125
9149.376953125
9069.0400390625
8988.9365234375
8913.0087890625
8842.615234375
8772.818359375
8707.869140625
8643.310546875
8580.9912109375
8527.12890625
8470.0458984375
8417.1884765625
8364.9091796875
8316.296875
8268.1220703125
8221.892578125
8178.84619140625
8136.09716796875
8096.50439453125
8057.46435546875
8019.859375
7986.59423828125
7951.01318359375
7917.548828125
7884.05029296875
7852.57958984375
7820.83056640625
7790.09130859375
7761.130859375
7731.80517578125
7704.0146484375
7675.7958984375
