20000.0
20000.0
20000.0
20000.0
20000.0
20000.0
20000.0
20000.0
20000.0
20000.0
20000.0
20000.0
20000.0
20000.0
20000.0
20000.0
20000.0
20000.0
20000.0
20000.0
20000.0
20000.0
20000.0
20000.0
20000.0
20000.0
20000.0
20000.0
19999.9921875
20000.001953125
19999.49609375
19999.998046875
20000.0
20000.0
20000.0
20000.009765625
20000.0
19999.96875
20000.0
19999.87890625
19999.998046875
19999.99609375
19999.779296875
20000.0
19999.99609375
20000.0
20000.0
20000.0
20000.0
20000.0
20000.0
20000.0
20000.0
19795.3671875
19161.837890625
18670.0078125
18205.359375
17779.93359375
17365.236328125
16979.341796875
16630.962890625
16252.150390625
15921.6943359375
15570.5791015625
15231.0302734375
14930.921875
14600.15625
14299.55078125
14016.7353515625
13754.52734375
13494.109375
13244.8037109375
13021.4501953125
12812.1103515625
12622.4677734375
12435.6806640625
12268.1171875
12125.2255859375
11975.4345703125
11836.869140625
11697.9853515625
11566.6513671875
11431.2822265625
11297.33203125
11168.46484375
11033.7109375
10904.58203125
10773.6474609375
10641.4833984375
10520.376953125
10387.4755859375
10260.1416015625
10129.4033203125
10003.18359375
9873.0185546875
9742.982421875
9617.943359375
9490.3125
9367.8134765625
9241.234375
9113.8203125
8998.048828125
8869.8720703125
8746.9228515625
8621.58984375
8500.2900390625
8373.0546875
8248.61328125
8132.119140625
8017.5
7912.5302734375
7809.677734375
7711.2353515625
7625.22265625
7533.37109375
7449.71142578125
7368.103515625
7293.52392578125
7220.5751953125
7151.5517578125
7085.646484375
7018.1181640625
6954.447265625
6890.68359375
