20000.0
20000.0
20000.0
20000.0
20000.0
20000.0
20000.0
20000.0
20000.0
20000.0
20000.0
20000.0
20000.0
20000.0
20000.0
20000.0
20000.0
20000.0
20000.0
20000.0
20000.0
19999.837890625
19999.76953125
20000.0
20000.0
20000.0
20000.0
20000.0
20000.0
20000.0
19976.34375
19217.01953125
18533.291015625
17880.41015625
17312.5546875
16801.021484375
16343.5146484375
15946.505859375
15577.185546875
15250.6796875
14795.15625
14413.1552734375
14102.6064453125
13740.443359375
13409.5810546875
13093.9453125
12802.8837890625
12528.2880859375
12286.9755859375
12087.3056640625
11869.6962890625
11667.955078125
11455.404296875
11227.9384765625
11051.28125
10896.513671875
10759.306640625
10616.724609375
10486.681640625
10365.388671875
10251.7392578125
10142.8037109375
10029.83203125
9921.7314453125
9813.59765625
9712.2080078125
9627.46875
9540.0947265625
9459.7451171875
9378.5859375
9301.09765625
9222.52734375
9145.826171875
9074.3876953125
9002.6171875
8936.462890625
8870.078125
8804.099609375
8744.8984375
8679.267578125
8615.888671875
8550.75390625
8487.8525390625
8422.8984375
8358.6142578125
8297.6953125
8232.8896484375
8170.677734375
8106.02294921875
8040.5166015625
7980.90771484375
7913.7421875
7847.54150390625
7778.193359375
7710.4990234375
7640.01953125
7568.56298828125
7498.3056640625
7422.357421875
7349.92919921875
7278.76220703125
7206.53125
7140.70751953125
7067.52783203125
6997.08154296875
6924.23291015625
6853.41650390625
6779.60009765625
6704.076171875
6629.95263671875
6552.7333984375
6480.34130859375
6405.41748046875
6326.9296875
6256.3046875
6178.90283203125
6105.8193359375
6033.5517578125
5967.1064453125
5902.693359375
5842.84228515625
5788.82421875
5736.806640625
5690.73486328125
5646.38916015625
