20000.0
19818.08203125
18672.40234375
18056.8828125
17706.861328125
17631.552734375
17963.765625
18396.328125
18864.0234375
19303.14453125
19731.015625
20000.0
20000.0
20000.0
20000.0
20000.0
20000.0
20000.0
20000.0
20000.0
20000.0
18511.611328125
16393.6875
15091.001953125
14143.19140625
13377.89453125
12676.5439453125
12029.3544921875
11478.3916015625
11049.5048828125
10638.7021484375
10288.0302734375
9962.302734375
9679.2802734375
9416.3984375
9192.4619140625
8992.7138671875
8778.7646484375
8597.63671875
8448.6904296875
8310.41796875
8193.5625
8071.77099609375
7959.9423828125
7850.2802734375
7749.46630859375
7650.4794921875
7556.2890625
7471.212890625
7388.66015625
7313.03369140625
7238.3193359375
7166.0146484375
7102.52001953125
7036.52001953125
6974.943359375
6914.4150390625
6857.85595703125
6800.07666015625
6741.4140625
6684.93701171875
6627.36865234375
6572.53369140625
6516.90478515625
6463.3017578125
6417.34716796875
6369.30712890625
6325.025390625
6281.11279296875
6240.0361328125
6199.12451171875
6159.39111328125
6121.7099609375
6083.427734375
6046.57763671875
6008.97314453125
5972.0712890625
5940.14013671875
5906.35009765625
5875.232421875
5844.02587890625
5815.05224609375
5786.13037109375
5758.0302734375
5731.6171875
5704.853515625
5678.95166015625
5650.0771484375
5620.69091796875
5595.23583984375
5567.62158203125
5541.2353515625
5511.3916015625
5476.41943359375
5437.16357421875
5397.3046875
5359.314453125
5321.140625
5285.37451171875
5249.59326171875
5214.77880859375
5184.49169921875
5173.53857421875
5151.7626953125
5141.44873046875
5136.6494140625
5128.71923828125
5120.8212890625
5115.5927734375
5105.28271484375
5089.8505859375
5060.8388671875
5031.5703125
5003.001953125
4975.92138671875
4948.22265625
4921.14990234375
4893.40771484375
4866.1787109375
4842.02001953125
4815.869140625
4791.10986328125
4765.99365234375
4742.12109375
4717.92041015625
4694.015625
4671.1318359375
4647.81689453125
4625.599609375
4603.1064453125
