20000.0
20000.0
20000.0
20000.0
20000.0
20000.0
20000.0
20000.0
20000.0
20000.0
20000.0
20000.0
20000.0
20000.0
20000.0
20000.0
20000.0
20000.0
20000.0
20000.001953125
20000.0
19999.99609375
20000.0
19999.99609375
20000.0
20000.0
20000.0
19999.99609375
20000.0
19999.998046875
20000.0
20000.0
20000.0
20000.0
19363.677734375
18368.953125
17443.43359375
16655.3359375
15953.87109375
15323.306640625
14805.4423828125
14356.6640625
13971.92578125
13659.0244140625
13337.2001953125
13041.7861328125
12764.84765625
12523.603515625
12284.861328125
12054.3505859375
11834.306640625
11613.9111328125
11409.6796875
11207.3095703125
11013.611328125
10852.1279296875
10682.6044921875
10527.0078125
10362.2255859375
10175.509765625
9999.9208984375
9841.57421875
9698.6572265625
9558.025390625
9424.58984375
9278.7841796875
9130.263671875
8994.03125
8840.5517578125
8691.0849609375
8536.359375
8387.2275390625
8234.103515625
8084.20166015625
7943.55615234375
7802.50537109375
7667.01953125
7531.6884765625
7400.70361328125
7286.1142578125
7162.54833984375
7044.9013671875
6926.08203125
6813.38037109375
6699.4794921875
6587.0400390625
6479.1337890625
6370.89501953125
6267.35205078125
6160.6591796875
6054.50830078125
5958.98291015625
5854.19287109375
5753.32080078125
5640.984375
5531.76416015625
5422.2529296875
5316.85205078125
5216.626953125
5111.18017578125
5009.2568359375
4905.41748046875
4812.45263671875
4730.1328125
4641.96923828125
4559.19287109375
4475.65673828125
4396.9638671875
4317.97900390625
4240.923828125
4168.88134765625
4097.08935546875
4029.8046875
3962.3076171875
3896.714111328125
3837.3056640625
3771.7626953125
3709.06494140625
3645.64013671875
3585.5771484375
3524.398681640625
3464.257080078125
3407.359619140625
3350.21533203125
3296.76611328125
3243.71435546875
