20000.0
20000.0
20000.0
19999.99609375
20000.0
20000.0
20000.0
20000.0
20000.0
20000.0
20000.0
20000.0
20000.0
20000.0
20000.0
20000.0
20000.0
20000.0
20000.0
20000.0
20000.0
20000.0
20000.0
20000.0
20000.0
20000.0
20000.0
19999.990234375
19999.9921875
20000.0
20000.001953125
20000.0
19999.947265625
19999.998046875
20000.0
20000.0
20000.0
20000.0
20000.0
20000.0
19560.3984375
18947.775390625
18442.09765625
17929.232421875
17479.234375
17049.546875
16662.71484375
16289.794921875
15939.41015625
15609.8994140625
15286.498046875
14999.671875
14722.455078125
14453.40625
14216.7177734375
13963.837890625
13728.552734375
13493.6943359375
13272.35546875
13050.326171875
12833.8076171875
12595.2724609375
12328.9736328125
12114.6435546875
11915.369140625
11736.12109375
11588.125
11435.3017578125
11295.3564453125
11156.4384765625
11049.5244140625
10947.3349609375
10847.2275390625
10752.3076171875
10656.3193359375
10556.712890625
10392.62890625
10226.79296875
10100.6015625
9990.90234375
9903.6943359375
9826.5947265625
9751.87890625
9664.466796875
9578.341796875
9500.3134765625
9415.03515625
9322.8359375
9228.9853515625
9142.458984375
9068.9140625
8990.12109375
8916.9755859375
8848.720703125
8787.689453125
8725.318359375
8662.2607421875
8601.5302734375
8538.896484375
8479.1337890625
8419.7080078125
8363.82421875
8315.396484375
8264.2236328125
8216.3837890625
8168.52685546875
8123.71826171875
8078.849609375
8035.2158203125
7994.15869140625
7952.79736328125
7913.4189453125
7873.52294921875
7834.39111328125
7799.8251953125
7763.4912109375
7729.83154296875
7695.6796875
7662.7890625
7628.966796875
7595.32080078125
7563.09521484375
7530.06494140625
7498.43017578125
7465.91552734375
