20000.0
20000.0
20000.0
20000.0
20000.0
20000.0
20000.0
20000.0
20000.0
20000.0
20000.0
20000.0
20000.0
20000.0
20000.0
20000.0
19999.94140625
20000.0
20000.0
20000.0
20000.0
20000.0
20000.0
19999.955078125
20000.0
19999.99609375
20000.0
20000.0
20000.0
20000.0
20000.0
19999.998046875
19999.998046875
20000.0
20000.0
20000.0
19370.30078125
18598.3671875
17849.5234375
16822.48046875
16002.0712890625
15276.5927734375
14512.767578125
13882.197265625
13347.32421875
12915.63671875
12522.470703125
12163.5634765625
11839.146484375
11532.544921875
11226.251953125
10915.5830078125
10627.8837890625
10389.0478515625
10149.828125
9939.8486328125
9739.708984375
9554.3212890625
9366.32421875
9187.0078125
9023.3896484375
8863.41796875
8716.115234375
8572.9033203125
8438.138671875
8322.8212890625
8200.841796875
8088.677734375
7978.1328125
7875.7822265625
7774.41259765625
7677.40625
7587.0966796875
7497.43603515625
7416.20556640625
7338.71142578125
7260.8349609375
7190.9609375
7115.357421875
7044.240234375
6973.25830078125
6906.56982421875
6839.8828125
6775.22802734375
6714.42578125
6653.46240234375
6595.966796875
6538.06787109375
6481.65087890625
6431.76513671875
6377.68603515625
6326.5595703125
6274.7587890625
6225.54443359375
6175.7998046875
6127.18212890625
6081.02978515625
6034.65283203125
5991.0478515625
5946.90380859375
5904.08642578125
5866.361328125
5826.13232421875
5787.958984375
5750.076171875
5714.23291015625
5677.90380859375
5642.18798828125
5608.201171875
5573.7109375
5540.87744140625
5507.75927734375
5474.974609375
5445.8837890625
5414.4248046875
5384.74169921875
5354.7578125
5326.1748046875
5297.1943359375
5268.654296875
5241.58740234375
5214.15576171875
5188.00927734375
5161.5576171875
