20000.0
20000.0
20000.0
20000.0
20000.0
20000.0
20000.0
20000.0
20000.0
20000.0
20000.0
20000.0
20000.0
20000.0
20000.0
20000.0
20000.0
20000.0
20000.0
20000.0
20000.0
20000.0
20000.0
20000.0
20000.0
20000.0
20000.0
20000.0
20000.0
20000.0
19999.9765625
19999.958984375
19999.962890625
19999.986328125
20000.0
20000.0
20000.0
19999.69140625
19581.7265625
19099.349609375
18677.94921875
18333.759765625
17991.841796875
17693.1796875
17406.744140625
17148.333984375
16897.435546875
16654.240234375
16429.298828125
16211.234375
16014.673828125
15821.75
15626.3232421875
15445.4794921875
15247.798828125
15063.900390625
14883.173828125
14716.09765625
14555.82421875
14401.5849609375
14255.060546875
14104.9990234375
13959.2509765625
13806.7529296875
13651.65625
13510.837890625
13356.4404296875
13209.1435546875
13059.7998046875
12917.0263671875
12763.5712890625
12615.212890625
12477.2470703125
12339.263671875
12200.8759765625
12056.4833984375
11918.978515625
11796.1044921875
11653.060546875
11511.1552734375
11365.9267578125
11228.9521484375
11091.4130859375
10957.708984375
10831.6435546875
10704.2958984375
10582.13671875
10455.97265625
10330.1005859375
10217.4921875
10094.8056640625
9978.3984375
9857.5087890625
9752.9580078125
9658.767578125
9568.3828125
9483.3701171875
9397.5556640625
9315.8583984375
9232.9912109375
9151.5185546875
9079.119140625
8999.7451171875
8922.82421875
8843.544921875
8767.61328125
8690.2314453125
8613.962890625
8541.228515625
8467.3076171875
8397.021484375
8325.7919921875
8255.9111328125
8193.92578125
8126.42578125
8062.15234375
7996.728515625
7934.2119140625
7870.478515625
7808.29345703125
7749.16552734375
7689.03271484375
7631.6787109375
7570.0341796875
