20000.0
20000.0
20000.0
20000.0
20000.0
20000.0
20000.0
20000.0
20000.0
20000.0
20000.0
20000.0
20000.0
20000.0
20000.0
20000.0
20000.0
20000.0
20000.0
20000.0
20000.0
20000.0
20000.0
20000.0
20000.0
20000.0
20000.0
20000.0
19999.998046875
20000.0
20000.0
20000.0
20000.0
20000.0
20000.0
20000.0
19999.990234375
20000.0
19999.9921875
19999.998046875
20000.0078125
20000.0
19973.16015625
19494.109375
19014.466796875
18574.89453125
18142.4453125
17729.03125
17341.4765625
16938.705078125
16550.05859375
16158.5556640625
15785.8818359375
15471.48046875
15140.95703125
14837.0517578125
14531.6630859375
14242.544921875
13922.7587890625
13602.8955078125
13299.353515625
12992.0166015625
12703.9609375
12415.64453125
12139.794921875
11903.7080078125
11657.8466796875
11429.9970703125
11206.8740234375
11001.2568359375
10808.580078125
10653.185546875
10505.984375
10356.8720703125
10216.158203125
10075.0947265625
9935.1728515625
9802.7421875
9663.6748046875
9536.814453125
9412.0556640625
9296.53125
9180.8740234375
9068.1923828125
8961.7158203125
8853.4404296875
8748.3525390625
8640.1015625
8534.05859375
8440.8486328125
8339.697265625
8249.095703125
8156.1416015625
8065.31689453125
7971.6689453125
7879.119140625
7791.60888671875
7704.4677734375
7616.15234375
7507.3857421875
7416.36669921875
7341.0029296875
7261.7138671875
7187.37890625
7111.17822265625
7035.19091796875
6960.21044921875
6889.2685546875
6823.822265625
6760.8193359375
6703.96435546875
6647.78125
6593.33251953125
6543.94482421875
6481.15478515625
6417.82421875
6353.08740234375
6293.30859375
6229.06201171875
6159.71875
6094.56396484375
6032.6201171875
5977.97412109375
5925.68017578125
