20000.0
20000.0
20000.0
20000.0
20000.0
20000.0
20000.0
20000.0
20000.0
20000.0
20000.0
20000.0
20000.0
20000.0
20000.0
20000.0
20000.0
20000.0
20000.0
20000.0
19997.33984375
19999.921875
20000.0
20000.0
20000.0
19124.017578125
18458.5625
17845.869140625
17270.14453125
16678.564453125
16200.55078125
15734.9384765625
15314.8330078125
14914.734375
14555.0478515625
14217.9677734375
13909.0029296875
13617.55859375
13331.7158203125
13070.0458984375
12814.6337890625
12574.0048828125
12367.900390625
12142.9267578125
11924.1376953125
11704.78125
11499.0107421875
11295.8779296875
11104.517578125
10928.7177734375
10757.6201171875
10600.9912109375
10447.2451171875
10300.279296875
10162.083984375
10028.662109375
9909.263671875
9787.841796875
9667.9443359375
9544.6328125
9422.9697265625
9306.8056640625
9184.4853515625
9063.814453125
8940.041015625
8819.015625
8702.859375
8554.6650390625
8428.7822265625
8303.41015625
8184.7119140625
8066.25732421875
7952.18017578125
7845.52490234375
7739.310546875
7639.27734375
7532.37255859375
7428.97314453125
7337.6064453125
7240.4609375
7148.7060546875
7055.71044921875
6965.1181640625
6869.54736328125
6776.6533203125
6689.38671875
6594.91650390625
6500.7080078125
6406.2275390625
6311.18603515625
6231.1669921875
6151.06494140625
6078.185546875
6005.6455078125
5934.36181640625
5858.84765625
5783.25048828125
5711.3642578125
5638.59619140625
5569.59716796875
5499.92724609375
5432.376953125
5373.02197265625
5309.40966796875
5250.3603515625
5190.509765625
5134.712890625
5074.994140625
5016.25537109375
4958.60205078125
4900.087890625
4845.2119140625
4789.9267578125
4735.75
4687.5302734375
4634.61865234375
4583.90869140625
4532.1884765625
4483.185546875
4434.04931640625
4386.87451171875
4344.3642578125
4304.90185546875
4267.310546875
4230.0390625
