20000.0
20000.0
20000.0
20000.0
20000.0
20000.0
20000.0
20000.0
20000.0
20000.0
20000.0
20000.0
20000.0
20000.0
20000.0
20000.0
20000.0
20000.0
20000.0
20000.0
19997.896484375
20000.0
20000.0078125
19999.998046875
19999.998046875
19999.984375
20000.0
20000.0
20000.0
19999.9921875
20000.0
20000.0
20000.0
20000.0
20000.0
19228.298828125
18181.37890625
17438.2265625
16785.810546875
16212.7646484375
15721.697265625
15332.8076171875
14849.0078125
14267.9736328125
13839.7080078125
13442.6884765625
13074.365234375
12731.6474609375
12436.083984375
12173.8896484375
11918.525390625
11693.478515625
11482.568359375
11291.822265625
11124.44921875
10945.8232421875
10789.208984375
10628.681640625
10476.384765625
10322.3037109375
10171.0283203125
10026.482421875
9877.3203125
9735.8603515625
9592.9091796875
9452.68359375
9329.1181640625
9196.193359375
9076.8134765625
8957.90625
8845.6015625
8732.5751953125
8624.5107421875
8525.3125
8428.4990234375
8339.935546875
8252.7333984375
8168.77685546875
8096.625
8020.4677734375
7950.099609375
7880.60693359375
7817.49462890625
7755.39306640625
7696.61767578125
7641.79638671875
7586.919921875
7535.4150390625
7483.88427734375
7434.5888671875
7391.9765625
7346.7548828125
7304.591796875
7262.5849609375
7223.4765625
7184.57861328125
7147.22216796875
7112.18798828125
7076.86474609375
7043.73388671875
7010.90771484375
6978.9365234375
6950.87646484375
6920.79150390625
6892.41064453125
6863.958984375
6837.18408203125
6810.318359375
6784.16748046875
6759.60205078125
6735.03173828125
6711.93212890625
6688.61572265625
6665.55419921875
6644.96044921875
6622.62451171875
6601.81201171875
6582.3095703125
6563.71484375
6544.49267578125
6525.18603515625
6506.517578125
6487.10302734375
6468.16552734375
6448.57958984375
