20000.0
20000.0
20000.0
20000.0
19999.99609375
20000.0
20000.0
20000.0
20000.0
20000.0
20000.0
20000.0
20000.0
20000.0
20000.0
20000.0
20000.0
20000.0
20000.0
20000.0
20000.0
20000.0
20000.0
20000.0
20000.0
19999.990234375
20000.0
19999.916015625
19999.98046875
20000.0
20000.0
20000.0
20000.0
20000.0
20000.0
20000.0
20000.0
20000.0
20000.0
20000.0
20000.0
19999.998046875
20000.0
20000.0
20000.0
20000.0
20000.0
19305.46875
18690.123046875
18111.46875
17588.3125
17134.509765625
16780.44921875
16415.23828125
15777.853515625
15311.33984375
14946.3896484375
14627.7724609375
14295.6123046875
13962.0654296875
13652.494140625
13362.814453125
13110.6630859375
12862.1708984375
12624.6484375
12439.900390625
12267.056640625
12118.513671875
11975.2138671875
11841.91796875
11709.3203125
11579.4482421875
11457.07421875
11333.9970703125
11217.4765625
11099.6708984375
10986.068359375
10887.1806640625
10785.4189453125
10690.1572265625
10593.5888671875
10501.9248046875
10409.8623046875
10321.4853515625
10238.5322265625
10155.8505859375
10078.5380859375
10001.19921875
9926.16796875
9859.482421875
9786.8583984375
9717.9765625
9648.537109375
9582.2509765625
9515.798828125
9451.6123046875
9390.736328125
9329.0537109375
9271.32421875
9214.150390625
9159.5712890625
9111.8369140625
9060.2783203125
9008.751953125
8954.224609375
8901.88671875
8848.791015625
8796.6689453125
8747.0341796875
8698.4755859375
8655.7548828125
8609.8291015625
8563.1650390625
8520.6376953125
8473.0751953125
8426.546875
8377.939453125
8330.3408203125
8280.646484375
8228.673828125
8176.96728515625
8123.41015625
8071.60546875
8018.63134765625
