20000.0
20000.0
20000.0
19999.998046875
20000.0
20000.0
20000.0
20000.0
20000.0
20000.0
20000.0
20000.0
20000.0
20000.0
20000.0
20000.0
20000.0
20000.0
20000.0
20000.0
20000.0
20000.0
20000.0
19999.927734375
19999.7890625
20000.0
19999.935546875
20000.0
19999.998046875
20000.0
20000.0
19833.556640625
19007.36328125
18257.8828125
17605.828125
17040.072265625
16546.521484375
16084.83984375
15678.83203125
15294.9384765625
14939.3525390625
14638.3974609375
14328.7060546875
14050.509765625
13769.51171875
13509.69140625
13249.326171875
13000.1611328125
12773.6875
12551.2783203125
12344.6923828125
12138.9990234375
11941.0693359375
11772.50390625
11610.5625
11464.2978515625
11319.6552734375
11183.6044921875
11039.462890625
10898.1103515625
10769.388671875
10655.09765625
10539.7607421875
10423.138671875
10313.5849609375
10220.080078125
10121.990234375
10029.6298828125
9936.7568359375
9851.1484375
9736.0224609375
9626.126953125
9534.8291015625
9447.7119140625
9367.2626953125
9286.109375
9206.9345703125
9137.2353515625
9062.708984375
8992.9326171875
8922.9599609375
8862.068359375
8805.2919921875
8749.458984375
8694.0224609375
8638.91796875
8588.353515625
8538.5263671875
8490.8798828125
8439.900390625
8382.4697265625
8332.7158203125
8276.2001953125
8223.005859375
8174.12109375
8130.490234375
8091.14599609375
8048.7041015625
8004.65234375
7959.2822265625
7915.75439453125
7878.4150390625
7837.58154296875
7796.8994140625
7758.16357421875
7721.01123046875
7680.72021484375
7640.84912109375
7605.015625
7568.06689453125
7532.11328125
7496.24755859375
7461.255859375
7430.23779296875
7395.56689453125
7362.7177734375
7328.26171875
7293.63623046875
7256.1865234375
7216.5869140625
7175.17041015625
7129.92919921875
7085.1943359375
7038.94287109375
