20000.0
20000.0
20000.0
20000.0
20000.0
20000.0
20000.0
20000.0
20000.0
20000.0
20000.0
20000.0
20000.0
20000.0
20000.0
20000.0
20000.0
20000.0
20000.0
20000.0
20000.0
20000.0
20000.0
20000.0
20000.0
20000.0
20000.0
19999.8046875
20000.0
20000.0
20000.0
19999.984375
19999.998046875
20000.0
20000.0
20000.0
19300.564453125
18644.392578125
18072.02734375
17540.634765625
17059.998046875
16644.1171875
16215.029296875
15831.0478515625
15462.9169921875
15127.47265625
14797.900390625
14483.525390625
14191.2568359375
13913.974609375
13661.2783203125
13412.9716796875
13174.0380859375
12964.62109375
12683.0185546875
12408.64453125
12174.0390625
11965.28125
11762.501953125
11577.2646484375
11414.064453125
11255.9150390625
11115.9375
10986.0224609375
10870.123046875
10772.4638671875
10669.9951171875
10573.4677734375
10472.5087890625
10377.015625
10269.2880859375
10165.853515625
10052.7890625
9936.4482421875
9830.6826171875
9730.7216796875
9637.015625
9553.9921875
9464.36328125
9382.587890625
9302.701171875
9229.095703125
9153.921875
9078.1708984375
9004.94140625
8930.923828125
8861.78125
8794.060546875
8730.8037109375
8676.537109375
8617.0556640625
8560.89453125
8504.734375
8452.1748046875
8399.4267578125
8347.693359375
8298.9306640625
8250.3681640625
8204.798828125
8158.9658203125
8113.80419921875
8073.48486328125
8029.4384765625
7987.4013671875
7944.60546875
7903.93310546875
7862.654296875
7822.10302734375
7783.5302734375
7744.27490234375
7706.40283203125
7666.810546875
7627.71923828125
7593.0078125
7555.24072265625
7519.0390625
7482.173828125
7446.90771484375
7410.5986328125
7374.11328125
7338.7265625
7302.23779296875
7267.41357421875
7231.490234375
