20000.0
20000.0
20000.0
20000.0
20000.0
20000.0
20000.0
20000.0
20000.0
20000.0
20000.0
20000.0
20000.0
20000.0
20000.0
20000.0
20000.0
20000.0
20000.0
20000.0
20000.0
20000.0
20000.0
20000.0
20000.0
20000.0
20000.0
20000.0
19999.96875
20000.0
19999.998046875
20000.0
20000.0
20000.0
20000.0
20000.0
20000.00390625
19999.998046875
20000.0
20000.0
20000.0
20000.0
20000.0
20000.0
20000.0
20000.0
20000.0
19973.84765625
19225.12890625
18479.765625
17906.2578125
17390.0
16941.724609375
16614.27734375
16254.263671875
15752.3134765625
15310.1533203125
14972.1728515625
14641.7578125
14280.7841796875
13936.16796875
13624.052734375
13355.259765625
13098.3349609375
12869.693359375
12678.75
12483.005859375
12309.7890625
12145.1962890625
11996.88671875
11856.4462890625
11722.083984375
11597.673828125
11477.205078125
11369.1533203125
11266.07421875
11171.048828125
11090.8623046875
11007.0830078125
10925.9912109375
10844.4453125
10768.9921875
10693.2685546875
10618.4853515625
10547.2939453125
10475.6982421875
10408.6259765625
10341.501953125
10276.59375
10219.759765625
10158.166015625
10098.72265625
10036.896484375
9976.609375
9913.6650390625
9850.2822265625
9784.966796875
9715.072265625
9645.5830078125
9571.494140625
9494.2421875
9422.142578125
9340.015625
9258.5712890625
9171.8427734375
9086.6181640625
8998.310546875
8907.6025390625
8816.66015625
8721.4345703125
8625.9697265625
8523.52734375
8417.1708984375
8319.8447265625
8212.220703125
8109.25634765625
8007.5576171875
7910.6337890625
7815.962890625
7727.5361328125
7650.89990234375
7568.7744140625
7472.6650390625
7331.57373046875
