20000.0
20000.0
20000.0
20000.0
20000.0
20000.0
20000.0
20000.0
20000.0
20000.0
20000.0
20000.0
20000.0
20000.0
20000.0
20000.0
20000.0
20000.0
20000.0
20000.0
20000.0
20000.0
20000.0
20000.0
20000.0
19999.9765625
19999.994140625
20000.0
20000.0
20000.0
19999.998046875
19999.998046875
20000.0
20000.0
20000.0
19999.998046875
20000.0
20000.0
20000.0
20000.0
20000.0
20000.0
20000.0
20000.0
20000.0
20000.0
20000.0
20000.0
20000.0
20000.0
20000.0
20000.0
20000.0
20000.0
19623.935546875
19187.154296875
18755.103515625
18327.9921875
17893.908203125
17467.5234375
17065.0078125
16654.2265625
16272.0263671875
15903.9404296875
15571.6044921875
15299.8427734375
15019.3232421875
14762.798828125
14511.515625
14246.5830078125
13973.7734375
13711.998046875
13445.1689453125
13146.4423828125
12875.7802734375
12615.3662109375
12372.1640625
12162.458984375
11945.8525390625
11749.4072265625
11538.5576171875
11340.01953125
11162.3125
10996.0
10840.744140625
10687.958984375
10529.0732421875
10367.8193359375
10212.390625
10075.22265625
9912.5859375
9758.3837890625
9613.0380859375
9484.7587890625
9356.453125
9230.2236328125
9107.5625
8982.2421875
8868.138671875
8759.1865234375
8656.478515625
8567.9443359375
8472.5546875
8382.59765625
8293.37109375
8212.2392578125
8129.5595703125
8047.68701171875
7970.66650390625
7893.69384765625
7821.69140625
7748.8447265625
7677.05322265625
7612.47412109375
7540.06103515625
7470.47900390625
7399.05029296875
7330.07958984375
7259.28173828125
7188.84912109375
7121.634765625
7054.03125
6991.2080078125
6926.759765625
