20000.0
20000.0
20000.0
20000.0
20000.0
20000.0
20000.0
20000.0
20000.0
20000.0
20000.0
20000.0
20000.0
20000.0
20000.0
20000.0
20000.0
20000.0
20000.0
20000.0
20000.0
20000.0
20000.0
20000.0
20000.0
20000.0
19998.3046875
20000.0
20000.001953125
19999.837890625
19999.998046875
20000.0
20000.0
20000.0
19999.998046875
20000.0
20000.005859375
20000.0
20000.0
20000.0
20000.0
20000.0
20000.0
20000.0
19453.7265625
18899.181640625
18368.044921875
17875.744140625
17426.150390625
16988.408203125
16591.40234375
16208.4951171875
15844.8974609375
15502.2255859375
15041.92578125
14697.123046875
14381.40625
14095.078125
13815.0380859375
13555.162109375
13342.5859375
13145.2724609375
12969.6103515625
12780.5087890625
12547.060546875
12325.630859375
12095.9599609375
11907.169921875
11737.396484375
11583.109375
11433.298828125
11290.47265625
11166.517578125
11046.6923828125
10938.603515625
10833.0478515625
10732.732421875
10645.8505859375
10554.5498046875
10471.796875
10392.6005859375
10320.90625
10250.3896484375
10179.708984375
10108.8642578125
10038.5791015625
9974.8876953125
9913.4521484375
9855.6513671875
9805.619140625
9752.427734375
9702.7666015625
9652.4501953125
9605.3369140625
9557.9775390625
9511.8701171875
9468.111328125
9423.1357421875
9379.2236328125
9332.552734375
9284.328125
9239.41796875
9177.0458984375
9110.7333984375
9037.919921875
8964.8408203125
8887.2373046875
8807.2900390625
8727.390625
8641.994140625
8553.9794921875
8454.4501953125
8352.0810546875
8259.146484375
8156.88427734375
8058.5625
7957.7451171875
7860.6484375
7761.28515625
7663.5078125
7570.4658203125
7476.068359375
7385.4609375
7292.837890625
