20000.0
20000.0
20000.0
20000.0
20000.0
20000.0
20000.0
20000.0
20000.0
20000.0
20000.0
20000.0
20000.0
20000.0
20000.0
20000.0
20000.0
20000.0
20000.005859375
20000.001953125
20000.0
20000.0
19999.923828125
20000.0
19999.994140625
19999.998046875
20000.0
20000.0
20000.0
19373.166015625
18520.8984375
17766.533203125
17060.048828125
16442.02734375
15865.138671875
15238.19140625
14628.7783203125
14123.5947265625
13681.3876953125
13286.7412109375
12981.072265625
12702.9150390625
12318.423828125
11976.984375
11695.3779296875
11462.9208984375
11244.525390625
11035.13671875
10847.580078125
10667.8642578125
10496.8759765625
10334.5107421875
10185.03515625
10054.810546875
9915.8994140625
9788.4287109375
9659.1494140625
9534.5927734375
9411.2880859375
9294.62890625
9182.5849609375
9065.8759765625
8954.546875
8844.0693359375
8737.7548828125
8644.4462890625
8544.263671875
8449.0263671875
8353.8466796875
8261.189453125
8165.1611328125
8069.44384765625
7976.78271484375
7879.55029296875
7779.55029296875
7671.55322265625
7560.2392578125
7458.66259765625
7345.9326171875
7236.93408203125
7127.0224609375
7021.984375
6914.22021484375
6807.0615234375
6704.06982421875
6599.23583984375
6488.03076171875
6372.3955078125
6259.82177734375
6161.12451171875
6056.9765625
5957.82666015625
5858.5087890625
5765.51953125
5672.0283203125
5580.69091796875
5493.66162109375
5405.3662109375
5322.26806640625
5239.41552734375
5157.5048828125
5083.3232421875
4999.54638671875
4916.71923828125
4832.1796875
4752.6025390625
4679.4140625
4608.4033203125
4542.89208984375
4477.21044921875
4417.9794921875
4359.4541015625
4301.02880859375
4248.85546875
4192.59375
4140.34228515625
4089.37890625
4043.183349609375
3998.47265625
3956.279296875
3916.90576171875
3877.21826171875
3839.698974609375
3801.353271484375
