20000.0
20000.0
20000.0
20000.0
20000.0
20000.0
20000.0
20000.0
20000.0
20000.0
20000.0
20000.0
20000.0
20000.0
20000.0
20000.0
19999.998046875
20000.0
20000.0
20000.0
20000.0
19999.966796875
20000.0
20000.0
19999.998046875
20000.0
19999.998046875
20000.0
20000.0
20000.0
20000.0
20000.0
20000.0
20000.0
20000.0
19173.962890625
18241.109375
17442.787109375
16822.669921875
16205.3125
15347.111328125
14698.578125
14160.6640625
13573.1201171875
13094.98828125
12660.201171875
12310.12109375
11990.1806640625
11705.634765625
11444.19140625
11179.84375
10941.306640625
10718.2666015625
10513.3984375
10329.8955078125
10142.8037109375
9972.923828125
9807.02734375
9645.9794921875
9486.828125
9337.65625
9201.5615234375
9069.134765625
8946.3720703125
8824.8037109375
8709.3125
8608.8193359375
8500.462890625
8397.73828125
8295.41015625
8200.0185546875
8105.07666015625
8013.62841796875
7928.07666015625
7842.67578125
7762.85595703125
7682.712890625
7604.53759765625
7534.89404296875
7458.88818359375
7386.43115234375
7312.57373046875
7241.552734375
7168.55615234375
7095.94140625
7026.2978515625
6954.99951171875
6887.490234375
6818.53857421875
6750.42236328125
6689.49853515625
6622.68310546875
6558.56396484375
6492.42333984375
6429.0458984375
6365.1298828125
6302.35009765625
6243.009765625
6182.6787109375
6125.328125
6066.78076171875
6009.21142578125
5958.388671875
5903.76025390625
5850.93603515625
5799.35400390625
5753.7685546875
5705.55517578125
5656.43212890625
5608.4521484375
5559.5751953125
5512.48486328125
5464.455078125
5417.20068359375
5375.20068359375
5329.42724609375
5285.6708984375
5241.1259765625
5198.5458984375
5155.0078125
5110.86767578125
5066.8232421875
5021.703125
4978.76904296875
4935.37060546875
