20000.0
20000.0
20000.0
20000.0
19999.998046875
20000.0
20000.0
20000.0
20000.0
20000.0
20000.0
20000.0
20000.0
20000.0
20000.0
20000.0
20000.0
20000.0
20000.0
19999.5078125
20000.0
20000.0
19999.701171875
20000.0
20000.0
20000.0
20000.0
19521.2734375
18637.892578125
17918.052734375
17341.48046875
16780.537109375
16300.9453125
15868.2802734375
15491.65234375
15133.427734375
14802.490234375
14502.9931640625
14124.1337890625
13770.0517578125
13453.326171875
13159.626953125
12909.9921875
12641.42578125
12392.61328125
12148.39453125
11942.3447265625
11744.646484375
11554.533203125
11366.0927734375
11137.3427734375
10940.0400390625
10772.146484375
10628.3115234375
10512.0029296875
10384.533203125
10258.9658203125
10134.30859375
10022.82421875
9913.375
9803.23828125
9696.8125
9585.7138671875
9481.484375
9380.267578125
9288.0029296875
9211.7685546875
9130.6708984375
9052.634765625
8972.625
8896.8681640625
8822.2314453125
8751.7470703125
8687.1142578125
8622.9462890625
8563.1884765625
8503.185546875
8444.0185546875
8391.4462890625
8334.2255859375
8280.2314453125
8225.681640625
8173.92578125
8120.82861328125
8068.236328125
8018.18798828125
7967.04931640625
7918.337890625
7869.7099609375
7822.95166015625
7781.4794921875
7735.91650390625
7692.02978515625
7646.90478515625
7603.13330078125
7557.7802734375
7512.3076171875
7464.0126953125
7403.90380859375
7348.61767578125
7295.40087890625
7244.93896484375
7201.02197265625
7153.20703125
7103.79736328125
7051.0634765625
7000.39892578125
6949.59326171875
6900.77734375
6855.2841796875
6809.98291015625
6767.5732421875
6725.2900390625
6684.60546875
6649.0224609375
6610.16162109375
6572.73193359375
6534.21337890625
6497.15625
6459.21630859375
6421.7744140625
6386.08984375
6349.90625
6316.3212890625
6282.90869140625
