20000.0
20000.0
20000.0
19999.99609375
20000.0
20000.0
20000.0
20000.0
20000.0
20000.0
20000.0
20000.0
20000.0
20000.0
20000.0
20000.0
20000.0
20000.0
20000.0
20000.0
20000.0
20000.0
20000.0
19999.078125
20000.0
20000.0
20000.0
20000.0
20000.0
20000.0
20000.0
20000.0
20000.0
20000.0
20000.0
20000.0
20000.0
20000.0
20000.0
20000.0
20000.0
19867.5703125
19232.02734375
18310.43359375
17611.6640625
16997.888671875
16403.341796875
15823.6318359375
15314.412109375
14876.6279296875
14465.8916015625
14110.146484375
13789.1650390625
13503.326171875
13268.365234375
13030.2275390625
12825.6611328125
12629.4423828125
12442.705078125
12244.701171875
12044.6669921875
11857.822265625
11673.119140625
11495.943359375
11317.16796875
11143.9599609375
10992.8505859375
10835.51953125
10690.5126953125
10544.60546875
10409.6513671875
10277.82421875
10153.75
10040.611328125
9929.41015625
9825.4521484375
9721.1748046875
9617.8330078125
9528.177734375
9433.6123046875
9346.4755859375
9261.0888671875
9183.0634765625
9104.8994140625
9028.8427734375
8957.4951171875
8885.8662109375
8817.1650390625
8745.759765625
8676.0595703125
8614.56640625
8548.2470703125
8485.7216796875
8422.744140625
8363.8759765625
8305.1982421875
8247.7431640625
8192.7578125
8136.52783203125
8082.43359375
8026.15380859375
7969.1474609375
7917.7666015625
7861.7958984375
7807.85107421875
7752.00537109375
7697.93212890625
7641.955078125
7585.734375
7530.0361328125
7472.65966796875
7417.2880859375
7360.07177734375
7301.67724609375
7248.94775390625
7190.5810546875
7132.19482421875
7069.73486328125
7009.27685546875
6946.34814453125
6883.04443359375
6820.91650390625
6755.509765625
6688.3447265625
6618.64111328125
