20000.0
20000.0
20000.0
20000.0
20000.0
20000.0
20000.0
20000.0
20000.0
20000.0
20000.0
20000.0
20000.0
20000.0
20000.0
20000.0
20000.0
20000.0
20000.0
20000.0
20000.0
20000.0
20000.0
20000.0
20000.0
20000.0
20000.0
20000.0
20000.0
20000.0
20000.0
19999.990234375
19999.373046875
20000.0
20000.0
20000.0
20000.0
19999.98828125
20000.0
19999.998046875
20000.0
20000.0
20000.0
20000.0
19999.998046875
20000.0
20000.0
20000.0
19633.9296875
19185.1328125
18734.595703125
18329.376953125
17941.91015625
17606.2890625
17301.41015625
16968.26953125
16655.525390625
16351.37890625
16071.3193359375
15713.7724609375
15352.1611328125
15066.716796875
14797.7822265625
14553.8125
14317.8271484375
14094.765625
13899.3955078125
13684.388671875
13471.7060546875
13263.4462890625
13070.5712890625
12887.70703125
12714.83984375
12555.3408203125
12375.8720703125
12194.9072265625
12018.75
11862.08203125
11733.849609375
11603.259765625
11474.4619140625
11335.634765625
11197.8720703125
11063.697265625
10935.205078125
10814.2490234375
10688.361328125
10568.7509765625
10452.625
10345.427734375
10255.9150390625
10163.3427734375
10077.1025390625
9988.990234375
9902.53125
9810.736328125
9718.2421875
9629.8154296875
9540.9892578125
9457.9365234375
9373.94140625
9291.763671875
9219.7958984375
9141.0654296875
9064.7998046875
8985.328125
8907.6923828125
8826.4365234375
8744.86328125
8666.1650390625
8586.1943359375
8511.9033203125
8434.7109375
8358.37109375
8290.173828125
8215.154296875
8143.12548828125
8066.71240234375
7993.6796875
7920.86181640625
7849.65478515625
7780.85986328125
7709.6318359375
7640.53662109375
7568.80224609375
