20000.0
20000.0
20000.0
20000.0
20000.0
20000.0
20000.0
20000.0
20000.0
20000.0
20000.0
20000.0
20000.0
20000.0
20000.0
20000.0
20000.0
20000.0
19995.51171875
20000.0
20000.0
20000.0
20000.0
20000.0
20000.0
20000.0
20000.0
20000.0
20000.0
20000.0
20000.0
20000.0
20000.0
19999.998046875
20000.0
19999.8828125
19999.998046875
18982.111328125
17793.029296875
16912.265625
16163.7412109375
15519.5478515625
14987.9658203125
14441.1552734375
13954.9443359375
13494.1005859375
13091.9521484375
12718.3779296875
12383.3857421875
12085.5908203125
11801.330078125
11545.8642578125
11296.7294921875
11063.021484375
10865.0537109375
10659.552734375
10471.05078125
10282.796875
10110.14453125
9941.1357421875
9781.109375
9633.46484375
9488.04296875
9347.005859375
9204.5712890625
9065.5478515625
8948.482421875
8821.107421875
8700.3916015625
8580.42578125
8473.57421875
8367.1845703125
8262.9169921875
8163.32666015625
8062.763671875
7969.26318359375
7880.248046875
7796.53125
7724.12744140625
7645.22998046875
7569.93115234375
7464.82470703125
7346.60498046875
7231.12109375
7123.12353515625
7023.9736328125
6925.3291015625
6834.02392578125
6744.16259765625
6658.5302734375
6584.7705078125
6506.51513671875
6433.34033203125
6360.52099609375
6292.9814453125
6226.1953125
6161.89990234375
6102.017578125
6042.8037109375
5987.0673828125
5931.255859375
5877.39013671875
5830.11474609375
5778.7490234375
5729.72412109375
5679.5439453125
5631.31787109375
5581.8369140625
5532.58349609375
5485.025390625
5435.470703125
5385.5810546875
5331.82275390625
5276.34619140625
5225.17236328125
5168.2470703125
5113.11572265625
5056.376953125
5001.8125
4945.875
4893.5087890625
4842.68017578125
4789.4931640625
4738.62353515625
4686.90869140625
