20000.0
20000.0
20000.0
20000.0
20000.0
20000.0
20000.0
20000.0
20000.0
20000.0
20000.0
20000.0
20000.0
20000.0
20000.0
20000.0
20000.0
20000.0
20000.0
19991.91796875
20000.0
20000.0
20000.0
20000.0
20000.0
20000.0
20000.0
20000.0
20000.0
20000.0
20000.0
19999.888671875
20000.0
19484.40625
18372.107421875
17593.943359375
16950.2265625
16341.9375
15817.8779296875
15308.451171875
14826.623046875
14351.224609375
13909.0888671875
13500.3701171875
13108.8115234375
12764.86328125
12413.4482421875
12103.869140625
11831.9912109375
11580.4111328125
11354.5048828125
11135.203125
10928.2666015625
10751.4951171875
10561.228515625
10381.150390625
10198.7841796875
10026.6103515625
9853.9501953125
9684.474609375
9516.7255859375
9348.19140625
9187.111328125
9020.955078125
8852.8173828125
8701.7939453125
8536.544921875
8377.2451171875
8213.2646484375
8056.83056640625
7899.11572265625
7746.4130859375
7603.85888671875
7461.92919921875
7332.9072265625
7213.12548828125
7099.65087890625
6999.341796875
6890.267578125
6787.02783203125
6683.14501953125
6583.560546875
6480.96044921875
6383.42236328125
6294.1083984375
6206.42724609375
6125.51318359375
6045.67919921875
5968.77001953125
5901.38671875
5827.673828125
5757.1162109375
5686.5458984375
5621.2333984375
5556.6552734375
5494.66943359375
5437.06298828125
5380.03955078125
5327.04638671875
5274.3779296875
5223.5576171875
5179.34912109375
5132.23095703125
5088.92822265625
5047.24462890625
5008.4296875
4969.45458984375
4931.46337890625
4895.91748046875
4859.07861328125
4823.56103515625
4788.8818359375
4756.5224609375
4727.82080078125
4697.00146484375
4668.21484375
4639.59423828125
4612.6845703125
4586.0146484375
4560.2890625
4536.0849609375
4511.751953125
4488.78564453125
4465.66943359375
