20000.0
20000.0
20000.0
20000.0
20000.0
20000.0
20000.0
20000.0
20000.0
20000.0
20000.0
20000.0
19999.998046875
20000.0
20000.0
20000.0
20000.0
20000.0
20000.0
20000.0
20000.0
20000.0
19999.947265625
20000.0
19999.599609375
19999.978515625
20000.0
20000.0
20000.0
20000.0
19859.498046875
19154.82421875
18535.4765625
18014.005859375
17541.544921875
17112.53515625
16722.97265625
16361.169921875
16045.3505859375
15747.3271484375
15468.4267578125
15212.1025390625
14939.5205078125
14689.5537109375
14418.2041015625
14172.9677734375
13937.025390625
13715.486328125
13514.6318359375
13312.3173828125
13115.384765625
12921.53125
12741.8828125
12590.7236328125
12435.6982421875
12295.6083984375
12159.1748046875
12034.1650390625
11911.2041015625
11792.5537109375
11681.26171875
11573.056640625
11473.8779296875
11375.1357421875
11279.65234375
11195.322265625
11104.20703125
11015.41015625
10922.525390625
10834.6953125
10747.7685546875
10664.8173828125
10589.2509765625
10517.7880859375
10447.830078125
10345.9951171875
10250.484375
10168.720703125
10081.04296875
9993.830078125
9906.0380859375
9824.9482421875
9741.7275390625
9659.62109375
9582.216796875
9503.5263671875
9418.2060546875
9327.111328125
9234.921875
9151.66796875
9060.37890625
8973.2109375
8883.5947265625
8794.4052734375
8700.8251953125
8608.8583984375
8521.4189453125
8432.19921875
8346.9814453125
8258.609375
8171.3642578125
8092.513671875
8009.060546875
7931.31884765625
7844.1708984375
7759.68212890625
7681.576171875
7607.47412109375
7532.49560546875
7451.546875
7371.6240234375
7280.85595703125
7190.99267578125
7113.9208984375
7034.30712890625
6962.060546875
6890.654296875
6822.5
6754.67529296875
6690.39111328125
6630.53857421875
6568.546875
6508.00390625
6445.60546875
