20000.0
20000.0
20000.0
19999.99609375
20000.0
20000.0
20000.0
20000.0
20000.0
20000.0
20000.0
20000.0
20000.0
20000.0
20000.0
20000.0
20000.0
20000.0
20000.0
20000.0
20000.0
20000.0
19998.69140625
20000.0
20000.0
20000.0
20000.0
20000.0
19999.998046875
20000.0
19999.953125
20000.0
20000.0
20000.0
19999.99609375
19999.998046875
20000.0
20000.0
19541.5859375
18765.0625
18028.5390625
17396.869140625
16735.353515625
16116.412109375
15518.9208984375
14989.79296875
14480.5087890625
14005.0087890625
13569.9951171875
13147.7509765625
12766.087890625
12393.9345703125
12035.333984375
11779.5
11512.509765625
11202.720703125
10925.8212890625
10674.953125
10427.0498046875
10194.025390625
9990.5546875
9795.1083984375
9598.0888671875
9383.1474609375
9182.466796875
9017.0546875
8838.1357421875
8663.447265625
8483.4580078125
8306.6103515625
8134.4189453125
7976.5673828125
7831.5
7683.52001953125
7540.4560546875
7395.2490234375
7256.60693359375
7136.09375
7008.52490234375
6890.38818359375
6772.41015625
6658.3603515625
6538.376953125
6421.712890625
6314.162109375
6207.541015625
6102.9873046875
5998.73095703125
5897.9873046875
5809.83056640625
5715.1669921875
5625.8525390625
5535.11767578125
5448.16162109375
5359.291015625
5271.68505859375
5188.0322265625
5102.82666015625
5020.4208984375
4935.154296875
4850.46337890625
4776.82763671875
4702.51318359375
4641.16552734375
4576.517578125
4513.1474609375
4447.0712890625
4380.8955078125
4316.9326171875
4251.26513671875
4187.80322265625
4123.80322265625
4061.666259765625
4007.276123046875
3949.9638671875
3896.545166015625
3843.396728515625
3793.30126953125
3741.749755859375
3690.37646484375
3642.336669921875
3595.026611328125
3551.880615234375
3509.21142578125
