25400.0
25400.0
24743.537109375
25417.9609375
24974.17578125
24145.56640625
23552.275390625
23212.30078125
23224.345703125
23366.11328125
23663.1328125
24475.513671875
24847.498046875
24970.470703125
25012.189453125
25032.515625
25049.451171875
25067.68359375
25084.064453125
25101.40234375
25115.43359375
25127.01953125
25151.6953125
25167.6484375
25184.25
25375.580078125
26156.255859375
28838.0078125
34946.68359375
42760.171875
49231.97265625
53380.79296875
56378.01171875
59602.97265625
63128.515625
66822.6796875
70213.1875
73408.2265625
76208.8359375
78707.7421875
81502.640625
84243.9453125
86805.2578125
89920.8984375
92815.2265625
95682.6875
98145.0078125
100223.78125
102090.859375
103149.0390625
103651.46875
104501.1875
105318.671875
105971.359375
106488.65625
106976.703125
107359.171875
107629.5
107745.1796875
107746.46875
107830.3671875
107919.765625
108025.640625
108109.0234375
108146.3671875
108204.140625
108263.2734375
108321.6875
108484.9453125
108730.1328125
108986.9296875
109198.40625
109339.140625
109409.9375
109419.3046875
109426.8671875
109418.3046875
109395.4453125
109351.5
109254.890625
109058.7890625
108871.109375
108707.5625
108530.46875
108408.8046875
108484.4609375
108494.125
108449.21875
108363.515625
108253.6796875
108149.171875
108027.4375
107911.5
107799.640625
107675.8828125
107536.796875
107363.6328125
107168.4921875
106952.78125
106740.7109375
106518.125
106395.578125
106373.390625
106400.1953125
106439.6328125
106477.703125
106508.7421875
106527.734375
106532.3984375
106514.328125
106474.5078125
106470.1171875
106525.4765625
106563.703125
106637.8359375
106664.5234375
106644.9921875
106622.3359375
106593.3671875
106537.5078125
106428.15625
106388.9453125
106273.03125
106127.828125
105960.609375
