25400.0
25400.0
25400.0
25400.0
25400.0
25400.0
25400.0
25400.0
25400.0
25400.0
25400.0
25400.0
25400.0
25400.0
25400.0
30624.291015625
56962.6328125
78894.1796875
86377.46875
91813.6953125
99721.875
106694.8984375
112874.703125
119271.34375
124971.6171875
129371.59375
132866.390625
135411.078125
135323.609375
131861.4375
129105.6640625
126229.1640625
123360.2265625
120856.84375
118852.046875
116972.1328125
115198.3359375
114009.6953125
112733.0390625
111372.0703125
110305.6640625
109761.8515625
109482.0234375
109417.390625
109683.71875
109824.8828125
110079.7421875
110612.1015625
111255.8203125
111865.3046875
112461.890625
112984.171875
113438.6484375
113786.984375
114219.2421875
114581.3828125
114826.90625
114988.3984375
115068.28125
115093.7578125
115087.0078125
115100.34375
115107.0390625
115161.4140625
115261.546875
115396.40625
115658.296875
116039.0
116399.546875
116724.984375
116970.046875
117156.8046875
117289.515625
117381.0859375
117409.1640625
117371.9765625
117290.71875
117117.1875
116930.171875
116709.8515625
116489.2421875
116247.734375
115937.78125
115610.203125
115270.2421875
114924.296875
114563.15625
114220.7109375
113864.96875
113560.5390625
113288.9765625
113017.515625
112792.90625
112546.953125
112298.625
112030.265625
111757.2578125
111495.6171875
111231.0390625
110981.0078125
110729.578125
110483.6640625
110267.171875
110039.1640625
109825.265625
109605.40625
109399.15625
109188.3671875
108979.75
108774.3984375
108554.8515625
108336.359375
108108.40625
107879.8671875
107674.703125
107448.5546875
107231.578125
107010.921875
106801.9296875
106589.1328125
106382.3828125
106186.875
105990.8203125
105803.0703125
105613.96875
