25400.0
25400.0
25400.0
25400.0
25400.0
25400.0
25400.0
25400.0
25400.0
25400.0
25400.0
25400.0
25400.0
25400.0
25400.0
25400.0
25400.0
38718.25
51036.921875
61816.953125
80113.6328125
94588.9765625
106602.0625
117989.125
126407.5625
132636.875
136090.34375
133688.1875
131186.546875
128728.421875
126555.0
124301.9375
122270.5703125
120133.46875
118148.59375
116536.2109375
115120.8125
113986.015625
112840.203125
111720.96875
110595.6171875
109397.0
108291.78125
107164.3125
106199.234375
105310.046875
104565.0
103925.25
103494.1171875
103118.5546875
102870.8984375
102739.40625
102673.921875
102582.640625
102315.359375
102108.40625
101858.2890625
101806.1640625
101805.8046875
101829.703125
101909.0078125
102068.28125
102322.15625
102608.4375
102843.5859375
103068.46875
103383.4375
103924.1953125
104541.984375
105216.7421875
105859.4375
106498.78125
107209.40625
107858.0625
108476.2109375
109037.234375
109575.5
110071.90625
110486.4609375
110909.46875
111279.71875
111631.2734375
111944.6171875
112250.0078125
112519.078125
112748.6171875
112956.21875
113181.984375
113394.484375
113529.90625
113591.5859375
113672.140625
113750.578125
113817.390625
113935.5546875
114200.109375
114659.0078125
115141.4765625
115589.359375
115956.5
116258.5703125
116454.4296875
116466.5546875
116441.9609375
116413.03125
116363.6171875
116247.8359375
116006.5703125
115669.375
115287.5078125
114854.40625
114406.8359375
113959.0
113625.265625
113543.8984375
113465.4140625
113353.46875
113191.265625
113001.1484375
112777.796875
112540.6875
112301.6875
112050.5390625
111802.4609375
111540.2734375
