25400.0
25400.0
25400.0
25400.0
25400.0
25400.0
25400.0
25400.0
25400.0
25400.0
25400.0
25400.0
25400.0
25400.0
25400.0
25400.0
25400.0
25400.0
25400.0
25400.0
25400.0
25400.0
25400.0
25400.0
36407.30859375
55397.4765625
71709.4921875
85017.2265625
95940.5078125
104901.8671875
113656.7578125
121597.828125
128217.3125
133364.765625
137528.15625
140792.5
143531.375
145717.125
147428.59375
148679.78125
149673.28125
150469.015625
151167.84375
147775.859375
144000.28125
140279.03125
136831.34375
133714.671875
130760.2265625
127986.8203125
125900.3125
123739.0234375
122203.453125
120908.1875
119627.3515625
118334.171875
117139.21875
116309.234375
115641.4609375
115025.3828125
114593.046875
114394.140625
114409.625
114517.3203125
114608.3671875
114689.78125
114786.9765625
114881.3359375
114973.859375
115059.265625
115119.4140625
115214.859375
115303.8984375
115371.4609375
115429.3046875
115484.59375
115500.5390625
115471.2421875
115468.8984375
115462.859375
115448.1015625
115392.890625
115304.4296875
115193.9296875
115069.359375
114920.8671875
114755.734375
114558.578125
114322.671875
114082.5859375
113810.109375
113541.984375
113260.015625
113000.4140625
112744.640625
112503.1171875
112279.59375
112057.6328125
111850.78125
111646.0859375
111450.015625
111278.265625
111093.5078125
110917.9453125
110738.921875
110567.453125
110392.4375
110220.4609375
110057.859375
109896.3203125
109747.265625
109599.21875
109496.8828125
109423.3515625
109353.5546875
109291.3203125
109228.828125
109166.53125
109099.4296875
109031.890625
108962.921875
108888.734375
108815.6875
108739.5390625
