25400.0
25400.0
25366.9375
24709.130859375
24630.259765625
24622.77734375
24618.083984375
24615.37109375
24614.826171875
24616.32421875
24618.701171875
24621.15625
24623.623046875
24625.94921875
24628.09375
24630.384765625
24633.23828125
24635.099609375
24636.841796875
24638.328125
24642.029296875
24676.396484375
32158.951171875
47482.56640625
62970.1875
76421.9609375
86387.6640625
93764.71875
99199.0546875
103983.6640625
108231.453125
111925.015625
115213.1953125
117720.3046875
119610.4375
118146.6953125
116975.1640625
115921.6484375
114924.0546875
113918.8515625
112959.34375
111945.5859375
111073.125
110345.0
109602.2890625
108962.3984375
108347.5859375
107805.609375
107272.0546875
106849.1484375
106446.9140625
106072.078125
105727.921875
105398.1171875
105099.6484375
104856.265625
104593.9453125
104388.4921875
104091.9765625
103815.484375
103597.6640625
103421.0859375
103297.0390625
103196.6171875
103121.6015625
103052.0078125
102985.7109375
103039.09375
103406.84375
103582.953125
103592.2421875
103536.3125
103453.3046875
103424.8125
103442.3515625
103606.125
103822.078125
103985.46875
103994.9296875
103927.9296875
103793.3046875
103614.859375
103435.6171875
103331.4453125
103284.625
103253.6796875
103238.28125
103233.4296875
103305.3671875
103579.2109375
103835.4375
104011.390625
104137.5390625
104233.65625
104316.765625
104402.3125
104496.9609375
104588.21875
104675.171875
104754.0390625
104847.4609375
105005.5625
105149.1015625
105260.390625
105371.671875
105475.3203125
105588.234375
105721.84375
105877.125
106036.1796875
106185.765625
106335.515625
106478.375
106624.078125
106765.6328125
106889.03125
107018.5546875
107139.5234375
107264.6484375
107382.875
107501.3359375
107624.3984375
107724.328125
107813.3359375
107887.703125
107952.8515625
