25400.0
25400.0
25400.0
25393.818359375
25375.34375
25375.34375
25375.34375
25373.373046875
25369.396484375
25365.12890625
25362.72265625
25361.427734375
25360.693359375
25360.2890625
25360.072265625
25359.947265625
25359.8828125
25359.849609375
25359.845703125
25359.845703125
25359.177734375
25358.181640625
33984.06640625
53021.25390625
71790.6328125
86812.7578125
99676.484375
112046.3125
121219.421875
127448.4375
131485.609375
134096.484375
135965.84375
137454.546875
138374.765625
139677.96875
140933.265625
141916.015625
142269.765625
137753.359375
133754.609375
130151.734375
126991.4609375
124521.171875
121939.2109375
119696.7265625
117863.9765625
116423.8203125
114931.796875
113674.7578125
112545.6640625
111490.3515625
110792.5
110290.140625
109776.078125
109310.8046875
108852.9140625
108497.7734375
108322.484375
108369.9921875
108442.421875
108519.0625
108615.5
108777.890625
108976.9765625
109214.703125
109459.546875
109681.015625
109926.984375
110203.265625
110554.484375
110893.2890625
111230.2109375
111552.1015625
111848.4453125
112135.03125
112390.359375
112626.8984375
112826.625
112967.9140625
113082.578125
113164.3046875
113225.1171875
113352.9921875
113454.8828125
113519.671875
113547.7421875
113554.703125
113558.6015625
113562.859375
113598.5859375
113652.2421875
113792.171875
113917.75
114018.6328125
114085.0390625
114120.6875
114106.578125
114056.8203125
113987.3671875
113908.0859375
113809.1484375
113692.6953125
113573.84375
113427.3046875
113256.859375
113035.0
112794.3984375
112538.2109375
112281.921875
112036.7734375
111789.1796875
111555.2890625
111316.1796875
111078.734375
110865.984375
110716.5
110632.2109375
110543.5859375
110450.578125
110348.1875
110239.453125
110129.9921875
110011.25
109889.4140625
109754.171875
