25400.0
25400.0
25400.0
25400.0
25400.0
25400.0
25400.0
25400.0
25400.0
25400.0
25400.0
25400.0
25400.0
25400.0
25400.0
25400.0
25400.0
25400.0
25400.0
25400.0
25400.0
25400.0
25400.0
25400.0
25400.0
34151.078125
47259.01953125
64384.765625
80076.265625
91596.6953125
100842.765625
110141.5703125
118315.21875
125957.8359375
132124.015625
137149.1875
141080.78125
144080.09375
146504.953125
148321.28125
149891.890625
151058.171875
151875.84375
152353.296875
150853.15625
146831.609375
143292.921875
139632.78125
136333.546875
133438.1875
130477.3515625
127834.34375
125977.7109375
123942.6328125
122535.3671875
121038.75
119839.7265625
118524.234375
117338.9765625
116380.9296875
115679.7734375
115151.359375
114752.296875
114640.09375
114576.8828125
114534.484375
114518.6953125
114537.0625
114599.1015625
114783.8671875
114939.078125
115079.7265625
115247.796875
115401.3515625
115530.828125
115632.0859375
115710.453125
115751.8984375
115807.3828125
115870.1328125
115908.6875
115921.4609375
115929.3359375
115928.2109375
115875.1640625
115782.3359375
115689.53125
115601.9296875
115506.1953125
115377.1171875
115234.6171875
115025.9921875
114786.046875
114554.390625
114344.0703125
114123.3515625
113896.9609375
113670.75
113424.265625
113163.703125
112892.1640625
112626.7421875
112389.8828125
112129.8203125
111883.8671875
111638.1328125
111407.4375
111188.3203125
110975.9375
110777.5859375
110578.1328125
110391.0703125
110204.1015625
110024.625
109870.703125
109710.2734375
109560.6640625
109419.6953125
109290.015625
109199.0859375
109113.0234375
109028.015625
108941.328125
108867.7421875
108804.140625
