25400.0
25400.0
25400.0
25400.0
25400.0
25400.0
25400.0
25400.0
25400.0
25400.0
25400.0
25400.0
25400.0
25400.0
25400.0
25400.0
25400.0
25400.0
25400.0
26201.513671875
40778.9296875
58563.8359375
77202.6484375
92041.7890625
103877.296875
114561.296875
124063.75
131757.203125
137386.5625
141400.703125
144646.359375
146887.921875
148408.0
149514.71875
150547.09375
151449.046875
148642.15625
143538.65625
139093.234375
134885.40625
130821.7890625
127908.375
125655.0859375
123477.2890625
121582.9140625
120101.921875
118854.859375
117877.375
117151.3125
116883.3828125
116901.4375
117012.78125
117182.90625
117382.15625
117647.890625
117893.4140625
118170.59375
118550.375
118833.46875
119032.0390625
119158.3125
119177.0078125
119239.71875
119305.09375
119358.328125
119378.671875
119358.375
119290.8203125
119174.8359375
118988.984375
118742.0546875
118481.546875
118202.578125
117855.625
117488.1171875
117097.0546875
116713.6640625
116376.1796875
116013.0390625
115662.8046875
115309.5
114976.828125
114641.84375
114312.9453125
114006.2578125
113730.2578125
113461.0703125
113184.234375
112919.0234375
112696.3203125
112458.6796875
112238.9375
112019.78125
111814.0625
111604.96875
111400.953125
111211.9296875
111024.2265625
110847.5390625
110668.484375
110495.7734375
110349.46875
110193.1796875
110047.75
109901.4296875
109814.0546875
109744.3046875
109680.6015625
109620.125
109546.9609375
109462.703125
109366.1328125
109259.8125
109146.21875
109002.2734375
108853.2890625
108692.21875
108532.3984375
108340.109375
108172.9296875
108024.921875
107876.4453125
107733.6875
107631.203125
