25400.0
25400.0
25400.0
25400.0
25400.0
25400.0
25400.0
25400.0
25400.0
25400.0
25400.0
25400.0
25400.0
25400.0
25400.0
25400.0
25400.0
25400.0
25400.0
25400.0
36935.91015625
58231.1875
78888.71875
93692.25
106271.828125
119022.4765625
128681.6640625
135985.65625
140112.8125
138288.65625
135937.78125
133479.03125
130856.2265625
128271.4140625
125594.1640625
123202.21875
121242.2578125
119338.3984375
117749.1328125
116329.3125
115035.484375
113961.8515625
112888.1640625
111925.1484375
110960.2421875
110132.671875
109378.4453125
108471.109375
107615.2265625
106802.265625
106079.859375
105407.8828125
104792.765625
104298.8984375
103798.09375
103354.5546875
103012.140625
102732.71875
102423.4375
102177.375
102066.1015625
101941.3671875
101928.5234375
101890.109375
101860.25
101825.5390625
101760.484375
101663.0
101618.515625
101628.5
101638.5234375
101619.1015625
101610.3984375
101613.796875
101636.640625
101712.8203125
101813.9375
101921.6015625
102050.09375
102182.796875
102347.53125
102520.453125
102699.5078125
102887.7421875
103100.8359375
103338.4921875
103578.3828125
103835.296875
104104.484375
104370.3203125
104683.03125
105006.5390625
105385.65625
105753.71875
106125.1953125
106485.0
106822.3984375
107166.3515625
107504.5703125
107858.265625
108209.0
108519.8515625
108876.8828125
109214.953125
109532.390625
109812.4375
110077.8203125
110316.109375
110523.4140625
110730.7265625
110862.203125
110926.2734375
110930.8359375
110895.0625
110829.328125
110760.703125
110678.7734375
110587.8203125
110492.53125
110407.5
110346.953125
110300.1953125
110256.3359375
110208.9296875
