25400.0
25400.0
25400.0
25340.986328125
25209.75
25209.75
25209.75
25209.75
25209.75
25209.75
25209.75
25209.75
25209.75
25209.75
25209.75
25209.75
25209.75
25209.75
25209.75
25209.75
25209.75
25209.75
26247.00390625
42559.015625
61454.76171875
78517.203125
92106.9765625
104803.40625
114990.8203125
122011.5703125
126340.3671875
129498.9375
131416.3125
131765.09375
130051.8984375
128402.203125
126733.109375
125047.6328125
123277.3359375
121627.2578125
120020.8671875
118526.09375
117254.3671875
115947.5546875
114775.15625
113692.3046875
112693.5390625
111716.328125
110829.0859375
110030.8671875
109308.1640625
108545.7265625
107732.1484375
106983.859375
106360.2265625
105752.6484375
105264.125
104818.546875
104422.2734375
104052.7734375
103707.2421875
103366.0
103062.625
102878.890625
102738.78125
102527.25
102427.3359375
102387.9453125
102333.4765625
102241.4375
102219.78125
102259.15625
102297.234375
102424.7265625
102498.125
102522.390625
102497.8046875
102538.1796875
102653.7578125
102792.8828125
102888.390625
102923.828125
102923.4765625
102917.4296875
102936.1953125
102989.84375
103136.2578125
103335.953125
103582.21875
103846.171875
104073.109375
104303.1015625
104506.2890625
104713.2109375
104920.859375
105144.390625
105377.3515625
105598.2421875
105817.734375
106016.1484375
106229.0078125
106468.703125
106701.953125
106977.875
107255.96875
107550.515625
107828.7734375
108105.3984375
108396.953125
108706.34375
109078.421875
109408.6953125
109714.8828125
109993.59375
110226.5703125
110464.3671875
110679.3125
110888.265625
111076.546875
111254.78125
111415.9375
111571.0703125
111725.7578125
111864.484375
111996.6640625
