25400.0
25400.0
25400.0
25400.0
25400.0
25400.0
25400.0
25400.0
25400.0
25400.0
25400.0
25400.0
25400.0
25400.0
25400.0
25400.0
25400.0
25400.0
25400.0
25400.0
25400.0
33723.75390625
52313.40234375
69693.5
84661.984375
97732.5546875
108332.5625
117528.046875
120963.5625
122417.4375
123169.0
123355.6640625
123125.2265625
122511.171875
121658.28125
120711.6328125
119779.640625
118819.9296875
117869.3359375
116826.953125
115817.6640625
114955.5546875
114024.1640625
113169.0078125
112352.5234375
111607.703125
110877.453125
110185.109375
109567.859375
108898.40625
108243.8984375
107609.9453125
107064.2578125
106676.4375
106499.5390625
106362.296875
106190.0546875
106092.703125
105939.1328125
105728.453125
105493.109375
105236.1953125
105095.203125
104759.1796875
104356.03125
103995.796875
103644.5703125
103293.5625
102985.0546875
102707.5859375
102442.3984375
102199.796875
101984.75
101790.3515625
101615.9453125
101410.5234375
101202.1640625
101029.4375
100856.2109375
100700.984375
100551.5546875
100407.5390625
100289.3671875
100220.5546875
100146.4765625
100087.6640625
100104.3359375
100120.5703125
100082.4140625
99996.2890625
99859.9140625
99744.3828125
99622.5
99525.1171875
99441.25
99388.71875
99351.0625
99328.8203125
99349.046875
99374.265625
99402.359375
99439.1484375
99474.6484375
99519.8828125
99573.6953125
99620.734375
99659.0625
99702.640625
99757.1875
99858.53125
99985.0390625
100127.484375
100271.8515625
100402.484375
100556.578125
100795.0546875
101087.8828125
101388.0078125
101704.859375
102038.1484375
102367.6640625
102701.8046875
103014.203125
103338.6796875
