25400.0
25400.0
25400.0
25400.0
25400.0
25400.0
25400.0
25400.0
25400.0
25400.0
25400.0
25400.0
25400.0
25400.0
25400.0
25400.0
25400.0
25400.0
33670.30859375
57270.29296875
78855.2109375
95515.3515625
108764.8203125
120249.1171875
129745.46875
138053.4375
143915.109375
145303.640625
142016.375
138968.328125
135769.703125
132853.0625
130087.8984375
127522.375
125215.1015625
123206.046875
121464.4765625
119804.59375
118212.7578125
116467.84375
114834.765625
113438.9375
111978.4921875
110629.015625
109332.1875
108397.2109375
107947.984375
107659.8671875
107259.390625
106819.34375
106478.3203125
106200.3984375
106034.28125
105960.3984375
105836.234375
105702.921875
105612.2578125
105595.515625
105647.03125
105735.4375
105842.8984375
105976.1015625
106176.484375
106408.375
106643.109375
106837.2109375
107016.9765625
107158.2578125
107279.640625
107384.5078125
107482.46875
107570.8671875
107679.78125
107781.2890625
107854.8671875
107911.234375
107958.28125
107981.5859375
107991.46875
107990.6875
107981.7734375
107931.3984375
107873.6015625
107817.234375
107768.203125
107720.1328125
107676.5625
107615.4375
107542.4921875
107471.5546875
107391.40625
107313.5234375
107235.4453125
107163.734375
107093.0
107029.578125
106971.671875
106915.609375
106866.3828125
106818.90625
106773.109375
106727.984375
106683.1875
106666.5703125
106625.484375
106600.4296875
106585.9296875
106578.5390625
106579.296875
106587.09375
106602.40625
106647.7109375
106719.609375
106797.0859375
106892.84375
106994.015625
107092.75
107234.9375
107362.0390625
107454.3359375
107503.0
107505.90625
107462.96875
107376.078125
