25400.0
25400.0
25400.0
24863.71484375
24583.76171875
24686.52734375
24612.85546875
24573.21484375
24564.728515625
24564.2890625
24566.228515625
24569.0078125
24572.072265625
24575.07421875
24578.134765625
24581.0
24583.888671875
24587.658203125
24591.0078125
24594.091796875
24598.775390625
24604.369140625
24610.365234375
24617.07421875
24624.521484375
24632.5703125
24652.74609375
25701.49609375
30119.9765625
38240.9921875
46361.51171875
56159.765625
66796.234375
76755.296875
85072.6484375
92735.4140625
98017.7890625
102104.6875
105759.7265625
109590.3984375
112941.3046875
115682.8125
117827.859375
120020.25
120879.453125
120122.46875
119359.515625
118555.484375
117668.4375
116805.1953125
116084.28125
115402.0078125
114705.5
114017.765625
113403.625
112761.984375
112184.8515625
111617.4296875
111105.734375
110584.8984375
110060.1171875
109640.9375
109133.2578125
108680.78125
108269.2265625
107985.75
107817.296875
107700.296875
107615.328125
107531.7890625
107442.9765625
107329.1796875
107198.2890625
107162.015625
107213.7890625
107325.015625
107342.6328125
107294.6484375
107225.3828125
107357.578125
107613.390625
107806.4921875
108009.703125
108222.7109375
108393.1640625
108638.84375
108707.171875
108720.484375
108790.7734375
108809.59375
108792.15625
108675.34375
108570.9453125
108485.90625
108414.6796875
108446.265625
108556.8828125
108682.140625
108755.4921875
108766.1171875
108716.609375
108604.5546875
108476.0234375
108334.515625
108299.2265625
108332.2734375
108362.46875
108385.53125
108421.0078125
108449.0390625
108458.5703125
108441.5078125
108405.6875
108391.9765625
108379.640625
108364.1484375
108345.578125
108346.1171875
108366.234375
108419.1328125
108483.828125
108544.25
108602.53125
108654.3203125
108702.9140625
