25400.0
25400.0
25112.65625
24584.46484375
24466.271484375
24282.6796875
24230.13671875
24219.57421875
24219.798828125
24221.697265625
24223.9375
24226.376953125
24228.787109375
24231.09765625
24233.583984375
24236.890625
24241.169921875
24245.2890625
24249.60546875
24255.51953125
24262.912109375
24273.474609375
24288.76953125
24307.306640625
24349.09375
25085.0703125
29296.435546875
37067.7265625
45849.76171875
56141.70703125
65446.4140625
74013.0234375
81049.796875
87928.9921875
93216.6640625
97748.265625
101806.3125
105338.0703125
108108.3125
108383.2265625
108614.734375
108688.6796875
108625.4609375
108426.625
108139.9765625
107685.8359375
107194.390625
106639.171875
106044.890625
105535.203125
105054.3125
104627.5078125
104301.6953125
104331.1875
104615.265625
105048.4453125
105499.0546875
106121.75
106629.15625
107068.9609375
107446.5859375
107925.53125
108449.59375
108861.4296875
109180.2421875
109509.953125
109760.1640625
109928.921875
110019.796875
110092.34375
110720.5078125
111377.078125
111896.2890625
112418.421875
112782.859375
113005.046875
113145.6796875
113225.1875
113230.3046875
113092.2265625
112846.0078125
112522.875
112174.8671875
111840.8984375
111498.1796875
111112.09375
110673.8125
110227.765625
109747.96875
109392.34375
109075.390625
108640.3359375
108134.1484375
107545.21875
107752.75
107991.8046875
108120.703125
108144.6796875
108084.765625
108028.9921875
107912.140625
107966.171875
108005.9609375
107923.84375
107809.7578125
107633.6328125
107447.859375
107265.9453125
107088.0546875
106906.8125
106707.703125
106506.078125
106296.625
106182.53125
106091.0703125
106021.984375
105971.578125
105823.4140625
105671.5078125
105541.6484375
105410.53125
105274.3671875
105136.390625
104989.96875
104852.96875
104724.28125
