25400.0
25400.0
25400.0
25399.822265625
25273.08203125
25163.15234375
25163.15234375
25163.15234375
25163.15234375
25163.15234375
25163.15234375
25163.15234375
25163.15234375
25163.15234375
25163.15234375
25163.15234375
25163.15234375
25163.15234375
25163.15234375
25163.15234375
25163.15234375
25163.15234375
25163.15234375
25163.15234375
25163.15234375
25163.15234375
25163.15234375
25163.15234375
25163.15234375
32502.3359375
47720.3046875
63130.2890625
77336.625
88593.3515625
98275.1953125
107735.671875
116237.453125
123296.890625
130337.1015625
136381.984375
141569.140625
142872.53125
141887.90625
140667.0
139295.25
137732.59375
136129.453125
134456.96875
132748.828125
131121.671875
129525.5390625
128065.8359375
126619.8515625
125236.078125
124043.390625
122798.2421875
121657.0625
120546.34375
119510.2421875
118442.9609375
117399.1796875
116568.3671875
115540.3671875
114547.5703125
113527.5078125
112593.546875
111788.2109375
110962.015625
110213.734375
109501.6484375
108833.453125
108213.5234375
107680.5
107275.328125
106857.015625
106523.0234375
106190.984375
105942.78125
105803.8828125
105665.8515625
105544.8046875
105530.796875
105635.2578125
105662.765625
105554.34375
105400.0546875
105262.34375
105168.9140625
105074.8984375
104958.15625
104831.3828125
104675.1640625
104531.109375
104426.6171875
104374.5625
104378.1484375
104400.65625
104424.2734375
104441.5234375
104448.859375
104453.8203125
104449.8828125
104441.375
104428.375
104418.453125
104419.65625
104435.6015625
104460.7421875
104490.09375
104521.1953125
104554.296875
104585.2109375
104614.9921875
104644.7578125
104673.6953125
104711.015625
104745.8671875
104784.171875
104824.375
104870.203125
104918.296875
104965.5546875
105014.3828125
105060.6328125
105107.140625
