25400.0
25400.0
25400.0
25012.330078125
24790.814453125
24790.814453125
24790.814453125
24818.08203125
24863.873046875
24873.501953125
24877.080078125
24879.728515625
24882.125
24884.2890625
24886.296875
24889.697265625
24891.6171875
24891.78515625
24891.19921875
24918.537109375
35087.87890625
52030.0859375
69478.65625
86947.53125
101345.4140625
113473.2421875
124588.484375
134121.703125
136504.671875
136132.703125
135245.78125
133767.0
132035.53125
130036.9921875
128078.2265625
126074.25
124188.828125
122499.0625
120890.546875
119443.5546875
117902.0
116426.6953125
115224.78125
113978.7109375
112716.171875
111491.6953125
110380.78125
109361.46875
108390.75
107675.21875
107104.828125
106492.6015625
105961.1484375
105665.6640625
105454.6796875
105207.625
105191.0390625
105198.15625
105096.78125
104929.78125
104905.5546875
104913.90625
104824.1640625
104666.0390625
104506.3203125
104417.7421875
104412.7109375
104453.203125
104494.2890625
104518.9140625
104529.7109375
104522.4921875
104500.6875
104490.2109375
104506.140625
104546.15625
104604.53125
104666.0546875
104715.6015625
104758.875
104790.5703125
104831.0234375
104888.1796875
104960.671875
105039.8671875
105115.5390625
105179.125
105234.1171875
105291.65625
105356.078125
105418.1640625
105490.1171875
105559.8125
105635.40625
105709.9453125
105787.21875
105861.7734375
105929.8671875
105995.6015625
106054.859375
106111.8359375
106164.96875
106200.828125
106234.5546875
106271.6171875
106304.625
106330.84375
106347.3828125
106355.6328125
106354.25
106382.828125
106399.84375
106402.28125
106397.0859375
106388.09375
106373.890625
106355.9609375
106333.3359375
106307.453125
106276.375
106240.96875
106201.890625
106152.40625
106100.921875
106056.1953125
