25400.0
25400.0
25400.0
25386.23828125
25374.599609375
25362.306640625
25357.943359375
25355.13671875
25352.5078125
25351.212890625
25350.603515625
25350.30078125
25350.15625
25350.08984375
25350.05078125
25349.73828125
25349.041015625
33557.140625
55522.2890625
77441.8515625
93734.9765625
107493.390625
119302.6171875
128128.15625
128939.0625
127545.8125
125789.828125
123976.8359375
122068.1953125
120064.2265625
118121.1484375
116098.921875
114351.7109375
112771.3515625
111482.4609375
110298.375
109231.328125
108298.2890625
107428.0546875
106642.59375
105840.09375
105008.796875
104270.671875
103515.8984375
102854.4453125
102240.640625
101702.4609375
101223.1796875
100896.9609375
100706.4921875
100439.1171875
100181.8203125
99903.859375
99621.75
99369.8984375
99268.328125
99096.140625
99074.71875
99067.9609375
98960.6328125
98853.0
98759.78125
98754.0546875
98767.0390625
98809.0
98960.734375
99147.5859375
99352.3671875
99528.59375
99782.5546875
100058.2265625
100336.9921875
100600.8203125
100873.8125
101158.515625
101445.0546875
101743.2109375
102092.4921875
102520.5859375
102999.0
103436.7734375
103861.78125
104273.1015625
104754.2578125
105260.53125
105751.5703125
106224.328125
106708.265625
107176.53125
107588.9140625
107889.1875
108125.4453125
108269.8984375
108366.4140625
108411.390625
108408.2109375
108421.65625
108430.4765625
108398.328125
108335.2734375
108244.2890625
108304.1796875
108472.09375
108609.953125
108691.75
108749.484375
108785.9921875
108804.9375
108800.4453125
108775.90625
108728.46875
108662.515625
108574.015625
108468.1328125
108352.0625
108215.8984375
108107.75
107991.2265625
107867.7734375
107728.7421875
107581.4375
107462.46875
107363.2578125
107265.40625
107226.1328125
