25400.0
25400.0
25091.177734375
24652.861328125
24766.3359375
24496.28515625
24361.40625
24298.904296875
24289.23828125
24291.9375
24297.796875
24310.9296875
24329.294921875
24351.310546875
24379.283203125
24415.12890625
24466.916015625
24866.5625
25116.11328125
25225.423828125
25429.82421875
26813.005859375
30428.888671875
38601.94921875
49390.32421875
61144.83203125
74387.4296875
85342.5546875
95276.1953125
104297.9453125
111896.71875
113811.4140625
115009.2734375
115767.9375
116027.265625
115934.28125
115563.4609375
115100.015625
114586.9765625
114050.1171875
113451.59375
112772.0546875
112102.4453125
111319.8671875
110609.015625
109935.859375
109300.5390625
108786.53125
108258.71875
107706.90625
107115.0390625
106595.96875
106048.8125
105511.109375
105047.421875
104559.8828125
104106.453125
103652.2890625
103225.484375
102801.5859375
102393.4921875
102023.53125
101641.2421875
101277.9296875
100919.4921875
100590.8359375
100331.546875
100098.7265625
99904.703125
99770.9453125
99689.9609375
99621.7265625
99598.359375
99616.2265625
99962.34375
100437.203125
100893.0234375
101304.4921875
101674.625
102071.4453125
102406.90625
102718.2578125
102988.484375
103224.4921875
103462.3125
103713.7734375
103940.125
104153.5390625
104243.125
104250.4921875
104255.5546875
104252.0859375
104232.2265625
104197.0
104152.3203125
104183.6796875
104232.78125
104281.65625
104340.109375
104433.3125
104562.078125
104622.03125
104644.546875
104633.5
104597.875
104562.8125
104546.359375
104550.8125
104575.671875
104610.953125
104643.8984375
104664.7890625
104670.890625
104680.375
104698.5390625
104724.296875
104753.9453125
104789.9140625
104829.5703125
104874.8125
104923.765625
104982.2265625
105037.40625
105087.4765625
105139.1484375
