25400.0
25400.0
24580.818359375
24022.533203125
23343.4765625
22704.9453125
22461.05859375
22706.361328125
23931.94921875
24702.57421875
24897.6640625
24935.9375
24947.7109375
24964.53515625
24975.18359375
24990.18359375
25008.037109375
25027.078125
25040.078125
25047.421875
25067.392578125
25459.359375
27059.140625
32593.451171875
40239.83203125
45801.05078125
51881.0625
57760.62109375
63200.08203125
67725.2421875
70850.21875
73014.734375
74907.25
76772.5703125
78691.9765625
80390.90625
81837.9609375
83151.2109375
84584.71875
86048.9296875
87400.09375
88122.5
88702.390625
89604.859375
90640.2421875
91722.4296875
92603.4609375
93395.9609375
94100.1015625
94785.5234375
95479.5078125
96107.6875
96778.1484375
97439.8671875
97974.828125
98485.0703125
98927.53125
99323.4453125
99648.7734375
100019.984375
100390.7421875
100681.0546875
100931.7109375
101131.375
101300.3359375
101435.2734375
101491.59375
101527.2578125
101538.328125
101513.421875
101474.40625
101418.6875
101344.71875
101278.8515625
101206.5
101125.0546875
101014.796875
100883.578125
100870.609375
100931.0546875
101089.1328125
101325.1171875
101571.2890625
101818.03125
102038.3984375
102222.78125
102386.765625
102539.1875
102692.140625
102841.34375
102953.4296875
103051.4375
103105.4765625
103126.8515625
103141.15625
103160.578125
103184.25
103222.5703125
103254.796875
103269.4140625
103264.640625
103246.046875
103228.8359375
103211.1875
103194.578125
103168.6328125
103136.4765625
103097.3359375
103053.5625
103007.15625
102962.1796875
102910.625
102841.1640625
102769.859375
102710.1484375
102656.25
102613.1015625
102583.015625
102578.6484375
102602.7734375
102643.0859375
102688.5
102737.484375
102781.453125
102818.109375
