25400.0
25400.0
25400.0
25400.0
25400.0
25400.0
25400.0
25400.0
25400.0
25400.0
25400.0
25400.0
25400.0
25400.0
25400.0
25400.0
25400.0
25400.0
25400.0
25400.0
25400.0
25400.0
25400.0
25400.0
25400.0
25400.0
25400.0
25400.0
37391.08203125
57250.13671875
75600.5546875
88297.125
100304.7578125
110382.953125
117852.2578125
123116.25
126572.6796875
128838.4296875
130292.0546875
132729.34375
135059.453125
136865.390625
139216.84375
141111.90625
139968.375
137726.9375
135572.265625
133498.8125
131559.890625
129635.703125
127860.8203125
126171.7421875
124596.3515625
123213.1640625
121763.3046875
120457.1875
119221.5234375
118120.140625
117166.3359375
116194.4140625
115162.75
114138.8828125
113207.875
112307.4609375
111463.6015625
110744.109375
109998.578125
109364.734375
108712.1953125
108084.171875
107504.03125
106952.828125
106450.765625
106056.6328125
105759.484375
105448.421875
105137.515625
104910.8046875
104749.8125
104813.96875
104931.9921875
104982.1953125
104986.4375
105060.6328125
105157.0703125
105225.671875
105246.265625
105226.9296875
105216.2734375
105224.671875
105299.25
105410.0703125
105545.4921875
105676.71875
105801.828125
105910.2109375
106022.6328125
106136.1875
106252.5078125
106390.203125
106550.9296875
106722.0859375
106939.75
107171.828125
107426.359375
107683.0625
107965.640625
108261.21875
108554.6171875
108862.734375
109162.71875
109472.6875
109780.65625
110051.875
110429.25
110806.296875
111158.8046875
111466.8828125
111766.453125
112056.734375
112335.109375
112623.7421875
112910.5234375
113208.1328125
