25400.0
25400.0
25400.0
25400.0
25400.0
25400.0
25400.0
25400.0
25400.0
25400.0
25400.0
25400.0
25400.0
25400.0
25400.0
25400.0
25400.0
25400.0
25400.0
25400.0
25400.0
25400.0
25400.0
25400.0
36362.1953125
54179.52734375
69025.8203125
81604.6171875
92943.71875
101826.28125
110534.890625
117956.5546875
124218.4609375
129124.015625
132800.921875
132051.765625
131157.875
129951.6328125
128640.7578125
127240.2109375
125843.078125
124619.3203125
123356.2578125
122142.5625
120910.34375
119739.875
118580.140625
117450.0703125
116402.5703125
115413.0234375
114526.15625
113671.1796875
112890.796875
112235.8671875
111547.234375
110915.4921875
110274.6015625
109684.0546875
109110.9609375
108558.2109375
108021.5
107500.609375
107014.6875
106433.5625
105951.046875
105661.4140625
105300.2421875
104923.890625
104528.1484375
104151.8203125
103775.359375
103407.3125
103011.421875
102644.6640625
102330.328125
102036.2890625
101750.6953125
101508.84375
101398.375
101206.25
101060.9296875
100964.4609375
100824.5078125
100647.2265625
100455.9296875
100294.4609375
100176.2109375
100083.28125
100046.6484375
100084.9453125
100143.5
100188.140625
100211.765625
100221.4921875
100229.140625
100270.90625
100345.2734375
100463.6796875
100837.3046875
101193.9296875
101610.0703125
102004.2890625
102439.0
102858.7734375
103352.4921875
103902.40625
104456.546875
104977.3515625
105450.234375
105905.4453125
106314.5078125
106704.28125
107061.15625
107356.8828125
107669.1953125
107942.5234375
108207.390625
108454.1171875
108703.1875
108947.7890625
109180.3515625
109428.4375
109667.5078125
109899.875
