25400.0
25400.0
24973.7578125
24587.400390625
24536.490234375
24235.9296875
24108.9375
24067.681640625
24063.951171875
24066.8125
24073.76171875
24084.76953125
24099.029296875
24117.94921875
24146.1796875
24188.28515625
24264.68359375
24558.841796875
24964.765625
25145.6328125
25199.4765625
25212.947265625
25420.955078125
26783.71875
30588.193359375
38268.54296875
48026.28515625
58682.05078125
70634.0234375
80826.3125
89158.859375
96571.7421875
101333.9921875
103963.5
104975.203125
105697.09375
106153.9453125
106437.8828125
106580.625
106627.984375
106501.6640625
106259.65625
106010.359375
105618.3046875
105166.625
104664.9765625
104251.9453125
103979.3515625
103768.3671875
103598.0390625
103445.703125
103296.1875
103136.859375
102957.2734375
102815.2109375
102705.546875
102811.546875
102986.4609375
103147.0078125
103304.8984375
103438.28125
103584.8515625
103694.375
103772.7734375
103907.0078125
104112.515625
104279.1875
104414.09375
104493.1953125
104641.8828125
105065.2109375
105413.4765625
105711.390625
105985.921875
106284.9296875
106590.5
106893.0625
107147.8203125
107333.078125
107496.5234375
107702.1796875
107876.34375
108008.765625
108092.6484375
108174.4453125
108241.3046875
108314.890625
108399.75
108483.7421875
108550.265625
108589.5390625
108610.8984375
108618.1328125
108612.6328125
108596.6484375
108567.984375
108523.1015625
108503.40625
108446.703125
108360.3359375
108242.3046875
108175.875
108048.671875
107861.1640625
107667.109375
107554.3125
107498.5078125
107475.9609375
107407.515625
107294.2890625
107142.7109375
107119.640625
107114.2890625
107070.9765625
106989.7109375
106863.8359375
106749.09375
106683.3359375
106654.9375
106633.9140625
106601.6015625
106554.625
106490.875
106422.734375
106388.65625
