25400.0
25400.0
24799.130859375
25202.80078125
24498.05859375
23301.873046875
23066.779296875
23883.705078125
24671.740234375
24926.3671875
24985.2890625
24999.359375
25006.65234375
25021.150390625
25038.095703125
25055.298828125
25070.896484375
25086.021484375
25101.912109375
25113.12890625
25120.67578125
25127.54296875
25206.265625
25726.59375
27590.779296875
32877.83984375
40065.53515625
45687.67578125
51698.66796875
56946.69140625
62826.15234375
67122.796875
71039.5703125
74713.7734375
76764.5859375
78316.2109375
79600.90625
81012.75
82491.328125
83783.3125
84881.828125
85796.734375
86757.453125
87490.515625
88082.3515625
88645.7578125
89426.4375
90177.484375
91129.140625
92002.0703125
92713.9609375
93359.3828125
93921.0546875
94377.3046875
94914.359375
95418.0546875
95962.5
96486.6328125
96997.4765625
97473.3203125
97909.4921875
98351.5703125
98813.1171875
99237.7890625
99569.34375
99850.3203125
100106.2421875
100328.0859375
100586.9453125
100845.4140625
101137.6171875
101436.875
101707.7265625
101952.75
102151.2421875
102312.5390625
102433.4921875
102511.875
102564.15625
102575.8828125
102548.6640625
102493.375
102413.703125
102331.0546875
102247.8828125
102180.203125
102264.90625
102324.84375
102382.921875
102438.6171875
102496.1875
102543.078125
102558.125
102594.0859375
102700.859375
102864.0234375
103056.15625
103259.109375
103442.0234375
103606.078125
103748.5234375
103856.796875
103949.6171875
104022.2421875
104087.234375
104135.875
104171.2109375
104190.234375
104195.046875
104185.421875
104165.5703125
104140.4296875
104112.0546875
104074.984375
104015.9921875
103933.765625
103844.9453125
103758.1015625
103669.828125
103596.3984375
103542.2890625
103471.7109375
103392.828125
103305.6328125
