25400.0
25400.0
25395.86328125
24843.0859375
24707.294921875
24729.02734375
24767.814453125
24774.859375
24776.73828125
24778.75
24780.8359375
24782.919921875
24784.94921875
24787.271484375
24789.673828125
24791.234375
24792.63671875
24793.990234375
24794.65234375
24798.291015625
25711.078125
38417.6484375
52157.09375
67713.5234375
81724.7578125
93603.03125
104343.3671875
112912.578125
119525.046875
124508.140625
127860.5390625
131029.578125
133853.78125
136836.703125
134729.265625
131986.328125
129445.3671875
127195.40625
124957.796875
122893.0234375
120914.4140625
119029.9453125
117473.53125
115902.7734375
114412.109375
112951.671875
111732.921875
110659.390625
109613.8984375
108603.96875
107688.6875
107034.7578125
106522.265625
105884.7109375
105290.0390625
104633.2734375
104112.4921875
103600.0859375
103103.1015625
102715.015625
102509.375
102396.7265625
102374.390625
102331.1015625
102374.046875
102535.3671875
102750.40625
103058.1640625
103302.515625
103453.65625
103555.046875
103731.1328125
104038.828125
104376.46875
104743.2734375
105121.7421875
105464.578125
105789.1015625
106067.1171875
106337.40625
106532.796875
106765.5859375
106952.6875
107088.109375
107214.6328125
107339.765625
107473.296875
107606.875
107748.6328125
107889.609375
107983.8046875
108123.890625
108282.9765625
108464.8515625
108646.375
108831.4296875
109014.9296875
109191.890625
109392.140625
109576.1015625
109754.1953125
109919.984375
110059.8828125
110206.625
110342.6875
110477.6875
110602.59375
110726.15625
110922.9921875
111108.390625
111278.578125
111423.296875
111554.703125
111671.2890625
111763.96875
111850.6640625
111931.0234375
112056.234375
112265.578125
112454.0
112610.84375
112729.1953125
112797.953125
112730.53125
112631.1484375
