25400.0
25400.0
25400.0
25400.0
25400.0
25400.0
25400.0
25400.0
25400.0
25400.0
25400.0
25400.0
25400.0
25400.0
25400.0
25400.0
25400.0
25400.0
25400.0
25400.0
25400.0
25400.0
25400.0
25400.0
25400.0
25400.0
25400.0
32156.119140625
49743.66796875
63605.0625
77042.828125
87008.7578125
96235.1875
104588.3515625
112168.9453125
118815.5546875
124284.3359375
128991.5390625
132913.046875
136435.21875
138455.296875
137194.765625
135707.96875
134169.65625
132600.234375
131105.09375
129588.9921875
128107.6171875
126724.7734375
125363.296875
124132.984375
122861.5078125
121618.6484375
120551.4609375
119451.796875
118458.21875
117472.7421875
116612.3671875
115802.21875
115043.7890625
114334.234375
113601.140625
112937.78125
112298.609375
111673.5390625
111119.6015625
110550.59375
109939.7265625
109229.6171875
108562.9140625
107919.171875
107306.4375
106786.6015625
106348.0078125
105969.4765625
105566.046875
105125.3984375
104753.7109375
104313.703125
103898.1015625
103486.3125
103138.390625
102855.1875
102540.65625
102429.4140625
102307.6796875
102146.6484375
102020.7578125
101899.2109375
101803.40625
101679.3125
101562.4765625
101452.6953125
101345.296875
101241.0078125
101157.8515625
101101.6875
101056.9453125
101024.9375
101130.640625
101348.4140625
101607.1953125
101937.1015625
102278.359375
102644.9296875
103007.375
103383.2265625
103770.5
104261.3203125
104860.4453125
105428.46875
105971.3984375
106468.6484375
106883.9921875
107311.375
107705.6953125
108092.0703125
108444.8359375
108784.7890625
109098.9375
109395.6796875
109681.9296875
109942.6015625
110203.0390625
