25400.0
25400.0
25400.0
25400.0
25400.0
25400.0
25400.0
25400.0
25400.0
25400.0
25400.0
25400.0
25400.0
25400.0
25400.0
25400.0
25400.0
25400.0
25400.0
25400.0
25400.0
25400.0
25400.0
25400.0
30599.572265625
49954.05078125
66452.3359375
79469.6953125
90349.0390625
99664.6640625
107155.4296875
114022.296875
119481.875
124139.8359375
127982.609375
131180.828125
133840.0625
136173.390625
138135.203125
139737.890625
141150.640625
142469.671875
143463.5
144469.875
145290.765625
149110.546875
149907.734375
145726.71875
140840.078125
137608.40625
134585.625
131747.296875
129695.296875
127543.5703125
125896.6015625
124354.4296875
123048.8125
121963.25
121087.625
120258.6484375
119459.9296875
118707.0
117994.65625
117384.8984375
116821.3125
116368.390625
115957.6484375
115512.8359375
115117.1640625
114720.34375
114338.265625
113948.96875
113567.078125
113206.3125
112842.671875
112498.7734375
112148.546875
111807.5859375
111509.390625
111190.65625
110896.0703125
110612.3515625
110356.65625
110113.078125
109892.25
109700.0234375
109555.3359375
109459.3984375
109392.3125
109357.9296875
109349.1484375
109360.7734375
109318.5625
109305.53125
109376.3125
109482.84375
109603.2109375
109747.6953125
109936.296875
110120.84375
110348.6484375
110704.953125
111022.21875
111369.7890625
111713.8828125
112120.7421875
112551.2265625
113091.8046875
113519.265625
113814.6640625
113897.2421875
113840.9296875
113710.3359375
113531.8125
113339.0078125
113138.8515625
112949.5546875
112902.9140625
113173.203125
113369.1875
113460.6015625
113474.515625
113418.328125
113307.9140625
113152.9921875
