25400.0
25400.0
25400.0
25400.0
25398.873046875
25396.783203125
25394.0859375
25391.734375
25389.78125
25388.341796875
25387.26171875
25386.498046875
25385.98046875
25385.6171875
25385.376953125
25385.212890625
25385.107421875
25385.04296875
25385.001953125
25384.978515625
25384.91015625
25384.771484375
25384.505859375
25384.0703125
37314.77734375
51003.26953125
63172.0859375
80432.328125
93801.1484375
103465.9375
109556.5
113808.609375
116514.21875
120043.2734375
123506.8984375
127342.6171875
130640.765625
133234.28125
131344.640625
129635.578125
127922.6953125
126309.359375
124836.7109375
123235.984375
121705.59375
120230.78125
118947.40625
117732.0625
116611.046875
115607.2890625
114642.2578125
113775.0234375
112912.2734375
112122.3125
111379.28125
110493.8828125
109701.1328125
108983.515625
108362.8984375
107806.359375
107300.21875
106848.9453125
106400.4140625
106016.296875
105606.0859375
105195.625
104837.578125
104463.8046875
104170.6015625
103985.8515625
104097.609375
104168.2421875
104177.359375
104118.3828125
104003.140625
103873.09375
103790.9296875
103820.671875
103997.9375
104181.171875
104315.046875
104437.28125
104578.09375
104702.3203125
104761.640625
104757.234375
104727.0546875
104692.296875
104673.8515625
104694.265625
104768.890625
104914.9140625
105103.78125
105339.8828125
105599.609375
105850.4140625
106071.8671875
106262.7421875
106447.234375
106627.0
106828.03125
107051.3125
107267.7578125
107513.1484375
107746.4765625
107976.9375
108196.7890625
108427.171875
108667.578125
108912.6328125
109179.265625
109447.9921875
109717.3046875
109975.765625
110242.3203125
110566.7109375
110871.7734375
111169.234375
111438.7578125
111702.0078125
111950.5
112167.8359375
112366.15625
112533.3203125
112676.875
