25400.0
25400.0
24846.396484375
24635.298828125
24185.677734375
23640.294921875
23817.611328125
23801.947265625
23808.33984375
23822.32421875
23845.3203125
23882.880859375
23948.166015625
24108.357421875
24729.630859375
25019.642578125
25114.568359375
25142.990234375
25170.919921875
25177.0546875
25178.6328125
25225.63671875
25864.0546875
28244.591796875
34044.3515625
43313.609375
54141.625
63624.30078125
69540.2734375
73933.5546875
77562.28125
80105.8203125
82093.1875
83726.9765625
85153.03125
86366.3671875
87360.109375
88224.2890625
88927.828125
89544.1328125
90030.875
90505.328125
91031.75
91496.71875
91915.9375
92295.875
92702.7421875
93050.40625
93366.2890625
93708.3359375
94059.25
94433.2421875
94802.375
95123.1171875
95478.6484375
95876.5546875
96284.1171875
96674.890625
97055.25
97428.0859375
97766.671875
98067.0859375
98371.6484375
98672.765625
98969.671875
99253.609375
99542.234375
99883.9453125
100218.671875
100500.9296875
100725.4765625
100944.546875
101144.921875
101340.828125
101612.734375
102103.2109375
102538.890625
102913.8046875
103311.65625
103679.078125
104038.9609375
104367.671875
104679.328125
104963.5078125
105253.8828125
105522.796875
105750.25
105994.9140625
106220.0234375
106398.78125
106560.9453125
106684.515625
106894.640625
107067.2265625
107203.625
107312.1484375
107388.46875
107443.1015625
107470.0546875
107479.3671875
107481.0546875
107476.5234375
107444.9921875
107391.875
107323.078125
107249.5
107168.0859375
107083.5859375
107001.7734375
106917.2734375
106835.7734375
106750.65625
106660.984375
106555.96875
106452.875
106357.2109375
106248.40625
106133.4375
106004.3125
105870.796875
105742.640625
105610.296875
105482.46875
105350.3046875
