25400.0
25400.0
25400.0
25385.53125
25330.005859375
25330.005859375
25330.005859375
25330.005859375
25330.005859375
25330.005859375
25330.005859375
25330.005859375
25330.005859375
25330.005859375
25326.61328125
25324.328125
25323.033203125
25322.34375
25321.75
25320.9921875
25319.69140625
28083.44921875
48374.046875
68100.7109375
83930.234375
96674.4375
107945.7109375
117585.5546875
126109.2109375
132793.875
137933.21875
142262.890625
141016.203125
138404.34375
135911.953125
133447.484375
131104.125
128947.1796875
126867.6875
124959.5234375
123124.8515625
121448.90625
119999.15625
118576.1328125
117111.8671875
115681.625
114385.59375
113149.96875
112020.8359375
110944.609375
109898.109375
108872.40625
108084.75
107571.1171875
107138.1484375
106856.546875
106706.578125
106289.421875
105950.0703125
105668.4375
105325.3125
104966.890625
104687.2890625
104555.3046875
104489.4921875
104415.9609375
104329.3984375
104209.8515625
104085.8203125
103938.09375
103856.3984375
103832.1796875
103833.9453125
103835.8203125
103866.796875
103912.6796875
103956.140625
103994.671875
104024.5703125
104033.6640625
104030.421875
104020.4921875
104006.90625
103983.21875
103938.5703125
103886.40625
103845.453125
103819.0546875
103802.546875
103792.7734375
103787.8203125
103779.6328125
103768.1796875
103754.09375
103736.8203125
103727.671875
103730.9375
103753.9765625
103818.2421875
103899.7890625
103994.9140625
104098.453125
104197.1875
104310.1015625
104422.59375
104562.875
104715.4921875
104884.25
105051.625
105223.375
105392.203125
105553.9609375
105719.640625
105884.296875
106004.234375
106122.6015625
106259.8203125
106415.0234375
106569.8203125
106727.7890625
106950.890625
107152.15625
107359.0078125
107594.0234375
107846.7265625
