25400.0
25400.0
25400.0
25400.0
25400.0
25400.0
25400.0
25400.0
25400.0
25400.0
25400.0
25400.0
25400.0
25400.0
25400.0
25400.0
25400.0
25400.0
25400.0
25400.0
25400.0
25694.015625
45978.01171875
66305.5546875
83441.703125
94933.578125
102164.1640625
106417.3671875
110768.2890625
115461.984375
119372.3046875
122910.265625
125733.296875
128216.2734375
128224.1328125
126119.6171875
124123.9609375
122321.8046875
120696.3046875
119263.0390625
117837.125
116502.328125
115341.1484375
114105.65625
113012.0234375
112122.546875
111352.1328125
110640.296875
109994.7421875
109434.7734375
108924.90625
108504.296875
107981.4140625
107527.484375
107190.8125
106880.4765625
106611.046875
106360.3515625
106262.984375
106401.125
106396.140625
106400.734375
106657.5234375
106765.1171875
106928.3203125
107111.6875
107267.203125
107795.28125
108160.8203125
108281.6015625
108287.78125
108333.75
108387.2890625
108563.375
108908.390625
109252.3125
109597.546875
109935.2890625
110240.625
110576.1484375
110893.2265625
111215.0390625
111534.5078125
111928.5390625
112293.34375
112624.28125
112952.5625
113278.7578125
113620.5546875
113989.390625
114324.890625
114679.765625
115009.4765625
115432.0859375
115797.921875
116132.203125
116381.171875
116537.5078125
116672.015625
116782.859375
116854.390625
116897.3984375
116917.625
116919.3359375
116859.6796875
116708.25
116603.453125
116551.34375
116560.15625
116543.59375
116505.59375
116570.78125
116664.9765625
116719.9765625
116730.40625
116681.8671875
116581.0234375
116402.5625
116136.015625
115870.5390625
115624.96875
115382.0234375
115132.8671875
114895.5078125
114653.578125
