25400.0
25400.0
25400.0
25400.0
25400.0
25400.0
25400.0
25400.0
25400.0
25400.0
25400.0
25400.0
25400.0
25400.0
25400.0
25400.0
25400.0
25400.0
25400.0
25400.0
25400.0
25400.0
35471.1640625
54764.36328125
72225.1875
86756.890625
98153.7578125
108583.6484375
117399.390625
124205.0625
130244.8671875
134807.71875
138779.328125
141869.015625
144266.875
146041.828125
147270.984375
148204.234375
148868.078125
149468.0
150066.765625
150683.53125
155020.6875
155732.0625
153231.984375
157560.6875
163012.171875
171314.953125
170260.875
167729.59375
167317.203125
166775.40625
166107.25
165468.4375
164646.734375
163501.71875
161950.046875
160106.96875
158006.984375
155805.8125
153620.0
151354.609375
149179.421875
146971.0625
144857.609375
143027.40625
141096.71875
139343.40625
137618.9375
136007.96875
134378.9375
132771.625
131278.796875
129794.0234375
128420.8125
127060.8359375
125759.3515625
124631.9609375
123443.859375
122353.7265625
121285.6484375
120295.6015625
119308.2890625
118369.734375
117506.703125
116668.1328125
115897.921875
115137.046875
114409.2109375
113779.203125
113113.734375
112497.4375
111888.796875
111325.203125
110770.03125
110239.34375
109748.0234375
109267.0390625
108828.2890625
108395.0078125
107979.2265625
107617.1875
107237.3828125
106890.0703125
106546.65625
106227.5703125
105912.140625
105612.5625
105336.21875
105063.203125
104809.53125
104560.09375
104321.2734375
104112.6796875
103890.8359375
103686.9296875
103487.9375
103299.2890625
103110.2109375
102931.0859375
102767.4140625
102609.8984375
102467.046875
102330.578125
