25400.0
25400.0
25382.234375
24790.865234375
24656.685546875
24757.80078125
24792.0234375
24808.46875
24813.494140625
24817.681640625
24821.78125
24825.921875
24829.810546875
24833.388671875
24838.5703125
24841.716796875
24844.23828125
24845.025390625
24857.3203125
29499.576171875
43150.1875
58881.16796875
75634.7578125
89890.9921875
103475.9765625
115067.296875
123881.6953125
129495.6015625
133439.3125
134938.234375
132377.71875
129772.21875
127417.421875
125234.671875
123189.3046875
121170.6015625
119253.7421875
117545.1484375
115930.9453125
114481.8984375
113122.84375
111906.0703125
110803.5078125
109619.234375
108562.8671875
107581.484375
106725.78125
105951.7109375
105282.46875
104622.21875
103902.328125
103267.6953125
102744.5390625
102348.078125
102100.640625
101954.5234375
101743.4375
101535.75
101444.21875
101359.75
101284.359375
101267.453125
101221.125
101148.421875
101071.3984375
100989.84375
100949.0546875
100973.6484375
101003.6875
101035.9453125
101101.5625
101171.1640625
101221.046875
101269.296875
101325.7734375
101401.8203125
101511.5703125
101666.1328125
101836.53125
102048.296875
102255.609375
102457.5546875
102645.171875
102847.546875
103092.7421875
103328.7109375
103571.796875
103803.703125
104038.6875
104286.21875
104537.4140625
104839.1171875
105143.921875
105466.890625
105821.6171875
106184.09375
106518.6796875
106819.1015625
107111.875
107405.890625
107719.09375
108027.203125
108294.6640625
108575.375
108868.640625
109238.9765625
109582.328125
109891.421875
110147.6015625
110357.5
110542.46875
110694.5625
110827.5078125
110936.0625
111017.6640625
111050.6328125
111066.1640625
111046.6953125
110993.8203125
110928.1796875
110846.09375
110752.109375
110634.640625
110501.7734375
110351.5859375
