20000.0
20000.0
20000.0
20000.0
20000.0
20000.0
20000.0
20000.0
20000.0
20000.0
20000.0
20000.0
20000.0
20000.0
20000.0
20000.0
20000.0
20000.0
20000.0
20000.0
19999.998046875
20000.0
19999.935546875
20000.0
20000.0
20000.0
19999.9765625
20000.0
20000.0
20000.0
19999.994140625
20000.0
19999.998046875
20000.0
20000.0
19845.23828125
18913.197265625
18045.580078125
17367.900390625
16745.021484375
16232.599609375
15811.7431640625
15257.4990234375
14797.30859375
14400.880859375
14012.0751953125
13642.7314453125
13303.69921875
12994.0830078125
12708.9248046875
12440.8115234375
12179.5751953125
11938.6591796875
11745.5390625
11537.2373046875
11333.630859375
11121.5771484375
10915.8076171875
10703.841796875
10490.8642578125
10274.8759765625
10046.935546875
9827.7158203125
9609.0546875
9406.9775390625
9231.865234375
9011.412109375
8797.5751953125
8584.6611328125
8389.7900390625
8194.830078125
8002.57373046875
7819.71923828125
7634.48876953125
7455.6904296875
7276.43212890625
7103.080078125
6949.6337890625
6786.1015625
6633.65869140625
6480.28662109375
6348.80615234375
6220.23828125
6090.63232421875
5966.0009765625
5838.92041015625
5719.71630859375
5600.291015625
5485.056640625
5383.83251953125
5275.16455078125
5175.21630859375
5076.4140625
4987.26611328125
4899.02978515625
4814.34228515625
4734.74609375
4651.1455078125
4568.8466796875
4485.43017578125
4404.86572265625
4334.40478515625
4258.833984375
4187.78564453125
4116.59521484375
4049.650390625
3982.4697265625
3917.24560546875
3855.7109375
3793.99560546875
3736.218505859375
3680.967041015625
3627.651611328125
3582.435546875
3534.810302734375
3490.840576171875
3447.543212890625
3407.368408203125
3367.654541015625
3329.548095703125
3294.10302734375
3258.6630859375
3225.68798828125
3193.141845703125
