20000.0
20000.0
20000.0
20000.0
20000.0
20000.0
20000.0
20000.0
20000.0
20000.0
20000.0
20000.0
20000.0
20000.0
20000.0
20000.0
20000.0
20000.0
20000.0
19999.62890625
19999.64453125
19805.048828125
18466.173828125
17360.611328125
16364.26171875
15570.306640625
14910.4873046875
14379.892578125
13915.5234375
13525.4072265625
13193.9716796875
12846.3701171875
12536.1162109375
12242.7509765625
11977.046875
11725.3583984375
11513.1015625
11334.83203125
11151.173828125
10977.3359375
10787.55859375
10605.1142578125
10446.59375
10251.9296875
10058.6748046875
9876.732421875
9718.0595703125
9592.005859375
9478.333984375
9374.4775390625
9270.201171875
9170.98046875
9070.763671875
8973.5576171875
8888.412109375
8797.40625
8712.42578125
8629.365234375
8552.4501953125
8475.7490234375
8401.203125
8331.16015625
8260.595703125
8194.728515625
8125.31005859375
8057.80615234375
8000.34619140625
7940.6337890625
7885.447265625
7830.4169921875
7778.68896484375
7727.11669921875
7676.7119140625
7628.75146484375
7578.90625
7527.314453125
7471.7900390625
7418.07861328125
7372.58935546875
7324.3291015625
7261.5888671875
7193.12548828125
7123.86865234375
7053.6376953125
6986.43115234375
6923.9482421875
6826.34765625
6724.5302734375
6628.09033203125
6537.40185546875
6457.5185546875
6371.69091796875
6274.490234375
6181.14794921875
6095.7900390625
6009.5224609375
5925.9990234375
5849.3193359375
5776.4521484375
5708.85400390625
5641.02099609375
5575.18505859375
5514.876953125
5450.32080078125
5382.60107421875
5314.2333984375
5251.30224609375
5189.5458984375
5130.111328125
5075.27587890625
5021.02099609375
4970.22802734375
4920.35791015625
4869.62939453125
4812.13623046875
4749.974609375
4694.89892578125
4643.4296875
4597.59814453125
4553.45947265625
4511.60546875
4470.77978515625
4427.5224609375
4385.2421875
4341.8671875
