19562.392578125
18373.88671875
17823.548828125
17301.3046875
17061.916015625
17042.28125
17271.486328125
17586.3828125
18322.45703125
18982.396484375
19591.98828125
20000.0
20000.0
20000.0
20000.0
20000.0
20000.0
20000.0
20000.0
20000.0
20000.0
20000.0
20000.0
20000.0
20000.0
18804.056640625
17310.716796875
16377.279296875
15687.439453125
15124.3876953125
14684.3017578125
14378.81640625
14117.7607421875
13881.654296875
13645.2998046875
13404.279296875
13159.306640625
12931.0556640625
12740.6083984375
12568.4736328125
12415.927734375
12265.8798828125
12121.578125
11995.3583984375
11825.3212890625
11627.2138671875
11412.0283203125
11193.458984375
10894.8916015625
10588.0673828125
10309.9697265625
10047.3359375
9803.330078125
9544.720703125
9289.8037109375
9070.076171875
8844.5546875
8643.66796875
8496.083984375
8363.5654296875
8231.5556640625
8101.67529296875
7976.99755859375
7855.5634765625
7746.34423828125
7632.3662109375
7518.94873046875
7418.2919921875
7309.53759765625
7207.1142578125
7099.26611328125
6996.14501953125
6893.44873046875
6793.8955078125
6699.87890625
6604.86474609375
6515.9833984375
6427.23876953125
6340.80224609375
6263.943359375
6180.3330078125
6100.9951171875
6020.8857421875
5945.1591796875
5868.70166015625
5791.80419921875
5719.0595703125
5644.82177734375
5574.92431640625
5505.140625
5437.740234375
5378.84228515625
5315.60205078125
5256.14111328125
5195.1572265625
5135.17333984375
5072.86279296875
5011.42919921875
4953.3662109375
4895.21337890625
4840.759765625
4786.39892578125
4733.865234375
4687.78515625
4638.25732421875
4591.6240234375
4544.6103515625
4500.08154296875
4455.00244140625
4410.81201171875
4368.873046875
4325.99853515625
4284.93896484375
4243.62255859375
4202.8544921875
4166.40283203125
4126.423828125
4088.037109375
4048.98095703125
4011.78076171875
3974.038818359375
3937.0166015625
3901.90185546875
3866.368896484375
3832.6689453125
3800.33984375
