20000.0
20000.0
20000.0
20000.0
20000.0
20000.0
20000.0
20000.0
20000.0
20000.0
20000.0
20000.0
20000.0
20000.0
20000.0
20000.0
20000.0
20000.0
20000.0
20000.0
20000.0
19999.9921875
19999.9921875
20000.0
20000.0
19999.90234375
20000.0
19415.98828125
18691.9609375
18139.568359375
17607.5078125
17142.162109375
16706.408203125
16332.65625
15984.2265625
15651.0830078125
15337.8740234375
15022.5947265625
14700.9375
14374.2685546875
14070.37109375
13816.517578125
13548.5263671875
13297.798828125
13047.7822265625
12819.5908203125
12598.798828125
12391.560546875
12202.98046875
12010.607421875
11799.3740234375
11605.8876953125
11422.9951171875
11263.6328125
11093.8857421875
10936.1630859375
10783.4462890625
10647.205078125
10499.44921875
10363.140625
10241.9052734375
10122.8525390625
10010.5146484375
9896.9248046875
9782.6767578125
9682.0498046875
9576.041015625
9477.3505859375
9378.927734375
9285.8046875
9187.615234375
9091.6591796875
9002.66796875
8913.2734375
8818.3134765625
8712.4052734375
8608.224609375
8519.296875
8427.091796875
8340.47265625
8250.91015625
8165.47509765625
8081.7314453125
8003.3369140625
7932.12158203125
7862.6513671875
7797.67724609375
7731.48681640625
7666.59912109375
7609.12744140625
7546.14501953125
7485.9404296875
7423.8037109375
7363.01318359375
7299.140625
7234.51953125
7172.50927734375
7109.48388671875
7049.9150390625
6989.67578125
6930.39404296875
6877.86376953125
6820.21728515625
6764.66455078125
6706.9521484375
6650.9853515625
6592.72705078125
6533.8828125
6476.48388671875
6416.9853515625
6359.5107421875
6300.7392578125
6242.931640625
6192.57421875
6137.64306640625
6085.60693359375
6032.39501953125
5980.8095703125
5927.10107421875
5873.0146484375
5820.3935546875
5765.7080078125
5712.7109375
5657.89208984375
