20000.0
20000.0
20000.0
20000.0
20000.0
20000.0
20000.0
20000.0
20000.0
20000.0
20000.0
20000.0
20000.0
20000.0
20000.0
20000.0
20000.0
20000.0
20000.0
20000.0
20000.0
20000.0
20000.0
20000.0
20000.0
19999.951171875
20000.0
19999.958984375
20000.0
20000.0
19999.986328125
20000.0
20000.0
20000.0
20000.0
20000.0
20000.0
20000.0
20000.0
20000.0
20000.0
20000.0
20000.0
20000.0
20000.0
19999.9921875
19999.9921875
19999.99609375
19613.814453125
19057.6640625
18262.26953125
17586.759765625
17002.23046875
16423.15625
15877.7841796875
15375.7998046875
14970.2197265625
14590.91796875
14274.3056640625
13982.2041015625
13729.4482421875
13498.23828125
13291.6748046875
13103.013671875
12925.5048828125
12764.740234375
12610.9326171875
12467.68359375
12343.6943359375
12211.5703125
12080.734375
11948.3564453125
11824.251953125
11700.060546875
11579.326171875
11464.25
11343.7998046875
11224.0703125
11099.83984375
10975.0244140625
10858.326171875
10719.279296875
10580.134765625
10433.845703125
10290.8720703125
10152.052734375
10019.3603515625
9885.4248046875
9745.2041015625
9604.48828125
9458.72265625
9308.0966796875
9164.056640625
9007.701171875
8859.0439453125
8702.701171875
8542.7880859375
8359.048828125
8179.8994140625
8016.29052734375
7873.9541015625
7750.529296875
7635.05322265625
7531.34619140625
7439.75634765625
7339.21533203125
7243.60205078125
7078.62548828125
6920.994140625
6771.58740234375
6636.7998046875
6518.568359375
6407.052734375
6306.3291015625
6208.82275390625
6117.251953125
6038.67626953125
5955.439453125
5877.85205078125
5800.6279296875
5728.41259765625
5656.69873046875
5587.5615234375
5522.8427734375
5458.314453125
5397.76611328125
5336.0009765625
