20000.0
20000.0
20000.0
20000.0
20000.0
20000.0
20000.0
20000.0
20000.0
20000.0
20000.0
20000.0
20000.0
20000.0
20000.0
20000.0
20000.0
20000.0
19999.80859375
20000.0
20000.0
20000.0
19999.99609375
20000.0
19859.51953125
19065.0546875
18394.201171875
17745.6015625
17083.484375
16539.83203125
16007.568359375
15536.2421875
15081.0380859375
14661.2392578125
14266.6005859375
13821.3505859375
13447.9443359375
13119.9765625
12830.1298828125
12555.4345703125
12305.369140625
12098.57421875
11887.5927734375
11704.3017578125
11518.15625
11330.97265625
11128.978515625
10912.3095703125
10741.390625
10595.3583984375
10469.5615234375
10346.15625
10220.5048828125
10110.9013671875
9997.1923828125
9892.931640625
9790.2255859375
9690.234375
9585.9892578125
9484.0244140625
9388.443359375
9292.5458984375
9204.8408203125
9119.6162109375
9037.6982421875
8965.5439453125
8884.931640625
8805.896484375
8721.8134765625
8639.9931640625
8554.23828125
8471.0009765625
8393.5810546875
8315.802734375
8242.2705078125
8166.4169921875
8091.13037109375
8024.28759765625
7952.41845703125
7884.626953125
7815.857421875
7747.72705078125
7674.2265625
7598.53125
7523.94580078125
7444.02490234375
7363.0078125
7279.0693359375
7195.36328125
7120.60107421875
7039.23193359375
6956.3271484375
6868.587890625
6784.2744140625
6699.5078125
6616.69091796875
6538.2822265625
6459.4892578125
6384.8564453125
6309.298828125
6236.42724609375
6173.037109375
6104.65087890625
6041.068359375
5979.14892578125
5923.80126953125
5866.76904296875
5808.97021484375
5753.56103515625
5684.6298828125
5611.80126953125
5538.49169921875
5467.685546875
5405.75537109375
5339.58154296875
5278.0888671875
5217.2744140625
5160.29931640625
5103.42578125
5048.5556640625
4996.3134765625
4943.8330078125
4891.52490234375
4837.98046875
