20000.0
20000.0
20000.0
20000.0
20000.0
20000.0
20000.0
20000.0
20000.0
20000.0
20000.0
20000.0
20000.0
20000.0
20000.0
20000.0
20000.0
20000.0
20000.0
20000.0
20000.0
20000.0
20000.0
20000.0
19999.8671875
20000.0
20000.0
19999.96484375
20000.0
20000.0
19999.5
20000.0
19999.9765625
20000.0
20000.0
20000.0
19999.998046875
19999.99609375
19876.30078125
19374.6015625
18921.80859375
18502.21484375
18059.294921875
17654.498046875
17258.103515625
16888.46484375
16515.388671875
16162.24609375
15846.8134765625
15533.59375
15227.6787109375
14920.09375
14592.9296875
14290.89453125
13958.556640625
13647.064453125
13342.458984375
13063.9970703125
12766.9189453125
12465.107421875
12168.0517578125
11886.1953125
11638.3671875
11392.1005859375
11155.7646484375
10981.095703125
10799.2333984375
10628.306640625
10462.2626953125
10270.662109375
10086.8115234375
9915.716796875
9761.03515625
9605.2275390625
9460.4990234375
9315.2841796875
9175.505859375
9053.53125
8921.34765625
8772.2216796875
8621.4794921875
8486.494140625
8357.5029296875
8236.451171875
8127.18798828125
8019.62353515625
7903.1669921875
7778.4853515625
7658.9609375
7551.66650390625
7432.72998046875
7321.9345703125
7213.66455078125
7113.6787109375
7014.78857421875
6918.0693359375
6824.17919921875
6728.279296875
6636.41845703125
6543.3466796875
6452.39111328125
6372.12109375
6285.91259765625
6204.6962890625
6123.13623046875
6045.673828125
5967.4638671875
5889.81396484375
5814.87890625
5738.4892578125
5666.3857421875
5594.18310546875
5524.04833984375
5461.62255859375
5393.10791015625
5327.6953125
5260.64990234375
5196.3935546875
5131.56787109375
5069.98046875
5017.73974609375
4962.66748046875
4907.833984375
4850.169921875
