20000.0
20000.0
20000.0
20000.0
20000.0
20000.0
20000.0
20000.0
20000.0
20000.0
20000.0
20000.0
20000.0
20000.0
20000.0
20000.0
20000.0
20000.0
20000.0
20000.0
20000.0
20000.0
20000.0
20000.0
20000.0
20000.0
19999.994140625
19999.900390625
19999.791015625
20000.0
19999.99609375
20000.0
19999.998046875
20000.0
20000.0
20000.0
20000.0
19999.91796875
20000.0
20000.0
19999.998046875
19503.333984375
18967.78125
18481.244140625
18014.298828125
17594.80078125
17191.1875
16808.474609375
16456.603515625
16129.201171875
15842.134765625
15560.1025390625
15288.9130859375
15050.369140625
14669.5859375
14363.099609375
14084.255859375
13831.724609375
13584.9462890625
13350.9072265625
13135.56640625
12922.58984375
12723.185546875
12531.1787109375
12354.7265625
12204.294921875
12046.0595703125
11889.6591796875
11704.205078125
11532.701171875
11370.734375
11208.5693359375
11062.42578125
10916.578125
10784.0126953125
10656.8173828125
10534.1630859375
10421.525390625
10297.75390625
10185.013671875
10077.1005859375
9977.8466796875
9878.291015625
9778.8955078125
9681.390625
9581.0947265625
9486.642578125
9393.74609375
9305.4970703125
9227.873046875
9144.9423828125
9066.369140625
8985.9521484375
8908.287109375
8826.9453125
8745.166015625
8665.5732421875
8583.66796875
8504.12109375
8421.2353515625
8337.8583984375
8262.0751953125
8177.58251953125
8095.650390625
8011.095703125
7927.60595703125
7838.48583984375
7751.4267578125
7669.86767578125
7587.23095703125
7507.7685546875
7425.6962890625
7342.98779296875
7267.3095703125
7182.529296875
7100.296875
7015.619140625
6934.33837890625
6851.353515625
6769.24267578125
6691.08203125
6610.57080078125
6532.39453125
6452.64306640625
