20000.0
20000.0
20000.0
20000.0
20000.0
20000.0
20000.0
20000.0
20000.0
20000.0
20000.0
20000.0
20000.0
20000.0
20000.0
20000.0
20000.0
20000.0
20000.0
20000.0
19999.85546875
20000.0
20000.0
20000.0
19775.984375
18474.80859375
17589.609375
17048.65625
16612.04296875
16190.0869140625
15789.4208984375
15362.0400390625
14992.5166015625
14648.2333984375
14347.3515625
14050.935546875
13778.3662109375
13543.470703125
13326.015625
13133.0390625
12938.927734375
12737.767578125
12551.4033203125
12347.619140625
12160.072265625
11976.1923828125
11805.59375
11636.09765625
11475.677734375
11328.40234375
11178.919921875
11035.4365234375
10890.9931640625
10750.92578125
10627.3037109375
10493.556640625
10367.267578125
10244.4677734375
10132.5419921875
10011.2568359375
9888.3779296875
9768.84765625
9645.84765625
9528.318359375
9410.673828125
9303.5166015625
9214.5869140625
9126.326171875
9042.6328125
8957.00390625
8874.7841796875
8791.439453125
8710.1015625
8632.84375
8552.8388671875
8474.2939453125
8392.1279296875
8309.44921875
8235.0751953125
8153.16455078125
8074.35693359375
7993.7119140625
7916.83935546875
7838.52490234375
7759.775390625
7685.8330078125
7611.8056640625
7541.6357421875
7471.2353515625
7402.66064453125
7342.029296875
7276.19970703125
7213.56494140625
7149.9306640625
7089.55908203125
7029.10009765625
6970.04345703125
6912.6591796875
6852.69873046875
6795.6220703125
6737.95654296875
6681.27001953125
6630.72314453125
6575.537109375
6522.220703125
6467.140625
6414.31298828125
6360.44775390625
6307.56396484375
6257.5556640625
6206.43603515625
6157.11767578125
6106.50048828125
6056.662109375
6012.58154296875
5965.3271484375
5920.927734375
5876.04248046875
5831.89111328125
5785.28369140625
5738.203125
5692.701171875
5646.15673828125
5601.7822265625
5555.9150390625
