20000.0
20000.0
20000.0
20000.0
20000.0
20000.0
20000.0
20000.0
20000.0
20000.0
20000.0
20000.0
20000.0
20000.0
20000.0
20000.0
20000.0
19999.99609375
20000.0
19999.9453125
20000.0
20000.0
19999.998046875
20000.0
20000.0
20000.0
20000.0
20000.0
20000.0
20000.0
20000.0
19058.140625
18054.634765625
17193.4296875
16558.619140625
15751.4599609375
14998.994140625
14333.3994140625
13745.5859375
13213.8720703125
12758.998046875
12402.7412109375
12129.3642578125
11824.38671875
11547.6376953125
11273.939453125
11015.9970703125
10760.8994140625
10529.1162109375
10313.228515625
10099.0986328125
9903.4072265625
9714.484375
9538.021484375
9389.59375
9240.0712890625
9100.28515625
8959.5595703125
8829.0205078125
8700.685546875
8579.845703125
8468.4794921875
8358.6943359375
8255.9482421875
8151.318359375
8050.33642578125
7962.65966796875
7869.4130859375
7782.4560546875
7695.89013671875
7614.10302734375
7532.09912109375
7452.099609375
7376.083984375
7299.1904296875
7225.62841796875
7150.6806640625
7076.935546875
7011.24267578125
6940.05126953125
6872.373046875
6803.12548828125
6736.61279296875
6667.51513671875
6598.205078125
6531.59521484375
6464.43212890625
6400.57763671875
6335.7529296875
6271.94140625
6215.4521484375
6154.32958984375
6096.55224609375
6040.3154296875
5993.322265625
5942.9189453125
5890.88818359375
5839.79833984375
5786.95654296875
5736.5419921875
5685.24365234375
5634.7919921875
5590.1044921875
5540.787109375
5493.4775390625
5444.822265625
5398.19970703125
5350.8232421875
5304.24658203125
5259.82373046875
5215.283203125
5173.826171875
5130.63623046875
5086.36279296875
5046.732421875
5003.546875
4962.560546875
4920.96630859375
4881.1904296875
4840.677734375
4800.5439453125
4762.048828125
4722.849609375
4684.50048828125
4645.37451171875
