20000.0
20000.0
20000.0
20000.0
20000.0
20000.0
20000.0
20000.0
20000.0
20000.0
20000.0
20000.0
20000.0
20000.0
20000.0
20000.0
20000.0
20000.0
20000.0
20000.0
20000.0
20000.0
19999.998046875
19999.998046875
20000.0
20000.0
20000.0
20000.0
20000.0
20000.0
20000.0
19999.998046875
20000.0
20000.0
19247.8359375
18517.876953125
17842.064453125
17276.8984375
16771.658203125
16311.466796875
15888.1220703125
15502.9384765625
15184.94140625
14854.744140625
14556.0244140625
14268.2783203125
14006.763671875
13752.494140625
13512.3955078125
13292.3369140625
13072.1943359375
12867.8896484375
12666.4140625
12474.978515625
12313.826171875
12141.19140625
11977.6435546875
11812.7373046875
11657.322265625
11502.2373046875
11354.08203125
11215.494140625
11076.4541015625
10945.4287109375
10813.6513671875
10685.4580078125
10573.017578125
10454.6064453125
10351.9892578125
10261.0146484375
10180.072265625
10102.2998046875
10028.7412109375
9956.7890625
9880.6171875
9807.2060546875
9732.765625
9659.2880859375
9582.9677734375
9500.1279296875
9425.7587890625
9354.8095703125
9291.087890625
9227.0771484375
9166.126953125
9107.7265625
9048.8759765625
8993.875
8938.8857421875
8885.4951171875
8838.7265625
8788.3212890625
8740.03515625
8690.224609375
8642.5869140625
8594.353515625
8547.1494140625
8502.4208984375
8457.30078125
8414.6650390625
8371.78515625
8330.169921875
8293.6572265625
8254.4345703125
8217.556640625
8180.4755859375
8146.96337890625
8112.93115234375
8076.99560546875
8031.5302734375
7990.1953125
7952.57177734375
7916.154296875
7880.828125
7849.7353515625
7815.41943359375
7785.91650390625
7756.79833984375
7729.94384765625
7703.33251953125
7678.24755859375
7655.0107421875
7631.81884765625
7610.02587890625
7588.10546875
