20000.0
20000.0
20000.0
20000.0
20000.0
20000.0
20000.0
20000.0
20000.0
20000.0
20000.0
20000.0
20000.0
20000.0
20000.0
20000.0
20000.0
20000.0
20000.0
20000.0
20000.0
20000.0
20000.0
20000.0
20000.0
20000.0
20000.0
20000.01171875
20000.0
19999.908203125
20000.0
20000.0
19999.998046875
20000.0
19999.998046875
19999.998046875
20000.0
19999.99609375
20000.0
20000.0
20000.00390625
20000.0
19073.310546875
18147.681640625
17275.791015625
16512.189453125
15797.3798828125
15159.0224609375
14495.716796875
13917.8232421875
13443.5380859375
12995.3095703125
12584.744140625
12233.06640625
11903.7783203125
11586.240234375
11155.064453125
10812.22265625
10510.2138671875
10219.9052734375
9921.685546875
9635.6005859375
9365.05078125
9101.6064453125
8857.8720703125
8648.80859375
8428.2158203125
8222.0693359375
8013.45947265625
7816.2177734375
7618.7333984375
7430.40673828125
7259.02783203125
7069.56298828125
6893.57177734375
6721.6005859375
6558.20068359375
6415.2236328125
6262.61279296875
6124.25439453125
5996.78515625
5876.4228515625
5755.64599609375
5639.47900390625
5528.61083984375
5420.154296875
5319.04931640625
5215.48046875
5112.1201171875
5024.83154296875
4931.701171875
4845.091796875
4757.62744140625
4674.96044921875
4594.24169921875
4517.03857421875
4445.5009765625
4374.85693359375
4309.3994140625
4245.08935546875
4183.78955078125
4130.619140625
4074.419921875
4022.243896484375
3970.51806640625
3927.08935546875
3884.781982421875
3844.030029296875
3805.7294921875
3767.335693359375
3731.363037109375
3695.223388671875
3660.00048828125
3628.82080078125
3594.940673828125
3562.49560546875
3527.42724609375
3493.886474609375
3460.46630859375
3428.59130859375
3399.033935546875
3369.590576171875
3342.108642578125
3316.15380859375
