20000.0
20000.0
19999.998046875
20000.0
20000.0
20000.0
20000.0
20000.0
20000.0
20000.0
20000.0
20000.0
20000.0
20000.0
20000.0
20000.0
20000.0
20000.0
20000.0
20000.0
20000.0
20000.0
20000.0
19999.9921875
19999.998046875
19999.83984375
20000.0
20000.0
20000.0
20000.0
19999.990234375
20000.0
19763.658203125
19351.708984375
18998.568359375
18657.388671875
18300.720703125
17984.3203125
17692.671875
17431.154296875
17165.744140625
16880.087890625
16621.783203125
16382.2568359375
16213.111328125
16023.544921875
15806.265625
15521.0302734375
15237.1240234375
14988.7412109375
14749.728515625
14529.1748046875
14290.8076171875
14052.2294921875
13842.267578125
13613.1904296875
13389.3408203125
13163.3681640625
12954.189453125
12746.359375
12544.119140625
12361.7978515625
12175.67578125
11988.076171875
11795.234375
11610.8505859375
11450.705078125
11279.421875
11118.828125
10957.744140625
10811.1083984375
10666.4296875
10527.1708984375
10398.1025390625
10271.931640625
10153.990234375
10038.8427734375
9928.4912109375
9830.740234375
9725.00390625
9625.0888671875
9527.015625
9437.0908203125
9359.728515625
9289.3095703125
9215.443359375
9131.875
9047.900390625
8960.05859375
8872.611328125
8795.05078125
8711.49609375
8632.8037109375
8553.0517578125
8475.9775390625
8396.3173828125
8318.5
8245.3515625
8173.2734375
8107.71240234375
8041.10498046875
7975.42138671875
7916.56103515625
7851.31103515625
7787.5986328125
7723.650390625
7663.57861328125
7603.74267578125
7545.88916015625
7491.10107421875
7435.25341796875
7381.82763671875
7327.71533203125
7274.8505859375
7228.09375
7177.43310546875
7129.40625
7080.4326171875
7033.4375
6985.7373046875
6939.009765625
6894.8037109375
6850.2666015625
6807.75830078125
6764.07373046875
