20000.0
20000.0
20000.0
20000.0
20000.0
20000.0
20000.0
20000.0
20000.0
20000.0
20000.0
20000.0
20000.0
20000.0
20000.0
20000.0
20000.0
20000.0
20000.0
19999.99609375
19999.998046875
19999.853515625
19013.763671875
17873.5859375
17019.462890625
16236.1611328125
15546.666015625
14988.6513671875
14509.9130859375
14113.525390625
13724.8291015625
13338.3642578125
12957.408203125
12572.181640625
12236.56640625
11920.1416015625
11633.5625
11364.509765625
11124.8642578125
10905.6435546875
10688.32421875
10491.78515625
10325.443359375
10176.388671875
10040.82421875
9863.712890625
9720.65625
9584.3779296875
9462.6572265625
9344.6025390625
9232.234375
9127.9658203125
9024.701171875
8928.6416015625
8829.9697265625
8741.767578125
8666.6630859375
8579.5029296875
8494.27734375
8408.48046875
8326.892578125
8235.9423828125
8137.9521484375
8038.11376953125
7927.77880859375
7829.12158203125
7733.10498046875
7639.63671875
7556.5703125
7460.8681640625
7367.3447265625
7270.00830078125
7174.93701171875
7076.93115234375
6974.02783203125
6871.8427734375
6770.00341796875
6675.80029296875
6580.6953125
6484.66650390625
6396.91015625
6300.41357421875
6209.4580078125
6118.9326171875
6031.34716796875
5941.08837890625
5853.44140625
5774.81591796875
5699.91943359375
5631.220703125
5563.234375
5495.85546875
5433.92431640625
5364.46337890625
5297.4521484375
5229.0859375
5134.93505859375
5039.62646484375
4949.98876953125
4866.5791015625
4783.3876953125
4706.365234375
4630.63330078125
4557.53369140625
4493.11279296875
4424.31396484375
4362.5107421875
4303.6357421875
4249.78662109375
4196.90771484375
4146.70751953125
4100.49951171875
4052.34423828125
4006.41552734375
3960.018310546875
3914.376708984375
3873.64013671875
3828.948974609375
3786.181884765625
3743.014404296875
3702.278076171875
3661.580078125
3622.366943359375
3585.63916015625
3548.865478515625
3514.2998046875
3479.54931640625
