20000.0
20000.0
20000.0
20000.0
19999.998046875
20000.0
20000.0
20000.0
20000.0
20000.0
20000.0
20000.0
20000.0
20000.0
20000.0
20000.0
20000.0
20000.0
20000.0
20000.0
20000.0
20000.0
20000.0
20000.0
20000.0
20000.0
20000.0
20000.0
20000.0
20000.0
19999.998046875
20000.0
20000.0
20000.0
20000.0
20000.0
20000.0
20000.0
19999.998046875
20000.0
20000.0
20000.0
20000.0
20000.0
20000.0
20000.0
20000.0
20000.0
20000.0
20000.0
20000.0
20000.0
20000.0
20000.0
19512.328125
18713.302734375
17884.169921875
17173.1953125
16500.09375
15888.5361328125
15310.4736328125
14779.7275390625
14336.7841796875
13914.638671875
13482.2265625
13029.9375
12651.9052734375
12333.669921875
11998.029296875
11697.8740234375
11405.1845703125
11103.708984375
10800.9287109375
10498.158203125
10249.4970703125
10006.3701171875
9775.650390625
9544.67578125
9316.9462890625
9113.69140625
8898.5791015625
8702.6279296875
8503.9482421875
8322.6494140625
8147.64501953125
7983.8857421875
7832.99169921875
7683.033203125
7541.09814453125
7396.92041015625
7254.3935546875
7126.1201171875
6976.18505859375
6824.61474609375
6671.517578125
6529.0478515625
6386.42236328125
6247.9365234375
6128.96923828125
6010.25439453125
5897.392578125
5783.77392578125
5675.28466796875
5583.5068359375
5490.4384765625
5410.0693359375
5333.96435546875
5263.5341796875
5192.453125
5116.51953125
5029.22265625
4944.89794921875
4867.740234375
4795.54248046875
4725.63818359375
4665.86962890625
4604.03125
4547.35009765625
4491.6767578125
4439.87255859375
4388.1689453125
4338.73681640625
4292.99365234375
4247.7802734375
4205.68212890625
4163.9443359375
