20000.0
20000.0
20000.0
19384.310546875
19010.4921875
18960.072265625
19191.064453125
19816.564453125
20000.0
20000.0
20000.0
20000.0
20000.0
20000.0
20000.0
19999.97265625
20000.0
19999.935546875
19999.9921875
19772.7421875
18311.7109375
17147.8125
16222.5029296875
15430.669921875
14783.119140625
14219.84765625
13735.9072265625
13345.544921875
12988.6650390625
12672.625
12417.447265625
12161.83984375
11933.6337890625
11709.03125
11500.6494140625
11298.685546875
11105.6513671875
10925.455078125
10751.833984375
10602.85546875
10464.2080078125
10336.587890625
10222.9833984375
10097.5888671875
9981.142578125
9842.8984375
9712.5380859375
9593.2490234375
9487.822265625
9392.591796875
9300.919921875
9216.9609375
9133.80859375
9053.1181640625
8980.548828125
8910.51953125
8849.9931640625
8790.619140625
8735.19140625
8681.94140625
8629.6728515625
8580.2099609375
8531.2333984375
8484.037109375
8435.2470703125
8387.326171875
8345.5625
8302.7275390625
8263.1533203125
8225.234375
8191.712890625
8158.9052734375
8122.25732421875
8085.1328125
8040.1357421875
7982.40966796875
7914.9169921875
7845.37890625
7783.7255859375
7715.96142578125
7644.08642578125
7563.7861328125
7482.931640625
7398.0712890625
7313.435546875
7232.423828125
7150.0908203125
7070.1142578125
6986.59521484375
6905.2705078125
6833.888671875
6756.51806640625
6683.10205078125
6608.99267578125
6538.95361328125
6468.51171875
6399.6279296875
6334.20361328125
6267.7626953125
6204.76611328125
6141.1162109375
6079.05029296875
6024.05810546875
5963.74853515625
5906.373046875
5847.97900390625
5792.259765625
5735.755859375
5679.82177734375
5627.08154296875
5573.65966796875
5523.10693359375
5471.91064453125
5421.673828125
5376.9912109375
5333.4189453125
5292.4091796875
5246.81005859375
5201.82568359375
5156.091796875
5111.30322265625
5068.822265625
5025.82763671875
4984.88818359375
4943.25830078125
