20000.0
20000.0
20000.0
20000.0
20000.0
20000.0
20000.0
20000.0
20000.0
20000.0
20000.0
20000.0
20000.0
20000.0
20000.0
20000.0
20000.0
20000.0
20000.0
20000.013671875
20000.001953125
20000.0
20000.0
20000.0
20000.0
20000.0
20000.0
20000.0
20000.0
19999.994140625
19999.99609375
20000.0
20000.0
19999.994140625
20000.0
20000.0
20000.0
20000.0
20000.0
19998.6484375
18975.40234375
17926.033203125
17123.7109375
16412.947265625
15822.2724609375
15260.509765625
14785.4619140625
14304.8525390625
13857.904296875
13452.1416015625
13054.9052734375
12684.5693359375
12313.919921875
11959.4150390625
11661.1376953125
11356.2373046875
11080.8916015625
10814.2177734375
10569.06640625
10328.833984375
10100.2978515625
9886.52734375
9666.0107421875
9453.69140625
9244.98046875
9048.794921875
8884.2744140625
8717.28125
8565.607421875
8421.396484375
8287.0576171875
8120.33056640625
7938.177734375
7758.6513671875
7576.52392578125
7406.9033203125
7239.95166015625
7078.2373046875
6938.15185546875
6790.998046875
6656.25830078125
6525.208984375
6405.666015625
6288.63818359375
6177.9794921875
6076.7158203125
5977.58984375
5885.48876953125
5794.29052734375
5708.6669921875
5635.75146484375
5559.541015625
5489.40771484375
5420.103515625
5355.81201171875
5292.05029296875
5230.71240234375
5175.93701171875
5122.81201171875
5071.23486328125
5017.69091796875
4966.021484375
4922.2802734375
4874.36767578125
4828.90283203125
4783.07666015625
4740.55859375
4698.18505859375
4656.41650390625
4616.28076171875
4575.080078125
4535.6904296875
4495.81494140625
4456.81591796875
4422.2646484375
4384.6728515625
4348.8251953125
4312.28369140625
4277.29736328125
4241.45166015625
4205.83251953125
4171.49169921875
4136.1826171875
4102.0263671875
4066.767578125
