20000.0
20000.0
20000.0
20000.0
20000.0
20000.0
20000.0
20000.0
20000.0
20000.0
20000.0
19999.998046875
20000.0
20000.0
20000.0
20000.0
20000.0
20000.0
20000.0
20000.0
20000.0
20000.0
20000.0
20000.0
20000.0
20000.0
20000.0
20000.0
20000.0
20000.0
19999.9921875
20000.0
20000.0
20000.0
20000.0
20000.0
20000.0
20000.0
20000.0
20000.0
20000.0
19942.328125
19599.77734375
19282.984375
18985.248046875
18723.2734375
18472.140625
18245.26171875
18044.583984375
17842.42578125
17635.015625
17419.248046875
17195.220703125
17006.302734375
16813.345703125
16637.607421875
16466.560546875
16303.5517578125
16132.5263671875
15957.970703125
15787.52734375
15625.7919921875
15480.806640625
15325.208984375
15166.9697265625
15024.06640625
14867.1962890625
14716.453125
14504.728515625
14315.2353515625
14138.951171875
13977.044921875
13828.5888671875
13680.798828125
13541.541015625
13400.8447265625
13265.9208984375
13148.521484375
13022.4189453125
12901.51171875
12776.3564453125
12657.326171875
12536.32421875
12418.4091796875
12306.1708984375
12189.720703125
12072.8046875
11949.7431640625
11826.013671875
11715.4765625
11594.7490234375
11478.4267578125
11359.6513671875
11247.0546875
11135.0703125
11026.333984375
10922.962890625
10817.3369140625
10715.0009765625
10602.955078125
10488.224609375
10386.892578125
10282.19140625
10182.94140625
10079.296875
9979.3974609375
9877.478515625
9781.6962890625
9704.1708984375
9627.701171875
9555.9326171875
9483.6123046875
9413.3388671875
9351.3310546875
9284.326171875
9220.1455078125
9154.2177734375
9090.990234375
9024.1103515625
8961.60546875
8903.6513671875
8845.4755859375
8790.5830078125
8735.1640625
