20000.0
20000.0
20000.0
20000.0
20000.0
20000.0
20000.0
20000.0
20000.0
20000.0
20000.0
20000.0
20000.0
20000.0
20000.0
20000.0
20000.0
20000.0
20000.0
20000.0
20000.0
20000.0
20000.0
19999.998046875
20000.0
19999.9453125
19999.802734375
20000.0
20000.0
20000.0
20000.0
19999.998046875
20000.0
20000.009765625
19990.126953125
19314.60546875
18733.322265625
18182.09765625
17695.609375
17240.751953125
16821.873046875
16461.89453125
16084.029296875
15737.150390625
15395.9765625
15091.564453125
14798.0361328125
14530.4130859375
14296.8642578125
14071.95703125
13858.8583984375
13640.57421875
13424.0537109375
13211.9091796875
12983.8984375
12779.33203125
12572.552734375
12341.68359375
12146.9814453125
11975.3388671875
11840.12890625
11710.6806640625
11589.9091796875
11469.59765625
11354.126953125
11207.0673828125
11035.740234375
10902.73046875
10792.3916015625
10704.5615234375
10627.98828125
10559.15234375
10495.939453125
10431.142578125
10365.00390625
10294.9912109375
10228.2880859375
10166.2294921875
10088.9912109375
10010.68359375
9934.73046875
9868.849609375
9808.1708984375
9753.7138671875
9705.1025390625
9657.767578125
9613.9248046875
9568.4013671875
9520.9677734375
9476.0966796875
9424.0576171875
9373.173828125
9323.4609375
9278.7119140625
9236.93359375
9197.60546875
9160.3642578125
9122.1328125
9083.607421875
9041.1328125
8996.12890625
8953.7998046875
8905.236328125
8859.060546875
8810.43359375
8763.3896484375
8715.615234375
8667.666015625
8620.06640625
8569.83203125
8520.763671875
8470.8837890625
8420.6904296875
8374.57421875
8322.173828125
8270.0048828125
8214.5537109375
8159.5947265625
8101.97509765625
8044.14892578125
7988.45654296875
7931.8837890625
7878.5244140625
7825.10546875
