20000.0
20000.0
20000.0
20000.0
20000.0
20000.0
20000.0
20000.0
20000.0
20000.0
20000.0
20000.0
20000.0
20000.0
20000.0
20000.0
20000.0
20000.0
20000.0
20000.0
20000.0
20000.0
20000.0
20000.0
20000.0
20000.0
20000.0
19999.99609375
20000.0
20000.0
20000.0
20000.0
20000.0
19999.9921875
20000.0
19999.998046875
20000.0
20000.0
19999.99609375
20000.0
20000.0
19937.66015625
18851.9296875
17913.74609375
17036.033203125
16269.8515625
15551.0966796875
14881.185546875
14289.5498046875
13795.13671875
13338.65625
12907.2392578125
12509.8076171875
12091.861328125
11662.861328125
11306.455078125
10962.5068359375
10641.3994140625
10337.8798828125
10082.2353515625
9811.2958984375
9506.3603515625
9212.48828125
8954.55078125
8704.9541015625
8484.255859375
8247.7705078125
8020.396484375
7808.0478515625
7619.58984375
7437.1865234375
7266.0322265625
7109.84130859375
6957.26171875
6812.64453125
6667.27685546875
6535.07666015625
6416.98095703125
6279.6533203125
6142.8623046875
6001.45556640625
5866.220703125
5729.80078125
5596.29443359375
5472.85107421875
5340.69775390625
5216.45361328125
5092.96533203125
4977.24755859375
4879.6396484375
4776.56201171875
4682.576171875
4591.22705078125
4505.3642578125
4420.16455078125
4338.74462890625
4261.88818359375
4186.79833984375
4117.46435546875
4048.678466796875
3982.009521484375
3923.28662109375
3860.090087890625
3800.9013671875
3741.980712890625
3687.13427734375
3632.756591796875
3581.061279296875
3530.289794921875
3477.9912109375
3429.67138671875
3382.6123046875
3338.0166015625
3299.62353515625
3259.161376953125
3221.847412109375
3185.05078125
3150.971435546875
3117.25
3085.01513671875
3055.259033203125
3025.7958984375
2998.41748046875
2971.0703125
