20000.0
20000.0
20000.0
20000.0
19999.998046875
20000.0
20000.0
20000.0
20000.0
20000.0
20000.0
20000.0
20000.0
20000.0
20000.0
20000.0
20000.0
20000.0
20000.0
20000.0
20000.0
20000.0
20000.0
20000.0
20000.0
20000.0
20000.0
20000.0
20000.0
20000.0
20000.0
20000.0
20000.0
20000.0
20000.0
20000.0
20000.0
20000.0
19999.99609375
20000.017578125
20000.0
20000.0
20000.0
19999.998046875
20000.0
20000.0
20000.0
20000.0
19999.900390625
19999.984375
20000.0
20000.0
20000.0
19999.990234375
20000.0
20000.0
20000.0
20000.0
20000.0
19999.9921875
19999.990234375
20000.0
20000.0
19665.4765625
19051.66015625
18411.033203125
17777.44921875
17155.404296875
16562.33984375
16033.7490234375
15480.2890625
14961.205078125
14460.8388671875
13981.1689453125
13541.9130859375
13187.072265625
12837.9296875
12465.5380859375
12179.83203125
11923.771484375
11698.71875
11517.2099609375
11340.9091796875
11174.904296875
10943.884765625
10738.78125
10541.95703125
10315.5888671875
10090.2763671875
9880.3935546875
9689.10546875
9488.09375
9280.09765625
9112.4033203125
8933.259765625
8775.2451171875
8615.55859375
8465.2109375
8316.9140625
8173.07421875
8035.9306640625
7897.76513671875
7768.9111328125
7641.349609375
7519.0146484375
7412.03564453125
7297.04931640625
7188.041015625
7077.1494140625
6971.16064453125
6861.4638671875
6750.37548828125
6646.1962890625
6541.19970703125
6442.861328125
6344.4892578125
6248.30322265625
6162.51171875
6066.71875
5972.79150390625
5874.849609375
5780.26416015625
5683.06396484375
5586.85400390625
5494.76806640625
5401.33935546875
5313.5751953125
5225.32763671875
