20000.0
20000.0
20000.0
20000.0
20000.0
19741.193359375
19720.787109375
20000.0
20000.0
20000.0
20000.0
20000.0
20000.0
20000.0
20000.0
20000.0
20000.0
20000.0
20000.0
20000.0
19389.123046875
18581.599609375
17963.404296875
17344.408203125
16779.42578125
16274.7177734375
15799.388671875
15393.5224609375
15022.1875
14686.9580078125
14407.1083984375
14109.1435546875
13829.181640625
13546.71484375
13287.771484375
13046.2890625
12824.3857421875
12621.720703125
12417.90234375
12218.20703125
12010.263671875
11808.2119140625
11633.9423828125
11454.208984375
11291.9697265625
11133.73046875
10990.037109375
10852.87109375
10725.033203125
10607.2392578125
10490.2333984375
10390.9794921875
10300.8935546875
10219.2646484375
10147.787109375
10056.4404296875
9961.89453125
9861.396484375
9763.044921875
9642.33203125
9513.9560546875
9390.8017578125
9269.0859375
9157.9990234375
9056.10546875
8974.615234375
8886.7314453125
8789.263671875
8702.08203125
8617.8720703125
8539.8564453125
8461.537109375
8384.84765625
8311.9091796875
8238.029296875
8169.50341796875
8098.8984375
8028.20458984375
7964.77392578125
7894.376953125
7826.5478515625
7757.5732421875
7692.27099609375
7626.62060546875
7562.8994140625
7503.05224609375
7442.99609375
7386.4921875
7329.69873046875
7274.3759765625
7225.4462890625
7172.314453125
7121.72216796875
7070.11328125
7020.64111328125
6969.580078125
6918.48583984375
6869.22265625
6818.8271484375
6769.453125
6718.99462890625
6669.96435546875
6626.89892578125
6580.4599609375
6536.60693359375
6492.3330078125
6450.44580078125
6408.1328125
6366.86669921875
6327.951171875
6288.34326171875
6250.67822265625
6212.39697265625
6174.77294921875
6141.47021484375
6105.30908203125
6070.9140625
6035.419921875
6001.10498046875
5965.9580078125
5932.83349609375
5901.69140625
5869.60888671875
5838.59619140625
5806.7177734375
