20000.0
20000.0
20000.0
20000.0
20000.0
20000.0
20000.0
20000.0
20000.0
20000.0
20000.0
20000.0
20000.0
20000.0
20000.0
20000.0
20000.0
20000.0
20000.0
20000.0
20000.0
20000.0
20000.0
20000.0
20000.0
19999.9296875
20000.001953125
19999.919921875
20000.0
20000.0
20000.0
20000.0
20000.0
20000.0
20000.0
20000.0
20000.0
20000.0
20000.0
20000.0
20000.0
20000.0
19919.482421875
19349.53515625
18858.3203125
18392.48828125
17984.025390625
17372.447265625
16933.208984375
16545.853515625
16146.9130859375
15782.8505859375
15431.142578125
15106.1708984375
14844.783203125
14579.853515625
14303.7724609375
13965.7626953125
13681.5654296875
13437.80859375
13209.884765625
13000.39453125
12796.25
12602.3671875
12410.099609375
12226.7607421875
12071.1318359375
11913.0966796875
11773.197265625
11636.10546875
11509.17578125
11391.6484375
11283.1806640625
11187.58984375
11095.8740234375
11010.7822265625
10924.9013671875
10840.7802734375
10766.7119140625
10686.2666015625
10609.6318359375
10531.640625
10456.912109375
10380.466796875
10304.9658203125
10232.7919921875
10159.576171875
10086.41015625
10012.9462890625
9941.8583984375
9878.4970703125
9809.2392578125
9742.982421875
9674.96484375
9609.66015625
9542.8955078125
9477.0341796875
9413.6318359375
9347.2578125
9283.0283203125
9217.978515625
9154.228515625
9097.107421875
9034.5146484375
8974.1787109375
8912.1669921875
8852.4130859375
8791.125
8730.466796875
8672.328125
8612.3994140625
8555.6416015625
8496.38671875
8435.5966796875
8381.0478515625
8320.18359375
8265.228515625
8208.87890625
8155.92236328125
8103.05224609375
8053.04736328125
8005.89453125
7958.216796875
7904.095703125
7837.45556640625
