20000.0
20000.0
20000.0
20000.0
20000.0
20000.0
20000.0
20000.0
20000.0
20000.0
20000.0
20000.0
20000.0
20000.0
20000.0
20000.0
20000.0
20000.0
20000.0
20000.0
20000.0
20000.0
20000.0
20000.0
20000.0
20000.0
20000.0
20000.0
20000.0
20000.0
20000.0
20000.0
20000.0
20000.0
20000.0
20000.0
20000.0
20000.0
20000.001953125
20000.0
20000.0
19999.98828125
20000.0
20000.0
20000.0
20000.0
20000.0
20000.0
20000.0
20000.0
19999.99609375
19873.951171875
19207.3984375
18644.3671875
18089.482421875
17696.34765625
17267.77734375
16605.54296875
16035.6220703125
15566.05078125
15127.6044921875
14678.9287109375
14268.482421875
13885.3193359375
13557.5810546875
13311.359375
13067.7060546875
12853.5390625
12651.9443359375
12475.2421875
12306.0810546875
12136.859375
11965.712890625
11788.2998046875
11621.8701171875
11457.6416015625
11301.2978515625
11167.615234375
11028.07421875
10902.7744140625
10779.1943359375
10661.50390625
10543.873046875
10430.4970703125
10324.70703125
10219.478515625
10121.341796875
10023.9423828125
9930.15234375
9848.068359375
9760.208984375
9677.857421875
9595.0830078125
9516.2001953125
9438.0556640625
9362.79296875
9292.2353515625
9221.8349609375
9155.921875
9089.3232421875
9023.7861328125
8966.017578125
8904.251953125
8846.3037109375
8788.5
8734.2607421875
8680.1162109375
8627.5693359375
8578.2587890625
8528.8037109375
8482.4267578125
8436.00390625
8390.794921875
8350.8837890625
8307.6123046875
8266.8955078125
8225.8212890625
8187.09033203125
8148.81640625
8111.4033203125
8076.18994140625
8040.7705078125
8007.2021484375
7973.39599609375
