20000.0
20000.0
20000.0
20000.0
20000.0
20000.0
20000.0
20000.0
20000.0
20000.0
20000.0
20000.0
20000.0
20000.0
20000.0
20000.0
20000.0
20000.0
20000.0
19999.990234375
20000.0
20000.0
19999.998046875
19999.970703125
20000.0
20000.0
20000.0
20000.0
20000.0
20000.0
20000.0
20000.0
20000.0
20000.0
19999.98046875
19999.998046875
20000.0
20000.0
20000.0
19999.99609375
20000.0
20000.0
19999.130859375
20000.0
19678.18359375
18735.533203125
17884.892578125
17160.974609375
16547.4921875
15972.4453125
15424.6171875
14876.5947265625
14375.673828125
13937.2998046875
13479.3818359375
13036.2763671875
12591.0927734375
12178.5556640625
11769.2724609375
11374.087890625
10992.2734375
10604.8251953125
10242.826171875
9903.9306640625
9613.0078125
9373.6201171875
9089.4248046875
8777.830078125
8469.45703125
8188.44384765625
7916.68017578125
7661.73095703125
7428.62841796875
7201.11669921875
6993.76904296875
6791.36767578125
6603.91650390625
6443.59521484375
6276.2392578125
6125.9365234375
5981.3642578125
5850.80322265625
5730.3037109375
5617.26904296875
5511.16259765625
5406.115234375
5312.08837890625
5221.0732421875
5133.87451171875
5059.88623046875
4982.64111328125
4911.650390625
4841.22998046875
4775.3662109375
4709.9208984375
4647.13671875
4588.62841796875
4530.18994140625
4475.58740234375
4420.923828125
4367.93212890625
4321.47265625
4271.6572265625
4224.89990234375
4178.7333984375
4135.19287109375
4091.52001953125
4049.074951171875
4009.022705078125
3968.5048828125
3929.99072265625
3891.58837890625
3854.007080078125
3820.8828125
3785.05078125
3751.16455078125
3716.9697265625
3684.609130859375
3651.871337890625
3619.831298828125
3589.39794921875
3558.57568359375
3529.271484375
3499.528076171875
