20000.0
20000.0
20000.0
20000.0
20000.0
20000.0
20000.0
20000.0
20000.0
20000.0
20000.0
20000.0
20000.0
20000.0
20000.0
20000.0
20000.0
19999.955078125
20000.001953125
20000.0
20000.0
20000.0
19178.74609375
18008.71484375
17062.5078125
16266.326171875
15592.177734375
15026.77734375
14498.494140625
14032.9033203125
13672.7939453125
13322.63671875
13010.2294921875
12712.509765625
12449.3935546875
12200.4013671875
11969.2529296875
11754.931640625
11548.0908203125
11357.5302734375
11168.2080078125
10987.3076171875
10828.24609375
10657.78515625
10505.0498046875
10355.40625
10216.142578125
10079.0390625
9957.3427734375
9849.861328125
9747.265625
9652.1220703125
9550.8720703125
9452.533203125
9374.4921875
9278.2275390625
9193.7998046875
9113.681640625
9040.0654296875
8968.5947265625
8900.8583984375
8838.251953125
8776.0693359375
8718.1044921875
8660.455078125
8604.291015625
8554.0810546875
8500.103515625
8449.005859375
8398.5234375
8351.521484375
8306.4677734375
8263.0556640625
8222.2802734375
8181.18505859375
8142.40576171875
8103.23388671875
8065.01611328125
8031.38916015625
7994.96484375
7960.8623046875
7927.21142578125
7895.841796875
7864.345703125
7833.482421875
7804.80078125
7776.36865234375
7750.3271484375
7723.4248046875
7697.21337890625
7674.267578125
7650.55908203125
7626.900390625
7600.3095703125
7573.34912109375
7545.029296875
7512.56640625
7472.72265625
7428.021484375
7384.21044921875
7340.04833984375
7296.08203125
7254.86767578125
7199.87841796875
7142.76611328125
7081.404296875
7020.6904296875
6957.51171875
6894.3603515625
6833.6455078125
6771.58251953125
6711.75634765625
6648.0380859375
6585.36328125
6530.06640625
6470.45263671875
6413.82470703125
6356.095703125
6301.0869140625
6245.26513671875
6190.60400390625
6138.798828125
6086.2041015625
6036.15625
5985.40478515625
