20000.0
20000.0
20000.0
20000.0
20000.0
20000.0
20000.0
20000.0
20000.0
20000.0
20000.0
20000.0
20000.0
20000.0
20000.0
20000.0
20000.0
20000.0
20000.0
20000.0
20000.0
20000.0
20000.0
20000.0
20000.0
20000.0
20000.0
20000.0
20000.0
19999.955078125
19999.998046875
19999.994140625
20000.0
20000.0
20000.0
20000.0
20000.0
20000.0
19999.998046875
20000.0
20000.0
20000.0
19998.8671875
19531.17578125
19138.15234375
18724.517578125
18328.841796875
17949.404296875
17614.96484375
17302.833984375
17040.72265625
16824.376953125
16617.537109375
16410.099609375
16194.9541015625
15965.412109375
15752.611328125
15517.40234375
15227.6708984375
14938.30859375
14671.2236328125
14407.595703125
14155.2041015625
13917.6337890625
13675.140625
13453.080078125
13235.501953125
13026.220703125
12843.2783203125
12649.3076171875
12467.5546875
12287.8095703125
12120.55078125
11952.2685546875
11790.0947265625
11642.4833984375
11496.6806640625
11360.298828125
11223.76171875
11088.4365234375
10968.58203125
10840.9833984375
10721.974609375
10603.650390625
10493.955078125
10385.5693359375
10281.431640625
10182.73828125
10084.4453125
9992.4267578125
9898.7705078125
9802.1767578125
9715.0927734375
9627.28515625
9542.2783203125
9454.556640625
9370.345703125
9285.1953125
9202.2744140625
9124.0986328125
9045.453125
8971.318359375
8896.3388671875
8821.8916015625
8756.43359375
8687.197265625
8619.5732421875
8549.2978515625
8481.609375
8412.025390625
8343.0458984375
8277.1826171875
8210.1669921875
8146.09326171875
8081.248046875
8017.998046875
7962.59814453125
7902.97314453125
7846.86669921875
7790.66845703125
7737.9091796875
7684.9921875
7633.59765625
7585.126953125
7536.3076171875
7489.982421875
7442.8203125
