20000.0
20000.0
20000.0
20000.0
20000.0
20000.0
20000.0
20000.0
20000.0
20000.0
20000.0
20000.0
20000.0
20000.0
20000.0
20000.0
20000.0
20000.0
20000.0
20000.0
20000.0
20000.0
20000.0
20000.0
20000.0
19999.994140625
19999.998046875
20000.0
19999.994140625
20000.0
20000.0
19999.9609375
19999.998046875
20000.0
20000.0
20000.0
20000.0
20000.0
19999.998046875
20000.0
19999.998046875
20000.0
19948.4765625
18715.537109375
17621.916015625
16709.90625
15905.25
15223.451171875
14649.3173828125
13932.4833984375
13344.7373046875
12791.548828125
12309.2861328125
11832.0615234375
11348.240234375
10958.0673828125
10557.9033203125
10194.0732421875
9849.1748046875
9528.7041015625
9242.7890625
8967.154296875
8724.0107421875
8483.60546875
8252.8037109375
8052.8662109375
7841.68310546875
7646.40478515625
7450.6943359375
7266.9208984375
7080.71728515625
6905.79296875
6748.69189453125
6593.6845703125
6446.072265625
6299.701171875
6158.5302734375
6037.958984375
5911.1474609375
5792.7451171875
5676.63037109375
5579.28662109375
5480.57958984375
5384.42041015625
5294.39697265625
5205.25537109375
5122.724609375
5041.47314453125
4964.29443359375
4897.5986328125
4828.388671875
4766.7578125
4706.03173828125
4650.2119140625
4595.82080078125
4543.89306640625
4495.35888671875
4446.69384765625
4400.8349609375
4354.7177734375
4309.7880859375
4270.146484375
4227.43994140625
4187.13037109375
4146.4169921875
4107.154296875
4066.325439453125
4025.3974609375
3985.560302734375
3944.49365234375
3905.028564453125
3864.7841796875
3824.917236328125
3789.138671875
3750.226806640625
3712.35302734375
3673.695068359375
3636.673095703125
3598.67919921875
3560.888916015625
3524.845947265625
3488.015625
3452.56396484375
3416.006103515625
