20000.0
20000.0
20000.0
20000.0
20000.0
19647.228515625
19500.62109375
19713.6796875
20000.0
20000.0
20000.0
20000.0
20000.0
20000.0
20000.0
20000.0
20000.0
20000.0
20000.0
20000.0
20000.0
20000.0
20000.0
20000.0
20000.0
20000.0
20000.0
20000.0
20000.0
20000.0
20000.0
20000.0
20000.0
20000.0
19867.568359375
19332.927734375
18990.396484375
18678.99609375
18292.009765625
17910.1796875
17535.4765625
17159.23046875
16836.826171875
16519.15234375
16243.060546875
15984.3251953125
15756.515625
15537.5244140625
15325.62109375
15117.7861328125
14901.8681640625
14694.0283203125
14486.9765625
14288.0361328125
14114.9501953125
13932.9375
13779.6640625
13618.0166015625
13460.076171875
13294.974609375
13123.2177734375
12957.4296875
12789.009765625
12630.1923828125
12471.328125
12317.69140625
12183.8642578125
12041.5732421875
11908.5478515625
11774.6767578125
11648.1533203125
11517.7138671875
11378.65625
11246.1767578125
11114.3994140625
10992.09375
10871.2158203125
10755.5390625
10655.060546875
10546.6865234375
10443.5478515625
10338.5791015625
10238.6025390625
10133.4755859375
10025.966796875
9920.3779296875
9811.3408203125
9708.2919921875
9605.2470703125
9505.93359375
9419.1865234375
9326.115234375
9238.9189453125
9166.576171875
9102.1689453125
9037.3134765625
8973.677734375
8912.705078125
8849.8759765625
8788.79296875
8725.548828125
8663.19140625
8607.748046875
8548.404296875
8493.236328125
8438.6572265625
8386.18359375
8331.5703125
8272.94921875
8216.0166015625
8158.2734375
8103.38427734375
8047.49658203125
7992.32275390625
7942.9951171875
7888.9658203125
7837.1982421875
7784.29736328125
7733.77294921875
7682.25439453125
7631.6884765625
7584.041015625
7537.0986328125
7493.67919921875
7450.5966796875
