20000.0
20000.0
19999.99609375
20000.0
20000.0
20000.0
20000.0
20000.0
20000.0
20000.0
20000.0
20000.0
20000.0
20000.0
19999.99609375
20000.0
20000.005859375
20000.0
20000.0
20000.0
19999.88671875
20000.0
19836.8828125
18744.8359375
17859.556640625
17111.779296875
16420.248046875
15821.1240234375
15263.494140625
14783.763671875
14386.0849609375
13986.2841796875
13641.6328125
13321.9482421875
13035.5146484375
12708.6708984375
12410.3671875
12153.2080078125
11907.8779296875
11680.6748046875
11460.287109375
11257.64453125
11088.4453125
10908.091796875
10723.0537109375
10565.853515625
10435.9931640625
10310.5361328125
10177.572265625
10051.796875
9934.9580078125
9834.708984375
9738.482421875
9645.2548828125
9560.10546875
9465.6943359375
9378.8515625
9294.892578125
9218.138671875
9143.11328125
9071.4013671875
9004.634765625
8939.23046875
8880.017578125
8821.63671875
8764.8623046875
8714.630859375
8660.0654296875
8608.5185546875
8556.4384765625
8507.2548828125
8458.185546875
8411.357421875
8367.58984375
8322.78125
8279.16796875
8233.5751953125
8189.3720703125
8148.98681640625
8103.11767578125
8057.97412109375
8010.33642578125
7963.35595703125
7913.3525390625
7862.46875
7812.41015625
7759.873046875
7705.49951171875
7647.72314453125
7589.0068359375
7535.59033203125
7475.2333984375
7416.95849609375
7356.7451171875
7296.9462890625
7230.9697265625
7159.97998046875
7087.72607421875
7011.888671875
6936.41748046875
6861.31494140625
6790.37353515625
6729.53076171875
6665.15771484375
6605.12060546875
6544.81982421875
6482.43408203125
6400.80078125
6294.72265625
6198.3271484375
6106.56005859375
6023.6181640625
5942.99169921875
5866.31396484375
5799.732421875
5729.27197265625
5663.8115234375
5598.833984375
5538.33154296875
5478.25732421875
5420.7568359375
5367.4111328125
5314.04248046875
5263.1884765625
5206.99072265625
