20000.0
20000.0
20000.0
19999.990234375
20000.0
20000.0
20000.0
20000.0
20000.0
20000.0
20000.0
20000.0
20000.0
20000.0
20000.0
20000.0
20000.0
20000.0
20000.0
20000.0
20000.0
19999.94921875
20000.0
19999.95703125
20000.0
19999.998046875
20000.0
20000.0
19481.685546875
18680.390625
17886.78125
17173.41796875
16523.802734375
15975.8076171875
15475.1630859375
15027.400390625
14628.8623046875
14246.111328125
13901.0419921875
13558.419921875
13239.1298828125
12968.6796875
12691.337890625
12464.2353515625
12230.5947265625
12007.724609375
11785.7587890625
11573.3037109375
11376.7587890625
11185.396484375
11027.7490234375
10875.14453125
10728.623046875
10600.2412109375
10461.734375
10332.794921875
10199.673828125
10035.57421875
9899.5546875
9780.2099609375
9671.642578125
9564.8193359375
9465.3798828125
9364.2548828125
9264.3818359375
9176.48046875
9080.177734375
8994.4736328125
8911.986328125
8835.541015625
8755.125
8677.748046875
8605.0009765625
8525.029296875
8442.3193359375
8355.0703125
8267.2490234375
8195.3173828125
8122.71630859375
8057.11572265625
7991.2666015625
7928.66552734375
7865.76953125
7805.2080078125
7748.99560546875
7693.4609375
7641.9189453125
7590.70654296875
7540.2119140625
7493.986328125
7442.89794921875
7394.095703125
7345.90283203125
7301.3330078125
7257.32470703125
7214.97802734375
7174.76953125
7134.0234375
7096.39208984375
7059.5107421875
7023.7451171875
6991.68017578125
6956.0595703125
6920.966796875
6883.9326171875
6847.392578125
6809.4365234375
6771.67041015625
6735.79638671875
6699.5234375
6665.22119140625
6630.83056640625
6598.61767578125
6570.35400390625
6538.787109375
6507.857421875
6475.64404296875
6444.6005859375
6413.10986328125
6382.09130859375
6352.56396484375
6322.71142578125
6295.16357421875
6267.453125
