20000.0
20000.0
20000.0
20000.0
20000.0
20000.0
20000.0
20000.0
20000.0
20000.0
20000.0
20000.0
20000.0
20000.0
20000.0
20000.0
20000.0
20000.0
20000.0
20000.0
20000.0
20000.0
20000.0
20000.013671875
20000.001953125
19999.697265625
20000.0
20000.0
20000.0
20000.0
20000.0
20000.0078125
20000.0
20000.0
20000.0
20000.0
20000.0
20000.0
20000.0
20000.0
20000.0
20000.0
20000.0
20000.0
20000.0
20000.0
20000.0
20000.0
20000.0
19355.794921875
18401.009765625
17688.306640625
17097.392578125
16599.650390625
16192.478515625
15771.10546875
15388.92578125
15024.9921875
14700.3271484375
14385.6591796875
14090.296875
13818.5751953125
13551.8291015625
13306.13671875
13064.853515625
12835.2431640625
12637.1455078125
12426.9814453125
12232.162109375
12039.546875
11860.4150390625
11682.896484375
11510.587890625
11348.767578125
11186.1826171875
11033.224609375
10876.8408203125
10725.1025390625
10591.8896484375
10448.2734375
10311.52734375
10171.8310546875
10036.154296875
9891.1806640625
9740.9208984375
9594.6357421875
9445.8447265625
9311.0986328125
9182.904296875
9059.74609375
8955.634765625
8845.6015625
8739.931640625
8604.5380859375
8425.642578125
8244.0830078125
8074.8505859375
7922.0712890625
7773.74951171875
7639.599609375
7510.14404296875
7388.794921875
7284.76318359375
7175.7373046875
7075.8955078125
6978.2333984375
6887.89404296875
6795.68359375
6706.02001953125
6622.94189453125
6540.564453125
6463.82958984375
6387.47265625
6313.86181640625
6249.3310546875
6179.2333984375
6112.5244140625
6044.6416015625
5979.05029296875
5911.1611328125
5843.4951171875
5778.28564453125
5711.12939453125
5646.4228515625
5580.56787109375
