20000.0
20000.0
20000.0
20000.0
20000.0
20000.0
20000.0
20000.0
20000.0
20000.0
20000.0
20000.0
20000.0
20000.0
20000.0
20000.0
20000.0
20000.0
20000.0
20000.0
20000.0
20000.0
20000.0
20000.0
20000.0
20000.0
20000.0
20000.0
19999.71484375
19999.62890625
20000.0
20000.0
20000.0
20000.0
19999.3359375
20000.0
20000.0
19648.435546875
19132.486328125
18706.458984375
18331.775390625
17952.484375
17550.0078125
17137.876953125
16788.458984375
16430.123046875
16077.4375
15733.888671875
15415.69140625
15127.578125
14846.123046875
14584.310546875
14325.3525390625
14080.6337890625
13870.47265625
13649.3759765625
13438.8896484375
13229.46484375
13036.8505859375
12847.548828125
12666.2216796875
12454.1875
12226.7470703125
12046.5234375
11876.2529296875
11715.4228515625
11577.017578125
11430.173828125
11293.4892578125
11156.732421875
11026.5068359375
10895.44921875
10776.794921875
10666.98828125
10566.51171875
10472.044921875
10377.078125
10285.0126953125
10203.671875
10115.8154296875
10033.4287109375
9954.9326171875
9873.759765625
9781.306640625
9687.087890625
9599.416015625
9514.2353515625
9437.0693359375
9361.6435546875
9281.2919921875
9208.90625
9125.7412109375
9045.326171875
8965.1953125
8890.029296875
8814.427734375
8737.76171875
8661.91015625
8585.0888671875
8514.53515625
8446.943359375
8384.7998046875
8332.1953125
8276.7001953125
8224.6337890625
8171.3642578125
8120.0009765625
8065.72314453125
8010.1328125
7955.90380859375
7899.8349609375
7845.79150390625
7791.44677734375
7738.37060546875
7690.7265625
7640.14453125
7592.8671875
7545.66064453125
7500.9052734375
7454.69482421875
7407.6884765625
7360.748046875
7311.36328125
7262.57421875
7211.64208984375
