20000.0
20000.0
20000.0
20000.0
20000.0
20000.0
20000.0
20000.0
20000.0
20000.0
20000.0
20000.0
20000.0
20000.0
20000.0
20000.0
20000.0
20000.0
20000.0
19999.99609375
19999.99609375
19999.998046875
20000.0
20000.0
20000.0
20000.0
19999.9921875
19999.978515625
20000.0
20000.0
20000.0
20000.0
19999.998046875
20000.0
20000.0
20000.0
20000.0
19415.51953125
18332.458984375
17454.26171875
16676.5859375
15963.697265625
15334.81640625
14778.341796875
14058.6396484375
13527.630859375
13043.0068359375
12600.43359375
12163.4267578125
11783.873046875
11436.1650390625
11083.521484375
10760.2138671875
10461.1728515625
10196.6640625
9939.5380859375
9701.0087890625
9497.3251953125
9275.8427734375
9067.02734375
8864.4599609375
8676.67578125
8487.7177734375
8310.5986328125
8136.47900390625
7962.03466796875
7800.70263671875
7639.00244140625
7481.73291015625
7346.28857421875
7200.84765625
7065.92626953125
6929.91162109375
6799.16015625
6663.28125
6532.73779296875
6411.2275390625
6289.2607421875
6170.79736328125
6041.23828125
5915.2412109375
5804.9580078125
5695.03076171875
5592.82763671875
5495.29736328125
5418.84375
5345.3984375
5258.64013671875
5150.666015625
5039.25048828125
4938.14990234375
4843.8857421875
4763.29736328125
4695.94287109375
4628.5546875
4567.923828125
4508.7333984375
4454.41357421875
4400.85009765625
4350.5205078125
4304.392578125
4259.044921875
4216.91162109375
4174.8310546875
4134.00537109375
4098.07177734375
4059.217041015625
4022.351318359375
3984.9677734375
3948.897216796875
3912.057861328125
3876.121337890625
3842.20263671875
3806.976806640625
3772.0888671875
3735.0439453125
3697.220458984375
3663.05859375
3626.1259765625
3591.121826171875
3555.549560546875
3521.619384765625
3487.093017578125
3453.108154296875
3420.75244140625
3387.686279296875
3355.91064453125
3323.25390625
