20000.0
20000.0
20000.0
20000.0
20000.0
20000.0
20000.0
20000.0
20000.0
20000.0
20000.0
20000.0
20000.0
20000.0
20000.0
20000.0
20000.0
20000.0
20000.0
20000.0
20000.0
20000.0
19999.98828125
19999.998046875
20000.0
20000.0
20000.0
20000.0
20000.0
20000.0
19999.970703125
19403.451171875
18583.412109375
17859.048828125
16909.927734375
16199.3955078125
15605.1572265625
15053.4716796875
14625.439453125
14247.3974609375
13770.6044921875
13356.0400390625
12907.3779296875
12536.3037109375
12205.0712890625
11926.4150390625
11656.85546875
11415.9921875
11202.3486328125
10990.337890625
10790.1396484375
10589.611328125
10399.103515625
10237.375
10068.287109375
9909.892578125
9740.8486328125
9582.1845703125
9420.4765625
9265.208984375
9121.2685546875
8978.251953125
8843.6962890625
8706.29296875
8571.9951171875
8454.35546875
8327.7978515625
8208.92578125
8091.4853515625
7984.6416015625
7877.41064453125
7772.1611328125
7674.09326171875
7577.07861328125
7487.58544921875
7399.5546875
7315.6376953125
7243.0234375
7164.88623046875
7092.8251953125
7020.80615234375
6953.67724609375
6886.5419921875
6822.5732421875
6763.20849609375
6703.646484375
6647.70068359375
6591.7421875
6537.43701171875
6489.640625
6438.12353515625
6389.4248046875
6340.27099609375
6293.8154296875
6246.7705078125
6200.81005859375
6157.23046875
6112.83935546875
6071.0263671875
6028.50634765625
5986.880859375
5949.80810546875
5909.66064453125
5871.591796875
5832.98681640625
5796.2724609375
5758.82568359375
5721.8623046875
5686.42724609375
5650.2041015625
5615.40966796875
5579.880859375
5544.7900390625
5514.09130859375
5479.77001953125
5446.7216796875
5410.4326171875
5374.591796875
5337.7412109375
5301.42041015625
5266.798828125
5232.025390625
5199.04296875
5165.46044921875
