20000.0
20000.0
20000.0
20000.0
20000.0
20000.0
20000.0
20000.0
20000.0
20000.0
20000.0
20000.0
20000.0
20000.0
20000.0
20000.0
20000.0
20000.0
20000.0
20000.0
20000.0
20000.0
20000.0
20000.0
19999.90625
20000.005859375
19999.8203125
20000.0
19999.998046875
20000.0
19999.99609375
20000.0
20000.0
20000.0
20000.001953125
19999.966796875
20000.0
20000.0
20000.0
20000.0
20000.0
19999.998046875
20000.0
20000.0
20000.0
19764.162109375
19102.181640625
18445.490234375
17885.494140625
17161.61328125
16563.740234375
16109.36328125
15623.1767578125
15156.388671875
14787.5009765625
14397.0673828125
14050.90625
13730.2548828125
13458.017578125
13206.2119140625
12980.2578125
12777.8408203125
12595.6240234375
12428.546875
12262.5166015625
12100.7470703125
11957.5810546875
11807.5634765625
11669.97265625
11534.62109375
11409.060546875
11284.6083984375
11166.1259765625
11057.939453125
10952.5654296875
10853.599609375
10754.2744140625
10658.0791015625
10573.453125
10483.3486328125
10399.869140625
10316.5654296875
10239.111328125
10161.7080078125
10087.1689453125
10021.0703125
9951.0615234375
9882.8427734375
9812.87890625
9744.162109375
9683.31640625
9617.865234375
9556.4375
9494.2265625
9435.2421875
9375.76953125
9317.455078125
9262.12109375
9205.5537109375
9151.302734375
9093.6318359375
9035.6220703125
8983.9287109375
8927.0693359375
8872.5693359375
8816.482421875
8762.01171875
8706.0556640625
8649.77734375
8594.68359375
8538.37109375
8483.97265625
8427.3759765625
8370.302734375
8318.255859375
8259.3818359375
8197.638671875
8132.37255859375
8067.599609375
7998.47412109375
7922.72412109375
7838.1875
7745.69189453125
7656.6806640625
7570.931640625
