20000.0
20000.0
20000.0
20000.0
20000.0
20000.0
20000.0
20000.0
20000.0
20000.0
20000.0
20000.0
20000.0
20000.0
20000.0
20000.0
20000.0
20000.0
20000.0
20000.0
20000.0
20000.0
20000.0
19999.998046875
19999.998046875
20000.0
20000.0
20000.0
20000.0
20000.0
20000.0
20000.0
20000.0
19999.998046875
20000.0
19999.998046875
20000.0
20000.0
20000.0
19999.861328125
20000.0
20000.0
19435.7109375
18860.55078125
18237.943359375
17582.212890625
16968.166015625
16480.291015625
16026.6025390625
15580.3681640625
15192.04296875
14811.0419921875
14440.4423828125
14105.9267578125
13748.126953125
13420.3271484375
13097.037109375
12791.8544921875
12487.056640625
12231.9443359375
12006.478515625
11783.453125
11571.5029296875
11350.1259765625
11130.5625
10935.8388671875
10722.1357421875
10517.0673828125
10315.244140625
10121.703125
9912.8037109375
9700.2216796875
9500.537109375
9305.4521484375
9115.0546875
8924.705078125
8742.8408203125
8589.32421875
8422.9765625
8261.255859375
8112.25927734375
7966.12744140625
7813.62109375
7658.22216796875
7513.39599609375
7372.6494140625
7244.45703125
7117.4189453125
6993.541015625
6884.345703125
6767.0380859375
6651.2021484375
6525.1240234375
6410.1484375
6301.13671875
6200.3154296875
6108.41015625
6016.9765625
5930.37548828125
5843.677734375
5759.97265625
5687.63818359375
5611.1474609375
5541.05712890625
5472.9794921875
5410.89306640625
5350.44677734375
5293.00390625
5239.9033203125
5187.2197265625
5138.21826171875
5089.55419921875
5042.76220703125
5002.189453125
4958.513671875
4917.509765625
4875.7734375
4836.9912109375
4798.59130859375
4762.68408203125
4729.08203125
4695.2333984375
4663.353515625
4631.37744140625
