20000.0
20000.0
20000.0
20000.0
20000.0
20000.0
20000.0
20000.0
20000.0
20000.0
20000.0
20000.0
20000.0
20000.0
20000.0
20000.0
20000.0
20000.0
20000.0
20000.0
20000.0
20000.0
20000.0
19999.97265625
19999.984375
20000.0
20000.0
20000.0
20000.0
19999.96875
20000.0
20000.0
20000.0
20000.0
20000.0
20000.0
20000.0
20000.0
20000.0
20000.0
20000.0
20000.0
20000.0
20000.0
20000.0
20000.0
20000.0
19999.998046875
20000.0
20000.0
20000.0
19410.548828125
18445.716796875
17751.638671875
17150.34765625
16647.708984375
16171.8125
15743.337890625
15326.220703125
14927.833984375
14561.5439453125
14204.115234375
13882.0458984375
13570.388671875
13278.29296875
13028.2490234375
12764.5185546875
12523.0849609375
12286.888671875
12070.58203125
11856.3388671875
11652.5244140625
11465.224609375
11279.908203125
11107.6640625
10936.6630859375
10772.3583984375
10629.119140625
10476.1748046875
10333.62109375
10191.6455078125
10058.7236328125
9926.05078125
9797.25390625
9675.8115234375
9558.2939453125
9445.9765625
9331.65234375
9217.8603515625
9116.7255859375
9007.0576171875
8903.55078125
8799.474609375
8701.0849609375
8601.4560546875
8503.5869140625
8410.537109375
8315.9755859375
8226.1201171875
8134.509765625
8044.3271484375
7962.08349609375
7869.81396484375
7780.86669921875
7692.12646484375
7608.4091796875
7522.9404296875
7438.5654296875
7357.87109375
7275.24755859375
7197.92041015625
7121.66259765625
7046.6630859375
6979.568359375
6905.58447265625
6833.54443359375
6760.4404296875
6691.64013671875
6622.88330078125
6556.58251953125
6496.1220703125
6439.34130859375
6386.28369140625
6332.62255859375
