20000.0
20000.0
20000.0
20000.0
20000.0
20000.0
20000.0
20000.0
20000.0
20000.0
20000.0
20000.0
20000.0
20000.0
20000.0
20000.0
20000.0
20000.0
20000.0
20000.0
20000.0
20000.0
20000.0
20000.0
20000.0
20000.0
20000.0
20000.0
20000.0
20000.0
19999.99609375
20000.0
20000.0
20000.0
20000.0
19999.998046875
20000.0
20000.0
20000.0
20000.0
20000.0
20000.0
20000.0
19999.994140625
20000.0
20000.0
20000.0
19673.4140625
19245.37890625
18793.22265625
18354.8984375
17901.041015625
17453.4140625
17056.673828125
16630.248046875
16223.009765625
15810.703125
15433.56640625
15038.6826171875
14655.31640625
14294.3486328125
13931.107421875
13596.138671875
13270.498046875
12964.478515625
12702.9638671875
12428.708984375
12175.6279296875
11923.08203125
11689.1513671875
11470.4541015625
11286.47265625
11115.013671875
10940.955078125
10768.8916015625
10559.7666015625
10379.0810546875
10225.451171875
10062.412109375
9911.3818359375
9758.91015625
9614.4658203125
9466.8115234375
9320.20703125
9181.787109375
9047.7470703125
8923.4189453125
8802.4931640625
8688.0478515625
8588.9013671875
8468.2939453125
8341.57421875
8209.6845703125
8082.97216796875
7961.73681640625
7851.6005859375
7753.35693359375
7654.41943359375
7556.50439453125
7454.35400390625
7355.662109375
7270.0517578125
7178.3505859375
7091.810546875
7006.28466796875
6924.15380859375
6840.80078125
6758.61669921875
6680.05126953125
6600.14697265625
6524.7099609375
6449.00244140625
6371.498046875
6296.44482421875
6213.08642578125
6134.513671875
6055.7822265625
5981.5400390625
5906.451171875
5832.70556640625
5763.220703125
5693.57568359375
5627.65087890625
5560.18896484375
