20000.0
20000.0
20000.0
19999.998046875
20000.0
20000.0
20000.0
20000.0
20000.0
20000.0
20000.0
20000.0
20000.0
20000.0
20000.0
20000.0
20000.0
20000.0
20000.0
20000.0
20000.0
20000.0
19999.751953125
19999.833984375
19999.8984375
19999.978515625
20000.0
20000.0
19999.998046875
20000.0
19803.240234375
18959.9609375
18236.814453125
17602.7265625
17020.927734375
16496.603515625
16030.9287109375
15585.7548828125
15187.2265625
14805.255859375
14448.791015625
14143.3212890625
13820.3701171875
13523.0693359375
13233.1123046875
12968.75390625
12715.72265625
12476.669921875
12253.3466796875
12032.25
11829.2646484375
11628.03125
11432.91796875
11281.0595703125
11068.8125
10894.0283203125
10732.46875
10585.1904296875
10440.2216796875
10303.5908203125
10178.5234375
10059.6201171875
9954.916015625
9859.3828125
9766.0712890625
9683.923828125
9596.3876953125
9510.1044921875
9402.5244140625
9277.51953125
9166.1494140625
9075.5849609375
9000.1708984375
8930.25
8863.0712890625
8792.65234375
8718.0615234375
8652.64453125
8581.365234375
8511.974609375
8441.0810546875
8375.9345703125
8313.0234375
8252.8515625
8196.1396484375
8140.45703125
8090.2470703125
8041.779296875
7995.21044921875
7954.0185546875
7908.1484375
7864.4970703125
7820.0224609375
7777.3603515625
7733.93408203125
7691.46630859375
7651.41015625
7610.619140625
7571.63525390625
7531.5986328125
7491.5126953125
7455.521484375
7416.47265625
7381.10791015625
7345.8017578125
7312.01171875
7277.07421875
7242.10791015625
7208.39794921875
7173.5986328125
7139.9892578125
7105.388671875
7070.92138671875
7039.83203125
7005.583984375
6973.06689453125
6939.7265625
6908.76806640625
6877.13916015625
6845.642578125
6814.388671875
6781.3701171875
6749.20654296875
6715.80029296875
