20000.0
20000.0
20000.0
20000.0
20000.0
20000.0
20000.0
20000.0
20000.0
20000.0
20000.0
20000.0
20000.0
20000.0
20000.0
20000.0
19999.99609375
20000.0
20000.0
20000.0
20000.0
19999.998046875
20000.0
20000.0
20000.0
18952.185546875
18030.171875
17182.08203125
16250.5732421875
15510.8203125
14862.71484375
14293.66015625
13822.27734375
13408.23046875
12882.7275390625
12421.40234375
12059.6689453125
11702.0634765625
11406.951171875
11127.52734375
10852.0693359375
10619.6357421875
10388.98828125
10187.94140625
9995.9326171875
9825.8212890625
9668.7744140625
9518.95703125
9379.71484375
9234.810546875
9096.7880859375
8962.8046875
8837.62890625
8732.4013671875
8624.8974609375
8524.7373046875
8424.498046875
8331.736328125
8240.1484375
8152.3203125
8070.9443359375
7990.52978515625
7916.16845703125
7842.93359375
7773.115234375
7712.70703125
7648.8876953125
7589.64697265625
7530.8759765625
7476.0390625
7420.23486328125
7366.04052734375
7315.43212890625
7264.01513671875
7214.59228515625
7164.50830078125
7115.0126953125
7070.39404296875
7020.41943359375
6971.76953125
6917.15478515625
6863.1171875
6806.94384765625
6750.93017578125
6696.67578125
6640.5673828125
6586.85986328125
6532.771484375
6479.0732421875
6430.34423828125
6376.0966796875
6323.1328125
6268.29052734375
6215.37841796875
6161.17138671875
6107.15869140625
6055.19970703125
6001.82666015625
5950.99853515625
5898.84033203125
5846.9912109375
5799.6328125
5751.03515625
5702.826171875
5651.2158203125
5600.36865234375
5547.26123046875
5493.783203125
5441.7626953125
5386.2470703125
5329.23388671875
5269.7392578125
5210.63916015625
5157.611328125
5099.60498046875
5044.06591796875
4991.5556640625
4942.5185546875
4891.68212890625
4840.37939453125
4790.78759765625
4741.64501953125
4698.97412109375
4658.49658203125
