20000.0
20000.0
20000.0
20000.0
19843.279296875
19597.880859375
19649.78515625
20000.0
20000.0
20000.0
20000.0
20000.0
20000.0
20000.0
20000.0
20000.0
20000.0
20000.0
20000.0
20000.0
20000.0
20000.0
20000.0
20000.0
20000.0
20000.0
20000.0
20000.0
20000.0
20000.0
19479.197265625
18641.712890625
17957.556640625
17382.939453125
16949.435546875
16567.931640625
16216.1865234375
15910.2236328125
15621.13671875
15363.2451171875
15118.0390625
14890.4248046875
14699.5283203125
14508.72265625
14325.1083984375
14131.9873046875
13948.0234375
13766.0947265625
13590.90625
13424.1064453125
13258.83984375
13107.330078125
12955.23046875
12802.5654296875
12663.052734375
12507.21484375
12357.7578125
12205.13671875
12055.5517578125
11894.3095703125
11735.06640625
11584.4384765625
11432.50390625
11287.11328125
11140.142578125
10998.0517578125
10867.490234375
10722.6337890625
10583.818359375
10438.5166015625
10300.22265625
10158.2275390625
10013.748046875
9877.7783203125
9746.8837890625
9627.0380859375
9502.9453125
9379.826171875
9270.021484375
9157.59375
9069.3408203125
8979.87890625
8894.349609375
8806.1318359375
8717.9326171875
8632.8623046875
8545.56640625
8461.830078125
8376.5625
8290.2021484375
8212.8017578125
8128.7646484375
8049.18115234375
7967.17822265625
7888.4814453125
7808.53173828125
7730.54736328125
7656.53564453125
7576.10498046875
7499.90234375
7423.8408203125
7349.53857421875
7284.00048828125
7213.67138671875
7147.5732421875
7081.041015625
7017.994140625
6954.015625
6891.205078125
6832.4306640625
6773.59912109375
6718.1015625
6662.06640625
6607.23388671875
6558.61865234375
6505.83154296875
6455.666015625
6404.73193359375
6356.26953125
6307.15087890625
6260.9296875
6216.7607421875
6171.748046875
6130.3095703125
6089.3125
