20000.0
20000.0
20000.0
20000.0
20000.0
20000.0
20000.0
20000.0
20000.0
20000.0
20000.0
20000.0
20000.0
20000.0
20000.0
20000.0
20000.0
20000.0
20000.0
20000.0
20000.0
19997.265625
19999.83984375
19999.76953125
19999.748046875
19999.998046875
19999.99609375
20000.0
20000.0
20000.0
19999.998046875
19999.990234375
20000.0
20000.0
20000.0
20000.0
20000.0
19999.998046875
20000.0
20000.0
20000.0
20000.0
20000.0
19693.771484375
19074.25390625
18511.8828125
17972.203125
17475.388671875
17002.306640625
16585.08984375
16165.12109375
15590.90625
15087.0166015625
14725.4873046875
14367.3740234375
14041.2236328125
13683.1611328125
13305.6474609375
12914.6689453125
12556.201171875
12228.5380859375
11933.845703125
11671.2978515625
11424.232421875
11190.55859375
10981.0439453125
10751.47265625
10537.4814453125
10322.5703125
10122.6015625
9916.7724609375
9711.1826171875
9514.1064453125
9314.6669921875
9129.447265625
8945.201171875
8755.4228515625
8580.251953125
8372.2890625
8174.17578125
7989.16943359375
7817.091796875
7646.4580078125
7487.72216796875
7338.052734375
7183.1201171875
7037.04736328125
6889.634765625
6750.9892578125
6633.591796875
6509.46728515625
6397.755859375
6287.55419921875
6184.3466796875
6081.2587890625
5981.994140625
5889.40966796875
5797.6552734375
5703.28369140625
5593.2626953125
5486.42578125
5395.0986328125
5300.3115234375
5214.30517578125
5130.9892578125
5054.95849609375
4981.36279296875
4915.41552734375
4853.1513671875
4792.42919921875
4737.15771484375
4682.44677734375
4629.603515625
4583.29296875
4533.5654296875
4486.95703125
4440.38134765625
4396.67333984375
4353.03125
4310.46533203125
4270.41064453125
4229.951171875
4191.6748046875
4153.13330078125
