20000.0
20000.0
20000.0
20000.0
20000.0
20000.0
20000.0
20000.0
20000.0
20000.0
20000.0
20000.0
20000.0
20000.0
20000.0
20000.0
20000.0
20000.0
20000.0
20000.0
20000.0
20000.0
20000.0
20000.0
20000.0
19999.931640625
20000.0
20000.0
20000.0
19999.99609375
20000.0
19628.55859375
19303.892578125
19030.8359375
18583.0546875
18153.640625
17683.07421875
17264.19921875
16881.552734375
16544.013671875
16212.693359375
15901.5341796875
15638.392578125
15374.453125
15142.7900390625
14921.54296875
14715.673828125
14489.4931640625
14252.13671875
14022.3251953125
13791.08203125
13577.2783203125
13363.8212890625
13164.8916015625
12998.7275390625
12830.4111328125
12678.140625
12529.7197265625
12377.4853515625
12219.24609375
12073.2158203125
11941.0830078125
11811.5634765625
11691.4609375
11568.951171875
11445.8662109375
11338.2158203125
11222.6826171875
11106.06640625
10988.306640625
10877.2998046875
10764.560546875
10653.20703125
10544.4921875
10428.6796875
10321.1142578125
10216.5322265625
10116.91015625
10030.6015625
9939.3759765625
9854.5712890625
9770.2333984375
9694.609375
9627.7890625
9565.5419921875
9507.9140625
9450.208984375
9395.96484375
9340.7841796875
9287.2041015625
9238.322265625
9185.89453125
9138.083984375
9085.1435546875
9030.93359375
8974.466796875
8919.1953125
8866.548828125
8811.8125
8760.0927734375
8707.9794921875
8656.1748046875
8608.2080078125
8553.78125
8501.443359375
8449.5634765625
8403.58203125
8359.044921875
8315.3828125
8273.56640625
8230.849609375
8189.35400390625
8144.310546875
8100.13671875
8061.3974609375
8019.37255859375
7980.365234375
7940.3046875
7901.8447265625
7862.13232421875
7822.578125
7784.25146484375
7744.4912109375
7705.83642578125
7665.53955078125
