20000.0
18820.255859375
17652.4453125
16901.724609375
16460.470703125
16462.248046875
16899.70703125
17415.181640625
17953.359375
18451.583984375
18928.8984375
19371.0078125
19767.640625
20000.0
20000.0
20000.0
19999.873046875
19997.642578125
20000.0
19354.388671875
17435.361328125
15856.1728515625
14755.4189453125
13873.9599609375
13112.6494140625
12436.0126953125
11919.1328125
11469.533203125
11073.732421875
10749.5
10418.3515625
10127.60546875
9853.1875
9607.1591796875
9351.525390625
9106.4296875
8892.1337890625
8693.568359375
8518.0791015625
8386.0732421875
8273.9970703125
8178.7900390625
8078.9248046875
7988.07177734375
7899.662109375
7816.21630859375
7734.09228515625
7659.1123046875
7591.88818359375
7524.5478515625
7460.4501953125
7395.85546875
7332.25244140625
7275.7880859375
7214.69140625
7156.98486328125
7098.71240234375
7043.7041015625
6987.93701171875
6933.8017578125
6883.34326171875
6834.02783203125
6788.716796875
6744.03955078125
6701.27099609375
6664.1025390625
6623.06494140625
6584.27392578125
6545.42138671875
6508.96728515625
6473.5029296875
6439.9521484375
6406.091796875
6370.01904296875
6335.3203125
6300.07421875
6265.41796875
6234.42626953125
6197.4267578125
6156.49755859375
6112.416015625
6069.9267578125
6027.5458984375
5986.642578125
5948.94677734375
5911.26513671875
5875.66943359375
5839.7568359375
5804.65185546875
5773.57080078125
5739.93017578125
5708.14892578125
5676.0927734375
5645.853515625
5615.4267578125
5585.7734375
5557.79150390625
5529.65234375
5503.06298828125
5476.17822265625
5449.84521484375
5426.443359375
5401.00244140625
5376.73876953125
5351.87548828125
5327.751953125
5303.34130859375
5279.5966796875
5257.24609375
5234.68603515625
5213.31396484375
5191.63525390625
5170.4033203125
5151.57861328125
5131.14404296875
5111.75537109375
5092.09228515625
5073.39501953125
5054.439453125
5035.8037109375
5018.130859375
5000.16845703125
4983.09228515625
4965.75537109375
