20000.0
20000.0
20000.0
19999.986328125
19999.998046875
20000.0
20000.0
20000.0
20000.0
20000.0
20000.0
20000.0
20000.0
20000.0
20000.0
20000.0
20000.0
20000.0
20000.0
20000.0
19996.07421875
19997.69140625
19999.921875
20000.0
20000.0
20000.0
20000.0
20000.0
19412.611328125
18619.5703125
17811.775390625
17130.587890625
16524.62109375
16010.705078125
15528.5400390625
15093.3134765625
14709.330078125
14344.7568359375
14017.666015625
13702.1376953125
13406.958984375
13150.0107421875
12877.078125
12624.0048828125
12376.03515625
12150.57421875
11928.423828125
11714.6962890625
11516.3759765625
11321.4599609375
11154.6875
10998.966796875
10851.5439453125
10733.7626953125
10612.396484375
10496.712890625
10380.1328125
10270.7705078125
10150.2060546875
10030.1640625
9919.2158203125
9811.4140625
9712.685546875
9608.861328125
9479.2939453125
9380.5166015625
9282.7587890625
9193.9912109375
9106.3388671875
9025.5556640625
8945.86328125
8867.1884765625
8797.4638671875
8731.2578125
8667.966796875
8601.3583984375
8539.447265625
8486.654296875
8430.3603515625
8370.873046875
8306.755859375
8246.111328125
8180.04248046875
8120.947265625
8071.271484375
8025.7177734375
7980.55126953125
7931.9169921875
7884.24755859375
7842.57958984375
7797.99658203125
7754.58154296875
7711.6357421875
7670.71142578125
7625.009765625
7578.93603515625
7535.15283203125
7490.431640625
7447.93798828125
7406.515625
7367.7919921875
7334.328125
7300.32861328125
7268.60498046875
7235.44970703125
7203.06494140625
7170.0517578125
7135.74951171875
7100.3720703125
7062.2412109375
7024.20458984375
6982.8857421875
6940.7216796875
6901.9580078125
6858.509765625
6817.0498046875
6775.3525390625
6736.2724609375
6696.794921875
6658.509765625
6623.34619140625
6581.51806640625
6537.19580078125
6488.46240234375
