20000.0
20000.0
20000.0
20000.0
20000.0
20000.0
20000.0
20000.0
20000.0
20000.0
20000.0
20000.0
20000.0
20000.0
20000.0
20000.0
20000.0
20000.0
20000.0
20000.0
20000.0
20000.0
20000.0
20000.0
20000.0
20000.0
20000.0
20000.0
19999.853515625
20000.0
20000.0
19999.96484375
20000.0
20000.0
20000.0
20000.0
20000.0
19999.998046875
20000.0
20000.0
20000.001953125
20000.0
20000.0
20000.0
20000.0
20000.0
20000.0
20000.0
20000.0
20000.0
19999.9921875
20000.0
19875.0078125
19063.5078125
18506.365234375
17966.4296875
17473.275390625
16994.0625
16608.033203125
16232.630859375
15722.6318359375
15321.5078125
15005.818359375
14718.599609375
14405.478515625
14077.7353515625
13806.0927734375
13539.046875
13307.5537109375
13088.70703125
12895.6650390625
12701.4189453125
12511.693359375
12334.744140625
12171.7587890625
12024.6748046875
11889.83984375
11768.537109375
11663.140625
11553.84765625
11455.5341796875
11360.7734375
11274.2109375
11188.8857421875
11107.55859375
11030.6845703125
10950.9638671875
10875.8486328125
10799.90625
10725.4150390625
10659.3876953125
10588.046875
10520.5390625
10452.60546875
10387.015625
10319.0146484375
10249.8857421875
10182.3798828125
10111.4013671875
10041.8515625
9964.2041015625
9882.36328125
9805.66796875
9717.3046875
9629.1337890625
9536.0166015625
9444.54296875
9347.751953125
9248.9462890625
9153.76171875
9054.3115234375
8954.884765625
8852.2724609375
8745.7470703125
8646.1494140625
8532.2529296875
8420.38671875
8304.544921875
8194.5234375
8082.60400390625
7974.447265625
7874.8310546875
7778.6708984375
7696.20166015625
7610.025390625
