20000.0
20000.0
20000.0
20000.0
20000.0
20000.0
20000.0
20000.0
20000.0
20000.0
20000.0
20000.0
20000.0
20000.0
20000.0
20000.0
20000.0
20000.0
20000.0
20000.0
20000.0
20000.0
19999.998046875
19999.998046875
20000.0
19999.9765625
20000.0
20000.0
19999.99609375
20000.0
19999.986328125
20000.0
20000.0
20000.0
20000.0
20000.0
20000.0
19999.998046875
19931.900390625
19520.072265625
19133.560546875
18782.6484375
18374.80859375
18018.642578125
17679.95703125
17367.3671875
17053.568359375
16748.615234375
16459.1953125
16149.9814453125
15850.44921875
15552.3115234375
15269.7705078125
15016.5146484375
14742.134765625
14486.9765625
14233.390625
13993.990234375
13744.552734375
13494.056640625
13250.3271484375
12989.36328125
12729.890625
12469.8125
12211.447265625
11989.15234375
11756.6865234375
11541.8974609375
11330.595703125
11137.7919921875
10950.3896484375
10772.283203125
10608.3193359375
10448.671875
10320.4755859375
10193.9892578125
10079.27734375
9974.283203125
9859.2158203125
9751.6455078125
9645.1611328125
9544.4130859375
9442.9404296875
9346.0107421875
9256.2841796875
9167.703125
9085.9501953125
9004.197265625
8915.4208984375
8828.224609375
8728.22265625
8632.0693359375
8535.3662109375
8444.62109375
8354.017578125
8266.7666015625
8185.5966796875
8105.32763671875
8031.00390625
7957.57958984375
7887.5439453125
7826.892578125
7761.0830078125
7695.8037109375
7623.09423828125
7544.73681640625
7466.2802734375
7393.2919921875
7327.40234375
7264.287109375
7203.2900390625
7141.19091796875
7078.38525390625
7010.8388671875
6946.82861328125
6890.33447265625
6835.7275390625
6784.94873046875
6733.22802734375
6675.2548828125
6612.314453125
6551.60107421875
6497.96484375
6444.72119140625
