20000.0
20000.0
20000.0
20000.0
20000.0
20000.0
20000.0
20000.0
20000.0
20000.0
20000.0
20000.0
20000.0
20000.0
20000.0
20000.0
20000.0
20000.0
20000.0
20000.0
20000.0
20000.0
20000.001953125
20000.0
20000.0
20000.0
20000.0
20000.0
20000.0
20000.0
20000.0
20000.0
20000.0
20000.0
20000.0
20000.0
19337.142578125
18496.140625
17597.84765625
16927.19921875
16329.0400390625
15787.58203125
15396.5146484375
14991.994140625
14487.216796875
13972.5400390625
13603.2900390625
13215.6064453125
12860.2001953125
12543.48046875
12233.396484375
11973.6689453125
11741.6982421875
11536.2939453125
11365.78125
11192.0966796875
11037.853515625
10888.810546875
10740.2587890625
10591.3544921875
10453.2529296875
10332.9267578125
10217.0283203125
10110.837890625
10006.453125
9906.3388671875
9818.3984375
9724.71484375
9637.37890625
9550.662109375
9469.6142578125
9387.7509765625
9307.8095703125
9232.0595703125
9155.1923828125
9076.2978515625
8993.841796875
8912.3759765625
8839.7939453125
8759.9873046875
8683.55859375
8604.8916015625
8528.5869140625
8446.876953125
8360.0
8272.376953125
8177.25634765625
8082.21435546875
7981.82958984375
7880.14892578125
7783.5166015625
7675.65576171875
7572.25634765625
7465.93798828125
7363.8876953125
7259.0859375
7155.3466796875
7056.048828125
6955.2041015625
6876.67431640625
6791.6474609375
6702.3466796875
6621.1611328125
6531.830078125
6446.7529296875
6361.0703125
6279.66162109375
6197.609375
6116.3681640625
6039.58544921875
5962.33642578125
5888.9091796875
5815.7744140625
5745.3486328125
5682.45361328125
5611.267578125
5542.41357421875
5473.458984375
5409.07275390625
5343.71142578125
5280.36865234375
5220.79541015625
5160.71875
5103.818359375
5046.25537109375
