20000.0
20000.0
20000.0
20000.0
20000.0
20000.0
20000.0
20000.0
20000.0
20000.0
20000.0
20000.0
20000.0
20000.0
20000.0
20000.0
20000.0
20000.0
20000.0
20000.0
20000.0
20000.0
20000.0
20000.00390625
19999.966796875
19999.84375
19999.884765625
20000.0
19999.998046875
20000.0
20000.0
19999.99609375
19932.740234375
19273.330078125
18674.484375
18164.140625
17738.232421875
17339.65234375
16943.392578125
16562.31640625
16197.61328125
15856.013671875
15497.2939453125
15186.607421875
14888.6943359375
14605.3828125
14323.994140625
14056.3544921875
13797.0166015625
13490.111328125
13195.013671875
12944.658203125
12716.67578125
12521.685546875
12317.232421875
12129.9912109375
11946.9345703125
11779.0458984375
11613.4296875
11450.2158203125
11297.044921875
11151.4560546875
11027.3974609375
10912.6376953125
10803.9365234375
10712.2568359375
10601.5107421875
10494.6875
10376.455078125
10253.4248046875
10135.1767578125
10029.474609375
9939.0966796875
9854.95703125
9775.017578125
9685.927734375
9593.9404296875
9511.615234375
9424.7880859375
9345.7373046875
9267.591796875
9193.140625
9115.896484375
9039.54296875
8966.75390625
8892.953125
8822.6064453125
8752.0068359375
8684.912109375
8627.81640625
8568.333984375
8512.8994140625
8454.306640625
8398.0068359375
8340.5732421875
8284.603515625
8231.8935546875
8178.162109375
8127.23583984375
8076.09033203125
8026.3935546875
7982.72021484375
7934.8037109375
7888.49462890625
7840.220703125
7793.08984375
7743.92529296875
7694.619140625
7647.119140625
7598.90185546875
7553.0166015625
7505.87939453125
7458.0390625
7414.443359375
7365.89599609375
7318.9267578125
7270.56591796875
7223.99755859375
7176.205078125
7128.66015625
7083.0615234375
7035.9501953125
6990.1875
6943.06982421875
