20000.0
20000.0
20000.0
20000.0
20000.0
20000.0
20000.0
20000.0
20000.0
20000.0
20000.0
20000.0
20000.0
20000.0
20000.0
20000.0
20000.0
20000.0
20000.0
19999.990234375
20000.0
20000.0
20000.0
19999.896484375
19999.998046875
20000.0
19256.236328125
18317.390625
17609.47265625
17065.162109375
16569.34375
16061.537109375
15629.111328125
15234.0966796875
14880.64453125
14549.12109375
14243.98046875
13967.4482421875
13696.7021484375
13452.931640625
13222.224609375
13008.587890625
12820.0986328125
12611.0947265625
12410.767578125
12209.67578125
12025.3837890625
11841.8525390625
11667.427734375
11510.20703125
11353.09375
11198.599609375
11040.3291015625
10886.9384765625
10753.7099609375
10610.841796875
10477.126953125
10343.107421875
10217.2421875
10091.177734375
9969.244140625
9855.0166015625
9743.455078125
9654.0244140625
9566.650390625
9480.7705078125
9403.46875
9316.57421875
9231.1826171875
9141.265625
9054.6767578125
8963.9599609375
8877.2255859375
8793.640625
8709.34765625
8630.115234375
8551.4599609375
8476.28515625
8410.8828125
8341.427734375
8276.6708984375
8209.4130859375
8141.84814453125
8067.6259765625
7990.97119140625
7915.662109375
7838.17431640625
7763.51708984375
7686.22607421875
7609.8583984375
7541.90185546875
7467.93212890625
7397.240234375
7325.154296875
7256.623046875
7186.83056640625
7116.984375
7049.02490234375
6978.94775390625
6911.99609375
6844.0654296875
6777.65087890625
6758.044921875
6718.86328125
6640.478515625
6570.28271484375
6505.25390625
6442.92578125
6382.1416015625
6323.984375
6271.61083984375
6221.67919921875
6174.79638671875
6124.86865234375
6075.064453125
6030.39501953125
5981.48095703125
5931.8271484375
5873.16259765625
5813.712890625
5754.8974609375
5693.4833984375
5635.0009765625
5578.6884765625
5528.44287109375
5480.513671875
