20000.0
20000.0
20000.0
20000.0
20000.0
20000.0
20000.0
20000.0
20000.0
20000.0
20000.0
20000.0
20000.0
20000.0
20000.0
20000.0
20000.0
20000.0
20000.0
20000.0
20000.0078125
19999.830078125
20000.0
20000.0
20000.0
20000.0
20000.0
20000.0
19307.2109375
18506.36328125
17741.984375
17104.85546875
16528.29296875
16036.599609375
15568.85546875
15128.3603515625
14741.140625
14373.072265625
14049.5869140625
13741.91015625
13463.091796875
13235.8134765625
12949.14453125
12653.5791015625
12409.6240234375
12186.7822265625
11974.7607421875
11749.5263671875
11533.7998046875
11322.607421875
11128.36328125
10945.7294921875
10783.4150390625
10649.8818359375
10511.212890625
10376.62109375
10234.978515625
10091.4560546875
9932.78515625
9783.189453125
9659.0576171875
9543.9658203125
9433.994140625
9323.662109375
9220.3154296875
9132.0224609375
9038.2177734375
8946.4453125
8851.5478515625
8761.8076171875
8672.94921875
8590.8134765625
8516.3701171875
8443.212890625
8375.015625
8306.623046875
8240.2724609375
8182.43798828125
8120.865234375
8063.58349609375
8006.16943359375
7951.15380859375
7894.40673828125
7838.51318359375
7785.5185546875
7731.5712890625
7680.185546875
7627.193359375
7574.2041015625
7526.59423828125
7474.02685546875
7423.16259765625
7370.6513671875
7319.85888671875
7267.4541015625
7215.10546875
7164.62939453125
7113.01953125
7063.41455078125
7012.2685546875
6961.10009765625
6914.681640625
6863.19384765625
6813.79248046875
6762.19921875
6712.37353515625
6661.599609375
6611.65576171875
6564.43505859375
6516.32666015625
6470.1572265625
6423.24609375
6374.87744140625
6331.72119140625
6285.1455078125
6241.12890625
6196.30810546875
6153.46142578125
6109.6865234375
6066.4365234375
6025.09814453125
5982.95654296875
5942.626953125
5901.59521484375
