20000.0
20000.0
20000.0
20000.0
20000.0
20000.0
20000.0
20000.0
20000.0
20000.0
20000.0
20000.0
20000.0
20000.0
20000.0
20000.0
20000.0
20000.0
20000.0
20000.0
20000.0
20000.0
20000.0
20000.0
20000.0
19276.8984375
18559.08984375
17970.142578125
17411.275390625
16915.88671875
16517.890625
16128.2900390625
15781.7109375
15417.3701171875
15077.9736328125
14751.439453125
14444.8974609375
14184.1552734375
13930.083984375
13693.0400390625
13448.755859375
13210.9365234375
12989.1298828125
12746.5947265625
12520.60546875
12297.376953125
12095.7958984375
11898.4931640625
11709.79296875
11531.857421875
11347.23046875
11163.83984375
10974.669921875
10790.5380859375
10629.0625
10455.986328125
10294.298828125
10133.265625
9982.3310546875
9838.03125
9715.4580078125
9596.2294921875
9474.111328125
9359.267578125
9245.404296875
9135.33203125
9037.46875
8929.224609375
8825.7802734375
8715.6201171875
8609.560546875
8502.568359375
8398.5390625
8300.576171875
8203.609375
8112.0078125
8017.97802734375
7919.87646484375
7835.90673828125
7747.1845703125
7664.07177734375
7579.615234375
7498.072265625
7414.69384765625
7333.47607421875
7257.4248046875
7181.66650390625
7107.650390625
7036.3115234375
6969.3203125
6909.71044921875
6841.74169921875
6779.20654296875
6717.50341796875
6659.5439453125
6586.20263671875
6518.2275390625
6455.77099609375
6393.44775390625
6328.103515625
6242.88525390625
6162.77880859375
6099.8125
6041.30517578125
5987.44384765625
5934.02490234375
5884.16943359375
5834.080078125
5783.767578125
5734.064453125
5681.33984375
5630.36181640625
5577.98583984375
5526.31005859375
5480.61572265625
5429.07958984375
5378.279296875
5325.970703125
5276.84619140625
5227.89794921875
5180.5244140625
5136.0771484375
5091.47119140625
5049.33544921875
5007.07421875
