20000.0
20000.0
20000.0
20000.0
20000.0
20000.0
20000.0
20000.0
20000.0
20000.0
20000.0
20000.0
20000.0
20000.0
20000.0
20000.0
20000.0
20000.0
20000.0
20000.0
19993.294921875
20000.0
19999.828125
20000.0
19999.998046875
20000.0
20000.0
20000.0
20000.0
19999.998046875
19847.349609375
19068.720703125
18356.86328125
17746.51171875
17179.27734375
16649.7578125
16170.8720703125
15709.2626953125
15292.1005859375
14888.69140625
14508.3515625
14196.994140625
13767.5009765625
13440.498046875
13162.0078125
12917.798828125
12682.4892578125
12461.841796875
12239.8466796875
12016.83203125
11810.041015625
11622.6376953125
11412.61328125
11213.7568359375
11034.5888671875
10868.2216796875
10697.408203125
10543.359375
10400.2646484375
10261.6513671875
10141.0634765625
10020.5908203125
9912.859375
9807.2001953125
9705.232421875
9614.0439453125
9514.5888671875
9421.3505859375
9329.34375
9244.84375
9162.2099609375
9080.9169921875
9002.8896484375
8922.8330078125
8842.5517578125
8759.8447265625
8681.09375
8613.9375
8543.9287109375
8479.013671875
8413.9599609375
8352.3720703125
8289.759765625
8228.123046875
8168.66943359375
8107.091796875
8047.39453125
7984.36083984375
7920.33251953125
7862.82861328125
7800.45361328125
7739.8291015625
7675.0751953125
7610.32666015625
7541.75634765625
7471.58154296875
7402.39794921875
7330.24365234375
7262.0625
7191.048828125
7119.9248046875
7056.4296875
6985.90283203125
6918.3896484375
6849.21337890625
6782.81982421875
6711.5712890625
6638.18603515625
6566.04150390625
6491.72265625
6420.38525390625
6347.89794921875
6277.0048828125
6215.0693359375
6147.59521484375
6082.677734375
6016.05029296875
5952.83349609375
5889.53515625
5827.40771484375
5768.06201171875
5707.59912109375
5649.28173828125
5590.05224609375
