20000.0
20000.0
20000.0
19999.99609375
20000.0
20000.0
20000.0
20000.0
20000.0
20000.0
20000.0
20000.0
20000.0
20000.0
20000.0
20000.0
20000.0
20000.0
20000.0
20000.0
20000.0
20000.0
20000.001953125
20000.0
19126.552734375
17962.0078125
16999.091796875
16189.3193359375
15521.3623046875
14916.2939453125
14393.6572265625
13981.8720703125
13579.552734375
13218.7578125
12887.1337890625
12593.6455078125
12312.15625
12039.19921875
11785.283203125
11547.69921875
11326.7998046875
11107.9658203125
10899.087890625
10719.3779296875
10531.8994140625
10359.4560546875
10190.2646484375
10033.423828125
9877.7255859375
9746.2060546875
9632.296875
9518.3828125
9411.37109375
9304.5263671875
9201.2294921875
9110.3759765625
9013.28125
8922.224609375
8831.0556640625
8748.3408203125
8665.6884765625
8585.1787109375
8509.4921875
8433.591796875
8362.3466796875
8292.2607421875
8225.4765625
8168.16162109375
8106.900390625
8049.50634765625
7992.3232421875
7938.7646484375
7885.404296875
7834.09912109375
7786.08447265625
7738.95361328125
7695.423828125
7651.43115234375
7608.26171875
7569.4833984375
7526.36328125
7485.70361328125
7445.44091796875
7408.0322265625
7370.9755859375
7335.25830078125
7299.76220703125
7264.408203125
7231.18115234375
7197.8369140625
7164.88525390625
7135.79638671875
7104.6982421875
7071.90234375
7040.47705078125
7013.015625
6987.16455078125
6962.59912109375
6937.21044921875
6914.3359375
6895.4072265625
6877.09521484375
6853.49951171875
6816.87353515625
6775.708984375
6734.8466796875
6668.06494140625
6574.46728515625
6467.251953125
6369.36474609375
6278.18701171875
6185.81689453125
6098.787109375
6012.0830078125
5925.98828125
5849.61376953125
5769.96923828125
5696.623046875
5626.1982421875
5561.08447265625
5496.09423828125
5433.0458984375
5374.07666015625
5315.06396484375
5259.44677734375
5204.01708984375
