20000.0
20000.0
20000.0
20000.0
20000.0
20000.0
20000.0
20000.0
20000.0
20000.0
20000.0
20000.0
20000.0
20000.0
20000.0
20000.0
20000.0
20000.0
20000.0
20000.0
20000.0
20000.0
20000.0
20000.0
19999.9140625
20000.0
19999.8828125
20000.0
20000.0
19999.998046875
20000.0
20000.0
20000.0
20000.0
20000.005859375
19945.3671875
19294.26953125
18666.515625
18108.03125
17579.0234375
17094.435546875
16682.798828125
16255.1181640625
15861.2265625
15472.794921875
15122.486328125
14785.4619140625
14464.29296875
14167.8515625
13875.58984375
13607.0224609375
13345.5439453125
13096.8203125
12882.359375
12633.1494140625
12330.8291015625
12089.2880859375
11879.9296875
11695.904296875
11525.4892578125
11368.9814453125
11222.7724609375
11081.466796875
10941.548828125
10816.908203125
10713.392578125
10604.9423828125
10504.12890625
10405.0693359375
10296.8447265625
10175.0634765625
10048.9736328125
9941.685546875
9847.095703125
9758.638671875
9673.462890625
9591.482421875
9520.3203125
9444.2978515625
9373.890625
9300.4423828125
9230.2451171875
9159.1513671875
9090.34375
9026.9833984375
8964.341796875
8905.9765625
8847.908203125
8791.1162109375
8739.791015625
8683.4619140625
8630.517578125
8577.7724609375
8528.732421875
8479.9306640625
8432.9794921875
8389.0791015625
8345.5029296875
8305.9794921875
8266.373046875
8227.1630859375
8192.193359375
8154.1533203125
8118.021484375
8080.84228515625
8045.00341796875
8007.79541015625
7970.23779296875
7931.43701171875
7888.8330078125
7846.23388671875
7801.279296875
7755.87939453125
7714.697265625
7666.634765625
7610.55859375
7546.87548828125
7481.783203125
7412.0439453125
7340.39404296875
7269.73681640625
7195.29931640625
7121.87255859375
7041.86865234375
