20000.0
20000.0
20000.0
20000.0
20000.0
20000.0
20000.0
20000.0
20000.0
20000.0
20000.0
20000.0
20000.0
20000.0
20000.0
20000.0
20000.0
20000.0
20000.0
20000.00390625
20000.0
20000.0
20000.0
20000.0
19999.99609375
20000.0
20000.0
20000.017578125
20000.0
20000.0
20000.0
20000.0
20000.0
20000.0
20000.0
20000.0
19999.998046875
19256.640625
18481.40234375
17817.751953125
17242.4375
16556.076171875
15887.4453125
15339.1806640625
14820.1025390625
14349.8671875
13901.025390625
13491.1005859375
13158.4541015625
12868.7548828125
12633.837890625
12426.6328125
12240.5205078125
12081.0146484375
11902.7998046875
11735.44921875
11573.1005859375
11425.0927734375
11281.7265625
11146.7666015625
11023.3486328125
10902.8154296875
10791.4208984375
10678.951171875
10566.154296875
10465.8154296875
10357.234375
10254.427734375
10150.1669921875
10050.068359375
9948.8232421875
9849.791015625
9755.0244140625
9654.9443359375
9555.3642578125
9449.466796875
9340.2421875
9236.4970703125
9114.0595703125
8991.1611328125
8864.62109375
8743.109375
8618.0380859375
8493.1240234375
8372.455078125
8248.1845703125
8129.47607421875
8009.654296875
7892.3349609375
7788.58984375
7675.890625
7568.04345703125
7465.96337890625
7375.0263671875
7279.23193359375
7181.33544921875
7080.72119140625
6976.34375
6878.1904296875
6779.90625
6683.42333984375
6598.11328125
6505.6416015625
6416.98486328125
6326.27880859375
6240.6279296875
6154.3916015625
6061.58349609375
5972.060546875
5881.46728515625
5795.48583984375
5708.79345703125
5624.67041015625
5550.63525390625
5476.43994140625
5406.89111328125
5336.91015625
5270.779296875
5203.14404296875
5136.64208984375
5072.4609375
5007.6748046875
4948.20166015625
4891.3037109375
