20000.0
20000.0
20000.0
20000.0
20000.0
20000.0
20000.0
20000.0
20000.0
20000.0
20000.0
20000.0
20000.0
20000.0
20000.0
20000.0
20000.0
20000.0
20000.0
20000.0
20000.0
20000.0
20000.0
20000.0
20000.0
20000.0
20000.0
20000.0
20000.001953125
20000.0
19999.947265625
20000.0
20000.0
19999.953125
20000.0
19999.998046875
20000.0
20000.0
19727.91015625
19235.912109375
18782.779296875
18400.533203125
18019.009765625
17710.36328125
17427.828125
17155.654296875
16865.638671875
16584.0859375
16300.263671875
16004.2890625
15731.0703125
15462.609375
15207.26953125
14991.0400390625
14768.1640625
14565.1220703125
14366.6005859375
14182.935546875
14000.0498046875
13822.31640625
13654.5107421875
13484.6044921875
13323.748046875
13162.765625
13008.912109375
12876.423828125
12738.18359375
12612.0361328125
12486.6044921875
12368.068359375
12246.3984375
12128.0869140625
12016.4853515625
11902.5888671875
11785.837890625
11643.509765625
11491.1708984375
11356.6044921875
11208.2578125
11069.4453125
10930.392578125
10789.05078125
10584.1396484375
10389.7373046875
10250.001953125
10119.0048828125
9998.6826171875
9879.791015625
9771.5322265625
9670.08984375
9557.408203125
9450.3515625
9341.7001953125
9213.4453125
9090.2578125
8978.7421875
8875.556640625
8772.0693359375
8673.2578125
8571.82421875
8471.8115234375
8382.2646484375
8282.376953125
8185.869140625
8088.078125
7995.74658203125
7900.7978515625
7805.90087890625
7715.80908203125
7627.3212890625
7546.171875
7465.85986328125
7388.3427734375
7319.86376953125
7245.80908203125
7175.39208984375
7101.54052734375
7024.05810546875
6935.92431640625
6852.18408203125
6776.8759765625
6704.1904296875
6638.0146484375
6573.6552734375
