20000.0
20000.0
20000.0
20000.0
20000.0
20000.0
20000.0
20000.0
20000.0
20000.0
20000.0
20000.0
20000.0
20000.0
20000.0
20000.0
20000.0
20000.0
20000.0
20000.0
20000.0
20000.0
19999.970703125
20000.0
20000.0
20000.0
19999.9921875
20000.0
20000.0
20000.029296875
20000.0
19999.998046875
20000.0
20000.0
20000.0
20000.0
19999.994140625
20000.0
20000.0
20000.0
19999.998046875
20000.0
20000.0
19999.982421875
20000.0
19667.4375
18549.248046875
17539.390625
16733.638671875
16083.0439453125
15536.19140625
14997.4736328125
14470.0615234375
14009.5771484375
13539.685546875
13107.390625
12692.37890625
12322.0361328125
11979.8662109375
11674.73046875
11412.1494140625
11153.6611328125
10916.2255859375
10686.7021484375
10470.6630859375
10297.6494140625
10113.3974609375
9937.68359375
9762.46484375
9600.4873046875
9440.9716796875
9289.3798828125
9149.6953125
9012.037109375
8885.3037109375
8760.388671875
8640.904296875
8537.0478515625
8426.75
8324.4013671875
8221.712890625
8126.43994140625
8032.7216796875
7943.95458984375
7862.54150390625
7782.88427734375
7709.556640625
7637.50244140625
7568.94287109375
7509.84521484375
7447.8818359375
7390.65771484375
7334.048828125
7282.3525390625
7231.99951171875
7183.63134765625
7139.37939453125
7095.7890625
7055.49755859375
7016.1533203125
6978.837890625
6946.71337890625
6912.8984375
6881.67041015625
6851.02685546875
6822.80615234375
6795.720703125
6770.42138671875
6747.55078125
6725.1201171875
6704.29248046875
6683.673828125
6663.98974609375
6646.7216796875
6628.2958984375
6610.83349609375
6593.68359375
6577.4140625
6561.115234375
6545.2119140625
6530.13623046875
6514.7666015625
6500.12841796875
6485.43359375
