20000.0
20000.0
20000.0
20000.0
20000.0
20000.0
20000.0
20000.0
20000.0
20000.0
20000.0
20000.0
20000.0
20000.0
20000.0
20000.0
20000.0
20000.0
20000.0
19998.87109375
20000.0
20000.001953125
19999.998046875
20000.0
19999.982421875
20000.0
20000.0
20000.0
20000.0
20000.0
20000.0
19999.994140625
20000.0
20000.0
20000.0
20000.0
19536.466796875
18779.478515625
18008.66015625
17176.744140625
16498.892578125
15874.056640625
15342.115234375
14821.8447265625
14356.873046875
13918.521484375
13545.681640625
13205.32421875
12898.388671875
12635.8525390625
12403.4873046875
12199.6962890625
12000.279296875
11800.24609375
11616.228515625
11418.0673828125
11234.0
11050.625
10879.80859375
10718.7998046875
10561.03515625
10412.072265625
10265.857421875
10133.4052734375
9999.8994140625
9870.7490234375
9758.4609375
9639.8125
9530.416015625
9422.384765625
9320.6748046875
9217.7373046875
9116.9970703125
9017.9111328125
8917.900390625
8823.833984375
8729.6083984375
8638.365234375
8557.9609375
8474.72265625
8395.72265625
8310.681640625
8225.7763671875
8137.13232421875
8049.33203125
7965.57177734375
7880.875
7800.9375
7721.21337890625
7643.09716796875
7573.60791015625
7498.2568359375
7426.45458984375
7351.0654296875
7275.537109375
7197.92529296875
7117.14013671875
7037.81689453125
6957.576171875
6881.88134765625
6804.68359375
6728.2080078125
6659.3427734375
6583.6728515625
6511.3798828125
6436.06640625
6363.53857421875
6288.73828125
6214.46728515625
6142.8828125
6070.69287109375
6002.5302734375
5932.75146484375
5863.83447265625
5802.5830078125
5734.580078125
5669.37158203125
5610.400390625
5555.974609375
5501.99169921875
5450.09716796875
5401.36328125
5352.29736328125
5306.57861328125
5261.67626953125
