20000.0
20000.0
20000.0
20000.0
20000.0
20000.0
20000.0
20000.0
20000.0
20000.0
20000.0
20000.0
20000.0
20000.0
20000.0
20000.0
20000.0
20000.0
20000.0
20000.0
20000.0
20000.0
20000.0
20000.0
20000.0
20000.0
20000.0
20000.00390625
20000.0
19999.783203125
20000.0
20000.0
20000.0
19999.998046875
20000.0
20000.0
20000.0
20000.0
20000.0
20000.0
20000.0
20000.0
20000.0
20000.0
20000.0
20000.0
20000.0
20000.0
20000.0
20000.0
20000.0
20000.0
20000.0
19999.99609375
19623.228515625
19008.357421875
18282.265625
17711.0234375
17200.357421875
16679.552734375
16213.646484375
15787.140625
15414.78125
15071.4033203125
14754.9833984375
14490.3974609375
14224.5166015625
13992.705078125
13772.673828125
13573.2119140625
13379.998046875
13202.171875
13048.1162109375
12897.703125
12760.0732421875
12623.1669921875
12490.796875
12376.12890625
12253.8388671875
12139.7568359375
12026.0966796875
11918.2685546875
11811.390625
11707.8037109375
11611.107421875
11512.240234375
11417.125
11321.705078125
11228.3046875
11145.9267578125
11057.1396484375
10973.8740234375
10889.8154296875
10810.3212890625
10729.7392578125
10649.044921875
10570.1748046875
10488.525390625
10407.541015625
10321.154296875
10234.6572265625
10156.6240234375
10069.8193359375
9984.4521484375
9896.0126953125
9811.17578125
9722.2744140625
9634.2841796875
9549.1171875
9460.5234375
9374.052734375
9283.380859375
9191.859375
9105.01953125
9008.0947265625
8914.1728515625
8823.7802734375
8730.705078125
8627.45703125
8513.0556640625
8399.2607421875
8285.8916015625
8183.4248046875
8092.53271484375
