20000.0
20000.0
20000.0
20000.0
20000.0
20000.0
20000.0
20000.0
20000.0
20000.0
20000.0
20000.0
20000.0
20000.0
20000.0
20000.0
20000.0
20000.0
20000.0
20000.0
20000.0
19999.89453125
19998.9296875
20000.0
20000.0
19999.978515625
20000.0
20000.0
20000.0
20000.0
20000.0
20000.0
20000.0
20000.0
20000.0
20000.0
20000.0
19999.994140625
20000.0
20000.0
20000.0
19999.990234375
19999.998046875
18897.0546875
18361.701171875
17907.03125
17185.17578125
16482.302734375
15823.0087890625
15225.103515625
14636.5537109375
14091.337890625
13580.462890625
13129.6767578125
12748.734375
12358.18359375
12011.935546875
11686.2451171875
11401.41015625
11128.3251953125
10874.94140625
10645.9111328125
10425.607421875
10224.1162109375
10026.912109375
9841.5234375
9680.3984375
9512.009765625
9357.482421875
9206.8974609375
9069.5537109375
8936.111328125
8810.6806640625
8696.4306640625
8585.1689453125
8483.412109375
8384.833984375
8292.93359375
8214.21484375
8132.36572265625
8057.583984375
7984.8134765625
7918.16455078125
7853.26806640625
7791.78662109375
7735.70361328125
7680.5078125
7630.09814453125
7580.70361328125
7534.10009765625
7494.849609375
7453.84521484375
7416.05078125
7379.0615234375
7344.6494140625
7310.70703125
7278.38818359375
7248.45458984375
7218.791015625
7191.26025390625
7164.009765625
7137.84814453125
7115.08056640625
7091.015625
7068.32470703125
7045.75
7024.8017578125
7003.91357421875
6983.6865234375
6964.7197265625
6945.69091796875
6927.88525390625
6909.88427734375
6892.17626953125
6876.43310546875
6859.095703125
6842.3798828125
6825.36669921875
6808.8662109375
6791.64794921875
6774.14697265625
6756.9697265625
6738.90234375
6721.1552734375
6702.62353515625
