20000.0
20000.0
20000.0
20000.0
20000.0
20000.0
20000.0
20000.0
20000.0
20000.0
20000.0
20000.0
20000.0
20000.0
20000.0
20000.0
20000.0
20000.0
20000.0
20000.0
20000.0
19999.4765625
20000.0
20000.0
20000.0
19999.97265625
20000.0
19999.99609375
20000.0
20000.0
20000.0
20000.0
20000.0
20000.0
20000.0
20000.0
20000.0
19999.99609375
20000.0
20000.0
20000.0
20000.0
19999.99609375
20000.0
19691.91796875
18800.865234375
17953.291015625
17172.400390625
16487.4921875
15892.5107421875
15382.7841796875
14910.326171875
14504.59375
14190.29296875
13895.5859375
13642.173828125
13403.990234375
13191.296875
12974.3251953125
12757.251953125
12556.3017578125
12359.56640625
12175.2919921875
11991.8125
11817.623046875
11663.8759765625
11496.1279296875
11334.2607421875
11164.2333984375
10996.0078125
10819.5126953125
10639.892578125
10460.0078125
10275.6845703125
10099.9755859375
9920.3251953125
9740.7900390625
9579.986328125
9404.8544921875
9239.302734375
9080.3134765625
8938.6474609375
8789.2529296875
8638.8359375
8495.125
8348.6357421875
8207.1181640625
8064.15283203125
7924.1669921875
7799.7109375
7668.72314453125
7535.96337890625
7401.37939453125
7275.4072265625
7150.267578125
7028.7568359375
6914.19677734375
6799.0732421875
6688.748046875
6575.14892578125
6463.638671875
6364.72998046875
6250.64892578125
6140.62451171875
6031.37548828125
5929.56640625
5826.69970703125
5726.61474609375
5632.4267578125
5544.07421875
5464.6591796875
5385.37890625
5308.16259765625
5243.3974609375
5175.92333984375
5115.5126953125
5057.02099609375
5001.759765625
4945.10009765625
4889.35546875
4839.267578125
4790.7021484375
4745.462890625
4700.6904296875
