20000.0
20000.0
20000.0
20000.0
20000.0
20000.0
20000.0
20000.0
20000.0
20000.0
20000.0
20000.0
20000.0
20000.0
20000.0
20000.0
20000.0
20000.0
20000.0
20000.0
20000.0
20000.0
20000.0
19999.998046875
20000.0
20000.0
20000.0
19999.99609375
19999.951171875
19999.998046875
20000.0
20000.0
20000.0
20000.0
20000.0
20000.0
20000.0
20000.0
20000.0
20000.0
20000.0
20000.0
20000.0
20000.0
20000.0
20000.0
20000.0
20000.0
19725.662109375
19208.935546875
18707.19140625
18281.255859375
17824.373046875
17329.171875
16952.919921875
16597.2109375
16289.25
15998.8671875
15711.541015625
15415.1025390625
15138.26171875
14891.501953125
14656.369140625
14432.9599609375
14206.2265625
13984.85546875
13789.5478515625
13572.7060546875
13352.6279296875
13121.03125
12887.046875
12634.583984375
12379.3544921875
12143.8828125
11926.8544921875
11740.2470703125
11559.8828125
11387.9189453125
11233.791015625
10993.0732421875
10738.4794921875
10478.890625
10244.560546875
10018.880859375
9808.3046875
9617.955078125
9434.63671875
9261.9609375
9086.0361328125
8913.6865234375
8762.0078125
8593.5419921875
8432.4580078125
8272.4228515625
8123.5283203125
7975.18310546875
7831.88232421875
7698.46044921875
7564.0263671875
7433.7392578125
7298.76025390625
7163.591796875
7042.166015625
6909.40087890625
6782.32373046875
6652.4091796875
6527.6884765625
6402.8046875
6281.0576171875
6163.57177734375
6043.341796875
5929.8759765625
5815.35693359375
5705.26318359375
5616.0986328125
5521.0888671875
5432.0498046875
5341.8759765625
5256.56884765625
5169.4951171875
5079.419921875
4993.62060546875
4907.98974609375
4828.45703125
4746.85498046875
