20000.0
20000.0
20000.0
20000.0
20000.0
20000.0
20000.0
20000.0
20000.0
20000.0
20000.0
20000.0
20000.0
20000.0
20000.0
20000.0
20000.0
20000.0
20000.0
20000.0
20000.0
20000.0
20000.0
20000.0
20000.0
20000.0
20000.0
20000.0
20000.0
19999.978515625
20000.0
19999.962890625
20000.0
20000.0
19999.955078125
20000.0
20000.0
20000.0078125
20000.0
19999.998046875
20000.0
20000.0
19734.208984375
19363.216796875
18950.369140625
18530.53125
18136.80078125
17781.71484375
17448.80859375
17122.154296875
16817.58984375
16517.369140625
16236.140625
15994.462890625
15742.0361328125
15512.9990234375
15286.1630859375
15074.537109375
14864.6484375
14662.6826171875
14474.412109375
14285.0703125
14106.7890625
13928.037109375
13754.7177734375
13603.826171875
13436.96875
13276.474609375
13114.0859375
12959.9501953125
12805.3076171875
12643.095703125
12459.3701171875
12259.1455078125
12065.619140625
11874.125
11693.2470703125
11539.5810546875
11391.189453125
11244.1982421875
11090.9970703125
10945.4580078125
10784.2021484375
10593.50390625
10442.6630859375
10296.88671875
10161.966796875
10028.490234375
9894.5068359375
9777.333984375
9632.626953125
9488.5439453125
9358.76171875
9238.88671875
9117.708984375
8998.900390625
8886.751953125
8772.8193359375
8665.48046875
8557.080078125
8450.9677734375
8357.3896484375
8256.6005859375
8158.1494140625
8058.6806640625
7970.63134765625
7885.947265625
7803.603515625
7726.07861328125
7642.6884765625
7559.4619140625
7473.5849609375
7386.96240234375
7290.669921875
7182.72998046875
7086.6123046875
6996.69140625
6917.91796875
6843.56591796875
6770.85888671875
6700.77734375
6630.19921875
6562.634765625
6491.23876953125
