20000.0
20000.0
20000.0
20000.0
20000.0
20000.0
20000.0
20000.0
20000.0
20000.0
20000.0
20000.0
20000.0
20000.0
20000.0
20000.0
20000.0
20000.0
20000.0
20000.0
20000.0
20000.0
20000.0
20000.0
20000.0
20000.0
19999.7734375
19999.546875
20000.0
19999.830078125
20000.0
20000.0
20000.0
20000.0
20000.0
20000.0
20000.0
20000.0
20000.0
20000.0
20000.0
20000.0
20000.0
20000.0
20000.0
20000.0
20000.0
20000.0
20000.0
20000.0
19999.99609375
19999.998046875
19999.787109375
20000.0
20000.0
20000.0
20000.0
20000.0
19999.931640625
19901.962890625
19263.083984375
18622.11328125
18036.359375
17499.244140625
17036.59375
16671.7109375
16322.310546875
16012.9951171875
15714.2431640625
15439.0244140625
15172.1162109375
14917.814453125
14681.720703125
14445.61328125
14230.5400390625
14033.041015625
13846.1611328125
13691.2080078125
13529.8134765625
13380.4599609375
13232.7626953125
13095.9990234375
12960.125
12829.421875
12707.537109375
12586.2900390625
12473.2197265625
12360.4775390625
12251.029296875
12154.6328125
12048.0966796875
11947.1376953125
11845.84765625
11750.7412109375
11653.6337890625
11557.064453125
11464.2392578125
11370.3271484375
11280.388671875
11187.5087890625
11094.5576171875
11010.7333984375
10917.75390625
10823.6484375
10720.806640625
10614.1611328125
10502.8759765625
10390.978515625
10283.7021484375
10181.541015625
10084.3662109375
9985.193359375
9888.876953125
9806.1357421875
9715.9853515625
9629.41796875
9539.4130859375
9403.923828125
9257.98046875
9118.83203125
8992.96484375
8870.607421875
8764.6357421875
8655.1650390625
