20000.0
20000.0
20000.0
20000.0
20000.0
20000.0
20000.0
20000.0
20000.0
20000.0
20000.0
20000.0
20000.0
20000.0
20000.0
20000.0
20000.0
20000.0
20000.0
19999.99609375
20000.0
19999.705078125
20000.0
20000.0
20000.0
20000.0
20000.0
19999.994140625
20000.0
20000.0
20000.0
20000.0
20000.0
20000.0
19271.06640625
18374.15234375
17622.59375
17021.96484375
16485.8671875
15848.1845703125
15245.0634765625
14739.123046875
14208.009765625
13759.939453125
13339.93359375
12982.4091796875
12686.4580078125
12434.595703125
12215.3486328125
12004.3154296875
11812.732421875
11622.314453125
11439.767578125
11281.7060546875
11105.640625
10933.7509765625
10762.822265625
10602.7255859375
10440.810546875
10282.08984375
10131.05859375
9973.490234375
9824.3369140625
9678.4091796875
9538.1123046875
9415.654296875
9290.677734375
9173.56640625
9054.416015625
8943.2861328125
8833.4736328125
8729.3408203125
8633.541015625
8539.49609375
8452.943359375
8368.0166015625
8287.3251953125
8217.876953125
8144.75
8077.02392578125
8011.9169921875
7951.22265625
7891.50146484375
7836.6875
7785.90771484375
7734.90673828125
7686.759765625
7638.37646484375
7591.39013671875
7550.0556640625
7506.0283203125
7464.6640625
7418.3095703125
7367.22705078125
7318.16650390625
7273.404296875
7233.31982421875
7194.82861328125
7159.810546875
7125.5908203125
7093.01318359375
7065.25
7035.880859375
7008.732421875
6981.109375
6955.23095703125
6929.296875
6903.7080078125
6879.69384765625
6855.50634765625
6832.4912109375
6805.48388671875
6776.9423828125
6751.041015625
6722.15869140625
6693.62841796875
6662.966796875
6632.13525390625
6599.228515625
6565.17919921875
6531.06201171875
6495.189453125
6460.0234375
6423.19677734375
