20000.0
20000.0
20000.0
20000.0
20000.0
20000.0
20000.0
20000.0
20000.0
20000.0
20000.0
20000.0
20000.0
20000.0
20000.0
20000.0
20000.0
20000.0078125
19999.984375
20000.0
19999.974609375
20000.0
20000.0
19999.99609375
20000.0
20000.0
20000.0
20000.0
20000.0
20000.0
20000.0
20000.0
19912.92578125
18681.275390625
17644.779296875
16752.6015625
15945.1787109375
15255.49609375
14647.771484375
14161.3837890625
13740.3740234375
13368.333984375
13073.8212890625
12776.58984375
12500.6787109375
12220.955078125
11957.98828125
11695.646484375
11438.8701171875
11199.3525390625
10967.021484375
10757.26171875
10552.234375
10364.6953125
10208.62109375
10047.8046875
9900.3759765625
9756.2431640625
9623.197265625
9494.673828125
9371.16015625
9260.9384765625
9153.197265625
9053.935546875
8956.0322265625
8862.771484375
8782.31640625
8697.9150390625
8621.0439453125
8545.8310546875
8476.1767578125
8407.70703125
8342.92578125
8283.01953125
8223.875
8168.81689453125
8114.03515625
8061.42431640625
8015.69775390625
7967.0380859375
7921.60400390625
7875.1318359375
7830.521484375
7785.50927734375
7741.337890625
7699.08544921875
7656.09814453125
7615.06640625
7573.134765625
7531.74658203125
7494.76416015625
7451.49267578125
7409.1669921875
7365.77685546875
7323.32080078125
7278.853515625
7233.75146484375
7190.31884765625
7145.30419921875
7101.5009765625
7060.7509765625
7023.62841796875
6989.03369140625
6945.52587890625
6898.17333984375
6846.5673828125
6794.923828125
6735.6474609375
6670.41845703125
6604.7177734375
6538.54296875
6479.91162109375
6422.0439453125
6362.75732421875
6306.72314453125
6243.10107421875
6190.28955078125
6137.68896484375
6088.697265625
6038.689453125
5989.37841796875
5944.06591796875
5900.775390625
5858.5205078125
5813.6142578125
