80.1335
106.262
115.626
142.786
149.053
149.135
152.015
163.905
171.234
182.954
182.954
185.262
200.184
203.398
209.115
212.466
212.96
215.626
222.357
222.993
223.611
226.04
235.774
237.161
238.276
240.99
242.919
246.296
249.073
249.954
262.944
265.391
267.255
269.46
269.46
269.471
271.872
274.47
274.47
274.517
275.088
281.306
283.181
287.403
287.403
292.804
295.025
296.267
297.843
300.822
301.245
301.356
304.346
306.773
309.501
309.606
312.862
313.736
316.981
317.671
317.671
318.542
318.542
318.542
319.293
325.417
326.5
327.68
337.403
337.403
337.403
337.403
342.336
344.607
345.844
346.44
347.28
349.029
349.624
349.956
350.975
351.989
354.332
354.718
355.118
358.952
358.952
361.944
366.517
366.517
367.006
367.505
367.505
369.273
369.273
372.431
372.431
375.138
375.138
376.16
