25400.0
25400.0
25400.0
25400.0
25400.0
25400.0
25400.0
25400.0
25400.0
25400.0
25400.0
25400.0
25400.0
25400.0
25400.0
25400.0
25400.0
25400.0
25400.0
25400.0
25400.0
25400.0
25400.0
25400.0
25400.0
25400.0
25400.0
26465.123046875
41424.3671875
50882.51171875
56550.91796875
61450.6953125
65419.546875
71974.4921875
79544.9609375
88836.4609375
99747.0703125
111983.9921875
123222.84375
134851.703125
146592.453125
157101.84375
166267.53125
175731.203125
183788.078125
191010.109375
196777.171875
202046.234375
207294.3125
213930.484375
220317.6875
217590.984375
207499.234375
203357.59375
201454.375
200956.921875
199090.0625
196201.578125
192208.453125
187308.625
181926.984375
176372.609375
170491.609375
164845.140625
159260.65625
153936.9375
149513.140625
145161.734375
141327.25
137704.421875
134570.75
131709.953125
129114.234375
126815.3984375
124643.71875
122764.4765625
121058.640625
119479.25
118142.953125
116776.75
115579.1484375
114458.6328125
113468.8359375
112536.8984375
111689.0
110943.2421875
110250.4921875
109647.0859375
109088.5546875
108588.1796875
108178.625
107770.8203125
107415.8125
107090.3046875
106807.3125
106549.5703125
106323.5859375
106129.546875
105948.296875
105786.921875
105633.1953125
105489.859375
105368.015625
105240.5234375
105124.609375
105025.609375
104950.03125
104866.3671875
104771.7734375
104673.546875
104570.1796875
104468.9453125
104367.828125
104270.2109375
104186.953125
104098.25
104014.0546875
103931.0859375
103848.1875
103762.2421875
103675.6796875
103591.4765625
103504.953125
103423.0234375
103340.9921875
