25400.0
25400.0
25400.0
25400.0
25400.0
25400.0
25400.0
25400.0
25400.0
25400.0
25400.0
25400.0
25400.0
25400.0
33909.6171875
61018.59765625
84616.9140625
100330.046875
115369.09375
126051.296875
133502.875
138197.671875
142097.15625
145159.859375
146915.0625
147328.15625
149417.53125
152286.71875
152542.0
146109.625
141791.859375
139093.203125
137683.53125
137678.03125
137884.359375
138113.8125
138115.59375
138146.03125
138067.84375
137698.546875
137002.859375
135928.640625
134621.421875
133219.953125
131636.609375
130152.1953125
128665.3359375
127266.3125
125867.4375
124515.3203125
123328.1796875
122166.9140625
121076.8671875
119988.109375
118963.4453125
118063.4140625
117079.78125
116180.3828125
115310.75
114511.984375
113725.546875
112960.46875
112245.609375
111557.671875
110939.734375
110344.9765625
109805.109375
109347.78125
108879.234375
108458.9140625
108059.8828125
107720.640625
107391.5078125
107090.265625
106823.2265625
106596.7109375
106426.2890625
106252.3046875
106082.265625
105936.0859375
105784.046875
105643.9296875
105512.953125
105406.65625
105370.1640625
105356.0546875
105326.6953125
105280.4609375
105246.15625
105199.6171875
105114.5078125
105055.40625
105053.3984375
105052.9765625
105052.765625
105015.328125
104884.9375
104755.6171875
104645.59375
104549.5546875
104452.921875
104313.125
104172.484375
104053.203125
103929.5078125
103814.5234375
103693.875
103560.3359375
103429.796875
103309.9296875
103200.625
103088.03125
102978.9453125
102866.6953125
102779.0234375
102811.078125
102824.609375
102800.7578125
102746.984375
102676.5390625
102591.0390625
102499.6015625
102442.703125
102377.859375
102308.1796875
102231.953125
