25400.0
25400.0
25400.0
25114.486328125
25114.486328125
25114.486328125
25114.486328125
25114.486328125
25114.486328125
25114.486328125
25114.486328125
25114.486328125
25114.486328125
25125.5078125
25142.05078125
25144.6796875
25145.6875
25146.46484375
25147.08984375
25147.728515625
25148.26953125
25148.759765625
25148.9609375
25146.76171875
26314.6484375
36831.26953125
45626.19921875
51329.84375
56855.0078125
62313.703125
67643.90625
73812.6640625
80546.546875
88273.2421875
96542.59375
105023.78125
114314.96875
123153.21875
132007.5
140895.453125
149733.234375
156934.484375
164697.78125
172035.796875
168351.625
164426.875
160441.40625
156163.234375
152525.8125
149619.171875
146903.125
144136.0
141538.484375
138836.71875
137032.875
135149.1875
133033.71875
131482.875
130113.3203125
128891.3359375
127924.5859375
127188.078125
126645.1171875
126197.203125
125893.40625
125686.8046875
125499.078125
125233.921875
124918.828125
124558.34375
124186.265625
123807.7578125
123385.21875
122925.8671875
122434.6484375
121977.0234375
121483.71875
120943.171875
120426.6796875
119858.8359375
119315.2734375
118737.21875
118109.7890625
117494.5390625
116906.8203125
116357.546875
115802.3671875
115272.1328125
114734.9609375
114212.109375
113751.2109375
113269.9921875
112853.4765625
112428.0859375
112082.2578125
111741.9453125
111399.6484375
111074.0546875
110746.4453125
110438.7578125
110130.6171875
109832.1875
109569.9453125
109290.5859375
109030.0234375
108771.484375
108541.1953125
108328.4453125
108136.7265625
107969.703125
107809.7578125
107664.515625
107516.6796875
107374.515625
107251.8359375
107123.828125
107018.7421875
106916.078125
106822.2578125
106730.5859375
106644.3828125
106561.890625
106480.65625
106407.1640625
106337.2265625
