25400.0
25400.0
25400.0
25400.0
25400.0
25400.0
25400.0
25400.0
25400.0
25400.0
25400.0
25400.0
25400.0
25400.0
25400.0
25400.0
25400.0
25400.0
25400.0
25400.0
25400.0
25400.0
25400.0
25400.0
26922.416015625
39518.88671875
53071.9609375
65168.04296875
75050.921875
83402.8984375
91832.171875
98547.1484375
103978.34375
108493.78125
112433.46875
115777.8046875
118530.4140625
121260.4609375
123837.4140625
126532.390625
129105.1015625
131263.25
133386.546875
134150.015625
132042.328125
130751.2109375
129900.7265625
129278.7734375
128639.203125
127895.078125
127043.3671875
125960.4609375
124851.171875
123871.1953125
122802.28125
121789.3671875
120756.28125
119949.9453125
119486.0
118820.6171875
118162.046875
117491.3125
116891.7421875
116298.546875
115714.3046875
115138.40625
114710.421875
114470.5625
114057.421875
113914.46875
113730.8125
113578.7421875
113481.8203125
113411.5703125
113329.515625
113319.4453125
113381.6796875
113503.984375
113666.40625
113944.328125
114252.9921875
114550.7265625
114852.7578125
115149.9765625
115432.8828125
115722.2421875
115998.5625
116311.703125
116688.015625
117039.046875
117410.0703125
117743.3828125
118199.203125
118578.8125
118850.3046875
119031.9609375
119130.765625
119157.046875
119117.015625
119012.703125
118858.109375
118622.7734375
118409.421875
118237.8828125
118147.3671875
118088.1171875
118310.8671875
118538.7734375
118724.671875
118871.0703125
118969.0
118997.65625
118945.9765625
118887.3984375
118809.90625
118709.84375
118578.921875
118431.28125
118255.953125
118067.671875
117865.109375
117635.7890625
117396.9609375
117142.0390625
