25400.0
25400.0
25400.0
25179.388671875
25179.388671875
25179.388671875
25179.388671875
25179.388671875
25179.388671875
25179.388671875
25179.388671875
25179.388671875
25179.388671875
25179.388671875
25179.388671875
25179.388671875
28876.4921875
46963.1171875
65979.3828125
86139.84375
102079.3828125
116567.3125
128648.3046875
137667.71875
143702.390625
147233.453125
146844.421875
141889.5625
137127.1875
132601.75
128623.6484375
124722.6171875
121481.0546875
118721.2109375
116277.4609375
114158.1484375
112686.6484375
111368.0703125
110158.328125
109139.9453125
108172.5859375
107492.9375
107223.5390625
107259.5859375
107231.546875
107239.5
107325.0703125
107440.4609375
107563.203125
107691.8203125
107823.3671875
107993.5390625
108161.8671875
108382.6328125
108595.7109375
108804.671875
108990.953125
109184.4375
109370.09375
109570.4921875
109770.53125
109958.46875
110139.2109375
110291.296875
110418.7734375
110511.140625
110532.6875
110510.953125
110509.9609375
110488.75
110425.25
110430.8046875
110467.078125
110423.6328125
110314.5859375
110158.8984375
109992.5703125
109820.765625
109655.0390625
109459.6171875
109256.171875
109028.96875
108795.375
108543.6796875
108288.921875
108045.921875
107796.671875
107556.3515625
107312.1953125
107104.9296875
106932.859375
106746.546875
106563.296875
106370.2578125
106180.484375
105984.78125
105796.6953125
105627.328125
105460.53125
105305.796875
105154.4140625
105011.9765625
104892.0078125
104768.4921875
104662.7265625
104561.453125
104471.125
104385.6875
104303.546875
104229.1171875
104161.0703125
104102.484375
104046.46875
103993.0859375
103946.109375
103894.8125
103845.90625
103796.7578125
103749.28125
103702.3203125
103657.921875
103625.875
103601.984375
103583.234375
103568.1484375
