25400.0
25400.0
25320.919921875
24740.18359375
24617.634765625
24225.630859375
23939.826171875
23886.0390625
23875.880859375
23875.103515625
23876.650390625
23879.03515625
23881.5625
23884.240234375
23886.904296875
23891.1015625
23895.9453125
23900.796875
23906.794921875
23913.5546875
23922.115234375
23932.36328125
23945.857421875
23963.830078125
23988.771484375
24023.169921875
24064.357421875
24125.130859375
24216.666015625
24574.767578125
24895.78515625
25049.126953125
25110.595703125
25128.494140625
25127.2421875
25122.9453125
25210.458984375
25483.482421875
26306.775390625
27953.75390625
30855.595703125
34278.3984375
37324.5859375
39511.33984375
41567.7265625
44245.765625
47656.48828125
52340.37890625
57098.796875
62392.93359375
67430.8359375
72422.1171875
77264.2890625
80865.640625
83646.09375
86355.078125
88884.9140625
91056.0546875
93037.46875
94831.8046875
96577.8125
98241.6328125
99699.90625
101066.71875
102452.90625
103697.28125
104979.4140625
106083.4609375
107051.3984375
107818.265625
108466.7734375
108937.4375
109258.2578125
109471.8359375
109594.515625
109655.1953125
109674.765625
109663.1484375
109594.1171875
109466.1875
109265.0390625
109013.3203125
108721.7109375
108433.0078125
108161.25
107886.4453125
107708.953125
107722.15625
107762.859375
107777.3828125
107745.703125
107673.5390625
107659.4921875
107793.203125
107889.8515625
107931.171875
107985.3671875
108025.6796875
108042.9296875
108035.609375
108004.828125
107959.234375
107892.8671875
107815.0234375
107731.4765625
107643.984375
107549.640625
107527.46875
107656.5
107779.5546875
107883.671875
107969.8046875
108039.921875
108103.0703125
108168.296875
108219.6640625
108258.140625
108284.3828125
108297.625
108297.515625
108286.203125
108262.609375
108225.59375
108167.375
