25400.0
25400.0
25400.0
25400.0
25400.0
25400.0
25400.0
25400.0
25400.0
25400.0
25400.0
25400.0
25400.0
25400.0
25400.0
25400.0
25400.0
25400.0
25400.0
25400.0
25400.0
25400.0
25400.0
25400.0
25400.0
25400.0
25400.0
25400.0
25400.0
25400.0
25400.0
25400.0
25400.0
25400.0
25400.0
25400.0
25400.0
25400.0
33536.76953125
46918.29296875
56218.81640625
62773.375
68950.4453125
73324.0859375
76831.921875
79680.5859375
82384.65625
85179.328125
87788.46875
90189.8203125
92329.390625
94402.453125
96348.3828125
98001.171875
99700.2734375
101259.703125
102797.8984375
104371.515625
105806.203125
107280.875
108711.8515625
110142.5
111466.6171875
112777.46875
114034.015625
115115.9609375
116271.734375
117443.671875
118617.3984375
119767.0625
120950.8359375
122169.828125
123276.5390625
124445.84375
125615.53125
126963.015625
128319.9453125
129523.8671875
130945.3671875
132371.828125
133782.515625
135041.578125
136226.765625
137323.546875
138364.703125
139459.765625
142084.015625
144378.8125
145584.765625
146618.28125
147795.640625
148930.84375
150234.765625
151054.984375
153544.984375
151078.65625
149041.03125
147103.046875
145395.0625
143959.109375
142711.828125
141667.125
140617.578125
139734.71875
139051.0625
138958.640625
139217.484375
139356.125
139462.265625
139557.625
139645.890625
139750.859375
139879.84375
139999.734375
140162.03125
140322.140625
140457.140625
140699.75
140938.765625
141069.6875
141055.640625
141006.515625
140962.46875
140905.96875
