25400.0
25400.0
25400.0
25108.4453125
24498.568359375
24388.615234375
24024.01953125
23852.306640625
23806.11328125
23801.427734375
23802.61328125
23804.99609375
23808.4296875
23814.013671875
23820.697265625
23829.41796875
23841.08203125
23858.74609375
23888.271484375
23930.26171875
24007.34765625
24262.623046875
25279.56640625
27474.642578125
33552.7734375
43117.80078125
54807.33984375
69564.84375
77273.90625
82919.484375
87960.8671875
92178.3359375
95541.2890625
97924.3359375
99683.78125
100877.765625
101731.2578125
102475.84375
103044.8671875
103445.25
103600.7578125
103604.7109375
103520.125
103339.453125
103044.0625
102770.8828125
102595.5625
102457.90625
102327.03125
102142.140625
102009.4609375
102023.3359375
102024.3515625
101964.84375
101857.0625
101737.296875
101583.53125
101421.140625
101241.78125
101065.8046875
100884.953125
100708.734375
100540.9765625
100368.828125
100203.421875
100038.6640625
99874.9609375
99728.8359375
99567.390625
99425.65625
99448.3359375
99464.953125
99475.2890625
99481.65625
99475.03125
99452.7734375
99421.0390625
99392.6171875
99370.3984375
99352.375
99331.7578125
99315.09375
99293.7734375
99269.625
99240.3203125
99206.078125
99166.234375
99118.765625
99069.3203125
99014.078125
98965.7421875
98924.1015625
98876.546875
98827.515625
98774.5234375
98720.3671875
98660.3359375
98604.7578125
98560.984375
98546.46875
98594.46875
98594.1796875
98583.53125
98562.03125
98529.0859375
98494.0625
98456.0234375
98417.9921875
98378.5390625
98340.875
98334.1015625
98397.078125
98443.53125
98508.21875
98598.4140625
98685.0234375
98778.34375
98860.421875
98932.0703125
98989.7109375
99036.4765625
99076.359375
99111.4296875
99141.0859375
99162.7421875
99178.0625
