25400.0
25400.0
25400.0
25400.0
25400.0
25400.0
25400.0
25400.0
25400.0
25400.0
25400.0
25400.0
25400.0
25400.0
25400.0
25400.0
25400.0
25400.0
25400.0
25400.0
25400.0
25400.0
25400.0
25400.0
25400.0
25400.0
25400.0
25400.0
25400.0
25400.0
25400.0
25400.0
25400.0
25400.0
25400.0
25400.0
25400.0
26863.34375
36170.23828125
44591.57421875
51671.84765625
57384.21875
61831.44921875
66849.984375
71456.1171875
76569.359375
81288.1796875
85847.3671875
90249.7890625
94531.546875
99045.6171875
103558.9296875
108100.7109375
112254.953125
115953.765625
120112.421875
124102.640625
128134.25
131890.640625
135694.015625
139299.609375
142479.203125
145522.046875
148343.078125
151121.4375
154027.65625
156682.328125
159430.25
161984.84375
164486.375
166922.265625
169294.6875
165805.875
162750.21875
159341.21875
156176.375
153142.1875
150320.015625
147907.59375
145377.421875
143121.78125
141051.890625
139934.421875
139023.03125
137773.40625
136491.890625
135403.9375
134505.40625
133718.78125
133185.421875
133021.421875
132997.75
132924.390625
132792.0
132663.0625
132581.15625
132552.390625
132566.015625
132615.09375
132698.5625
132814.890625
132939.609375
133064.90625
133219.703125
133359.78125
133487.390625
133587.8125
133672.25
133963.328125
134195.234375
134353.015625
134355.796875
134257.765625
134114.9375
133954.15625
133731.609375
133432.046875
133067.140625
132689.484375
132318.78125
131958.5625
131600.28125
131216.578125
130831.71875
130412.8984375
