25400.0
25400.0
25400.0
25400.0
25400.0
25400.0
25400.0
25400.0
25400.0
25400.0
25400.0
25400.0
25400.0
25400.0
25400.0
25400.0
25400.0
25400.0
25400.0
25400.0
25400.0
25400.0
38421.625
60132.09765625
79305.8046875
92959.7578125
105433.9765625
116410.96875
125253.265625
131483.375
131007.328125
130158.828125
129097.78125
127668.359375
126016.0625
124203.5078125
122328.7421875
120518.65625
118707.9921875
117124.7578125
115644.265625
114433.15625
113460.8515625
112447.671875
111513.3515625
110616.4453125
109819.703125
109064.484375
108365.0390625
107734.7421875
107130.8671875
106584.7265625
106073.7265625
105588.7734375
105159.59375
104702.296875
104305.9140625
103810.625
103319.5
102840.6171875
102435.546875
102167.875
101955.8671875
101742.546875
101525.9765625
101316.8125
101140.609375
100953.515625
100803.828125
100650.5
100453.890625
100235.390625
100042.9921875
99878.9609375
99724.875
99582.4921875
99437.3515625
99403.4453125
99476.453125
99579.5625
99653.078125
99825.1484375
99937.4140625
100008.6796875
100090.15625
100153.8046875
100204.15625
100243.90625
100324.6328125
100401.265625
100463.296875
100563.9140625
100698.390625
100867.703125
101035.71875
101241.03125
101468.40625
101697.5078125
101946.109375
102182.8125
102416.7109375
102658.1640625
102911.4453125
103069.6328125
103196.2890625
103481.328125
103784.5546875
104088.484375
104410.6796875
104737.671875
105105.453125
105513.6015625
105901.3046875
106275.859375
106620.4296875
106907.0078125
107183.5859375
107403.0078125
107590.0625
107797.9140625
108012.109375
108184.4453125
108303.625
108379.8046875
108417.65625
108429.3828125
