25400.0
25400.0
25400.0
25399.765625
25168.33984375
24951.796875
24889.859375
24889.859375
24889.859375
24889.859375
24889.859375
24889.859375
24921.505859375
24932.859375
24936.03515625
24937.56640625
24938.689453125
24939.787109375
24940.703125
24941.669921875
24943.69921875
24944.916015625
24945.79296875
24946.45703125
24947.138671875
24947.69140625
24948.271484375
24948.716796875
24949.2265625
24949.4453125
24949.04296875
24948.625
24945.60546875
24948.75390625
28662.73828125
42158.09375
56172.2421875
68569.3671875
78156.65625
86228.1328125
94653.296875
101900.8359375
107413.2109375
112343.4765625
116431.71875
119944.59375
122713.5703125
124954.46875
126684.2265625
127970.0546875
128858.2265625
129399.421875
129874.5859375
131538.765625
132524.09375
130943.921875
129642.6328125
128475.953125
127338.46875
126145.9609375
124979.84375
123874.296875
122760.703125
121716.5546875
120670.4765625
119654.4453125
118766.8984375
117832.3359375
116972.53125
116131.125
115358.2578125
114625.0
113932.796875
113267.078125
112539.4453125
111898.8359375
111282.7265625
110729.3203125
110274.7109375
109690.1328125
109131.09375
108578.390625
108090.9765625
107612.6875
107153.484375
106725.6328125
106311.1953125
105946.1171875
105571.140625
105194.5859375
104866.0546875
104520.171875
104198.1953125
103876.7890625
103577.9375
103321.5234375
103138.15625
102963.921875
102754.4453125
102551.1328125
102348.453125
102150.9375
101975.4296875
101799.765625
101638.9375
101481.265625
101334.9921875
101203.53125
101169.125
101195.0703125
101299.21875
101442.0703125
101627.1796875
101824.0078125
101993.5234375
102156.0390625
102296.8515625
102443.0078125
102596.8515625
102730.1875
102832.984375
102914.40625
102991.9765625
103068.3984375
103155.6328125
