25400.0
25400.0
25400.0
25400.0
25400.0
25400.0
25400.0
25400.0
25400.0
25400.0
25400.0
25400.0
25400.0
25400.0
25400.0
25400.0
25400.0
25400.0
25400.0
33234.20703125
57447.8828125
73035.140625
80745.28125
86702.7890625
92595.4765625
97844.1328125
102242.7421875
106172.828125
109777.4296875
113407.6640625
116680.515625
119526.6953125
122345.421875
124648.7578125
126750.625
129009.8359375
131286.46875
133496.375
136170.828125
140021.09375
141864.8125
143445.65625
148325.359375
143817.421875
140033.90625
137681.546875
135794.484375
134265.109375
133233.0
133068.046875
133132.171875
133516.75
133990.828125
134397.96875
134642.25
134991.78125
135180.6875
135043.640625
134799.96875
134604.265625
134167.0625
133573.328125
132909.84375
132069.46875
131156.484375
130121.5859375
128977.9921875
127974.78125
126910.7421875
125966.1484375
124993.7890625
124068.2109375
123115.2265625
122161.953125
121267.6171875
120335.4375
119406.984375
118465.90625
117525.890625
116674.4765625
115719.984375
114870.3515625
114051.2109375
113299.6953125
112563.609375
111862.8203125
111218.9453125
110591.6484375
110015.8671875
109453.109375
108972.703125
108553.8359375
108099.59375
107680.21875
107266.09375
106883.765625
106497.84375
106112.8671875
105766.453125
105433.28125
105131.9921875
104841.03125
104567.9609375
104335.0625
104092.3125
103876.296875
103676.6484375
103483.1875
103288.8515625
103108.3671875
102945.703125
102776.953125
102622.203125
102473.4921875
102337.859375
102229.921875
102122.109375
102023.9609375
101927.78125
101835.859375
101743.359375
101663.5546875
101590.890625
101518.6953125
101453.328125
101391.890625
