25400.0
25400.0
25400.0
25400.0
25400.0
25400.0
25400.0
25400.0
25400.0
25400.0
25400.0
25400.0
25400.0
25400.0
25400.0
25400.0
25400.0
25400.0
25400.0
25400.0
25400.0
25400.0
25400.0
25400.0
25400.0
25400.0
25400.0
25400.0
25400.0
25400.0
25400.0
25698.431640625
37589.0625
49199.51171875
55945.65625
60918.4375
66156.734375
70961.125
75449.7578125
79320.9765625
82944.4921875
86414.109375
89278.9375
92105.6328125
94584.78125
96980.59375
99277.75
101479.390625
103761.34375
106212.0546875
108720.2421875
110839.5390625
112292.046875
113302.6328125
114660.78125
116211.3828125
117656.3125
119575.1875
121403.8203125
123036.25
124722.8203125
126735.71875
128944.0234375
130975.890625
133094.1875
135358.015625
137315.25
139272.5
137749.9375
136153.84375
134676.765625
133205.359375
131821.609375
130568.0546875
129459.9453125
128198.5
126868.8671875
125628.6015625
124593.046875
123570.8671875
122639.0625
121729.734375
120892.8828125
120109.8515625
119518.875
118883.4609375
118134.828125
117491.03125
116850.109375
116237.046875
115907.53125
115873.9296875
115730.015625
115432.953125
115143.71875
114872.4765625
114608.0546875
114343.5859375
114113.1171875
113967.984375
113884.5703125
113835.40625
113796.6640625
113752.5546875
113728.25
113728.6640625
113743.4609375
113793.7421875
113881.5703125
113987.2109375
114103.78125
114217.0078125
114330.765625
114446.6953125
114550.5703125
114657.5
114737.515625
114822.6640625
114954.6484375
115110.59375
115264.859375
115411.0078125
115560.4296875
115707.5078125
115858.1484375
