25400.0
25400.0
25371.70703125
24616.658203125
24539.318359375
24354.998046875
24286.96484375
24268.337890625
24267.6484375
24269.951171875
24272.83203125
24275.92578125
24279.015625
24283.119140625
24288.255859375
24293.80859375
24301.10546875
24309.537109375
24318.697265625
24331.775390625
24349.220703125
24375.53515625
24419.01953125
25461.9453125
30327.37109375
39265.32421875
50569.41015625
61221.0859375
72852.828125
81435.5625
87584.25
93424.6875
98310.4609375
102642.46875
106324.0234375
109644.1171875
112850.921875
114519.3046875
114033.75
113607.703125
113197.6171875
112804.703125
112429.8984375
111942.09375
111383.3203125
110784.0
110219.3671875
109758.3046875
109363.8125
109082.8203125
108773.4296875
108466.84375
108159.5859375
107857.828125
107549.0703125
107201.796875
106866.6953125
106529.3125
106262.0390625
105988.625
105783.0390625
105597.46875
105418.375
105252.7109375
105093.3125
104952.390625
104845.2421875
104719.1875
104606.4296875
104488.4296875
104371.03125
104368.7734375
104628.8125
104834.8046875
105014.2890625
105180.6953125
105365.765625
105541.1484375
105671.3359375
105797.1171875
106032.59375
106149.953125
106203.2421875
106321.5859375
106385.765625
106388.78125
106408.3046875
106323.7734375
106213.4609375
106019.15625
105820.328125
105604.1796875
105434.515625
105364.4609375
105441.140625
105498.1796875
105670.8671875
105804.9140625
105852.6171875
105826.1796875
105735.8671875
105665.046875
105630.78125
105633.6875
105686.375
105788.9296875
105878.609375
105953.4765625
105988.0625
105976.09375
105942.2734375
105918.6171875
105820.8125
105717.1484375
105644.0703125
105576.5859375
105512.3046875
105443.1328125
105370.453125
105303.859375
105252.0625
105206.5703125
105163.4296875
105127.5703125
105095.53125
