25400.0
25400.0
25353.736328125
24764.873046875
24636.12890625
24630.8359375
24623.3671875
24622.498046875
24624.60546875
24627.62109375
24630.91796875
24634.16796875
24637.173828125
24640.076171875
24643.212890625
24646.880859375
24648.1171875
24699.498046875
33414.0078125
48321.92578125
64495.63671875
80756.5703125
96234.953125
110672.0625
122081.7421875
125202.46875
126648.3359375
127286.703125
127136.8828125
126657.2265625
125885.0703125
125063.71875
123997.0546875
122927.5625
121729.9140625
120497.1484375
119350.6171875
118208.03125
117148.59375
116096.78125
115264.59375
114790.5859375
114308.5234375
113889.5546875
113493.9375
112808.84375
112120.8203125
111474.359375
110851.453125
110091.296875
109345.875
108656.3125
108032.8359375
107897.859375
108179.359375
108258.921875
107969.875
107487.15625
106959.4765625
106578.171875
106228.7109375
105865.5078125
105602.5390625
105408.9921875
105260.2265625
105167.421875
105070.8828125
104945.7890625
104798.5703125
104687.1640625
104631.6015625
104627.4296875
104641.6328125
104658.7734375
104666.9140625
104662.3984375
104665.7109375
104679.921875
104710.578125
104752.4375
104804.0703125
104863.625
104933.453125
105009.0078125
105087.125
105168.4375
105236.390625
105299.3671875
105360.6171875
105419.5
105537.1484375
105638.0703125
105725.53125
105798.75
105866.8046875
105924.2421875
105969.984375
106009.6328125
106040.015625
106061.6171875
106077.546875
106089.0
106098.6484375
106102.734375
106101.390625
106115.4296875
106127.828125
106126.6015625
106117.125
106097.125
106073.640625
106044.75
106011.5234375
105977.4296875
105934.7890625
105888.515625
105835.3359375
105776.7421875
105709.8359375
105636.9609375
105555.9375
105466.84375
105377.7734375
105283.1796875
