25400.0
25400.0
25400.0
25400.0
25400.0
25400.0
25400.0
25400.0
25400.0
25400.0
25400.0
25400.0
25400.0
25400.0
25400.0
36982.22265625
57883.78515625
76312.3828125
93651.125
107798.953125
119704.8203125
128567.734375
135758.578125
141211.015625
145173.40625
148024.890625
143812.15625
138928.453125
134559.0
130891.90625
127205.5078125
124006.609375
120605.8125
118375.96875
116663.84375
114947.9765625
113523.40625
112944.21875
112678.109375
112459.65625
112326.484375
112212.6875
112304.171875
112386.71875
112322.9296875
112151.71875
111896.9296875
111574.8984375
111214.671875
110836.6796875
110476.421875
110191.4921875
109994.671875
109839.390625
109688.453125
109568.3671875
109499.9609375
109496.4609375
109620.4609375
109815.234375
110038.3125
110356.21875
110677.2578125
110982.640625
111266.359375
111511.4609375
111749.4296875
111942.3828125
112109.9609375
112252.390625
112371.8203125
112465.109375
112526.2265625
112577.328125
112614.65625
112542.9921875
112456.25
112402.3203125
112349.265625
112291.015625
112291.4921875
112264.6640625
112213.609375
112138.6015625
112062.8671875
111968.015625
111908.7578125
111867.2734375
111917.8203125
111959.1015625
111991.125
112010.09375
112119.7734375
112216.5390625
112276.390625
112298.0234375
112295.453125
112299.8671875
112285.5546875
112240.9765625
112099.9921875
111944.5859375
111754.3046875
111553.875
111343.1953125
111125.046875
110876.828125
110616.5546875
110355.3515625
110066.0546875
109762.296875
109436.5859375
109117.1171875
108832.7734375
108523.984375
108225.5078125
107911.8359375
107610.9375
107289.328125
106966.1484375
106653.4453125
106341.5625
106097.1796875
105853.4296875
