25400.0
25400.0
25400.0
25400.0
25400.0
25400.0
25400.0
25400.0
25400.0
25400.0
25400.0
25400.0
25400.0
25400.0
25400.0
25400.0
25400.0
25400.0
25400.0
25400.0
25400.0
25400.0
25400.0
25400.0
25400.0
25400.0
25400.0
25400.0
25400.0
38193.86328125
50404.48046875
55953.83203125
59917.3203125
64174.6875
67901.21875
71019.1640625
73915.484375
77211.6015625
80582.375
83504.0625
86183.6796875
88444.7734375
91102.25
94728.6875
97963.2890625
101336.5078125
106097.46875
112486.6171875
119392.71875
124823.9609375
129621.078125
133947.703125
139522.6875
145390.453125
152170.546875
159008.703125
166321.71875
173309.875
179351.609375
186351.59375
192156.546875
198625.859375
199327.0625
207411.703125
202570.9375
196119.234375
191277.921875
187571.921875
184645.140625
181265.25
178152.59375
175211.328125
172411.515625
169482.9375
166462.5625
163441.328125
160430.234375
157871.40625
155277.984375
152656.0625
150543.515625
148108.875
145750.96875
143499.578125
141687.28125
140152.765625
138677.828125
137103.3125
135535.53125
134071.671875
132562.65625
131022.6328125
129617.0625
128037.6640625
126520.609375
125030.8984375
123664.03125
122331.1796875
121087.421875
120119.8515625
119154.6484375
118226.5625
117271.40625
116338.90625
115528.0
114672.453125
113878.671875
113104.0859375
112398.4765625
111716.078125
111077.46875
110493.4921875
109924.7421875
109405.90625
108904.8515625
108433.828125
108029.9140625
107606.8046875
107218.28125
106832.171875
106497.7265625
106199.5859375
105930.7265625
105689.0625
105453.4140625
105236.6328125
105022.78125
