25400.0
25400.0
25400.0
25400.0
25400.0
25400.0
25400.0
25400.0
25400.0
25400.0
25400.0
25400.0
25400.0
25400.0
25400.0
25400.0
25400.0
25400.0
25400.0
25400.0
25400.0
25400.0
25400.0
25400.0
25400.0
25400.0
25400.0
25400.0
25400.0
25400.0
25400.0
25400.0
25400.0
25400.0
25400.0
25400.0
25400.0
25400.0
28276.90625
37332.15234375
44080.73828125
49519.62109375
53869.265625
58792.51953125
63552.84765625
69500.859375
74563.1484375
79908.2109375
85575.7421875
91003.1953125
96540.7734375
103069.640625
108924.7890625
114017.15625
118303.875
123532.609375
128165.0390625
132614.546875
137260.609375
142889.25
148499.203125
153464.609375
157867.28125
161477.109375
164772.515625
168329.953125
171340.828125
174341.890625
176883.65625
178837.890625
180502.90625
181745.703125
182615.875
186521.796875
187539.515625
188668.78125
194915.40625
195761.296875
190398.234375
185925.234375
182266.875
179240.546875
177006.296875
175048.6875
173419.578125
171987.9375
170654.375
169222.421875
167647.265625
166167.828125
164772.90625
163284.03125
161956.59375
160443.765625
158860.84375
157149.609375
155385.921875
153776.421875
152101.765625
150451.625
148743.796875
147088.5
145681.671875
144133.125
142746.921875
141480.1875
140294.640625
139055.328125
137802.203125
136548.3125
135238.40625
133950.109375
132637.078125
131372.671875
130271.484375
129096.71875
127991.8984375
126881.6796875
125829.8828125
124762.390625
123762.2265625
122857.234375
121968.71875
121137.6953125
120298.40625
