25400.0
25400.0
25313.91796875
24757.716796875
24699.498046875
24530.845703125
24284.185546875
24222.9609375
24208.578125
24206.81640625
24208.748046875
24211.96484375
24215.46875
24219.28515625
24223.044921875
24227.921875
24235.140625
24242.609375
24251.7734375
24261.595703125
24272.873046875
24285.548828125
24302.427734375
24321.783203125
24343.951171875
24371.765625
24404.998046875
24447.955078125
24501.73828125
24730.498046875
24967.2265625
25158.96484375
25608.955078125
26858.177734375
29643.958984375
35385.578125
42550.7578125
50685.30859375
58455.12890625
67526.8671875
74327.328125
78805.359375
82999.4375
87035.4453125
90813.1328125
94024.4296875
96902.9765625
99536.984375
101986.734375
104761.4140625
107201.15625
109381.3203125
111255.25
112956.109375
114375.578125
114147.3984375
113976.6796875
113778.015625
113528.34375
113259.703125
112981.78125
112696.1328125
112432.5703125
112167.765625
111914.9765625
111753.984375
111593.4453125
111405.2890625
111142.7734375
110879.578125
110619.34375
110381.703125
110183.8125
109939.359375
109728.359375
109497.5546875
109260.5390625
109042.8828125
108799.828125
108583.8359375
108379.75
108207.5703125
108051.5390625
107903.7421875
107753.53125
107589.2578125
107418.09375
107237.921875
107061.75
106902.1171875
106722.890625
106580.640625
106440.4765625
106296.859375
106147.140625
105988.8984375
105839.640625
105694.515625
105570.1171875
105453.1640625
105341.125
105240.5546875
105128.5078125
105042.65625
105066.375
105215.640625
105356.0390625
105490.3828125
105614.6015625
105730.671875
105830.9375
105918.671875
105988.1875
106063.609375
106140.1171875
106200.0234375
106218.625
106322.3125
106313.03125
106261.1015625
106204.7265625
106155.1953125
106126.640625
106156.4765625
