25400.0
25400.0
25400.0
25400.0
25400.0
25400.0
25400.0
25400.0
25400.0
25400.0
25400.0
25400.0
25400.0
25400.0
25400.0
25400.0
25400.0
25400.0
28291.05859375
49111.64453125
70609.2734375
87410.8359375
100947.328125
113283.3203125
122500.859375
129580.0390625
134044.078125
137788.671875
140755.71875
142849.0625
143919.421875
144030.84375
143714.984375
143774.5625
147782.296875
149044.546875
149751.828125
148046.890625
142996.046875
138923.15625
136102.875
134189.171875
132608.1875
131527.859375
131094.8125
130948.3359375
130953.40625
131063.3515625
131188.734375
131379.3125
131321.703125
131030.0546875
130714.5234375
130454.265625
130225.390625
129953.453125
129572.8828125
129055.5703125
128369.59375
127599.1953125
126785.5234375
125906.3046875
125041.2890625
124161.2109375
123343.40625
122607.3828125
121775.3125
120944.0859375
120099.6171875
119313.3203125
118529.4453125
117769.453125
117063.7421875
116356.59375
115690.5390625
115019.453125
114361.78125
113783.7890625
113162.046875
112579.90625
111999.3671875
111453.8515625
110902.1796875
110357.46875
109849.171875
109344.6171875
108877.5234375
108416.0703125
107975.703125
107592.9609375
107187.0859375
106811.734375
106441.1796875
106097.4921875
105765.7421875
105453.359375
105166.40625
104883.7265625
104621.875
104364.921875
104119.0625
103907.703125
103684.875
103480.1484375
103281.2265625
103099.890625
102924.0
102753.796875
102593.0390625
102437.9765625
102298.953125
102170.734375
102056.5703125
101960.5234375
101862.984375
101777.4296875
101696.515625
101623.9921875
101553.5703125
101488.5390625
101430.53125
101376.7578125
101332.4921875
101296.65625
