25400.0
25400.0
25400.0
25400.0
25400.0
25400.0
25400.0
25400.0
25400.0
25400.0
25400.0
25400.0
25400.0
25400.0
25400.0
25400.0
25400.0
25400.0
25400.0
25400.0
25400.0
25400.0
25400.0
25400.0
25400.0
25400.0
25400.0
25400.0
25400.0
25400.0
25400.0
25400.0
25400.0
25400.0
25400.0
25400.0
25400.0
25400.0
25400.0
25400.0
25400.0
25400.0
25400.0
25400.0
25400.0
25400.0
25400.0
25400.0
25400.0
25400.0
25400.0
29513.314453125
42033.41796875
51454.32421875
58401.53515625
64050.2421875
69432.1171875
73426.546875
76930.9375
80031.078125
82961.71875
85867.1484375
88379.03125
90690.421875
92775.1796875
94516.015625
96311.03125
97989.6328125
99652.0625
101295.2890625
102829.609375
104221.1640625
105455.71875
106633.890625
107649.8671875
108690.2421875
109715.4609375
110614.3203125
111563.46875
112437.8671875
113340.8984375
114214.640625
115067.9296875
115823.6484375
116511.5546875
117195.265625
117850.25
118517.53125
119162.5703125
119730.734375
120335.8828125
120849.6640625
121256.078125
121605.8828125
121957.421875
122312.71875
122653.21875
123067.0234375
123518.890625
124005.875
124429.1171875
124763.3359375
125073.4296875
125324.359375
125613.390625
125871.515625
126052.71875
126152.0546875
126196.890625
126217.0546875
126224.9296875
126256.0234375
126260.8671875
126393.8828125
126782.2265625
127273.3203125
128292.9765625
129561.8515625
131103.546875
132859.625
135136.0625
137604.484375
139986.84375
143501.59375
