25400.0
25400.0
25400.0
25400.0
25389.048828125
25375.455078125
25367.25390625
25362.861328125
25360.380859375
25359.046875
25358.2890625
25357.87109375
25357.64453125
25357.513671875
25357.44140625
25357.3984375
25357.375
25357.361328125
25357.353515625
25357.34765625
25357.345703125
25357.34375
25357.34375
25357.34375
25357.34375
25357.34375
25357.34375
25357.34375
25357.34375
25357.1796875
25356.587890625
25355.724609375
26534.06640625
38060.62890625
47344.41015625
54297.32421875
60585.83203125
67717.2109375
74430.6328125
82135.171875
90731.9296875
98509.1015625
107303.859375
115595.2890625
123650.6953125
130728.28125
138351.234375
146819.546875
154306.984375
161137.84375
164835.6875
162735.234375
160607.203125
158552.25
156167.28125
153834.265625
151429.671875
149146.171875
146803.203125
145070.109375
143578.375
142009.546875
140498.71875
139016.671875
137630.171875
136665.421875
135042.859375
133489.59375
132007.4375
130688.484375
129439.859375
128101.859375
126590.0
125463.2421875
124698.4609375
124514.6171875
123836.3359375
123167.59375
122588.9296875
122118.8984375
121809.5390625
121690.2734375
121596.734375
121498.390625
121429.6953125
121396.453125
121417.4453125
121488.8984375
121523.6171875
121561.7890625
121651.0859375
121781.546875
121851.7890625
121857.890625
121928.4921875
122051.0703125
122175.890625
122287.5546875
122370.2265625
122421.28125
122440.5625
122438.09375
122377.7578125
122334.2265625
122293.796875
122219.46875
122104.0
121986.4765625
121949.5546875
122040.9609375
122080.2890625
122044.015625
121940.8203125
121825.3125
121664.8125
121476.9375
121251.6328125
121000.296875
120708.2109375
120407.046875
120101.8359375
119782.546875
119473.8515625
119155.25
