25400.0
25400.0
25052.533203125
24528.48828125
24200.109375
23949.18359375
23921.16796875
23926.15625
23942.603515625
23969.1328125
24019.853515625
24131.5
24555.857421875
25006.85546875
25154.75
25195.49609375
25209.68359375
25218.244140625
25223.9140625
25613.896484375
27976.859375
34697.98046875
42543.25
51336.5625
59438.30078125
67006.046875
73359.9375
79589.828125
85636.96875
91350.09375
94816.78125
98048.25
100987.7265625
103347.671875
105338.0625
107128.375
108827.28125
110439.4765625
111599.53125
112435.6015625
112946.3828125
113339.046875
113724.2734375
113943.8984375
114026.109375
114041.84375
113968.1015625
114181.9921875
114628.7578125
114943.6640625
115124.171875
115204.171875
115187.4765625
115124.1171875
114976.9453125
114795.28125
114580.609375
114351.7265625
114099.28125
113829.4921875
113557.53125
113330.578125
113094.1484375
112806.78125
112520.90625
112276.7890625
112021.671875
111784.1015625
111541.5234375
111302.28125
111027.625
110765.75
110544.6171875
110344.875
110137.3125
109935.0078125
109670.859375
109438.484375
109197.953125
109019.078125
108808.2890625
108579.3671875
108338.359375
108132.9765625
107885.65625
107644.59375
107489.1953125
107328.1171875
107135.890625
106924.625
106675.96875
106637.8203125
106580.2109375
106457.5
106305.0
106200.59375
106142.5390625
106082.6953125
105994.4609375
105874.2890625
105739.8515625
105616.4375
105535.703125
105433.71875
105380.90625
105360.8203125
105325.1875
105295.1640625
105336.3515625
105435.1484375
105580.0625
105730.015625
105886.4609375
106029.953125
106197.9140625
106367.9921875
106547.8125
106728.09375
106915.8125
107097.0703125
107254.7578125
107401.171875
107529.8125
107650.40625
