25400.0
25400.0
25400.0
25400.0
25400.0
25400.0
25400.0
25400.0
25400.0
25400.0
25400.0
25400.0
25400.0
25400.0
25400.0
25400.0
25400.0
25400.0
25400.0
25400.0
25400.0
25400.0
25400.0
25400.0
25400.0
25400.0
25400.0
25400.0
25400.0
25400.0
25400.0
25400.0
25400.0
25400.0
25400.0
25416.8515625
36480.421875
49424.71484375
59586.51953125
68329.796875
75101.203125
81931.7734375
87246.734375
92536.125
96783.03125
100138.453125
102621.3984375
104970.4453125
107228.2578125
109243.7578125
111502.2734375
113552.3515625
115339.0390625
116883.5546875
118127.375
119371.8203125
120565.5390625
121822.203125
122989.2109375
124102.9765625
125111.828125
126001.9375
126867.0703125
127614.6875
128333.546875
129006.7734375
129561.3671875
130107.1484375
130713.40625
131287.8125
131838.40625
132398.75
132896.3125
133302.953125
133640.90625
133870.171875
134178.28125
136759.5625
137852.296875
138548.75
139132.5
139648.109375
140167.359375
140267.203125
142288.859375
144688.484375
146528.15625
148564.765625
146288.5
144171.765625
142496.609375
140845.46875
139429.6875
138156.75
137072.421875
136073.15625
135241.515625
134512.5625
133831.453125
133213.515625
132661.421875
132367.765625
132359.0
132521.734375
132694.28125
132998.296875
133494.65625
133966.40625
134393.9375
134786.203125
135249.796875
135781.671875
136138.09375
136238.3125
136160.828125
135869.03125
135609.6875
135813.53125
135931.125
135916.03125
135814.109375
135633.0
135365.765625
135050.453125
134677.875
