25400.0
25400.0
25400.0
25400.0
25400.0
25400.0
25400.0
25400.0
25400.0
25400.0
25400.0
25400.0
25400.0
25400.0
25400.0
25400.0
25400.0
25400.0
25400.0
25400.0
25400.0
25400.0
25400.0
25400.0
25400.0
25400.0
25400.0
25400.0
25400.0
25400.0
25400.0
25400.0
25400.0
25400.0
25400.0
25400.0
25400.0
25400.0
33635.90625
47143.8125
57169.67578125
64662.609375
71265.8515625
75562.890625
78725.078125
81401.234375
83858.9140625
86558.8046875
88951.8515625
91246.9921875
93340.1015625
95344.2890625
97180.84375
98888.1171875
100631.640625
102220.65625
103662.234375
104857.5
106030.6640625
107247.0703125
108636.75
110079.296875
111402.296875
112708.890625
113980.5390625
115124.8125
116467.4921875
117825.0
119270.6171875
120602.5859375
121832.40625
122957.328125
124012.96875
125756.328125
127909.8203125
130358.6015625
132886.515625
135205.09375
137717.78125
140012.734375
142390.765625
144753.953125
147785.359375
150641.15625
153103.9375
155528.484375
157910.1875
162710.15625
166692.1875
169215.25
172023.65625
175021.796875
179559.640625
177274.78125
174459.421875
172750.8125
171268.765625
169985.90625
168991.46875
168261.90625
167929.390625
167675.09375
167391.0
167076.90625
166711.1875
166333.53125
165926.359375
165496.90625
165080.046875
164602.40625
164331.203125
163845.640625
163242.96875
162702.4375
162106.5
161552.390625
160951.9375
160464.203125
159930.359375
159222.234375
158343.0
157358.484375
156336.265625
155222.78125
