25400.0
25400.0
25400.0
25400.0
25340.775390625
25340.775390625
25340.775390625
25340.775390625
25340.775390625
25340.775390625
25340.775390625
25340.775390625
25340.775390625
25340.775390625
25340.775390625
25340.775390625
25340.775390625
25340.775390625
25340.775390625
25340.775390625
25340.775390625
25340.775390625
25340.775390625
25340.775390625
25340.775390625
25340.775390625
25340.775390625
25340.775390625
27335.203125
36657.45703125
49544.9140625
61298.15234375
73490.4296875
83266.53125
92332.6953125
101170.0546875
108959.75
116218.6171875
122434.3125
128170.6484375
133122.21875
137065.375
137759.796875
136916.328125
135924.671875
134881.09375
133680.375
132389.703125
131116.328125
129815.671875
128617.1875
127401.359375
126189.8359375
125120.515625
123970.046875
122904.4765625
121859.1171875
120903.71875
119968.921875
119082.8359375
118279.3984375
117522.765625
116831.9375
116153.984375
115502.34375
114946.1953125
114353.1328125
113692.3515625
113006.296875
112384.8671875
111875.3515625
111482.46875
111053.609375
110575.7265625
110138.2265625
109725.6015625
109292.1484375
108853.484375
108353.1171875
107876.3828125
107411.671875
106994.890625
106732.6484375
106531.2421875
106429.7421875
106363.5546875
106349.109375
106238.3046875
106037.28125
105802.1640625
105525.3203125
105273.7265625
105085.78125
104937.625
104806.0703125
104680.7578125
104545.109375
104394.1171875
104228.734375
104057.2421875
103903.8125
103779.7421875
103648.28125
103554.046875
103503.84375
103450.0390625
103404.9921875
103371.265625
103344.9296875
103320.109375
103299.3203125
103280.5859375
103266.0703125
103254.8203125
103244.53125
103233.7734375
103221.8203125
103210.5234375
103200.4453125
103191.8046875
103185.1328125
103178.8359375
103164.640625
103146.7421875
