25400.0
25400.0
25400.0
25400.0
25400.0
25400.0
25400.0
25400.0
25400.0
25400.0
25400.0
25400.0
25400.0
25400.0
25400.0
25400.0
25400.0
25400.0
25400.0
25400.0
25400.0
25400.0
31243.77734375
52291.3515625
68182.640625
76430.1328125
81706.9140625
86429.1640625
91175.78125
95404.4140625
98862.4453125
102211.2890625
104936.9609375
107698.140625
110168.578125
112518.65625
114560.375
116689.1875
119069.203125
121428.40625
123750.5703125
125867.8125
127627.109375
129524.9453125
131487.5625
133584.46875
135595.21875
137784.328125
140532.1875
144527.3125
146544.359375
148740.359375
153610.015625
161166.015625
161077.109375
157726.546875
155762.953125
155738.09375
155811.84375
155848.703125
155997.515625
156147.734375
155984.21875
155569.046875
154859.75
154187.265625
153435.875
152609.953125
151727.25
150689.453125
149601.90625
148492.0625
147165.46875
145777.21875
144301.609375
142819.46875
141332.125
139802.59375
138343.984375
136611.6875
134861.3125
133023.109375
131294.5
129696.3359375
128183.3046875
126747.5078125
125304.140625
123961.65625
122635.5703125
121314.1171875
120173.265625
118984.5625
117903.890625
116856.890625
115905.90625
115017.484375
114194.734375
113441.71875
112699.2265625
111991.4453125
111284.9453125
110601.734375
110012.4453125
109427.984375
108899.890625
108390.3828125
107929.1640625
107483.890625
107068.03125
106682.5234375
106296.4375
105934.84375
105585.5
105259.5078125
104982.125
104693.5390625
104428.609375
104165.796875
103920.8671875
103680.8125
103453.34375
103244.3671875
103038.7734375
102850.4375
102665.8046875
