25400.0
25400.0
25400.0
25400.0
25400.0
25400.0
25400.0
25400.0
25400.0
25400.0
25400.0
25400.0
25400.0
25400.0
25400.0
25400.0
25400.0
25400.0
25400.0
25400.0
25400.0
25400.0
25400.0
25400.0
25400.0
25400.0
25400.0
25400.0
25400.0
25400.0
25400.0
25400.0
25400.0
25400.0
25400.0
25400.0
25400.0
25400.0
25400.0
28409.017578125
42728.83203125
55883.44140625
65117.7890625
73254.7265625
79223.9375
84769.4765625
90212.765625
95085.0703125
99190.015625
102698.1015625
105851.2265625
108528.7734375
110803.75
112838.296875
114609.984375
116466.6015625
118093.6484375
119631.2421875
121000.421875
122205.671875
123083.34375
123731.4453125
124260.078125
124769.0234375
125264.8671875
125847.109375
126502.4453125
127173.3671875
127654.7890625
128163.8515625
128649.78125
129058.8046875
129387.4375
129700.6171875
130028.5625
130390.9765625
130800.171875
131169.671875
131464.53125
131749.671875
131995.5
132225.96875
132459.859375
134141.953125
135176.90625
135347.6875
135492.109375
135648.859375
135775.609375
135170.25
134886.1875
136251.359375
138530.171875
139484.0625
139996.65625
141601.15625
143533.625
141953.890625
139873.515625
138236.890625
136759.203125
135468.59375
134455.3125
133484.5
132664.71875
131919.53125
131256.921875
130639.046875
130092.2734375
129619.1171875
129174.09375
128765.5078125
128349.8515625
127941.5546875
127572.4453125
127240.3046875
126953.78125
126675.7734375
126421.28125
126179.1328125
125973.8671875
125882.5859375
125898.7109375
125991.0546875
126076.125
