23180.5859375
21759.33203125
20356.107421875
19313.611328125
18558.10546875
18000.734375
18026.4921875
18364.099609375
18837.041015625
19341.88671875
19875.33203125
20399.822265625
20888.73046875
21367.078125
21804.904296875
22231.388671875
22634.650390625
22984.4453125
23357.728515625
23717.958984375
24096.66796875
24281.603515625
24478.05859375
31842.44140625
37601.72265625
42515.515625
48346.265625
54923.953125
60240.7734375
64233.85546875
67977.7890625
71318.953125
74564.7890625
77624.9375
80324.640625
82548.984375
84236.40625
85658.1875
86842.578125
87889.7578125
88670.265625
89250.625
89808.8203125
90260.3671875
90622.5078125
90938.171875
91243.1796875
91508.6796875
91692.453125
91814.4375
91877.1875
92036.015625
92365.4140625
92672.171875
92978.890625
93239.6875
93862.6015625
94527.375
95136.8515625
95661.1171875
96092.75
96479.765625
96809.84375
97111.6640625
97380.2109375
97598.953125
97814.9296875
98001.8203125
98169.4609375
98315.421875
98450.15625
98572.078125
98678.34375
98787.78125
98894.8359375
98997.7109375
99090.765625
99167.3671875
99243.59375
99309.96875
99369.984375
99430.484375
99495.3125
99554.171875
99602.109375
99642.5390625
99674.2421875
99701.1171875
99720.4375
99733.46875
99744.0078125
99749.578125
99752.2890625
99752.65625
99751.2578125
99748.3203125
99745.4296875
99745.2421875
99752.21875
99763.9765625
99782.9375
99806.953125
99841.453125
99875.8046875
99909.7421875
99940.1640625
99967.53125
99990.1484375
100007.0546875
100019.5
100026.7734375
100029.5625
100031.1875
100040.296875
100043.7265625
100039.40625
100028.2265625
100012.203125
99994.2421875
99988.6640625
99989.5078125
99993.328125
99997.015625
99999.1328125
