25400.0
25400.0
25217.94140625
24659.412109375
24688.501953125
24295.560546875
24095.58984375
24055.888671875
24049.349609375
24050.177734375
24053.22265625
24056.91796875
24060.630859375
24066.634765625
24074.392578125
24083.923828125
24095.0546875
24107.138671875
24124.1171875
24145.08984375
24175.6953125
24216.13671875
24276.794921875
24356.021484375
24790.2734375
25055.23046875
25161.208984375
25274.9765625
25985.6171875
27309.892578125
31068.875
37212.7890625
45371.8125
54282.1953125
63924.51953125
73254.203125
78292.609375
82288.0
85604.1328125
88517.4375
90961.0078125
92779.0
94382.953125
95705.375
96871.4140625
97758.75
98506.8203125
99124.5625
99619.4921875
100040.375
100427.21875
100771.046875
101056.4375
101250.9375
101410.8046875
101522.234375
101602.4921875
101654.8125
101678.3671875
101681.25
101677.4453125
101659.40625
101623.7734375
101574.0703125
101511.859375
101444.78125
101368.2421875
101296.3984375
101219.0
101149.8828125
101055.609375
100966.0234375
100882.15625
100783.015625
100681.8515625
100551.28125
100418.234375
100302.65625
100176.4453125
100054.0078125
99924.3671875
99793.4375
99637.9609375
99465.8984375
99282.03125
99091.5
98909.3515625
98724.78125
98546.09375
98388.703125
98217.53125
98053.4921875
97887.546875
97731.9609375
97577.34375
97425.2265625
97280.9296875
97133.8671875
96995.09375
96854.671875
96719.9609375
96597.375
96456.3984375
96320.8046875
96183.6640625
96055.609375
95927.40625
95802.5078125
95685.8515625
95570.171875
95458.2109375
95344.1953125
95230.4921875
95127.21875
95020.5625
94923.734375
94826.1796875
94734.015625
94643.3828125
94557.796875
94475.7109375
94399.7734375
94344.5625
94292.4375
