25400.0
25400.0
25400.0
25400.0
25400.0
25400.0
25400.0
25400.0
25400.0
25400.0
25400.0
25400.0
25400.0
25400.0
25400.0
25400.0
25400.0
25400.0
25400.0
25400.0
25400.0
25400.0
25400.0
25400.0
25400.0
25400.0
25400.0
25400.0
25400.0
25400.0
25400.0
25400.0
38731.28515625
52235.75390625
59849.4296875
67767.703125
74653.796875
79959.03125
84402.3984375
87915.859375
91040.96875
94104.6015625
96727.2265625
99340.53125
101812.4921875
104301.0625
106628.6015625
109010.8125
111364.28125
113597.0390625
116170.671875
119011.765625
122205.015625
125792.1953125
129183.9296875
133130.90625
136978.390625
140931.796875
145102.015625
149800.03125
150315.640625
148782.09375
147268.015625
145850.40625
144355.40625
142810.265625
141418.875
139915.328125
138560.671875
137339.8125
136176.171875
135422.65625
134571.0625
133520.671875
132376.765625
131231.328125
130014.6875
128778.9453125
127580.5078125
126482.359375
125607.0234375
125114.453125
124584.0078125
124128.875
123644.140625
123164.171875
122722.5078125
122346.2890625
121999.75
121729.171875
121557.3671875
121436.640625
121364.9296875
121508.671875
121713.4140625
121911.6015625
122091.9453125
122253.2109375
122406.78125
122539.796875
122622.3828125
122659.0859375
122721.3203125
122831.7109375
122909.8984375
122947.796875
122943.7734375
122906.1484375
122852.0703125
122787.9609375
122707.4140625
122621.3046875
122521.984375
122418.890625
122322.6796875
122218.234375
122141.5703125
122032.234375
121894.03125
121734.0234375
121563.0703125
121388.6875
121201.9296875
121009.1171875
120797.0234375
