25400.0
25400.0
25400.0
25400.0
25400.0
25400.0
25400.0
25400.0
25400.0
25400.0
25400.0
25400.0
25400.0
25400.0
25400.0
25400.0
25400.0
25400.0
25400.0
25400.0
25400.0
25400.0
25400.0
25400.0
25400.0
25400.0
25400.0
25400.0
25400.0
30879.97265625
51117.09765625
65939.734375
74337.90625
78019.015625
80858.9765625
84195.625
87540.7734375
91517.4140625
95242.8515625
98760.3046875
102253.3828125
105358.5234375
108349.4765625
110895.4140625
113228.859375
115333.875
117286.3203125
119345.046875
121395.0546875
123449.609375
125375.7890625
127399.0
129283.4296875
130933.1640625
132714.765625
134361.84375
135974.234375
137239.796875
137318.5
135271.046875
133621.578125
132080.53125
130819.375
129358.65625
127888.3359375
126648.796875
125370.03125
124199.4375
123062.1796875
122005.0625
121107.875
120161.3515625
119240.4375
118319.1640625
117765.8203125
117207.0234375
116586.5703125
115955.40625
115294.3515625
114766.84375
114321.921875
114176.2265625
114491.53125
114665.1328125
114687.3125
114749.296875
114879.671875
115098.34375
115402.9453125
115747.3515625
116123.890625
116415.890625
116638.328125
116816.0390625
117007.671875
117216.4765625
117450.484375
117701.984375
117915.953125
118125.3046875
118330.953125
118505.3125
118675.46875
118808.2421875
118917.0390625
119012.796875
119050.109375
119026.640625
119015.2734375
119022.828125
119034.890625
119044.671875
119052.328125
119055.3203125
119056.359375
119055.8203125
119052.671875
119047.8359375
119092.828125
119133.7578125
119133.7421875
119128.546875
119119.6875
119102.09375
