25400.0
25400.0
25400.0
25400.0
25400.0
25400.0
25400.0
25400.0
25400.0
25400.0
25400.0
25400.0
25400.0
25400.0
25400.0
25400.0
25400.0
25400.0
25400.0
25400.0
25400.0
25400.0
25400.0
25400.0
25400.0
25400.0
25400.0
25400.0
25400.0
25400.0
25400.0
30906.38671875
44340.640625
55734.98828125
66156.6328125
76107.390625
83474.5234375
90335.3125
96495.8359375
102027.90625
106737.6875
110465.4609375
113991.4296875
117218.6796875
120084.25
122717.859375
125048.84375
127088.25
128881.5234375
130559.578125
132027.234375
133536.34375
134932.453125
136142.15625
137353.390625
138386.53125
139355.078125
140187.453125
140994.953125
141822.296875
142583.234375
142469.0
139995.859375
137708.765625
135348.203125
133229.828125
131028.7890625
129016.703125
127065.0390625
125250.8046875
123385.671875
121692.59375
120142.796875
118976.78125
117936.5
116918.6875
115908.4140625
115055.7421875
114292.7890625
113652.3828125
113078.3828125
112613.1640625
112274.5625
111991.90625
111755.40625
111581.875
111480.5546875
111573.578125
112068.8828125
112473.109375
112869.1328125
113233.90625
113686.734375
114109.3984375
114510.765625
114784.0390625
115052.421875
115363.0078125
115677.34375
116035.734375
116395.2890625
116712.875
117053.03125
117369.1640625
117681.609375
117971.8828125
118262.453125
118558.84375
118857.8125
119153.3828125
119422.9765625
119686.75
119966.5546875
120203.7265625
120447.9375
120666.75
120903.5234375
121183.8984375
121449.59375
121683.7109375
121882.4375
122063.3359375
122212.8203125
122334.2578125
