25400.0
25400.0
25400.0
25400.0
25400.0
25400.0
25400.0
25400.0
25400.0
25400.0
25400.0
25400.0
25400.0
25400.0
25400.0
25400.0
25400.0
25400.0
25400.0
25400.0
25400.0
25400.0
25400.0
25400.0
25400.00390625
25400.0
25400.0
25400.0
29776.833984375
47722.90625
61073.9609375
68781.8515625
73443.65625
77607.296875
81958.8671875
85788.7734375
89085.375
92444.3828125
95767.8046875
98895.2421875
101593.75
103774.3828125
106005.046875
108270.390625
110621.5625
112803.9765625
115049.1796875
117296.890625
119568.5
122191.7734375
124763.6484375
127457.2265625
130100.0234375
132706.25
135522.625
137988.484375
140342.1875
142533.671875
144993.640625
147744.140625
150390.375
155322.71875
158656.828125
154381.515625
150989.9375
148299.953125
145405.484375
142890.484375
141335.140625
139442.78125
137770.359375
137171.265625
136843.8125
136444.5
136224.03125
136110.234375
136017.046875
136206.5625
136485.8125
136774.984375
137138.96875
137536.390625
137836.234375
138167.078125
138458.8125
138635.859375
138824.125
138977.828125
139046.953125
139052.46875
139082.578125
139001.09375
138831.203125
138602.125
138378.390625
138104.140625
137781.46875
137373.640625
136960.109375
136515.3125
136048.59375
135611.5625
135108.515625
134592.34375
133967.59375
133385.765625
132775.265625
132155.3125
131540.390625
130890.609375
130322.3515625
129768.0625
129323.3203125
128889.0703125
128375.3046875
127855.71875
127292.3359375
126713.6875
126139.3515625
125503.65625
124823.5
124118.03125
123440.1953125
122747.0078125
