25400.0
25400.0
25400.0
25400.0
25400.0
25400.0
25400.0
25400.0
25400.0
25400.0
25400.0
25400.0
25400.0
25400.0
25400.0
25400.0
25400.0
25400.0
25400.0
25400.0
25400.0
25400.0
25400.0
25400.0
25400.0
25400.0
25400.0
25400.0
25400.0
25400.0
25400.0
25400.0
25400.0
25400.0
25400.0
25400.0
25400.0
25400.0
25400.0
25400.0
25400.0
25400.0
25400.0
25400.0
25400.0
25400.0
25400.0
25400.0
25400.0
25400.0
25400.0
25400.0
25400.0
25400.0
25400.0
25400.0
25400.0
25400.0
25400.0
25400.0
34161.0078125
43197.31640625
48645.8515625
52569.66796875
56216.15625
60154.69921875
64407.40625
68448.96875
72913.6953125
77565.015625
82525.671875
87097.1796875
91957.5625
97779.8203125
103482.546875
109092.03125
114820.859375
120900.2265625
126706.8515625
131709.78125
136990.59375
142197.0625
147493.21875
152403.515625
157222.21875
161887.6875
167075.375
171994.859375
176380.328125
180590.40625
184759.234375
188482.765625
188960.421875
186399.859375
183816.875
181299.234375
178762.421875
176174.703125
174200.671875
172146.046875
170103.03125
167980.328125
165955.390625
164128.609375
162093.109375
160165.546875
158253.1875
156880.890625
154762.875
152657.078125
150722.4375
148835.390625
147087.546875
145432.953125
143766.6875
142244.515625
140733.84375
139573.375
138434.578125
137254.125
136184.5
135351.25
134637.484375
133985.359375
133342.96875
132638.21875
