25400.0
25400.0
25400.0
25400.0
25400.0
25400.0
25400.0
25400.0
25400.0
25400.0
25400.0
25400.0
25400.0
25400.0
25400.0
25400.0
25400.0
25400.0
25400.0
25400.0
25400.0
25400.0
25400.0
25400.0
25400.0
25400.0
25400.0
25400.0
25400.0
25400.0
25400.0
25400.0
25400.0
31770.83203125
43594.3828125
50143.3203125
54282.26171875
57675.75
61277.61328125
65163.59765625
68554.875
71856.046875
74869.7734375
78645.6484375
82220.421875
85774.71875
89460.484375
93487.03125
97344.9609375
100928.203125
104837.296875
108934.015625
112985.140625
117007.5
120488.1953125
124182.140625
127418.0234375
130029.25
132083.875
134797.421875
137509.296875
141722.34375
145764.46875
149141.609375
152061.3125
150954.125
149134.859375
147220.78125
145385.375
143496.34375
141786.78125
140077.5625
138459.671875
136986.015625
135541.21875
134244.078125
132942.265625
131399.75
130026.3828125
128736.7109375
127553.4609375
126439.8515625
125460.6015625
124491.828125
123714.28125
123213.71875
122485.84375
121684.6875
120921.5625
120337.1328125
119810.0546875
119172.96875
118635.1875
118175.8828125
117794.5
117444.640625
117163.8203125
116959.0
116799.5234375
116686.0625
116604.703125
116568.7578125
116568.4765625
116618.2890625
116688.796875
116779.5625
116831.609375
116896.359375
116975.515625
117051.875
117122.1484375
117188.515625
117247.4921875
117294.2109375
117328.2578125
117352.3515625
117359.8125
117350.4765625
117326.9375
117288.8046875
117239.640625
117223.1875
117225.625
117221.515625
117207.8359375
