25400.0
25400.0
25400.0
25400.0
25400.0
25400.0
25400.0
25400.0
25400.0
25400.0
25400.0
25400.0
25400.0
25400.0
25400.0
25400.0
25400.0
25400.0
25400.0
25400.0
25400.0
25400.0
25400.0
25400.0
25400.0
25400.0
25400.0
25400.0
25400.0
25400.0
25400.0
25400.0
25400.0
25400.0
25400.0
25400.0
25400.0
25400.0
25400.0
25400.0
25400.0
25400.0
25400.0
25400.0
25400.0
25400.0
25400.0
25400.0
25400.0
25400.0
25400.0
25400.0
25400.0
25400.0
25400.0
25400.0
25400.0
25400.0
25400.0
25400.0
25400.0
25400.0
25400.0
25400.0
25400.0
25400.0
25400.0
25400.0
25400.0
25400.0
25400.0
25400.0
25400.0
25400.0
25400.0
25400.0
27118.9609375
33083.7265625
41301.6796875
47722.5390625
53174.00390625
58104.07421875
63435.9296875
69574.8125
74962.5234375
80201.984375
85471.90625
90843.3828125
96463.0859375
101510.90625
107307.0546875
113180.3203125
119043.4765625
124416.4140625
129657.109375
134635.09375
139213.640625
143725.78125
147947.40625
152201.6875
156346.171875
159980.28125
164026.84375
167967.078125
171840.859375
175083.328125
179052.71875
182797.734375
186170.515625
189366.828125
192241.71875
194983.4375
197471.921875
199491.5625
201623.3125
203645.578125
205491.34375
207117.53125
208402.078125
209431.953125
210346.796875
211136.34375
211622.28125
211804.734375
