25400.0
25400.0
25400.0
25400.0
25400.0
25400.0
25400.0
25400.0
25400.0
25400.0
25400.0
25400.0
25400.0
25400.0
25400.0
25400.0
25400.0
25400.0
25400.0
25400.0
25400.0
25400.0
25400.0
25400.0
25400.0
25400.0
25400.0
25400.0
25400.0
25400.0
25400.0
31185.806640625
46468.42578125
58311.64453125
68930.859375
77377.7265625
84399.1875
90793.4609375
96189.4609375
100898.1640625
105083.8359375
108516.1328125
111694.0859375
114427.328125
116979.3515625
119291.890625
121454.375
123317.640625
124911.6328125
126403.359375
127728.234375
129013.6015625
130258.234375
131237.09375
132269.65625
133272.625
134218.09375
135078.234375
135914.390625
136636.859375
137251.5625
137903.078125
138474.3125
138974.640625
139194.203125
141531.6875
141583.40625
141383.875
141412.34375
141137.28125
140661.671875
138858.265625
136386.078125
133922.453125
131718.78125
129824.125
128129.5078125
126702.3828125
125293.28125
124092.890625
123041.1875
122267.9375
121713.578125
121360.0078125
121104.015625
120851.1484375
120671.5703125
120560.390625
120546.375
120584.6640625
120780.5
121340.03125
121968.5703125
122529.96875
123072.46875
123765.75
124498.203125
125200.2890625
125822.3125
126456.5
127024.4609375
127473.7109375
127949.8359375
128601.6640625
129279.5234375
129855.328125
130341.3828125
130666.7890625
130769.015625
130727.875
130605.1015625
130395.90625
130109.3359375
129804.3671875
129472.921875
129433.203125
129350.2578125
129203.125
128975.8984375
128686.3046875
128328.640625
127918.296875
127516.0859375
127102.453125
