20000.0
20000.0
20000.0
20000.0
20000.0
20000.0
20000.0
20000.0
20000.0
20000.0
20000.0
20000.0
20000.0
20000.0
19999.919921875
20000.0078125
20000.0
20000.0
19999.99609375
20000.0
20000.0
20000.0
20000.0
20000.0
20000.0
19284.3828125
18023.57421875
17044.35546875
16260.2158203125
15596.298828125
14786.7216796875
14155.9794921875
13564.3408203125
13060.5361328125
12563.5380859375
12162.4970703125
11845.193359375
11556.8896484375
11306.5205078125
11068.0166015625
10849.4541015625
10656.9775390625
10451.962890625
10263.5537109375
10082.068359375
9919.2490234375
9758.212890625
9605.884765625
9467.4736328125
9331.8662109375
9206.0888671875
9082.498046875
8964.5517578125
8860.078125
8747.50390625
8639.501953125
8529.4677734375
8417.9169921875
8293.953125
8169.115234375
8050.58642578125
7929.0771484375
7812.095703125
7689.806640625
7566.63232421875
7455.42431640625
7333.73828125
7225.26220703125
7112.58447265625
7001.3505859375
6886.42724609375
6773.9033203125
6666.3193359375
6555.70703125
6449.7392578125
6341.0224609375
6232.6630859375
6141.001953125
6042.77294921875
5948.8154296875
5852.9423828125
5761.55517578125
5668.2626953125
5577.86962890625
5492.533203125
5406.2451171875
5324.337890625
5238.8125
5156.416015625
5084.74072265625
5007.94189453125
4935.23681640625
4857.58837890625
4782.79931640625
4713.2685546875
4645.275390625
4586.11181640625
4529.3994140625
4471.568359375
4413.044921875
4357.67919921875
4310.13232421875
4259.853515625
4214.115234375
4169.65380859375
4128.10205078125
4086.337890625
4047.953125
4011.842529296875
3974.867919921875
3939.49853515625
3902.99560546875
3867.40771484375
3836.42529296875
3803.55322265625
3773.066162109375
3742.820068359375
3715.76416015625
3690.159912109375
3666.093017578125
3644.79345703125
3623.760009765625
3603.7412109375
3583.389404296875
