20000.0
20000.0
20000.0
20000.0
20000.0
20000.0
20000.0
20000.0
20000.0
20000.0
20000.0
20000.0
20000.0
20000.0
20000.0
20000.0
20000.0
20000.0
20000.0
20000.0
20000.0
20000.0
20000.0
20000.0
20000.0
20000.0
20000.0
19999.986328125
19999.990234375
19999.998046875
19999.99609375
20000.0
20000.0
20000.0
20000.0
20000.0
20000.0
20000.0
19999.994140625
19999.998046875
20000.0
19999.818359375
20000.0
20000.0
20000.0
20000.0
19725.966796875
19378.556640625
19042.41796875
18695.5625
18337.515625
17904.642578125
17487.056640625
17108.09375
16793.638671875
16473.009765625
16172.244140625
15867.6962890625
15588.4775390625
15309.0126953125
15044.240234375
14801.3935546875
14559.6591796875
14328.884765625
14086.1064453125
13835.0830078125
13600.328125
13342.3125
13090.2294921875
12833.5009765625
12590.205078125
12350.0419921875
12125.2548828125
11924.876953125
11725.12890625
11539.9267578125
11365.4130859375
11199.0712890625
11052.73828125
10888.0654296875
10744.6875
10618.193359375
10500.3076171875
10380.9892578125
10264.6279296875
10155.5263671875
10044.0263671875
9936.8896484375
9830.1806640625
9726.78515625
9637.3642578125
9543.2861328125
9456.0673828125
9369.34765625
9287.3447265625
9203.7646484375
9122.078125
9045.5751953125
8969.6337890625
8898.806640625
8827.9833984375
8759.349609375
8693.3349609375
8612.794921875
8532.52734375
8449.890625
8370.390625
8280.0107421875
8185.201171875
8099.7490234375
8021.2509765625
7951.15771484375
7879.7509765625
7809.42333984375
7742.19140625
7672.39453125
7609.42333984375
7542.951171875
7474.38720703125
7415.04150390625
7358.7265625
7300.89599609375
7239.51708984375
7181.8935546875
7125.703125
