20000.0
20000.0
20000.0
20000.0
20000.0
20000.0
20000.0
20000.0
20000.0
20000.0
20000.0
20000.0
20000.0
20000.0
20000.0
20000.0
20000.0
20000.0
20000.0
20000.0
20000.0
20000.0
20000.0
20000.0
20000.0
19999.890625
19999.78515625
20000.0
20000.0
19999.978515625
19963.515625
19389.46484375
18876.802734375
18374.103515625
17905.5078125
17482.78515625
17100.9140625
16724.48046875
16379.1123046875
16047.4697265625
15742.126953125
15479.6279296875
15213.458984375
14977.4443359375
14750.1298828125
14543.060546875
14339.6826171875
14123.4677734375
13911.0693359375
13699.9130859375
13505.8896484375
13310.4150390625
13116.9638671875
12946.283203125
12764.5380859375
12596.5546875
12427.478515625
12265.6220703125
12069.04296875
11858.0283203125
11652.79296875
11443.845703125
11244.8310546875
11044.0625
10854.67578125
10699.5927734375
10527.37109375
10357.5625
10161.744140625
10007.06640625
9863.638671875
9728.1748046875
9601.1201171875
9475.2265625
9357.5810546875
9239.4580078125
9124.6015625
9022.91015625
8909.712890625
8798.095703125
8683.779296875
8576.431640625
8466.6298828125
8359.896484375
8260.740234375
8161.50439453125
8068.5166015625
7977.619140625
7887.69775390625
7806.6884765625
7717.55859375
7631.98974609375
7544.7353515625
7461.73193359375
7374.638671875
7284.421875
7196.1689453125
7094.91845703125
7011.16552734375
6931.51220703125
6854.35107421875
6786.708984375
6715.70458984375
6640.5986328125
6558.29931640625
6481.3896484375
6407.60595703125
6338.490234375
6275.3017578125
6210.78369140625
6140.19677734375
6064.96826171875
5994.14794921875
5934.55859375
5871.8310546875
5811.10498046875
5747.439453125
5686.55078125
5625.98779296875
5568.927734375
5517.126953125
5467.1943359375
5420.4912109375
5369.712890625
