20000.0
20000.0
20000.0
20000.0
20000.0
20000.0
20000.0
20000.0
20000.0
20000.0
20000.0
20000.0
20000.0
20000.0
20000.0
20000.0
20000.0
20000.0
20000.0
20000.0
20000.0
19999.96875
19994.90234375
19999.888671875
20000.0
19999.998046875
20000.0
20000.0
20000.0
20000.0
20000.0
20000.0
20000.0
20000.0
20000.0
20000.0
20000.0
20000.0
20000.0
20000.0
20000.0
20000.0
19975.20703125
19072.96484375
18130.013671875
17317.962890625
16554.755859375
15872.33203125
15309.294921875
14821.4775390625
14425.6904296875
14088.1015625
13799.6318359375
13562.3212890625
13315.5869140625
13085.0986328125
12846.0693359375
12621.0322265625
12403.5771484375
12197.9208984375
12009.322265625
11825.6103515625
11656.4638671875
11489.0595703125
11328.8974609375
11189.65234375
11040.6630859375
10900.806640625
10760.16015625
10627.9853515625
10494.31640625
10364.0625
10240.345703125
10115.892578125
9996.775390625
9874.61328125
9753.1083984375
9645.7080078125
9528.466796875
9415.1884765625
9297.9580078125
9184.861328125
9068.9208984375
8953.107421875
8841.5087890625
8726.1630859375
8614.044921875
8497.091796875
8379.8759765625
8274.455078125
8154.26611328125
8035.09423828125
7912.94677734375
7798.5888671875
7686.56787109375
7581.87158203125
7489.904296875
7401.29296875
7318.26513671875
7233.09130859375
7117.05810546875
6998.52490234375
6869.09814453125
6747.99169921875
6627.67822265625
6520.84619140625
6416.24853515625
6315.02978515625
6221.39453125
6129.10986328125
6043.796875
5959.59228515625
5879.09375
5809.53857421875
5735.59814453125
5666.83984375
5598.54150390625
5534.7138671875
5470.7841796875
5408.49169921875
5349.982421875
5290.8203125
5234.4404296875
5176.76904296875
