20000.0
20000.0
20000.0
20000.0
20000.0
20000.0
20000.0
20000.0
20000.0
20000.0
20000.0
20000.0
20000.0
20000.0
20000.0
20000.0
20000.0
20000.0
20000.0
20000.005859375
20000.00390625
20000.0
19999.974609375
19999.998046875
20000.0
19999.994140625
20000.0
20000.0
20000.0
20000.0
19493.14453125
18716.05078125
17976.673828125
17326.947265625
16704.638671875
16131.33984375
15622.728515625
15141.5
14709.384765625
14214.2109375
13724.4365234375
13385.013671875
13052.07421875
12745.1103515625
12470.7353515625
12219.5498046875
11976.0068359375
11699.607421875
11439.5302734375
11222.623046875
11045.765625
10873.400390625
10704.576171875
10561.58984375
10415.6318359375
10282.9814453125
10150.44140625
10028.2890625
9902.4619140625
9775.8642578125
9658.154296875
9545.22265625
9444.650390625
9347.275390625
9253.98828125
9172.0029296875
9082.732421875
8998.599609375
8916.0927734375
8838.5517578125
8759.0625
8672.6767578125
8585.8134765625
8494.908203125
8407.0927734375
8315.9658203125
8205.541015625
8096.29443359375
7968.1240234375
7836.1708984375
7694.72802734375
7555.068359375
7403.46240234375
7247.32373046875
7096.185546875
6941.5595703125
6794.3271484375
6644.8701171875
6500.10107421875
6374.8037109375
6240.5390625
6113.50244140625
5985.755859375
5866.314453125
5747.68115234375
5632.41552734375
5523.43017578125
5422.57666015625
5329.275390625
5232.3994140625
5136.15185546875
5051.0546875
4959.09326171875
4872.17138671875
4784.466796875
4706.71044921875
4628.3837890625
4548.51953125
4469.54345703125
4389.52001953125
4313.736328125
4237.1279296875
4163.16259765625
4102.26953125
4038.4599609375
3977.455810546875
3914.46484375
3854.107421875
3794.720703125
3742.5263671875
3697.6103515625
3655.897216796875
3618.5185546875
3581.7412109375
