20000.0
20000.0
20000.0
20000.0
20000.0
20000.0
20000.0
20000.0
20000.0
20000.0
20000.0
20000.0
20000.0
20000.0
20000.0
20000.0
20000.0
20000.0
20000.0
20000.0
20000.0
20000.0
20000.0
20000.0
20000.0
20000.0
20000.0
19996.263671875
20000.0
20000.0
19999.802734375
20000.0
19999.955078125
20000.0
20000.0
20000.0
20000.0
20000.0
20000.0
20000.0
20000.0
20000.0
20000.0
20000.0
20000.0
19463.17578125
18936.28125
18438.525390625
17982.92578125
17535.75390625
17127.03515625
16733.796875
16364.0654296875
16047.587890625
15719.5966796875
15425.2001953125
15134.8154296875
14865.115234375
14596.3974609375
14337.357421875
14015.1357421875
13724.91015625
13479.236328125
13242.47265625
13020.380859375
12833.771484375
12640.8876953125
12479.4716796875
12333.3603515625
12207.3818359375
12087.2197265625
11956.1728515625
11823.5146484375
11672.087890625
11526.0908203125
11394.2421875
11278.0390625
11181.099609375
11077.302734375
10984.068359375
10888.466796875
10798.4970703125
10713.79296875
10633.875
10559.390625
10485.2939453125
10416.498046875
10347.828125
10281.6376953125
10223.927734375
10162.45703125
10101.5888671875
10034.2265625
9971.271484375
9904.4091796875
9827.701171875
9731.71484375
9633.880859375
9531.23828125
9420.794921875
9307.40625
9202.740234375
9079.7421875
8953.126953125
8821.1904296875
8693.931640625
8563.6015625
8435.0341796875
8312.6318359375
8188.12890625
8069.72021484375
7949.40869140625
7832.31787109375
7728.9951171875
7616.78125
7509.3837890625
7399.56982421875
7293.80908203125
7185.8505859375
7080.16650390625
6978.79833984375
6874.26513671875
6774.03564453125
6669.96875
