20000.0
20000.0
20000.0
20000.0
20000.0
20000.0
20000.0
20000.0
20000.0
20000.0
20000.0
20000.0
20000.0
20000.0
20000.0
20000.0
20000.0
19999.75390625
19999.70703125
20000.0
20000.0
20000.0
19999.947265625
20000.0
20000.0
20000.0
19306.44140625
18413.9765625
17594.314453125
16630.8125
15970.9609375
15378.7587890625
14893.169921875
14489.916015625
14082.5390625
13693.2421875
13267.826171875
12898.6357421875
12550.6513671875
12242.892578125
11939.76953125
11646.41015625
11407.9560546875
11169.7890625
10961.365234375
10760.8486328125
10579.685546875
10403.3076171875
10238.1279296875
10088.6005859375
9943.2939453125
9808.908203125
9675.0625
9545.3232421875
9432.8203125
9312.3779296875
9198.0810546875
9080.9287109375
8968.5205078125
8852.759765625
8738.1357421875
8628.666015625
8517.0703125
8410.916015625
8303.533203125
8193.908203125
8098.41845703125
8002.75048828125
7916.158203125
7830.2275390625
7749.3984375
7668.21240234375
7582.28662109375
7485.10009765625
7392.40283203125
7309.06689453125
7228.8134765625
7153.35986328125
7089.142578125
7021.88671875
6960.1328125
6899.5947265625
6844.041015625
6790.25634765625
6739.33935546875
6692.26123046875
6645.68505859375
6602.27099609375
6558.99267578125
6517.27880859375
6476.67626953125
6430.458984375
6386.5517578125
6343.1220703125
6303.34130859375
6264.57373046875
6227.7568359375
6192.2060546875
6156.20751953125
6121.2470703125
6085.09130859375
6049.06298828125
6016.4501953125
5980.33740234375
5945.2509765625
5908.73291015625
5873.41552734375
5837.1298828125
5800.43310546875
5764.1533203125
5726.0654296875
5688.86279296875
5650.396484375
5611.87744140625
5577.17626953125
5538.80810546875
5501.90185546875
5464.10546875
5427.85546875
5390.77734375
5354.00439453125
5318.548828125
5282.208984375
5247.400390625
5211.85400390625
