20000.0
20000.0
20000.0
20000.0
20000.0
20000.0
20000.0
20000.0
20000.0
20000.0
20000.0
20000.0
20000.0
20000.0
20000.0
20000.0
20000.0
20000.0
20000.0
20000.0
19999.814453125
19999.939453125
20000.0
19999.998046875
19999.998046875
20000.0
20000.0
19999.99609375
19999.998046875
19999.970703125
20000.0
20000.0
20000.0
19931.59375
18808.7578125
17996.111328125
17301.59375
16694.958984375
16120.2978515625
15647.5126953125
15135.0439453125
14598.3193359375
14213.5419921875
13819.166015625
13467.4013671875
13119.640625
12794.689453125
12479.3603515625
12179.9912109375
11929.3466796875
11704.8154296875
11509.3125
11325.935546875
11155.5458984375
11009.7060546875
10856.0244140625
10713.4072265625
10570.1533203125
10432.177734375
10287.8798828125
10143.7802734375
10005.16796875
9862.857421875
9721.130859375
9575.0068359375
9430.400390625
9301.1611328125
9160.4560546875
9027.2109375
8892.7353515625
8766.4638671875
8641.0869140625
8521.1201171875
8408.890625
8292.0126953125
8183.39453125
8074.55126953125
7969.7607421875
7878.1630859375
7780.5703125
7689.42626953125
7595.6552734375
7505.4560546875
7414.6962890625
7322.5751953125
7234.74169921875
7146.74267578125
7064.611328125
6982.869140625
6903.82373046875
6834.74755859375
6761.42041015625
6693.19580078125
6625.34228515625
6561.50634765625
6497.98046875
6436.2216796875
6378.26123046875
6320.7734375
6268.5234375
6216.888671875
6168.0078125
6125.455078125
6080.14111328125
6037.48828125
5994.51025390625
5953.73388671875
5912.1337890625
5871.0771484375
5831.8271484375
5791.77001953125
5753.27734375
5709.81982421875
5658.19677734375
5610.70556640625
5559.5771484375
5511.93994140625
5464.4013671875
5419.53173828125
5373.98095703125
5329.06005859375
5286.02587890625
5242.1416015625
5200.36376953125
5158.099609375
