20000.0
20000.0
20000.0
20000.0
20000.0
20000.0
20000.0
20000.0
20000.0
20000.0
20000.0
20000.0
20000.0
20000.0
20000.0
20000.0
20000.0
20000.0
20000.0
20000.0
20000.0
20000.0
20000.0
20000.0
20000.0
20000.0
20000.0
20000.0
19999.98046875
19999.994140625
19999.99609375
20000.0
20000.0
20000.0
20000.0
20000.0
20000.0
20000.0
20000.0
20000.0
19999.998046875
20000.0
19751.564453125
19252.302734375
18777.27734375
18348.67578125
17936.853515625
17549.115234375
17187.421875
16865.974609375
16561.533203125
16258.125
15972.4765625
15720.1923828125
15446.3955078125
15188.2109375
14930.72265625
14691.7333984375
14456.3779296875
14232.5048828125
13960.958984375
13692.9541015625
13477.76171875
13275.0400390625
13080.9736328125
12907.875
12716.8017578125
12534.96875
12352.8359375
12184.390625
12016.8828125
11853.91015625
11702.1630859375
11555.8466796875
11423.2099609375
11291.970703125
11165.60546875
11055.00390625
10939.162109375
10830.6611328125
10707.9482421875
10594.3828125
10486.1845703125
10387.611328125
10298.7119140625
10212.0478515625
10126.8681640625
10037.33984375
9939.17578125
9844.484375
9741.625
9647.1513671875
9551.4921875
9457.732421875
9362.3837890625
9273.0234375
9193.7099609375
9119.0244140625
9051.43359375
8984.373046875
8918.7998046875
8857.8359375
8785.9091796875
8712.13671875
8633.0126953125
8555.3349609375
8474.197265625
8394.1416015625
8317.828125
8240.2421875
8167.34716796875
8093.99267578125
8021.01806640625
7956.32666015625
7885.34716796875
7816.8115234375
7745.927734375
7677.80126953125
7608.65625
7539.50390625
7475.1865234375
7411.8056640625
7352.17919921875
7290.72412109375
