20000.0
20000.0
20000.0
20000.0
20000.0
20000.0
20000.0
20000.0
20000.0
20000.0
20000.0
20000.0
20000.0
20000.0
20000.0
20000.0
20000.0
20000.0
20000.0
19998.279296875
19999.900390625
20000.0
20000.0
19510.92578125
18803.689453125
18147.619140625
17513.916015625
16943.939453125
16446.587890625
16042.96875
15626.4736328125
15260.1416015625
14922.69140625
14620.779296875
14312.0849609375
14012.3212890625
13735.3681640625
13457.3310546875
13198.86328125
12945.1533203125
12705.359375
12498.650390625
12281.759765625
12084.08203125
11891.546875
11715.3779296875
11528.328125
11336.5205078125
11150.4091796875
10956.2255859375
10772.982421875
10591.0224609375
10416.1904296875
10264.2294921875
10102.24609375
9952.732421875
9815.8564453125
9693.7666015625
9568.046875
9444.85546875
9327.9853515625
9209.6083984375
9096.7080078125
8981.5126953125
8868.359375
8768.3671875
8661.37109375
8560.1240234375
8456.1474609375
8354.9560546875
8252.669921875
8152.5849609375
8056.3447265625
7956.39990234375
7862.9150390625
7769.8203125
7676.80029296875
7592.6455078125
7500.46240234375
7413.673828125
7326.8896484375
7226.82861328125
7124.1787109375
7027.2412109375
6935.3583984375
6843.123046875
6756.49169921875
6669.64794921875
6585.53662109375
6511.87548828125
6432.90185546875
6354.82275390625
6280.78955078125
6213.76123046875
6148.2626953125
6085.79150390625
6026.908203125
5964.9921875
5907.02783203125
5848.21826171875
5781.5654296875
5713.53857421875
5642.3916015625
5581.3349609375
5525.26806640625
5475.96142578125
5428.83837890625
5380.81298828125
5332.22802734375
5279.71875
5227.71435546875
5174.36669921875
5122.80615234375
5076.89306640625
5027.21044921875
4980.9130859375
4934.7666015625
4891.55029296875
4848.36376953125
4807.58447265625
4772.6044921875
4739.32080078125
4708.6435546875
4677.55126953125
