20000.0
20000.0
20000.0
19999.998046875
20000.0
20000.0
20000.0
20000.0
20000.0
20000.0
20000.0
20000.0
20000.0
20000.0
20000.0
20000.0
20000.0
20000.0
20000.0
20000.0
20000.0
20000.0
20000.0
20000.0
20000.0
20000.0
19995.677734375
20000.0
19999.9375
20000.0
20000.0
20000.0
20000.0
20000.0
20000.0
20000.0
20000.0
20000.0
20000.0
20000.0
20000.0
20000.0
20000.0
20000.0
19559.337890625
18695.55078125
18063.787109375
17496.63671875
16985.123046875
16533.916015625
16120.9228515625
15822.94140625
15524.8466796875
15045.439453125
14572.7119140625
14157.5283203125
13848.220703125
13543.857421875
13262.2529296875
12965.5322265625
12693.314453125
12456.248046875
12239.5830078125
12052.142578125
11863.453125
11665.9775390625
11493.4345703125
11314.62890625
11154.5185546875
11001.7001953125
10862.6044921875
10725.0087890625
10594.009765625
10466.03125
10335.3271484375
10211.6416015625
10086.2763671875
9963.427734375
9854.3095703125
9735.6640625
9622.8310546875
9508.6513671875
9398.2646484375
9284.4228515625
9172.7412109375
9071.8505859375
8971.2685546875
8873.7958984375
8773.2578125
8672.79296875
8583.2744140625
8491.626953125
8405.5009765625
8317.658203125
8233.84765625
8149.44775390625
8067.29248046875
7991.46826171875
7917.10986328125
7848.400390625
7780.4091796875
7715.083984375
7658.12841796875
7597.302734375
7540.42919921875
7483.69482421875
7430.35791015625
7376.666015625
7324.50537109375
7275.4365234375
7226.26708984375
7180.0927734375
7135.04736328125
7091.353515625
7052.97998046875
7011.23388671875
6971.82177734375
6932.095703125
6895.1630859375
6858.275390625
6822.392578125
6788.5439453125
6754.50732421875
6722.42919921875
6690.1806640625
