20000.0
20000.0
20000.0
20000.0
20000.0
20000.0
20000.0
20000.0
20000.0
20000.0
20000.0
20000.0
20000.0
20000.0
20000.0
20000.0
20000.0
20000.0
20000.0
20000.0
20000.0
20000.0
20000.0
20000.0
20000.001953125
19999.99609375
19998.98828125
20000.0
20000.0
20000.0
19999.978515625
20000.0
19999.998046875
20000.0
20000.0
20000.0
19999.994140625
20000.0
20000.0
19999.904296875
20000.0
20000.0
19563.2734375
18950.93359375
18209.91796875
17664.25390625
17162.59765625
16710.84375
16301.6669921875
15916.9755859375
15590.0146484375
15224.2587890625
14890.0458984375
14610.1376953125
14338.1162109375
14073.1650390625
13790.23828125
13515.9267578125
13241.1533203125
12986.1796875
12761.751953125
12543.0205078125
12342.48828125
12139.501953125
11936.5048828125
11764.232421875
11592.82421875
11442.3974609375
11300.4013671875
11171.6142578125
11043.3076171875
10917.9853515625
10798.65234375
10674.869140625
10551.8212890625
10427.314453125
10307.9794921875
10204.017578125
10092.1298828125
9986.521484375
9879.5625
9777.0498046875
9668.4423828125
9562.5986328125
9463.45703125
9363.568359375
9269.0771484375
9172.923828125
9078.013671875
8993.52734375
8899.904296875
8808.705078125
8712.744140625
8616.9775390625
8517.0859375
8418.142578125
8319.23828125
8217.2216796875
8120.36962890625
8022.41162109375
7926.7958984375
7842.599609375
7751.56982421875
7666.68896484375
7582.1416015625
7503.3408203125
7428.216796875
7354.42041015625
7283.91064453125
7212.31591796875
7144.74365234375
7078.12744140625
7014.80224609375
6961.03955078125
6905.05224609375
6853.51220703125
6802.58642578125
6754.99267578125
6705.30078125
6657.2275390625
6612.83251953125
6568.74560546875
6527.54296875
6486.0947265625
