20000.0
20000.0
20000.0
20000.0
20000.0
20000.0
20000.0
20000.0
20000.0
20000.0
20000.0
20000.0
20000.0
20000.0
20000.0
20000.0
20000.0
20000.0
20000.0
20000.0
20000.0
20000.0
20000.0
20000.001953125
19999.640625
20000.0
20000.0
20000.0
19999.9921875
20000.0
20000.0
20000.0
20000.0
20000.0
19999.984375
20000.0
19999.96484375
19502.28125
18774.1015625
18117.580078125
17506.880859375
16935.912109375
16387.076171875
15785.6806640625
15325.1787109375
14893.357421875
14508.9931640625
14143.185546875
13832.841796875
13562.8271484375
13283.068359375
12956.6904296875
12647.81640625
12395.0322265625
12181.1220703125
11962.845703125
11754.3916015625
11548.123046875
11373.9697265625
11217.525390625
11071.2578125
10929.701171875
10781.1953125
10642.490234375
10506.7607421875
10372.10546875
10249.9453125
10120.5810546875
10004.060546875
9887.3876953125
9779.2431640625
9671.478515625
9565.8759765625
9465.1552734375
9360.1240234375
9257.81640625
9152.91796875
9051.111328125
8963.375
8866.1142578125
8763.189453125
8653.5927734375
8543.7705078125
8426.556640625
8306.755859375
8189.18994140625
8061.6220703125
7935.15283203125
7802.94775390625
7670.794921875
7551.72265625
7420.51416015625
7296.0341796875
7171.6669921875
7053.7109375
6933.80126953125
6817.10498046875
6709.1845703125
6611.30419921875
6513.84521484375
6407.541015625
6301.74169921875
6208.02001953125
6106.32373046875
6009.884765625
5911.39599609375
5816.6181640625
5717.43359375
5609.69921875
5505.3134765625
5400.53466796875
5303.87744140625
5209.953125
5123.31396484375
5048.462890625
4972.705078125
4906.3974609375
4844.55419921875
4792.96728515625
4741.80615234375
4691.68603515625
4645.63037109375
4579.2900390625
4503.72216796875
4426.31005859375
