20000.0
20000.0
20000.0
20000.0
20000.0
20000.0
20000.0
20000.0
20000.0
20000.0
20000.0
20000.0
20000.0
20000.0
20000.0
20000.0
20000.0
20000.0
20000.0
20000.0
20000.0
20000.0
20000.0
20000.0
20000.0
20000.0
20000.0
20000.0
20000.0
20000.0
20000.0
20000.0
19999.888671875
19999.9921875
19999.998046875
20000.0
20000.0
19999.998046875
20000.017578125
20000.0078125
20000.0
20000.0
19994.833984375
19500.671875
19026.556640625
18598.201171875
18166.064453125
17755.435546875
17379.283203125
17005.4609375
16658.30859375
16308.87890625
15979.8359375
15699.2548828125
15408.7646484375
15141.369140625
14876.0556640625
14628.1884765625
14380.7421875
14140.3896484375
13913.7490234375
13691.375
13488.236328125
13290.533203125
13103.6611328125
12942.125
12771.2373046875
12611.9208984375
12456.9365234375
12311.6923828125
12165.19140625
12023.78515625
11893.3818359375
11768.21875
11652.587890625
11534.837890625
11390.171875
11251.7685546875
11124.8740234375
11010.7685546875
10900.599609375
10807.462890625
10718.123046875
10634.03515625
10554.884765625
10475.3623046875
10400.724609375
10326.306640625
10255.5673828125
10197.29296875
10136.076171875
10077.1240234375
10015.958984375
9958.67578125
9902.9560546875
9850.3349609375
9794.775390625
9732.8818359375
9681.8828125
9631.0888671875
9573.728515625
9526.6201171875
9477.1826171875
9435.19921875
9384.818359375
9329.677734375
9267.0244140625
9204.7060546875
9146.796875
9090.158203125
9034.4150390625
8975.27734375
8914.0068359375
8854.787109375
8759.720703125
8657.6669921875
8549.55859375
8453.8310546875
8353.8740234375
8253.16796875
8155.40771484375
8049.95654296875
7943.8662109375
7834.37109375
