20000.0
20000.0
20000.0
20000.0
20000.0
20000.0
20000.0
20000.0
20000.0
20000.0
20000.0
20000.0
20000.0
20000.0
20000.0
20000.0
20000.0
20000.0
20000.0
20000.0
20000.0
20000.0
19999.955078125
20000.0
20000.0
19999.763671875
20000.0
20000.0
20000.0
20000.0
20000.0
20000.0
20000.0
20000.0
20000.0
19385.58203125
18696.05078125
17843.900390625
17203.556640625
16657.880859375
16102.595703125
15586.9931640625
15141.25390625
14622.70703125
14175.8818359375
13711.9150390625
13298.3681640625
12920.7109375
12592.36328125
12283.5380859375
12002.42578125
11759.201171875
11533.2529296875
11320.1337890625
11132.6591796875
10938.5673828125
10768.052734375
10604.8916015625
10453.220703125
10298.94140625
10145.8095703125
9998.703125
9851.8046875
9711.013671875
9557.712890625
9408.0205078125
9276.634765625
9136.583984375
9005.2099609375
8872.7099609375
8746.3369140625
8619.0283203125
8494.9052734375
8377.1298828125
8257.8955078125
8141.62109375
8023.4951171875
7912.181640625
7813.66162109375
7708.14794921875
7610.49853515625
7515.02392578125
7424.8330078125
7335.9716796875
7250.00537109375
7169.17529296875
7088.08740234375
7011.8642578125
6935.58642578125
6861.9482421875
6799.20556640625
6731.978515625
6668.7431640625
6604.67529296875
6543.63134765625
6482.12109375
6422.1171875
6365.7216796875
6308.9267578125
6255.22119140625
6201.04638671875
6147.8583984375
6097.287109375
6045.2099609375
5997.8876953125
5947.63818359375
5898.56494140625
5848.0263671875
5798.13330078125
5750.59716796875
5702.15869140625
5656.00390625
5609.419921875
5563.810546875
5523.49072265625
5479.7490234375
5438.21728515625
5396.1845703125
5355.7353515625
5314.02734375
5272.83837890625
5233.57568359375
5193.56640625
5155.36181640625
5116.53564453125
