20000.0
20000.0
20000.0
20000.0
20000.0
20000.0
20000.0
20000.0
20000.0
20000.0
20000.0
20000.0
20000.0
20000.0
20000.0
20000.0
20000.0
20000.0
20000.0
20000.0
20000.0
20000.0
20000.0
20000.0
20000.0
20000.0
20000.0
20000.0
19999.779296875
19999.873046875
20000.0
20000.0
20000.001953125
20000.0
20000.0
19999.96484375
19999.9921875
20000.0
20000.0
20000.0
20000.0
19999.998046875
20000.0
19762.291015625
19233.216796875
18777.064453125
18332.181640625
17888.486328125
17476.0703125
17078.90234375
16721.88671875
16378.3291015625
16056.4599609375
15774.373046875
15480.2490234375
15196.5283203125
14849.4091796875
14585.1806640625
14339.9677734375
14111.4892578125
13892.4384765625
13664.8330078125
13452.76953125
13265.01953125
13088.5029296875
12939.3134765625
12746.5791015625
12558.5400390625
12359.5791015625
12193.662109375
12048.3505859375
11918.4951171875
11803.212890625
11677.2001953125
11552.2109375
11432.74609375
11326.7353515625
11237.5068359375
11127.2275390625
11011.9501953125
10903.2197265625
10809.2158203125
10724.3154296875
10644.4873046875
10565.4052734375
10478.3505859375
10392.59765625
10298.71484375
10199.892578125
10107.9921875
10009.12109375
9918.9921875
9832.1845703125
9752.7451171875
9671.15234375
9586.376953125
9499.8349609375
9413.5107421875
9326.884765625
9233.7060546875
9140.83984375
9058.7373046875
8969.8623046875
8885.8271484375
8801.138671875
8721.9072265625
8643.8544921875
8561.728515625
8481.533203125
8402.2744140625
8328.82421875
8254.44140625
8180.63330078125
8114.5126953125
8041.75390625
7971.759765625
7900.27001953125
7831.25830078125
7760.2939453125
7695.88525390625
7631.42236328125
7562.7841796875
7495.29443359375
7425.00927734375
