20000.0
20000.0
20000.0
20000.0
20000.0
20000.0
20000.0
20000.0
20000.0
20000.0
20000.0
20000.0
20000.0
20000.0
20000.0
20000.0
20000.0
20000.0
20000.0
20000.0
20000.0
20000.0
20000.0
20000.0
19999.533203125
20000.0
20000.0
20000.0
20000.0
20000.0
20000.0
19999.974609375
20000.0
19999.994140625
20000.0
20000.0
19999.990234375
20000.0
20000.0
20000.0
19584.029296875
19072.970703125
18542.166015625
18073.83203125
17622.560546875
17215.193359375
16809.10546875
16370.8466796875
15883.0634765625
15511.849609375
15185.0615234375
14863.34765625
14560.337890625
14293.6240234375
14020.9169921875
13784.6630859375
13575.892578125
13347.2666015625
13125.7890625
12907.4951171875
12698.716796875
12495.6298828125
12313.7353515625
12128.142578125
11944.06640625
11785.677734375
11621.947265625
11470.078125
11316.4892578125
11177.375
11044.0380859375
10919.5810546875
10807.412109375
10697.357421875
10592.86328125
10487.5869140625
10385.654296875
10296.3349609375
10200.4580078125
10110.6865234375
10019.84375
9934.412109375
9847.3720703125
9760.24609375
9675.193359375
9583.1884765625
9493.3095703125
9400.048828125
9305.603515625
9219.65234375
9123.9619140625
9030.8525390625
8933.1416015625
8837.0263671875
8737.310546875
8637.55078125
8539.5322265625
8436.2060546875
8334.61328125
8226.5263671875
8116.4365234375
8016.78515625
7908.06201171875
7805.70166015625
7698.4208984375
7598.9638671875
7503.51904296875
7415.03857421875
7336.33349609375
7261.05078125
7192.83837890625
7125.67041015625
7058.06591796875
6999.50439453125
6938.0693359375
6879.17724609375
6817.896484375
6756.6640625
6691.3935546875
6599.5927734375
6504.85009765625
6408.744140625
6319.13525390625
6229.93603515625
