20000.0
20000.0
20000.0
20000.0
19659.80859375
19930.599609375
20000.0
20000.0
20000.0
20000.0
20000.0
20000.0
20000.0
20000.0
20000.0
20000.0
20000.0
20000.0
20000.0
20000.0
20000.0
20000.0
20000.0
20000.0
20000.0
20000.0
19999.951171875
19999.994140625
19999.892578125
20000.0
19305.568359375
18705.443359375
18195.25390625
17765.673828125
17358.328125
16966.150390625
16594.181640625
16227.2099609375
15879.6748046875
15510.8232421875
15134.126953125
14794.55078125
14413.5791015625
14055.228515625
13698.3154296875
13362.580078125
13015.123046875
12664.9951171875
12339.9931640625
12007.044921875
11691.30078125
11380.1298828125
11090.423828125
10837.7822265625
10571.7958984375
10327.6298828125
10090.1201171875
9872.2890625
9657.7314453125
9464.4482421875
9314.4208984375
9160.494140625
9009.0654296875
8861.376953125
8722.26953125
8598.85546875
8466.5966796875
8350.44921875
8228.0263671875
8109.703125
7989.505859375
7870.46630859375
7756.8466796875
7641.84716796875
7536.0751953125
7433.7900390625
7334.234375
7245.66064453125
7149.40576171875
7057.9375
6964.30419921875
6875.03173828125
6784.72021484375
6696.9716796875
6615.04541015625
6533.0419921875
6455.7470703125
6377.50341796875
6300.70703125
6232.4873046875
6156.19775390625
6084.302734375
6012.87255859375
5946.5478515625
5880.44384765625
5816.115234375
5755.01123046875
5692.94677734375
5633.82666015625
5573.74169921875
5515.21875
5463.3505859375
5407.357421875
5354.2392578125
5300.587890625
5249.64599609375
5198.029296875
5146.89111328125
5097.83349609375
5047.91796875
5000.515625
4952.5908203125
4905.68408203125
4864.1279296875
4819.03173828125
4776.310546875
4732.74267578125
4691.14013671875
4648.98828125
4607.18359375
4567.04150390625
4526.08056640625
4487.00048828125
4447.5859375
