20000.0
20000.0
20000.0
20000.0
20000.0
20000.0
20000.0
20000.0
20000.0
20000.0
20000.0
20000.0
20000.0
20000.0
20000.0
20000.0
20000.0
20000.0
20000.0
20000.0
20000.0
20000.0
20000.0
20000.00390625
20000.0
19999.5546875
20000.0
20000.0
20000.0
20000.0
20000.0
20000.0
20000.0
19335.4140625
18615.859375
17972.70703125
17417.26953125
16898.22265625
16420.21484375
15967.0673828125
15551.88671875
15201.7431640625
14835.419921875
14499.2978515625
14167.6083984375
13874.4365234375
13590.8994140625
13321.1826171875
13070.0595703125
12799.384765625
12474.0751953125
12210.74609375
11972.38671875
11770.162109375
11566.8271484375
11389.025390625
11217.0888671875
11069.87890625
10933.47265625
10809.107421875
10699.4619140625
10589.314453125
10482.521484375
10373.865234375
10260.8359375
10152.3798828125
10023.5234375
9900.9208984375
9785.3017578125
9682.3115234375
9580.134765625
9481.134765625
9390.9296875
9303.048828125
9222.3896484375
9139.5791015625
9056.3447265625
8981.6064453125
8900.9052734375
8826.67578125
8755.2705078125
8690.37109375
8624.83203125
8560.8623046875
8501.1982421875
8441.59765625
8385.9072265625
8329.4375
8274.888671875
8227.2919921875
8176.20263671875
8127.88623046875
8078.59423828125
8031.64892578125
7983.896484375
7936.947265625
7892.458984375
7847.29833984375
7804.455078125
7760.97265625
7717.806640625
7678.720703125
7635.64697265625
7594.673828125
7553.10693359375
7513.37841796875
7472.8974609375
7432.8349609375
7394.0703125
7353.8583984375
7314.9931640625
7275.21240234375
7235.662109375
7200.140625
7160.98046875
7123.5302734375
7085.2080078125
7048.54736328125
7012.48388671875
6976.7529296875
6941.6611328125
6904.7861328125
6868.552734375
6830.7626953125
