20000.0
20000.0
20000.0
20000.0
20000.0
19929.265625
19952.103515625
20000.0
20000.0
20000.0
20000.0
20000.0
20000.0
20000.0
20000.0
20000.0
20000.0
20000.0
20000.0
20000.0
20000.0
20000.0
20000.0
20000.0
20000.0
19999.998046875
20000.0
20000.0
20000.0
19999.998046875
20000.0
20000.0
20000.00390625
19358.87109375
18737.654296875
18201.962890625
17746.115234375
17312.322265625
16907.998046875
16531.92578125
16143.2578125
15777.6923828125
15421.314453125
15090.4697265625
14812.5869140625
14526.5166015625
14270.7294921875
14023.537109375
13783.5703125
13536.3154296875
13269.32421875
13018.849609375
12774.4736328125
12546.388671875
12317.11328125
12102.0419921875
11925.4111328125
11740.388671875
11557.7490234375
11369.919921875
11191.6669921875
11011.6650390625
10826.0263671875
10653.2744140625
10483.7255859375
10324.787109375
10165.75390625
10012.041015625
9877.2216796875
9732.1708984375
9595.1767578125
9457.115234375
9340.9013671875
9232.666015625
9126.51953125
9026.462890625
8926.041015625
8831.7421875
8736.8056640625
8643.76953125
8561.1728515625
8471.333984375
8385.9287109375
8299.48828125
8217.7109375
8134.12060546875
8051.20703125
7971.75634765625
7890.76708984375
7813.794921875
7734.37841796875
7655.81005859375
7586.25
7512.36962890625
7443.32568359375
7374.0009765625
7308.30517578125
7240.99462890625
7175.8291015625
7114.787109375
7053.31298828125
6995.033203125
6935.904296875
6876.138671875
6821.0341796875
6761.388671875
6704.9921875
6647.865234375
6593.50537109375
6538.005859375
6482.9638671875
6430.3095703125
6376.72705078125
6325.80322265625
6274.271484375
6223.78369140625
6179.01806640625
6130.25
6083.34716796875
6035.06103515625
5988.765625
5943.5166015625
5900.345703125
5859.2451171875
5816.9697265625
5776.19189453125
5734.25927734375
