20000.0
20000.0
20000.0
20000.0
20000.0
20000.0
20000.0
20000.0
20000.0
20000.0
20000.0
20000.0
20000.0
20000.0
20000.0
20000.0
20000.0
20000.0
20000.0
20000.0
20000.0
20000.0
20000.0
20000.0
20000.0
20000.0
19999.94921875
20000.0
20000.0
19999.98828125
20000.0
20000.0
19999.99609375
20000.0
20000.0
20000.0
20000.0
19999.998046875
20000.0
20000.0
19999.998046875
20000.0
20000.0
19491.423828125
18689.416015625
18071.208984375
17497.78125
16970.337890625
16549.517578125
16199.244140625
15794.5458984375
15254.048828125
14836.1650390625
14519.34375
14189.5263671875
13858.2001953125
13521.1669921875
13220.6025390625
12937.029296875
12675.8134765625
12451.6328125
12245.0478515625
12062.771484375
11888.205078125
11725.2607421875
11586.38671875
11437.25
11295.94921875
11156.732421875
11024.5595703125
10885.310546875
10745.8095703125
10612.91015625
10478.7041015625
10351.3828125
10223.1162109375
10097.955078125
9984.78125
9860.08984375
9741.90234375
9622.3544921875
9509.2021484375
9395.10546875
9284.365234375
9180.4970703125
9076.6943359375
8983.3515625
8890.4541015625
8799.564453125
8719.2138671875
8631.2861328125
8549.333984375
8469.0322265625
8395.439453125
8323.0029296875
8254.462890625
8190.35595703125
8126.32470703125
8066.42138671875
8006.572265625
7948.6455078125
7897.89794921875
7843.7900390625
7792.982421875
7742.09912109375
7694.67041015625
7646.84423828125
7599.984375
7555.595703125
7510.8466796875
7468.63818359375
7426.00146484375
7384.2919921875
7347.873046875
7308.833984375
7271.85693359375
7234.689453125
7199.40087890625
7163.56591796875
7128.27734375
7094.73779296875
7060.73681640625
7028.427734375
6995.92333984375
