20000.0
20000.0
20000.0
20000.0
20000.0
20000.0
20000.0
20000.0
20000.0
20000.0
20000.0
20000.0
20000.0
20000.0
20000.0
20000.0
20000.0
20000.0
19999.998046875
20000.0
19999.69140625
19999.986328125
20000.0
20000.0
20000.0
20000.0
20000.0
20000.0
19693.28125
18964.1328125
18394.205078125
17811.63671875
17255.36328125
16665.205078125
16134.4169921875
15595.7607421875
15021.94921875
14580.8193359375
14175.4208984375
13818.744140625
13483.5927734375
13187.775390625
12956.5703125
12724.056640625
12488.9326171875
12183.498046875
11930.8681640625
11726.482421875
11555.7216796875
11397.4130859375
11231.791015625
11081.0703125
10931.7783203125
10792.4404296875
10677.2939453125
10557.7841796875
10444.2275390625
10331.9189453125
10231.3779296875
10134.5830078125
10041.017578125
9952.3701171875
9863.376953125
9779.9462890625
9696.4462890625
9614.5263671875
9541.7333984375
9462.611328125
9386.4521484375
9307.59375
9231.87890625
9150.076171875
9068.26953125
8990.158203125
8910.189453125
8833.380859375
8756.1591796875
8678.587890625
8604.70703125
8518.109375
8430.3037109375
8337.822265625
8247.4326171875
8153.65966796875
8060.11669921875
7969.72412109375
7875.88671875
7783.46923828125
7685.25830078125
7581.58935546875
7482.1630859375
7372.52490234375
7271.1044921875
7170.70458984375
7078.88037109375
6985.130859375
6895.23681640625
6812.40771484375
6728.5126953125
6649.28125
6570.3984375
6495.275390625
6431.244140625
6364.61328125
6303.96533203125
6244.78564453125
6189.111328125
6131.8759765625
6070.28076171875
5982.2265625
5892.9111328125
5812.2685546875
5734.5986328125
5662.1962890625
5599.32666015625
5532.7685546875
5470.4638671875
5405.1943359375
5341.580078125
5277.9443359375
5217.06201171875
5160.865234375
5105.2490234375
5053.46337890625
5001.8525390625
