20000.0
20000.0
20000.0
20000.0
20000.0
20000.0
20000.0
20000.0
20000.0
20000.0
20000.0
20000.0
20000.0
20000.0
20000.0
20000.0
20000.0
20000.0
20000.0
20000.0
20000.0
20000.0
20000.0
19999.9921875
19999.998046875
20000.0
19999.998046875
19805.892578125
19061.38671875
18482.744140625
17953.076171875
17499.48046875
17002.205078125
16548.2890625
16112.1162109375
15643.2099609375
15222.904296875
14827.5341796875
14475.5654296875
14138.6416015625
13823.4130859375
13553.7646484375
13274.4130859375
13022.53125
12775.259765625
12542.1162109375
12315.2587890625
12101.904296875
11907.353515625
11718.572265625
11545.654296875
11374.2431640625
11214.1708984375
11078.3203125
10928.466796875
10746.8037109375
10596.0048828125
10470.7109375
10351.9697265625
10239.6787109375
10134.2666015625
10021.2841796875
9909.130859375
9793.05078125
9680.4521484375
9580.255859375
9472.5322265625
9375.130859375
9283.97265625
9187.453125
9080.1103515625
8972.9345703125
8870.798828125
8761.6708984375
8634.814453125
8503.42578125
8379.0966796875
8266.3798828125
8150.31591796875
8047.78271484375
7947.4921875
7852.07421875
7755.44970703125
7656.22265625
7559.41162109375
7461.017578125
7367.84912109375
7273.87255859375
7183.580078125
7104.0556640625
7015.27294921875
6928.90234375
6838.63232421875
6749.3310546875
6653.01611328125
6557.43115234375
6466.630859375
6374.1435546875
6285.923828125
6196.3203125
6106.84130859375
6025.63720703125
5935.896484375
5849.458984375
5760.9404296875
5676.2919921875
5590.25634765625
5504.9296875
5424.73193359375
5346.0439453125
5268.7119140625
5188.63232421875
5110.140625
5043.72119140625
4973.900390625
4908.75244140625
4844.7861328125
4785.89697265625
4728.00048828125
4672.66259765625
4621.38818359375
4570.61376953125
4525.89013671875
4481.5556640625
