20000.0
20000.0
20000.0
20000.0
20000.0
20000.0
20000.0
20000.0
20000.0
20000.0
20000.0
20000.0
20000.0
20000.0
20000.0
20000.0
20000.0
20000.0
20000.0
20000.0
20000.0
20000.0
20000.0
20000.0
20000.0
19999.9375
20000.0
20000.0
20000.0
20000.0
20000.0
19999.99609375
20000.013671875
20000.0
20000.0
20000.0
20000.0
20000.0
20000.0
20000.0
20000.0
18985.296875
18289.8203125
17632.978515625
17060.853515625
16588.51171875
16162.099609375
15607.326171875
15154.3359375
14676.59765625
14226.388671875
13843.8603515625
13527.0390625
13227.82421875
12957.9638671875
12672.05859375
12424.701171875
12197.8740234375
11991.0302734375
11776.5048828125
11575.841796875
11398.4482421875
11224.8642578125
11065.4111328125
10908.1015625
10756.396484375
10622.8203125
10477.619140625
10339.62890625
10201.1630859375
10070.3935546875
9938.30859375
9813.7431640625
9693.8916015625
9571.3330078125
9455.8505859375
9340.4873046875
9229.001953125
9131.1875
9026.4384765625
8928.533203125
8831.3193359375
8741.9716796875
8653.7646484375
8568.607421875
8488.7294921875
8409.5791015625
8336.0888671875
8262.75
8190.58935546875
8126.72802734375
8057.6982421875
7992.41552734375
7927.5390625
7866.63525390625
7805.33984375
7745.74267578125
7689.2255859375
7632.11865234375
7577.9228515625
7523.06005859375
7469.48828125
7422.16552734375
7370.76025390625
7322.0537109375
7273.15478515625
7227.0283203125
7180.7216796875
7135.9892578125
7093.990234375
7051.10205078125
7010.21044921875
6968.20263671875
6923.083984375
6881.24462890625
6834.77978515625
6790.46826171875
6745.46435546875
6702.6640625
6659.03466796875
6616.052734375
6575.18359375
6533.6201171875
6493.87109375
6453.357421875
