20000.0
20000.0
20000.0
20000.0
20000.0
20000.0
20000.0
20000.0
20000.0
20000.0
20000.0
20000.0
20000.0
20000.0
20000.0
20000.0
20000.0
20000.0
20000.0
20000.0
20000.0
20000.0
20000.0
20000.0
20000.0
20000.0
20000.0
20000.0
20000.0
20000.0
20000.0
19999.599609375
20000.0
20000.0
20000.0
20000.0
19999.99609375
20000.015625
20000.005859375
20000.001953125
20000.0
20000.0
20000.0
19999.9921875
19999.998046875
20000.0
20000.0
20000.0
20000.0
20000.0
20000.0
20000.0
20000.0
20000.0
20000.0
20000.0
20000.0
20000.0
20000.0
19404.912109375
18791.40625
18187.185546875
17624.5390625
17081.154296875
16575.314453125
16154.119140625
15737.0517578125
15384.7666015625
15065.1181640625
14785.802734375
14508.056640625
14259.90625
14038.1962890625
13822.681640625
13621.720703125
13419.41015625
13220.59765625
13040.607421875
12842.7861328125
12658.4677734375
12472.876953125
12298.791015625
12124.625
11956.1044921875
11802.828125
11651.564453125
11507.8857421875
11361.8056640625
11222.216796875
11101.61328125
10974.0380859375
10855.68359375
10738.419921875
10629.6708984375
10521.9453125
10417.8955078125
10320.0048828125
10223.6767578125
10133.9599609375
10044.57421875
9958.509765625
9883.576171875
9803.8330078125
9729.3564453125
9656.4853515625
9588.3681640625
9519.7646484375
9452.99609375
9390.357421875
9327.59375
9268.4033203125
9209.1220703125
9150.060546875
9097.728515625
9040.783203125
8986.634765625
8931.833984375
8879.9931640625
8827.8095703125
8776.689453125
8728.46875
8679.544921875
8633.0166015625
8585.560546875
