20000.0
20000.0
20000.0
20000.0
20000.0
20000.0
20000.0
20000.0
20000.0
20000.0
20000.0
20000.0
20000.0
20000.0
20000.0
20000.0
20000.0
20000.0
20000.0
20000.001953125
19999.998046875
19997.388671875
20000.0
20000.0
20000.0
20000.0
20000.0
20000.0
19432.556640625
18558.87890625
17851.9765625
17150.943359375
16550.9921875
15986.78515625
15482.3515625
14998.796875
14475.3330078125
13939.947265625
13495.64453125
13110.421875
12764.1455078125
12473.6708984375
12249.8369140625
12027.306640625
11802.2099609375
11565.0810546875
11331.384765625
11107.46484375
10906.123046875
10717.9208984375
10537.8046875
10378.810546875
10215.1689453125
10052.970703125
9912.2705078125
9768.767578125
9643.54296875
9524.560546875
9415.373046875
9307.19921875
9202.912109375
9106.5224609375
9009.830078125
8917.8173828125
8824.642578125
8732.80859375
8648.6708984375
8552.20703125
8461.34375
8370.9072265625
8286.5986328125
8202.142578125
8119.33251953125
8040.3427734375
7960.013671875
7883.45166015625
7804.3642578125
7725.2353515625
7655.138671875
7579.4521484375
7508.658203125
7437.2509765625
7369.68505859375
7300.7578125
7232.5234375
7167.21484375
7100.39111328125
7039.02978515625
6976.705078125
6914.48876953125
6858.3154296875
6796.6123046875
6737.6982421875
6678.533203125
6623.43603515625
6568.18115234375
6514.1025390625
6462.6669921875
6410.2646484375
6360.54638671875
6310.150390625
6260.57568359375
6216.50244140625
6167.76708984375
6120.68798828125
6072.521484375
6026.3173828125
5979.1767578125
5932.64501953125
5887.13623046875
5839.69921875
5793.33447265625
5744.88134765625
5695.84228515625
5651.001953125
5600.43505859375
5551.23876953125
5500.388671875
5451.009765625
5401.0
5349.85595703125
5301.15869140625
5251.75830078125
5204.52099609375
5156.4814453125
