20000.0
20000.0
20000.0
20000.0
20000.0
20000.0
20000.0
20000.0
20000.0
20000.0
20000.0
20000.0
20000.0
20000.0
20000.0
20000.0
20000.0
20000.0
20000.0
20000.0
20000.0
20000.0
20000.0
20000.0
20000.0
20000.0
20000.0
20000.0
20000.0
20000.0
19999.998046875
20000.0
19999.998046875
20000.0
20000.0
20000.0
19999.8828125
20000.0
20000.0
20000.0
20000.0
20000.0
20000.0
19507.009765625
18876.765625
18313.822265625
17782.646484375
17296.40625
16862.22265625
16448.142578125
16073.5458984375
15705.822265625
15357.6513671875
15051.2822265625
14713.099609375
14382.32421875
14043.7763671875
13725.982421875
13413.1357421875
13118.412109375
12852.9814453125
12584.0517578125
12329.4677734375
12076.474609375
11838.6318359375
11635.541015625
11421.6015625
11222.3642578125
11026.41796875
10866.125
10709.744140625
10557.314453125
10412.048828125
10266.8427734375
10131.0419921875
9995.7607421875
9865.0751953125
9750.1650390625
9627.2958984375
9511.6826171875
9394.8828125
9282.76953125
9163.0751953125
9040.3896484375
8896.6865234375
8767.333984375
8653.7783203125
8542.2275390625
8434.2099609375
8336.5849609375
8219.3515625
8113.0029296875
8011.513671875
7913.3076171875
7807.5380859375
7701.64306640625
7603.69970703125
7507.98486328125
7419.15576171875
7334.91162109375
7248.58740234375
7168.8447265625
7080.95361328125
6999.31591796875
6917.62744140625
6841.27001953125
6765.6064453125
6692.10107421875
6622.75927734375
6550.7275390625
6480.4208984375
6408.45703125
6338.40087890625
6275.328125
6205.9560546875
6140.416015625
6073.30859375
6007.09228515625
5937.52099609375
5868.54052734375
5804.08935546875
5740.72607421875
5682.14111328125
5623.91162109375
