20000.0
20000.0
20000.0
20000.0
20000.0
20000.0
20000.0
20000.0
20000.0
20000.0
20000.0
20000.0
20000.0
20000.0
20000.0
20000.0
20000.0
20000.0
20000.0
20000.0
20000.0
20000.0
20000.0
20000.0
20000.0
19999.47265625
19997.70703125
20000.001953125
20000.0
20000.0
20000.0
19999.9921875
20000.0
20000.0
20000.0
20000.0
20000.0
20000.0
19999.8671875
20000.0
20000.0
20000.0
19999.98046875
20000.0
20000.0
20000.0
20000.0
20000.0
20000.0
20000.0
19794.80078125
19300.08203125
18573.2578125
17918.79296875
17426.517578125
16902.771484375
16394.291015625
15916.5283203125
15504.962890625
15113.3583984375
14763.4013671875
14466.630859375
14192.48046875
13945.060546875
13703.1201171875
13478.3408203125
13287.7236328125
13087.1962890625
12906.0048828125
12728.7734375
12566.8896484375
12406.75
12253.662109375
12113.4580078125
11970.76171875
11835.32421875
11698.7373046875
11568.1748046875
11455.9716796875
11335.4365234375
11221.3828125
11107.0361328125
10998.703125
10887.857421875
10777.978515625
10671.416015625
10561.8974609375
10457.0341796875
10350.3193359375
10246.58203125
10153.6259765625
10050.5869140625
9951.146484375
9846.7412109375
9743.8916015625
9631.623046875
9519.2587890625
9412.953125
9305.2822265625
9202.4404296875
9097.84375
8994.9521484375
8902.7626953125
8801.314453125
8707.6396484375
8617.0693359375
8526.3369140625
8426.6845703125
8319.595703125
8215.34375
8110.0244140625
8006.251953125
7900.544921875
7797.279296875
7705.18603515625
7603.86865234375
7511.05908203125
7418.22265625
7328.8623046875
7236.52734375
7144.71875
7056.2841796875
6966.10009765625
6882.91748046875
6797.6328125
