20000.0
20000.0
20000.0
20000.0
20000.0
20000.0
20000.0
20000.0
20000.0
20000.0
20000.0
20000.0
20000.0
20000.0
20000.0
20000.0
20000.0
20000.0
20000.0
20000.005859375
19999.033203125
20000.0
20000.0
19999.998046875
20000.0
20000.0
20000.0
20000.0
20000.0
20000.0
20000.0
20000.0
20000.0
20000.0
20000.0
19906.21875
19128.86328125
18388.943359375
17667.609375
16887.3984375
16230.328125
15686.166015625
15140.69921875
14666.423828125
14243.33203125
13886.9560546875
13568.9384765625
13281.0390625
13020.498046875
12768.291015625
12547.76953125
12333.2216796875
12127.4755859375
11945.9677734375
11749.4609375
11565.5966796875
11388.9599609375
11224.41796875
11059.400390625
10904.33203125
10762.7939453125
10624.9638671875
10497.76953125
10372.5458984375
10251.6064453125
10146.8876953125
10034.1396484375
9929.1884765625
9823.87109375
9723.9697265625
9624.00390625
9526.056640625
9431.517578125
9330.0654296875
9223.80078125
9109.798828125
8998.0498046875
8904.5244140625
8811.0068359375
8727.478515625
8639.189453125
8545.53515625
8380.9716796875
8219.2578125
8072.9599609375
7931.435546875
7802.1884765625
7674.75244140625
7551.0576171875
7441.90576171875
7325.8525390625
7218.33447265625
7111.69873046875
7007.8671875
6903.4306640625
6802.48974609375
6706.73095703125
6609.146484375
6515.4423828125
6420.09814453125
6325.85205078125
6242.708984375
6152.99267578125
6068.888671875
5985.328125
5906.55810546875
5826.2763671875
5746.666015625
5670.48046875
5592.53125
5518.10400390625
5442.041015625
5367.6181640625
5301.73828125
5221.359375
5141.470703125
5061.56689453125
4988.283203125
4915.83154296875
4847.15966796875
4784.88427734375
4721.95556640625
4659.666015625
4596.185546875
