20000.0
20000.0
20000.0
19999.98828125
20000.0
20000.0
20000.0
20000.0
20000.0
20000.0
20000.0
20000.0
20000.0
20000.0
20000.0
20000.0
20000.0
20000.0
20000.0
20000.0
20000.0
20000.0
20000.0
20000.0
20000.0
20000.0
20000.0
20000.0
20000.0
20000.0
19999.982421875
19999.998046875
20000.0
20000.0
19998.611328125
20000.0078125
19384.65234375
18854.298828125
18405.7421875
17991.001953125
17612.783203125
17293.3984375
16961.193359375
16663.9375
16383.654296875
16133.1025390625
15890.3798828125
15649.103515625
15419.40234375
15189.01171875
14962.9404296875
14716.0498046875
14473.6572265625
14265.134765625
14049.1318359375
13852.837890625
13659.4716796875
13475.7158203125
13289.0888671875
13105.9306640625
12935.064453125
12766.9033203125
12611.751953125
12458.6953125
12312.755859375
12186.4619140625
12035.3876953125
11877.873046875
11734.3515625
11603.787109375
11471.4228515625
11341.125
11218.037109375
11094.7001953125
10978.9716796875
10863.1455078125
10756.3203125
10664.4189453125
10556.3955078125
10454.044921875
10355.8310546875
10267.509765625
10180.37890625
10094.9296875
10013.2978515625
9930.05859375
9849.779296875
9766.4375
9685.1025390625
9614.416015625
9539.03515625
9468.04296875
9395.9931640625
9327.6162109375
9257.423828125
9185.91796875
9117.240234375
9048.8447265625
8984.78125
8920.7080078125
8852.22265625
8784.8115234375
8705.8466796875
8630.24609375
8556.005859375
8488.3046875
8422.083984375
8357.7265625
8295.30859375
8230.0703125
8167.228515625
8104.8681640625
8045.63671875
7994.724609375
7941.07373046875
7891.462890625
7842.21630859375
7795.455078125
7747.6455078125
7700.28369140625
7654.89794921875
7608.66259765625
7564.46533203125
7518.9033203125
