20000.0
20000.0
20000.0
19999.998046875
20000.0
20000.0
20000.0
20000.0
20000.0
20000.0
20000.0
20000.0
20000.0
20000.0
20000.0
20000.0
20000.0
20000.0
20000.0
20000.0
20000.0
20000.0
20000.0
20000.0
19999.8125
20000.0
19999.998046875
20000.0
20000.0
20000.0
19999.970703125
19672.03125
18997.05859375
18427.13671875
17931.9375
17497.732421875
17082.78125
16673.62109375
16309.3359375
15910.953125
15531.5595703125
15220.818359375
14907.6728515625
14609.8974609375
14314.615234375
14042.79296875
13762.2353515625
13433.4482421875
13136.875
12880.13671875
12651.97265625
12430.2705078125
12221.216796875
12042.4912109375
11855.2470703125
11683.412109375
11511.75
11349.8955078125
11189.36328125
11052.71484375
10932.953125
10817.78125
10714.50390625
10598.3037109375
10481.7392578125
10368.814453125
10236.40625
10118.2763671875
10009.5595703125
9917.6748046875
9830.783203125
9743.068359375
9650.041015625
9552.3408203125
9462.185546875
9374.5673828125
9291.5341796875
9218.212890625
9136.88671875
9059.0712890625
8979.765625
8904.599609375
8828.23046875
8754.2685546875
8685.9794921875
8619.955078125
8559.876953125
8499.3349609375
8437.826171875
8382.708984375
8322.865234375
8266.470703125
8209.916015625
8155.54150390625
8100.9169921875
8048.00830078125
7998.36767578125
7947.8759765625
7899.24609375
7848.8173828125
7797.7001953125
7751.15576171875
7699.36962890625
7649.53759765625
7598.73779296875
7550.54150390625
7500.9287109375
7450.6865234375
7401.51416015625
7350.5419921875
7301.28271484375
7250.60205078125
7200.20361328125
7155.009765625
7105.21923828125
7057.38330078125
7007.84814453125
6959.80859375
6910.5185546875
6860.9208984375
6812.12158203125
6760.85107421875
6710.62255859375
6658.306640625
