20000.0
20000.0
20000.0
20000.0
20000.0
20000.0
20000.0
20000.0
20000.0
20000.0
20000.0
20000.0
20000.0
20000.0
20000.0
20000.0
20000.0
20000.0
20000.0
20000.0
20000.001953125
20000.0
20000.0
20000.0
19999.99609375
19999.94921875
20000.0
19999.986328125
20000.0
19999.998046875
20000.0
20000.0
20000.0
20000.0
19999.998046875
19999.998046875
20000.0
19496.49609375
18779.103515625
17778.515625
16852.41015625
16029.033203125
15318.4677734375
14584.8095703125
14015.1220703125
13519.91015625
13106.7939453125
12740.16015625
12437.234375
12166.6982421875
11884.9443359375
11618.27734375
11357.1044921875
11116.8115234375
10918.525390625
10714.5107421875
10525.8671875
10341.3681640625
10172.6455078125
10008.3056640625
9848.9794921875
9701.314453125
9557.6455078125
9426.7041015625
9299.666015625
9179.8486328125
9076.8154296875
8969.00390625
8869.7265625
8772.189453125
8682.1044921875
8593.1572265625
8508.0869140625
8429.5107421875
8352.2001953125
8280.5859375
8209.6064453125
8141.5712890625
8082.45068359375
8019.71044921875
7961.490234375
7904.19921875
7853.7802734375
7802.74951171875
7751.86181640625
7703.95166015625
7656.14892578125
7611.5078125
7566.96240234375
7524.01611328125
7486.45458984375
7446.36376953125
7408.85986328125
7371.443359375
7336.3583984375
7301.40576171875
7267.49169921875
7235.6298828125
7204.20654296875
7174.78076171875
7145.2978515625
7116.5849609375
7091.24365234375
7063.89501953125
7038.2509765625
7012.75634765625
6988.90771484375
6964.62939453125
6941.08056640625
6917.62646484375
6893.3876953125
6870.419921875
6847.26318359375
6824.4111328125
6804.0029296875
6781.6025390625
6760.3505859375
6738.24267578125
6716.67138671875
6694.3427734375
6671.5927734375
6649.57177734375
6626.78466796875
6606.09375
6585.15625
