20000.0
20000.0
20000.0
20000.0
20000.0
20000.0
20000.0
20000.0
20000.0
20000.0
20000.0
20000.0
20000.0
20000.0
20000.0
20000.0
20000.0
20000.0
20000.0
20000.0
20000.00390625
20000.001953125
20000.0
20000.0
20000.0
20000.0
20000.0
20000.0
19495.10546875
18791.349609375
18101.4609375
17469.0546875
16881.451171875
16361.9609375
15856.2919921875
15397.85546875
14986.2880859375
14588.32421875
14222.923828125
13865.2939453125
13530.0068359375
13250.0205078125
12961.17578125
12702.20703125
12452.2275390625
12218.9912109375
11987.4970703125
11766.962890625
11563.9765625
11367.0341796875
11189.4072265625
11015.193359375
10859.017578125
10694.9169921875
10538.1728515625
10407.4423828125
10282.0244140625
10167.7861328125
10055.6875
9948.7392578125
9849.83203125
9754.34765625
9672.8828125
9591.82421875
9516.2021484375
9453.0927734375
9383.9365234375
9311.47265625
9239.2802734375
9174.990234375
9103.083984375
9030.72265625
8969.802734375
8913.4453125
8860.8876953125
8805.916015625
8750.1044921875
8696.494140625
8639.4775390625
8587.2646484375
8533.078125
8478.94140625
8415.6298828125
8354.703125
8293.8984375
8225.9736328125
8132.421875
8025.48681640625
7915.0244140625
7813.9833984375
7699.37646484375
7582.91357421875
7456.09423828125
7334.951171875
7212.9560546875
7092.64404296875
6977.99951171875
6863.375
6755.97265625
6649.89404296875
6548.14013671875
6459.1484375
6363.9619140625
6274.49755859375
6184.4599609375
6098.56201171875
6011.1591796875
5925.5693359375
5844.2763671875
5760.39404296875
5680.24365234375
5596.99072265625
5515.11279296875
5442.05712890625
5362.6689453125
5287.2646484375
5210.57958984375
5137.43359375
5062.47265625
4988.03564453125
4915.109375
4839.6806640625
4766.79052734375
4691.06640625
