20000.0
20000.0
20000.0
20000.0
20000.0
20000.0
20000.0
20000.0
20000.0
20000.0
20000.0
20000.0
20000.0
20000.0
20000.0
20000.0
20000.0
20000.0
20000.0
20000.0
20000.0
19999.955078125
20000.001953125
19999.875
20000.0
20000.0
20000.0
20000.0
20000.0
20000.009765625
20000.0
20000.0
20000.0
20000.0
20000.0
20000.0
20000.0
20000.0
19999.939453125
20000.0
20000.0
20000.0
19582.9140625
18683.173828125
17862.05078125
17074.779296875
16371.5869140625
15747.1611328125
15233.9345703125
14812.2431640625
14414.6572265625
14078.3466796875
13759.623046875
13457.7919921875
13193.46484375
12903.4091796875
12632.2431640625
12364.490234375
12117.0634765625
11874.376953125
11651.701171875
11442.8515625
11236.669921875
11050.025390625
10869.1201171875
10699.091796875
10554.171875
10402.2939453125
10262.1279296875
10126.1162109375
10001.3193359375
9879.47265625
9764.1904296875
9659.23828125
9556.8076171875
9461.484375
9367.265625
9276.7529296875
9197.7783203125
9111.736328125
9030.6943359375
8949.376953125
8873.1240234375
8796.8642578125
8723.1494140625
8653.80859375
8583.51171875
8517.26171875
8451.12890625
8387.2275390625
8331.02734375
8270.32421875
8214.759765625
8159.06787109375
8105.9267578125
8051.830078125
7998.55908203125
7947.7099609375
7896.65673828125
7849.0634765625
7800.97998046875
7754.3642578125
7711.96240234375
7665.75048828125
7620.9052734375
7573.97900390625
7510.89794921875
7433.1767578125
7357.19140625
7286.29931640625
7214.32958984375
7144.92919921875
7074.755859375
7006.51318359375
6946.7958984375
6882.6474609375
6822.47265625
6762.35107421875
6706.16796875
6649.90283203125
6595.37744140625
6544.05224609375
6492.37255859375
6443.71240234375
6394.89794921875
