20000.0
20000.0
20000.0
20000.0
20000.0
20000.0
20000.0
20000.0
20000.0
20000.0
20000.0
20000.0
20000.0
20000.0
20000.0
20000.0
20000.0
20000.0
19999.931640625
20000.0
20000.0
19999.998046875
20000.0
19999.896484375
20000.0
20000.0
19999.99609375
19999.9765625
20000.0
20000.0
20000.009765625
20000.001953125
20000.0
20000.0
20000.0
20000.0
19999.998046875
20000.0
20000.0
20000.0
19999.994140625
20000.0
19999.978515625
19012.736328125
17998.353515625
17040.341796875
16116.16796875
15380.6845703125
14843.6064453125
14392.8828125
14016.0263671875
13645.7041015625
13292.1171875
12976.2880859375
12637.478515625
12324.0341796875
12019.5595703125
11751.447265625
11497.9912109375
11268.5625
11060.224609375
10856.8125
10671.0009765625
10486.869140625
10309.8486328125
10157.9501953125
9999.6328125
9855.1904296875
9713.810546875
9583.5244140625
9455.7255859375
9334.1435546875
9222.0283203125
9111.5625
9009.4248046875
8908.8369140625
8811.744140625
8727.6806640625
8638.5029296875
8558.4130859375
8479.67578125
8404.900390625
8329.6611328125
8256.6806640625
8188.46923828125
8120.2880859375
8056.51220703125
7993.15478515625
7932.134765625
7878.61376953125
7821.22509765625
7767.5341796875
7712.8916015625
7661.9658203125
7611.4033203125
7563.29345703125
7517.404296875
7471.29052734375
7428.22802734375
7385.32373046875
7343.9306640625
7307.75146484375
7269.14111328125
7233.06103515625
7197.11669921875
7163.5224609375
7129.8193359375
7096.97802734375
7066.12548828125
7035.3125
7006.43505859375
6977.44970703125
6949.06689453125
6924.2890625
6898.546875
6874.580078125
6850.47900390625
6827.57080078125
6804.40625
6781.63525390625
6759.8642578125
6738.05322265625
6717.265625
6695.92333984375
