20000.0
20000.0
19999.99609375
20000.0
20000.0
20000.0
20000.0
20000.0
20000.0
20000.0
20000.0
20000.0
20000.0
20000.0
20000.0
20000.0
20000.0
20000.0
20000.0
20000.0
20000.0
20000.0
20000.0
20000.0
20000.0
20000.0
20000.0
20000.0
20000.0
19999.998046875
20000.0
20000.005859375
20000.0
20000.0
20000.0
20000.0
19999.99609375
19999.998046875
19999.99609375
20000.0
19867.798828125
19397.166015625
18919.6171875
18494.623046875
18086.693359375
17702.662109375
17302.81640625
16895.4921875
16477.923828125
16049.8740234375
15640.666015625
15228.626953125
14817.9921875
14452.5947265625
14062.3173828125
13704.7021484375
13351.572265625
13024.3017578125
12705.970703125
12406.056640625
12129.8193359375
11830.193359375
11561.7841796875
11305.57421875
11064.3603515625
10856.72265625
10673.55859375
10507.697265625
10336.619140625
10173.96875
10016.09375
9862.134765625
9713.7939453125
9563.890625
9425.1171875
9288.478515625
9157.36328125
9042.73828125
8919.5615234375
8802.935546875
8682.5947265625
8569.98046875
8457.896484375
8349.25390625
8246.1787109375
8140.97216796875
8040.10986328125
7937.6533203125
7837.2216796875
7748.126953125
7651.4365234375
7539.15576171875
7424.29931640625
7326.794921875
7231.95166015625
7140.41650390625
7054.5634765625
6966.79345703125
6885.28662109375
6803.52783203125
6725.31298828125
6659.2783203125
6590.08251953125
6525.11669921875
6459.79443359375
6390.2900390625
6313.77685546875
6238.85693359375
6165.23486328125
6082.751953125
6006.05517578125
5934.12451171875
5869.88232421875
5816.61181640625
5761.689453125
5709.73583984375
5652.59716796875
5596.86279296875
5539.90380859375
5483.05517578125
5428.74462890625
5374.19873046875
5323.474609375
5274.64697265625
